0.251 2.077063 3.313869
0.252 2.128244 3.326108
0.253 2.178921 3.335071
0.254 2.232491 3.347562
0.255 2.280848 3.355421
0.256 2.334329 3.363641
0.257 2.388834 3.372139
0.258 2.444708 3.380445
0.259 2.502635 3.388025
0.260 2.566602 3.394187
0.261 2.627329 3.394239
0.262 2.695136 3.392222
0.263 2.763584 3.381486
0.264 2.836827 3.368522
0.265 2.904826 3.346768
0.266 2.970218 3.319697
0.267 3.037855 3.288420
0.268 3.097160 3.248766
0.269 3.156143 3.206852
0.270 3.208456 3.163742
0.271 3.254674 3.114515
0.272 3.298796 3.065662
0.273 3.334522 3.017616
0.274 3.366308 2.965734
0.275 3.394735 2.914195
0.276 3.420084 2.867237
0.277 3.443232 2.818099
0.278 3.459171 2.768882
0.279 3.473698 2.720704
0.280 3.488222 2.678426
0.281 3.497160 2.632780
0.282 3.505696 2.589108
0.283 3.513802 2.547830
0.284 3.516641 2.508725
0.285 3.519515 2.471164
0.286 3.522892 2.434651
0.287 3.522096 2.395821
0.288 3.521432 2.362317
0.289 3.520846 2.328685
0.290 3.515225 2.295366
0.291 3.509935 2.267482
0.292 3.505885 2.236402
0.293 3.502834 2.208964
0.294 3.494599 2.180618
0.295 3.486582 2.156318
0.296 3.478779 2.132534
0.297 3.471234 2.109337
0.298 3.464024 2.089282
0.299 3.452115 2.070150
0.300 3.444845 2.052039
0.301 3.432859 2.032524
0.302 3.426269 2.015973
0.303 3.415106 1.998977
0.304 3.408573 1.986699
0.305 3.398313 1.970763
0.306 3.387757 1.959759
0.307 3.378238 1.949057
0.308 3.372036 1.938597
0.309 3.362699 1.928374
0.310 3.354934 1.918355
0.311 3.346967 1.908520
0.312 3.338114 1.898878
0.313 3.329217 1.894425
0.314 3.321471 1.885548
0.315 3.316030 1.881805
0.316 3.308797 1.872973
0.317 3.302529 1.869380
0.318 3.295509 1.864987
0.319 3.290686 1.859313
0.320 3.284324 1.854558
0.321 3.279727 1.853305
0.322 3.273780 1.848686
0.323 3.269201 1.847713
0.324 3.263658 1.843200
0.325 3.259376 1.842421
0.326 3.254101 1.842446
0.327 3.252153 1.837395
0.328 3.245966 1.837613
0.329 3.243180 1.837954
0.330 3.241562 1.838333
0.331 3.240002 1.838735
0.332 3.234066 1.834718
0.333 3.231745 1.834267
0.334 3.230448 1.834817
0.335 3.229215 1.835404
0.336 3.228073 1.836048
0.337 3.227009 1.836735
0.338 3.225996 1.837449
0.339 3.225030 1.838192
0.340 3.224180 1.839015
0.341 3.223379 1.839870
0.342 3.222621 1.843013
0.343 3.221917 1.847083
0.344 3.221304 1.848060
0.345 3.220733 1.849067
0.346 3.220201 1.850102
0.347 3.222948 1.851233
0.348 3.224823 1.853197
0.349 3.224481 1.858992
0.350 3.224675 1.860206
0.351 3.229168 1.861487
0.352 3.229254 1.862809
0.353 3.229142 1.865043
0.354 3.231848 1.871005
0.355 3.234557 1.872448
0.356 3.236276 1.873912
0.357 3.240177 1.879115
0.358 3.241493 1.882438
0.359 3.245999 1.884040
0.360 3.246596 1.885938
0.361 3.252161 1.892817
0.362 3.252599 1.894550
0.363 3.257815 1.897170
0.364 3.261407 1.903452
0.365 3.265136 1.905410
0.366 3.266635 1.908115
0.367 3.272009 1.914654
0.368 3.277057 1.916628
0.369 3.280717 1.920207
0.370 3.285533 1.926099
0.371 3.291211 1.928788
0.372 3.295050 1.935482
0.373 3.303330 1.937843
0.374 3.306750 1.945151
0.375 3.312968 1.947641
0.376 3.318299 1.953770
0.377 3.327019 1.957892
0.378 3.333640 1.965293
0.379 3.339193 1.967654
0.380 3.348096 1.975403
0.381 3.354871 1.979966
0.382 3.360614 1.985620
0.383 3.369717 1.993249
0.384 3.378859 1.998183
0.385 3.391800 2.003910
0.386 3.402744 2.011174
0.387 3.412064 2.016446
0.388 3.424905 2.022425
0.389 3.437126 2.029403
0.390 3.452661 2.034530
0.391 3.466334 2.041185
0.392 3.480600 2.043911
0.393 3.497361 2.046658
0.394 3.514138 2.049421
0.395 3.531073 2.048138
0.396 3.552575 2.048561
0.397 3.570311 2.045229
0.398 3.587174 2.041202
0.399 3.599404 2.037244
0.400 3.614549 2.028392
0.401 3.627965 2.024148
0.402 3.641071 2.016703
0.403 3.651244 2.011148
0.404 3.656927 2.002768
0.405 3.664118 1.999137
0.406 3.668702 1.991802
0.407 3.677597 1.988074
0.408 3.681935 1.989550
0.409 3.686588 1.987072
0.410 3.691383 1.989259
0.411 3.696415 1.993421
0.412 3.702163 1.997796
0.413 3.708287 2.002525
0.414 3.719249 2.011679
0.415 3.728108 2.017888
0.416 3.741551 2.028412
0.417 3.751838 2.039384
0.418 3.769616 2.049080
0.419 3.787071 2.054878
0.420 3.809424 2.065026
0.421 3.832124 2.074733
0.422 3.855483 2.083974
0.423 3.884763 2.091411
0.424 3.914912 2.095905
0.425 3.945174 2.100654
0.426 3.979200 2.100895
0.427 4.012843 2.099261
0.428 4.046436 2.094001
0.429 4.079902 2.088032
0.430 4.113057 2.080953
0.431 4.145992 2.071496
0.432 4.178819 2.059495
0.433 4.211560 2.046985
0.434 4.241660 2.030890
0.435 4.272919 2.013342
0.436 4.305055 1.994897
0.437 4.336274 1.975278
0.438 4.366609 1.952895
0.439 4.396120 1.926975
0.440 4.423206 1.899360
0.441 4.449345 1.870059
0.442 4.474927 1.838903
0.443 4.499011 1.806315
0.444 4.518700 1.771674
0.445 4.538173 1.735968
0.446 4.554979 1.699352
0.447 4.567414 1.662028
0.448 4.577428 1.624481
0.449 4.585979 1.586632
0.450 4.590210 1.549190
0.451 4.591668 1.515747
0.452 4.591987 1.480307
0.453 4.589182 1.446901
0.454 4.586211 1.416314
0.455 4.580973 1.386077
0.456 4.573995 1.356088
0.457 4.566691 1.327046
0.458 4.561133 1.299179
0.459 4.555080 1.274203
0.460 4.546580 1.248830
0.461 4.537700 1.225401
0.462 4.528738 1.204341
0.463 4.519618 1.183626
0.464 4.508224 1.163788
0.465 4.496107 1.144246
0.466 4.486751 1.124825
0.467 4.477530 1.108044
0.468 4.468294 1.092937
0.469 4.459072 1.076134
0.470 4.449873 1.062289
0.471 4.440684 1.046031
0.472 4.431510 1.032176
0.473 4.422359 1.017224
0.474 4.413245 1.004422
0.475 4.404180 0.993000
0.476 4.395143 0.981013
0.477 4.386134 0.969365
0.478 4.377167 0.958007
0.479 4.368521 0.947420
0.480 4.362426 0.936993
0.481 4.355959 0.926721
0.482 4.347181 0.916902
0.483 4.338462 0.907582
0.484 4.329768 0.898302
0.485 4.321124 0.889350
0.486 4.314336 0.880893
0.487 4.308576 0.872613
0.488 4.300966 0.864383
0.489 4.292532 0.856285
0.490 4.284765 0.848455
0.491 4.280041 0.841026
0.492 4.273002 0.833765
0.493 4.264777 0.826619
0.494 4.259793 0.819664
0.495 4.253675 0.812757
0.496 4.245887 0.806131
0.497 4.239832 0.799634
0.498 4.234811 0.793243
0.499 4.228612 0.787118
0.500 4.224230 0.781082
0.501 4.217230 0.775150
0.502 4.209514 0.769352
0.503 4.205549 0.763579
0.504 4.199443 0.758152
0.505 4.194837 0.752693
0.506 4.189427 0.747421
0.507 4.184439 0.742138
0.508 4.179439 0.736876
0.509 4.174272 0.731857
0.510 4.169518 0.727007
0.511 4.164450 0.722192
0.512 4.159583 0.717400
0.513 4.154894 0.712652
0.514 4.149634 0.707977
0.515 4.145711 0.703361
0.516 4.139665 0.698751
0.517 4.136808 0.694169
0.518 4.129765 0.689656
0.519 4.127384 0.685675
0.520 4.125124 0.681308
0.521 4.119518 0.676889
0.522 4.115591 0.672813
0.523 4.110832 0.668713
0.524 4.106286 0.664654
0.525 4.102077 0.660776
0.526 4.097209 0.656911
0.527 4.093809 0.652900
0.528 4.091629 0.649052
0.529 4.086862 0.645371
0.530 4.082731 0.641708
0.531 4.080326 0.637909
0.532 4.076848 0.634105
0.533 4.072543 0.630439
0.534 4.069086 0.626899
0.535 4.066743 0.623382
0.536 4.062776 0.619905
0.537 4.058300 0.616474
0.538 4.054444 0.613043
0.539 4.050108 0.609626
0.540 4.047055 0.606247
0.541 4.044594 0.602972
0.542 4.040826 0.599847
0.543 4.036288 0.596806
0.544 4.034507 0.593508
0.545 4.031323 0.590251
0.546 4.027261 0.587025
0.547 4.023925 0.583889
0.548 4.022223 0.580885
0.549 4.020532 0.577957
0.550 4.016974 0.574817
0.551 4.012987 0.571848
0.552 4.010175 0.568960
0.553 4.007907 0.566025
0.554 4.004108 0.562949
0.555 4.000329 0.560135
0.556 3.998350 0.557325
0.557 3.995374 0.554542
0.558 3.991527 0.551763
0.559 3.988252 0.548958
0.560 3.986738 0.546287
0.561 3.985236 0.543536
0.562 3.982160 0.540845
0.563 3.978049 0.538190
0.564 3.975389 0.535405
0.565 3.973878 0.532876
0.566 3.972430 0.530199
0.567 3.969575 0.527555
0.568 3.964585 0.525107
0.569 3.962781 0.522728
0.570 3.961226 0.520065
0.571 3.957967 0.517511
0.572 3.953102 0.515188
0.573 3.951723 0.512815
0.574 3.950355 0.510219
0.575 3.948471 0.507755
0.576 3.945767 0.505497
0.577 3.941523 0.503254
0.578 3.939619 0.500878
0.579 3.938307 0.498447
0.580 3.936788 0.496016
0.581 3.933221 0.493828
0.582 3.930104 0.491653
0.583 3.927763 0.489483
0.584 3.926496 0.487315
0.585 3.925245 0.484840
0.586 3.921832 0.482538
0.587 3.917745 0.480369
0.588 3.916237 0.478263
0.589 3.914985 0.476160
0.590 3.913791 0.474062
0.591 3.912585 0.471974
0.592 3.910216 0.469918
0.593 3.907007 0.467871
0.594 3.903710 0.465831
0.595 3.902559 0.463793
0.596 3.901416 0.461766
0.597 3.899383 0.459751
0.598 3.895417 0.457755
0.599 3.893154 0.455773
0.600 3.891523 0.453794
0.601 3.890416 0.451817
0.602 3.888889 0.449852
0.603 3.885956 0.447901
0.604 3.881770 0.445964
0.605 3.880727 0.444039
0.606 3.879683 0.442115
0.607 3.878641 0.440194
0.608 3.877609 0.438284
0.609 3.874929 0.436390
0.610 3.871226 0.434507
0.611 3.869474 0.432636
0.612 3.868154 0.430783
0.613 3.867105 0.428961
0.614 3.865288 0.427432
0.615 3.862469 0.425740
0.616 3.858807 0.423908
0.617 3.857857 0.422088
0.618 3.856906 0.420269
0.619 3.855956 0.418451
0.620 3.855018 0.416925
0.621 3.852793 0.415334
0.622 3.848406 0.413595
0.623 3.846852 0.411827
0.624 3.845950 0.410084
0.625 3.845049 0.408442
0.626 3.844155 0.406863
0.627 3.843055 0.405301
0.628 3.839677 0.403562
0.629 3.837096 0.401982
0.630 3.835339 0.400565
0.631 3.834380 0.398897
0.632 3.833237 0.397222
0.633 3.831383 0.395607
0.634 3.828655 0.394094
0.635 3.825588 0.392621
0.636 3.824771 0.390934
0.637 3.823955 0.389369
0.638 3.823140 0.387980
0.639 3.822083 0.386425
0.640 3.820651 0.384847
0.641 3.816926 0.383484
0.642 3.814552 0.382068
0.643 3.813781 0.380589
0.644 3.813010 0.379101
0.645 3.812240 0.377629
0.646 3.811479 0.376303
0.647 3.809352 0.374882
0.648 3.805406 0.373335
0.649 3.803821 0.371933
0.650 3.803084 0.370582
0.651 3.802348 0.369178
0.652 3.801616 0.367748
0.653 3.800893 0.366264
0.654 3.798299 0.364909
0.655 3.794462 0.363640
0.656 3.793362 0.362202
0.657 3.792668 0.360775
0.658 3.791975 0.359589
0.659 3.790274 0.358306
0.660 3.786954 0.356866
0.661 3.785015 0.355549
0.662 3.783900 0.354307
0.663 3.783175 0.352903
0.664 3.782514 0.351496
0.665 3.781853 0.350340
0.666 3.780393 0.349106
0.667 3.777040 0.347688
0.668 3.774896 0.346395
0.669 3.773954 0.345228
0.670 3.773235 0.344086
0.671 3.772614 0.342956
0.672 3.771993 0.341639
0.673 3.771206 0.340305
0.674 3.767640 0.339102
0.675 3.764732 0.337919
0.676 3.764136 0.336810
0.677 3.763542 0.335703
0.678 3.762951 0.334598
0.679 3.762361 0.333362
0.680 3.761770 0.332006
0.681 3.759292 0.330797
0.682 3.755823 0.329665
0.683 3.754626 0.328570
0.684 3.754067 0.327485
0.685 3.753513 0.326404
0.686 3.752961 0.325324
0.687 3.752142 0.324245
0.688 3.751114 0.323167
0.689 3.748010 0.322096
0.690 3.745353 0.321027
0.691 3.744824 0.319966
0.692 3.744296 0.318837
0.693 3.743772 0.317501
0.694 3.742921 0.316252
0.695 3.741329 0.315197
0.696 3.739515 0.314144
0.697 3.737297 0.313097
0.698 3.735759 0.312058
0.699 3.735259 0.311034
0.700 3.734760 0.310114
0.701 3.734263 0.309337
0.702 3.732876 0.308446
0.703 3.730356 0.307412
0.704 3.728436 0.306381
0.705 3.727262 0.305354
0.706 3.726399 0.304330
0.707 3.725932 0.303311
0.708 3.725468 0.302294
0.709 3.725006 0.301278
0.710 3.723499 0.300264
0.711 3.720381 0.299250
0.712 3.718204 0.298290
0.713 3.717752 0.297427
0.714 3.717304 0.296559
0.715 3.716865 0.295679
0.716 3.716241 0.294771
0.717 3.715020 0.293775
0.718 3.713634 0.292807
0.719 3.711383 0.291991
0.720 3.709263 0.291168
0.721 3.708838 0.290261
0.722 3.708412 0.289354
0.723 3.707997 0.288375
0.724 3.707583 0.287394
0.725 3.705276 0.286605
0.726 3.702659 0.285848
0.727 3.701409 0.284956
0.728 3.700657 0.284014
0.729 3.700114 0.283157
0.730 3.699713 0.282357
0.731 3.699218 0.281531
0.732 3.698604 0.280671
0.733 3.697413 0.279846
0.734 3.694757 0.279112
0.735 3.692344 0.278355
0.736 3.691958 0.277396
0.737 3.691572 0.276437
0.738 3.691195 0.275709
0.739 3.690819 0.275003
0.740 3.689061 0.274262
0.741 3.686757 0.273509
0.742 3.685171 0.272714
0.743 3.684303 0.271876
0.744 3.683572 0.271061
0.745 3.683209 0.270305
0.746 3.682838 0.269551
0.747 3.682190 0.268884
0.748 3.681542 0.268217
0.749 3.679506 0.267507
0.750 3.677066 0.266785
0.751 3.675690 0.266079
0.752 3.675349 0.265388
0.753 3.675010 0.264671
0.754 3.674670 0.263862
0.755 3.674331 0.263053
0.756 3.671890 0.262459
0.757 3.669283 0.261882
0.758 3.668040 0.261164
0.759 3.667650 0.260358
0.760 3.667281 0.259620
0.761 3.666963 0.259050
0.762 3.666645 0.258479
0.763 3.666327 0.257818
0.764 3.666010 0.257153
0.765 3.664461 0.256467
0.766 3.662081 0.255767
0.767 3.660128 0.255098
0.768 3.659612 0.254536
0.769 3.659095 0.253974
0.770 3.658765 0.253413
0.771 3.658468 0.252853
0.772 3.657755 0.252251
0.773 3.656529 0.251599
0.774 3.655291 0.250945
0.775 3.653691 0.250259
0.776 3.652091 0.249573
0.777 3.651288 0.248968
0.778 3.651004 0.248417
0.779 3.650719 0.247866
0.780 3.650436 0.247316
0.781 3.650153 0.246767
0.782 3.648328 0.246218
0.783 3.645854 0.245669
0.784 3.643887 0.245121
0.785 3.643616 0.244576
0.786 3.643345 0.244031
0.787 3.643083 0.243488
0.788 3.642823 0.242946
0.789 3.642497 0.242405
0.790 3.641951 0.241864
0.791 3.641405 0.241324
0.792 3.639750 0.240784
0.793 3.637645 0.240244
0.794 3.635862 0.239715
0.795 3.635615 0.239232
0.796 3.635367 0.238749
0.797 3.635125 0.238333
0.798 3.634885 0.237958
0.799 3.634607 0.237575
0.800 3.633548 0.237044
0.801 3.632488 0.236512
0.802 3.631225 0.235981
0.803 3.629723 0.235450
0.804 3.628221 0.234920
0.805 3.627805 0.234569
0.806 3.627574 0.234249
0.807 3.627343 0.233881
0.808 3.627117 0.233358
0.809 3.626890 0.232834
0.810 3.625755 0.232402
0.811 3.624002 0.232033
0.812 3.622249 0.231663
0.813 3.621452 0.231199
0.814 3.620717 0.230729
0.815 3.620119 0.230297
0.816 3.619903 0.229974
0.817 3.619687 0.229650
0.818 3.619474 0.229220
0.819 3.619265 0.228712
0.820 3.619056 0.228204
0.821 3.618183 0.227673
0.822 3.617207 0.227140
0.823 3.616247 0.226611
0.824 3.615393 0.226112
0.825 3.614538 0.225613
0.826 3.613811 0.225174
0.827 3.613279 0.224826
0.828 3.612747 0.224479
0.829 3.612244 0.224244
0.830 3.611758 0.224075
0.831 3.611271 0.223906
0.832 3.610771 0.223495
0.833 3.610268 0.223041
0.834 3.609765 0.222590
0.835 3.609265 0.222233
0.836 3.608765 0.221876
0.837 3.608278 0.221485
0.838 3.607831 0.220976
0.839 3.607384 0.220468
0.840 3.606941 0.219960
0.841 3.606506 0.219452
0.842 3.606071 0.218944
0.843 3.605630 0.218484
0.844 3.605184 0.218067
0.845 3.604737 0.217650
0.846 3.604293 0.217292
0.847 3.603850 0.216965
0.848 3.603407 0.216639
0.849 3.602990 0.216317
0.850 3.602582 0.215996
0.851 3.602173 0.215676
0.852 3.601738 0.215150
0.853 3.601298 0.214584
0.854 3.600857 0.214018
0.855 3.600467 0.213656
0.856 3.600082 0.213318
0.857 3.599698 0.212980
0.858 3.599328 0.212672
0.859 3.598958 0.212367
0.860 3.598589 0.212061
0.861 3.598196 0.211583
0.862 3.597803 0.211098
0.863 3.597409 0.210613
0.864 3.597026 0.210131
0.865 3.596643 0.209649
0.866 3.596261 0.209168
0.867 3.595883 0.208675
0.868 3.595505 0.208182
0.869 3.595127 0.207689
0.870 3.594744 0.207203
0.871 3.594361 0.206717
0.872 3.593977 0.206232
0.873 3.593612 0.205777
0.874 3.593250 0.205329
0.875 3.592888 0.204880
0.876 3.592541 0.204493
0.877 3.592198 0.204127
0.878 3.591854 0.203760
0.879 3.591511 0.203418
0.880 3.591167 0.203090
0.881 3.590823 0.202761
0.882 3.590492 0.202361
0.883 3.590174 0.201893
0.884 3.589855 0.201425
0.885 3.589532 0.200952
0.886 3.589203 0.200469
0.887 3.588874 0.199986
0.888 3.588541 0.199473
0.889 3.588196 0.198832
0.890 3.587851 0.198191
0.891 3.587506 0.197550
0.892 3.587186 0.197003
0.893 3.586866 0.196455
0.894 3.586546 0.195908
0.895 3.586213 0.195491
0.896 3.585878 0.195113
0.897 3.585542 0.194734
0.898 3.585218 0.194386
0.899 3.584904 0.194065
0.900 3.584590 0.193744
0.901 3.584280 0.193384
0.902 3.583982 0.192917
0.903 3.583684 0.192451
0.904 3.583386 0.191984
0.905 3.583093 0.191511
0.906 3.582801 0.191038
0.907 3.582509 0.190565
0.908 3.582232 0.190110
0.909 3.581963 0.189664
0.910 3.581694 0.189218
0.911 3.581421 0.188760
0.912 3.581142 0.188276
0.913 3.580863 0.187793
0.914 3.580584 0.187309
0.915 3.580304 0.186932
0.916 3.580024 0.186559
0.917 3.579744 0.186187
0.918 3.579464 0.185810
0.919 3.579185 0.185430
0.920 3.578906 0.185051
0.921 3.578626 0.184665
0.922 3.578341 0.184247
0.923 3.578056 0.183828
0.924 3.577772 0.183410
0.925 3.577509 0.182995
0.926 3.577255 0.182581
0.927 3.577001 0.182168
0.928 3.576747 0.181747
0.929 3.576490 0.181303
0.930 3.576233 0.180860
0.931 3.575976 0.180416
0.932 3.575714 0.179977
0.933 3.575452 0.179540
0.934 3.575190 0.179102
0.935 3.574931 0.178700
0.936 3.574682 0.178405
0.937 3.574433 0.178110
0.938 3.574185 0.177815
0.939 3.573937 0.177526
0.940 3.573689 0.177240
0.941 3.573441 0.176955
0.942 3.573198 0.176671
0.943 3.572988 0.176405
0.944 3.572779 0.176139
0.945 3.572569 0.175873
0.946 3.572354 0.175585
0.947 3.572134 0.175277
0.948 3.571914 0.174970
0.949 3.571694 0.174662
0.950 3.571488 0.174380
0.951 3.571283 0.174100
0.952 3.571078 0.173820
0.953 3.570871 0.173540
0.954 3.570656 0.173260
0.955 3.570441 0.172980
0.956 3.570226 0.172700
0.957 3.570015 0.172431
0.958 3.569807 0.172170
0.959 3.569598 0.171909
0.960 3.569390 0.171648
0.961 3.569189 0.171450
0.962 3.568989 0.171262
0.963 3.568789 0.171075
0.964 3.568588 0.170864
0.965 3.568384 0.170487
0.966 3.568180 0.170109
0.967 3.567976 0.169732
0.968 3.567774 0.169396
0.969 3.567576 0.169137
0.970 3.567378 0.168878
0.971 3.567179 0.168619
0.972 3.566990 0.168394
0.973 3.566808 0.168195
0.974 3.566625 0.167996
0.975 3.566443 0.167797
0.976 3.566273 0.167524
0.977 3.566108 0.167223
0.978 3.565943 0.166921
0.979 3.565778 0.166619
0.980 3.565596 0.166326
0.981 3.565412 0.166033
0.982 3.565228 0.165741
0.983 3.565043 0.165449
0.984 3.564866 0.165195
0.985 3.564688 0.164942
0.986 3.564511 0.164690
0.987 3.564334 0.164429
0.988 3.564166 0.164045
0.989 3.563998 0.163661
0.990 3.563830 0.163277
0.991 3.563663 0.162902
0.992 3.563500 0.162608
0.993 3.563337 0.162313
0.994 3.563174 0.162018
0.995 3.563011 0.161739
0.996 3.562852 0.161573
0.997 3.562693 0.161406
0.998 3.562534 0.161240
0.999 3.562377 0.161066
1.000 3.562237 0.160824
1.001 3.562097 0.160582
1.002 3.561956 0.160340
1.003 3.561817 0.160093
1.004 3.561688 0.159779
1.005 3.561559 0.159464
1.006 3.561430 0.159149
1.007 3.561301 0.158835
1.008 3.561176 0.158555
1.009 3.561052 0.158277
1.010 3.560927 0.157999
1.011 3.560802 0.157721
1.012 3.560680 0.157436
1.013 3.560559 0.157149
1.014 3.560437 0.156863
1.015 3.560315 0.156577
1.016 3.560210 0.156317
1.017 3.560112 0.156068
1.018 3.560014 0.155818
1.019 3.559916 0.155569
1.020 3.559824 0.155308
1.021 3.559738 0.155037
1.022 3.559652 0.154767
1.023 3.559566 0.154496
1.024 3.559481 0.154213
1.025 3.559399 0.153902
1.026 3.559317 0.153592
1.027 3.559234 0.153282
1.028 3.559152 0.152965
1.029 3.559073 0.152558
1.030 3.558995 0.152151
1.031 3.558916 0.151745
1.032 3.558837 0.151338
1.033 3.558770 0.150999
1.034 3.558707 0.150681
1.035 3.558644 0.150363
1.036 3.558581 0.150045
1.037 3.558522 0.149738
1.038 3.558468 0.149446
1.039 3.558414 0.149153
1.040 3.558360 0.148861
1.041 3.558306 0.148560
1.042 3.558255 0.148179
1.043 3.558204 0.147798
1.044 3.558153 0.147418
1.045 3.558102 0.147037
1.046 3.558053 0.146604
1.047 3.558005 0.146149
1.048 3.557957 0.145694
1.049 3.557910 0.145239
1.050 3.557863 0.144790
1.051 3.557820 0.144358
1.052 3.557777 0.143926
1.053 3.557733 0.143494
1.054 3.557690 0.143062
1.055 3.557650 0.142725
1.056 3.557611 0.142414
1.057 3.557572 0.142102
1.058 3.557533 0.141791
1.059 3.557495 0.141466
1.060 3.557459 0.141107
1.061 3.557423 0.140749
1.062 3.557387 0.140390
1.063 3.557351 0.140031
1.064 3.557317 0.139657
1.065 3.557284 0.139277
1.066 3.557252 0.138898
1.067 3.557219 0.138518
1.068 3.557184 0.138114
1.069 3.557134 0.137561
1.070 3.557084 0.137008
1.071 3.557034 0.136454
1.072 3.556984 0.135901
1.073 3.556932 0.135374
1.074 3.556878 0.134872
1.075 3.556824 0.134371
1.076 3.556769 0.133869
1.077 3.556715 0.133367
1.078 3.556663 0.132816
1.079 3.556612 0.132256
1.080 3.556560 0.131696
1.081 3.556509 0.131136
1.082 3.556458 0.130581
1.083 3.556411 0.130061
1.084 3.556363 0.129541
1.085 3.556316 0.129021
1.086 3.556269 0.128501
1.087 3.556202 0.127967
1.088 3.556106 0.127411
1.089 3.556009 0.126855
1.090 3.555913 0.126299
1.091 3.555817 0.125743
1.092 3.555711 0.125213
1.093 3.555598 0.124701
1.094 3.555486 0.124189
1.095 3.555373 0.123677
1.096 3.555261 0.123165
1.097 3.555151 0.122667
1.098 3.555042 0.122174
1.099 3.554932 0.121680
1.100 3.554823 0.121187
1.101 3.554714 0.120694
1.102 3.554609 0.120111
1.103 3.554504 0.119517
1.104 3.554400 0.118922
1.105 3.554295 0.118328
1.106 3.554191 0.117734
1.107 3.554039 0.117227
1.108 3.553885 0.116725
1.109 3.553731 0.116223
1.110 3.553577 0.115721
1.111 3.553423 0.115218
1.112 3.553254 0.114643
1.113 3.553086 0.114067
1.114 3.552917 0.113491
1.115 3.552749 0.112915
1.116 3.552580 0.112339
1.117 3.552417 0.111879
1.118 3.552253 0.111421
1.119 3.552090 0.110963
1.120 3.551927 0.110505
1.121 3.551763 0.110048
1.122 3.551606 0.109522
1.123 3.551448 0.108992
1.124 3.551291 0.108462
1.125 3.551134 0.107931
1.126 3.550977 0.107401
1.127 3.550807 0.106897
1.128 3.550634 0.106398
1.129 3.550461 0.105899
1.130 3.550288 0.105401
1.131 3.550115 0.104902
1.132 3.549942 0.104454
1.133 3.549769 0.104031
1.134 3.549596 0.103607
1.135 3.549423 0.103183
1.136 3.549250 0.102759
1.137 3.549081 0.102295
1.138 3.548916 0.101787
1.139 3.548751 0.101279
1.140 3.548586 0.100772
1.141 3.548421 0.100264
1.142 3.548259 0.099769
1.143 3.548104 0.099316
1.144 3.547949 0.098862
1.145 3.547794 0.098409
1.146 3.547639 0.097956
1.147 3.547484 0.097502
1.148 3.547366 0.096942
1.149 3.547250 0.096375
1.150 3.547134 0.095808
1.151 3.547018 0.095241
1.152 3.546902 0.094674
1.153 3.546800 0.094150
1.154 3.546706 0.093655
1.155 3.546612 0.093159
1.156 3.546519 0.092663
1.157 3.546425 0.092167
1.158 3.546335 0.091686
1.159 3.546258 0.091258
1.160 3.546181 0.090830
1.161 3.546104 0.090401
1.162 3.546027 0.089973
1.163 3.545951 0.089545
1.164 3.545889 0.089107
1.165 3.545833 0.088666
1.166 3.545777 0.088225
1.167 3.545720 0.087783
1.168 3.545664 0.087342
1.169 3.545654 0.086884
1.170 3.545762 0.086380
1.171 3.545871 0.085876
1.172 3.545980 0.085372
1.173 3.546088 0.084868
1.174 3.546197 0.084364
1.175 3.546364 0.083826
1.176 3.546551 0.083275
1.177 3.546739 0.082725
1.178 3.546927 0.082174
1.179 3.547114 0.081623
1.180 3.547309 0.081071
1.181 3.547548 0.080507
1.182 3.547787 0.079942
1.183 3.548026 0.079378
1.184 3.548265 0.078814
1.185 3.548505 0.078249
1.186 3.548777 0.077677
1.187 3.549085 0.077097
1.188 3.549393 0.076517
1.189 3.549702 0.075936
1.190 3.550010 0.075356
1.191 3.550318 0.074776
1.192 3.550735 0.073897
1.193 3.551185 0.072932
1.194 3.551634 0.071967
1.195 3.552083 0.071003
1.196 3.552532 0.070038
1.197 3.552982 0.069070
1.198 3.553539 0.067864
1.199 3.554095 0.066658
1.200 3.554652 0.065453
1.201 3.555208 0.064247
1.202 3.555765 0.063042
1.203 3.556333 0.061847
1.204 3.556949 0.060700
1.205 3.557565 0.059552
1.206 3.558180 0.058405
1.207 3.558796 0.057257
1.208 3.559412 0.056109
1.209 3.560019 0.054933
1.210 3.560609 0.053698
1.211 3.561198 0.052462
1.212 3.561788 0.051226
1.213 3.562378 0.049990
1.214 3.562967 0.048754
1.215 3.563137 0.047420
1.216 3.562647 0.045930
1.217 3.562158 0.044441
1.218 3.561668 0.042951
1.219 3.561178 0.041461
1.220 3.560688 0.039972
1.221 3.560198 0.038482
1.222 3.559708 0.036993
1.223 3.559218 0.035503
1.224 3.558600 0.033990
1.225 3.557822 0.032448
1.226 3.557045 0.030907
1.227 3.556267 0.029365
1.228 3.555489 0.027823
1.229 3.554712 0.026282
1.230 3.553934 0.024740
1.231 3.553157 0.023198
1.232 3.552379 0.021657
1.233 3.551484 0.020400
1.234 3.550389 0.019628
1.235 3.549294 0.018856
1.236 3.548199 0.018084
1.237 3.547104 0.017311
1.238 3.546009 0.016539
1.239 3.544915 0.015767
1.240 3.543820 0.014995
1.241 3.542725 0.014222
1.242 3.541600 0.013473
1.243 3.540321 0.012841
1.244 3.539042 0.012210
1.245 3.537763 0.011578
1.246 3.536483 0.010946
1.247 3.535204 0.010315
1.248 3.533925 0.009683
1.249 3.532645 0.009052
1.250 3.531366 0.008420
1.251 3.530087 0.007788
1.252 3.528923 0.007393
1.253 3.527786 0.007052
1.254 3.526649 0.006712
1.255 3.525513 0.006371
1.256 3.524376 0.006030
1.257 3.523239 0.005689
1.258 3.522102 0.005349
1.259 3.520966 0.005008
1.260 3.519829 0.004667
1.261 3.518692 0.004380
1.262 3.517554 0.004206
1.263 3.516416 0.004033
1.264 3.515278 0.003859
1.265 3.514140 0.003685
1.266 3.513002 0.003511
1.267 3.511864 0.003338
1.268 3.510726 0.003164
1.269 3.509588 0.002990
1.270 3.508450 0.002816
1.271 3.507402 0.002681
1.272 3.506397 0.002563
1.273 3.505392 0.002445
1.274 3.504387 0.002327
1.275 3.503383 0.002210
1.276 3.502378 0.002092
1.277 3.501373 0.001974
1.278 3.500368 0.001856
1.279 3.499363 0.001738
1.280 3.498358 0.001621
1.281 3.497431 0.001578
1.282 3.496513 0.001544
1.283 3.495594 0.001510
1.284 3.494676 0.001477
1.285 3.493758 0.001443
1.286 3.492840 0.001409
1.287 3.491922 0.001375
1.288 3.491004 0.001341
1.289 3.490086 0.001307
1.290 3.489167 0.001273
1.291 3.488374 0.001228
1.292 3.487586 0.001182
1.293 3.486798 0.001137
1.294 3.486009 0.001091
1.295 3.485221 0.001045
1.296 3.484433 0.000999
1.297 3.483644 0.000954
1.298 3.482856 0.000908
1.299 3.482068 0.000862
1.300 3.481280 0.000817
1.301 3.480560 0.000797
1.302 3.479850 0.000781
1.303 3.479141 0.000765
1.304 3.478431 0.000749
1.305 3.477722 0.000734
1.306 3.477012 0.000718
1.307 3.476303 0.000702
1.308 3.475593 0.000686
1.309 3.474884 0.000670
1.310 3.474174 0.000654
1.311 3.473520 0.000646
1.312 3.472899 0.000643
1.313 3.472277 0.000639
1.314 3.471656 0.000635
1.315 3.471035 0.000632
1.316 3.470414 0.000628
1.317 3.469793 0.000625
1.318 3.469172 0.000621
1.319 3.468551 0.000617
1.320 3.467930 0.000614
1.321 3.467319 0.000608
1.322 3.466747 0.000591
1.323 3.466176 0.000574
1.324 3.465604 0.000557
1.325 3.465032 0.000540
1.326 3.464460 0.000523
1.327 3.463888 0.000507
1.328 3.463316 0.000490
1.329 3.462744 0.000473
1.330 3.462172 0.000456
1.331 3.461600 0.000439
1.332 3.461055 0.000426
1.333 3.460527 0.000414
1.334 3.459999 0.000402
1.335 3.459471 0.000390
1.336 3.458943 0.000378
1.337 3.458415 0.000366
1.338 3.457887 0.000355
1.339 3.457358 0.000343
1.340 3.456830 0.000331
1.341 3.456302 0.000319
1.342 3.455774 0.000307
1.343 3.455260 0.000296
1.344 3.454749 0.000284
1.345 3.454237 0.000272
1.346 3.453725 0.000261
1.347 3.453213 0.000249
1.348 3.452702 0.000238
1.349 3.452190 0.000226
1.350 3.451678 0.000214
1.351 3.451167 0.000203
1.352 3.450655 0.000191
1.353 3.450143 0.000180
1.354 3.449653 0.000168
1.355 3.449163 0.000157
1.356 3.448674 0.000145
1.357 3.448184 0.000134
1.358 3.447695 0.000123
1.359 3.447205 0.000111
1.360 3.446716 0.000100
1.361 3.446226 0.000089
1.362 3.445737 0.000077
1.363 3.445247 0.000066
1.364 3.444758 0.000055
1.365 3.444282 0.000049
1.366 3.443809 0.000044
1.367 3.443335 0.000040
1.368 3.442862 0.000035
1.369 3.442389 0.000030
1.370 3.441915 0.000026
1.371 3.441442 0.000021
1.372 3.440969 0.000016
1.373 3.440495 0.000011
1.374 3.440022 0.000007
1.375 3.439549 0.000002
1.376 3.439085 0.000000
1.377 3.438629 0.000000
1.378 3.438174 0.000000
1.379 3.437718 0.000000
1.380 3.437262 0.000000
1.381 3.436807 0.000000
1.382 3.436351 0.000000
1.383 3.435895 0.000000
1.384 3.435440 0.000000
1.385 3.434984 0.000000
1.386 3.434528 0.000000
1.387 3.434074 0.000000
1.388 3.433632 0.000000
1.389 3.433190 0.000000
1.390 3.432749 0.000000
1.391 3.432307 0.000000
1.392 3.431865 0.000000
1.393 3.431424 0.000000
1.394 3.430982 0.000000
1.395 3.430540 0.000000
1.396 3.430099 0.000000
1.397 3.429657 0.000000
1.398 3.429215 0.000000
1.399 3.428779 0.000000
1.400 3.428349 0.000000
1.401 3.427920 0.000000
1.402 3.427491 0.000000
1.403 3.427062 0.000000
1.404 3.426632 0.000000
1.405 3.426203 0.000000
1.406 3.425774 0.000000
1.407 3.425344 0.000000
1.408 3.424915 0.000000
1.409 3.424486 0.000000
1.410 3.424057 0.000000
1.411 3.423635 0.000000
1.412 3.423221 0.000000
1.413 3.422806 0.000000
1.414 3.422392 0.000000
1.415 3.421977 0.000000
1.416 3.421563 0.000000
1.417 3.421149 0.000000
1.418 3.420734 0.000000
1.419 3.420320 0.000000
1.420 3.419905 0.000000
1.421 3.419491 0.000000
1.422 3.419077 0.000000
1.423 3.418667 0.000000
1.424 3.418263 0.000000
1.425 3.417859 0.000000
1.426 3.417456 0.000000
1.427 3.417052 0.000000
1.428 3.416648 0.000000
1.429 3.416244 0.000000
1.430 3.415841 0.000000
1.431 3.415437 0.000000
1.432 3.415033 0.000000
1.433 3.414629 0.000000
1.434 3.414226 0.000000
1.435 3.413824 0.000000
1.436 3.413434 0.000000
1.437 3.413044 0.000000
1.438 3.412654 0.000000
1.439 3.412263 0.000000
1.440 3.411873 0.000000
1.441 3.411483 0.000000
1.442 3.411093 0.000000
1.443 3.410703 0.000000
1.444 3.410313 0.000000
1.445 3.409922 0.000000
1.446 3.409532 0.000000
1.447 3.409142 0.000000
1.448 3.408757 0.000000
1.449 3.408375 0.000000
1.450 3.407993 0.000000
1.451 3.407611 0.000000
1.452 3.407229 0.000000
1.453 3.406847 0.000000
1.454 3.406465 0.000000
1.455 3.406083 0.000000
1.456 3.405701 0.000000
1.457 3.405319 0.000000
1.458 3.404937 0.000000
1.459 3.404555 0.000000
1.460 3.404173 0.000000
1.461 3.403807 0.000000
1.462 3.403441 0.000000
1.463 3.403075 0.000000
1.464 3.402709 0.000000
1.465 3.402343 0.000000
1.466 3.401978 0.000000
1.467 3.401612 0.000000
1.468 3.401246 0.000000
1.469 3.400880 0.000000
1.470 3.400514 0.000000
1.471 3.400149 0.000000
1.472 3.399783 0.000000
1.473 3.399417 0.000000
1.474 3.399059 0.000000
1.475 3.398701 0.000000
1.476 3.398343 0.000000
1.477 3.397984 0.000000
1.478 3.397626 0.000000
1.479 3.397268 0.000000
1.480 3.396910 0.000000
1.481 3.396551 0.000000
1.482 3.396193 0.000000
1.483 3.395835 0.000000
1.484 3.395477 0.000000
1.485 3.395119 0.000000
1.486 3.394760 0.000000
1.487 3.394413 0.000000
1.488 3.394067 0.000000
1.489 3.393721 0.000000
1.490 3.393375 0.000000
1.491 3.393029 0.000000
1.492 3.392683 0.000000
1.493 3.392337 0.000000
1.494 3.391991 0.000000
1.495 3.391645 0.000000
1.496 3.391299 0.000000
1.497 3.390953 0.000000
1.498 3.390607 0.000000
1.499 3.390261 0.000000
1.500 3.389917 0.000000
1.501 3.389576 0.000000
1.502 3.389236 0.000000
1.503 3.388895 0.000000
1.504 3.388554 0.000000
1.505 3.388214 0.000000
1.506 3.387873 0.000000
1.507 3.387532 0.000000
1.508 3.387192 0.000000
1.509 3.386851 0.000000
1.510 3.386510 0.000000
1.511 3.386170 0.000000
1.512 3.385829 0.000000
1.513 3.385488 0.000000
1.514 3.385157 0.000000
1.515 3.384829 0.000000
1.516 3.384501 0.000000
1.517 3.384173 0.000000
1.518 3.383845 0.000000
1.519 3.383516 0.000000
1.520 3.383188 0.000000
1.521 3.382860 0.000000
1.522 3.382532 0.000000
1.523 3.382204 0.000000
1.524 3.381876 0.000000
1.525 3.381547 0.000000
1.526 3.381219 0.000000
1.527 3.380891 0.000000
1.528 3.380567 0.000000
1.529 3.380244 0.000000
1.530 3.379920 0.000000
1.531 3.379597 0.000000
1.532 3.379274 0.000000
1.533 3.378951 0.000000
1.534 3.378627 0.000000
1.535 3.378304 0.000000
1.536 3.377981 0.000000
1.537 3.377657 0.000000
1.538 3.377334 0.000000
1.539 3.377011 0.000000
1.540 3.376687 0.000000
1.541 3.376364 0.000000
1.542 3.376049 0.000000
1.543 3.375738 0.000000
1.544 3.375427 0.000000
1.545 3.375115 0.000000
1.546 3.374804 0.000000
1.547 3.374492 0.000000
1.548 3.374181 0.000000
1.549 3.373870 0.000000
1.550 3.373558 0.000000
1.551 3.373247 0.000000
1.552 3.372935 0.000000
1.553 3.372624 0.000000
1.554 3.372313 0.000000
1.555 3.372001 0.000000
1.556 3.371691 0.000000
1.557 3.371385 0.000000
1.558 3.371079 0.000000
1.559 3.370773 0.000000
1.560 3.370467 0.000000
1.561 3.370161 0.000000
1.562 3.369855 0.000000
1.563 3.369549 0.000000
1.564 3.369243 0.000000
1.565 3.368937 0.000000
1.566 3.368631 0.000000
1.567 3.368325 0.000000
1.568 3.368019 0.000000
1.569 3.367713 0.000000
1.570 3.367407 0.000000
1.571 3.367108 0.000000
1.572 3.366815 0.000000
1.573 3.366522 0.000000
1.574 3.366229 0.000000
1.575 3.365936 0.000000
1.576 3.365643 0.000000
1.577 3.365350 0.000000
1.578 3.365058 0.000000
1.579 3.364765 0.000000
1.580 3.364472 0.000000
1.581 3.364179 0.000000
1.582 3.363886 0.000000
1.583 3.363593 0.000000
1.584 3.363300 0.000000
1.585 3.363007 0.000000
1.586 3.362717 0.000000
1.587 3.362429 0.000000
1.588 3.362141 0.000000
1.589 3.361853 0.000000
1.590 3.361566 0.000000
1.591 3.361278 0.000000
1.592 3.360990 0.000000
1.593 3.360702 0.000000
1.594 3.360414 0.000000
1.595 3.360126 0.000000
1.596 3.359838 0.000000
1.597 3.359550 0.000000
1.598 3.359263 0.000000
1.599 3.358975 0.000000
1.600 3.358687 0.000000
1.601 3.358402 0.000000
1.602 3.358122 0.000000
1.603 3.357843 0.000000
1.604 3.357563 0.000000
1.605 3.357284 0.000000
1.606 3.357004 0.000000
1.607 3.356725 0.000000
1.608 3.356445 0.000000
1.609 3.356166 0.000000
1.610 3.355886 0.000000
1.611 3.355607 0.000000
1.612 3.355327 0.000000
1.613 3.355047 0.000000
1.614 3.354768 0.000000
1.615 3.354488 0.000000
1.616 3.354209 0.000000
1.617 3.353934 0.000000
1.618 3.353659 0.000000
1.619 3.353385 0.000000
1.620 3.353111 0.000000
1.621 3.352837 0.000000
1.622 3.352563 0.000000
1.623 3.352289 0.000000
1.624 3.352015 0.000000
1.625 3.351741 0.000000
1.626 3.351467 0.000000
1.627 3.351193 0.000000
1.628 3.350919 0.000000
1.629 3.350645 0.000000
1.630 3.350371 0.000000
1.631 3.350097 0.000000
1.632 3.349823 0.000000
1.633 3.349557 0.000000
1.634 3.349293 0.000000
1.635 3.349028 0.000000
1.636 3.348763 0.000000
1.637 3.348499 0.000000
1.638 3.348234 0.000000
1.639 3.347970 0.000000
1.640 3.347705 0.000000
1.641 3.347441 0.000000
1.642 3.347176 0.000000
1.643 3.346911 0.000000
1.644 3.346647 0.000000
1.645 3.346382 0.000000
1.646 3.346118 0.000000
1.647 3.345853 0.000000
1.648 3.345588 0.000000
1.649 3.345328 0.000000
1.650 3.345069 0.000000
1.651 3.344810 0.000000
1.652 3.344552 0.000000
1.653 3.344293 0.000000
1.654 3.344034 0.000000
1.655 3.343775 0.000000
1.656 3.343517 0.000000
1.657 3.343258 0.000000
1.658 3.342999 0.000000
1.659 3.342740 0.000000
1.660 3.342482 0.000000
1.661 3.342223 0.000000
1.662 3.341964 0.000000
1.663 3.341705 0.000000
1.664 3.341446 0.000000
1.665 3.341189 0.000000
1.666 3.340939 0.000000
1.667 3.340689 0.000000
1.668 3.340439 0.000000
1.669 3.340189 0.000000
1.670 3.339939 0.000000
1.671 3.339689 0.000000
1.672 3.339439 0.000000
1.673 3.339189 0.000000
1.674 3.338939 0.000000
1.675 3.338689 0.000000
1.676 3.338439 0.000000
1.677 3.338189 0.000000
1.678 3.337939 0.000000
1.679 3.337689 0.000000
1.680 3.337439 0.000000
1.681 3.337189 0.000000
1.682 3.336941 0.000000
1.683 3.336696 0.000000
1.684 3.336451 0.000000
1.685 3.336206 0.000000
1.686 3.335962 0.000000
1.687 3.335717 0.000000
1.688 3.335472 0.000000
1.689 3.335227 0.000000
1.690 3.334982 0.000000
1.691 3.334738 0.000000
1.692 3.334493 0.000000
1.693 3.334248 0.000000
1.694 3.334003 0.000000
1.695 3.333759 0.000000
1.696 3.333514 0.000000
1.697 3.333269 0.000000
1.698 3.333024 0.000000
1.699 3.332781 0.000000
1.700 3.332543 0.000000
1.701 3.332304 0.000000
1.702 3.332066 0.000000
1.703 3.331828 0.000000
1.704 3.331590 0.000000
1.705 3.331352 0.000000
1.706 3.331114 0.000000
1.707 3.330876 0.000000
1.708 3.330638 0.000000
1.709 3.330400 0.000000
1.710 3.330162 0.000000
1.711 3.329923 0.000000
1.712 3.329685 0.000000
1.713 3.329447 0.000000
1.714 3.329209 0.000000
1.715 3.328971 0.000000
1.716 3.328733 0.000000
1.717 3.328499 0.000000
1.718 3.328267 0.000000
1.719 3.328035 0.000000
1.720 3.327803 0.000000
1.721 3.327571 0.000000
1.722 3.327339 0.000000
1.723 3.327107 0.000000
1.724 3.326875 0.000000
1.725 3.326643 0.000000
1.726 3.326411 0.000000
1.727 3.326179 0.000000
1.728 3.325947 0.000000
1.729 3.325715 0.000000
1.730 3.325483 0.000000
1.731 3.325252 0.000000
1.732 3.325020 0.000000
1.733 3.324788 0.000000
1.734 3.324556 0.000000
1.735 3.324329 0.000000
1.736 3.324104 0.000000
1.737 3.323880 0.000000
1.738 3.323655 0.000000
1.739 3.323431 0.000000
1.740 3.323206 0.000000
1.741 3.322982 0.000000
1.742 3.322757 0.000000
1.743 3.322533 0.000000
1.744 3.322308 0.000000
1.745 3.322083 0.000000
1.746 3.321859 0.000000
1.747 3.321634 0.000000
1.748 3.321410 0.000000
1.749 3.321185 0.000000
1.750 3.320961 0.000000
1.751 3.320736 0.000000
1.752 3.320512 0.000000
1.753 3.320289 0.000000
1.754 3.320070 0.000000
1.755 3.319851 0.000000
1.756 3.319632 0.000000
1.757 3.319413 0.000000
1.758 3.319194 0.000000
1.759 3.318975 0.000000
1.760 3.318756 0.000000
1.761 3.318536 0.000000
1.762 3.318317 0.000000
1.763 3.318098 0.000000
1.764 3.317879 0.000000
1.765 3.317660 0.000000
1.766 3.317441 0.000000
1.767 3.317222 0.000000
1.768 3.317003 0.000000
1.769 3.316784 0.000000
1.770 3.316564 0.000000
1.771 3.316345 0.000000
1.772 3.316130 0.000000
1.773 3.315917 0.000000
1.774 3.315703 0.000000
1.775 3.315490 0.000000
1.776 3.315276 0.000000
1.777 3.315063 0.000000
1.778 3.314849 0.000000
1.779 3.314636 0.000000
1.780 3.314423 0.000000
1.781 3.314209 0.000000
1.782 3.313996 0.000000
1.783 3.313782 0.000000
1.784 3.313569 0.000000
1.785 3.313355 0.000000
1.786 3.313142 0.000000
1.787 3.312928 0.000000
1.788 3.312715 0.000000
1.789 3.312501 0.000000
1.790 3.312288 0.000000
1.791 3.312078 0.000000
1.792 3.311870 0.000000
1.793 3.311662 0.000000
1.794 3.311454 0.000000
1.795 3.311246 0.000000
1.796 3.311039 0.000000
1.797 3.310831 0.000000
1.798 3.310623 0.000000
1.799 3.310415 0.000000
1.800 3.310207 0.000000
1.801 3.309999 0.000000
1.802 3.309791 0.000000
1.803 3.309583 0.000000
1.804 3.309376 0.000000
1.805 3.309168 0.000000
1.806 3.308960 0.000000
1.807 3.308752 0.000000
1.808 3.308544 0.000000
1.809 3.308336 0.000000
1.810 3.308129 0.000000
1.811 3.307926 0.000000
1.812 3.307724 0.000000
1.813 3.307521 0.000000
1.814 3.307318 0.000000
1.815 3.307115 0.000000
1.816 3.306913 0.000000
1.817 3.306710 0.000000
1.818 3.306507 0.000000
1.819 3.306304 0.000000
1.820 3.306102 0.000000
1.821 3.305899 0.000000
1.822 3.305696 0.000000
1.823 3.305493 0.000000
1.824 3.305291 0.000000
1.825 3.305088 0.000000
1.826 3.304885 0.000000
1.827 3.304682 0.000000
1.828 3.304480 0.000000
1.829 3.304277 0.000000
1.830 3.304075 0.000000
1.831 3.303878 0.000000
1.832 3.303681 0.000000
1.833 3.303484 0.000000
1.834 3.303287 0.000000
1.835 3.303090 0.000000
1.836 3.302893 0.000000
1.837 3.302696 0.000000
1.838 3.302499 0.000000
1.839 3.302302 0.000000
1.840 3.302105 0.000000
1.841 3.301908 0.000000
1.842 3.301711 0.000000
1.843 3.301514 0.000000
1.844 3.301317 0.000000
1.845 3.301120 0.000000
1.846 3.300923 0.000000
1.847 3.300726 0.000000
1.848 3.300529 0.000000
1.849 3.300332 0.000000
1.850 3.300135 0.000000
1.851 3.299943 0.000000
1.852 3.299750 0.000000
1.853 3.299558 0.000000
1.854 3.299365 0.000000
1.855 3.299173 0.000000
1.856 3.298981 0.000000
1.857 3.298788 0.000000
1.858 3.298596 0.000000
1.859 3.298404 0.000000
1.860 3.298211 0.000000
1.861 3.298019 0.000000
1.862 3.297827 0.000000
1.863 3.297634 0.000000
1.864 3.297442 0.000000
1.865 3.297250 0.000000
1.866 3.297057 0.000000
1.867 3.296865 0.000000
1.868 3.296673 0.000000
1.869 3.296480 0.000000
1.870 3.296288 0.000000
1.871 3.296096 0.000000
1.872 3.295911 0.000000
1.873 3.295725 0.000000
1.874 3.295540 0.000000
1.875 3.295355 0.000000
1.876 3.295169 0.000000
1.877 3.294984 0.000000
1.878 3.294799 0.000000
1.879 3.294613 0.000000
1.880 3.294428 0.000000
1.881 3.294243 0.000000
1.882 3.294058 0.000000
1.883 3.293872 0.000000
1.884 3.293687 0.000000
1.885 3.293502 0.000000
1.886 3.293316 0.000000
1.887 3.293131 0.000000
1.888 3.292946 0.000000
1.889 3.292761 0.000000
1.890 3.292575 0.000000
1.891 3.292390 0.000000
1.892 3.292205 0.000000
1.893 3.292023 0.000000
1.894 3.291842 0.000000
1.895 3.291662 0.000000
1.896 3.291481 0.000000
1.897 3.291301 0.000000
1.898 3.291120 0.000000
1.899 3.290940 0.000000
1.900 3.290759 0.000000
1.901 3.290578 0.000000
1.902 3.290398 0.000000
1.903 3.290217 0.000000
1.904 3.290037 0.000000
1.905 3.289856 0.000000
1.906 3.289676 0.000000
1.907 3.289495 0.000000
1.908 3.289315 0.000000
1.909 3.289134 0.000000
1.910 3.288954 0.000000
1.911 3.288773 0.000000
1.912 3.288592 0.000000
1.913 3.288412 0.000000
1.914 3.288231 0.000000
1.915 3.288055 0.000000
1.916 3.287879 0.000000
1.917 3.287703 0.000000
1.918 3.287527 0.000000
1.919 3.287351 0.000000
1.920 3.287176 0.000000
1.921 3.287000 0.000000
1.922 3.286824 0.000000
1.923 3.286648 0.000000
1.924 3.286472 0.000000
1.925 3.286296 0.000000
1.926 3.286120 0.000000
1.927 3.285944 0.000000
1.928 3.285768 0.000000
1.929 3.285592 0.000000
1.930 3.285416 0.000000
1.931 3.285240 0.000000
1.932 3.285065 0.000000
1.933 3.284889 0.000000
1.934 3.284713 0.000000
1.935 3.284537 0.000000
1.936 3.284361 0.000000
1.937 3.284187 0.000000
1.938 3.284015 0.000000
1.939 3.283842 0.000000
1.940 3.283670 0.000000
1.941 3.283497 0.000000
1.942 3.283325 0.000000
1.943 3.283152 0.000000
1.944 3.282979 0.000000
1.945 3.282807 0.000000
1.946 3.282634 0.000000
1.947 3.282462 0.000000
1.948 3.282289 0.000000
1.949 3.282117 0.000000
1.950 3.281944 0.000000