0.251 1.834271 3.167222
0.252 1.870159 3.188601
0.253 1.905736 3.203016
0.254 1.949739 3.226022
0.255 1.984903 3.240394
0.256 2.023469 3.254569
0.257 2.064495 3.268747
0.258 2.107216 3.282929
0.259 2.151183 3.297010
0.260 2.194009 3.310930
0.261 2.243772 3.324551
0.262 2.285594 3.336557
0.263 2.334952 3.341247
0.264 2.385123 3.351489
0.265 2.435296 3.348344
0.266 2.494176 3.353451
0.267 2.543767 3.348924
0.268 2.592848 3.343529
0.269 2.650039 3.337386
0.270 2.697865 3.325907
0.271 2.753689 3.313906
0.272 2.799341 3.297947
0.273 2.852930 3.279987
0.274 2.896902 3.258473
0.275 2.948277 3.237090
0.276 2.990653 3.215851
0.277 3.031952 3.186201
0.278 3.072455 3.159410
0.279 3.112343 3.127504
0.280 3.151735 3.101748
0.281 3.188785 3.069154
0.282 3.220052 3.031464
0.283 3.249173 2.996614
0.284 3.281781 2.965566
0.285 3.306196 2.926757
0.286 3.330471 2.891266
0.287 3.354599 2.856220
0.288 3.374992 2.818518
0.289 3.393574 2.781744
0.290 3.408609 2.748825
0.291 3.425745 2.714154
0.292 3.436645 2.675620
0.293 3.447534 2.640114
0.294 3.458415 2.604068
0.295 3.465545 2.572276
0.296 3.471188 2.539815
0.297 3.473317 2.510470
0.298 3.478237 2.477038
0.299 3.484726 2.449299
0.300 3.483942 2.415091
0.301 3.482368 2.388845
0.302 3.480835 2.362775
0.303 3.479343 2.336871
0.304 3.477892 2.311122
0.305 3.476501 2.288544
0.306 3.468875 2.269107
0.307 3.464866 2.245200
0.308 3.459809 2.227635
0.309 3.453379 2.202728
0.310 3.450445 2.186088
0.311 3.442065 2.166183
0.312 3.440933 2.153570
0.313 3.431474 2.132675
0.314 3.425511 2.119677
0.315 3.419892 2.107311
0.316 3.410265 2.095029
0.317 3.409033 2.082820
0.318 3.401383 2.070680
0.319 3.397416 2.058606
0.320 3.388509 2.046590
0.321 3.381339 2.034636
0.322 3.376758 2.023973
0.323 3.368415 2.019751
0.324 3.362156 2.008114
0.325 3.357921 2.004339
0.326 3.355639 1.993686
0.327 3.347679 1.986238
0.328 3.340426 1.979488
0.329 3.337546 1.975953
0.330 3.334155 1.968314
0.331 3.327489 1.963045
0.332 3.326445 1.959016
0.333 3.318376 1.957423
0.334 3.317081 1.950044
0.335 3.311322 1.950001
0.336 3.307242 1.942926
0.337 3.305398 1.941063
0.338 3.297495 1.941092
0.339 3.297123 1.936011
0.340 3.296359 1.932205
0.341 3.288421 1.932254
0.342 3.287143 1.932319
0.343 3.286838 1.932388
0.344 3.286543 1.932462
0.345 3.285288 1.931569
0.346 3.277666 1.924303
0.347 3.276777 1.923761
0.348 3.276535 1.923863
0.349 3.276301 1.923970
0.350 3.276084 1.924087
0.351 3.275875 1.924208
0.352 3.275683 1.924338
0.353 3.275495 1.924471
0.354 3.275315 1.924608
0.355 3.275151 1.924756
0.356 3.274998 1.924911
0.357 3.274853 1.925071
0.358 3.274714 1.929491
0.359 3.274585 1.934364
0.360 3.274467 1.934541
0.361 3.274359 1.934724
0.362 3.274257 1.934912
0.363 3.274161 1.935104
0.364 3.278256 1.935313
0.365 3.282975 1.935525
0.366 3.282910 1.942671
0.367 3.282852 1.944921
0.368 3.284370 1.945144
0.369 3.291192 1.945380
0.370 3.291697 1.945620
0.371 3.291674 1.945866
0.372 3.291858 1.951488
0.373 3.298364 1.955341
0.374 3.300624 1.955605
0.375 3.301897 1.955870
0.376 3.308827 1.958084
0.377 3.309647 1.965390
0.378 3.312952 1.965677
0.379 3.318618 1.965968
0.380 3.318748 1.966268
0.381 3.324803 1.972562
0.382 3.327851 1.975846
0.383 3.327933 1.976162
0.384 3.335704 1.977820
0.385 3.338769 1.985021
0.386 3.346160 1.986105
0.387 3.346275 1.986439
0.388 3.349806 1.990186
0.389 3.355504 1.996093
0.390 3.360611 1.996448
0.391 3.364766 1.996804
0.392 3.370872 2.003107
0.393 3.374072 2.006499
0.394 3.381201 2.007644
0.395 3.384181 2.014828
0.396 3.392580 2.016591
0.397 3.400629 2.018694
0.398 3.403136 2.026328
0.399 3.410426 2.026721
0.400 3.413638 2.029346
0.401 3.423351 2.036165
0.402 3.433053 2.040094
0.403 3.439096 2.046261
0.404 3.443453 2.046674
0.405 3.453118 2.051504
0.406 3.462772 2.056475
0.407 3.467344 2.061968
0.408 3.473075 2.066289
0.409 3.482696 2.072323
0.410 3.492304 2.076124
0.411 3.502406 2.082574
0.412 3.518250 2.085968
0.413 3.530019 2.092735
0.414 3.539581 2.095830
0.415 3.550000 2.102841
0.416 3.566266 2.105697
0.417 3.578137 2.112945
0.418 3.594572 2.115731
0.419 3.612210 2.123112
0.420 3.624275 2.125483
0.421 3.641273 2.125962
0.422 3.659766 2.126443
0.423 3.678227 2.126927
0.424 3.696657 2.126166
0.425 3.715158 2.119744
0.426 3.740592 2.118364
0.427 3.760740 2.111759
0.428 3.779052 2.103372
0.429 3.796196 2.095019
0.430 3.807671 2.086690
0.431 3.823967 2.071485
0.432 3.836126 2.061151
0.433 3.852296 2.052907
0.434 3.863137 2.038272
0.435 3.872444 2.027488
0.436 3.875181 2.012700
0.437 3.881630 2.002310
0.438 3.885251 1.994223
0.439 3.886118 1.980235
0.440 3.892104 1.969534
0.441 3.896315 1.966686
0.442 3.897086 1.962196
0.443 3.897890 1.954410
0.444 3.898708 1.950849
0.445 3.899551 1.951559
0.446 3.900447 1.952284
0.447 3.901442 1.953038
0.448 3.902431 1.953788
0.449 3.905749 1.956863
0.450 3.913429 1.964165
0.451 3.917112 1.967388
0.452 3.925738 1.975515
0.453 3.935044 1.984675
0.454 3.939085 1.993786
0.455 3.952888 2.001563
0.456 3.964942 2.004411
0.457 3.981617 2.011839
0.458 3.999845 2.020739
0.459 4.018081 2.029567
0.460 4.036339 2.038318
0.461 4.059234 2.047003
0.462 4.085552 2.051975
0.463 4.112041 2.055227
0.464 4.138501 2.061027
0.465 4.167565 2.061555
0.466 4.200279 2.060139
0.467 4.233554 2.054175
0.468 4.266764 2.046549
0.469 4.299854 2.038673
0.470 4.332826 2.027901
0.471 4.365711 2.013228
0.472 4.398523 1.997791
0.473 4.425732 1.976560
0.474 4.455579 1.953803
0.475 4.485763 1.930763
0.476 4.512203 1.906735
0.477 4.538100 1.876891
0.478 4.558768 1.845799
0.479 4.577633 1.814281
0.480 4.596186 1.782333
0.481 4.613844 1.750035
0.482 4.625977 1.717219
0.483 4.640836 1.684154
0.484 4.651138 1.650858
0.485 4.656982 1.617484
0.486 4.663424 1.584076
0.487 4.667034 1.550740
0.488 4.667622 1.521113
0.489 4.667785 1.492099
0.490 4.665901 1.461851
0.491 4.660856 1.434848
0.492 4.658722 1.409502
0.493 4.653245 1.384249
0.494 4.645465 1.359073
0.495 4.637602 1.334051
0.496 4.631492 1.309277
0.497 4.628978 1.285322
0.498 4.622520 1.266588
0.499 4.614483 1.244348
0.500 4.606393 1.224224
0.501 4.598297 1.206910
0.502 4.590217 1.190164
0.503 4.581488 1.173583
0.504 4.568008 1.157121
0.505 4.557157 1.140727
0.506 4.548889 1.124374
0.507 4.540821 1.110592
0.508 4.532762 1.098835
0.509 4.524717 1.085665
0.510 4.516688 1.073852
0.511 4.508674 1.061969
0.512 4.500673 1.048437
0.513 4.492687 1.037558
0.514 4.484718 1.024574
0.515 4.476766 1.013153
0.516 4.468833 1.004715
0.517 4.460922 0.996116
0.518 4.453026 0.986384
0.519 4.445147 0.977372
0.520 4.437286 0.968434
0.521 4.429447 0.959961
0.522 4.424259 0.951775
0.523 4.420570 0.943679
0.524 4.414997 0.935705
0.525 4.407235 0.928076
0.526 4.399494 0.920827
0.527 4.391768 0.913593
0.528 4.384058 0.906396
0.529 4.376373 0.899806
0.530 4.373012 0.893381
0.531 4.368874 0.886987
0.532 4.362405 0.880611
0.533 4.354798 0.874264
0.534 4.347621 0.867998
0.535 4.342260 0.861955
0.536 4.341067 0.856388
0.537 4.333539 0.850841
0.538 4.326032 0.845323
0.539 4.322491 0.839844
0.540 4.318744 0.834384
0.541 4.312598 0.829079
0.542 4.305728 0.824048
0.543 4.301665 0.818992
0.544 4.298448 0.813895
0.545 4.293492 0.809133
0.546 4.290186 0.804470
0.547 4.286243 0.799826
0.548 4.278932 0.795207
0.549 4.271644 0.790616
0.550 4.270831 0.786031
0.551 4.265765 0.781908
0.552 4.261674 0.777711
0.553 4.258879 0.773409
0.554 4.253601 0.769375
0.555 4.250762 0.765105
0.556 4.246735 0.760965
0.557 4.242684 0.757033
0.558 4.239016 0.753246
0.559 4.235677 0.749470
0.560 4.230880 0.745704
0.561 4.228045 0.741947
0.562 4.224000 0.738204
0.563 4.219373 0.734477
0.564 4.217953 0.730767
0.565 4.211702 0.727063
0.566 4.209183 0.723367
0.567 4.206137 0.719683
0.568 4.199694 0.716066
0.569 4.199086 0.713049
0.570 4.198621 0.709584
0.571 4.195569 0.705973
0.572 4.190183 0.702422
0.573 4.188609 0.699342
0.574 4.183863 0.695955
0.575 4.180082 0.692670
0.576 4.177511 0.689583
0.577 4.172661 0.686649
0.578 4.169648 0.683383
0.579 4.168089 0.680136
0.580 4.167264 0.677019
0.581 4.163135 0.674121
0.582 4.159705 0.671231
0.583 4.157606 0.668219
0.584 4.157183 0.665013
0.585 4.153617 0.661840
0.586 4.150003 0.658872
0.587 4.147184 0.656024
0.588 4.146823 0.653182
0.589 4.144063 0.650352
0.590 4.140551 0.647531
0.591 4.136671 0.644718
0.592 4.133699 0.641910
0.593 4.130041 0.639108
0.594 4.126805 0.636312
0.595 4.126468 0.633530
0.596 4.124176 0.630951
0.597 4.120908 0.628475
0.598 4.116813 0.626086
0.599 4.116173 0.623359
0.600 4.114688 0.620609
0.601 4.111885 0.617868
0.602 4.107883 0.615138
0.603 4.105923 0.612552
0.604 4.105605 0.610090
0.605 4.105289 0.607731
0.606 4.103356 0.605162
0.607 4.100299 0.602497
0.608 4.096625 0.600081
0.609 4.095096 0.597702
0.610 4.094381 0.595299
0.611 4.091119 0.592623
0.612 4.087849 0.590152
0.613 4.084935 0.587798
0.614 4.084643 0.585429
0.615 4.082314 0.583097
0.616 4.078702 0.580785
0.617 4.075948 0.578395
0.618 4.074526 0.576081
0.619 4.074244 0.573833
0.620 4.073965 0.571426
0.621 4.071839 0.569114
0.622 4.067407 0.566923
0.623 4.065251 0.564511
0.624 4.063897 0.562173
0.625 4.063626 0.560050
0.626 4.063358 0.557669
0.627 4.062249 0.555268
0.628 4.056853 0.553212
0.629 4.054112 0.551204
0.630 4.053342 0.549234
0.631 4.052961 0.546731
0.632 4.050624 0.544423
0.633 4.044931 0.542472
0.634 4.043341 0.540465
0.635 4.043086 0.538389
0.636 4.042834 0.535978
0.637 4.041833 0.533808
0.638 4.040084 0.531879
0.639 4.036236 0.529957
0.640 4.032889 0.527988
0.641 4.032646 0.525844
0.642 4.032404 0.523656
0.643 4.032163 0.521434
0.644 4.029185 0.519499
0.645 4.026049 0.517601
0.646 4.023549 0.515709
0.647 4.022261 0.513819
0.648 4.022027 0.511931
0.649 4.021796 0.509681
0.650 4.020878 0.507413
0.651 4.015827 0.505453
0.652 4.012690 0.503535
0.653 4.012056 0.501670
0.654 4.011717 0.499809
0.655 4.011497 0.497949
0.656 4.011279 0.496095
0.657 4.010655 0.494244
0.658 4.008826 0.492401
0.659 4.006046 0.490560
0.660 4.002334 0.488724
0.661 4.001250 0.486891
0.662 4.001039 0.485058
0.663 4.000830 0.483233
0.664 3.999814 0.481409
0.665 3.995805 0.479593
0.666 3.992907 0.477779
0.667 3.991489 0.475970
0.668 3.990844 0.474163
0.669 3.990641 0.472358
0.670 3.989942 0.470558
0.671 3.989066 0.468759
0.672 3.984550 0.466969
0.673 3.980892 0.465180
0.674 3.980702 0.463396
0.675 3.980511 0.461614
0.676 3.980320 0.459834
0.677 3.980131 0.458058
0.678 3.979942 0.456285
0.679 3.977198 0.454518
0.680 3.973205 0.452754
0.681 3.971487 0.450995
0.682 3.970307 0.449237
0.683 3.970061 0.447519
0.684 3.969821 0.445826
0.685 3.968539 0.444513
0.686 3.966858 0.443132
0.687 3.963071 0.441392
0.688 3.960208 0.439654
0.689 3.960035 0.437921
0.690 3.959862 0.436190
0.691 3.959689 0.434461
0.692 3.959517 0.432902
0.693 3.959347 0.431581
0.694 3.956972 0.430101
0.695 3.952203 0.428447
0.696 3.949886 0.426764
0.697 3.949722 0.425055
0.698 3.949558 0.423447
0.699 3.949395 0.421915
0.700 3.949233 0.420452
0.701 3.949071 0.419035
0.702 3.946840 0.417447
0.703 3.943369 0.415757
0.704 3.941251 0.414331
0.705 3.939914 0.413058
0.706 3.939322 0.411551
0.707 3.939166 0.409906
0.708 3.938195 0.408324
0.709 3.936717 0.406782
0.710 3.934202 0.405348
0.711 3.930970 0.403989
0.712 3.929446 0.402463
0.713 3.929299 0.400801
0.714 3.929151 0.399338
0.715 3.929004 0.398070
0.716 3.928667 0.396671
0.717 3.928092 0.395109
0.718 3.926242 0.393660
0.719 3.922230 0.392402
0.720 3.919326 0.391100
0.721 3.919187 0.389684
0.722 3.919047 0.388265
0.723 3.918909 0.386834
0.724 3.918770 0.385420
0.725 3.918633 0.384196
0.726 3.918496 0.382973
0.727 3.914339 0.381458
0.728 3.910006 0.379930
0.729 3.909133 0.378611
0.730 3.909001 0.377337
0.731 3.908868 0.376014
0.732 3.908736 0.374668
0.733 3.908605 0.373265
0.734 3.908475 0.371807
0.735 3.906930 0.370443
0.736 3.902703 0.369253
0.737 3.899133 0.368023
0.738 3.899008 0.366574
0.739 3.898884 0.365126
0.740 3.898759 0.364028
0.741 3.898635 0.362944
0.742 3.895929 0.361604
0.743 3.892364 0.360180
0.744 3.890305 0.358886
0.745 3.889602 0.357709
0.746 3.889068 0.356460
0.747 3.888950 0.355034
0.748 3.888831 0.353620
0.749 3.888713 0.352552
0.750 3.888595 0.351483
0.751 3.885763 0.350147
0.752 3.882125 0.348730
0.753 3.880022 0.347469
0.754 3.879501 0.346369
0.755 3.879063 0.345277
0.756 3.878952 0.344221
0.757 3.878841 0.343165
0.758 3.878730 0.341865
0.759 3.878619 0.340534
0.760 3.876316 0.339303
0.761 3.872370 0.338146
0.762 3.869331 0.337016
0.763 3.869225 0.335972
0.764 3.869119 0.334928
0.765 3.869014 0.333886
0.766 3.868908 0.332846
0.767 3.868803 0.331635
0.768 3.868698 0.330268
0.769 3.868056 0.328943
0.770 3.864210 0.327861
0.771 3.860363 0.326780
0.772 3.859327 0.325737
0.773 3.859227 0.324708
0.774 3.859129 0.323680
0.775 3.859030 0.322654
0.776 3.858932 0.321628
0.777 3.858518 0.320605
0.778 3.858075 0.319582
0.779 3.856215 0.318561
0.780 3.852811 0.317542
0.781 3.849485 0.316523
0.782 3.849392 0.315509
0.783 3.849298 0.314494
0.784 3.849205 0.313282
0.785 3.849112 0.311910
0.786 3.848925 0.310564
0.787 3.847457 0.309556
0.788 3.845989 0.308547
0.789 3.844058 0.307541
0.790 3.841774 0.306537
0.791 3.839600 0.305534
0.792 3.839511 0.304554
0.793 3.839423 0.303573
0.794 3.839335 0.302755
0.795 3.839247 0.302091
0.796 3.839160 0.301426
0.797 3.836559 0.300443
0.798 3.833873 0.299449
0.799 3.831872 0.298457
0.800 3.830900 0.297467
0.801 3.829928 0.296477
0.802 3.829684 0.295490
0.803 3.829601 0.294504
0.804 3.829520 0.293519
0.805 3.829438 0.292536
0.806 3.829357 0.291553
0.807 3.827229 0.290573
0.808 3.823745 0.289593
0.809 3.820261 0.288613
0.810 3.820073 0.287816
0.811 3.819994 0.287025
0.812 3.819915 0.286225
0.813 3.819838 0.285405
0.814 3.819761 0.284586
0.815 3.819033 0.283669
0.816 3.817954 0.282700
0.817 3.816874 0.281731
0.818 3.814528 0.280984
0.819 3.812134 0.280245
0.820 3.810341 0.279475
0.821 3.810267 0.278617
0.822 3.810192 0.277759
0.823 3.810119 0.276847
0.824 3.810046 0.275889
0.825 3.809974 0.274931
0.826 3.807658 0.274200
0.827 3.804776 0.273526
0.828 3.801989 0.272843
0.829 3.801482 0.271934
0.830 3.800974 0.271026
0.831 3.800582 0.270164
0.832 3.800512 0.269433
0.833 3.800443 0.268701
0.834 3.800240 0.267931
0.835 3.799887 0.267119
0.836 3.799535 0.266306
0.837 3.797484 0.265597
0.838 3.794536 0.264944
0.839 3.791588 0.264290
0.840 3.791006 0.263403
0.841 3.790939 0.262465
0.842 3.790872 0.261526
0.843 3.790807 0.260894
0.844 3.790741 0.260271
0.845 3.790438 0.259642
0.846 3.787919 0.258956
0.847 3.785400 0.258271
0.848 3.783255 0.257563
0.849 3.782552 0.256770
0.850 3.781849 0.255977
0.851 3.781335 0.255215
0.852 3.781272 0.254525
0.853 3.781209 0.253835
0.854 3.781011 0.253185
0.855 3.780578 0.252605
0.856 3.780144 0.252024
0.857 3.778777 0.251414
0.858 3.776072 0.250760
0.859 3.773368 0.250107
0.860 3.771824 0.249470
0.861 3.771765 0.248855
0.862 3.771707 0.248240
0.863 3.771648 0.247559
0.864 3.771589 0.246796
0.865 3.771530 0.246033
0.866 3.770234 0.245395
0.867 3.767312 0.244921
0.868 3.764389 0.244447
0.869 3.762571 0.243857
0.870 3.762429 0.243092
0.871 3.762286 0.242327
0.872 3.762174 0.241662
0.873 3.762119 0.241192
0.874 3.762065 0.240721
0.875 3.762010 0.240220
0.876 3.761955 0.239632
0.877 3.761900 0.239043
0.878 3.761422 0.238447
0.879 3.758772 0.237812
0.880 3.756122 0.237176
0.881 3.753569 0.236548
0.882 3.753245 0.236083
0.883 3.752922 0.235618
0.884 3.752598 0.235153
0.885 3.752519 0.234690
0.886 3.752468 0.234227
0.887 3.752417 0.233764
0.888 3.751517 0.233217
0.889 3.750304 0.232639
0.890 3.749091 0.232061
0.891 3.747622 0.231458
0.892 3.745936 0.230835
0.893 3.744251 0.230212
0.894 3.743104 0.229643
0.895 3.743055 0.229185
0.896 3.743006 0.228728
0.897 3.742957 0.228270
0.898 3.742909 0.227814
0.899 3.742861 0.227358
0.900 3.742812 0.226902
0.901 3.740486 0.226447
0.902 3.737708 0.225993
0.903 3.734929 0.225538
0.904 3.733658 0.225085
0.905 3.733612 0.224632
0.906 3.733566 0.224180
0.907 3.733520 0.223728
0.908 3.733476 0.223277
0.909 3.733432 0.222826
0.910 3.733387 0.222376
0.911 3.733015 0.221926
0.912 3.732611 0.221477
0.913 3.732208 0.221028
0.914 3.730726 0.220580
0.915 3.728388 0.220132
0.916 3.726051 0.219685
0.917 3.724120 0.219249
0.918 3.724078 0.218870
0.919 3.724036 0.218490
0.920 3.723994 0.218111
0.921 3.723953 0.217832
0.922 3.723912 0.217584
0.923 3.723871 0.217336
0.924 3.723485 0.217022
0.925 3.722427 0.216580
0.926 3.721370 0.216137
0.927 3.720313 0.215695
0.928 3.718773 0.215254
0.929 3.717169 0.214814
0.930 3.715565 0.214373
0.931 3.714587 0.214035
0.932 3.714548 0.213852
0.933 3.714509 0.213669
0.934 3.714470 0.213485
0.935 3.714431 0.213076
0.936 3.714393 0.212639
0.937 3.714355 0.212202
0.938 3.713646 0.211833
0.939 3.711725 0.211586
0.940 3.709804 0.211339
0.941 3.707883 0.211092
0.942 3.706958 0.210747
0.943 3.706292 0.210376
0.944 3.705626 0.210005
0.945 3.705089 0.209670
0.946 3.705052 0.209477
0.947 3.705016 0.209284
0.948 3.704979 0.209092
0.949 3.704943 0.208765
0.950 3.704908 0.208343
0.951 3.704873 0.207922
0.952 3.704838 0.207500
0.953 3.703914 0.207050
0.954 3.702936 0.206598
0.955 3.701957 0.206145
0.956 3.701019 0.205705
0.957 3.700191 0.205295
0.958 3.699362 0.204885
0.959 3.698534 0.204475
0.960 3.697925 0.204170
0.961 3.697484 0.203944
0.962 3.697043 0.203719
0.963 3.696601 0.203493
0.964 3.696201 0.203450
0.965 3.695809 0.203441
0.966 3.695416 0.203433
0.967 3.695022 0.203398
0.968 3.694608 0.203040
0.969 3.694194 0.202682
0.970 3.693780 0.202324
0.971 3.693367 0.202000
0.972 3.692957 0.201761
0.973 3.692547 0.201523
0.974 3.692137 0.201284
0.975 3.691755 0.200958
0.976 3.691405 0.200533
0.977 3.691054 0.200108
0.978 3.690703 0.199682
0.979 3.690359 0.199257
0.980 3.690019 0.198831
0.981 3.689679 0.198405
0.982 3.689339 0.197979
0.983 3.688988 0.197635
0.984 3.688634 0.197319
0.985 3.688279 0.197003
0.986 3.687925 0.196688
0.987 3.687573 0.196464
0.988 3.687223 0.196258
0.989 3.686872 0.196053
0.990 3.686521 0.195848
0.991 3.686201 0.195647
0.992 3.685885 0.195448
0.993 3.685568 0.195248
0.994 3.685252 0.195048
0.995 3.684895 0.194574
0.996 3.684533 0.194076
0.997 3.684172 0.193577
0.998 3.683810 0.193079
0.999 3.683510 0.192832
1.000 3.683215 0.192609
1.001 3.682920 0.192387
1.002 3.682625 0.192164
1.003 3.682346 0.191976
1.004 3.682070 0.191793
1.005 3.681794 0.191610
1.006 3.681517 0.191427
1.007 3.681209 0.191069
1.008 3.680892 0.190669
1.009 3.680576 0.190269
1.010 3.680259 0.189868
1.011 3.679946 0.189470
1.012 3.679635 0.189073
1.013 3.679323 0.188676
1.014 3.679012 0.188279
1.015 3.678703 0.187874
1.016 3.678397 0.187464
1.017 3.678090 0.187053
1.018 3.677783 0.186643
1.019 3.677474 0.186236
1.020 3.677160 0.185835
1.021 3.676847 0.185435
1.022 3.676533 0.185034
1.023 3.676224 0.184641
1.024 3.675932 0.184283
1.025 3.675640 0.183926
1.026 3.675348 0.183569
1.027 3.675056 0.183211
1.028 3.674782 0.182946
1.029 3.674509 0.182687
1.030 3.674237 0.182428
1.031 3.673964 0.182168
1.032 3.673691 0.181939
1.033 3.673417 0.181726
1.034 3.673142 0.181512
1.035 3.672868 0.181298
1.036 3.672605 0.181025
1.037 3.672361 0.180644
1.038 3.672118 0.180264
1.039 3.671874 0.179883
1.040 3.671630 0.179503
1.041 3.671369 0.179103
1.042 3.671108 0.178703
1.043 3.670846 0.178304
1.044 3.670585 0.177904
1.045 3.670310 0.177386
1.046 3.670027 0.176797
1.047 3.669744 0.176208
1.048 3.669461 0.175619
1.049 3.669184 0.175053
1.050 3.668931 0.174575
1.051 3.668677 0.174098
1.052 3.668424 0.173621
1.053 3.668171 0.173143
1.054 3.667903 0.172816
1.055 3.667631 0.172540
1.056 3.667360 0.172265
1.057 3.667088 0.171989
1.058 3.666820 0.171730
1.059 3.666563 0.171523
1.060 3.666306 0.171316
1.061 3.666049 0.171109
1.062 3.665793 0.170903
1.063 3.665545 0.170572
1.064 3.665301 0.170192
1.065 3.665057 0.169811
1.066 3.664813 0.169431
1.067 3.664569 0.169049
1.068 3.664332 0.168662
1.069 3.664094 0.168274
1.070 3.663856 0.167887
1.071 3.663618 0.167500
1.072 3.663394 0.167129
1.073 3.663184 0.166774
1.074 3.662973 0.166419
1.075 3.662763 0.166064
1.076 3.662552 0.165709
1.077 3.662325 0.165315
1.078 3.662095 0.164915
1.079 3.661866 0.164515
1.080 3.661636 0.164116
1.081 3.661406 0.163738
1.082 3.661171 0.163469
1.083 3.660936 0.163201
1.084 3.660701 0.162932
1.085 3.660466 0.162663
1.086 3.660232 0.162390
1.087 3.659998 0.162114
1.088 3.659764 0.161837
1.089 3.659529 0.161560
1.090 3.659295 0.161283
1.091 3.659057 0.160976
1.092 3.658816 0.160654
1.093 3.658575 0.160332
1.094 3.658334 0.160010
1.095 3.658093 0.159688
1.096 3.657879 0.159370
1.097 3.657671 0.159053
1.098 3.657463 0.158736
1.099 3.657255 0.158419
1.100 3.657046 0.158102
1.101 3.656832 0.157750
1.102 3.656617 0.157397
1.103 3.656403 0.157044
1.104 3.656188 0.156692
1.105 3.655973 0.156340
1.106 3.655753 0.155994
1.107 3.655532 0.155649
1.108 3.655311 0.155304
1.109 3.655090 0.154959
1.110 3.654871 0.154634
1.111 3.654667 0.154456
1.112 3.654462 0.154278
1.113 3.654257 0.154100
1.114 3.654053 0.153922
1.115 3.653847 0.153745
1.116 3.653630 0.153579
1.117 3.653414 0.153412
1.118 3.653198 0.153246
1.119 3.652982 0.153079
1.120 3.652769 0.152914
1.121 3.652591 0.152771
1.122 3.652413 0.152628
1.123 3.652235 0.152485
1.124 3.652057 0.152342
1.125 3.651879 0.152199
1.126 3.651688 0.152008
1.127 3.651496 0.151816
1.128 3.651305 0.151624
1.129 3.651114 0.151433
1.130 3.650922 0.151241
1.131 3.650747 0.151078
1.132 3.650574 0.150919
1.133 3.650400 0.150760
1.134 3.650227 0.150601
1.135 3.650054 0.150442
1.136 3.649870 0.150282
1.137 3.649682 0.150123
1.138 3.649493 0.149963
1.139 3.649304 0.149804
1.140 3.649116 0.149644
1.141 3.648930 0.149495
1.142 3.648747 0.149358
1.143 3.648565 0.149220
1.144 3.648382 0.149082
1.145 3.648200 0.148945
1.146 3.648019 0.148823
1.147 3.647845 0.148771
1.148 3.647672 0.148719
1.149 3.647498 0.148667
1.150 3.647325 0.148615
1.151 3.647152 0.148563
1.152 3.646974 0.148321
1.153 3.646796 0.148049
1.154 3.646619 0.147776
1.155 3.646441 0.147504
1.156 3.646263 0.147231
1.157 3.646083 0.147026
1.158 3.645901 0.146892
1.159 3.645718 0.146757
1.160 3.645536 0.146623
1.161 3.645353 0.146489
1.162 3.645172 0.146359
1.163 3.645002 0.146294
1.164 3.644831 0.146229
1.165 3.644661 0.146165
1.166 3.644491 0.146100
1.167 3.644321 0.146035
1.168 3.644162 0.145901
1.169 3.644011 0.145718
1.170 3.643861 0.145534
1.171 3.643710 0.145351
1.172 3.643559 0.145168
1.173 3.643407 0.144985
1.174 3.643234 0.144812
1.175 3.643061 0.144639
1.176 3.642888 0.144467
1.177 3.642715 0.144294
1.178 3.642542 0.144121
1.179 3.642367 0.143971
1.180 3.642192 0.143846
1.181 3.642016 0.143721
1.182 3.641840 0.143596
1.183 3.641664 0.143471
1.184 3.641488 0.143346
1.185 3.641317 0.143094
1.186 3.641147 0.142819
1.187 3.640977 0.142544
1.188 3.640807 0.142269
1.189 3.640637 0.141994
1.190 3.640468 0.141735
1.191 3.640302 0.141563
1.192 3.640137 0.141391
1.193 3.639972 0.141218
1.194 3.639807 0.141046
1.195 3.639641 0.140874
1.196 3.639478 0.140763
1.197 3.639317 0.140737
1.198 3.639157 0.140712
1.199 3.638996 0.140687
1.200 3.638836 0.140662
1.201 3.638675 0.140637
1.202 3.638518 0.140561
1.203 3.638364 0.140454
1.204 3.638210 0.140347
1.205 3.638056 0.140240
1.206 3.637902 0.140133
1.207 3.637747 0.140026
1.208 3.637597 0.139857
1.209 3.637448 0.139670
1.210 3.637300 0.139482
1.211 3.637151 0.139294
1.212 3.637002 0.139107
1.213 3.636853 0.138919
1.214 3.636708 0.138767
1.215 3.636563 0.138621
1.216 3.636418 0.138475
1.217 3.636274 0.138329
1.218 3.636129 0.138183
1.219 3.635985 0.138037
1.220 3.635843 0.137883
1.221 3.635702 0.137729
1.222 3.635561 0.137574
1.223 3.635420 0.137419
1.224 3.635279 0.137264
1.225 3.635138 0.137109
1.226 3.635003 0.137000
1.227 3.634870 0.136899
1.228 3.634736 0.136799
1.229 3.634602 0.136698
1.230 3.634468 0.136597
1.231 3.634334 0.136497
1.232 3.634204 0.136382
1.233 3.634075 0.136263
1.234 3.633946 0.136143
1.235 3.633817 0.136024
1.236 3.633688 0.135905
1.237 3.633559 0.135786
1.238 3.633433 0.135639
1.239 3.633307 0.135475
1.240 3.633182 0.135312
1.241 3.633057 0.135148
1.242 3.632931 0.134984
1.243 3.632806 0.134820
1.244 3.632682 0.134613
1.245 3.632561 0.134341
1.246 3.632440 0.134068
1.247 3.632318 0.133796
1.248 3.632197 0.133523
1.249 3.632075 0.133251
1.250 3.631954 0.132994
1.251 3.631838 0.132846
1.252 3.631722 0.132698
1.253 3.631606 0.132551
1.254 3.631490 0.132403
1.255 3.631374 0.132255
1.256 3.631258 0.132107
1.257 3.631145 0.131991
1.258 3.631033 0.131884
1.259 3.630921 0.131776
1.260 3.630809 0.131669
1.261 3.630698 0.131561
1.262 3.630586 0.131453
1.263 3.630475 0.131308
1.264 3.630367 0.131102
1.265 3.630258 0.130895
1.266 3.630150 0.130689
1.267 3.630041 0.130483
1.268 3.629933 0.130277
1.269 3.629824 0.130070
1.270 3.629719 0.129788
1.271 3.629614 0.129498
1.272 3.629509 0.129209
1.273 3.629404 0.128919
1.274 3.629299 0.128630
1.275 3.629194 0.128340
1.276 3.629090 0.128075
1.277 3.628989 0.127851
1.278 3.628887 0.127626
1.279 3.628786 0.127402
1.280 3.628685 0.127177
1.281 3.628583 0.126952
1.282 3.628482 0.126728
1.283 3.628383 0.126621
1.284 3.628286 0.126547
1.285 3.628188 0.126473
1.286 3.628091 0.126400
1.287 3.627993 0.126326
1.288 3.627895 0.126252
1.289 3.627798 0.126173
1.290 3.627704 0.126047
1.291 3.627610 0.125921
1.292 3.627516 0.125795
1.293 3.627422 0.125669
1.294 3.627328 0.125544
1.295 3.627234 0.125418
1.296 3.627141 0.125283
1.297 3.627051 0.125135
1.298 3.626960 0.124986
1.299 3.626870 0.124837
1.300 3.626780 0.124688
1.301 3.626690 0.124540
1.302 3.626600 0.124391
1.303 3.626510 0.124158
1.304 3.626420 0.123856
1.305 3.626330 0.123554
1.306 3.626240 0.123253
1.307 3.626151 0.122951
1.308 3.626061 0.122649
1.309 3.625971 0.122348
1.310 3.625884 0.122095
1.311 3.625797 0.121868
1.312 3.625710 0.121640
1.313 3.625623 0.121413
1.314 3.625536 0.121185
1.315 3.625450 0.120957
1.316 3.625363 0.120730
1.317 3.625279 0.120457
1.318 3.625196 0.120165
1.319 3.625113 0.119874
1.320 3.625030 0.119583
1.321 3.624947 0.119292
1.322 3.624864 0.119000
1.323 3.624781 0.118709
1.324 3.624701 0.118448
1.325 3.624622 0.118201
1.326 3.624543 0.117954
1.327 3.624464 0.117706
1.328 3.624385 0.117459
1.329 3.624307 0.117212
1.330 3.624228 0.116965
1.331 3.624147 0.116707
1.332 3.624064 0.116441
1.333 3.623982 0.116175
1.334 3.623899 0.115909
1.335 3.623817 0.115643
1.336 3.623734 0.115377
1.337 3.623652 0.115111
1.338 3.623570 0.114867
1.339 3.623489 0.114657
1.340 3.623407 0.114448
1.341 3.623326 0.114238
1.342 3.623245 0.114029
1.343 3.623163 0.113820
1.344 3.623082 0.113610
1.345 3.623001 0.113403
1.346 3.622924 0.113215
1.347 3.622848 0.113026
1.348 3.622771 0.112837
1.349 3.622694 0.112649
1.350 3.622617 0.112460
1.351 3.622540 0.112271
1.352 3.622463 0.112083
1.353 3.622390 0.111807
1.354 3.622318 0.111507
1.355 3.622246 0.111207
1.356 3.622174 0.110907
1.357 3.622102 0.110608
1.358 3.622029 0.110308
1.359 3.621957 0.110008
1.360 3.621884 0.109740
1.361 3.621808 0.109527
1.362 3.621733 0.109314
1.363 3.621657 0.109100
1.364 3.621581 0.108887
1.365 3.621506 0.108674
1.366 3.621430 0.108461
1.367 3.621355 0.108248
1.368 3.621281 0.107961
1.369 3.621208 0.107662
1.370 3.621134 0.107363
1.371 3.621061 0.107064
1.372 3.620988 0.106765
1.373 3.620914 0.106466
1.374 3.620841 0.106167
1.375 3.620769 0.105904
1.376 3.620702 0.105734
1.377 3.620635 0.105563
1.378 3.620568 0.105393
1.379 3.620501 0.105223
1.380 3.620433 0.105053
1.381 3.620366 0.104882
1.382 3.620299 0.104712
1.383 3.620235 0.104494
1.384 3.620174 0.104245
1.385 3.620113 0.103996
1.386 3.620052 0.103747
1.387 3.619991 0.103498
1.388 3.619930 0.103248
1.389 3.619869 0.102999
1.390 3.619808 0.102750
1.391 3.619750 0.102492
1.392 3.619693 0.102233
1.393 3.619635 0.101974
1.394 3.619578 0.101714
1.395 3.619520 0.101455
1.396 3.619463 0.101196
1.397 3.619405 0.100936
1.398 3.619347 0.100677
1.399 3.619297 0.100483
1.400 3.619246 0.100290
1.401 3.619195 0.100096
1.402 3.619144 0.099903
1.403 3.619093 0.099709
1.404 3.619042 0.099515
1.405 3.618991 0.099322
1.406 3.618941 0.099122
1.407 3.618899 0.098837
1.408 3.618856 0.098553
1.409 3.618814 0.098268
1.410 3.618772 0.097983
1.411 3.618730 0.097699
1.412 3.618687 0.097414
1.413 3.618645 0.097129
1.414 3.618603 0.096847
1.415 3.618571 0.096621
1.416 3.618539 0.096396
1.417 3.618507 0.096170
1.418 3.618476 0.095944
1.419 3.618444 0.095718
1.420 3.618412 0.095493
1.421 3.618380 0.095267
1.422 3.618348 0.095041
1.423 3.618331 0.094654
1.424 3.618315 0.094254
1.425 3.618299 0.093853
1.426 3.618283 0.093453
1.427 3.618267 0.093052
1.428 3.618251 0.092652
1.429 3.618235 0.092252
1.430 3.618219 0.091851
1.431 3.618214 0.091494
1.432 3.618213 0.091153
1.433 3.618213 0.090812
1.434 3.618212 0.090471
1.435 3.618212 0.090131
1.436 3.618211 0.089790
1.437 3.618211 0.089449
1.438 3.618210 0.089108
1.439 3.618217 0.088797
1.440 3.618233 0.088529
1.441 3.618250 0.088261
1.442 3.618266 0.087993
1.443 3.618283 0.087724
1.444 3.618300 0.087456
1.445 3.618316 0.087188
1.446 3.618333 0.086920
1.447 3.618350 0.086651
1.448 3.618388 0.086369
1.449 3.618426 0.086088
1.450 3.618465 0.085806
1.451 3.618503 0.085524
1.452 3.618541 0.085242
1.453 3.618580 0.084960
1.454 3.618618 0.084678
1.455 3.618656 0.084396
1.456 3.618719 0.084082
1.457 3.618806 0.083736
1.458 3.618893 0.083390
1.459 3.618980 0.083043
1.460 3.619067 0.082697
1.461 3.619154 0.082351
1.462 3.619241 0.082005
1.463 3.619327 0.081659
1.464 3.619414 0.081313
1.465 3.619542 0.080923
1.466 3.619673 0.080528
1.467 3.619805 0.080134
1.468 3.619936 0.079739
1.469 3.620068 0.079344
1.470 3.620199 0.078949
1.471 3.620331 0.078555
1.472 3.620463 0.078160
1.473 3.620605 0.077762
1.474 3.620790 0.077354
1.475 3.620975 0.076945
1.476 3.621160 0.076536
1.477 3.621345 0.076127
1.478 3.621530 0.075718
1.479 3.621715 0.075309
1.480 3.621900 0.074901
1.481 3.622085 0.074492
1.482 3.622299 0.074077
1.483 3.622556 0.073652
1.484 3.622814 0.073228
1.485 3.623071 0.072803
1.486 3.623329 0.072379
1.487 3.623587 0.071955
1.488 3.623844 0.071530
1.489 3.624102 0.071106
1.490 3.624360 0.070681
1.491 3.624664 0.070214
1.492 3.625020 0.069698
1.493 3.625376 0.069183
1.494 3.625733 0.068668
1.495 3.626089 0.068153
1.496 3.626445 0.067637
1.497 3.626801 0.067122
1.498 3.627157 0.066607
1.499 3.627513 0.066092
1.500 3.627913 0.065504
1.501 3.628366 0.064827
1.502 3.628819 0.064151
1.503 3.629272 0.063475
1.504 3.629725 0.062798
1.505 3.630178 0.062122
1.506 3.630631 0.061446
1.507 3.631084 0.060770
1.508 3.631538 0.060093
1.509 3.632010 0.059437
1.510 3.632522 0.058822
1.511 3.633035 0.058207
1.512 3.633548 0.057592
1.513 3.634061 0.056977
1.514 3.634574 0.056362
1.515 3.635086 0.055747
1.516 3.635599 0.055132
1.517 3.636112 0.054517
1.518 3.636623 0.053895
1.519 3.637106 0.053187
1.520 3.637589 0.052479
1.521 3.638072 0.051771
1.522 3.638555 0.051063
1.523 3.639038 0.050356
1.524 3.639521 0.049648
1.525 3.640004 0.048940
1.526 3.640488 0.048232
1.527 3.640971 0.047524
1.528 3.641210 0.046699
1.529 3.641352 0.045828
1.530 3.641494 0.044956
1.531 3.641636 0.044084
1.532 3.641778 0.043213
1.533 3.641920 0.042341
1.534 3.642062 0.041470
1.535 3.642204 0.040598
1.536 3.642346 0.039726
1.537 3.642488 0.038855
1.538 3.642580 0.037964
1.539 3.642449 0.036988
1.540 3.642317 0.036012
1.541 3.642185 0.035036
1.542 3.642053 0.034060
1.543 3.641922 0.033084
1.544 3.641790 0.032108
1.545 3.641658 0.031132
1.546 3.641526 0.030156
1.547 3.641395 0.029180
1.548 3.641263 0.028204
1.549 3.640961 0.027335
1.550 3.640491 0.026572
1.551 3.640020 0.025809
1.552 3.639550 0.025046
1.553 3.639080 0.024283
1.554 3.638610 0.023520
1.555 3.638139 0.022757
1.556 3.637669 0.021994
1.557 3.637199 0.021231
1.558 3.636728 0.020468
1.559 3.636258 0.019705
1.560 3.635593 0.019000
1.561 3.634832 0.018322
1.562 3.634072 0.017645
1.563 3.633312 0.016968
1.564 3.632551 0.016290
1.565 3.631791 0.015613
1.566 3.631031 0.014935
1.567 3.630270 0.014258
1.568 3.629510 0.013581
1.569 3.628750 0.012903
1.570 3.627990 0.012226
1.571 3.627136 0.011707
1.572 3.626240 0.011257
1.573 3.625345 0.010808
1.574 3.624450 0.010359
1.575 3.623554 0.009910
1.576 3.622659 0.009461
1.577 3.621764 0.009012
1.578 3.620868 0.008563
1.579 3.619973 0.008114
1.580 3.619078 0.007665
1.581 3.618182 0.007216
1.582 3.617255 0.006887
1.583 3.616301 0.006656
1.584 3.615347 0.006424
1.585 3.614393 0.006192
1.586 3.613439 0.005960
1.587 3.612486 0.005728
1.588 3.611532 0.005496
1.589 3.610578 0.005264
1.590 3.609624 0.005032
1.591 3.608671 0.004800
1.592 3.607717 0.004568
1.593 3.606778 0.004354
1.594 3.605882 0.004193
1.595 3.604985 0.004032
1.596 3.604089 0.003871
1.597 3.603193 0.003710
1.598 3.602297 0.003549
1.599 3.601400 0.003388
1.600 3.600504 0.003227
1.601 3.599608 0.003065
1.602 3.598712 0.002904
1.603 3.597815 0.002743
1.604 3.596919 0.002582
1.605 3.596097 0.002515
1.606 3.595294 0.002471
1.607 3.594491 0.002427
1.608 3.593688 0.002383
1.609 3.592885 0.002339
1.610 3.592082 0.002295
1.611 3.591279 0.002251
1.612 3.590476 0.002207
1.613 3.589673 0.002163
1.614 3.588870 0.002119
1.615 3.588067 0.002075
1.616 3.587284 0.002028
1.617 3.586597 0.001965
1.618 3.585910 0.001903
1.619 3.585223 0.001840
1.620 3.584536 0.001778
1.621 3.583849 0.001715
1.622 3.583162 0.001652
1.623 3.582475 0.001590
1.624 3.581788 0.001527
1.625 3.581101 0.001464
1.626 3.580414 0.001402
1.627 3.579727 0.001339
1.628 3.579074 0.001292
1.629 3.578476 0.001272
1.630 3.577879 0.001251
1.631 3.577281 0.001230
1.632 3.576683 0.001209
1.633 3.576086 0.001188
1.634 3.575488 0.001167
1.635 3.574890 0.001146
1.636 3.574292 0.001125
1.637 3.573695 0.001105
1.638 3.573097 0.001084
1.639 3.572499 0.001063
1.640 3.571934 0.001049
1.641 3.571415 0.001044
1.642 3.570897 0.001040
1.643 3.570378 0.001036
1.644 3.569859 0.001031
1.645 3.569341 0.001027
1.646 3.568822 0.001022
1.647 3.568304 0.001018
1.648 3.567785 0.001014
1.649 3.567266 0.001009
1.650 3.566748 0.001005
1.651 3.566229 0.001001
1.652 3.565724 0.000991
1.653 3.565259 0.000968
1.654 3.564794 0.000944
1.655 3.564329 0.000921
1.656 3.563863 0.000898
1.657 3.563398 0.000874
1.658 3.562933 0.000851
1.659 3.562467 0.000828
1.660 3.562002 0.000804
1.661 3.561537 0.000781
1.662 3.561072 0.000758
1.663 3.560606 0.000734
1.664 3.560141 0.000711
1.665 3.559708 0.000694
1.666 3.559276 0.000677
1.667 3.558845 0.000661
1.668 3.558414 0.000644
1.669 3.557982 0.000628
1.670 3.557551 0.000611
1.671 3.557120 0.000594
1.672 3.556689 0.000578
1.673 3.556257 0.000561
1.674 3.555826 0.000545
1.675 3.555395 0.000528
1.676 3.554963 0.000511
1.677 3.554536 0.000495
1.678 3.554112 0.000479
1.679 3.553689 0.000462
1.680 3.553266 0.000446
1.681 3.552842 0.000429
1.682 3.552419 0.000413
1.683 3.551996 0.000397
1.684 3.551572 0.000380
1.685 3.551149 0.000364
1.686 3.550726 0.000348
1.687 3.550303 0.000331
1.688 3.549879 0.000315
1.689 3.549456 0.000299
1.690 3.549039 0.000282
1.691 3.548625 0.000266
1.692 3.548211 0.000250
1.693 3.547797 0.000234
1.694 3.547382 0.000218
1.695 3.546968 0.000202
1.696 3.546554 0.000186
1.697 3.546140 0.000170
1.698 3.545726 0.000154
1.699 3.545311 0.000138
1.700 3.544897 0.000122
1.701 3.544483 0.000105
1.702 3.544069 0.000089
1.703 3.543661 0.000081
1.704 3.543255 0.000075
1.705 3.542848 0.000068
1.706 3.542442 0.000061
1.707 3.542036 0.000055
1.708 3.541629 0.000048
1.709 3.541223 0.000041
1.710 3.540817 0.000035
1.711 3.540410 0.000028
1.712 3.540004 0.000022
1.713 3.539598 0.000015
1.714 3.539191 0.000008
1.715 3.538785 0.000002
1.716 3.538385 0.000000
1.717 3.537987 0.000000
1.718 3.537588 0.000000
1.719 3.537190 0.000000
1.720 3.536792 0.000000
1.721 3.536394 0.000000
1.722 3.535996 0.000000
1.723 3.535597 0.000000
1.724 3.535199 0.000000
1.725 3.534801 0.000000
1.726 3.534403 0.000000
1.727 3.534005 0.000000
1.728 3.533606 0.000000
1.729 3.533211 0.000000
1.730 3.532821 0.000000
1.731 3.532430 0.000000
1.732 3.532039 0.000000
1.733 3.531648 0.000000
1.734 3.531258 0.000000
1.735 3.530867 0.000000
1.736 3.530476 0.000000
1.737 3.530085 0.000000
1.738 3.529694 0.000000
1.739 3.529304 0.000000
1.740 3.528913 0.000000
1.741 3.528522 0.000000
1.742 3.528131 0.000000
1.743 3.527747 0.000000
1.744 3.527363 0.000000
1.745 3.526979 0.000000
1.746 3.526596 0.000000
1.747 3.526212 0.000000
1.748 3.525828 0.000000
1.749 3.525444 0.000000
1.750 3.525061 0.000000
1.751 3.524677 0.000000
1.752 3.524293 0.000000
1.753 3.523909 0.000000
1.754 3.523526 0.000000
1.755 3.523142 0.000000
1.756 3.522760 0.000000
1.757 3.522383 0.000000
1.758 3.522007 0.000000
1.759 3.521631 0.000000
1.760 3.521255 0.000000
1.761 3.520878 0.000000
1.762 3.520502 0.000000
1.763 3.520126 0.000000
1.764 3.519750 0.000000
1.765 3.519373 0.000000
1.766 3.518997 0.000000
1.767 3.518621 0.000000
1.768 3.518245 0.000000
1.769 3.517868 0.000000
1.770 3.517494 0.000000
1.771 3.517124 0.000000
1.772 3.516755 0.000000
1.773 3.516385 0.000000
1.774 3.516015 0.000000
1.775 3.515646 0.000000
1.776 3.515276 0.000000
1.777 3.514907 0.000000
1.778 3.514537 0.000000
1.779 3.514167 0.000000
1.780 3.513798 0.000000
1.781 3.513428 0.000000
1.782 3.513059 0.000000
1.783 3.512689 0.000000
1.784 3.512320 0.000000
1.785 3.511958 0.000000
1.786 3.511595 0.000000
1.787 3.511233 0.000000
1.788 3.510870 0.000000
1.789 3.510508 0.000000
1.790 3.510145 0.000000
1.791 3.509783 0.000000
1.792 3.509421 0.000000
1.793 3.509058 0.000000
1.794 3.508696 0.000000
1.795 3.508333 0.000000
1.796 3.507971 0.000000
1.797 3.507608 0.000000
1.798 3.507246 0.000000
1.799 3.506888 0.000000
1.800 3.506532 0.000000
1.801 3.506175 0.000000
1.802 3.505819 0.000000
1.803 3.505463 0.000000
1.804 3.505106 0.000000
1.805 3.504750 0.000000
1.806 3.504393 0.000000
1.807 3.504037 0.000000
1.808 3.503681 0.000000
1.809 3.503324 0.000000
1.810 3.502968 0.000000
1.811 3.502612 0.000000
1.812 3.502255 0.000000
1.813 3.501900 0.000000
1.814 3.501551 0.000000
1.815 3.501202 0.000000
1.816 3.500854 0.000000
1.817 3.500505 0.000000
1.818 3.500156 0.000000
1.819 3.499807 0.000000
1.820 3.499459 0.000000
1.821 3.499110 0.000000
1.822 3.498761 0.000000
1.823 3.498413 0.000000
1.824 3.498064 0.000000
1.825 3.497715 0.000000
1.826 3.497366 0.000000
1.827 3.497018 0.000000
1.828 3.496670 0.000000
1.829 3.496328 0.000000
1.830 3.495985 0.000000
1.831 3.495642 0.000000
1.832 3.495299 0.000000
1.833 3.494956 0.000000
1.834 3.494613 0.000000
1.835 3.494271 0.000000
1.836 3.493928 0.000000
1.837 3.493585 0.000000
1.838 3.493242 0.000000
1.839 3.492899 0.000000
1.840 3.492557 0.000000
1.841 3.492214 0.000000
1.842 3.491871 0.000000
1.843 3.491529 0.000000
1.844 3.491193 0.000000
1.845 3.490857 0.000000
1.846 3.490521 0.000000
1.847 3.490185 0.000000
1.848 3.489849 0.000000
1.849 3.489513 0.000000
1.850 3.489177 0.000000
1.851 3.488841 0.000000
1.852 3.488505 0.000000
1.853 3.488169 0.000000
1.854 3.487833 0.000000
1.855 3.487497 0.000000
1.856 3.487161 0.000000
1.857 3.486825 0.000000
1.858 3.486489 0.000000
1.859 3.486157 0.000000
1.860 3.485826 0.000000
1.861 3.485495 0.000000
1.862 3.485165 0.000000
1.863 3.484834 0.000000
1.864 3.484503 0.000000
1.865 3.484173 0.000000
1.866 3.483842 0.000000
1.867 3.483511 0.000000
1.868 3.483181 0.000000
1.869 3.482850 0.000000
1.870 3.482519 0.000000
1.871 3.482189 0.000000
1.872 3.481858 0.000000
1.873 3.481527 0.000000
1.874 3.481198 0.000000
1.875 3.480874 0.000000
1.876 3.480550 0.000000
1.877 3.480226 0.000000
1.878 3.479902 0.000000
1.879 3.479579 0.000000
1.880 3.479255 0.000000
1.881 3.478931 0.000000
1.882 3.478607 0.000000
1.883 3.478283 0.000000
1.884 3.477959 0.000000
1.885 3.477635 0.000000
1.886 3.477311 0.000000
1.887 3.476987 0.000000
1.888 3.476664 0.000000
1.889 3.476340 0.000000
1.890 3.476017 0.000000
1.891 3.475699 0.000000
1.892 3.475380 0.000000
1.893 3.475061 0.000000
1.894 3.474743 0.000000
1.895 3.474424 0.000000
1.896 3.474105 0.000000
1.897 3.473787 0.000000
1.898 3.473468 0.000000
1.899 3.473149 0.000000
1.900 3.472831 0.000000
1.901 3.472512 0.000000
1.902 3.472193 0.000000
1.903 3.471875 0.000000
1.904 3.471556 0.000000
1.905 3.471237 0.000000
1.906 3.470920 0.000000
1.907 3.470608 0.000000
1.908 3.470295 0.000000
1.909 3.469983 0.000000
1.910 3.469671 0.000000
1.911 3.469359 0.000000
1.912 3.469047 0.000000
1.913 3.468735 0.000000
1.914 3.468423 0.000000
1.915 3.468111 0.000000
1.916 3.467799 0.000000
1.917 3.467487 0.000000
1.918 3.467175 0.000000
1.919 3.466863 0.000000
1.920 3.466551 0.000000
1.921 3.466239 0.000000
1.922 3.465927 0.000000
1.923 3.465618 0.000000
1.924 3.465311 0.000000
1.925 3.465004 0.000000
1.926 3.464698 0.000000
1.927 3.464391 0.000000
1.928 3.464084 0.000000
1.929 3.463777 0.000000
1.930 3.463470 0.000000
1.931 3.463164 0.000000
1.932 3.462857 0.000000
1.933 3.462550 0.000000
1.934 3.462243 0.000000
1.935 3.461936 0.000000
1.936 3.461629 0.000000
1.937 3.461323 0.000000
1.938 3.461016 0.000000
1.939 3.460709 0.000000
1.940 3.460409 0.000000
1.941 3.460109 0.000000
1.942 3.459809 0.000000
1.943 3.459509 0.000000
1.944 3.459209 0.000000
1.945 3.458908 0.000000
1.946 3.458608 0.000000
1.947 3.458308 0.000000
1.948 3.458008 0.000000
1.949 3.457708 0.000000
1.950 3.457408 0.000000