0.251 2.232363 3.405303
0.252 2.295116 3.411355
0.253 2.357563 3.416430
0.254 2.418010 3.420675
0.255 2.478300 3.423911
0.256 2.540554 3.427725
0.257 2.604599 3.431786
0.258 2.671787 3.435155
0.259 2.746111 3.436167
0.260 2.820984 3.431794
0.261 2.902055 3.420897
0.262 2.984642 3.400771
0.263 3.070342 3.374109
0.264 3.151000 3.336297
0.265 3.228501 3.290962
0.266 3.302623 3.237714
0.267 3.369926 3.176287
0.268 3.425415 3.110317
0.269 3.474797 3.040134
0.270 3.515276 2.969500
0.271 3.547186 2.900190
0.272 3.571610 2.829966
0.273 3.590084 2.761644
0.274 3.603603 2.698670
0.275 3.612625 2.636509
0.276 3.616093 2.576227
0.277 3.617491 2.522833
0.278 3.614764 2.470969
0.279 3.610860 2.422083
0.280 3.606398 2.376325
0.281 3.598457 2.333450
0.282 3.590602 2.293125
0.283 3.582565 2.255536
0.284 3.572326 2.217608
0.285 3.562378 2.183902
0.286 3.551057 2.151877
0.287 3.539135 2.122567
0.288 3.527559 2.093240
0.289 3.516429 2.068053
0.290 3.503074 2.041554
0.291 3.489779 2.018906
0.292 3.476885 1.997184
0.293 3.464453 1.976436
0.294 3.452208 1.959629
0.295 3.437975 1.941179
0.296 3.425058 1.925997
0.297 3.413087 1.909544
0.298 3.399945 1.895315
0.299 3.389868 1.884318
0.300 3.377587 1.871222
0.301 3.365440 1.861529
0.302 3.353869 1.852381
0.303 3.345697 1.843682
0.304 3.334778 1.835332
0.305 3.324302 1.827291
0.306 3.314147 1.819588
0.307 3.304756 1.815024
0.308 3.295835 1.808333
0.309 3.288884 1.804647
0.310 3.280070 1.798599
0.311 3.272173 1.795166
0.312 3.266537 1.791934
0.313 3.258515 1.789080
0.314 3.253623 1.786640
0.315 3.246615 1.783987
0.316 3.241044 1.783148
0.317 3.235552 1.780004
0.318 3.229443 1.780229
0.319 3.225477 1.778673
0.320 3.221385 1.777716
0.321 3.216132 1.778245
0.322 3.213370 1.778873
0.323 3.210725 1.779551
0.324 3.205386 1.777452
0.325 3.202774 1.778000
0.326 3.200610 1.778953
0.327 3.198601 1.780000
0.328 3.196741 1.781136
0.329 3.195002 1.782339
0.330 3.193354 1.783597
0.331 3.191909 1.784997
0.332 3.190561 1.786461
0.333 3.189306 1.790889
0.334 3.188172 1.792769
0.335 3.187176 1.794470
0.336 3.186254 1.796227
0.337 3.187347 1.798138
0.338 3.188056 1.800840
0.339 3.187496 1.805338
0.340 3.188582 1.807442
0.341 3.189928 1.809679
0.342 3.189712 1.811988
0.343 3.190780 1.817587
0.344 3.192859 1.820064
0.345 3.194858 1.822598
0.346 3.196431 1.828434
0.347 3.199403 1.831160
0.348 3.200487 1.833969
0.349 3.204169 1.839927
0.350 3.205052 1.843044
0.351 3.209076 1.846821
0.352 3.212519 1.852443
0.353 3.214400 1.855643
0.354 3.218349 1.861638
0.355 3.222167 1.865543
0.356 3.225684 1.869721
0.357 3.229832 1.875730
0.358 3.234822 1.880430
0.359 3.239696 1.886199
0.360 3.245251 1.891492
0.361 3.250213 1.896938
0.362 3.255024 1.902851
0.363 3.262540 1.908608
0.364 3.267828 1.915150
0.365 3.274767 1.920346
0.366 3.282420 1.926846
0.367 3.287590 1.933924
0.368 3.295846 1.941106
0.369 3.304292 1.947437
0.370 3.315589 1.953952
0.371 3.324631 1.960945
0.372 3.334171 1.968490
0.373 3.345763 1.975378
0.374 3.358818 1.981875
0.375 3.370562 1.988845
0.376 3.384158 1.993635
0.377 3.398641 1.998478
0.378 3.413290 2.002083
0.379 3.430653 2.004780
0.380 3.446180 2.005597
0.381 3.460788 2.005977
0.382 3.473414 2.004807
0.383 3.485908 2.003943
0.384 3.499562 2.003010
0.385 3.510395 2.002405
0.386 3.518625 2.000667
0.387 3.526854 2.001644
0.388 3.535807 2.000791
0.389 3.544645 2.005470
0.390 3.552853 2.008227
0.391 3.561373 2.014213
0.392 3.570649 2.021700
0.393 3.580900 2.029470
0.394 3.593373 2.039147
0.395 3.607516 2.048823
0.396 3.624665 2.060782
0.397 3.640887 2.072843
0.398 3.662730 2.082410
0.399 3.686465 2.092068
0.400 3.712325 2.102307
0.401 3.739560 2.111550
0.402 3.771241 2.118465
0.403 3.803504 2.124395
0.404 3.837899 2.125970
0.405 3.872393 2.126290
0.406 3.906859 2.122761
0.407 3.941213 2.118014
0.408 3.975214 2.111919
0.409 4.008900 2.104170
0.410 4.042402 2.094678
0.411 4.075797 2.083916
0.412 4.108753 2.071933
0.413 4.140739 2.057446
0.414 4.174206 2.042104
0.415 4.208197 2.025247
0.416 4.241583 2.006918
0.417 4.275022 1.985397
0.418 4.307707 1.961051
0.419 4.339211 1.934381
0.420 4.369828 1.905394
0.421 4.399750 1.874091
0.422 4.427719 1.840556
0.423 4.451709 1.804105
0.424 4.474423 1.766268
0.425 4.494397 1.727205
0.426 4.510405 1.687049
0.427 4.523813 1.646607
0.428 4.533284 1.605618
0.429 4.539979 1.565088
0.430 4.543397 1.526735
0.431 4.544584 1.488364
0.432 4.543154 1.451307
0.433 4.540263 1.417128
0.434 4.534953 1.383527
0.435 4.528548 1.350568
0.436 4.521401 1.319422
0.437 4.515577 1.289438
0.438 4.507024 1.262461
0.439 4.497930 1.235335
0.440 4.488453 1.211030
0.441 4.478923 1.187285
0.442 4.467757 1.165126
0.443 4.456089 1.143461
0.444 4.446101 1.121958
0.445 4.436123 1.103438
0.446 4.426126 1.085451
0.447 4.416149 1.068019
0.448 4.406191 1.050014
0.449 4.396241 1.034417
0.450 4.386317 1.017813
0.451 4.376442 1.002674
0.452 4.366639 0.989087
0.453 4.356875 0.975275
0.454 4.347159 0.961900
0.455 4.337517 0.949082
0.456 4.328794 0.936915
0.457 4.321184 0.924890
0.458 4.312136 0.913228
0.459 4.302806 0.902374
0.460 4.293508 0.891599
0.461 4.284282 0.881136
0.462 4.276364 0.871264
0.463 4.269042 0.861627
0.464 4.260340 0.852082
0.465 4.251492 0.842822
0.466 4.243766 0.834024
0.467 4.237172 0.825483
0.468 4.228525 0.817095
0.469 4.221433 0.809004
0.470 4.214532 0.801064
0.471 4.206364 0.793331
0.472 4.199418 0.785799
0.473 4.193158 0.778534
0.474 4.186195 0.771464
0.475 4.180099 0.764491
0.476 4.172168 0.757739
0.477 4.165635 0.751129
0.478 4.159562 0.744668
0.479 4.153440 0.738372
0.480 4.147310 0.732276
0.481 4.141454 0.726208
0.482 4.135431 0.720186
0.483 4.129550 0.714473
0.484 4.124025 0.708889
0.485 4.117863 0.703339
0.486 4.112803 0.697839
0.487 4.106506 0.692466
0.488 4.101807 0.687213
0.489 4.095502 0.681965
0.490 4.090939 0.676770
0.491 4.084730 0.671767
0.492 4.080941 0.667012
0.493 4.076494 0.662047
0.494 4.070747 0.657198
0.495 4.066047 0.652590
0.496 4.060579 0.647947
0.497 4.055805 0.643460
0.498 4.050515 0.639016
0.499 4.046357 0.634545
0.500 4.042441 0.630228
0.501 4.037408 0.625997
0.502 4.033099 0.621773
0.503 4.029454 0.617530
0.504 4.024687 0.613368
0.505 4.020223 0.609338
0.506 4.016810 0.605345
0.507 4.012280 0.601425
0.508 4.007513 0.597569
0.509 4.003139 0.593711
0.510 3.998288 0.589878
0.511 3.995285 0.586143
0.512 3.991190 0.582558
0.513 3.986483 0.579044
0.514 3.983215 0.575410
0.515 3.979420 0.571811
0.516 3.974971 0.568269
0.517 3.971434 0.564820
0.518 3.968605 0.561460
0.519 3.965239 0.558090
0.520 3.961078 0.554727
0.521 3.957144 0.551492
0.522 3.954191 0.548253
0.523 3.950053 0.544916
0.524 3.945962 0.541795
0.525 3.943273 0.538696
0.526 3.939283 0.535624
0.527 3.935360 0.532543
0.528 3.932321 0.529539
0.529 3.929803 0.526568
0.530 3.926617 0.523605
0.531 3.922344 0.520693
0.532 3.919132 0.517714
0.533 3.916696 0.514940
0.534 3.914281 0.512038
0.535 3.909960 0.509275
0.536 3.906416 0.506598
0.537 3.903886 0.503854
0.538 3.900782 0.501078
0.539 3.896086 0.498520
0.540 3.893777 0.495927
0.541 3.891488 0.493175
0.542 3.888690 0.490628
0.543 3.885064 0.488171
0.544 3.881626 0.485686
0.545 3.879422 0.483127
0.546 3.877232 0.480552
0.547 3.873621 0.478182
0.548 3.870274 0.475839
0.549 3.867636 0.473503
0.550 3.865518 0.471105
0.551 3.863185 0.468597
0.552 3.858759 0.466291
0.553 3.856252 0.464041
0.554 3.854164 0.461801
0.555 3.852157 0.459569
0.556 3.850049 0.457359
0.557 3.847293 0.455191
0.558 3.843714 0.453044
0.559 3.841147 0.450901
0.560 3.839218 0.448766
0.561 3.837104 0.446649
0.562 3.833326 0.444569
0.563 3.830634 0.442510
0.564 3.828496 0.440455
0.565 3.826560 0.438406
0.566 3.824423 0.436371
0.567 3.820537 0.434376
0.568 3.818061 0.432395
0.569 3.816302 0.430420
0.570 3.814545 0.428446
0.571 3.812803 0.426491
0.572 3.809677 0.424565
0.573 3.806657 0.422657
0.574 3.804511 0.420760
0.575 3.802822 0.418883
0.576 3.800732 0.417169
0.577 3.798007 0.415434
0.578 3.794685 0.413594
0.579 3.793079 0.411770
0.580 3.791473 0.409946
0.581 3.789875 0.408200
0.582 3.788291 0.406596
0.583 3.784460 0.404855
0.584 3.782027 0.403101
0.585 3.780501 0.401361
0.586 3.778976 0.399689
0.587 3.777466 0.398079
0.588 3.775212 0.396431
0.589 3.772120 0.394735
0.590 3.770059 0.393249
0.591 3.768387 0.391639
0.592 3.766772 0.389980
0.593 3.764660 0.388369
0.594 3.761848 0.386854
0.595 3.759498 0.385304
0.596 3.758113 0.383667
0.597 3.756730 0.382222
0.598 3.755243 0.380713
0.599 3.753539 0.379149
0.600 3.750237 0.377751
0.601 3.748164 0.376308
0.602 3.746854 0.374837
0.603 3.745545 0.373358
0.604 3.744247 0.371961
0.605 3.742503 0.370573
0.606 3.739088 0.369078
0.607 3.737251 0.367684
0.608 3.735998 0.366319
0.609 3.734746 0.364926
0.610 3.733510 0.363498
0.611 3.731786 0.362095
0.612 3.728481 0.360812
0.613 3.726717 0.359437
0.614 3.725536 0.358066
0.615 3.724355 0.356844
0.616 3.721980 0.355509
0.617 3.719257 0.354142
0.618 3.717817 0.352899
0.619 3.716565 0.351582
0.620 3.715437 0.350226
0.621 3.714310 0.349044
0.622 3.712293 0.347779
0.623 3.709364 0.346427
0.624 3.707960 0.345242
0.625 3.706755 0.344080
0.626 3.705694 0.342937
0.627 3.704633 0.341682
0.628 3.703210 0.340413
0.629 3.700171 0.339226
0.630 3.698315 0.338082
0.631 3.697296 0.336968
0.632 3.696285 0.335859
0.633 3.695275 0.334689
0.634 3.694265 0.333410
0.635 3.691819 0.332248
0.636 3.689099 0.331131
0.637 3.688142 0.330049
0.638 3.687190 0.328971
0.639 3.686243 0.327895
0.640 3.685148 0.326819
0.641 3.683762 0.325746
0.642 3.681097 0.324682
0.643 3.679318 0.323626
0.644 3.678411 0.322577
0.645 3.677511 0.321375
0.646 3.676505 0.320171
0.647 3.674882 0.319128
0.648 3.673070 0.318090
0.649 3.671033 0.317057
0.650 3.669887 0.316041
0.651 3.669028 0.315038
0.652 3.668175 0.314197
0.653 3.666868 0.313298
0.654 3.664641 0.312282
0.655 3.662973 0.311272
0.656 3.661673 0.310266
0.657 3.660805 0.309270
0.658 3.660003 0.308276
0.659 3.659209 0.307286
0.660 3.657751 0.306296
0.661 3.655150 0.305306
0.662 3.653649 0.304382
0.663 3.652872 0.303500
0.664 3.652111 0.302612
0.665 3.651329 0.301720
0.666 3.650044 0.300754
0.667 3.648580 0.299820
0.668 3.646593 0.298976
0.669 3.645171 0.298107
0.670 3.644437 0.297206
0.671 3.643715 0.296276
0.672 3.643000 0.295329
0.673 3.641060 0.294509
0.674 3.638846 0.293716
0.675 3.637885 0.292800
0.676 3.636980 0.291896
0.677 3.636287 0.291078
0.678 3.635556 0.290250
0.679 3.634729 0.289396
0.680 3.633305 0.288579
0.681 3.631086 0.287812
0.682 3.629731 0.286960
0.683 3.629063 0.286039
0.684 3.628407 0.285236
0.685 3.627756 0.284492
0.686 3.626083 0.283725
0.687 3.624123 0.282953
0.688 3.623027 0.282131
0.689 3.622052 0.281302
0.690 3.621411 0.280526
0.691 3.620776 0.279755
0.692 3.619962 0.279045
0.693 3.619024 0.278333
0.694 3.616993 0.277590
0.695 3.615185 0.276851
0.696 3.614595 0.276129
0.697 3.614005 0.275392
0.698 3.613416 0.274591
0.699 3.612473 0.273826
0.700 3.610337 0.273186
0.701 3.608580 0.272508
0.702 3.607975 0.271714
0.703 3.607384 0.270962
0.704 3.606831 0.270331
0.705 3.606278 0.269683
0.706 3.605725 0.268986
0.707 3.604834 0.268285
0.708 3.602873 0.267567
0.709 3.601190 0.266870
0.710 3.600520 0.266250
0.711 3.599877 0.265631
0.712 3.599360 0.265013
0.713 3.598761 0.264387
0.714 3.597605 0.263705
0.715 3.596431 0.263022
0.716 3.595023 0.262321
0.717 3.593614 0.261619
0.718 3.593114 0.261013
0.719 3.592617 0.260407
0.720 3.592123 0.259803
0.721 3.591630 0.259200
0.722 3.589906 0.258596
0.723 3.587902 0.257993
0.724 3.586977 0.257393
0.725 3.586504 0.256794
0.726 3.586043 0.256198
0.727 3.585590 0.255604
0.728 3.585048 0.255011
0.729 3.584400 0.254418
0.730 3.583425 0.253825
0.731 3.581700 0.253233
0.732 3.580159 0.252647
0.733 3.579726 0.252096
0.734 3.579293 0.251546
0.735 3.578874 0.251070
0.736 3.578454 0.250596
0.737 3.577591 0.250037
0.738 3.576606 0.249455
0.739 3.575440 0.248874
0.740 3.574149 0.248292
0.741 3.573190 0.247767
0.742 3.572784 0.247334
0.743 3.572380 0.246880
0.744 3.571982 0.246309
0.745 3.571585 0.245737
0.746 3.570221 0.245264
0.747 3.568766 0.244799
0.748 3.567778 0.244289
0.749 3.567029 0.243754
0.750 3.566427 0.243261
0.751 3.566047 0.242831
0.752 3.565668 0.242385
0.753 3.565300 0.241829
0.754 3.564933 0.241272
0.755 3.564126 0.240701
0.756 3.563227 0.240127
0.757 3.562372 0.239565
0.758 3.561557 0.239014
0.759 3.560788 0.238485
0.760 3.560206 0.238042
0.761 3.559625 0.237599
0.762 3.559076 0.237264
0.763 3.558533 0.236946
0.764 3.557985 0.236527
0.765 3.557432 0.236010
0.766 3.556879 0.235504
0.767 3.556328 0.235055
0.768 3.555777 0.234606
0.769 3.555258 0.234078
0.770 3.554749 0.233526
0.771 3.554245 0.232975
0.772 3.553749 0.232425
0.773 3.553252 0.231875
0.774 3.552749 0.231387
0.775 3.552246 0.230900
0.776 3.551744 0.230448
0.777 3.551243 0.230025
0.778 3.550745 0.229602
0.779 3.550276 0.229184
0.780 3.549808 0.228767
0.781 3.549329 0.228239
0.782 3.548845 0.227651
0.783 3.548368 0.227092
0.784 3.547923 0.226663
0.785 3.547479 0.226235
0.786 3.547042 0.225822
0.787 3.546608 0.225416
0.788 3.546174 0.224987
0.789 3.545735 0.224457
0.790 3.545296 0.223926
0.791 3.544867 0.223398
0.792 3.544444 0.222870
0.793 3.544022 0.222341
0.794 3.543603 0.221806
0.795 3.543185 0.221270
0.796 3.542764 0.220738
0.797 3.542342 0.220207
0.798 3.541920 0.219678
0.799 3.541518 0.219174
0.800 3.541116 0.218671
0.801 3.540721 0.218193
0.802 3.540335 0.217748
0.803 3.539950 0.217303
0.804 3.539564 0.216880
0.805 3.539178 0.216462
0.806 3.538797 0.216021
0.807 3.538429 0.215505
0.808 3.538061 0.214989
0.809 3.537692 0.214467
0.810 3.537321 0.213941
0.811 3.536951 0.213416
0.812 3.536573 0.212786
0.813 3.536194 0.212150
0.814 3.535821 0.211532
0.815 3.535461 0.210962
0.816 3.535101 0.210392
0.817 3.534734 0.209891
0.818 3.534363 0.209439
0.819 3.533992 0.208988
0.820 3.533644 0.208572
0.821 3.533298 0.208162
0.822 3.532956 0.207735
0.823 3.532630 0.207222
0.824 3.532303 0.206708
0.825 3.531979 0.206193
0.826 3.531657 0.205675
0.827 3.531336 0.205157
0.828 3.531025 0.204652
0.829 3.530720 0.204153
0.830 3.530415 0.203654
0.831 3.530110 0.203132
0.832 3.529806 0.202606
0.833 3.529501 0.202088
0.834 3.529201 0.201642
0.835 3.528900 0.201195
0.836 3.528600 0.200747
0.837 3.528301 0.200296
0.838 3.528002 0.199844
0.839 3.527701 0.199381
0.840 3.527398 0.198902
0.841 3.527095 0.198423
0.842 3.526807 0.197946
0.843 3.526530 0.197471
0.844 3.526253 0.196997
0.845 3.525977 0.196507
0.846 3.525700 0.196011
0.847 3.525423 0.195515
0.848 3.525144 0.195023
0.849 3.524864 0.194532
0.850 3.524584 0.194040
0.851 3.524313 0.193640
0.852 3.524043 0.193250
0.853 3.523773 0.192860
0.854 3.523516 0.192475
0.855 3.523260 0.192090
0.856 3.523004 0.191706
0.857 3.522783 0.191336
0.858 3.522562 0.190965
0.859 3.522340 0.190593
0.860 3.522112 0.190192
0.861 3.521884 0.189791
0.862 3.521657 0.189392
0.863 3.521440 0.189011
0.864 3.521223 0.188631
0.865 3.521006 0.188250
0.866 3.520785 0.187869
0.867 3.520565 0.187489
0.868 3.520345 0.187108
0.869 3.520131 0.186741
0.870 3.519918 0.186373
0.871 3.519705 0.186006
0.872 3.519497 0.185689
0.873 3.519290 0.185374
0.874 3.519082 0.185059
0.875 3.518873 0.184626
0.876 3.518662 0.184176
0.877 3.518452 0.183725
0.878 3.518255 0.183340
0.879 3.518062 0.182973
0.880 3.517869 0.182607
0.881 3.517688 0.182269
0.882 3.517513 0.181945
0.883 3.517338 0.181621
0.884 3.517169 0.181261
0.885 3.517007 0.180863
0.886 3.516846 0.180466
0.887 3.516679 0.180071
0.888 3.516504 0.179680
0.889 3.516328 0.179289
0.890 3.516155 0.178902
0.891 3.515996 0.178538
0.892 3.515838 0.178173
0.893 3.515679 0.177809
0.894 3.515532 0.177355
0.895 3.515387 0.176895
0.896 3.515242 0.176435
0.897 3.515099 0.176020
0.898 3.514958 0.175624
0.899 3.514816 0.175228
0.900 3.514676 0.174872
0.901 3.514538 0.174569
0.902 3.514400 0.174265
0.903 3.514266 0.173952
0.904 3.514159 0.173589
0.905 3.514051 0.173225
0.906 3.513943 0.172862
0.907 3.513850 0.172452
0.908 3.513759 0.172033
0.909 3.513668 0.171614
0.910 3.513579 0.171209
0.911 3.513492 0.170817
0.912 3.513405 0.170424
0.913 3.513319 0.170031
0.914 3.513234 0.169632
0.915 3.513149 0.169234
0.916 3.513065 0.168836
0.917 3.513010 0.168447
0.918 3.512964 0.168061
0.919 3.512919 0.167675
0.920 3.512880 0.167281
0.921 3.512853 0.166874
0.922 3.512827 0.166466
0.923 3.512800 0.166058
0.924 3.512777 0.165623
0.925 3.512754 0.165187
0.926 3.512731 0.164750
0.927 3.512710 0.164279
0.928 3.512689 0.163772
0.929 3.512669 0.163265
0.930 3.512649 0.162758
0.931 3.512654 0.162287
0.932 3.512660 0.161816
0.933 3.512666 0.161345
0.934 3.512678 0.160877
0.935 3.512697 0.160412
0.936 3.512716 0.159947
0.937 3.512735 0.159482
0.938 3.512756 0.158955
0.939 3.512778 0.158425
0.940 3.512800 0.157895
0.941 3.512823 0.157344
0.942 3.512847 0.156760
0.943 3.512871 0.156176
0.944 3.512895 0.155592
0.945 3.512923 0.154986
0.946 3.512953 0.154374
0.947 3.512983 0.153762
0.948 3.513013 0.153161
0.949 3.513047 0.152618
0.950 3.513081 0.152075
0.951 3.513115 0.151532
0.952 3.513150 0.150970
0.953 3.513186 0.150391
0.954 3.513222 0.149812
0.955 3.513259 0.149233
0.956 3.513297 0.148641
0.957 3.513335 0.148047
0.958 3.513374 0.147453
0.959 3.513407 0.146833
0.960 3.513411 0.146065
0.961 3.513415 0.145297
0.962 3.513419 0.144529
0.963 3.513417 0.143769
0.964 3.513408 0.143019
0.965 3.513400 0.142269
0.966 3.513391 0.141519
0.967 3.513383 0.140740
0.968 3.513377 0.139946
0.969 3.513370 0.139152
0.970 3.513363 0.138358
0.971 3.513359 0.137590
0.972 3.513355 0.136825
0.973 3.513352 0.136061
0.974 3.513344 0.135294
0.975 3.513245 0.134478
0.976 3.513147 0.133663
0.977 3.513048 0.132847
0.978 3.512943 0.132036
0.979 3.512811 0.131243
0.980 3.512678 0.130450
0.981 3.512545 0.129657
0.982 3.512413 0.128868
0.983 3.512282 0.128088
0.984 3.512151 0.127309
0.985 3.512020 0.126529
0.986 3.511891 0.125719
0.987 3.511764 0.124865
0.988 3.511637 0.124011
0.989 3.511509 0.123157
0.990 3.511339 0.122341
0.991 3.511115 0.121572
0.992 3.510891 0.120803
0.993 3.510667 0.120033
0.994 3.510428 0.119241
0.995 3.510172 0.118424
0.996 3.509916 0.117606
0.997 3.509660 0.116788
0.998 3.509406 0.116012
0.999 3.509153 0.115281
1.000 3.508900 0.114551
1.001 3.508647 0.113820
1.002 3.508396 0.113066
1.003 3.508148 0.112282
1.004 3.507900 0.111498
1.005 3.507652 0.110713
1.006 3.507391 0.109957
1.007 3.507107 0.109250
1.008 3.506823 0.108543
1.009 3.506539 0.107836
1.010 3.506253 0.107147
1.011 3.505960 0.106514
1.012 3.505668 0.105880
1.013 3.505375 0.105247
1.014 3.505083 0.104607
1.015 3.504796 0.103912
1.016 3.504510 0.103217
1.017 3.504223 0.102522
1.018 3.503936 0.101827
1.019 3.503657 0.101169
1.020 3.503378 0.100514
1.021 3.503099 0.099859
1.022 3.502820 0.099204
1.023 3.502585 0.098534
1.024 3.502366 0.097859
1.025 3.502147 0.097184
1.026 3.501929 0.096509
1.027 3.501723 0.095870
1.028 3.501532 0.095268
1.029 3.501340 0.094666
1.030 3.501148 0.094065
1.031 3.500959 0.093474
1.032 3.500781 0.092923
1.033 3.500602 0.092372
1.034 3.500423 0.091820
1.035 3.500244 0.091269
1.036 3.500079 0.090709
1.037 3.499916 0.090148
1.038 3.499753 0.089587
1.039 3.499589 0.089026
1.040 3.499578 0.088438
1.041 3.499695 0.087827
1.042 3.499811 0.087217
1.043 3.499928 0.086606
1.044 3.500061 0.085990
1.045 3.500285 0.085343
1.046 3.500509 0.084697
1.047 3.500733 0.084051
1.048 3.500957 0.083404
1.049 3.501210 0.082750
1.050 3.501474 0.082094
1.051 3.501737 0.081437
1.052 3.502001 0.080781
1.053 3.502278 0.080120
1.054 3.502594 0.079451
1.055 3.502909 0.078781
1.056 3.503225 0.078112
1.057 3.503540 0.077442
1.058 3.503984 0.076248
1.059 3.504467 0.074896
1.060 3.504950 0.073544
1.061 3.505433 0.072193
1.062 3.505939 0.070773
1.063 3.506523 0.069126
1.064 3.507106 0.067478
1.065 3.507689 0.065831
1.066 3.508273 0.064183
1.067 3.508886 0.062564
1.068 3.509516 0.060959
1.069 3.510146 0.059355
1.070 3.510776 0.057750
1.071 3.511405 0.056144
1.072 3.512017 0.054474
1.073 3.512629 0.052804
1.074 3.513241 0.051134
1.075 3.513854 0.049465
1.076 3.513860 0.047687
1.077 3.512866 0.045730
1.078 3.511872 0.043772
1.079 3.510879 0.041815
1.080 3.509885 0.039858
1.081 3.508891 0.037901
1.082 3.507897 0.035944
1.083 3.506904 0.033987
1.084 3.505841 0.032028
1.085 3.504556 0.030063
1.086 3.503271 0.028099
1.087 3.501986 0.026134
1.088 3.500701 0.024169
1.089 3.499416 0.022204
1.090 3.498131 0.020239
1.091 3.496846 0.018274
1.092 3.495561 0.016309
1.093 3.493993 0.015511
1.094 3.492416 0.014750
1.095 3.490839 0.013989
1.096 3.489262 0.013228
1.097 3.487685 0.012467
1.098 3.486108 0.011706
1.099 3.484531 0.010945
1.100 3.482954 0.010184
1.101 3.481323 0.009528
1.102 3.479653 0.008949
1.103 3.477982 0.008369
1.104 3.476311 0.007790
1.105 3.474640 0.007211
1.106 3.472970 0.006632
1.107 3.471299 0.006052
1.108 3.469628 0.005473
1.109 3.467977 0.004912
1.110 3.466671 0.004667
1.111 3.465365 0.004423
1.112 3.464059 0.004178
1.113 3.462753 0.003933
1.114 3.461447 0.003689
1.115 3.460141 0.003444
1.116 3.458835 0.003199
1.117 3.457529 0.002955
1.118 3.456240 0.002759
1.119 3.454979 0.002636
1.120 3.453718 0.002513
1.121 3.452457 0.002391
1.122 3.451196 0.002268
1.123 3.449935 0.002146
1.124 3.448674 0.002023
1.125 3.447413 0.001901
1.126 3.446152 0.001778
1.127 3.445007 0.001681
1.128 3.443937 0.001601
1.129 3.442867 0.001521
1.130 3.441797 0.001441
1.131 3.440726 0.001361
1.132 3.439656 0.001281
1.133 3.438586 0.001201
1.134 3.437516 0.001121
1.135 3.436446 0.001041
1.136 3.435429 0.000998
1.137 3.434439 0.000973
1.138 3.433448 0.000948
1.139 3.432458 0.000923
1.140 3.431467 0.000898
1.141 3.430476 0.000873
1.142 3.429486 0.000848
1.143 3.428495 0.000823
1.144 3.427505 0.000798
1.145 3.426597 0.000769
1.146 3.425744 0.000738
1.147 3.424891 0.000707
1.148 3.424038 0.000676
1.149 3.423186 0.000645
1.150 3.422333 0.000614
1.151 3.421480 0.000583
1.152 3.420628 0.000552
1.153 3.419775 0.000521
1.154 3.418948 0.000497
1.155 3.418164 0.000486
1.156 3.417380 0.000475
1.157 3.416595 0.000463
1.158 3.415811 0.000452
1.159 3.415027 0.000440
1.160 3.414243 0.000429
1.161 3.413458 0.000417
1.162 3.412674 0.000406
1.163 3.411891 0.000395
1.164 3.411200 0.000392
1.165 3.410510 0.000389
1.166 3.409820 0.000386
1.167 3.409130 0.000383
1.168 3.408439 0.000380
1.169 3.407749 0.000377
1.170 3.407059 0.000374
1.171 3.406369 0.000372
1.172 3.405679 0.000369
1.173 3.405010 0.000362
1.174 3.404364 0.000351
1.175 3.403719 0.000339
1.176 3.403073 0.000328
1.177 3.402427 0.000317
1.178 3.401781 0.000306
1.179 3.401136 0.000294
1.180 3.400490 0.000283
1.181 3.399844 0.000272
1.182 3.399199 0.000261
1.183 3.398594 0.000252
1.184 3.397999 0.000244
1.185 3.397404 0.000237
1.186 3.396809 0.000229
1.187 3.396214 0.000221
1.188 3.395619 0.000213
1.189 3.395024 0.000206
1.190 3.394429 0.000198
1.191 3.393834 0.000190
1.192 3.393239 0.000182
1.193 3.392665 0.000175
1.194 3.392093 0.000167
1.195 3.391521 0.000159
1.196 3.390949 0.000152
1.197 3.390376 0.000144
1.198 3.389804 0.000137
1.199 3.389232 0.000129
1.200 3.388660 0.000122
1.201 3.388087 0.000114
1.202 3.387515 0.000106
1.203 3.386974 0.000099
1.204 3.386434 0.000092
1.205 3.385894 0.000085
1.206 3.385354 0.000077
1.207 3.384814 0.000070
1.208 3.384274 0.000063
1.209 3.383734 0.000055
1.210 3.383194 0.000048
1.211 3.382654 0.000041
1.212 3.382114 0.000033
1.213 3.381591 0.000029
1.214 3.381073 0.000026
1.215 3.380555 0.000023
1.216 3.380038 0.000020
1.217 3.379520 0.000017
1.218 3.379002 0.000014
1.219 3.378485 0.000011
1.220 3.377967 0.000008
1.221 3.377449 0.000005
1.222 3.376931 0.000002
1.223 3.376424 0.000000
1.224 3.375931 0.000000
1.225 3.375438 0.000000
1.226 3.374945 0.000000
1.227 3.374453 0.000000
1.228 3.373960 0.000000
1.229 3.373467 0.000000
1.230 3.372974 0.000000
1.231 3.372481 0.000000
1.232 3.371988 0.000000
1.233 3.371495 0.000000
1.234 3.371019 0.000000
1.235 3.370545 0.000000
1.236 3.370071 0.000000
1.237 3.369597 0.000000
1.238 3.369123 0.000000
1.239 3.368649 0.000000
1.240 3.368175 0.000000
1.241 3.367701 0.000000
1.242 3.367227 0.000000
1.243 3.366753 0.000000
1.244 3.366282 0.000000
1.245 3.365825 0.000000
1.246 3.365367 0.000000
1.247 3.364909 0.000000
1.248 3.364451 0.000000
1.249 3.363994 0.000000
1.250 3.363536 0.000000
1.251 3.363078 0.000000
1.252 3.362621 0.000000
1.253 3.362163 0.000000
1.254 3.361705 0.000000
1.255 3.361253 0.000000
1.256 3.360816 0.000000
1.257 3.360378 0.000000
1.258 3.359941 0.000000
1.259 3.359504 0.000000
1.260 3.359066 0.000000
1.261 3.358629 0.000000
1.262 3.358192 0.000000
1.263 3.357754 0.000000
1.264 3.357317 0.000000
1.265 3.356879 0.000000
1.266 3.356445 0.000000
1.267 3.356021 0.000000
1.268 3.355597 0.000000
1.269 3.355173 0.000000
1.270 3.354749 0.000000
1.271 3.354325 0.000000
1.272 3.353901 0.000000
1.273 3.353477 0.000000
1.274 3.353054 0.000000
1.275 3.352630 0.000000
1.276 3.352206 0.000000
1.277 3.351782 0.000000
1.278 3.351375 0.000000
1.279 3.350969 0.000000
1.280 3.350563 0.000000
1.281 3.350158 0.000000
1.282 3.349752 0.000000
1.283 3.349347 0.000000
1.284 3.348941 0.000000
1.285 3.348536 0.000000
1.286 3.348130 0.000000
1.287 3.347724 0.000000
1.288 3.347319 0.000000
1.289 3.346917 0.000000
1.290 3.346521 0.000000
1.291 3.346125 0.000000
1.292 3.345729 0.000000
1.293 3.345333 0.000000
1.294 3.344937 0.000000
1.295 3.344541 0.000000
1.296 3.344145 0.000000
1.297 3.343749 0.000000
1.298 3.343353 0.000000
1.299 3.342957 0.000000
1.300 3.342561 0.000000
1.301 3.342180 0.000000
1.302 3.341807 0.000000
1.303 3.341433 0.000000
1.304 3.341060 0.000000
1.305 3.340687 0.000000
1.306 3.340313 0.000000
1.307 3.339940 0.000000
1.308 3.339566 0.000000
1.309 3.339193 0.000000
1.310 3.338819 0.000000
1.311 3.338446 0.000000
1.312 3.338072 0.000000
1.313 3.337706 0.000000
1.314 3.337341 0.000000
1.315 3.336976 0.000000
1.316 3.336611 0.000000
1.317 3.336247 0.000000
1.318 3.335882 0.000000
1.319 3.335517 0.000000
1.320 3.335152 0.000000
1.321 3.334787 0.000000
1.322 3.334423 0.000000
1.323 3.334058 0.000000
1.324 3.333693 0.000000
1.325 3.333339 0.000000
1.326 3.332990 0.000000
1.327 3.332641 0.000000
1.328 3.332293 0.000000
1.329 3.331944 0.000000
1.330 3.331596 0.000000
1.331 3.331247 0.000000
1.332 3.330898 0.000000
1.333 3.330550 0.000000
1.334 3.330201 0.000000
1.335 3.329852 0.000000
1.336 3.329504 0.000000
1.337 3.329157 0.000000
1.338 3.328813 0.000000
1.339 3.328469 0.000000
1.340 3.328126 0.000000
1.341 3.327782 0.000000
1.342 3.327439 0.000000
1.343 3.327095 0.000000
1.344 3.326751 0.000000
1.345 3.326408 0.000000
1.346 3.326064 0.000000
1.347 3.325720 0.000000
1.348 3.325377 0.000000
1.349 3.325033 0.000000
1.350 3.324701 0.000000
1.351 3.324374 0.000000
1.352 3.324047 0.000000
1.353 3.323720 0.000000
1.354 3.323393 0.000000
1.355 3.323066 0.000000
1.356 3.322739 0.000000
1.357 3.322412 0.000000
1.358 3.322086 0.000000
1.359 3.321759 0.000000
1.360 3.321432 0.000000
1.361 3.321105 0.000000
1.362 3.320778 0.000000
1.363 3.320454 0.000000
1.364 3.320132 0.000000
1.365 3.319809 0.000000
1.366 3.319487 0.000000
1.367 3.319164 0.000000
1.368 3.318842 0.000000
1.369 3.318519 0.000000
1.370 3.318196 0.000000
1.371 3.317874 0.000000
1.372 3.317551 0.000000
1.373 3.317229 0.000000
1.374 3.316906 0.000000
1.375 3.316584 0.000000
1.376 3.316273 0.000000
1.377 3.315966 0.000000
1.378 3.315660 0.000000
1.379 3.315353 0.000000
1.380 3.315046 0.000000
1.381 3.314739 0.000000
1.382 3.314432 0.000000
1.383 3.314126 0.000000
1.384 3.313819 0.000000
1.385 3.313512 0.000000
1.386 3.313205 0.000000
1.387 3.312898 0.000000
1.388 3.312592 0.000000
1.389 3.312287 0.000000
1.390 3.311985 0.000000
1.391 3.311684 0.000000
1.392 3.311382 0.000000
1.393 3.311080 0.000000
1.394 3.310779 0.000000
1.395 3.310477 0.000000
1.396 3.310176 0.000000
1.397 3.309874 0.000000
1.398 3.309572 0.000000
1.399 3.309271 0.000000
1.400 3.308969 0.000000
1.401 3.308667 0.000000
1.402 3.308366 0.000000
1.403 3.308079 0.000000
1.404 3.307795 0.000000
1.405 3.307511 0.000000
1.406 3.307227 0.000000
1.407 3.306943 0.000000
1.408 3.306659 0.000000
1.409 3.306375 0.000000
1.410 3.306091 0.000000
1.411 3.305807 0.000000
1.412 3.305523 0.000000
1.413 3.305240 0.000000
1.414 3.304956 0.000000
1.415 3.304672 0.000000
1.416 3.304388 0.000000
1.417 3.304108 0.000000
1.418 3.303829 0.000000
1.419 3.303550 0.000000
1.420 3.303271 0.000000
1.421 3.302992 0.000000
1.422 3.302713 0.000000
1.423 3.302434 0.000000
1.424 3.302155 0.000000
1.425 3.301876 0.000000
1.426 3.301597 0.000000
1.427 3.301318 0.000000
1.428 3.301039 0.000000
1.429 3.300760 0.000000
1.430 3.300481 0.000000
1.431 3.300210 0.000000
1.432 3.299941 0.000000
1.433 3.299672 0.000000
1.434 3.299403 0.000000
1.435 3.299134 0.000000
1.436 3.298865 0.000000
1.437 3.298596 0.000000
1.438 3.298327 0.000000
1.439 3.298058 0.000000
1.440 3.297789 0.000000
1.441 3.297520 0.000000
1.442 3.297251 0.000000
1.443 3.296982 0.000000
1.444 3.296713 0.000000
1.445 3.296446 0.000000
1.446 3.296182 0.000000
1.447 3.295919 0.000000
1.448 3.295655 0.000000
1.449 3.295392 0.000000
1.450 3.295128 0.000000
1.451 3.294865 0.000000
1.452 3.294601 0.000000
1.453 3.294338 0.000000
1.454 3.294074 0.000000
1.455 3.293811 0.000000
1.456 3.293547 0.000000
1.457 3.293284 0.000000
1.458 3.293021 0.000000
1.459 3.292757 0.000000
1.460 3.292502 0.000000
1.461 3.292250 0.000000
1.462 3.291998 0.000000
1.463 3.291747 0.000000
1.464 3.291495 0.000000
1.465 3.291244 0.000000
1.466 3.290992 0.000000
1.467 3.290741 0.000000
1.468 3.290489 0.000000
1.469 3.290238 0.000000
1.470 3.289986 0.000000
1.471 3.289735 0.000000
1.472 3.289483 0.000000
1.473 3.289232 0.000000
1.474 3.288980 0.000000
1.475 3.288733 0.000000
1.476 3.288487 0.000000
1.477 3.288242 0.000000
1.478 3.287996 0.000000
1.479 3.287751 0.000000
1.480 3.287506 0.000000
1.481 3.287260 0.000000
1.482 3.287015 0.000000
1.483 3.286769 0.000000
1.484 3.286524 0.000000
1.485 3.286279 0.000000
1.486 3.286033 0.000000
1.487 3.285788 0.000000
1.488 3.285542 0.000000
1.489 3.285297 0.000000
1.490 3.285055 0.000000
1.491 3.284820 0.000000
1.492 3.284586 0.000000
1.493 3.284351 0.000000
1.494 3.284116 0.000000
1.495 3.283882 0.000000
1.496 3.283647 0.000000
1.497 3.283413 0.000000
1.498 3.283178 0.000000
1.499 3.282943 0.000000
1.500 3.282709 0.000000
1.501 3.282474 0.000000
1.502 3.282240 0.000000
1.503 3.282005 0.000000
1.504 3.281770 0.000000
1.505 3.281536 0.000000
1.506 3.281305 0.000000
1.507 3.281075 0.000000
1.508 3.280846 0.000000
1.509 3.280617 0.000000
1.510 3.280387 0.000000
1.511 3.280158 0.000000
1.512 3.279929 0.000000
1.513 3.279699 0.000000
1.514 3.279470 0.000000
1.515 3.279241 0.000000
1.516 3.279012 0.000000
1.517 3.278782 0.000000
1.518 3.278553 0.000000
1.519 3.278324 0.000000
1.520 3.278094 0.000000
1.521 3.277865 0.000000
1.522 3.277641 0.000000
1.523 3.277419 0.000000
1.524 3.277197 0.000000
1.525 3.276975 0.000000
1.526 3.276754 0.000000
1.527 3.276532 0.000000
1.528 3.276310 0.000000
1.529 3.276089 0.000000
1.530 3.275867 0.000000
1.531 3.275645 0.000000
1.532 3.275423 0.000000
1.533 3.275202 0.000000
1.534 3.274980 0.000000
1.535 3.274758 0.000000
1.536 3.274536 0.000000
1.537 3.274315 0.000000
1.538 3.274095 0.000000
1.539 3.273880 0.000000
1.540 3.273665 0.000000
1.541 3.273450 0.000000
1.542 3.273235 0.000000
1.543 3.273020 0.000000
1.544 3.272805 0.000000
1.545 3.272590 0.000000
1.546 3.272375 0.000000
1.547 3.272160 0.000000
1.548 3.271945 0.000000
1.549 3.271730 0.000000
1.550 3.271515 0.000000
1.551 3.271300 0.000000
1.552 3.271086 0.000000
1.553 3.270871 0.000000
1.554 3.270656 0.000000
1.555 3.270446 0.000000
1.556 3.270240 0.000000
1.557 3.270034 0.000000
1.558 3.269827 0.000000
1.559 3.269621 0.000000
1.560 3.269415 0.000000
1.561 3.269209 0.000000
1.562 3.269003 0.000000
1.563 3.268796 0.000000
1.564 3.268590 0.000000
1.565 3.268384 0.000000
1.566 3.268178 0.000000
1.567 3.267972 0.000000
1.568 3.267765 0.000000
1.569 3.267559 0.000000
1.570 3.267353 0.000000
1.571 3.267147 0.000000
1.572 3.266944 0.000000
1.573 3.266743 0.000000
1.574 3.266543 0.000000
1.575 3.266342 0.000000
1.576 3.266142 0.000000
1.577 3.265941 0.000000
1.578 3.265741 0.000000
1.579 3.265540 0.000000
1.580 3.265340 0.000000
1.581 3.265139 0.000000
1.582 3.264938 0.000000
1.583 3.264738 0.000000
1.584 3.264537 0.000000
1.585 3.264337 0.000000
1.586 3.264136 0.000000
1.587 3.263936 0.000000
1.588 3.263735 0.000000
1.589 3.263535 0.000000
1.590 3.263341 0.000000
1.591 3.263146 0.000000
1.592 3.262952 0.000000
1.593 3.262757 0.000000
1.594 3.262563 0.000000
1.595 3.262368 0.000000
1.596 3.262174 0.000000
1.597 3.261979 0.000000
1.598 3.261785 0.000000
1.599 3.261590 0.000000
1.600 3.261396 0.000000
1.601 3.261201 0.000000
1.602 3.261007 0.000000
1.603 3.260812 0.000000
1.604 3.260618 0.000000
1.605 3.260423 0.000000
1.606 3.260229 0.000000
1.607 3.260036 0.000000
1.608 3.259847 0.000000
1.609 3.259659 0.000000
1.610 3.259470 0.000000
1.611 3.259282 0.000000
1.612 3.259093 0.000000
1.613 3.258905 0.000000
1.614 3.258716 0.000000
1.615 3.258528 0.000000
1.616 3.258339 0.000000
1.617 3.258151 0.000000
1.618 3.257962 0.000000
1.619 3.257774 0.000000
1.620 3.257585 0.000000
1.621 3.257397 0.000000
1.622 3.257208 0.000000
1.623 3.257020 0.000000
1.624 3.256831 0.000000
1.625 3.256643 0.000000
1.626 3.256460 0.000000
1.627 3.256276 0.000000
1.628 3.256093 0.000000
1.629 3.255910 0.000000
1.630 3.255727 0.000000
1.631 3.255543 0.000000
1.632 3.255360 0.000000
1.633 3.255177 0.000000
1.634 3.254994 0.000000
1.635 3.254810 0.000000
1.636 3.254627 0.000000
1.637 3.254444 0.000000
1.638 3.254260 0.000000
1.639 3.254077 0.000000
1.640 3.253894 0.000000
1.641 3.253711 0.000000
1.642 3.253527 0.000000
1.643 3.253344 0.000000
1.644 3.253163 0.000000
1.645 3.252986 0.000000
1.646 3.252809 0.000000
1.647 3.252632 0.000000
1.648 3.252455 0.000000
1.649 3.252279 0.000000
1.650 3.252102 0.000000
1.651 3.251925 0.000000
1.652 3.251748 0.000000
1.653 3.251571 0.000000
1.654 3.251394 0.000000
1.655 3.251217 0.000000
1.656 3.251040 0.000000
1.657 3.250863 0.000000
1.658 3.250686 0.000000
1.659 3.250509 0.000000
1.660 3.250332 0.000000
1.661 3.250155 0.000000
1.662 3.249978 0.000000
1.663 3.249802 0.000000
1.664 3.249630 0.000000
1.665 3.249457 0.000000
1.666 3.249285 0.000000
1.667 3.249113 0.000000
1.668 3.248940 0.000000
1.669 3.248768 0.000000
1.670 3.248595 0.000000
1.671 3.248423 0.000000
1.672 3.248250 0.000000
1.673 3.248078 0.000000
1.674 3.247906 0.000000
1.675 3.247733 0.000000
1.676 3.247561 0.000000
1.677 3.247388 0.000000
1.678 3.247216 0.000000
1.679 3.247044 0.000000
1.680 3.246871 0.000000
1.681 3.246699 0.000000
1.682 3.246526 0.000000
1.683 3.246360 0.000000
1.684 3.246196 0.000000
1.685 3.246032 0.000000
1.686 3.245868 0.000000
1.687 3.245704 0.000000
1.688 3.245540 0.000000
1.689 3.245376 0.000000
1.690 3.245212 0.000000
1.691 3.245048 0.000000
1.692 3.244884 0.000000
1.693 3.244720 0.000000
1.694 3.244556 0.000000
1.695 3.244392 0.000000
1.696 3.244228 0.000000
1.697 3.244064 0.000000
1.698 3.243900 0.000000
1.699 3.243736 0.000000
1.700 3.243572 0.000000
1.701 3.243408 0.000000
1.702 3.243244 0.000000
1.703 3.243084 0.000000
1.704 3.242924 0.000000
1.705 3.242765 0.000000
1.706 3.242606 0.000000
1.707 3.242447 0.000000
1.708 3.242287 0.000000
1.709 3.242128 0.000000
1.710 3.241969 0.000000
1.711 3.241810 0.000000
1.712 3.241650 0.000000
1.713 3.241491 0.000000
1.714 3.241332 0.000000
1.715 3.241172 0.000000
1.716 3.241013 0.000000
1.717 3.240854 0.000000
1.718 3.240695 0.000000
1.719 3.240535 0.000000
1.720 3.240376 0.000000
1.721 3.240217 0.000000
1.722 3.240058 0.000000
1.723 3.239900 0.000000
1.724 3.239745 0.000000
1.725 3.239590 0.000000
1.726 3.239436 0.000000
1.727 3.239281 0.000000
1.728 3.239126 0.000000
1.729 3.238972 0.000000
1.730 3.238817 0.000000
1.731 3.238663 0.000000
1.732 3.238508 0.000000
1.733 3.238353 0.000000
1.734 3.238199 0.000000
1.735 3.238044 0.000000
1.736 3.237889 0.000000
1.737 3.237735 0.000000
1.738 3.237580 0.000000
1.739 3.237425 0.000000
1.740 3.237271 0.000000
1.741 3.237116 0.000000
1.742 3.236961 0.000000
1.743 3.236807 0.000000
1.744 3.236653 0.000000
1.745 3.236501 0.000000
1.746 3.236349 0.000000
1.747 3.236197 0.000000
1.748 3.236045 0.000000
1.749 3.235893 0.000000
1.750 3.235741 0.000000
1.751 3.235589 0.000000
1.752 3.235437 0.000000
1.753 3.235285 0.000000
1.754 3.235133 0.000000
1.755 3.234981 0.000000
1.756 3.234829 0.000000
1.757 3.234677 0.000000
1.758 3.234525 0.000000
1.759 3.234373 0.000000
1.760 3.234221 0.000000
1.761 3.234069 0.000000
1.762 3.233917 0.000000
1.763 3.233765 0.000000
1.764 3.233613 0.000000
1.765 3.233461 0.000000
1.766 3.233317 0.000000
1.767 3.233173 0.000000
1.768 3.233030 0.000000
1.769 3.232887 0.000000
1.770 3.232743 0.000000
1.771 3.232600 0.000000
1.772 3.232457 0.000000
1.773 3.232314 0.000000
1.774 3.232170 0.000000
1.775 3.232027 0.000000
1.776 3.231884 0.000000
1.777 3.231741 0.000000
1.778 3.231597 0.000000
1.779 3.231454 0.000000
1.780 3.231311 0.000000
1.781 3.231168 0.000000
1.782 3.231024 0.000000
1.783 3.230881 0.000000
1.784 3.230738 0.000000
1.785 3.230595 0.000000
1.786 3.230451 0.000000
1.787 3.230308 0.000000
1.788 3.230167 0.000000
1.789 3.230027 0.000000
1.790 3.229887 0.000000
1.791 3.229747 0.000000
1.792 3.229607 0.000000
1.793 3.229467 0.000000
1.794 3.229327 0.000000
1.795 3.229186 0.000000
1.796 3.229046 0.000000
1.797 3.228906 0.000000
1.798 3.228766 0.000000
1.799 3.228626 0.000000
1.800 3.228486 0.000000
1.801 3.228346 0.000000
1.802 3.228206 0.000000
1.803 3.228066 0.000000
1.804 3.227925 0.000000
1.805 3.227785 0.000000
1.806 3.227645 0.000000
1.807 3.227505 0.000000
1.808 3.227365 0.000000
1.809 3.227225 0.000000
1.810 3.227086 0.000000
1.811 3.226952 0.000000
1.812 3.226818 0.000000
1.813 3.226685 0.000000
1.814 3.226551 0.000000
1.815 3.226417 0.000000
1.816 3.226284 0.000000
1.817 3.226150 0.000000
1.818 3.226016 0.000000
1.819 3.225883 0.000000
1.820 3.225749 0.000000
1.821 3.225615 0.000000
1.822 3.225482 0.000000
1.823 3.225348 0.000000
1.824 3.225214 0.000000
1.825 3.225081 0.000000
1.826 3.224947 0.000000
1.827 3.224813 0.000000
1.828 3.224679 0.000000
1.829 3.224546 0.000000
1.830 3.224412 0.000000
1.831 3.224278 0.000000
1.832 3.224145 0.000000
1.833 3.224011 0.000000
1.834 3.223880 0.000000
1.835 3.223748 0.000000
1.836 3.223617 0.000000
1.837 3.223486 0.000000
1.838 3.223354 0.000000
1.839 3.223223 0.000000
1.840 3.223092 0.000000
1.841 3.222960 0.000000
1.842 3.222829 0.000000
1.843 3.222698 0.000000
1.844 3.222566 0.000000
1.845 3.222435 0.000000
1.846 3.222304 0.000000
1.847 3.222172 0.000000
1.848 3.222041 0.000000
1.849 3.221910 0.000000
1.850 3.221778 0.000000
1.851 3.221647 0.000000
1.852 3.221516 0.000000
1.853 3.221384 0.000000
1.854 3.221253 0.000000
1.855 3.221122 0.000000
1.856 3.220990 0.000000
1.857 3.220860 0.000000
1.858 3.220735 0.000000
1.859 3.220611 0.000000
1.860 3.220486 0.000000
1.861 3.220361 0.000000
1.862 3.220236 0.000000
1.863 3.220111 0.000000
1.864 3.219986 0.000000
1.865 3.219861 0.000000
1.866 3.219736 0.000000
1.867 3.219611 0.000000
1.868 3.219486 0.000000
1.869 3.219361 0.000000
1.870 3.219236 0.000000
1.871 3.219111 0.000000
1.872 3.218986 0.000000
1.873 3.218861 0.000000
1.874 3.218736 0.000000
1.875 3.218611 0.000000
1.876 3.218487 0.000000
1.877 3.218362 0.000000
1.878 3.218237 0.000000
1.879 3.218112 0.000000
1.880 3.217987 0.000000
1.881 3.217862 0.000000
1.882 3.217739 0.000000
1.883 3.217616 0.000000
1.884 3.217494 0.000000
1.885 3.217371 0.000000
1.886 3.217249 0.000000
1.887 3.217126 0.000000
1.888 3.217004 0.000000
1.889 3.216882 0.000000
1.890 3.216759 0.000000
1.891 3.216637 0.000000
1.892 3.216514 0.000000
1.893 3.216392 0.000000
1.894 3.216269 0.000000
1.895 3.216147 0.000000
1.896 3.216024 0.000000
1.897 3.215902 0.000000
1.898 3.215779 0.000000
1.899 3.215657 0.000000
1.900 3.215534 0.000000
1.901 3.215412 0.000000
1.902 3.215289 0.000000
1.903 3.215167 0.000000
1.904 3.215044 0.000000
1.905 3.214922 0.000000
1.906 3.214799 0.000000
1.907 3.214681 0.000000
1.908 3.214565 0.000000
1.909 3.214449 0.000000
1.910 3.214332 0.000000
1.911 3.214216 0.000000
1.912 3.214099 0.000000
1.913 3.213983 0.000000
1.914 3.213866 0.000000
1.915 3.213750 0.000000
1.916 3.213633 0.000000
1.917 3.213517 0.000000
1.918 3.213400 0.000000
1.919 3.213284 0.000000
1.920 3.213167 0.000000
1.921 3.213051 0.000000
1.922 3.212935 0.000000
1.923 3.212818 0.000000
1.924 3.212702 0.000000
1.925 3.212585 0.000000
1.926 3.212469 0.000000
1.927 3.212352 0.000000
1.928 3.212236 0.000000
1.929 3.212119 0.000000
1.930 3.212003 0.000000
1.931 3.211886 0.000000
1.932 3.211770 0.000000
1.933 3.211656 0.000000
1.934 3.211542 0.000000
1.935 3.211429 0.000000
1.936 3.211315 0.000000
1.937 3.211201 0.000000
1.938 3.211087 0.000000
1.939 3.210973 0.000000
1.940 3.210859 0.000000
1.941 3.210745 0.000000
1.942 3.210631 0.000000
1.943 3.210518 0.000000
1.944 3.210404 0.000000
1.945 3.210290 0.000000
1.946 3.210176 0.000000
1.947 3.210062 0.000000
1.948 3.209948 0.000000
1.949 3.209834 0.000000
1.950 3.209721 0.000000