0.251 1.871567 3.189957
0.252 1.909613 3.210011
0.253 1.947235 3.223581
0.254 1.992819 3.245332
0.255 2.029651 3.258620
0.256 2.071265 3.271945
0.257 2.113364 3.285306
0.258 2.156734 3.298697
0.259 2.202329 3.311950
0.260 2.249517 3.324917
0.261 2.301261 3.337458
0.262 2.345123 3.346051
0.263 2.397709 3.351515
0.264 2.450399 3.356337
0.265 2.504953 3.353211
0.266 2.563872 3.353384
0.267 2.615696 3.345857
0.268 2.667425 3.337244
0.269 2.725294 3.327353
0.270 2.775344 3.308525
0.271 2.830158 3.291117
0.272 2.878214 3.274217
0.273 2.928896 3.249003
0.274 2.974840 3.223740
0.275 3.022237 3.198677
0.276 3.062720 3.170532
0.277 3.102165 3.140988
0.278 3.140744 3.105323
0.279 3.178379 3.077517
0.280 3.215270 3.042789
0.281 3.244040 3.007238
0.282 3.274407 2.966310
0.283 3.305470 2.933514
0.284 3.327896 2.896737
0.285 3.350105 2.860082
0.286 3.372130 2.821759
0.287 3.393560 2.783249
0.288 3.407421 2.748658
0.289 3.421525 2.714314
0.290 3.438843 2.677219
0.291 3.448154 2.641096
0.292 3.457476 2.603436
0.293 3.466810 2.569031
0.294 3.474064 2.537292
0.295 3.477101 2.503610
0.296 3.478401 2.475111
0.297 3.482704 2.441355
0.298 3.487672 2.414010
0.299 3.486026 2.380227
0.300 3.483565 2.354188
0.301 3.481169 2.328372
0.302 3.478842 2.302776
0.303 3.476577 2.277375
0.304 3.474409 2.256385
0.305 3.465411 2.235664
0.306 3.461829 2.213285
0.307 3.454094 2.194602
0.308 3.449489 2.171474
0.309 3.443809 2.154197
0.310 3.437424 2.137053
0.311 3.433602 2.122523
0.312 3.425608 2.103864
0.313 3.416437 2.091627
0.314 3.411263 2.079486
0.315 3.404100 2.067440
0.316 3.402511 2.055504
0.317 3.392874 2.043639
0.318 3.385726 2.031850
0.319 3.380619 2.020144
0.320 3.372184 2.008512
0.321 3.364853 2.003119
0.322 3.360303 1.993894
0.323 3.352035 1.985818
0.324 3.350705 1.979520
0.325 3.342198 1.969198
0.326 3.337633 1.965427
0.327 3.331230 1.959805
0.328 3.329953 1.951952
0.329 3.321112 1.948870
0.330 3.320288 1.942702
0.331 3.312840 1.942032
0.332 3.310375 1.934782
0.333 3.305871 1.934197
0.334 3.300573 1.928281
0.335 3.298802 1.925815
0.336 3.290969 1.925860
0.337 3.290337 1.921088
0.338 3.289339 1.917562
0.339 3.281333 1.917640
0.340 3.280326 1.917743
0.341 3.279849 1.917854
0.342 3.279386 1.917970
0.343 3.277116 1.916267
0.344 3.270145 1.909853
0.345 3.269720 1.909973
0.346 3.269343 1.910136
0.347 3.268982 1.910308
0.348 3.268646 1.910495
0.349 3.268327 1.910691
0.350 3.268024 1.910896
0.351 3.267735 1.911108
0.352 3.267458 1.911328
0.353 3.267213 1.911570
0.354 3.266979 1.911818
0.355 3.266755 1.913069
0.356 3.266545 1.920246
0.357 3.266349 1.921020
0.358 3.266176 1.921307
0.359 3.266012 1.921601
0.360 3.265857 1.921901
0.361 3.267765 1.922223
0.362 3.274029 1.922555
0.363 3.273924 1.927529
0.364 3.273831 1.931653
0.365 3.274713 1.932004
0.366 3.281388 1.932374
0.367 3.282056 1.932752
0.368 3.282019 1.933141
0.369 3.282194 1.938622
0.370 3.288446 1.942365
0.371 3.290417 1.942781
0.372 3.291964 1.943201
0.373 3.298506 1.946428
0.374 3.298933 1.952500
0.375 3.304031 1.952955
0.376 3.307485 1.953418
0.377 3.308066 1.954382
0.378 3.315892 1.962585
0.379 3.316223 1.963287
0.380 3.319251 1.963788
0.381 3.324920 1.968228
0.382 3.329975 1.973237
0.383 3.333685 1.973765
0.384 3.334193 1.974618
0.385 3.341117 1.981878
0.386 3.343836 1.983821
0.387 3.351232 1.984384
0.388 3.354859 1.988174
0.389 3.360332 1.993952
0.390 3.365387 1.994699
0.391 3.369335 2.000989
0.392 3.376425 2.004150
0.393 3.385312 2.005511
0.394 3.387825 2.013248
0.395 3.395007 2.014412
0.396 3.398115 2.016823
0.397 3.407731 2.023805
0.398 3.417344 2.028104
0.399 3.422893 2.033802
0.400 3.428134 2.034457
0.401 3.437731 2.040493
0.402 3.447261 2.044271
0.403 3.450377 2.051416
0.404 3.458077 2.054776
0.405 3.467666 2.062173
0.406 3.477244 2.065315
0.407 3.488017 2.072735
0.408 3.504125 2.075888
0.409 3.514373 2.082728
0.410 3.523934 2.086505
0.411 3.536705 2.092576
0.412 3.551332 2.097146
0.413 3.565205 2.102496
0.414 3.583624 2.107835
0.415 3.597182 2.112349
0.416 3.611982 2.113109
0.417 3.630339 2.113872
0.418 3.648669 2.114640
0.419 3.666974 2.114739
0.420 3.685347 2.109318
0.421 3.710078 2.107833
0.422 3.730198 2.101794
0.423 3.748421 2.093905
0.424 3.765342 2.086058
0.425 3.776574 2.078118
0.426 3.793005 2.063427
0.427 3.804889 2.054278
0.428 3.820995 2.045093
0.429 3.831430 2.031471
0.430 3.840075 2.021922
0.431 3.843151 2.007833
0.432 3.850225 1.999227
0.433 3.851600 1.989963
0.434 3.854916 1.976693
0.435 3.862251 1.969747
0.436 3.863430 1.968621
0.437 3.864700 1.962039
0.438 3.865989 1.956202
0.439 3.867323 1.957332
0.440 3.868709 1.958474
0.441 3.870278 1.959671
0.442 3.871857 1.960868
0.443 3.875206 1.963836
0.444 3.883528 1.971580
0.445 3.887630 1.974953
0.446 3.896813 1.983342
0.447 3.906239 1.992773
0.448 3.912026 2.002128
0.449 3.926775 2.009789
0.450 3.938723 2.012187
0.451 3.957535 2.021341
0.452 3.976381 2.030395
0.453 3.995268 2.039344
0.454 4.014723 2.048167
0.455 4.040635 2.055764
0.456 4.067731 2.059171
0.457 4.094789 2.065695
0.458 4.122253 2.067596
0.459 4.154603 2.067172
0.460 4.187848 2.063788
0.461 4.221030 2.056626
0.462 4.254110 2.049157
0.463 4.287033 2.040313
0.464 4.319841 2.028007
0.465 4.352569 2.013196
0.466 4.383309 1.996221
0.467 4.411232 1.974754
0.468 4.441750 1.952724
0.469 4.471055 1.930109
0.470 4.497597 1.905035
0.471 4.522875 1.875162
0.472 4.543648 1.844627
0.473 4.563494 1.813436
0.474 4.582998 1.781600
0.475 4.600984 1.749219
0.476 4.613073 1.716008
0.477 4.629864 1.682527
0.478 4.639018 1.648630
0.479 4.645041 1.614678
0.480 4.652298 1.580635
0.481 4.655208 1.546725
0.482 4.655881 1.517388
0.483 4.656127 1.486830
0.484 4.653743 1.456014
0.485 4.648152 1.429281
0.486 4.647406 1.403209
0.487 4.639901 1.377252
0.488 4.632183 1.351398
0.489 4.624561 1.325823
0.490 4.619425 1.300728
0.491 4.616543 1.277517
0.492 4.608444 1.258362
0.493 4.600288 1.235079
0.494 4.592049 1.216111
0.495 4.583822 1.198739
0.496 4.575379 1.181477
0.497 4.564639 1.164483
0.498 4.551029 1.147593
0.499 4.542392 1.130774
0.500 4.534147 1.115025
0.501 4.525906 1.102524
0.502 4.517676 1.089849
0.503 4.509462 1.075995
0.504 4.501265 1.065340
0.505 4.493080 1.050145
0.506 4.484909 1.039522
0.507 4.476755 1.026025
0.508 4.468621 1.013742
0.509 4.460508 1.004865
0.510 4.452422 0.995921
0.511 4.444352 0.985876
0.512 4.436299 0.976456
0.513 4.428267 0.967164
0.514 4.420262 0.958364
0.515 4.414948 0.949854
0.516 4.410982 0.941432
0.517 4.404779 0.933161
0.518 4.396864 0.925302
0.519 4.388973 0.917758
0.520 4.381098 0.910232
0.521 4.373244 0.902878
0.522 4.366078 0.896025
0.523 4.362837 0.889349
0.524 4.358064 0.882689
0.525 4.350503 0.876056
0.526 4.342773 0.869473
0.527 4.335896 0.863036
0.528 4.332406 0.856987
0.529 4.328149 0.851183
0.530 4.320509 0.845409
0.531 4.313962 0.839679
0.532 4.311623 0.834006
0.533 4.305996 0.828341
0.534 4.298624 0.823058
0.535 4.293566 0.817801
0.536 4.289799 0.812527
0.537 4.285402 0.807428
0.538 4.280795 0.802561
0.539 4.278099 0.797713
0.540 4.270698 0.792903
0.541 4.263332 0.788138
0.542 4.260883 0.783380
0.543 4.256671 0.778967
0.544 4.251752 0.774653
0.545 4.249105 0.770150
0.546 4.243570 0.765964
0.547 4.240481 0.761542
0.548 4.236332 0.757238
0.549 4.232121 0.753150
0.550 4.228306 0.749208
0.551 4.224679 0.745282
0.552 4.219755 0.741367
0.553 4.216995 0.737464
0.554 4.212329 0.733581
0.555 4.208331 0.729722
0.556 4.205804 0.725880
0.557 4.199303 0.722044
0.558 4.198045 0.718221
0.559 4.193029 0.714417
0.560 4.188581 0.710888
0.561 4.187763 0.707651
0.562 4.187096 0.703940
0.563 4.181666 0.700194
0.564 4.178140 0.696769
0.565 4.175213 0.693454
0.566 4.169800 0.689899
0.567 4.167494 0.686664
0.568 4.163283 0.683558
0.569 4.159267 0.680338
0.570 4.156751 0.676918
0.571 4.156150 0.673667
0.572 4.152646 0.670608
0.573 4.148848 0.667602
0.574 4.145939 0.664556
0.575 4.145357 0.661256
0.576 4.142239 0.657985
0.577 4.138532 0.654871
0.578 4.135222 0.651920
0.579 4.134655 0.648977
0.580 4.131961 0.646050
0.581 4.128371 0.643135
0.582 4.124415 0.640231
0.583 4.121327 0.637331
0.584 4.117518 0.634438
0.585 4.114529 0.631556
0.586 4.113997 0.628689
0.587 4.111238 0.626057
0.588 4.107640 0.623513
0.589 4.104006 0.620977
0.590 4.103486 0.618140
0.591 4.101202 0.615316
0.592 4.097917 0.612503
0.593 4.093846 0.609700
0.594 4.093047 0.607127
0.595 4.092548 0.604629
0.596 4.091889 0.602166
0.597 4.088827 0.599396
0.598 4.085337 0.596801
0.599 4.082184 0.594322
0.600 4.081704 0.591887
0.601 4.079133 0.589230
0.602 4.075786 0.586576
0.603 4.072433 0.584154
0.604 4.071412 0.581722
0.605 4.069857 0.579306
0.606 4.066113 0.576931
0.607 4.063137 0.574488
0.608 4.061173 0.572086
0.609 4.060729 0.569775
0.610 4.060289 0.567329
0.611 4.058356 0.564942
0.612 4.053890 0.562687
0.613 4.051570 0.560226
0.614 4.050129 0.557839
0.615 4.049702 0.555656
0.616 4.049279 0.553200
0.617 4.047418 0.550800
0.618 4.042022 0.548684
0.619 4.039992 0.546631
0.620 4.039163 0.544493
0.621 4.038646 0.541936
0.622 4.034784 0.539736
0.623 4.029555 0.537724
0.624 4.029153 0.535645
0.625 4.028752 0.533375
0.626 4.028353 0.530923
0.627 4.026599 0.528913
0.628 4.023926 0.526936
0.629 4.019714 0.524965
0.630 4.018394 0.522831
0.631 4.018011 0.520632
0.632 4.017630 0.518370
0.633 4.015636 0.516280
0.634 4.012277 0.514335
0.635 4.009647 0.512398
0.636 4.007728 0.510463
0.637 4.007359 0.508531
0.638 4.006993 0.506325
0.639 4.006558 0.503981
0.640 4.001517 0.501983
0.641 3.998031 0.500020
0.642 3.997281 0.498116
0.643 3.996813 0.496216
0.644 3.996465 0.494316
0.645 3.996120 0.492424
0.646 3.995224 0.490537
0.647 3.993317 0.488658
0.648 3.990195 0.486785
0.649 3.986460 0.484914
0.650 3.986021 0.483047
0.651 3.985688 0.481182
0.652 3.985358 0.479323
0.653 3.982999 0.477470
0.654 3.978978 0.475623
0.655 3.977039 0.473782
0.656 3.975649 0.471943
0.657 3.975328 0.470108
0.658 3.974804 0.468275
0.659 3.973906 0.466447
0.660 3.970836 0.464625
0.661 3.966328 0.462808
0.662 3.965360 0.460997
0.663 3.965059 0.459187
0.664 3.964757 0.457381
0.665 3.964457 0.455578
0.666 3.964159 0.453779
0.667 3.961995 0.451986
0.668 3.957999 0.450198
0.669 3.955936 0.448416
0.670 3.954677 0.446635
0.671 3.954289 0.444892
0.672 3.953915 0.443185
0.673 3.952559 0.441838
0.674 3.950588 0.440387
0.675 3.946797 0.438628
0.676 3.944465 0.436871
0.677 3.944191 0.435119
0.678 3.943918 0.433369
0.679 3.943644 0.431621
0.680 3.943373 0.430155
0.681 3.943104 0.428804
0.682 3.939072 0.427183
0.683 3.934330 0.425511
0.684 3.933903 0.423787
0.685 3.933644 0.422074
0.686 3.933385 0.420520
0.687 3.933127 0.418986
0.688 3.932871 0.417546
0.689 3.931763 0.416036
0.690 3.928287 0.414331
0.691 3.925527 0.412766
0.692 3.924130 0.411469
0.693 3.923207 0.410022
0.694 3.922960 0.408362
0.695 3.922107 0.406750
0.696 3.920574 0.405191
0.697 3.918158 0.403725
0.698 3.914918 0.402346
0.699 3.913344 0.400804
0.700 3.913110 0.399131
0.701 3.912876 0.397680
0.702 3.912643 0.396390
0.703 3.912163 0.394931
0.704 3.911515 0.393355
0.705 3.908875 0.391957
0.706 3.904879 0.390680
0.707 3.903096 0.389313
0.708 3.902875 0.387882
0.709 3.902655 0.386442
0.710 3.902435 0.384996
0.711 3.902216 0.383659
0.712 3.901999 0.382416
0.713 3.899780 0.381029
0.714 3.895474 0.379491
0.715 3.892946 0.378060
0.716 3.892736 0.376770
0.717 3.892526 0.375453
0.718 3.892316 0.374093
0.719 3.892107 0.372702
0.720 3.891901 0.371234
0.721 3.890914 0.369817
0.722 3.886714 0.368611
0.723 3.882882 0.367383
0.724 3.882684 0.365925
0.725 3.882487 0.364467
0.726 3.882290 0.363355
0.727 3.882093 0.362252
0.728 3.879053 0.360869
0.729 3.875500 0.359435
0.730 3.873921 0.358172
0.731 3.873162 0.356981
0.732 3.872719 0.355655
0.733 3.872531 0.354220
0.734 3.872344 0.352921
0.735 3.872156 0.351835
0.736 3.871259 0.350680
0.737 3.867638 0.349256
0.738 3.864060 0.347836
0.739 3.863483 0.346721
0.740 3.862907 0.345606
0.741 3.862654 0.344526
0.742 3.862478 0.343455
0.743 3.862302 0.342226
0.744 3.862126 0.340887
0.745 3.860609 0.339608
0.746 3.856688 0.338439
0.747 3.853192 0.337283
0.748 3.853023 0.336224
0.749 3.852855 0.335166
0.750 3.852687 0.334111
0.751 3.852520 0.333056
0.752 3.852354 0.331817
0.753 3.852187 0.330444
0.754 3.850943 0.329153
0.755 3.847123 0.328059
0.756 3.843302 0.326965
0.757 3.843122 0.325922
0.758 3.842965 0.324880
0.759 3.842808 0.323840
0.760 3.842653 0.322802
0.761 3.842379 0.321764
0.762 3.841886 0.320728
0.763 3.841372 0.319692
0.764 3.837985 0.318661
0.765 3.834597 0.317629
0.766 3.833315 0.316601
0.767 3.833166 0.315575
0.768 3.833018 0.314452
0.769 3.832870 0.313077
0.770 3.832723 0.311702
0.771 3.831378 0.310643
0.772 3.829885 0.309623
0.773 3.828003 0.308605
0.774 3.825714 0.307589
0.775 3.823579 0.306575
0.776 3.823439 0.305583
0.777 3.823298 0.304591
0.778 3.823158 0.303797
0.779 3.823019 0.303114
0.780 3.822391 0.302369
0.781 3.819708 0.301364
0.782 3.817026 0.300359
0.783 3.815568 0.299357
0.784 3.814565 0.298357
0.785 3.813780 0.297357
0.786 3.813650 0.296361
0.787 3.813519 0.295364
0.788 3.813390 0.294371
0.789 3.813260 0.293378
0.790 3.812310 0.292386
0.791 3.808850 0.291396
0.792 3.805390 0.290406
0.793 3.804331 0.289549
0.794 3.804205 0.288744
0.795 3.804080 0.287934
0.796 3.803957 0.287102
0.797 3.803834 0.286269
0.798 3.803104 0.285347
0.799 3.802000 0.284368
0.800 3.800839 0.283400
0.801 3.798447 0.282647
0.802 3.796056 0.281893
0.803 3.794691 0.281088
0.804 3.794572 0.280218
0.805 3.794453 0.279348
0.806 3.794338 0.278396
0.807 3.794222 0.277429
0.808 3.793509 0.276522
0.809 3.790641 0.275834
0.810 3.787772 0.275145
0.811 3.786240 0.274325
0.812 3.785699 0.273406
0.813 3.785158 0.272488
0.814 3.785009 0.271728
0.815 3.784898 0.270983
0.816 3.784721 0.270220
0.817 3.784334 0.269396
0.818 3.783947 0.268571
0.819 3.782185 0.267832
0.820 3.779254 0.267164
0.821 3.776323 0.266496
0.822 3.775726 0.265598
0.823 3.775619 0.264650
0.824 3.775512 0.263733
0.825 3.775408 0.263095
0.826 3.775304 0.262458
0.827 3.774369 0.261799
0.828 3.771860 0.261101
0.829 3.769350 0.260402
0.830 3.767869 0.259643
0.831 3.767141 0.258839
0.832 3.766413 0.258035
0.833 3.766181 0.257311
0.834 3.766080 0.256608
0.835 3.765980 0.255906
0.836 3.765522 0.255309
0.837 3.765059 0.254714
0.838 3.764239 0.254107
0.839 3.761548 0.253441
0.840 3.758858 0.252774
0.841 3.756989 0.252120
0.842 3.756895 0.251491
0.843 3.756801 0.250863
0.844 3.756707 0.250168
0.845 3.756614 0.249394
0.846 3.756520 0.248620
0.847 3.754823 0.248008
0.848 3.751918 0.247518
0.849 3.749013 0.247028
0.850 3.747933 0.246347
0.851 3.747760 0.245571
0.852 3.747586 0.244795
0.853 3.747477 0.244235
0.854 3.747389 0.243749
0.855 3.747302 0.243263
0.856 3.747214 0.242684
0.857 3.747127 0.242082
0.858 3.747039 0.241480
0.859 3.744811 0.240839
0.860 3.742175 0.240191
0.861 3.739539 0.239544
0.862 3.738861 0.239039
0.863 3.738512 0.238559
0.864 3.738162 0.238079
0.865 3.738041 0.237600
0.866 3.737960 0.237121
0.867 3.737878 0.236643
0.868 3.736853 0.236071
0.869 3.735629 0.235480
0.870 3.734406 0.234888
0.871 3.732820 0.234263
0.872 3.731132 0.233627
0.873 3.729444 0.232991
0.874 3.728902 0.232472
0.875 3.728824 0.231999
0.876 3.728746 0.231527
0.877 3.728668 0.231055
0.878 3.728591 0.230584
0.879 3.728513 0.230113
0.880 3.727067 0.229643
0.881 3.724305 0.229174
0.882 3.721543 0.228704
0.883 3.719791 0.228236
0.884 3.719717 0.227768
0.885 3.719643 0.227301
0.886 3.719570 0.226834
0.887 3.719499 0.226369
0.888 3.719428 0.225903
0.889 3.719343 0.225438
0.890 3.718919 0.224975
0.891 3.718495 0.224511
0.892 3.718071 0.224047
0.893 3.716051 0.223585
0.894 3.713724 0.223122
0.895 3.711396 0.222660
0.896 3.710455 0.222239
0.897 3.710387 0.221844
0.898 3.710320 0.221449
0.899 3.710253 0.221101
0.900 3.710188 0.220835
0.901 3.710123 0.220570
0.902 3.709966 0.220287
0.903 3.708900 0.219830
0.904 3.707834 0.219373
0.905 3.706768 0.218917
0.906 3.705273 0.218461
0.907 3.703668 0.218006
0.908 3.702063 0.217551
0.909 3.701192 0.217217
0.910 3.701130 0.217015
0.911 3.701067 0.216814
0.912 3.701004 0.216580
0.913 3.700943 0.216129
0.914 3.700881 0.215678
0.915 3.700820 0.215227
0.916 3.699346 0.214919
0.917 3.697429 0.214655
0.918 3.695513 0.214391
0.919 3.694050 0.214082
0.920 3.693370 0.213696
0.921 3.692691 0.213310
0.922 3.692011 0.212924
0.923 3.691920 0.212705
0.924 3.691861 0.212494
0.925 3.691802 0.212284
0.926 3.691745 0.211961
0.927 3.691688 0.211526
0.928 3.691632 0.211090
0.929 3.691547 0.210654
0.930 3.690560 0.210188
0.931 3.689574 0.209722
0.932 3.688587 0.209256
0.933 3.687680 0.208812
0.934 3.686841 0.208388
0.935 3.686002 0.207964
0.936 3.685168 0.207542
0.937 3.684712 0.207300
0.938 3.684256 0.207058
0.939 3.683800 0.206816
0.940 3.683367 0.206672
0.941 3.682960 0.206645
0.942 3.682552 0.206617
0.943 3.682145 0.206589
0.944 3.681720 0.206258
0.945 3.681291 0.205885
0.946 3.680863 0.205512
0.947 3.680436 0.205172
0.948 3.680012 0.204917
0.949 3.679587 0.204662
0.950 3.679163 0.204407
0.951 3.678776 0.204033
0.952 3.678411 0.203595
0.953 3.678046 0.203156
0.954 3.677681 0.202717
0.955 3.677326 0.202277
0.956 3.676971 0.201838
0.957 3.676617 0.201398
0.958 3.676258 0.200991
0.959 3.675890 0.200660
0.960 3.675521 0.200329
0.961 3.675152 0.199999
0.962 3.674786 0.199731
0.963 3.674421 0.199509
0.964 3.674056 0.199288
0.965 3.673691 0.199066
0.966 3.673355 0.198849
0.967 3.673025 0.198633
0.968 3.672695 0.198417
0.969 3.672362 0.198185
0.970 3.671988 0.197674
0.971 3.671614 0.197162
0.972 3.671240 0.196651
0.973 3.670882 0.196208
0.974 3.670574 0.195970
0.975 3.670265 0.195732
0.976 3.669957 0.195493
0.977 3.669657 0.195271
0.978 3.669367 0.195072
0.979 3.669077 0.194872
0.980 3.668787 0.194673
0.981 3.668475 0.194356
0.982 3.668147 0.193941
0.983 3.667818 0.193527
0.984 3.667489 0.193113
0.985 3.667165 0.192701
0.986 3.666842 0.192290
0.987 3.666519 0.191879
0.988 3.666196 0.191469
0.989 3.665877 0.191048
0.990 3.665559 0.190624
0.991 3.665241 0.190200
0.992 3.664923 0.189775
0.993 3.664599 0.189359
0.994 3.664275 0.188944
0.995 3.663950 0.188529
0.996 3.663625 0.188114
0.997 3.663317 0.187733
0.998 3.663014 0.187361
0.999 3.662711 0.186990
1.000 3.662408 0.186618
1.001 3.662119 0.186319
1.002 3.661836 0.186045
1.003 3.661552 0.185770
1.004 3.661268 0.185496
1.005 3.660984 0.185252
1.006 3.660699 0.185023
1.007 3.660414 0.184794
1.008 3.660129 0.184564
1.009 3.659862 0.184234
1.010 3.659607 0.183840
1.011 3.659352 0.183445
1.012 3.659097 0.183051
1.013 3.658834 0.182647
1.014 3.658562 0.182234
1.015 3.658290 0.181820
1.016 3.658018 0.181407
1.017 3.657740 0.180932
1.018 3.657446 0.180331
1.019 3.657153 0.179730
1.020 3.656860 0.179128
1.021 3.656571 0.178543
1.022 3.656307 0.178052
1.023 3.656043 0.177562
1.024 3.655779 0.177072
1.025 3.655516 0.176581
1.026 3.655235 0.176273
1.027 3.654953 0.175983
1.028 3.654671 0.175692
1.029 3.654388 0.175401
1.030 3.654117 0.175155
1.031 3.653851 0.174933
1.032 3.653585 0.174710
1.033 3.653318 0.174488
1.034 3.653057 0.174204
1.035 3.652804 0.173809
1.036 3.652551 0.173415
1.037 3.652298 0.173020
1.038 3.652046 0.172626
1.039 3.651799 0.172224
1.040 3.651552 0.171823
1.041 3.651305 0.171421
1.042 3.651059 0.171020
1.043 3.650830 0.170639
1.044 3.650610 0.170270
1.045 3.650390 0.169900
1.046 3.650171 0.169531
1.047 3.649947 0.169150
1.048 3.649709 0.168737
1.049 3.649471 0.168323
1.050 3.649233 0.167909
1.051 3.648995 0.167495
1.052 3.648754 0.167187
1.053 3.648511 0.166903
1.054 3.648268 0.166619
1.055 3.648025 0.166335
1.056 3.647783 0.166048
1.057 3.647541 0.165757
1.058 3.647300 0.165465
1.059 3.647058 0.165173
1.060 3.646816 0.164881
1.061 3.646568 0.164553
1.062 3.646320 0.164216
1.063 3.646071 0.163879
1.064 3.645822 0.163542
1.065 3.645582 0.163206
1.066 3.645366 0.162875
1.067 3.645150 0.162543
1.068 3.644934 0.162211
1.069 3.644719 0.161879
1.070 3.644499 0.161524
1.071 3.644277 0.161157
1.072 3.644055 0.160790
1.073 3.643833 0.160423
1.074 3.643611 0.160056
1.075 3.643383 0.159696
1.076 3.643155 0.159337
1.077 3.642927 0.158977
1.078 3.642699 0.158617
1.079 3.642476 0.158315
1.080 3.642264 0.158121
1.081 3.642052 0.157928
1.082 3.641840 0.157734
1.083 3.641628 0.157541
1.084 3.641410 0.157354
1.085 3.641188 0.157172
1.086 3.640965 0.156990
1.087 3.640743 0.156807
1.088 3.640521 0.156625
1.089 3.640332 0.156463
1.090 3.640148 0.156304
1.091 3.639965 0.156145
1.092 3.639781 0.155986
1.093 3.639596 0.155824
1.094 3.639399 0.155617
1.095 3.639203 0.155410
1.096 3.639006 0.155202
1.097 3.638809 0.154995
1.098 3.638616 0.154795
1.099 3.638437 0.154620
1.100 3.638258 0.154445
1.101 3.638080 0.154271
1.102 3.637901 0.154096
1.103 3.637717 0.153921
1.104 3.637523 0.153746
1.105 3.637329 0.153570
1.106 3.637135 0.153395
1.107 3.636941 0.153220
1.108 3.636750 0.153054
1.109 3.636562 0.152900
1.110 3.636375 0.152747
1.111 3.636187 0.152593
1.112 3.635999 0.152440
1.113 3.635816 0.152323
1.114 3.635637 0.152255
1.115 3.635458 0.152186
1.116 3.635280 0.152118
1.117 3.635101 0.152050
1.118 3.634921 0.151892
1.119 3.634738 0.151604
1.120 3.634555 0.151316
1.121 3.634372 0.151029
1.122 3.634189 0.150741
1.123 3.634005 0.150500
1.124 3.633819 0.150350
1.125 3.633632 0.150200
1.126 3.633446 0.150049
1.127 3.633259 0.149899
1.128 3.633076 0.149765
1.129 3.632902 0.149684
1.130 3.632729 0.149603
1.131 3.632555 0.149522
1.132 3.632381 0.149442
1.133 3.632209 0.149352
1.134 3.632055 0.149153
1.135 3.631901 0.148954
1.136 3.631746 0.148755
1.137 3.631592 0.148556
1.138 3.631438 0.148356
1.139 3.631265 0.148166
1.140 3.631088 0.147978
1.141 3.630912 0.147789
1.142 3.630735 0.147601
1.143 3.630558 0.147412
1.144 3.630381 0.147253
1.145 3.630203 0.147111
1.146 3.630025 0.146970
1.147 3.629846 0.146829
1.148 3.629668 0.146688
1.149 3.629492 0.146500
1.150 3.629320 0.146209
1.151 3.629148 0.145918
1.152 3.628976 0.145627
1.153 3.628804 0.145336
1.154 3.628632 0.145045
1.155 3.628465 0.144853
1.156 3.628298 0.144664
1.157 3.628131 0.144476
1.158 3.627963 0.144288
1.159 3.627796 0.144099
1.160 3.627632 0.143992
1.161 3.627469 0.143951
1.162 3.627307 0.143909
1.163 3.627144 0.143868
1.164 3.626982 0.143826
1.165 3.626820 0.143776
1.166 3.626665 0.143653
1.167 3.626511 0.143529
1.168 3.626356 0.143405
1.169 3.626202 0.143281
1.170 3.626047 0.143157
1.171 3.625896 0.142985
1.172 3.625748 0.142781
1.173 3.625599 0.142576
1.174 3.625451 0.142372
1.175 3.625302 0.142167
1.176 3.625154 0.141964
1.177 3.625009 0.141802
1.178 3.624865 0.141639
1.179 3.624721 0.141476
1.180 3.624577 0.141313
1.181 3.624432 0.141150
1.182 3.624290 0.140984
1.183 3.624149 0.140812
1.184 3.624008 0.140640
1.185 3.623868 0.140468
1.186 3.623727 0.140296
1.187 3.623587 0.140125
1.188 3.623453 0.139993
1.189 3.623321 0.139875
1.190 3.623189 0.139756
1.191 3.623058 0.139637
1.192 3.622926 0.139518
1.193 3.622795 0.139398
1.194 3.622669 0.139260
1.195 3.622543 0.139122
1.196 3.622417 0.138984
1.197 3.622292 0.138846
1.198 3.622166 0.138708
1.199 3.622041 0.138558
1.200 3.621919 0.138376
1.201 3.621797 0.138193
1.202 3.621675 0.138011
1.203 3.621552 0.137828
1.204 3.621430 0.137645
1.205 3.621310 0.137414
1.206 3.621192 0.137123
1.207 3.621073 0.136832
1.208 3.620955 0.136540
1.209 3.620837 0.136249
1.210 3.620718 0.135958
1.211 3.620604 0.135735
1.212 3.620492 0.135566
1.213 3.620380 0.135397
1.214 3.620268 0.135228
1.215 3.620156 0.135059
1.216 3.620045 0.134890
1.217 3.619936 0.134745
1.218 3.619829 0.134615
1.219 3.619722 0.134486
1.220 3.619615 0.134356
1.221 3.619508 0.134226
1.222 3.619402 0.134096
1.223 3.619297 0.133906
1.224 3.619193 0.133677
1.225 3.619090 0.133448
1.226 3.618986 0.133220
1.227 3.618882 0.132991
1.228 3.618779 0.132762
1.229 3.618677 0.132487
1.230 3.618577 0.132175
1.231 3.618477 0.131863
1.232 3.618377 0.131551
1.233 3.618276 0.131239
1.234 3.618176 0.130926
1.235 3.618078 0.130640
1.236 3.617981 0.130389
1.237 3.617885 0.130138
1.238 3.617789 0.129887
1.239 3.617692 0.129636
1.240 3.617596 0.129385
1.241 3.617501 0.129171
1.242 3.617408 0.129069
1.243 3.617316 0.128968
1.244 3.617223 0.128867
1.245 3.617131 0.128766
1.246 3.617038 0.128664
1.247 3.616946 0.128563
1.248 3.616857 0.128410
1.249 3.616768 0.128256
1.250 3.616679 0.128102
1.251 3.616590 0.127949
1.252 3.616501 0.127795
1.253 3.616412 0.127641
1.254 3.616325 0.127472
1.255 3.616240 0.127295
1.256 3.616155 0.127119
1.257 3.616070 0.126942
1.258 3.615985 0.126765
1.259 3.615899 0.126589
1.260 3.615814 0.126363
1.261 3.615727 0.126029
1.262 3.615641 0.125695
1.263 3.615554 0.125361
1.264 3.615467 0.125027
1.265 3.615381 0.124693
1.266 3.615294 0.124358
1.267 3.615209 0.124088
1.268 3.615125 0.123826
1.269 3.615040 0.123565
1.270 3.614956 0.123303
1.271 3.614871 0.123042
1.272 3.614787 0.122780
1.273 3.614704 0.122495
1.274 3.614623 0.122170
1.275 3.614542 0.121845
1.276 3.614462 0.121519
1.277 3.614381 0.121194
1.278 3.614300 0.120868
1.279 3.614219 0.120543
1.280 3.614142 0.120253
1.281 3.614065 0.119971
1.282 3.613989 0.119690
1.283 3.613912 0.119409
1.284 3.613836 0.119128
1.285 3.613759 0.118847
1.286 3.613681 0.118563
1.287 3.613596 0.118261
1.288 3.613511 0.117958
1.289 3.613425 0.117656
1.290 3.613340 0.117354
1.291 3.613255 0.117052
1.292 3.613169 0.116750
1.293 3.613084 0.116472
1.294 3.612998 0.116226
1.295 3.612912 0.115980
1.296 3.612826 0.115734
1.297 3.612740 0.115488
1.298 3.612654 0.115242
1.299 3.612568 0.114996
1.300 3.612485 0.114764
1.301 3.612403 0.114539
1.302 3.612321 0.114314
1.303 3.612240 0.114088
1.304 3.612158 0.113863
1.305 3.612076 0.113638
1.306 3.611995 0.113413
1.307 3.611917 0.113097
1.308 3.611840 0.112760
1.309 3.611763 0.112424
1.310 3.611686 0.112087
1.311 3.611610 0.111750
1.312 3.611533 0.111413
1.313 3.611456 0.111076
1.314 3.611371 0.110818
1.315 3.611286 0.110569
1.316 3.611201 0.110321
1.317 3.611115 0.110072
1.318 3.611030 0.109824
1.319 3.610944 0.109576
1.320 3.610859 0.109327
1.321 3.610774 0.109003
1.322 3.610689 0.108669
1.323 3.610604 0.108335
1.324 3.610519 0.108001
1.325 3.610434 0.107667
1.326 3.610349 0.107333
1.327 3.610264 0.106999
1.328 3.610184 0.106770
1.329 3.610106 0.106566
1.330 3.610027 0.106361
1.331 3.609948 0.106157
1.332 3.609869 0.105952
1.333 3.609790 0.105748
1.334 3.609711 0.105543
1.335 3.609637 0.105286
1.336 3.609564 0.105002
1.337 3.609492 0.104718
1.338 3.609419 0.104434
1.339 3.609347 0.104150
1.340 3.609274 0.103866
1.341 3.609202 0.103582
1.342 3.609130 0.103296
1.343 3.609059 0.103006
1.344 3.608988 0.102716
1.345 3.608917 0.102427
1.346 3.608846 0.102137
1.347 3.608774 0.101847
1.348 3.608703 0.101557
1.349 3.608633 0.101276
1.350 3.608568 0.101055
1.351 3.608503 0.100833
1.352 3.608438 0.100611
1.353 3.608373 0.100389
1.354 3.608308 0.100167
1.355 3.608243 0.099945
1.356 3.608178 0.099723
1.357 3.608119 0.099433
1.358 3.608063 0.099119
1.359 3.608007 0.098805
1.360 3.607951 0.098492
1.361 3.607894 0.098178
1.362 3.607838 0.097864
1.363 3.607782 0.097550
1.364 3.607728 0.097253
1.365 3.607682 0.096999
1.366 3.607637 0.096744
1.367 3.607591 0.096490
1.368 3.607545 0.096236
1.369 3.607499 0.095982
1.370 3.607453 0.095727
1.371 3.607408 0.095473
1.372 3.607375 0.095095
1.373 3.607348 0.094669
1.374 3.607321 0.094244
1.375 3.607294 0.093819
1.376 3.607267 0.093393
1.377 3.607240 0.092968
1.378 3.607213 0.092543
1.379 3.607188 0.092123
1.380 3.607177 0.091759
1.381 3.607166 0.091396
1.382 3.607156 0.091032
1.383 3.607145 0.090669
1.384 3.607135 0.090305
1.385 3.607124 0.089942
1.386 3.607113 0.089578
1.387 3.607109 0.089242
1.388 3.607116 0.088952
1.389 3.607123 0.088662
1.390 3.607130 0.088371
1.391 3.607137 0.088081
1.392 3.607144 0.087791
1.393 3.607150 0.087501
1.394 3.607157 0.087211
1.395 3.607177 0.086913
1.396 3.607205 0.086608
1.397 3.607234 0.086304
1.398 3.607263 0.086000
1.399 3.607292 0.085696
1.400 3.607321 0.085392
1.401 3.607350 0.085088
1.402 3.607378 0.084784
1.403 3.607449 0.084436
1.404 3.607540 0.084066
1.405 3.607630 0.083697
1.406 3.607721 0.083328
1.407 3.607812 0.082959
1.408 3.607903 0.082589
1.409 3.607994 0.082220
1.410 3.608085 0.081851
1.411 3.608209 0.081447
1.412 3.608349 0.081029
1.413 3.608489 0.080610
1.414 3.608629 0.080191
1.415 3.608769 0.079773
1.416 3.608909 0.079354
1.417 3.609049 0.078935
1.418 3.609189 0.078517
1.419 3.609362 0.078089
1.420 3.609557 0.077656
1.421 3.609751 0.077223
1.422 3.609945 0.076790
1.423 3.610139 0.076357
1.424 3.610334 0.075924
1.425 3.610528 0.075491
1.426 3.610722 0.075058
1.427 3.610949 0.074618
1.428 3.611217 0.074169
1.429 3.611485 0.073720
1.430 3.611753 0.073271
1.431 3.612021 0.072822
1.432 3.612288 0.072372
1.433 3.612556 0.071923
1.434 3.612824 0.071474
1.435 3.613111 0.071003
1.436 3.613483 0.070431
1.437 3.613856 0.069858
1.438 3.614229 0.069285
1.439 3.614602 0.068712
1.440 3.614975 0.068139
1.441 3.615347 0.067566
1.442 3.615720 0.066993
1.443 3.616093 0.066420
1.444 3.616547 0.065706
1.445 3.617020 0.064961
1.446 3.617493 0.064215
1.447 3.617966 0.063470
1.448 3.618438 0.062724
1.449 3.618911 0.061979
1.450 3.619384 0.061233
1.451 3.619857 0.060488
1.452 3.620351 0.059764
1.453 3.620885 0.059081
1.454 3.621418 0.058398
1.455 3.621952 0.057714
1.456 3.622486 0.057031
1.457 3.623019 0.056348
1.458 3.623553 0.055664
1.459 3.624087 0.054981
1.460 3.624620 0.054297
1.461 3.625130 0.053539
1.462 3.625634 0.052761
1.463 3.626138 0.051983
1.464 3.626642 0.051206
1.465 3.627145 0.050428
1.466 3.627649 0.049651
1.467 3.628153 0.048873
1.468 3.628657 0.048096
1.469 3.629098 0.047293
1.470 3.629155 0.046335
1.471 3.629213 0.045378
1.472 3.629270 0.044421
1.473 3.629327 0.043463
1.474 3.629385 0.042506
1.475 3.629442 0.041549
1.476 3.629499 0.040591
1.477 3.629557 0.039634
1.478 3.629614 0.038677
1.479 3.629671 0.037719
1.480 3.629485 0.036676
1.481 3.629265 0.035621
1.482 3.629046 0.034566
1.483 3.628827 0.033510
1.484 3.628608 0.032455
1.485 3.628389 0.031400
1.486 3.628170 0.030345
1.487 3.627950 0.029290
1.488 3.627731 0.028235
1.489 3.627512 0.027180
1.490 3.627131 0.026264
1.491 3.626575 0.025497
1.492 3.626019 0.024731
1.493 3.625464 0.023965
1.494 3.624908 0.023198
1.495 3.624352 0.022432
1.496 3.623796 0.021666
1.497 3.623240 0.020899
1.498 3.622685 0.020133
1.499 3.622129 0.019367
1.500 3.621573 0.018600
1.501 3.620760 0.017921
1.502 3.619927 0.017248
1.503 3.619095 0.016575
1.504 3.618262 0.015902
1.505 3.617430 0.015229
1.506 3.616598 0.014556
1.507 3.615765 0.013883
1.508 3.614933 0.013210
1.509 3.614100 0.012537
1.510 3.613268 0.011864
1.511 3.612413 0.011245
1.512 3.611483 0.010810
1.513 3.610552 0.010374
1.514 3.609622 0.009938
1.515 3.608691 0.009503
1.516 3.607761 0.009067
1.517 3.606831 0.008632
1.518 3.605900 0.008196
1.519 3.604970 0.007760
1.520 3.604040 0.007325
1.521 3.603109 0.006889
1.522 3.602160 0.006533
1.523 3.601179 0.006308
1.524 3.600198 0.006084
1.525 3.599216 0.005859
1.526 3.598235 0.005634
1.527 3.597254 0.005409
1.528 3.596273 0.005185
1.529 3.595292 0.004960
1.530 3.594310 0.004735
1.531 3.593329 0.004511
1.532 3.592348 0.004286
1.533 3.591392 0.004087
1.534 3.590478 0.003931
1.535 3.589565 0.003775
1.536 3.588652 0.003620
1.537 3.587738 0.003464
1.538 3.586825 0.003308
1.539 3.585912 0.003153
1.540 3.584999 0.002997
1.541 3.584085 0.002841
1.542 3.583172 0.002686
1.543 3.582259 0.002530
1.544 3.581363 0.002396
1.545 3.580543 0.002353
1.546 3.579722 0.002311
1.547 3.578902 0.002268
1.548 3.578081 0.002225
1.549 3.577260 0.002183
1.550 3.576440 0.002140
1.551 3.575619 0.002097
1.552 3.574798 0.002055
1.553 3.573978 0.002012
1.554 3.573157 0.001969
1.555 3.572337 0.001926
1.556 3.571617 0.001869
1.557 3.570915 0.001808
1.558 3.570212 0.001748
1.559 3.569510 0.001687
1.560 3.568808 0.001627
1.561 3.568105 0.001566
1.562 3.567403 0.001506
1.563 3.566700 0.001445
1.564 3.565998 0.001385
1.565 3.565296 0.001324
1.566 3.564593 0.001264
1.567 3.563922 0.001218
1.568 3.563308 0.001197
1.569 3.562693 0.001177
1.570 3.562079 0.001157
1.571 3.561465 0.001137
1.572 3.560850 0.001116
1.573 3.560236 0.001096
1.574 3.559622 0.001076
1.575 3.559007 0.001056
1.576 3.558393 0.001035
1.577 3.557779 0.001015
1.578 3.557164 0.000995
1.579 3.556605 0.000986
1.580 3.556071 0.000981
1.581 3.555537 0.000977
1.582 3.555003 0.000973
1.583 3.554470 0.000968
1.584 3.553936 0.000964
1.585 3.553402 0.000960
1.586 3.552868 0.000956
1.587 3.552335 0.000951
1.588 3.551801 0.000947
1.589 3.551267 0.000943
1.590 3.550733 0.000938
1.591 3.550243 0.000919
1.592 3.549763 0.000896
1.593 3.549282 0.000874
1.594 3.548801 0.000851
1.595 3.548320 0.000829
1.596 3.547839 0.000806
1.597 3.547358 0.000784
1.598 3.546877 0.000761
1.599 3.546397 0.000739
1.600 3.545916 0.000716
1.601 3.545435 0.000694
1.602 3.544954 0.000671
1.603 3.544502 0.000654
1.604 3.544056 0.000638
1.605 3.543611 0.000622
1.606 3.543165 0.000606
1.607 3.542720 0.000590
1.608 3.542274 0.000574
1.609 3.541829 0.000558
1.610 3.541384 0.000542
1.611 3.540938 0.000526
1.612 3.540493 0.000510
1.613 3.540047 0.000494
1.614 3.539602 0.000478
1.615 3.539162 0.000462
1.616 3.538725 0.000447
1.617 3.538289 0.000431
1.618 3.537853 0.000415
1.619 3.537417 0.000399
1.620 3.536980 0.000384
1.621 3.536544 0.000368
1.622 3.536108 0.000352
1.623 3.535672 0.000336
1.624 3.535235 0.000321
1.625 3.534799 0.000305
1.626 3.534363 0.000289
1.627 3.533929 0.000273
1.628 3.533503 0.000258
1.629 3.533078 0.000242
1.630 3.532653 0.000227
1.631 3.532227 0.000212
1.632 3.531802 0.000196
1.633 3.531377 0.000181
1.634 3.530951 0.000165
1.635 3.530526 0.000150
1.636 3.530101 0.000134
1.637 3.529675 0.000119
1.638 3.529250 0.000103
1.639 3.528825 0.000088
1.640 3.528405 0.000078
1.641 3.527988 0.000071
1.642 3.527572 0.000065
1.643 3.527156 0.000059
1.644 3.526739 0.000052
1.645 3.526323 0.000046
1.646 3.525907 0.000039
1.647 3.525490 0.000033
1.648 3.525074 0.000027
1.649 3.524658 0.000020
1.650 3.524241 0.000014
1.651 3.523825 0.000008
1.652 3.523409 0.000001
1.653 3.523000 0.000000
1.654 3.522593 0.000000
1.655 3.522186 0.000000
1.656 3.521780 0.000000
1.657 3.521373 0.000000
1.658 3.520966 0.000000
1.659 3.520559 0.000000
1.660 3.520152 0.000000
1.661 3.519745 0.000000
1.662 3.519339 0.000000
1.663 3.518932 0.000000
1.664 3.518525 0.000000
1.665 3.518118 0.000000
1.666 3.517718 0.000000
1.667 3.517319 0.000000
1.668 3.516921 0.000000
1.669 3.516522 0.000000
1.670 3.516124 0.000000
1.671 3.515725 0.000000
1.672 3.515327 0.000000
1.673 3.514928 0.000000
1.674 3.514530 0.000000
1.675 3.514131 0.000000
1.676 3.513733 0.000000
1.677 3.513334 0.000000
1.678 3.512936 0.000000
1.679 3.512542 0.000000
1.680 3.512151 0.000000
1.681 3.511761 0.000000
1.682 3.511370 0.000000
1.683 3.510979 0.000000
1.684 3.510589 0.000000
1.685 3.510198 0.000000
1.686 3.509807 0.000000
1.687 3.509416 0.000000
1.688 3.509026 0.000000
1.689 3.508635 0.000000
1.690 3.508244 0.000000
1.691 3.507854 0.000000
1.692 3.507465 0.000000
1.693 3.507083 0.000000
1.694 3.506700 0.000000
1.695 3.506318 0.000000
1.696 3.505936 0.000000
1.697 3.505554 0.000000
1.698 3.505172 0.000000
1.699 3.504789 0.000000
1.700 3.504407 0.000000
1.701 3.504025 0.000000
1.702 3.503643 0.000000
1.703 3.503261 0.000000
1.704 3.502879 0.000000
1.705 3.502496 0.000000
1.706 3.502118 0.000000
1.707 3.501744 0.000000
1.708 3.501369 0.000000
1.709 3.500994 0.000000
1.710 3.500619 0.000000
1.711 3.500244 0.000000
1.712 3.499869 0.000000
1.713 3.499494 0.000000
1.714 3.499119 0.000000
1.715 3.498744 0.000000
1.716 3.498369 0.000000
1.717 3.497994 0.000000
1.718 3.497619 0.000000
1.719 3.497244 0.000000
1.720 3.496875 0.000000
1.721 3.496508 0.000000
1.722 3.496141 0.000000
1.723 3.495774 0.000000
1.724 3.495408 0.000000
1.725 3.495041 0.000000
1.726 3.494674 0.000000
1.727 3.494307 0.000000
1.728 3.493940 0.000000
1.729 3.493573 0.000000
1.730 3.493206 0.000000
1.731 3.492840 0.000000
1.732 3.492473 0.000000
1.733 3.492106 0.000000
1.734 3.491743 0.000000
1.735 3.491383 0.000000
1.736 3.491022 0.000000
1.737 3.490662 0.000000
1.738 3.490301 0.000000
1.739 3.489941 0.000000
1.740 3.489580 0.000000
1.741 3.489220 0.000000
1.742 3.488859 0.000000
1.743 3.488499 0.000000
1.744 3.488139 0.000000
1.745 3.487778 0.000000
1.746 3.487418 0.000000
1.747 3.487057 0.000000
1.748 3.486700 0.000000
1.749 3.486348 0.000000
1.750 3.485997 0.000000
1.751 3.485645 0.000000
1.752 3.485293 0.000000
1.753 3.484942 0.000000
1.754 3.484590 0.000000
1.755 3.484238 0.000000
1.756 3.483887 0.000000
1.757 3.483535 0.000000
1.758 3.483184 0.000000
1.759 3.482832 0.000000
1.760 3.482480 0.000000
1.761 3.482129 0.000000
1.762 3.481777 0.000000
1.763 3.481431 0.000000
1.764 3.481085 0.000000
1.765 3.480740 0.000000
1.766 3.480394 0.000000
1.767 3.480049 0.000000
1.768 3.479703 0.000000
1.769 3.479358 0.000000
1.770 3.479012 0.000000
1.771 3.478667 0.000000
1.772 3.478321 0.000000
1.773 3.477976 0.000000
1.774 3.477631 0.000000
1.775 3.477285 0.000000
1.776 3.476940 0.000000
1.777 3.476594 0.000000
1.778 3.476257 0.000000
1.779 3.475919 0.000000
1.780 3.475581 0.000000
1.781 3.475243 0.000000
1.782 3.474905 0.000000
1.783 3.474567 0.000000
1.784 3.474229 0.000000
1.785 3.473891 0.000000
1.786 3.473553 0.000000
1.787 3.473215 0.000000
1.788 3.472878 0.000000
1.789 3.472540 0.000000
1.790 3.472202 0.000000
1.791 3.471864 0.000000
1.792 3.471526 0.000000
1.793 3.471193 0.000000
1.794 3.470861 0.000000
1.795 3.470528 0.000000
1.796 3.470196 0.000000
1.797 3.469863 0.000000
1.798 3.469531 0.000000
1.799 3.469198 0.000000
1.800 3.468866 0.000000
1.801 3.468533 0.000000
1.802 3.468201 0.000000
1.803 3.467868 0.000000
1.804 3.467536 0.000000
1.805 3.467203 0.000000
1.806 3.466871 0.000000
1.807 3.466538 0.000000
1.808 3.466211 0.000000
1.809 3.465886 0.000000
1.810 3.465562 0.000000
1.811 3.465237 0.000000
1.812 3.464912 0.000000
1.813 3.464587 0.000000
1.814 3.464262 0.000000
1.815 3.463937 0.000000
1.816 3.463612 0.000000
1.817 3.463287 0.000000
1.818 3.462962 0.000000
1.819 3.462637 0.000000
1.820 3.462312 0.000000
1.821 3.461988 0.000000
1.822 3.461663 0.000000
1.823 3.461339 0.000000
1.824 3.461019 0.000000
1.825 3.460699 0.000000
1.826 3.460379 0.000000
1.827 3.460060 0.000000
1.828 3.459740 0.000000
1.829 3.459420 0.000000
1.830 3.459101 0.000000
1.831 3.458781 0.000000
1.832 3.458461 0.000000
1.833 3.458141 0.000000
1.834 3.457822 0.000000
1.835 3.457502 0.000000
1.836 3.457182 0.000000
1.837 3.456863 0.000000
1.838 3.456543 0.000000
1.839 3.456226 0.000000
1.840 3.455913 0.000000
1.841 3.455601 0.000000
1.842 3.455289 0.000000
1.843 3.454976 0.000000
1.844 3.454664 0.000000
1.845 3.454352 0.000000
1.846 3.454039 0.000000
1.847 3.453727 0.000000
1.848 3.453415 0.000000
1.849 3.453102 0.000000
1.850 3.452790 0.000000
1.851 3.452478 0.000000
1.852 3.452165 0.000000
1.853 3.451853 0.000000
1.854 3.451540 0.000000
1.855 3.451229 0.000000
1.856 3.450922 0.000000
1.857 3.450615 0.000000
1.858 3.450308 0.000000
1.859 3.450001 0.000000
1.860 3.449694 0.000000
1.861 3.449387 0.000000
1.862 3.449080 0.000000
1.863 3.448773 0.000000
1.864 3.448466 0.000000
1.865 3.448159 0.000000
1.866 3.447852 0.000000
1.867 3.447545 0.000000
1.868 3.447237 0.000000
1.869 3.446930 0.000000
1.870 3.446623 0.000000
1.871 3.446316 0.000000
1.872 3.446016 0.000000
1.873 3.445716 0.000000
1.874 3.445417 0.000000
1.875 3.445118 0.000000
1.876 3.444818 0.000000
1.877 3.444519 0.000000
1.878 3.444219 0.000000
1.879 3.443920 0.000000
1.880 3.443621 0.000000
1.881 3.443321 0.000000
1.882 3.443022 0.000000
1.883 3.442722 0.000000
1.884 3.442423 0.000000
1.885 3.442124 0.000000
1.886 3.441824 0.000000
1.887 3.441525 0.000000
1.888 3.441226 0.000000
1.889 3.440932 0.000000
1.890 3.440638 0.000000
1.891 3.440344 0.000000
1.892 3.440049 0.000000
1.893 3.439755 0.000000
1.894 3.439461 0.000000
1.895 3.439167 0.000000
1.896 3.438872 0.000000
1.897 3.438578 0.000000
1.898 3.438284 0.000000
1.899 3.437990 0.000000
1.900 3.437695 0.000000
1.901 3.437401 0.000000
1.902 3.437107 0.000000
1.903 3.436813 0.000000
1.904 3.436518 0.000000
1.905 3.436225 0.000000
1.906 3.435937 0.000000
1.907 3.435649 0.000000
1.908 3.435361 0.000000
1.909 3.435073 0.000000
1.910 3.434785 0.000000
1.911 3.434497 0.000000
1.912 3.434209 0.000000
1.913 3.433920 0.000000
1.914 3.433632 0.000000
1.915 3.433344 0.000000
1.916 3.433056 0.000000
1.917 3.432768 0.000000
1.918 3.432480 0.000000
1.919 3.432192 0.000000
1.920 3.431904 0.000000
1.921 3.431616 0.000000
1.922 3.431327 0.000000
1.923 3.431044 0.000000
1.924 3.430761 0.000000
1.925 3.430478 0.000000
1.926 3.430195 0.000000
1.927 3.429912 0.000000
1.928 3.429630 0.000000
1.929 3.429347 0.000000
1.930 3.429064 0.000000
1.931 3.428781 0.000000
1.932 3.428498 0.000000
1.933 3.428215 0.000000
1.934 3.427932 0.000000
1.935 3.427649 0.000000
1.936 3.427366 0.000000
1.937 3.427083 0.000000
1.938 3.426801 0.000000
1.939 3.426518 0.000000
1.940 3.426237 0.000000
1.941 3.425960 0.000000
1.942 3.425684 0.000000
1.943 3.425407 0.000000
1.944 3.425131 0.000000
1.945 3.424854 0.000000
1.946 3.424578 0.000000
1.947 3.424301 0.000000
1.948 3.424025 0.000000
1.949 3.423748 0.000000
1.950 3.423472 0.000000