0.251 1.977171 3.253984
0.252 2.021686 3.270092
0.253 2.065398 3.281064
0.254 2.115252 3.298567
0.255 2.157653 3.309165
0.256 2.206570 3.319972
0.257 2.255068 3.330915
0.258 2.303295 3.341867
0.259 2.352527 3.352564
0.260 2.409829 3.362380
0.261 2.463594 3.370874
0.262 2.520883 3.370869
0.263 2.581057 3.374706
0.264 2.641610 3.365068
0.265 2.708613 3.359311
0.266 2.767926 3.344176
0.267 2.826180 3.326399
0.268 2.888668 3.305878
0.269 2.943213 3.276603
0.270 2.999768 3.246981
0.271 3.050511 3.217295
0.272 3.098438 3.180302
0.273 3.144895 3.143529
0.274 3.185629 3.107252
0.275 3.222217 3.065039
0.276 3.256387 3.026188
0.277 3.288816 2.983704
0.278 3.319828 2.945847
0.279 3.346209 2.904303
0.280 3.370047 2.858177
0.281 3.391736 2.819590
0.282 3.410086 2.780638
0.283 3.425828 2.739847
0.284 3.441289 2.698809
0.285 3.456171 2.658661
0.286 3.464885 2.621752
0.287 3.473423 2.585997
0.288 3.483165 2.550095
0.289 3.487586 2.511392
0.290 3.492077 2.477080
0.291 3.496662 2.442136
0.292 3.494809 2.407714
0.293 3.495836 2.379962
0.294 3.496538 2.346764
0.295 3.495390 2.320052
0.296 3.493056 2.287924
0.297 3.487838 2.261950
0.298 3.482763 2.236920
0.299 3.477831 2.212255
0.300 3.473045 2.187939
0.301 3.468469 2.168604
0.302 3.457416 2.147366
0.303 3.452835 2.128549
0.304 3.442110 2.107833
0.305 3.437727 2.089419
0.306 3.427477 2.070735
0.307 3.423266 2.058164
0.308 3.413404 2.040002
0.309 3.405570 2.027682
0.310 3.398528 2.016121
0.311 3.389024 2.004740
0.312 3.385879 1.993559
0.313 3.376164 1.982494
0.314 3.367958 1.971554
0.315 3.361745 1.960750
0.316 3.354262 1.950079
0.317 3.345338 1.945984
0.318 3.338389 1.935953
0.319 3.333385 1.932472
0.320 3.328011 1.922212
0.321 3.321707 1.917610
0.322 3.313443 1.911018
0.323 3.311545 1.905812
0.324 3.302884 1.902736
0.325 3.301139 1.896672
0.326 3.293771 1.895815
0.327 3.291068 1.889648
0.328 3.284466 1.889616
0.329 3.281270 1.882764
0.330 3.276332 1.882844
0.331 3.271798 1.882710
0.332 3.270566 1.876269
0.333 3.264815 1.876354
0.334 3.261432 1.876563
0.335 3.260399 1.876796
0.336 3.259402 1.877044
0.337 3.256953 1.875814
0.338 3.250684 1.870738
0.339 3.249846 1.871071
0.340 3.249044 1.871426
0.341 3.248286 1.871807
0.342 3.247573 1.872214
0.343 3.246911 1.872650
0.344 3.246276 1.873100
0.345 3.245667 1.873566
0.346 3.245126 1.874078
0.347 3.244617 1.874610
0.348 3.244132 1.875957
0.349 3.243682 1.882322
0.350 3.243266 1.883186
0.351 3.242896 1.883808
0.352 3.242549 1.884447
0.353 3.242234 1.885111
0.354 3.247613 1.885823
0.355 3.248616 1.887909
0.356 3.248403 1.894162
0.357 3.248512 1.894921
0.358 3.254278 1.895715
0.359 3.254856 1.896537
0.360 3.254777 1.897379
0.361 3.255320 1.903939
0.362 3.261146 1.906016
0.363 3.261634 1.906924
0.364 3.266878 1.907854
0.365 3.268657 1.915434
0.366 3.270912 1.916669
0.367 3.275813 1.917669
0.368 3.276109 1.918799
0.369 3.283120 1.926630
0.370 3.283387 1.927704
0.371 3.287883 1.928849
0.372 3.290934 1.935881
0.373 3.298080 1.937938
0.374 3.298545 1.939090
0.375 3.303252 1.944538
0.376 3.306358 1.948362
0.377 3.313096 1.949590
0.378 3.316854 1.953388
0.379 3.321778 1.958978
0.380 3.327481 1.960775
0.381 3.331073 1.967594
0.382 3.339379 1.969761
0.383 3.345218 1.974427
0.384 3.350854 1.979328
0.385 3.354007 1.981066
0.386 3.362408 1.988288
0.387 3.371660 1.992877
0.388 3.377079 1.998673
0.389 3.383340 2.000359
0.390 3.392661 2.007992
0.391 3.400092 2.011824
0.392 3.404479 2.018274
0.393 3.413870 2.023677
0.394 3.423285 2.028185
0.395 3.433489 2.035700
0.396 3.448460 2.039912
0.397 3.458543 2.046589
0.398 3.468048 2.051950
0.399 3.482576 2.056620
0.400 3.494901 2.063602
0.401 3.511074 2.067346
0.402 3.526515 2.074827
0.403 3.539585 2.076898
0.404 3.557304 2.078580
0.405 3.575020 2.080278
0.406 3.592740 2.080960
0.407 3.611251 2.076860
0.408 3.634694 2.076320
0.409 3.652859 2.070543
0.410 3.670555 2.064408
0.411 3.683322 2.058322
0.412 3.698569 2.046910
0.413 3.710776 2.039420
0.414 3.726288 2.031617
0.415 3.736829 2.020757
0.416 3.743552 2.011635
0.417 3.749814 2.002352
0.418 3.755023 1.996698
0.419 3.758356 1.985834
0.420 3.766424 1.979375
0.421 3.769438 1.979544
0.422 3.772262 1.974862
0.423 3.775149 1.972530
0.424 3.778140 1.975048
0.425 3.781415 1.977648
0.426 3.784939 1.980320
0.427 3.789380 1.983911
0.428 3.799058 1.992416
0.429 3.805216 1.996954
0.430 3.816438 2.006401
0.431 3.825924 2.016612
0.432 3.837562 2.026616
0.433 3.853845 2.032500
0.434 3.871427 2.039373
0.435 3.892073 2.048938
0.436 3.912881 2.058264
0.437 3.934743 2.067310
0.438 3.962546 2.074523
0.439 3.991242 2.077932
0.440 4.019956 2.084151
0.441 4.051633 2.084858
0.442 4.084979 2.083835
0.443 4.118271 2.078380
0.444 4.151481 2.071938
0.445 4.184463 2.064774
0.446 4.217257 2.055201
0.447 4.249939 2.042706
0.448 4.282537 2.029201
0.449 4.312173 2.012159
0.450 4.342105 1.992833
0.451 4.373331 1.972809
0.452 4.403251 1.951818
0.453 4.431710 1.927902
0.454 4.458863 1.900201
0.455 4.482859 1.871267
0.456 4.505952 1.841104
0.457 4.528598 1.809722
0.458 4.549930 1.777327
0.459 4.565542 1.743264
0.460 4.583573 1.708647
0.461 4.596646 1.673302
0.462 4.605945 1.637651
0.463 4.614066 1.601817
0.464 4.620099 1.565989
0.465 4.622444 1.531881
0.466 4.623004 1.500431
0.467 4.622064 1.467238
0.468 4.617722 1.437174
0.469 4.615776 1.408856
0.470 4.609331 1.380753
0.471 4.601925 1.352840
0.472 4.594524 1.325515
0.473 4.589379 1.299048
0.474 4.584519 1.275338
0.475 4.576206 1.252537
0.476 4.567697 1.229504
0.477 4.559082 1.209687
0.478 4.550483 1.190541
0.479 4.541181 1.171927
0.480 4.526869 1.153610
0.481 4.517418 1.135462
0.482 4.508683 1.117677
0.483 4.499934 1.103564
0.484 4.491189 1.089554
0.485 4.482462 1.074687
0.486 4.473752 1.061773
0.487 4.465055 1.046732
0.488 4.456373 1.034049
0.489 4.447711 1.019967
0.490 4.439076 1.007979
0.491 4.430477 0.997797
0.492 4.421905 0.987148
0.493 4.413353 0.976382
0.494 4.404829 0.966005
0.495 4.396344 0.956079
0.496 4.389780 0.946557
0.497 4.384840 0.937155
0.498 4.377929 0.927946
0.499 4.369581 0.919242
0.500 4.361264 0.910816
0.501 4.352970 0.902427
0.502 4.344713 0.894408
0.503 4.338736 0.886805
0.504 4.333887 0.879334
0.505 4.327062 0.871897
0.506 4.318952 0.864535
0.507 4.311338 0.857338
0.508 4.306147 0.850482
0.509 4.301746 0.843941
0.510 4.293780 0.837455
0.511 4.287087 0.831064
0.512 4.283400 0.824774
0.513 4.277021 0.818544
0.514 4.269413 0.812648
0.515 4.264494 0.806778
0.516 4.260345 0.800952
0.517 4.254424 0.795460
0.518 4.251009 0.790018
0.519 4.244455 0.784643
0.520 4.236881 0.779349
0.521 4.232727 0.774083
0.522 4.228342 0.769086
0.523 4.223026 0.764232
0.524 4.219349 0.759295
0.525 4.213861 0.754584
0.526 4.210092 0.749708
0.527 4.205161 0.744967
0.528 4.200633 0.740538
0.529 4.196558 0.736157
0.530 4.191672 0.731793
0.531 4.187575 0.727446
0.532 4.183234 0.723130
0.533 4.178249 0.718859
0.534 4.175368 0.714629
0.535 4.168733 0.710403
0.536 4.166948 0.706196
0.537 4.160900 0.702031
0.538 4.157404 0.698259
0.539 4.155895 0.694456
0.540 4.152986 0.690388
0.541 4.147238 0.686365
0.542 4.144859 0.682791
0.543 4.139386 0.678929
0.544 4.135855 0.675271
0.545 4.131714 0.671776
0.546 4.127251 0.668237
0.547 4.124328 0.664521
0.548 4.123039 0.660965
0.549 4.118712 0.657608
0.550 4.114790 0.654273
0.551 4.112332 0.650820
0.552 4.110319 0.647260
0.553 4.106337 0.643744
0.554 4.102294 0.640492
0.555 4.100542 0.637254
0.556 4.097969 0.634037
0.557 4.094156 0.630844
0.558 4.089953 0.627674
0.559 4.086521 0.624507
0.560 4.082350 0.621351
0.561 4.079725 0.618219
0.562 4.078021 0.615169
0.563 4.074765 0.612289
0.564 4.070412 0.609525
0.565 4.068337 0.606545
0.566 4.066347 0.603488
0.567 4.063007 0.600454
0.568 4.058754 0.597442
0.569 4.057105 0.594613
0.570 4.056032 0.591877
0.571 4.054507 0.589135
0.572 4.051167 0.586171
0.573 4.047299 0.583438
0.574 4.044977 0.580762
0.575 4.043371 0.578048
0.576 4.039793 0.575126
0.577 4.036219 0.572471
0.578 4.034050 0.569848
0.579 4.032495 0.567232
0.580 4.028580 0.564660
0.581 4.025339 0.562032
0.582 4.023251 0.559462
0.583 4.022296 0.556954
0.584 4.021350 0.554329
0.585 4.017784 0.551841
0.586 4.014021 0.549331
0.587 4.011709 0.546685
0.588 4.010733 0.544319
0.589 4.009818 0.541802
0.590 4.008190 0.539216
0.591 4.002841 0.536928
0.592 4.000512 0.534700
0.593 3.999295 0.532339
0.594 3.998317 0.529676
0.595 3.993125 0.527470
0.596 3.989837 0.525273
0.597 3.988969 0.523027
0.598 3.988108 0.520468
0.599 3.986469 0.518173
0.600 3.983993 0.516050
0.601 3.979743 0.513939
0.602 3.977891 0.511693
0.603 3.977064 0.509373
0.604 3.976242 0.507005
0.605 3.973386 0.504865
0.606 3.970114 0.502797
0.607 3.967348 0.500739
0.608 3.966161 0.498683
0.609 3.965367 0.496514
0.610 3.964580 0.494090
0.611 3.960415 0.491929
0.612 3.956614 0.489857
0.613 3.955500 0.487847
0.614 3.954670 0.485839
0.615 3.953918 0.483834
0.616 3.953172 0.481838
0.617 3.951405 0.479858
0.618 3.948948 0.477886
0.619 3.945176 0.475924
0.620 3.943387 0.473964
0.621 3.942665 0.472006
0.622 3.941948 0.470058
0.623 3.939462 0.468120
0.624 3.935443 0.466191
0.625 3.933614 0.464274
0.626 3.932272 0.462358
0.627 3.931577 0.460444
0.628 3.930470 0.458539
0.629 3.928577 0.456639
0.630 3.924140 0.454754
0.631 3.922016 0.452874
0.632 3.921361 0.450999
0.633 3.920707 0.449127
0.634 3.920055 0.447258
0.635 3.919408 0.445396
0.636 3.916245 0.443548
0.637 3.912589 0.441705
0.638 3.911089 0.439870
0.639 3.910010 0.438053
0.640 3.909383 0.436256
0.641 3.907962 0.434754
0.642 3.906006 0.433251
0.643 3.902242 0.431445
0.644 3.900072 0.429645
0.645 3.899477 0.427850
0.646 3.898882 0.426057
0.647 3.898289 0.424315
0.648 3.897702 0.422884
0.649 3.895322 0.421327
0.650 3.890717 0.419612
0.651 3.889113 0.417864
0.652 3.888549 0.416108
0.653 3.887985 0.414502
0.654 3.887423 0.412929
0.655 3.886866 0.411429
0.656 3.884635 0.409795
0.657 3.881182 0.408063
0.658 3.879303 0.406641
0.659 3.877819 0.405249
0.660 3.877280 0.403560
0.661 3.876359 0.401902
0.662 3.874664 0.400306
0.663 3.872107 0.398805
0.664 3.868880 0.397377
0.665 3.867790 0.395742
0.666 3.867280 0.394051
0.667 3.866771 0.392706
0.668 3.866186 0.391309
0.669 3.865306 0.389708
0.670 3.863229 0.388216
0.671 3.859333 0.386889
0.672 3.857421 0.385483
0.673 3.856940 0.384020
0.674 3.856459 0.382546
0.675 3.855978 0.381069
0.676 3.855503 0.379763
0.677 3.854757 0.378453
0.678 3.850590 0.376900
0.679 3.847230 0.375396
0.680 3.846771 0.374069
0.681 3.846312 0.372719
0.682 3.845853 0.371328
0.683 3.845399 0.369892
0.684 3.844948 0.368406
0.685 3.842374 0.367062
0.686 3.838314 0.365818
0.687 3.836761 0.364417
0.688 3.836329 0.362946
0.689 3.835897 0.361727
0.690 3.835465 0.360577
0.691 3.832407 0.359170
0.692 3.828938 0.357722
0.693 3.827843 0.356484
0.694 3.826912 0.355260
0.695 3.826498 0.353817
0.696 3.826086 0.352388
0.697 3.825675 0.351262
0.698 3.825007 0.350110
0.699 3.821485 0.348678
0.700 3.818266 0.347277
0.701 3.817513 0.346129
0.702 3.816807 0.344986
0.703 3.816421 0.343879
0.704 3.816035 0.342740
0.705 3.815649 0.341390
0.706 3.814844 0.340058
0.707 3.811060 0.338864
0.708 3.807634 0.337681
0.709 3.807264 0.336591
0.710 3.806894 0.335500
0.711 3.806527 0.334414
0.712 3.806160 0.333318
0.713 3.805794 0.331942
0.714 3.805427 0.330567
0.715 3.801807 0.329441
0.716 3.798122 0.328321
0.717 3.797491 0.327246
0.718 3.797144 0.326176
0.719 3.796801 0.325108
0.720 3.796458 0.324042
0.721 3.795886 0.322977
0.722 3.795237 0.321913
0.723 3.792884 0.320853
0.724 3.789602 0.319794
0.725 3.787895 0.318740
0.726 3.787567 0.317689
0.727 3.787241 0.316510
0.728 3.786916 0.315142
0.729 3.786262 0.313860
0.730 3.784711 0.312816
0.731 3.783076 0.311772
0.732 3.780801 0.310733
0.733 3.778527 0.309693
0.734 3.778124 0.308677
0.735 3.777815 0.307662
0.736 3.777507 0.306866
0.737 3.777200 0.306133
0.738 3.775532 0.305228
0.739 3.772903 0.304201
0.740 3.770863 0.303176
0.741 3.769771 0.302154
0.742 3.768814 0.301134
0.743 3.768525 0.300119
0.744 3.768237 0.299103
0.745 3.767951 0.298091
0.746 3.767666 0.297080
0.747 3.765266 0.296069
0.748 3.761935 0.295060
0.749 3.759941 0.294125
0.750 3.759662 0.293286
0.751 3.759385 0.292443
0.752 3.759113 0.291581
0.753 3.758842 0.290719
0.754 3.757778 0.289740
0.755 3.756610 0.288744
0.756 3.754751 0.287870
0.757 3.752404 0.287081
0.758 3.750627 0.286262
0.759 3.750365 0.285368
0.760 3.750102 0.284473
0.761 3.749846 0.283495
0.762 3.749591 0.282513
0.763 3.747804 0.281686
0.764 3.745026 0.280959
0.765 3.742787 0.280179
0.766 3.742143 0.279242
0.767 3.741499 0.278304
0.768 3.741205 0.277508
0.769 3.740958 0.276731
0.770 3.740587 0.275919
0.771 3.740091 0.275070
0.772 3.739363 0.274236
0.773 3.736533 0.273532
0.774 3.733703 0.272827
0.775 3.732649 0.271947
0.776 3.732411 0.270986
0.777 3.732175 0.270097
0.778 3.731943 0.269422
0.779 3.731712 0.268746
0.780 3.729691 0.268026
0.781 3.727253 0.267295
0.782 3.725390 0.266531
0.783 3.724590 0.265704
0.784 3.723789 0.264877
0.785 3.723495 0.264131
0.786 3.723272 0.263397
0.787 3.722922 0.262701
0.788 3.722368 0.262067
0.789 3.721815 0.261433
0.790 3.719468 0.260742
0.791 3.716868 0.260043
0.792 3.715113 0.259357
0.793 3.714904 0.258694
0.794 3.714695 0.258030
0.795 3.714487 0.257257
0.796 3.714278 0.256460
0.797 3.713402 0.255730
0.798 3.710607 0.255195
0.799 3.707811 0.254659
0.800 3.706744 0.253944
0.801 3.706468 0.253147
0.802 3.706201 0.252375
0.803 3.706006 0.251845
0.804 3.705811 0.251315
0.805 3.705616 0.250732
0.806 3.705421 0.250095
0.807 3.705226 0.249458
0.808 3.702992 0.248785
0.809 3.700448 0.248106
0.810 3.698386 0.247463
0.811 3.697956 0.246940
0.812 3.697526 0.246417
0.813 3.697238 0.245895
0.814 3.697056 0.245374
0.815 3.696874 0.244853
0.816 3.695747 0.244238
0.817 3.694510 0.243612
0.818 3.693185 0.242978
0.819 3.691520 0.242313
0.820 3.689856 0.241647
0.821 3.688926 0.241057
0.822 3.688752 0.240543
0.823 3.688578 0.240029
0.824 3.688404 0.239516
0.825 3.688231 0.239004
0.826 3.688013 0.238492
0.827 3.685354 0.237981
0.828 3.682696 0.237470
0.829 3.680670 0.236960
0.830 3.680504 0.236452
0.831 3.680339 0.235944
0.832 3.680177 0.235437
0.833 3.680018 0.234931
0.834 3.679860 0.234426
0.835 3.679483 0.233921
0.836 3.678998 0.233417
0.837 3.678513 0.232913
0.838 3.676534 0.232410
0.839 3.674284 0.231907
0.840 3.672047 0.231404
0.841 3.671896 0.230965
0.842 3.671745 0.230525
0.843 3.671595 0.230103
0.844 3.671449 0.229784
0.845 3.671303 0.229465
0.846 3.670909 0.229099
0.847 3.669834 0.228603
0.848 3.668759 0.228106
0.849 3.667500 0.227611
0.850 3.665925 0.227116
0.851 3.664349 0.226621
0.852 3.663418 0.226233
0.853 3.663277 0.225974
0.854 3.663136 0.225716
0.855 3.662997 0.225340
0.856 3.662859 0.224850
0.857 3.662721 0.224361
0.858 3.661632 0.223967
0.859 3.659769 0.223652
0.860 3.657906 0.223337
0.861 3.656699 0.222956
0.862 3.655986 0.222527
0.863 3.655273 0.222098
0.864 3.654892 0.221763
0.865 3.654760 0.221498
0.866 3.654629 0.221233
0.867 3.654499 0.220854
0.868 3.654372 0.220380
0.869 3.654245 0.219906
0.870 3.653680 0.219418
0.871 3.652687 0.218915
0.872 3.651693 0.218413
0.873 3.650761 0.217928
0.874 3.649905 0.217464
0.875 3.649049 0.217001
0.876 3.648321 0.216598
0.877 3.647825 0.216304
0.878 3.647329 0.216011
0.879 3.646845 0.215768
0.880 3.646396 0.215675
0.881 3.645948 0.215582
0.882 3.645498 0.215452
0.883 3.645030 0.215037
0.884 3.644562 0.214623
0.885 3.644095 0.214208
0.886 3.643631 0.213899
0.887 3.643166 0.213594
0.888 3.642702 0.213289
0.889 3.642283 0.212850
0.890 3.641876 0.212374
0.891 3.641469 0.211898
0.892 3.641069 0.211422
0.893 3.640673 0.210945
0.894 3.640277 0.210469
0.895 3.639877 0.210031
0.896 3.639468 0.209656
0.897 3.639059 0.209282
0.898 3.638651 0.208920
0.899 3.638246 0.208648
0.900 3.637840 0.208376
0.901 3.637435 0.208103
0.902 3.637060 0.207836
0.903 3.636690 0.207570
0.904 3.636320 0.207303
0.905 3.635928 0.206881
0.906 3.635519 0.206338
0.907 3.635110 0.205795
0.908 3.634716 0.205316
0.909 3.634369 0.205029
0.910 3.634022 0.204742
0.911 3.633675 0.204455
0.912 3.633344 0.204201
0.913 3.633014 0.203951
0.914 3.632684 0.203700
0.915 3.632336 0.203341
0.916 3.631974 0.202889
0.917 3.631611 0.202437
0.918 3.631250 0.201986
0.919 3.630896 0.201537
0.920 3.630541 0.201089
0.921 3.630187 0.200640
0.922 3.629836 0.200183
0.923 3.629487 0.199721
0.924 3.629137 0.199260
0.925 3.628786 0.198802
0.926 3.628430 0.198349
0.927 3.628075 0.197897
0.928 3.627719 0.197444
0.929 3.627381 0.197026
0.930 3.627047 0.196614
0.931 3.626713 0.196203
0.932 3.626386 0.195822
0.933 3.626072 0.195502
0.934 3.625757 0.195182
0.935 3.625443 0.194861
0.936 3.625127 0.194576
0.937 3.624812 0.194299
0.938 3.624496 0.194021
0.939 3.624188 0.193701
0.940 3.623900 0.193268
0.941 3.623613 0.192835
0.942 3.623326 0.192402
0.943 3.623028 0.191956
0.944 3.622727 0.191505
0.945 3.622425 0.191055
0.946 3.622121 0.190587
0.947 3.621800 0.189959
0.948 3.621480 0.189332
0.949 3.621159 0.188704
0.950 3.620851 0.188126
0.951 3.620558 0.187603
0.952 3.620265 0.187080
0.953 3.619972 0.186557
0.954 3.619665 0.186187
0.955 3.619354 0.185852
0.956 3.619044 0.185517
0.957 3.618736 0.185191
0.958 3.618444 0.184921
0.959 3.618153 0.184651
0.960 3.617861 0.184381
0.961 3.617575 0.184042
0.962 3.617298 0.183609
0.963 3.617021 0.183176
0.964 3.616744 0.182743
0.965 3.616472 0.182306
0.966 3.616201 0.181866
0.967 3.615930 0.181427
0.968 3.615659 0.180987
0.969 3.615411 0.180575
0.970 3.615166 0.180165
0.971 3.614921 0.179756
0.972 3.614674 0.179342
0.973 3.614414 0.178891
0.974 3.614154 0.178439
0.975 3.613894 0.177988
0.976 3.613633 0.177570
0.977 3.613370 0.177242
0.978 3.613107 0.176914
0.979 3.612844 0.176585
0.980 3.612581 0.176254
0.981 3.612319 0.175918
0.982 3.612056 0.175582
0.983 3.611794 0.175246
0.984 3.611529 0.174888
0.985 3.611260 0.174509
0.986 3.610991 0.174131
0.987 3.610722 0.173752
0.988 3.610473 0.173376
0.989 3.610237 0.173002
0.990 3.610000 0.172629
0.991 3.609764 0.172255
0.992 3.609525 0.171860
0.993 3.609284 0.171452
0.994 3.609043 0.171045
0.995 3.608801 0.170638
0.996 3.608556 0.170235
0.997 3.608309 0.169835
0.998 3.608062 0.169435
0.999 3.607815 0.169034
1.000 3.607578 0.168736
1.001 3.607346 0.168494
1.002 3.607114 0.168251
1.003 3.606882 0.168009
1.004 3.606647 0.167773
1.005 3.606410 0.167541
1.006 3.606173 0.167309
1.007 3.605936 0.167077
1.008 3.605718 0.166857
1.009 3.605520 0.166647
1.010 3.605322 0.166438
1.011 3.605123 0.166228
1.012 3.604920 0.166000
1.013 3.604710 0.165744
1.014 3.604499 0.165489
1.015 3.604289 0.165233
1.016 3.604083 0.164985
1.017 3.603889 0.164760
1.018 3.603696 0.164535
1.019 3.603503 0.164310
1.020 3.603309 0.164085
1.021 3.603102 0.163860
1.022 3.602896 0.163635
1.023 3.602689 0.163410
1.024 3.602482 0.163184
1.025 3.602282 0.162977
1.026 3.602082 0.162772
1.027 3.601882 0.162568
1.028 3.601682 0.162364
1.029 3.601487 0.162207
1.030 3.601296 0.162084
1.031 3.601105 0.161961
1.032 3.600913 0.161838
1.033 3.600721 0.161653
1.034 3.600525 0.161320
1.035 3.600330 0.160987
1.036 3.600134 0.160654
1.037 3.599939 0.160322
1.038 3.599744 0.160116
1.039 3.599549 0.159915
1.040 3.599355 0.159713
1.041 3.599160 0.159512
1.042 3.598974 0.159351
1.043 3.598793 0.159216
1.044 3.598613 0.159080
1.045 3.598432 0.158945
1.046 3.598256 0.158787
1.047 3.598094 0.158538
1.048 3.597933 0.158290
1.049 3.597771 0.158041
1.050 3.597609 0.157793
1.051 3.597431 0.157552
1.052 3.597248 0.157314
1.053 3.597065 0.157076
1.054 3.596882 0.156837
1.055 3.596700 0.156612
1.056 3.596519 0.156419
1.057 3.596338 0.156225
1.058 3.596157 0.156031
1.059 3.595976 0.155838
1.060 3.595801 0.155531
1.061 3.595628 0.155193
1.062 3.595455 0.154856
1.063 3.595282 0.154518
1.064 3.595110 0.154203
1.065 3.594942 0.153964
1.066 3.594773 0.153725
1.067 3.594605 0.153486
1.068 3.594437 0.153246
1.069 3.594271 0.153098
1.070 3.594108 0.153000
1.071 3.593944 0.152902
1.072 3.593780 0.152804
1.073 3.593616 0.152705
1.074 3.593465 0.152526
1.075 3.593314 0.152347
1.076 3.593164 0.152168
1.077 3.593013 0.151989
1.078 3.592865 0.151784
1.079 3.592722 0.151526
1.080 3.592580 0.151269
1.081 3.592437 0.151011
1.082 3.592295 0.150754
1.083 3.592155 0.150522
1.084 3.592017 0.150305
1.085 3.591879 0.150087
1.086 3.591741 0.149870
1.087 3.591602 0.149653
1.088 3.591467 0.149428
1.089 3.591333 0.149202
1.090 3.591198 0.148976
1.091 3.591063 0.148750
1.092 3.590930 0.148528
1.093 3.590811 0.148349
1.094 3.590691 0.148169
1.095 3.590572 0.147990
1.096 3.590453 0.147811
1.097 3.590336 0.147627
1.098 3.590225 0.147427
1.099 3.590115 0.147227
1.100 3.590005 0.147028
1.101 3.589894 0.146828
1.102 3.589785 0.146612
1.103 3.589679 0.146370
1.104 3.589572 0.146127
1.105 3.589465 0.145884
1.106 3.589358 0.145641
1.107 3.589253 0.145351
1.108 3.589150 0.145003
1.109 3.589047 0.144655
1.110 3.588944 0.144306
1.111 3.588841 0.143958
1.112 3.588743 0.143662
1.113 3.588651 0.143424
1.114 3.588559 0.143185
1.115 3.588467 0.142946
1.116 3.588374 0.142708
1.117 3.588285 0.142485
1.118 3.588200 0.142280
1.119 3.588114 0.142076
1.120 3.588029 0.141871
1.121 3.587943 0.141667
1.122 3.587859 0.141423
1.123 3.587777 0.141122
1.124 3.587695 0.140822
1.125 3.587612 0.140521
1.126 3.587530 0.140220
1.127 3.587449 0.139895
1.128 3.587370 0.139513
1.129 3.587291 0.139131
1.130 3.587212 0.138750
1.131 3.587133 0.138368
1.132 3.587055 0.137993
1.133 3.586980 0.137657
1.134 3.586905 0.137320
1.135 3.586831 0.136984
1.136 3.586756 0.136648
1.137 3.586681 0.136312
1.138 3.586611 0.136109
1.139 3.586540 0.135912
1.140 3.586469 0.135716
1.141 3.586398 0.135519
1.142 3.586328 0.135323
1.143 3.586259 0.135090
1.144 3.586192 0.134843
1.145 3.586125 0.134595
1.146 3.586057 0.134347
1.147 3.585990 0.134100
1.148 3.585924 0.133843
1.149 3.585861 0.133573
1.150 3.585797 0.133303
1.151 3.585733 0.133033
1.152 3.585669 0.132763
1.153 3.585605 0.132482
1.154 3.585533 0.132044
1.155 3.585461 0.131606
1.156 3.585389 0.131168
1.157 3.585317 0.130730
1.158 3.585244 0.130292
1.159 3.585172 0.129898
1.160 3.585099 0.129525
1.161 3.585026 0.129151
1.162 3.584953 0.128778
1.163 3.584880 0.128405
1.164 3.584808 0.128018
1.165 3.584738 0.127582
1.166 3.584669 0.127146
1.167 3.584600 0.126710
1.168 3.584530 0.126274
1.169 3.584461 0.125838
1.170 3.584394 0.125434
1.171 3.584329 0.125042
1.172 3.584264 0.124649
1.173 3.584198 0.124257
1.174 3.584133 0.123864
1.175 3.584063 0.123466
1.176 3.583971 0.123046
1.177 3.583879 0.122625
1.178 3.583787 0.122204
1.179 3.583695 0.121784
1.180 3.583603 0.121363
1.181 3.583506 0.120973
1.182 3.583407 0.120604
1.183 3.583307 0.120236
1.184 3.583207 0.119867
1.185 3.583108 0.119499
1.186 3.583008 0.119130
1.187 3.582913 0.118780
1.188 3.582817 0.118432
1.189 3.582721 0.118084
1.190 3.582626 0.117736
1.191 3.582530 0.117388
1.192 3.582436 0.117016
1.193 3.582345 0.116558
1.194 3.582254 0.116100
1.195 3.582164 0.115643
1.196 3.582073 0.115185
1.197 3.581982 0.114727
1.198 3.581879 0.114311
1.199 3.581762 0.113946
1.200 3.581644 0.113580
1.201 3.581527 0.113215
1.202 3.581409 0.112849
1.203 3.581292 0.112484
1.204 3.581171 0.112066
1.205 3.581047 0.111618
1.206 3.580923 0.111171
1.207 3.580800 0.110723
1.208 3.580676 0.110275
1.209 3.580553 0.109827
1.210 3.580434 0.109475
1.211 3.580316 0.109155
1.212 3.580198 0.108834
1.213 3.580080 0.108514
1.214 3.579963 0.108193
1.215 3.579845 0.107873
1.216 3.579732 0.107489
1.217 3.579621 0.107090
1.218 3.579510 0.106691
1.219 3.579398 0.106293
1.220 3.579287 0.105894
1.221 3.579176 0.105496
1.222 3.579059 0.105106
1.223 3.578942 0.104718
1.224 3.578825 0.104330
1.225 3.578707 0.103942
1.226 3.578590 0.103554
1.227 3.578473 0.103166
1.228 3.578358 0.102834
1.229 3.578244 0.102518
1.230 3.578130 0.102202
1.231 3.578016 0.101887
1.232 3.577903 0.101571
1.233 3.577789 0.101256
1.234 3.577681 0.100881
1.235 3.577575 0.100475
1.236 3.577470 0.100068
1.237 3.577365 0.099662
1.238 3.577260 0.099256
1.239 3.577155 0.098850
1.240 3.577055 0.098472
1.241 3.576960 0.098125
1.242 3.576865 0.097778
1.243 3.576771 0.097430
1.244 3.576676 0.097083
1.245 3.576581 0.096735
1.246 3.576494 0.096351
1.247 3.576427 0.095854
1.248 3.576360 0.095356
1.249 3.576294 0.094859
1.250 3.576227 0.094361
1.251 3.576161 0.093864
1.252 3.576094 0.093367
1.253 3.576046 0.092933
1.254 3.575999 0.092502
1.255 3.575952 0.092072
1.256 3.575905 0.091642
1.257 3.575858 0.091212
1.258 3.575811 0.090782
1.259 3.575774 0.090394
1.260 3.575744 0.090036
1.261 3.575715 0.089679
1.262 3.575685 0.089321
1.263 3.575656 0.088964
1.264 3.575626 0.088606
1.265 3.575600 0.088247
1.266 3.575592 0.087875
1.267 3.575585 0.087504
1.268 3.575577 0.087132
1.269 3.575569 0.086761
1.270 3.575562 0.086389
1.271 3.575554 0.086018
1.272 3.575618 0.085603
1.273 3.575719 0.085166
1.274 3.575820 0.084729
1.275 3.575920 0.084291
1.276 3.576021 0.083854
1.277 3.576122 0.083417
1.278 3.576229 0.082975
1.279 3.576393 0.082488
1.280 3.576558 0.082001
1.281 3.576722 0.081515
1.282 3.576886 0.081028
1.283 3.577051 0.080541
1.284 3.577215 0.080054
1.285 3.577405 0.079561
1.286 3.577623 0.079060
1.287 3.577842 0.078558
1.288 3.578061 0.078057
1.289 3.578280 0.077556
1.290 3.578498 0.077054
1.291 3.578717 0.076553
1.292 3.578992 0.076039
1.293 3.579285 0.075522
1.294 3.579577 0.075004
1.295 3.579869 0.074486
1.296 3.580162 0.073968
1.297 3.580454 0.073451
1.298 3.580746 0.072933
1.299 3.581161 0.072176
1.300 3.581577 0.071418
1.301 3.581993 0.070660
1.302 3.582408 0.069902
1.303 3.582824 0.069144
1.304 3.583240 0.068386
1.305 3.583672 0.067596
1.306 3.584193 0.066631
1.307 3.584715 0.065666
1.308 3.585237 0.064701
1.309 3.585758 0.063736
1.310 3.586280 0.062772
1.311 3.586802 0.061807
1.312 3.587338 0.060857
1.313 3.587922 0.059954
1.314 3.588505 0.059051
1.315 3.589089 0.058148
1.316 3.589672 0.057245
1.317 3.590256 0.056342
1.318 3.590839 0.055439
1.319 3.591416 0.054513
1.320 3.591970 0.053515
1.321 3.592525 0.052518
1.322 3.593080 0.051521
1.323 3.593634 0.050524
1.324 3.594189 0.049527
1.325 3.594743 0.048530
1.326 3.595154 0.047491
1.327 3.594947 0.046273
1.328 3.594740 0.045054
1.329 3.594533 0.043836
1.330 3.594327 0.042618
1.331 3.594120 0.041399
1.332 3.593913 0.040181
1.333 3.593706 0.038963
1.334 3.593499 0.037744
1.335 3.593293 0.036526
1.336 3.592902 0.035258
1.337 3.592413 0.033964
1.338 3.591923 0.032670
1.339 3.591433 0.031375
1.340 3.590943 0.030081
1.341 3.590453 0.028786
1.342 3.589963 0.027492
1.343 3.589473 0.026198
1.344 3.588983 0.024903
1.345 3.588493 0.023609
1.346 3.587685 0.022820
1.347 3.586867 0.022048
1.348 3.586048 0.021276
1.349 3.585230 0.020503
1.350 3.584411 0.019731
1.351 3.583592 0.018959
1.352 3.582774 0.018187
1.353 3.581955 0.017415
1.354 3.581137 0.016642
1.355 3.580284 0.015887
1.356 3.579232 0.015232
1.357 3.578181 0.014576
1.358 3.577129 0.013921
1.359 3.576077 0.013265
1.360 3.575025 0.012610
1.361 3.573974 0.011954
1.362 3.572922 0.011298
1.363 3.571870 0.010643
1.364 3.570818 0.009987
1.365 3.569770 0.009380
1.366 3.568736 0.008988
1.367 3.567703 0.008597
1.368 3.566669 0.008206
1.369 3.565635 0.007814
1.370 3.564601 0.007423
1.371 3.563568 0.007032
1.372 3.562534 0.006640
1.373 3.561500 0.006249
1.374 3.560466 0.005858
1.375 3.559431 0.005479
1.376 3.558370 0.005278
1.377 3.557309 0.005077
1.378 3.556249 0.004877
1.379 3.555188 0.004676
1.380 3.554127 0.004475
1.381 3.553067 0.004274
1.382 3.552006 0.004073
1.383 3.550945 0.003872
1.384 3.549884 0.003671
1.385 3.548824 0.003470
1.386 3.547843 0.003320
1.387 3.546882 0.003182
1.388 3.545921 0.003044
1.389 3.544960 0.002906
1.390 3.543999 0.002769
1.391 3.543038 0.002631
1.392 3.542077 0.002493
1.393 3.541116 0.002355
1.394 3.540155 0.002217
1.395 3.539194 0.002079
1.396 3.538268 0.001979
1.397 3.537397 0.001941
1.398 3.536526 0.001902
1.399 3.535655 0.001864
1.400 3.534785 0.001825
1.401 3.533914 0.001786
1.402 3.533043 0.001748
1.403 3.532172 0.001709
1.404 3.531301 0.001671
1.405 3.530431 0.001632
1.406 3.529560 0.001594
1.407 3.528790 0.001543
1.408 3.528043 0.001489
1.409 3.527297 0.001436
1.410 3.526550 0.001382
1.411 3.525804 0.001329
1.412 3.525057 0.001275
1.413 3.524311 0.001222
1.414 3.523564 0.001168
1.415 3.522818 0.001115
1.416 3.522071 0.001061
1.417 3.521331 0.001010
1.418 3.520668 0.000992
1.419 3.520005 0.000974
1.420 3.519343 0.000956
1.421 3.518680 0.000937
1.422 3.518018 0.000919
1.423 3.517355 0.000901
1.424 3.516693 0.000883
1.425 3.516030 0.000865
1.426 3.515367 0.000847
1.427 3.514705 0.000828
1.428 3.514056 0.000813
1.429 3.513479 0.000809
1.430 3.512901 0.000805
1.431 3.512323 0.000801
1.432 3.511745 0.000797
1.433 3.511167 0.000793
1.434 3.510589 0.000789
1.435 3.510011 0.000785
1.436 3.509433 0.000781
1.437 3.508856 0.000777
1.438 3.508278 0.000773
1.439 3.507705 0.000767
1.440 3.507178 0.000748
1.441 3.506651 0.000728
1.442 3.506125 0.000708
1.443 3.505598 0.000688
1.444 3.505072 0.000668
1.445 3.504545 0.000648
1.446 3.504018 0.000629
1.447 3.503492 0.000609
1.448 3.502965 0.000589
1.449 3.502438 0.000569
1.450 3.501912 0.000549
1.451 3.501419 0.000534
1.452 3.500932 0.000520
1.453 3.500445 0.000506
1.454 3.499958 0.000492
1.455 3.499471 0.000478
1.456 3.498984 0.000464
1.457 3.498497 0.000450
1.458 3.498010 0.000436
1.459 3.497523 0.000422
1.460 3.497036 0.000408
1.461 3.496549 0.000394
1.462 3.496067 0.000380
1.463 3.495593 0.000366
1.464 3.495119 0.000353
1.465 3.494644 0.000339
1.466 3.494170 0.000325
1.467 3.493696 0.000311
1.468 3.493222 0.000297
1.469 3.492747 0.000284
1.470 3.492273 0.000270
1.471 3.491799 0.000256
1.472 3.491325 0.000242
1.473 3.490850 0.000229
1.474 3.490390 0.000215
1.475 3.489932 0.000201
1.476 3.489474 0.000188
1.477 3.489016 0.000174
1.478 3.488558 0.000161
1.479 3.488101 0.000147
1.480 3.487643 0.000134
1.481 3.487185 0.000120
1.482 3.486727 0.000107
1.483 3.486269 0.000093
1.484 3.485812 0.000080
1.485 3.485354 0.000067
1.486 3.484909 0.000061
1.487 3.484464 0.000055
1.488 3.484018 0.000050
1.489 3.483573 0.000044
1.490 3.483128 0.000039
1.491 3.482683 0.000033
1.492 3.482237 0.000028
1.493 3.481792 0.000022
1.494 3.481347 0.000016
1.495 3.480902 0.000011
1.496 3.480456 0.000005
1.497 3.480012 0.000000
1.498 3.479580 0.000000
1.499 3.479148 0.000000
1.500 3.478716 0.000000
1.501 3.478285 0.000000
1.502 3.477853 0.000000
1.503 3.477421 0.000000
1.504 3.476989 0.000000
1.505 3.476557 0.000000
1.506 3.476126 0.000000
1.507 3.475694 0.000000
1.508 3.475262 0.000000
1.509 3.474830 0.000000
1.510 3.474408 0.000000
1.511 3.473988 0.000000
1.512 3.473567 0.000000
1.513 3.473146 0.000000
1.514 3.472726 0.000000
1.515 3.472305 0.000000
1.516 3.471885 0.000000
1.517 3.471464 0.000000
1.518 3.471043 0.000000
1.519 3.470623 0.000000
1.520 3.470202 0.000000
1.521 3.469781 0.000000
1.522 3.469366 0.000000
1.523 3.468955 0.000000
1.524 3.468545 0.000000
1.525 3.468134 0.000000
1.526 3.467724 0.000000
1.527 3.467313 0.000000
1.528 3.466902 0.000000
1.529 3.466492 0.000000
1.530 3.466081 0.000000
1.531 3.465671 0.000000
1.532 3.465260 0.000000
1.533 3.464850 0.000000
1.534 3.464439 0.000000
1.535 3.464039 0.000000
1.536 3.463640 0.000000
1.537 3.463241 0.000000
1.538 3.462842 0.000000
1.539 3.462444 0.000000
1.540 3.462045 0.000000
1.541 3.461646 0.000000
1.542 3.461247 0.000000
1.543 3.460848 0.000000
1.544 3.460449 0.000000
1.545 3.460050 0.000000
1.546 3.459651 0.000000
1.547 3.459253 0.000000
1.548 3.458863 0.000000
1.549 3.458474 0.000000
1.550 3.458084 0.000000
1.551 3.457694 0.000000
1.552 3.457304 0.000000
1.553 3.456914 0.000000
1.554 3.456524 0.000000
1.555 3.456134 0.000000
1.556 3.455744 0.000000
1.557 3.455354 0.000000
1.558 3.454964 0.000000
1.559 3.454574 0.000000
1.560 3.454185 0.000000
1.561 3.453806 0.000000
1.562 3.453427 0.000000
1.563 3.453048 0.000000
1.564 3.452668 0.000000
1.565 3.452289 0.000000
1.566 3.451910 0.000000
1.567 3.451531 0.000000
1.568 3.451152 0.000000
1.569 3.450773 0.000000
1.570 3.450394 0.000000
1.571 3.450014 0.000000
1.572 3.449635 0.000000
1.573 3.449256 0.000000
1.574 3.448883 0.000000
1.575 3.448512 0.000000
1.576 3.448140 0.000000
1.577 3.447768 0.000000
1.578 3.447396 0.000000
1.579 3.447024 0.000000
1.580 3.446652 0.000000
1.581 3.446280 0.000000
1.582 3.445908 0.000000
1.583 3.445537 0.000000
1.584 3.445165 0.000000
1.585 3.444793 0.000000
1.586 3.444421 0.000000
1.587 3.444055 0.000000
1.588 3.443695 0.000000
1.589 3.443336 0.000000
1.590 3.442976 0.000000
1.591 3.442617 0.000000
1.592 3.442258 0.000000
1.593 3.441898 0.000000
1.594 3.441539 0.000000
1.595 3.441180 0.000000
1.596 3.440820 0.000000
1.597 3.440461 0.000000
1.598 3.440101 0.000000
1.599 3.439742 0.000000
1.600 3.439383 0.000000
1.601 3.439029 0.000000
1.602 3.438676 0.000000
1.603 3.438324 0.000000
1.604 3.437971 0.000000
1.605 3.437619 0.000000
1.606 3.437266 0.000000
1.607 3.436914 0.000000
1.608 3.436561 0.000000
1.609 3.436209 0.000000
1.610 3.435856 0.000000
1.611 3.435504 0.000000
1.612 3.435151 0.000000
1.613 3.434799 0.000000
1.614 3.434446 0.000000
1.615 3.434102 0.000000
1.616 3.433759 0.000000
1.617 3.433417 0.000000
1.618 3.433074 0.000000
1.619 3.432732 0.000000
1.620 3.432389 0.000000
1.621 3.432046 0.000000
1.622 3.431704 0.000000
1.623 3.431361 0.000000
1.624 3.431019 0.000000
1.625 3.430676 0.000000
1.626 3.430333 0.000000
1.627 3.429991 0.000000
1.628 3.429648 0.000000
1.629 3.429309 0.000000
1.630 3.428972 0.000000
1.631 3.428635 0.000000
1.632 3.428298 0.000000
1.633 3.427960 0.000000
1.634 3.427623 0.000000
1.635 3.427286 0.000000
1.636 3.426949 0.000000
1.637 3.426611 0.000000
1.638 3.426274 0.000000
1.639 3.425937 0.000000
1.640 3.425600 0.000000
1.641 3.425263 0.000000
1.642 3.424925 0.000000
1.643 3.424591 0.000000
1.644 3.424264 0.000000
1.645 3.423936 0.000000
1.646 3.423609 0.000000
1.647 3.423282 0.000000
1.648 3.422955 0.000000
1.649 3.422628 0.000000
1.650 3.422300 0.000000
1.651 3.421973 0.000000
1.652 3.421646 0.000000
1.653 3.421319 0.000000
1.654 3.420992 0.000000
1.655 3.420665 0.000000
1.656 3.420337 0.000000
1.657 3.420010 0.000000
1.658 3.419686 0.000000
1.659 3.419364 0.000000
1.660 3.419042 0.000000
1.661 3.418720 0.000000
1.662 3.418398 0.000000
1.663 3.418075 0.000000
1.664 3.417753 0.000000
1.665 3.417431 0.000000
1.666 3.417109 0.000000
1.667 3.416787 0.000000
1.668 3.416465 0.000000
1.669 3.416143 0.000000
1.670 3.415821 0.000000
1.671 3.415499 0.000000
1.672 3.415176 0.000000
1.673 3.414861 0.000000
1.674 3.414548 0.000000
1.675 3.414236 0.000000
1.676 3.413923 0.000000
1.677 3.413611 0.000000
1.678 3.413298 0.000000
1.679 3.412986 0.000000
1.680 3.412673 0.000000
1.681 3.412361 0.000000
1.682 3.412048 0.000000
1.683 3.411736 0.000000
1.684 3.411423 0.000000
1.685 3.411111 0.000000
1.686 3.410798 0.000000
1.687 3.410486 0.000000
1.688 3.410176 0.000000
1.689 3.409869 0.000000
1.690 3.409562 0.000000
1.691 3.409254 0.000000
1.692 3.408947 0.000000
1.693 3.408640 0.000000
1.694 3.408333 0.000000
1.695 3.408026 0.000000
1.696 3.407719 0.000000
1.697 3.407412 0.000000
1.698 3.407104 0.000000
1.699 3.406797 0.000000
1.700 3.406490 0.000000
1.701 3.406183 0.000000
1.702 3.405876 0.000000
1.703 3.405569 0.000000
1.704 3.405271 0.000000
1.705 3.404975 0.000000
1.706 3.404678 0.000000
1.707 3.404381 0.000000
1.708 3.404084 0.000000
1.709 3.403788 0.000000
1.710 3.403491 0.000000
1.711 3.403194 0.000000
1.712 3.402897 0.000000
1.713 3.402601 0.000000
1.714 3.402304 0.000000
1.715 3.402007 0.000000
1.716 3.401710 0.000000
1.717 3.401413 0.000000
1.718 3.401117 0.000000
1.719 3.400821 0.000000
1.720 3.400529 0.000000
1.721 3.400238 0.000000
1.722 3.399946 0.000000
1.723 3.399654 0.000000
1.724 3.399363 0.000000
1.725 3.399071 0.000000
1.726 3.398780 0.000000
1.727 3.398488 0.000000
1.728 3.398196 0.000000
1.729 3.397905 0.000000
1.730 3.397613 0.000000
1.731 3.397322 0.000000
1.732 3.397030 0.000000
1.733 3.396738 0.000000
1.734 3.396447 0.000000
1.735 3.396156 0.000000
1.736 3.395872 0.000000
1.737 3.395587 0.000000
1.738 3.395303 0.000000
1.739 3.395018 0.000000
1.740 3.394734 0.000000
1.741 3.394450 0.000000
1.742 3.394165 0.000000
1.743 3.393881 0.000000
1.744 3.393597 0.000000
1.745 3.393312 0.000000
1.746 3.393028 0.000000
1.747 3.392744 0.000000
1.748 3.392459 0.000000
1.749 3.392175 0.000000
1.750 3.391890 0.000000
1.751 3.391606 0.000000
1.752 3.391326 0.000000
1.753 3.391047 0.000000
1.754 3.390768 0.000000
1.755 3.390489 0.000000
1.756 3.390210 0.000000
1.757 3.389931 0.000000
1.758 3.389652 0.000000
1.759 3.389373 0.000000
1.760 3.389094 0.000000
1.761 3.388815 0.000000
1.762 3.388536 0.000000
1.763 3.388257 0.000000
1.764 3.387978 0.000000
1.765 3.387699 0.000000
1.766 3.387420 0.000000
1.767 3.387141 0.000000
1.768 3.386862 0.000000
1.769 3.386591 0.000000
1.770 3.386320 0.000000
1.771 3.386049 0.000000
1.772 3.385778 0.000000
1.773 3.385507 0.000000
1.774 3.385236 0.000000
1.775 3.384965 0.000000
1.776 3.384694 0.000000
1.777 3.384423 0.000000
1.778 3.384152 0.000000
1.779 3.383881 0.000000
1.780 3.383610 0.000000
1.781 3.383339 0.000000
1.782 3.383068 0.000000
1.783 3.382797 0.000000
1.784 3.382526 0.000000
1.785 3.382255 0.000000
1.786 3.381990 0.000000
1.787 3.381724 0.000000
1.788 3.381459 0.000000
1.789 3.381193 0.000000
1.790 3.380928 0.000000
1.791 3.380662 0.000000
1.792 3.380397 0.000000
1.793 3.380132 0.000000
1.794 3.379866 0.000000
1.795 3.379601 0.000000
1.796 3.379335 0.000000
1.797 3.379070 0.000000
1.798 3.378804 0.000000
1.799 3.378539 0.000000
1.800 3.378273 0.000000
1.801 3.378008 0.000000
1.802 3.377742 0.000000
1.803 3.377482 0.000000
1.804 3.377224 0.000000
1.805 3.376966 0.000000
1.806 3.376708 0.000000
1.807 3.376450 0.000000
1.808 3.376192 0.000000
1.809 3.375934 0.000000
1.810 3.375676 0.000000
1.811 3.375418 0.000000
1.812 3.375160 0.000000
1.813 3.374902 0.000000
1.814 3.374644 0.000000
1.815 3.374386 0.000000
1.816 3.374128 0.000000
1.817 3.373870 0.000000
1.818 3.373612 0.000000
1.819 3.373354 0.000000
1.820 3.373096 0.000000
1.821 3.372843 0.000000
1.822 3.372590 0.000000
1.823 3.372338 0.000000
1.824 3.372085 0.000000
1.825 3.371832 0.000000
1.826 3.371579 0.000000
1.827 3.371326 0.000000
1.828 3.371074 0.000000
1.829 3.370821 0.000000
1.830 3.370568 0.000000
1.831 3.370315 0.000000
1.832 3.370062 0.000000
1.833 3.369809 0.000000
1.834 3.369557 0.000000
1.835 3.369304 0.000000
1.836 3.369051 0.000000
1.837 3.368798 0.000000
1.838 3.368545 0.000000
1.839 3.368298 0.000000
1.840 3.368052 0.000000
1.841 3.367805 0.000000
1.842 3.367558 0.000000
1.843 3.367311 0.000000
1.844 3.367065 0.000000
1.845 3.366818 0.000000
1.846 3.366571 0.000000
1.847 3.366324 0.000000
1.848 3.366078 0.000000
1.849 3.365831 0.000000
1.850 3.365584 0.000000
1.851 3.365337 0.000000
1.852 3.365091 0.000000
1.853 3.364844 0.000000
1.854 3.364597 0.000000
1.855 3.364351 0.000000
1.856 3.364104 0.000000
1.857 3.363860 0.000000
1.858 3.363619 0.000000
1.859 3.363378 0.000000
1.860 3.363137 0.000000
1.861 3.362896 0.000000
1.862 3.362655 0.000000
1.863 3.362414 0.000000
1.864 3.362173 0.000000
1.865 3.361932 0.000000
1.866 3.361691 0.000000
1.867 3.361450 0.000000
1.868 3.361209 0.000000
1.869 3.360968 0.000000
1.870 3.360727 0.000000
1.871 3.360486 0.000000
1.872 3.360245 0.000000
1.873 3.360004 0.000000
1.874 3.359763 0.000000
1.875 3.359522 0.000000
1.876 3.359287 0.000000
1.877 3.359052 0.000000
1.878 3.358818 0.000000
1.879 3.358583 0.000000
1.880 3.358349 0.000000
1.881 3.358114 0.000000
1.882 3.357880 0.000000
1.883 3.357645 0.000000
1.884 3.357411 0.000000
1.885 3.357176 0.000000
1.886 3.356942 0.000000
1.887 3.356707 0.000000
1.888 3.356473 0.000000
1.889 3.356238 0.000000
1.890 3.356004 0.000000
1.891 3.355769 0.000000
1.892 3.355535 0.000000
1.893 3.355300 0.000000
1.894 3.355066 0.000000
1.895 3.354835 0.000000
1.896 3.354606 0.000000
1.897 3.354376 0.000000
1.898 3.354147 0.000000
1.899 3.353918 0.000000
1.900 3.353689 0.000000
1.901 3.353459 0.000000
1.902 3.353230 0.000000
1.903 3.353001 0.000000
1.904 3.352771 0.000000
1.905 3.352542 0.000000
1.906 3.352313 0.000000
1.907 3.352084 0.000000
1.908 3.351854 0.000000
1.909 3.351625 0.000000
1.910 3.351396 0.000000
1.911 3.351167 0.000000
1.912 3.350937 0.000000
1.913 3.350708 0.000000
1.914 3.350480 0.000000
1.915 3.350256 0.000000
1.916 3.350032 0.000000
1.917 3.349808 0.000000
1.918 3.349584 0.000000
1.919 3.349360 0.000000
1.920 3.349136 0.000000
1.921 3.348912 0.000000
1.922 3.348688 0.000000
1.923 3.348464 0.000000
1.924 3.348240 0.000000
1.925 3.348016 0.000000
1.926 3.347792 0.000000
1.927 3.347569 0.000000
1.928 3.347345 0.000000
1.929 3.347121 0.000000
1.930 3.346897 0.000000
1.931 3.346673 0.000000
1.932 3.346449 0.000000
1.933 3.346225 0.000000
1.934 3.346002 0.000000
1.935 3.345784 0.000000
1.936 3.345565 0.000000
1.937 3.345346 0.000000
1.938 3.345128 0.000000
1.939 3.344909 0.000000
1.940 3.344691 0.000000
1.941 3.344472 0.000000
1.942 3.344253 0.000000
1.943 3.344035 0.000000
1.944 3.343816 0.000000
1.945 3.343597 0.000000
1.946 3.343379 0.000000
1.947 3.343160 0.000000
1.948 3.342942 0.000000
1.949 3.342723 0.000000
1.950 3.342504 0.000000