0.251 1.774863 3.130850
0.252 1.807439 3.154306
0.253 1.839863 3.169997
0.254 1.880905 3.194385
0.255 1.914080 3.210988
0.256 1.947643 3.226479
0.257 1.987770 3.241921
0.258 2.029383 3.257312
0.259 2.069143 3.272639
0.260 2.106706 3.287900
0.261 2.153525 3.303058
0.262 2.195100 3.318107
0.263 2.236960 3.323200
0.264 2.283411 3.337968
0.265 2.329702 3.341529
0.266 2.382170 3.347345
0.267 2.431605 3.350187
0.268 2.477331 3.349403
0.269 2.524575 3.348535
0.270 2.577926 3.347549
0.271 2.624624 3.336677
0.272 2.677464 3.329024
0.273 2.723772 3.322593
0.274 2.775837 3.307336
0.275 2.821010 3.291647
0.276 2.873114 3.276020
0.277 2.916426 3.259852
0.278 2.959520 3.235189
0.279 3.002360 3.210688
0.280 3.044973 3.184914
0.281 3.087385 3.161728
0.282 3.126894 3.132560
0.283 3.161774 3.096842
0.284 3.193770 3.064903
0.285 3.230211 3.036224
0.286 3.257783 2.998959
0.287 3.285254 2.965949
0.288 3.312618 2.931116
0.289 3.338249 2.893456
0.290 3.357217 2.859939
0.291 3.375392 2.827307
0.292 3.398084 2.790242
0.293 3.411384 2.755532
0.294 3.424643 2.715920
0.295 3.437861 2.683493
0.296 3.450810 2.650856
0.297 3.454339 2.614119
0.298 3.461873 2.587093
0.299 3.470538 2.551253
0.300 3.474084 2.523543
0.301 3.480774 2.490782
0.302 3.480530 2.460413
0.303 3.480292 2.433914
0.304 3.480059 2.407516
0.305 3.479833 2.381216
0.306 3.479613 2.355012
0.307 3.479402 2.334800
0.308 3.471040 2.312736
0.309 3.469160 2.289072
0.310 3.463733 2.270826
0.311 3.458941 2.245508
0.312 3.456822 2.228652
0.313 3.448747 2.207928
0.314 3.448576 2.195151
0.315 3.439671 2.173680
0.316 3.435371 2.159900
0.317 3.428425 2.147260
0.318 3.420032 2.134668
0.319 3.418298 2.122119
0.320 3.414475 2.109613
0.321 3.408082 2.097150
0.322 3.400006 2.084731
0.323 3.396350 2.072353
0.324 3.388148 2.060017
0.325 3.381668 2.054089
0.326 3.378054 2.045306
0.327 3.368493 2.034711
0.328 3.368044 2.030753
0.329 3.362075 2.018618
0.330 3.357445 2.014065
0.331 3.349185 2.005881
0.332 3.348006 2.001813
0.333 3.343135 1.994931
0.334 3.338005 1.988270
0.335 3.337066 1.985082
0.336 3.328755 1.983204
0.337 3.327951 1.975353
0.338 3.322791 1.975239
0.339 3.317982 1.968515
0.340 3.317000 1.965407
0.341 3.308964 1.965411
0.342 3.307970 1.962333
0.343 3.307915 1.955616
0.344 3.301576 1.955593
0.345 3.297978 1.955603
0.346 3.297931 1.955613
0.347 3.297886 1.955624
0.348 3.297842 1.955635
0.349 3.293081 1.950929
0.350 3.287925 1.945826
0.351 3.287887 1.945841
0.352 3.287851 1.945857
0.353 3.287816 1.945873
0.354 3.287784 1.945891
0.355 3.287753 1.945910
0.356 3.287724 1.945930
0.357 3.287696 1.945950
0.358 3.287668 1.945971
0.359 3.287644 1.945993
0.360 3.287620 1.946016
0.361 3.287599 1.946040
0.362 3.287577 1.948954
0.363 3.287558 1.955783
0.364 3.287539 1.955952
0.365 3.287523 1.955979
0.366 3.287507 1.956008
0.367 3.287492 1.956036
0.368 3.288267 1.956067
0.369 3.297303 1.956098
0.370 3.297293 1.958042
0.371 3.297284 1.965435
0.372 3.297276 1.966032
0.373 3.301268 1.966066
0.374 3.307099 1.966102
0.375 3.307094 1.966138
0.376 3.307091 1.966175
0.377 3.307528 1.972922
0.378 3.314641 1.976088
0.379 3.316925 1.976128
0.380 3.318082 1.976168
0.381 3.325558 1.977429
0.382 3.326769 1.986012
0.383 3.328915 1.986130
0.384 3.336250 1.986173
0.385 3.336624 1.986218
0.386 3.339877 1.989507
0.387 3.346479 1.996145
0.388 3.346491 1.996192
0.389 3.350718 1.996240
0.390 3.356353 2.000799
0.391 3.361262 2.006162
0.392 3.366222 2.006224
0.393 3.366363 2.006398
0.394 3.372087 2.012154
0.395 3.376115 2.016214
0.396 3.382388 2.016267
0.397 3.385996 2.016320
0.398 3.392366 2.022720
0.399 3.395883 2.026265
0.400 3.402454 2.026821
0.401 3.405774 2.033536
0.402 3.413053 2.036270
0.403 3.422987 2.036327
0.404 3.425955 2.043327
0.405 3.432925 2.046279
0.406 3.435782 2.046676
0.407 3.442820 2.053632
0.408 3.452637 2.056577
0.409 3.462363 2.063489
0.410 3.465369 2.066252
0.411 3.472127 2.066314
0.412 3.481856 2.072931
0.413 3.491566 2.076275
0.414 3.495083 2.082507
0.415 3.501081 2.086237
0.416 3.510726 2.092023
0.417 3.520348 2.096203
0.418 3.530137 2.101536
0.419 3.544669 2.106170
0.420 3.558865 2.111108
0.421 3.568459 2.116139
0.422 3.577977 2.120547
0.423 3.591153 2.126109
0.424 3.606548 2.129671
0.425 3.619271 2.135868
0.426 3.637856 2.138502
0.427 3.653867 2.145168
0.428 3.665505 2.146126
0.429 3.684184 2.146198
0.430 3.702822 2.146270
0.431 3.721416 2.146342
0.432 3.739972 2.145101
0.433 3.758575 2.138252
0.434 3.784276 2.136349
0.435 3.805225 2.129766
0.436 3.823615 2.120684
0.437 3.841895 2.111623
0.438 3.855341 2.102588
0.439 3.868790 2.089300
0.440 3.883257 2.074996
0.441 3.895308 2.065770
0.442 3.910816 2.054172
0.443 3.920712 2.039133
0.444 3.929604 2.028957
0.445 3.930930 2.012328
0.446 3.937116 2.001562
0.447 3.939727 1.992721
0.448 3.939904 1.977512
0.449 3.945188 1.965529
0.450 3.949874 1.961045
0.451 3.949987 1.957114
0.452 3.950105 1.948835
0.453 3.950226 1.941682
0.454 3.950349 1.941787
0.455 3.950478 1.941893
0.456 3.950619 1.942003
0.457 3.950766 1.942115
0.458 3.951283 1.942597
0.459 3.955938 1.947211
0.460 3.961012 1.952227
0.461 3.964585 1.955730
0.462 3.972627 1.963698
0.463 3.981226 1.972431
0.464 3.983336 1.981145
0.465 3.995837 1.988946
0.466 4.007933 1.992350
0.467 4.021569 1.997303
0.468 4.038869 2.005926
0.469 4.056136 2.014522
0.470 4.073370 2.023090
0.471 4.091558 2.031633
0.472 4.115892 2.039098
0.473 4.141480 2.042489
0.474 4.167016 2.047282
0.475 4.192508 2.051521
0.476 4.221273 2.051835
0.477 4.254024 2.049918
0.478 4.287492 2.042756
0.479 4.320902 2.034511
0.480 4.354232 2.026236
0.481 4.387478 2.013919
0.482 4.420649 1.997509
0.483 4.452680 1.980031
0.484 4.479142 1.956036
0.485 4.509289 1.931569
0.486 4.537836 1.906845
0.487 4.562707 1.879332
0.488 4.585339 1.846823
0.489 4.602829 1.814293
0.490 4.619555 1.781750
0.491 4.635898 1.749197
0.492 4.648874 1.716628
0.493 4.660074 1.684039
0.494 4.671874 1.651470
0.495 4.677137 1.618931
0.496 4.681912 1.586445
0.497 4.686322 1.554018
0.498 4.686443 1.524301
0.499 4.686469 1.497474
0.500 4.685226 1.468163
0.501 4.680777 1.441037
0.502 4.676636 1.416863
0.503 4.674077 1.392742
0.504 4.666200 1.368668
0.505 4.658278 1.344652
0.506 4.651006 1.320708
0.507 4.646617 1.297050
0.508 4.644352 1.275403
0.509 4.636453 1.258515
0.510 4.628562 1.235818
0.511 4.620676 1.217817
0.512 4.612806 1.201988
0.513 4.604952 1.186191
0.514 4.596257 1.170451
0.515 4.581735 1.154750
0.516 4.571785 1.139081
0.517 4.563818 1.123443
0.518 4.556029 1.110507
0.519 4.548254 1.099519
0.520 4.540494 1.087275
0.521 4.532749 1.075470
0.522 4.525018 1.065528
0.523 4.517300 1.051192
0.524 4.509597 1.041899
0.525 4.501909 1.029123
0.526 4.494238 1.017481
0.527 4.486582 1.009136
0.528 4.478941 1.001255
0.529 4.471316 0.992575
0.530 4.463703 0.983752
0.531 4.456104 0.975346
0.532 4.448520 0.967061
0.533 4.441150 0.959227
0.534 4.437594 0.951628
0.535 4.434546 0.944047
0.536 4.428172 0.936618
0.537 4.420664 0.929584
0.538 4.413171 0.922797
0.539 4.405690 0.916022
0.540 4.398223 0.909309
0.541 4.390771 0.903168
0.542 4.387874 0.897164
0.543 4.384214 0.891185
0.544 4.378344 0.885218
0.545 4.370951 0.879263
0.546 4.363742 0.873340
0.547 4.357642 0.867542
0.548 4.356769 0.862314
0.549 4.351361 0.857137
0.550 4.344039 0.851970
0.551 4.338397 0.846816
0.552 4.336796 0.841675
0.553 4.331621 0.836544
0.554 4.324729 0.831777
0.555 4.319533 0.827058
0.556 4.316104 0.822294
0.557 4.313041 0.817525
0.558 4.307860 0.813161
0.559 4.305846 0.808806
0.560 4.301101 0.804461
0.561 4.293933 0.800125
0.562 4.287070 0.795799
0.563 4.286960 0.791481
0.564 4.281998 0.787658
0.565 4.277992 0.783749
0.566 4.275894 0.779659
0.567 4.270679 0.775891
0.568 4.267880 0.771890
0.569 4.264442 0.767960
0.570 4.260515 0.764186
0.571 4.256915 0.760633
0.572 4.253917 0.757090
0.573 4.249873 0.753553
0.574 4.246141 0.750021
0.575 4.244143 0.746495
0.576 4.238634 0.742979
0.577 4.236061 0.739470
0.578 4.233294 0.735967
0.579 4.226952 0.732470
0.580 4.226513 0.728980
0.581 4.222177 0.725498
0.582 4.216946 0.722188
0.583 4.216689 0.719381
0.584 4.216603 0.716045
0.585 4.213552 0.712616
0.586 4.208179 0.709233
0.587 4.206899 0.706346
0.588 4.202662 0.703169
0.589 4.198536 0.700007
0.590 4.196668 0.697075
0.591 4.192129 0.694319
0.592 4.188655 0.691346
0.593 4.186544 0.688193
0.594 4.186487 0.685210
0.595 4.183712 0.682407
0.596 4.179994 0.679687
0.597 4.176983 0.676972
0.598 4.176422 0.673972
0.599 4.175075 0.670925
0.600 4.171677 0.667897
0.601 4.168202 0.665182
0.602 4.166367 0.662492
0.603 4.166265 0.659806
0.604 4.163282 0.657128
0.605 4.159858 0.654453
0.606 4.156134 0.651783
0.607 4.153343 0.649118
0.608 4.149897 0.646458
0.609 4.146326 0.643801
0.610 4.146275 0.641151
0.611 4.144705 0.638657
0.612 4.141965 0.636284
0.613 4.137988 0.634041
0.614 4.136238 0.631578
0.615 4.136074 0.628950
0.616 4.133459 0.626328
0.617 4.130187 0.623710
0.618 4.126296 0.621096
0.619 4.126160 0.618746
0.620 4.126112 0.616451
0.621 4.126064 0.614221
0.622 4.123583 0.611671
0.623 4.120530 0.609171
0.624 4.116971 0.606871
0.625 4.116044 0.604615
0.626 4.115466 0.602317
0.627 4.112336 0.599744
0.628 4.109194 0.597365
0.629 4.106043 0.595122
0.630 4.105984 0.592858
0.631 4.104547 0.590619
0.632 4.100972 0.588421
0.633 4.098154 0.586152
0.634 4.095974 0.583887
0.635 4.095931 0.581740
0.636 4.095889 0.579501
0.637 4.095847 0.577184
0.638 4.091874 0.575072
0.639 4.088219 0.572911
0.640 4.086522 0.570559
0.641 4.085846 0.568406
0.642 4.085805 0.566377
0.643 4.085765 0.564002
0.644 4.084183 0.561735
0.645 4.078805 0.559772
0.646 4.076373 0.557863
0.647 4.075807 0.555989
0.648 4.075621 0.553582
0.649 4.074176 0.551269
0.650 4.068480 0.549405
0.651 4.065779 0.547501
0.652 4.065741 0.545561
0.653 4.065703 0.543290
0.654 4.065514 0.540994
0.655 4.063915 0.539146
0.656 4.061387 0.537301
0.657 4.057250 0.535458
0.658 4.055682 0.533471
0.659 4.055646 0.531397
0.660 4.055610 0.529250
0.661 4.055189 0.527132
0.662 4.051956 0.525306
0.663 4.049020 0.523481
0.664 4.046631 0.521659
0.665 4.045597 0.519840
0.666 4.045562 0.518024
0.667 4.045527 0.515852
0.668 4.045493 0.513586
0.669 4.040477 0.511686
0.670 4.036290 0.509805
0.671 4.035827 0.508005
0.672 4.035524 0.506206
0.673 4.035491 0.504409
0.674 4.035458 0.502616
0.675 4.035425 0.500825
0.676 4.034199 0.499038
0.677 4.032490 0.497253
0.678 4.029087 0.495472
0.679 4.025462 0.493692
0.680 4.025430 0.491916
0.681 4.025398 0.490142
0.682 4.025367 0.488372
0.683 4.024274 0.486603
0.684 4.020296 0.484838
0.685 4.017347 0.483076
0.686 4.016056 0.481317
0.687 4.015378 0.479559
0.688 4.015348 0.477805
0.689 4.014958 0.476053
0.690 4.014307 0.474303
0.691 4.011106 0.472557
0.692 4.006595 0.470813
0.693 4.005365 0.469072
0.694 4.005337 0.467333
0.695 4.005308 0.465598
0.696 4.005279 0.463863
0.697 4.005251 0.462134
0.698 4.005223 0.460404
0.699 4.001718 0.458680
0.700 3.997743 0.456956
0.701 3.996416 0.455237
0.702 3.995355 0.453519
0.703 3.995250 0.451842
0.704 3.995223 0.450169
0.705 3.994135 0.448881
0.706 3.992967 0.447622
0.707 3.989399 0.445952
0.708 3.985633 0.444248
0.709 3.985255 0.442549
0.710 3.985229 0.440851
0.711 3.985203 0.439157
0.712 3.985177 0.437463
0.713 3.985152 0.436121
0.714 3.985126 0.434848
0.715 3.981371 0.433304
0.716 3.976583 0.431684
0.717 3.975217 0.430022
0.718 3.975192 0.428344
0.719 3.975168 0.426783
0.720 3.975143 0.425287
0.721 3.975119 0.423857
0.722 3.975095 0.422480
0.723 3.973521 0.420973
0.724 3.970071 0.419310
0.725 3.967369 0.417794
0.726 3.966125 0.416562
0.727 3.965142 0.415247
0.728 3.965118 0.413631
0.729 3.964991 0.412022
0.730 3.963600 0.410510
0.731 3.962208 0.408999
0.732 3.959136 0.407660
0.733 3.955928 0.406336
0.734 3.955147 0.404773
0.735 3.955125 0.403135
0.736 3.955103 0.401735
0.737 3.955081 0.400503
0.738 3.954883 0.399151
0.739 3.954417 0.397615
0.740 3.953261 0.396139
0.741 3.949242 0.394915
0.742 3.945223 0.393692
0.743 3.945117 0.392307
0.744 3.945097 0.390919
0.745 3.945076 0.389520
0.746 3.945055 0.388117
0.747 3.945035 0.386822
0.748 3.945014 0.385631
0.749 3.943900 0.384361
0.750 3.939547 0.382855
0.751 3.935193 0.381349
0.752 3.935099 0.380098
0.753 3.935079 0.378853
0.754 3.935059 0.377556
0.755 3.935040 0.376237
0.756 3.935020 0.374871
0.757 3.935001 0.373436
0.758 3.934594 0.372025
0.759 3.930346 0.370865
0.760 3.926097 0.369705
0.761 3.925090 0.368339
0.762 3.925071 0.366911
0.763 3.925053 0.365643
0.764 3.925034 0.364591
0.765 3.924759 0.363512
0.766 3.921192 0.362108
0.767 3.917626 0.360705
0.768 3.916135 0.359479
0.769 3.915516 0.358328
0.770 3.915090 0.357095
0.771 3.915073 0.355687
0.772 3.915055 0.354279
0.773 3.915038 0.353211
0.774 3.915020 0.352172
0.775 3.913156 0.350949
0.776 3.909512 0.349551
0.777 3.906126 0.348179
0.778 3.905689 0.347104
0.779 3.905252 0.346030
0.780 3.905083 0.344984
0.781 3.905066 0.343955
0.782 3.905050 0.342875
0.783 3.905033 0.341564
0.784 3.905017 0.340252
0.785 3.902223 0.339066
0.786 3.898257 0.337933
0.787 3.895133 0.336824
0.788 3.895117 0.335804
0.789 3.895101 0.334785
0.790 3.895086 0.333768
0.791 3.895070 0.332752
0.792 3.895054 0.331675
0.793 3.895039 0.330324
0.794 3.895023 0.328973
0.795 3.892520 0.327812
0.796 3.888655 0.326753
0.797 3.885142 0.325700
0.798 3.885127 0.324694
0.799 3.885113 0.323688
0.800 3.885098 0.322684
0.801 3.885083 0.321681
0.802 3.885069 0.320679
0.803 3.884724 0.319680
0.804 3.884355 0.318680
0.805 3.882988 0.317682
0.806 3.879574 0.316686
0.807 3.876160 0.315690
0.808 3.875147 0.314696
0.809 3.875134 0.313704
0.810 3.875120 0.312686
0.811 3.875106 0.311327
0.812 3.875092 0.309967
0.813 3.874497 0.308761
0.814 3.873071 0.307775
0.815 3.871645 0.306789
0.816 3.869600 0.305805
0.817 3.867335 0.304822
0.818 3.865175 0.303841
0.819 3.865162 0.302882
0.820 3.865149 0.301922
0.821 3.865136 0.301072
0.822 3.865123 0.300437
0.823 3.865110 0.299801
0.824 3.863469 0.298960
0.825 3.860789 0.297987
0.826 3.858109 0.297014
0.827 3.856950 0.296044
0.828 3.856028 0.295075
0.829 3.855198 0.294105
0.830 3.855186 0.293139
0.831 3.855173 0.292173
0.832 3.855161 0.291207
0.833 3.855149 0.290244
0.834 3.855137 0.289281
0.835 3.853316 0.288320
0.836 3.849816 0.287360
0.837 3.846316 0.286401
0.838 3.845254 0.285576
0.839 3.845242 0.284809
0.840 3.845231 0.284041
0.841 3.845219 0.283249
0.842 3.845208 0.282451
0.843 3.845194 0.281654
0.844 3.844156 0.280704
0.845 3.843117 0.279754
0.846 3.841911 0.278833
0.847 3.839526 0.278119
0.848 3.837140 0.277405
0.849 3.835293 0.276663
0.850 3.835282 0.275826
0.851 3.835271 0.274989
0.852 3.835260 0.274120
0.853 3.835250 0.273180
0.854 3.835239 0.272240
0.855 3.834159 0.271408
0.856 3.831272 0.270759
0.857 3.828385 0.270110
0.858 3.826504 0.269361
0.859 3.826048 0.268472
0.860 3.825592 0.267583
0.861 3.825329 0.266773
0.862 3.825319 0.266064
0.863 3.825309 0.265356
0.864 3.825171 0.264611
0.865 3.824870 0.263818
0.866 3.824569 0.263026
0.867 3.823163 0.262302
0.868 3.820208 0.261672
0.869 3.817254 0.261043
0.870 3.815403 0.260304
0.871 3.815393 0.259384
0.872 3.815383 0.258464
0.873 3.815374 0.257644
0.874 3.815364 0.257045
0.875 3.815354 0.256447
0.876 3.814773 0.255834
0.877 3.812256 0.255170
0.878 3.809738 0.254507
0.879 3.807446 0.253831
0.880 3.806783 0.253058
0.881 3.806121 0.252285
0.882 3.805458 0.251512
0.883 3.805444 0.250844
0.884 3.805435 0.250177
0.885 3.805426 0.249510
0.886 3.805096 0.248936
0.887 3.804706 0.248380
0.888 3.804317 0.247824
0.889 3.802376 0.247218
0.890 3.799668 0.246587
0.891 3.796959 0.245956
0.892 3.795528 0.245343
0.893 3.795519 0.244751
0.894 3.795511 0.244159
0.895 3.795502 0.243529
0.896 3.795493 0.242786
0.897 3.795485 0.242043
0.898 3.795443 0.241304
0.899 3.792513 0.240855
0.900 3.789582 0.240407
0.901 3.786652 0.239958
0.902 3.785832 0.239288
0.903 3.785736 0.238543
0.904 3.785639 0.237797
0.905 3.785583 0.237188
0.906 3.785575 0.236742
0.907 3.785567 0.236297
0.908 3.785559 0.235835
0.909 3.785551 0.235270
0.910 3.785543 0.234704
0.911 3.785534 0.234139
0.912 3.783404 0.233535
0.913 3.780751 0.232922
0.914 3.778098 0.232308
0.915 3.776485 0.231771
0.916 3.776200 0.231330
0.917 3.775916 0.230890
0.918 3.775645 0.230450
0.919 3.775638 0.230011
0.920 3.775630 0.229572
0.921 3.775623 0.229134
0.922 3.774861 0.228621
0.923 3.773670 0.228065
0.924 3.772480 0.227510
0.925 3.771194 0.226945
0.926 3.769522 0.226344
0.927 3.767850 0.225742
0.928 3.766177 0.225140
0.929 3.765728 0.224662
0.930 3.765721 0.224228
0.931 3.765714 0.223794
0.932 3.765707 0.223361
0.933 3.765700 0.222929
0.934 3.765693 0.222497
0.935 3.765686 0.222065
0.936 3.763660 0.221634
0.937 3.760877 0.221204
0.938 3.758095 0.220773
0.939 3.755822 0.220343
0.940 3.755815 0.219914
0.941 3.755808 0.219486
0.942 3.755802 0.219057
0.943 3.755795 0.218629
0.944 3.755788 0.218202
0.945 3.755782 0.217775
0.946 3.755770 0.217348
0.947 3.755398 0.216922
0.948 3.755026 0.216497
0.949 3.754654 0.216071
0.950 3.753516 0.215647
0.951 3.751180 0.215223
0.952 3.748844 0.214799
0.953 3.746508 0.214375
0.954 3.745889 0.214002
0.955 3.745883 0.213647
0.956 3.745877 0.213291
0.957 3.745871 0.212944
0.958 3.745865 0.212722
0.959 3.745859 0.212500
0.960 3.745853 0.212278
0.961 3.745490 0.211987
0.962 3.744453 0.211569
0.963 3.743415 0.211150
0.964 3.742377 0.210731
0.965 3.741003 0.210313
0.966 3.739411 0.209895
0.967 3.737819 0.209478
0.968 3.736226 0.209061
0.969 3.735964 0.208862
0.970 3.735959 0.208705
0.971 3.735953 0.208548
0.972 3.735947 0.208381
0.973 3.735941 0.207967
0.974 3.735936 0.207553
0.975 3.735930 0.207139
0.976 3.735518 0.206766
0.977 3.733604 0.206545
0.978 3.731690 0.206323
0.979 3.729776 0.206102
0.980 3.728315 0.205835
0.981 3.727673 0.205488
0.982 3.727031 0.205141
0.983 3.726389 0.204794
0.984 3.726045 0.204531
0.985 3.726040 0.204364
0.986 3.726034 0.204197
0.987 3.726029 0.204030
0.988 3.726024 0.203736
0.989 3.726018 0.203337
0.990 3.726013 0.202938
0.991 3.726008 0.202540
0.992 3.725433 0.202122
0.993 3.724473 0.201693
0.994 3.723513 0.201263
0.995 3.722553 0.200833
0.996 3.721686 0.200429
0.997 3.720878 0.200042
0.998 3.720070 0.199655
0.999 3.719262 0.199268
1.000 3.718688 0.198993
1.001 3.718270 0.198793
1.002 3.717853 0.198592
1.003 3.717436 0.198392
1.004 3.717045 0.198312
1.005 3.716676 0.198331
1.006 3.716307 0.198350
1.007 3.715938 0.198369
1.008 3.715559 0.198221
1.009 3.715168 0.197886
1.010 3.714777 0.197551
1.011 3.714386 0.197217
1.012 3.713997 0.196925
1.013 3.713610 0.196711
1.014 3.713223 0.196497
1.015 3.712836 0.196283
1.016 3.712462 0.196029
1.017 3.712134 0.195626
1.018 3.711807 0.195223
1.019 3.711479 0.194821
1.020 3.711152 0.194418
1.021 3.710835 0.194014
1.022 3.710517 0.193610
1.023 3.710200 0.193207
1.024 3.709883 0.192803
1.025 3.709553 0.192490
1.026 3.709221 0.192198
1.027 3.708889 0.191905
1.028 3.708557 0.191613
1.029 3.708228 0.191383
1.030 3.707899 0.191202
1.031 3.707571 0.191021
1.032 3.707243 0.190840
1.033 3.706924 0.190661
1.034 3.706630 0.190485
1.035 3.706335 0.190310
1.036 3.706041 0.190135
1.037 3.705746 0.189959
1.038 3.705408 0.189495
1.039 3.705067 0.189018
1.040 3.704726 0.188541
1.041 3.704385 0.188064
1.042 3.704084 0.187753
1.043 3.703810 0.187555
1.044 3.703537 0.187356
1.045 3.703263 0.187157
1.046 3.702993 0.186966
1.047 3.702738 0.186808
1.048 3.702483 0.186649
1.049 3.702227 0.186490
1.050 3.701972 0.186331
1.051 3.701685 0.186004
1.052 3.701388 0.185626
1.053 3.701091 0.185248
1.054 3.700793 0.184870
1.055 3.700498 0.184493
1.056 3.700205 0.184118
1.057 3.699912 0.183744
1.058 3.699619 0.183369
1.059 3.699326 0.182994
1.060 3.699036 0.182609
1.061 3.698748 0.182221
1.062 3.698459 0.181833
1.063 3.698171 0.181445
1.064 3.697881 0.181059
1.065 3.697586 0.180681
1.066 3.697291 0.180303
1.067 3.696995 0.179924
1.068 3.696700 0.179546
1.069 3.696419 0.179197
1.070 3.696145 0.178862
1.071 3.695870 0.178527
1.072 3.695596 0.178192
1.073 3.695322 0.177861
1.074 3.695067 0.177625
1.075 3.694812 0.177389
1.076 3.694557 0.177152
1.077 3.694302 0.176916
1.078 3.694047 0.176697
1.079 3.693790 0.176507
1.080 3.693533 0.176316
1.081 3.693277 0.176126
1.082 3.693020 0.175936
1.083 3.692784 0.175636
1.084 3.692557 0.175278
1.085 3.692331 0.174920
1.086 3.692105 0.174563
1.087 3.691879 0.174205
1.088 3.691636 0.173830
1.089 3.691392 0.173452
1.090 3.691148 0.173075
1.091 3.690904 0.172698
1.092 3.690657 0.172298
1.093 3.690391 0.171731
1.094 3.690124 0.171164
1.095 3.689858 0.170597
1.096 3.689591 0.170029
1.097 3.689333 0.169494
1.098 3.689096 0.169039
1.099 3.688859 0.168584
1.100 3.688623 0.168129
1.101 3.688386 0.167674
1.102 3.688141 0.167302
1.103 3.687886 0.167049
1.104 3.687631 0.166796
1.105 3.687376 0.166543
1.106 3.687120 0.166291
1.107 3.686872 0.166072
1.108 3.686630 0.165888
1.109 3.686389 0.165705
1.110 3.686147 0.165521
1.111 3.685906 0.165337
1.112 3.685671 0.165062
1.113 3.685441 0.164704
1.114 3.685211 0.164347
1.115 3.684982 0.163989
1.116 3.684752 0.163631
1.117 3.684525 0.163270
1.118 3.684302 0.162906
1.119 3.684078 0.162541
1.120 3.683855 0.162177
1.121 3.683631 0.161812
1.122 3.683421 0.161463
1.123 3.683224 0.161131
1.124 3.683028 0.160799
1.125 3.682832 0.160467
1.126 3.682636 0.160135
1.127 3.682432 0.159787
1.128 3.682216 0.159410
1.129 3.682000 0.159033
1.130 3.681784 0.158656
1.131 3.681568 0.158279
1.132 3.681351 0.157931
1.133 3.681129 0.157686
1.134 3.680907 0.157440
1.135 3.680685 0.157194
1.136 3.680463 0.156948
1.137 3.680241 0.156702
1.138 3.680019 0.156449
1.139 3.679798 0.156195
1.140 3.679577 0.155942
1.141 3.679356 0.155688
1.142 3.679135 0.155435
1.143 3.678908 0.155145
1.144 3.678680 0.154846
1.145 3.678452 0.154547
1.146 3.678224 0.154248
1.147 3.677996 0.153949
1.148 3.677784 0.153653
1.149 3.677588 0.153359
1.150 3.677392 0.153065
1.151 3.677196 0.152771
1.152 3.677000 0.152478
1.153 3.676803 0.152178
1.154 3.676601 0.151849
1.155 3.676398 0.151519
1.156 3.676196 0.151190
1.157 3.675994 0.150860
1.158 3.675791 0.150531
1.159 3.675584 0.150207
1.160 3.675375 0.149886
1.161 3.675167 0.149564
1.162 3.674958 0.149242
1.163 3.674749 0.148920
1.164 3.674546 0.148653
1.165 3.674353 0.148498
1.166 3.674161 0.148344
1.167 3.673968 0.148189
1.168 3.673776 0.148034
1.169 3.673583 0.147879
1.170 3.673380 0.147734
1.171 3.673174 0.147591
1.172 3.672969 0.147447
1.173 3.672763 0.147304
1.174 3.672557 0.147160
1.175 3.672363 0.147024
1.176 3.672194 0.146904
1.177 3.672026 0.146784
1.178 3.671857 0.146664
1.179 3.671689 0.146544
1.180 3.671520 0.146424
1.181 3.671342 0.146271
1.182 3.671160 0.146102
1.183 3.670979 0.145934
1.184 3.670797 0.145765
1.185 3.670615 0.145597
1.186 3.670434 0.145430
1.187 3.670270 0.145295
1.188 3.670107 0.145159
1.189 3.669943 0.145023
1.190 3.669779 0.144887
1.191 3.669616 0.144751
1.192 3.669446 0.144615
1.193 3.669267 0.144479
1.194 3.669087 0.144343
1.195 3.668908 0.144207
1.196 3.668728 0.144070
1.197 3.668548 0.143934
1.198 3.668372 0.143811
1.199 3.668199 0.143696
1.200 3.668025 0.143582
1.201 3.667851 0.143467
1.202 3.667677 0.143353
1.203 3.667504 0.143238
1.204 3.667337 0.143190
1.205 3.667172 0.143160
1.206 3.667008 0.143131
1.207 3.666843 0.143102
1.208 3.666679 0.143072
1.209 3.666514 0.143043
1.210 3.666345 0.142815
1.211 3.666176 0.142566
1.212 3.666007 0.142318
1.213 3.665839 0.142069
1.214 3.665670 0.141820
1.215 3.665501 0.141572
1.216 3.665326 0.141457
1.217 3.665151 0.141346
1.218 3.664976 0.141235
1.219 3.664801 0.141124
1.220 3.664626 0.141012
1.221 3.664451 0.140901
1.222 3.664287 0.140858
1.223 3.664123 0.140816
1.224 3.663960 0.140774
1.225 3.663796 0.140733
1.226 3.663632 0.140691
1.227 3.663468 0.140649
1.228 3.663323 0.140495
1.229 3.663179 0.140336
1.230 3.663034 0.140176
1.231 3.662890 0.140016
1.232 3.662746 0.139856
1.233 3.662602 0.139696
1.234 3.662439 0.139545
1.235 3.662272 0.139395
1.236 3.662106 0.139246
1.237 3.661939 0.139097
1.238 3.661772 0.138947
1.239 3.661606 0.138798
1.240 3.661436 0.138681
1.241 3.661266 0.138579
1.242 3.661095 0.138477
1.243 3.660925 0.138375
1.244 3.660754 0.138273
1.245 3.660583 0.138171
1.246 3.660415 0.138005
1.247 3.660249 0.137754
1.248 3.660084 0.137504
1.249 3.659918 0.137253
1.250 3.659752 0.137003
1.251 3.659586 0.136753
1.252 3.659421 0.136517
1.253 3.659261 0.136369
1.254 3.659100 0.136220
1.255 3.658939 0.136072
1.256 3.658778 0.135923
1.257 3.658617 0.135775
1.258 3.658456 0.135627
1.259 3.658299 0.135593
1.260 3.658143 0.135591
1.261 3.657986 0.135588
1.262 3.657830 0.135585
1.263 3.657674 0.135583
1.264 3.657517 0.135580
1.265 3.657363 0.135548
1.266 3.657211 0.135464
1.267 3.657059 0.135381
1.268 3.656907 0.135298
1.269 3.656755 0.135215
1.270 3.656603 0.135132
1.271 3.656451 0.135048
1.272 3.656303 0.134895
1.273 3.656156 0.134733
1.274 3.656008 0.134570
1.275 3.655861 0.134407
1.276 3.655713 0.134244
1.277 3.655565 0.134082
1.278 3.655419 0.133933
1.279 3.655276 0.133811
1.280 3.655132 0.133690
1.281 3.654989 0.133568
1.282 3.654845 0.133447
1.283 3.654702 0.133326
1.284 3.654559 0.133204
1.285 3.654418 0.133077
1.286 3.654278 0.132947
1.287 3.654138 0.132816
1.288 3.653999 0.132686
1.289 3.653859 0.132556
1.290 3.653719 0.132426
1.291 3.653579 0.132296
1.292 3.653444 0.132221
1.293 3.653309 0.132146
1.294 3.653173 0.132071
1.295 3.653038 0.131996
1.296 3.652902 0.131921
1.297 3.652767 0.131846
1.298 3.652632 0.131767
1.299 3.652501 0.131674
1.300 3.652369 0.131582
1.301 3.652238 0.131489
1.302 3.652106 0.131396
1.303 3.651975 0.131304
1.304 3.651843 0.131211
1.305 3.651713 0.131100
1.306 3.651585 0.130964
1.307 3.651457 0.130827
1.308 3.651329 0.130691
1.309 3.651201 0.130554
1.310 3.651073 0.130418
1.311 3.650945 0.130281
1.312 3.650819 0.130090
1.313 3.650695 0.129846
1.314 3.650571 0.129602
1.315 3.650447 0.129358
1.316 3.650322 0.129115
1.317 3.650198 0.128871
1.318 3.650074 0.128627
1.319 3.649952 0.128451
1.320 3.649831 0.128334
1.321 3.649711 0.128216
1.322 3.649590 0.128099
1.323 3.649469 0.127981
1.324 3.649349 0.127864
1.325 3.649228 0.127747
1.326 3.649109 0.127649
1.327 3.648992 0.127573
1.328 3.648875 0.127496
1.329 3.648758 0.127420
1.330 3.648641 0.127344
1.331 3.648524 0.127267
1.332 3.648407 0.127191
1.333 3.648292 0.127080
1.334 3.648178 0.126907
1.335 3.648064 0.126733
1.336 3.647950 0.126560
1.337 3.647836 0.126386
1.338 3.647723 0.126213
1.339 3.647609 0.126039
1.340 3.647496 0.125854
1.341 3.647385 0.125598
1.342 3.647275 0.125343
1.343 3.647165 0.125087
1.344 3.647055 0.124832
1.345 3.646944 0.124576
1.346 3.646834 0.124321
1.347 3.646724 0.124065
1.348 3.646616 0.123869
1.349 3.646509 0.123683
1.350 3.646403 0.123497
1.351 3.646296 0.123311
1.352 3.646189 0.123124
1.353 3.646082 0.122938
1.354 3.645975 0.122752
1.355 3.645870 0.122640
1.356 3.645767 0.122605
1.357 3.645664 0.122569
1.358 3.645561 0.122533
1.359 3.645457 0.122497
1.360 3.645354 0.122462
1.361 3.645251 0.122426
1.362 3.645148 0.122387
1.363 3.645048 0.122300
1.364 3.644949 0.122213
1.365 3.644849 0.122126
1.366 3.644749 0.122039
1.367 3.644650 0.121952
1.368 3.644550 0.121865
1.369 3.644450 0.121778
1.370 3.644353 0.121679
1.371 3.644257 0.121569
1.372 3.644161 0.121460
1.373 3.644065 0.121350
1.374 3.643969 0.121241
1.375 3.643873 0.121131
1.376 3.643778 0.121022
1.377 3.643682 0.120912
1.378 3.643589 0.120670
1.379 3.643496 0.120416
1.380 3.643404 0.120162
1.381 3.643311 0.119907
1.382 3.643218 0.119653
1.383 3.643126 0.119399
1.384 3.643033 0.119144
1.385 3.642941 0.118906
1.386 3.642852 0.118727
1.387 3.642764 0.118547
1.388 3.642675 0.118368
1.389 3.642586 0.118188
1.390 3.642498 0.118009
1.391 3.642409 0.117830
1.392 3.642321 0.117650
1.393 3.642234 0.117443
1.394 3.642149 0.117202
1.395 3.642064 0.116960
1.396 3.641979 0.116718
1.397 3.641894 0.116476
1.398 3.641809 0.116235
1.399 3.641724 0.115993
1.400 3.641639 0.115751
1.401 3.641557 0.115534
1.402 3.641476 0.115335
1.403 3.641395 0.115137
1.404 3.641315 0.114938
1.405 3.641234 0.114740
1.406 3.641153 0.114541
1.407 3.641072 0.114343
1.408 3.640992 0.114144
1.409 3.640913 0.113936
1.410 3.640835 0.113722
1.411 3.640758 0.113507
1.412 3.640680 0.113293
1.413 3.640602 0.113079
1.414 3.640525 0.112865
1.415 3.640447 0.112650
1.416 3.640370 0.112436
1.417 3.640294 0.112253
1.418 3.640220 0.112095
1.419 3.640146 0.111937
1.420 3.640072 0.111780
1.421 3.639998 0.111622
1.422 3.639924 0.111464
1.423 3.639851 0.111306
1.424 3.639777 0.111148
1.425 3.639705 0.110999
1.426 3.639635 0.110861
1.427 3.639566 0.110724
1.428 3.639496 0.110586
1.429 3.639427 0.110449
1.430 3.639357 0.110311
1.431 3.639288 0.110174
1.432 3.639219 0.110036
1.433 3.639150 0.109879
1.434 3.639085 0.109633
1.435 3.639020 0.109387
1.436 3.638955 0.109141
1.437 3.638890 0.108895
1.438 3.638825 0.108649
1.439 3.638761 0.108402
1.440 3.638696 0.108156
1.441 3.638631 0.107910
1.442 3.638569 0.107733
1.443 3.638507 0.107570
1.444 3.638446 0.107406
1.445 3.638384 0.107243
1.446 3.638323 0.107079
1.447 3.638261 0.106915
1.448 3.638200 0.106752
1.449 3.638138 0.106588
1.450 3.638079 0.106390
1.451 3.638022 0.106142
1.452 3.637965 0.105894
1.453 3.637908 0.105646
1.454 3.637851 0.105398
1.455 3.637794 0.105150
1.456 3.637737 0.104902
1.457 3.637681 0.104654
1.458 3.637624 0.104407
1.459 3.637572 0.104269
1.460 3.637521 0.104147
1.461 3.637470 0.104024
1.462 3.637419 0.103902
1.463 3.637369 0.103779
1.464 3.637318 0.103657
1.465 3.637267 0.103534
1.466 3.637216 0.103412
1.467 3.637166 0.103270
1.468 3.637122 0.103071
1.469 3.637077 0.102871
1.470 3.637032 0.102672
1.471 3.636987 0.102472
1.472 3.636942 0.102273
1.473 3.636897 0.102073
1.474 3.636852 0.101874
1.475 3.636807 0.101674
1.476 3.636765 0.101467
1.477 3.636727 0.101251
1.478 3.636688 0.101036
1.479 3.636649 0.100821
1.480 3.636610 0.100605
1.481 3.636571 0.100390
1.482 3.636532 0.100175
1.483 3.636494 0.099959
1.484 3.636455 0.099744
1.485 3.636421 0.099571
1.486 3.636389 0.099417
1.487 3.636358 0.099264
1.488 3.636326 0.099111
1.489 3.636295 0.098957
1.490 3.636263 0.098804
1.491 3.636232 0.098650
1.492 3.636200 0.098497
1.493 3.636169 0.098344
1.494 3.636144 0.098125
1.495 3.636120 0.097883
1.496 3.636097 0.097641
1.497 3.636074 0.097399
1.498 3.636051 0.097157
1.499 3.636028 0.096915
1.500 3.636005 0.096673
1.501 3.635982 0.096431
1.502 3.635959 0.096189
1.503 3.635942 0.095986
1.504 3.635929 0.095801
1.505 3.635916 0.095617
1.506 3.635903 0.095432
1.507 3.635890 0.095247
1.508 3.635876 0.095063
1.509 3.635863 0.094878
1.510 3.635850 0.094693
1.511 3.635837 0.094508
1.512 3.635830 0.094233
1.513 3.635829 0.093872
1.514 3.635828 0.093511
1.515 3.635826 0.093149
1.516 3.635825 0.092788
1.517 3.635824 0.092427
1.518 3.635823 0.092066
1.519 3.635822 0.091704
1.520 3.635821 0.091343
1.521 3.635823 0.090995
1.522 3.635836 0.090690
1.523 3.635848 0.090384
1.524 3.635861 0.090079
1.525 3.635873 0.089773
1.526 3.635886 0.089468
1.527 3.635899 0.089162
1.528 3.635911 0.088856
1.529 3.635924 0.088551
1.530 3.635937 0.088245
1.531 3.635963 0.088000
1.532 3.635992 0.087764
1.533 3.636022 0.087529
1.534 3.636051 0.087294
1.535 3.636080 0.087059
1.536 3.636109 0.086824
1.537 3.636138 0.086589
1.538 3.636168 0.086354
1.539 3.636197 0.086119
1.540 3.636233 0.085879
1.541 3.636283 0.085631
1.542 3.636333 0.085383
1.543 3.636384 0.085134
1.544 3.636434 0.084886
1.545 3.636484 0.084638
1.546 3.636534 0.084390
1.547 3.636584 0.084141
1.548 3.636634 0.083893
1.549 3.636684 0.083645
1.550 3.636756 0.083352
1.551 3.636836 0.083042
1.552 3.636917 0.082732
1.553 3.636997 0.082422
1.554 3.637077 0.082112
1.555 3.637158 0.081802
1.556 3.637238 0.081492
1.557 3.637318 0.081182
1.558 3.637399 0.080872
1.559 3.637479 0.080562
1.560 3.637596 0.080207
1.561 3.637715 0.079850
1.562 3.637833 0.079493
1.563 3.637951 0.079136
1.564 3.638070 0.078779
1.565 3.638188 0.078422
1.566 3.638306 0.078066
1.567 3.638425 0.077709
1.568 3.638543 0.077352
1.569 3.638666 0.076994
1.570 3.638836 0.076623
1.571 3.639006 0.076253
1.572 3.639176 0.075882
1.573 3.639346 0.075512
1.574 3.639516 0.075142
1.575 3.639686 0.074771
1.576 3.639856 0.074401
1.577 3.640026 0.074030
1.578 3.640196 0.073660
1.579 3.640373 0.073288
1.580 3.640613 0.072903
1.581 3.640852 0.072518
1.582 3.641092 0.072133
1.583 3.641332 0.071747
1.584 3.641572 0.071362
1.585 3.641812 0.070977
1.586 3.642052 0.070592
1.587 3.642292 0.070206
1.588 3.642532 0.069821
1.589 3.642772 0.069436
1.590 3.643098 0.069006
1.591 3.643426 0.068575
1.592 3.643755 0.068143
1.593 3.644083 0.067712
1.594 3.644411 0.067280
1.595 3.644740 0.066849
1.596 3.645068 0.066418
1.597 3.645397 0.065986
1.598 3.645725 0.065555
1.599 3.646053 0.065124
1.600 3.646447 0.064590
1.601 3.646867 0.064015
1.602 3.647286 0.063441
1.603 3.647706 0.062866
1.604 3.648125 0.062291
1.605 3.648545 0.061717
1.606 3.648964 0.061142
1.607 3.649384 0.060568
1.608 3.649804 0.059993
1.609 3.650223 0.059418
1.610 3.650661 0.058863
1.611 3.651138 0.058348
1.612 3.651615 0.057832
1.613 3.652092 0.057317
1.614 3.652568 0.056802
1.615 3.653045 0.056286
1.616 3.653522 0.055771
1.617 3.653999 0.055255
1.618 3.654475 0.054740
1.619 3.654952 0.054225
1.620 3.655429 0.053709
1.621 3.655882 0.053122
1.622 3.656330 0.052517
1.623 3.656778 0.051913
1.624 3.657225 0.051308
1.625 3.657673 0.050703
1.626 3.658121 0.050098
1.627 3.658568 0.049493
1.628 3.659016 0.048889
1.629 3.659464 0.048284
1.630 3.659911 0.047679
1.631 3.660334 0.047055
1.632 3.660602 0.046313
1.633 3.660870 0.045571
1.634 3.661138 0.044829
1.635 3.661406 0.044087
1.636 3.661674 0.043345
1.637 3.661942 0.042603
1.638 3.662210 0.041861
1.639 3.662478 0.041119
1.640 3.662746 0.040377
1.641 3.663014 0.039635
1.642 3.663244 0.038877
1.643 3.663243 0.038021
1.644 3.663242 0.037165
1.645 3.663241 0.036308
1.646 3.663240 0.035452
1.647 3.663238 0.034596
1.648 3.663237 0.033739
1.649 3.663236 0.032883
1.650 3.663235 0.032027
1.651 3.663233 0.031171
1.652 3.663232 0.030314
1.653 3.663231 0.029458
1.654 3.662891 0.028701
1.655 3.662550 0.027945
1.656 3.662208 0.027188
1.657 3.661866 0.026432
1.658 3.661524 0.025675
1.659 3.661183 0.024919
1.660 3.660841 0.024163
1.661 3.660499 0.023406
1.662 3.660157 0.022650
1.663 3.659816 0.021893
1.664 3.659474 0.021137
1.665 3.658917 0.020432
1.666 3.658266 0.019750
1.667 3.657615 0.019067
1.668 3.656963 0.018385
1.669 3.656312 0.017702
1.670 3.655661 0.017020
1.671 3.655010 0.016337
1.672 3.654359 0.015655
1.673 3.653708 0.014972
1.674 3.653056 0.014290
1.675 3.652405 0.013607
1.676 3.651708 0.012977
1.677 3.650867 0.012508
1.678 3.650025 0.012040
1.679 3.649184 0.011572
1.680 3.648342 0.011104
1.681 3.647501 0.010635
1.682 3.646660 0.010167
1.683 3.645818 0.009699
1.684 3.644977 0.009231
1.685 3.644136 0.008763
1.686 3.643294 0.008294
1.687 3.642453 0.007826
1.688 3.641568 0.007500
1.689 3.640657 0.007258
1.690 3.639746 0.007015
1.691 3.638835 0.006773
1.692 3.637924 0.006531
1.693 3.637012 0.006288
1.694 3.636101 0.006046
1.695 3.635190 0.005804
1.696 3.634279 0.005561
1.697 3.633368 0.005319
1.698 3.632457 0.005077
1.699 3.631546 0.004834
1.700 3.630671 0.004655
1.701 3.629802 0.004486
1.702 3.628933 0.004317
1.703 3.628063 0.004148
1.704 3.627194 0.003979
1.705 3.626325 0.003810
1.706 3.625456 0.003641
1.707 3.624587 0.003472
1.708 3.623718 0.003303
1.709 3.622848 0.003134
1.710 3.621979 0.002965
1.711 3.621110 0.002796
1.712 3.620327 0.002740
1.713 3.619551 0.002694
1.714 3.618776 0.002648
1.715 3.618001 0.002603
1.716 3.617226 0.002557
1.717 3.616450 0.002511
1.718 3.615675 0.002466
1.719 3.614900 0.002420
1.720 3.614125 0.002374
1.721 3.613349 0.002328
1.722 3.612574 0.002283
1.723 3.611799 0.002237
1.724 3.611114 0.002175
1.725 3.610452 0.002109
1.726 3.609789 0.002044
1.727 3.609126 0.001978
1.728 3.608463 0.001912
1.729 3.607801 0.001847
1.730 3.607138 0.001781
1.731 3.606475 0.001715
1.732 3.605813 0.001650
1.733 3.605150 0.001584
1.734 3.604487 0.001518
1.735 3.603824 0.001452
1.736 3.603209 0.001410
1.737 3.602637 0.001388
1.738 3.602066 0.001366
1.739 3.601494 0.001344
1.740 3.600922 0.001323
1.741 3.600350 0.001301
1.742 3.599778 0.001279
1.743 3.599206 0.001257
1.744 3.598635 0.001235
1.745 3.598063 0.001214
1.746 3.597491 0.001192
1.747 3.596919 0.001170
1.748 3.596352 0.001149
1.749 3.595857 0.001145
1.750 3.595362 0.001140
1.751 3.594867 0.001136
1.752 3.594372 0.001131
1.753 3.593876 0.001127
1.754 3.593381 0.001122
1.755 3.592886 0.001118
1.756 3.592391 0.001113
1.757 3.591896 0.001109
1.758 3.591401 0.001104
1.759 3.590906 0.001100
1.760 3.590410 0.001095
1.761 3.589938 0.001082
1.762 3.589497 0.001058
1.763 3.589056 0.001033
1.764 3.588615 0.001008
1.765 3.588173 0.000984
1.766 3.587732 0.000959
1.767 3.587291 0.000935
1.768 3.586850 0.000910
1.769 3.586408 0.000886
1.770 3.585967 0.000861
1.771 3.585526 0.000837
1.772 3.585085 0.000812
1.773 3.584643 0.000788
1.774 3.584222 0.000767
1.775 3.583812 0.000750
1.776 3.583403 0.000732
1.777 3.582993 0.000715
1.778 3.582584 0.000697
1.779 3.582174 0.000680
1.780 3.581765 0.000662
1.781 3.581355 0.000645
1.782 3.580946 0.000627
1.783 3.580537 0.000610
1.784 3.580127 0.000592
1.785 3.579718 0.000575
1.786 3.579308 0.000557
1.787 3.578903 0.000540
1.788 3.578499 0.000523
1.789 3.578096 0.000505
1.790 3.577693 0.000488
1.791 3.577290 0.000471
1.792 3.576886 0.000454
1.793 3.576483 0.000436
1.794 3.576080 0.000419
1.795 3.575677 0.000402
1.796 3.575273 0.000385
1.797 3.574870 0.000367
1.798 3.574467 0.000350
1.799 3.574064 0.000333
1.800 3.573663 0.000316
1.801 3.573266 0.000299
1.802 3.572869 0.000282
1.803 3.572472 0.000265
1.804 3.572075 0.000248
1.805 3.571679 0.000231
1.806 3.571282 0.000214
1.807 3.570885 0.000197
1.808 3.570488 0.000180
1.809 3.570091 0.000163
1.810 3.569694 0.000146
1.811 3.569297 0.000129
1.812 3.568900 0.000112
1.813 3.568503 0.000095
1.814 3.568112 0.000088
1.815 3.567722 0.000081
1.816 3.567331 0.000074
1.817 3.566940 0.000067
1.818 3.566549 0.000060
1.819 3.566159 0.000053
1.820 3.565768 0.000046
1.821 3.565377 0.000039
1.822 3.564986 0.000032
1.823 3.564595 0.000025
1.824 3.564205 0.000018
1.825 3.563814 0.000011
1.826 3.563423 0.000004
1.827 3.563035 0.000000
1.828 3.562650 0.000000
1.829 3.562265 0.000000
1.830 3.561881 0.000000
1.831 3.561496 0.000000
1.832 3.561111 0.000000
1.833 3.560727 0.000000
1.834 3.560342 0.000000
1.835 3.559957 0.000000
1.836 3.559573 0.000000
1.837 3.559188 0.000000
1.838 3.558803 0.000000
1.839 3.558419 0.000000
1.840 3.558034 0.000000
1.841 3.557653 0.000000
1.842 3.557274 0.000000
1.843 3.556895 0.000000
1.844 3.556517 0.000000
1.845 3.556138 0.000000
1.846 3.555759 0.000000
1.847 3.555380 0.000000
1.848 3.555002 0.000000
1.849 3.554623 0.000000
1.850 3.554244 0.000000
1.851 3.553866 0.000000
1.852 3.553487 0.000000
1.853 3.553108 0.000000
1.854 3.552729 0.000000
1.855 3.552354 0.000000
1.856 3.551981 0.000000
1.857 3.551608 0.000000
1.858 3.551236 0.000000
1.859 3.550863 0.000000
1.860 3.550490 0.000000
1.861 3.550117 0.000000
1.862 3.549744 0.000000
1.863 3.549371 0.000000
1.864 3.548999 0.000000
1.865 3.548626 0.000000
1.866 3.548253 0.000000
1.867 3.547880 0.000000
1.868 3.547507 0.000000
1.869 3.547136 0.000000
1.870 3.546770 0.000000
1.871 3.546403 0.000000
1.872 3.546036 0.000000
1.873 3.545669 0.000000
1.874 3.545302 0.000000
1.875 3.544935 0.000000
1.876 3.544568 0.000000
1.877 3.544201 0.000000
1.878 3.543834 0.000000
1.879 3.543467 0.000000
1.880 3.543100 0.000000
1.881 3.542733 0.000000
1.882 3.542366 0.000000
1.883 3.542000 0.000000
1.884 3.541638 0.000000
1.885 3.541276 0.000000
1.886 3.540915 0.000000
1.887 3.540554 0.000000
1.888 3.540193 0.000000
1.889 3.539832 0.000000
1.890 3.539471 0.000000
1.891 3.539109 0.000000
1.892 3.538748 0.000000
1.893 3.538387 0.000000
1.894 3.538026 0.000000
1.895 3.537665 0.000000
1.896 3.537303 0.000000
1.897 3.536942 0.000000
1.898 3.536582 0.000000
1.899 3.536227 0.000000
1.900 3.535872 0.000000
1.901 3.535516 0.000000
1.902 3.535161 0.000000
1.903 3.534805 0.000000
1.904 3.534450 0.000000
1.905 3.534095 0.000000
1.906 3.533739 0.000000
1.907 3.533384 0.000000
1.908 3.533028 0.000000
1.909 3.532673 0.000000
1.910 3.532318 0.000000
1.911 3.531962 0.000000
1.912 3.531607 0.000000
1.913 3.531253 0.000000
1.914 3.530903 0.000000
1.915 3.530553 0.000000
1.916 3.530204 0.000000
1.917 3.529854 0.000000
1.918 3.529504 0.000000
1.919 3.529154 0.000000
1.920 3.528804 0.000000
1.921 3.528455 0.000000
1.922 3.528105 0.000000
1.923 3.527755 0.000000
1.924 3.527405 0.000000
1.925 3.527055 0.000000
1.926 3.526705 0.000000
1.927 3.526356 0.000000
1.928 3.526007 0.000000
1.929 3.525663 0.000000
1.930 3.525319 0.000000
1.931 3.524975 0.000000
1.932 3.524631 0.000000
1.933 3.524287 0.000000
1.934 3.523943 0.000000
1.935 3.523599 0.000000
1.936 3.523255 0.000000
1.937 3.522911 0.000000
1.938 3.522567 0.000000
1.939 3.522222 0.000000
1.940 3.521878 0.000000
1.941 3.521534 0.000000
1.942 3.521190 0.000000
1.943 3.520846 0.000000
1.944 3.520507 0.000000
1.945 3.520168 0.000000
1.946 3.519829 0.000000
1.947 3.519491 0.000000
1.948 3.519152 0.000000
1.949 3.518814 0.000000
1.950 3.518475 0.000000