0.251 2.033382 3.287777
0.252 2.081579 3.301718
0.253 2.128916 3.311361
0.254 2.181039 3.326311
0.255 2.226647 3.335391
0.256 2.278271 3.344771
0.257 2.330477 3.354358
0.258 2.382861 3.363863
0.259 2.436361 3.372928
0.260 2.497322 3.380821
0.261 2.553981 3.385279
0.262 2.617935 3.383762
0.263 2.682614 3.379666
0.264 2.750317 3.368615
0.265 2.817894 3.354115
0.266 2.880595 3.332399
0.267 2.945093 3.307545
0.268 3.005178 3.277594
0.269 3.065797 3.242910
0.270 3.115618 3.204829
0.271 3.167512 3.162646
0.272 3.210988 3.119049
0.273 3.254319 3.075908
0.274 3.289349 3.030449
0.275 3.321456 2.985474
0.276 3.351261 2.936670
0.277 3.378956 2.894635
0.278 3.403135 2.848951
0.279 3.422454 2.800616
0.280 3.440030 2.758159
0.281 3.455175 2.717109
0.282 3.467134 2.674295
0.283 3.478745 2.632050
0.284 3.489412 2.590889
0.285 3.495392 2.552450
0.286 3.500573 2.516064
0.287 3.505820 2.480396
0.288 3.507398 2.441073
0.289 3.509078 2.407885
0.290 3.510762 2.374416
0.291 3.506803 2.340621
0.292 3.503176 2.312941
0.293 3.501394 2.280852
0.294 3.500096 2.253579
0.295 3.493429 2.223779
0.296 3.486689 2.199000
0.297 3.480128 2.174674
0.298 3.473775 2.150838
0.299 3.467687 2.128517
0.300 3.457947 2.110722
0.301 3.450021 2.089460
0.302 3.439984 2.072002
0.303 3.433084 2.051896
0.304 3.423086 2.034839
0.305 3.416986 2.021787
0.306 3.407067 2.004984
0.307 3.398971 1.992721
0.308 3.390901 1.981525
0.309 3.380900 1.970565
0.310 3.376804 1.959856
0.311 3.366999 1.949297
0.312 3.357721 1.938887
0.313 3.350408 1.928655
0.314 3.343328 1.919522
0.315 3.334979 1.914738
0.316 3.326092 1.905399
0.317 3.322854 1.901306
0.318 3.314595 1.892432
0.319 3.308367 1.888429
0.320 3.302752 1.884415
0.321 3.297596 1.878650
0.322 3.291917 1.873183
0.323 3.287401 1.872204
0.324 3.281595 1.867144
0.325 3.277559 1.866006
0.326 3.271612 1.861605
0.327 3.268515 1.860046
0.328 3.262095 1.860180
0.329 3.260460 1.854387
0.330 3.255532 1.854481
0.331 3.251407 1.854751
0.332 3.250043 1.855058
0.333 3.248729 1.855386
0.334 3.245733 1.853996
0.335 3.240256 1.850089
0.336 3.239154 1.850531
0.337 3.238106 1.851006
0.338 3.237125 1.851522
0.339 3.236202 1.852070
0.340 3.235340 1.852653
0.341 3.234516 1.853257
0.342 3.233748 1.853897
0.343 3.233055 1.854589
0.344 3.232404 1.855307
0.345 3.231788 1.860701
0.346 3.231211 1.862862
0.347 3.230716 1.863683
0.348 3.230248 1.864522
0.349 3.229813 1.865387
0.350 3.233481 1.866329
0.351 3.235212 1.868256
0.352 3.234928 1.874286
0.353 3.235026 1.875328
0.354 3.240108 1.876385
0.355 3.240434 1.877477
0.356 3.240333 1.878595
0.357 3.241566 1.885816
0.358 3.246363 1.887008
0.359 3.247043 1.888215
0.360 3.252220 1.891315
0.361 3.252697 1.896812
0.362 3.258506 1.898128
0.363 3.259176 1.899480
0.364 3.262959 1.904362
0.365 3.265863 1.908344
0.366 3.267879 1.909789
0.367 3.272730 1.914744
0.368 3.278133 1.918842
0.369 3.279809 1.920374
0.370 3.283580 1.925133
0.371 3.287104 1.929614
0.372 3.293429 1.931248
0.373 3.297427 1.935746
0.374 3.301453 1.940658
0.375 3.307915 1.943193
0.376 3.311622 1.949985
0.377 3.320245 1.951938
0.378 3.323774 1.959050
0.379 3.330085 1.961603
0.380 3.334782 1.966626
0.381 3.343743 1.971582
0.382 3.351441 1.978569
0.383 3.355729 1.981230
0.384 3.364813 1.986948
0.385 3.373254 1.991877
0.386 3.377052 1.999222
0.387 3.386264 2.004007
0.388 3.395531 2.009323
0.389 3.405528 2.016709
0.390 3.419839 2.021447
0.391 3.429632 2.027665
0.392 3.439516 2.033989
0.393 3.454278 2.038395
0.394 3.465953 2.046013
0.395 3.482920 2.051539
0.396 3.495710 2.056598
0.397 3.511222 2.058844
0.398 3.528451 2.061107
0.399 3.545679 2.063379
0.400 3.563039 2.061298
0.401 3.585272 2.061075
0.402 3.603708 2.057075
0.403 3.621105 2.052054
0.404 3.634537 2.047096
0.405 3.649284 2.037488
0.406 3.661502 2.031307
0.407 3.676679 2.024258
0.408 3.687207 2.015814
0.409 3.693028 2.006726
0.410 3.701097 2.000690
0.411 3.705212 1.994822
0.412 3.710910 1.985970
0.413 3.717967 1.985389
0.414 3.721663 1.983735
0.415 3.725496 1.980044
0.416 3.729482 1.983251
0.417 3.733711 1.986694
0.418 3.738454 1.990290
0.419 3.743776 1.994468
0.420 3.754236 2.003408
0.421 3.761780 2.008771
0.422 3.774233 2.018833
0.423 3.784019 2.029470
0.424 3.799234 2.039282
0.425 3.815550 2.044484
0.426 3.836467 2.053887
0.427 3.858208 2.063590
0.428 3.880260 2.072893
0.429 3.906359 2.081827
0.430 3.935872 2.086238
0.431 3.965400 2.092744
0.432 3.996754 2.093898
0.433 4.030438 2.093422
0.434 4.063897 2.089470
0.435 4.097279 2.083578
0.436 4.130450 2.076893
0.437 4.163381 2.068417
0.438 4.196164 2.057373
0.439 4.228854 2.044630
0.440 4.260281 2.030115
0.441 4.289793 2.012158
0.442 4.321438 1.993449
0.443 4.353054 1.973860
0.444 4.382499 1.952957
0.445 4.412093 1.926907
0.446 4.438487 1.899279
0.447 4.463591 1.870150
0.448 4.488105 1.839513
0.449 4.511598 1.807564
0.450 4.531952 1.774080
0.451 4.549792 1.739163
0.452 4.567906 1.703555
0.453 4.580355 1.667056
0.454 4.589749 1.630366
0.455 4.598228 1.593388
0.456 4.603092 1.556653
0.457 4.605056 1.523097
0.458 4.605736 1.489201
0.459 4.603926 1.455360
0.460 4.599551 1.425645
0.461 4.596393 1.396258
0.462 4.589285 1.367089
0.463 4.581854 1.338383
0.464 4.575201 1.310663
0.465 4.571491 1.283951
0.466 4.563131 1.261734
0.467 4.554562 1.236589
0.468 4.545749 1.215380
0.469 4.536948 1.195228
0.470 4.527631 1.175608
0.471 4.514355 1.156489
0.472 4.504022 1.137596
0.473 4.494997 1.118850
0.474 4.485977 1.103851
0.475 4.476957 1.089027
0.476 4.467956 1.073661
0.477 4.458972 1.059510
0.478 4.450001 1.044527
0.479 4.441044 1.030782
0.480 4.432111 1.016358
0.481 4.423212 1.004386
0.482 4.414357 0.993542
0.483 4.405526 0.981998
0.484 4.396720 0.970847
0.485 4.387951 0.959937
0.486 4.379314 0.949753
0.487 4.373604 0.939761
0.488 4.367935 0.929880
0.489 4.359327 0.920366
0.490 4.350779 0.911439
0.491 4.342250 0.902538
0.492 4.333759 0.893832
0.493 4.326275 0.885669
0.494 4.321275 0.877744
0.495 4.314659 0.869849
0.496 4.306347 0.862038
0.497 4.298378 0.854409
0.498 4.292374 0.847116
0.499 4.287790 0.840160
0.500 4.279658 0.833273
0.501 4.272817 0.826514
0.502 4.268456 0.819880
0.503 4.261650 0.813340
0.504 4.254281 0.807088
0.505 4.249133 0.800893
0.506 4.244290 0.794818
0.507 4.238349 0.789022
0.508 4.234512 0.783265
0.509 4.226800 0.777607
0.510 4.219160 0.772062
0.511 4.216748 0.766514
0.512 4.209914 0.761434
0.513 4.206233 0.756156
0.514 4.200670 0.751146
0.515 4.196123 0.746054
0.516 4.191290 0.741007
0.517 4.186351 0.736207
0.518 4.181832 0.731561
0.519 4.177009 0.726944
0.520 4.172225 0.722347
0.521 4.168021 0.717783
0.522 4.162470 0.713279
0.523 4.159475 0.708833
0.524 4.152786 0.704391
0.525 4.150482 0.699971
0.526 4.144195 0.695606
0.527 4.140806 0.691659
0.528 4.138873 0.687586
0.529 4.134870 0.683324
0.530 4.129819 0.679222
0.531 4.126443 0.675382
0.532 4.120896 0.671349
0.533 4.117747 0.667567
0.534 4.112624 0.663929
0.535 4.108740 0.660080
0.536 4.106367 0.656285
0.537 4.103308 0.652649
0.538 4.098874 0.649122
0.539 4.095244 0.645582
0.540 4.093604 0.641863
0.541 4.089585 0.638187
0.542 4.085394 0.634710
0.543 4.082705 0.631305
0.544 4.080247 0.627923
0.545 4.076340 0.624574
0.546 4.071960 0.621258
0.547 4.068331 0.617943
0.548 4.064044 0.614642
0.549 4.061276 0.611374
0.550 4.059083 0.608206
0.551 4.055504 0.605193
0.552 4.051040 0.602276
0.553 4.049277 0.599104
0.554 4.046520 0.595935
0.555 4.042719 0.592793
0.556 4.038913 0.589707
0.557 4.037493 0.586788
0.558 4.036083 0.583961
0.559 4.033264 0.580973
0.560 4.029546 0.578010
0.561 4.025900 0.575198
0.562 4.024538 0.572424
0.563 4.021134 0.569437
0.564 4.017439 0.566590
0.565 4.014483 0.563861
0.566 4.013135 0.561134
0.567 4.009135 0.558454
0.568 4.005671 0.555734
0.569 4.003246 0.553057
0.570 4.001986 0.550452
0.571 4.000737 0.547743
0.572 3.996870 0.545171
0.573 3.993279 0.542545
0.574 3.990960 0.539860
0.575 3.989747 0.537415
0.576 3.988543 0.534757
0.577 3.985418 0.532202
0.578 3.980582 0.529831
0.579 3.978989 0.527528
0.580 3.977659 0.524908
0.581 3.974656 0.522386
0.582 3.969370 0.520133
0.583 3.968223 0.517823
0.584 3.967083 0.515309
0.585 3.965596 0.512820
0.586 3.963286 0.510619
0.587 3.959201 0.508432
0.588 3.956599 0.506153
0.589 3.955504 0.503782
0.590 3.954418 0.501363
0.591 3.951570 0.499147
0.592 3.948244 0.497014
0.593 3.945373 0.494892
0.594 3.944122 0.492773
0.595 3.943075 0.490496
0.596 3.941897 0.488050
0.597 3.937011 0.485901
0.598 3.934249 0.483802
0.599 3.932970 0.481737
0.600 3.931974 0.479675
0.601 3.930984 0.477622
0.602 3.929690 0.475580
0.603 3.927424 0.473559
0.604 3.923992 0.471548
0.605 3.921063 0.469541
0.606 3.920106 0.467537
0.607 3.919157 0.465544
0.608 3.917201 0.463560
0.609 3.913205 0.461591
0.610 3.910961 0.459635
0.611 3.909387 0.457683
0.612 3.908467 0.455732
0.613 3.907161 0.453790
0.614 3.904865 0.451858
0.615 3.900498 0.449942
0.616 3.898857 0.448035
0.617 3.897990 0.446131
0.618 3.897124 0.444228
0.619 3.896264 0.442335
0.620 3.894926 0.440448
0.621 3.891006 0.438580
0.622 3.888457 0.436718
0.623 3.886848 0.434862
0.624 3.886017 0.433039
0.625 3.884777 0.431371
0.626 3.883065 0.429880
0.627 3.879572 0.428095
0.628 3.876719 0.426276
0.629 3.875930 0.424465
0.630 3.875142 0.422655
0.631 3.874354 0.420879
0.632 3.873577 0.419407
0.633 3.870997 0.417810
0.634 3.866503 0.416080
0.635 3.865247 0.414315
0.636 3.864499 0.412578
0.637 3.863751 0.410950
0.638 3.863009 0.409382
0.639 3.862271 0.407854
0.640 3.858980 0.406126
0.641 3.856082 0.404491
0.642 3.854405 0.403097
0.643 3.853340 0.401510
0.644 3.852625 0.399813
0.645 3.850880 0.398202
0.646 3.848694 0.396639
0.647 3.845496 0.395190
0.648 3.843799 0.393597
0.649 3.843122 0.391905
0.650 3.842446 0.390501
0.651 3.841705 0.389086
0.652 3.840689 0.387479
0.653 3.838345 0.385996
0.654 3.834535 0.384647
0.655 3.833105 0.383205
0.656 3.832466 0.381730
0.657 3.831827 0.380244
0.658 3.831191 0.378805
0.659 3.830560 0.377493
0.660 3.828147 0.376056
0.661 3.824093 0.374504
0.662 3.822654 0.373111
0.663 3.822043 0.371770
0.664 3.821434 0.370371
0.665 3.820827 0.368952
0.666 3.820228 0.367465
0.667 3.818233 0.366073
0.668 3.814287 0.364813
0.669 3.812421 0.363424
0.670 3.811847 0.361955
0.671 3.811273 0.360726
0.672 3.810699 0.359556
0.673 3.807340 0.358113
0.674 3.804319 0.356700
0.675 3.803287 0.355464
0.676 3.802409 0.354164
0.677 3.801862 0.352725
0.678 3.801315 0.351425
0.679 3.800768 0.350280
0.680 3.798461 0.348964
0.681 3.795024 0.347537
0.682 3.793496 0.346307
0.683 3.792639 0.345147
0.684 3.792077 0.344020
0.685 3.791563 0.342898
0.686 3.791049 0.341557
0.687 3.790322 0.340219
0.688 3.786650 0.339018
0.689 3.783472 0.337832
0.690 3.782980 0.336730
0.691 3.782488 0.335628
0.692 3.781999 0.334530
0.693 3.781511 0.333351
0.694 3.781022 0.331984
0.695 3.779436 0.330701
0.696 3.775861 0.329573
0.697 3.773535 0.328464
0.698 3.773073 0.327383
0.699 3.772613 0.326305
0.700 3.772156 0.325229
0.701 3.771569 0.324154
0.702 3.770826 0.323080
0.703 3.768934 0.322010
0.704 3.765742 0.320943
0.705 3.763844 0.319880
0.706 3.763407 0.318822
0.707 3.762972 0.317628
0.708 3.762539 0.316275
0.709 3.761608 0.315053
0.710 3.760032 0.314001
0.711 3.758186 0.312952
0.712 3.755939 0.311906
0.713 3.754344 0.310869
0.714 3.753931 0.309847
0.715 3.753518 0.308904
0.716 3.753108 0.308145
0.717 3.752203 0.307324
0.718 3.749629 0.306292
0.719 3.747265 0.305260
0.720 3.746127 0.304234
0.721 3.745029 0.303208
0.722 3.744643 0.302188
0.723 3.744258 0.301169
0.724 3.743877 0.300153
0.725 3.743496 0.299138
0.726 3.740760 0.298124
0.727 3.737538 0.297110
0.728 3.736305 0.296208
0.729 3.735932 0.295355
0.730 3.735565 0.294491
0.731 3.735202 0.293617
0.732 3.734507 0.292694
0.733 3.733308 0.291696
0.734 3.731856 0.290743
0.735 3.729556 0.289937
0.736 3.727350 0.289127
0.737 3.726999 0.288224
0.738 3.726648 0.287322
0.739 3.726305 0.286350
0.740 3.725963 0.285366
0.741 3.724102 0.284537
0.742 3.721405 0.283792
0.743 3.719553 0.282964
0.744 3.718850 0.282022
0.745 3.718217 0.281109
0.746 3.717886 0.280319
0.747 3.717556 0.279528
0.748 3.717009 0.278675
0.749 3.716448 0.277819
0.750 3.714404 0.277054
0.751 3.711663 0.276332
0.752 3.709902 0.275514
0.753 3.709584 0.274552
0.754 3.709267 0.273621
0.755 3.708957 0.272927
0.756 3.708647 0.272233
0.757 3.706662 0.271498
0.758 3.704291 0.270754
0.759 3.702678 0.269965
0.760 3.701840 0.269131
0.761 3.701089 0.268311
0.762 3.700791 0.267563
0.763 3.700492 0.266815
0.764 3.699943 0.266145
0.765 3.699337 0.265492
0.766 3.697857 0.264811
0.767 3.695338 0.264099
0.768 3.693003 0.263389
0.769 3.692723 0.262709
0.770 3.692443 0.262029
0.771 3.692164 0.261262
0.772 3.691885 0.260457
0.773 3.690909 0.259723
0.774 3.688209 0.259164
0.775 3.685509 0.258605
0.776 3.684858 0.257834
0.777 3.684521 0.257030
0.778 3.684216 0.256335
0.779 3.683954 0.255782
0.780 3.683693 0.255228
0.781 3.683431 0.254577
0.782 3.683170 0.253923
0.783 3.681773 0.253249
0.784 3.679312 0.252558
0.785 3.676920 0.251871
0.786 3.676442 0.251326
0.787 3.675965 0.250781
0.788 3.675613 0.250236
0.789 3.675369 0.249693
0.790 3.675101 0.249147
0.791 3.673867 0.248506
0.792 3.672634 0.247864
0.793 3.671202 0.247205
0.794 3.669568 0.246527
0.795 3.667934 0.245848
0.796 3.667629 0.245306
0.797 3.667395 0.244771
0.798 3.667162 0.244236
0.799 3.666929 0.243703
0.800 3.666697 0.243170
0.801 3.664578 0.242637
0.802 3.662013 0.242105
0.803 3.659948 0.241573
0.804 3.659725 0.241044
0.805 3.659503 0.240515
0.806 3.659286 0.239987
0.807 3.659073 0.239461
0.808 3.658860 0.238934
0.809 3.658350 0.238410
0.810 3.657831 0.237885
0.811 3.656772 0.237360
0.812 3.654595 0.236837
0.813 3.652418 0.236313
0.814 3.651547 0.235829
0.815 3.651343 0.235365
0.816 3.651140 0.234901
0.817 3.650944 0.234549
0.818 3.650747 0.234199
0.819 3.650305 0.233802
0.820 3.649236 0.233286
0.821 3.648167 0.232770
0.822 3.646833 0.232254
0.823 3.645293 0.231739
0.824 3.643753 0.231224
0.825 3.643332 0.230893
0.826 3.643142 0.230601
0.827 3.642952 0.230293
0.828 3.642766 0.229784
0.829 3.642580 0.229275
0.830 3.641902 0.228815
0.831 3.640093 0.228470
0.832 3.638284 0.228125
0.833 3.637030 0.227725
0.834 3.636304 0.227273
0.835 3.635578 0.226821
0.836 3.635237 0.226478
0.837 3.635060 0.226180
0.838 3.634883 0.225883
0.839 3.634710 0.225414
0.840 3.634539 0.224921
0.841 3.634345 0.224427
0.842 3.633359 0.223906
0.843 3.632372 0.223386
0.844 3.631406 0.222872
0.845 3.630548 0.222388
0.846 3.629691 0.221904
0.847 3.628927 0.221464
0.848 3.628411 0.221141
0.849 3.627894 0.220818
0.850 3.627395 0.220565
0.851 3.626925 0.220431
0.852 3.626455 0.220298
0.853 3.625978 0.220030
0.854 3.625490 0.219593
0.855 3.625002 0.219156
0.856 3.624516 0.218770
0.857 3.624031 0.218436
0.858 3.623547 0.218102
0.859 3.623091 0.217684
0.860 3.622662 0.217190
0.861 3.622232 0.216695
0.862 3.621809 0.216201
0.863 3.621391 0.215706
0.864 3.620973 0.215212
0.865 3.620549 0.214768
0.866 3.620119 0.214370
0.867 3.619689 0.213972
0.868 3.619261 0.213622
0.869 3.618834 0.213319
0.870 3.618408 0.213017
0.871 3.617997 0.212718
0.872 3.617605 0.212422
0.873 3.617214 0.212126
0.874 3.616809 0.211732
0.875 3.616382 0.211175
0.876 3.615955 0.210618
0.877 3.615545 0.210130
0.878 3.615177 0.209814
0.879 3.614809 0.209499
0.880 3.614443 0.209190
0.881 3.614091 0.208909
0.882 3.613739 0.208628
0.883 3.613387 0.208343
0.884 3.613007 0.207872
0.885 3.612627 0.207401
0.886 3.612246 0.206930
0.887 3.611875 0.206462
0.888 3.611504 0.205995
0.889 3.611134 0.205527
0.890 3.610767 0.205052
0.891 3.610401 0.204572
0.892 3.610035 0.204092
0.893 3.609667 0.203617
0.894 3.609295 0.203146
0.895 3.608924 0.202674
0.896 3.608558 0.202212
0.897 3.608208 0.201780
0.898 3.607858 0.201347
0.899 3.607508 0.200915
0.900 3.607177 0.200568
0.901 3.606847 0.200222
0.902 3.606516 0.199876
0.903 3.606185 0.199559
0.904 3.605853 0.199254
0.905 3.605522 0.198948
0.906 3.605201 0.198582
0.907 3.604896 0.198129
0.908 3.604591 0.197676
0.909 3.604285 0.197222
0.910 3.603968 0.196752
0.911 3.603650 0.196283
0.912 3.603333 0.195814
0.913 3.603003 0.195221
0.914 3.602668 0.194585
0.915 3.602333 0.193949
0.916 3.602008 0.193348
0.917 3.601700 0.192810
0.918 3.601391 0.192273
0.919 3.601083 0.191735
0.920 3.600759 0.191369
0.921 3.600434 0.191010
0.922 3.600109 0.190650
0.923 3.599795 0.190324
0.924 3.599491 0.190026
0.925 3.599186 0.189728
0.926 3.598883 0.189417
0.927 3.598594 0.188964
0.928 3.598305 0.188512
0.929 3.598016 0.188060
0.930 3.597730 0.187603
0.931 3.597447 0.187145
0.932 3.597164 0.186686
0.933 3.596884 0.186230
0.934 3.596625 0.185800
0.935 3.596366 0.185370
0.936 3.596108 0.184940
0.937 3.595842 0.184486
0.938 3.595571 0.184017
0.939 3.595300 0.183547
0.940 3.595028 0.183079
0.941 3.594755 0.182726
0.942 3.594482 0.182373
0.943 3.594209 0.182020
0.944 3.593937 0.181664
0.945 3.593665 0.181304
0.946 3.593393 0.180943
0.947 3.593121 0.180583
0.948 3.592844 0.180189
0.949 3.592566 0.179788
0.950 3.592287 0.179387
0.951 3.592015 0.178987
0.952 3.591769 0.178591
0.953 3.591522 0.178195
0.954 3.591276 0.177799
0.955 3.591028 0.177386
0.956 3.590777 0.176958
0.957 3.590527 0.176530
0.958 3.590276 0.176102
0.959 3.590021 0.175680
0.960 3.589765 0.175258
0.961 3.589509 0.174837
0.962 3.589255 0.174431
0.963 3.589013 0.174160
0.964 3.588772 0.173889
0.965 3.588530 0.173618
0.966 3.588288 0.173350
0.967 3.588044 0.173089
0.968 3.587800 0.172827
0.969 3.587557 0.172566
0.970 3.587335 0.172317
0.971 3.587130 0.172076
0.972 3.586925 0.171836
0.973 3.586720 0.171596
0.974 3.586507 0.171322
0.975 3.586290 0.171038
0.976 3.586074 0.170754
0.977 3.585858 0.170469
0.978 3.585656 0.170212
0.979 3.585456 0.169957
0.980 3.585256 0.169702
0.981 3.585056 0.169448
0.982 3.584844 0.169193
0.983 3.584632 0.168937
0.984 3.584421 0.168682
0.985 3.584210 0.168430
0.986 3.584005 0.168195
0.987 3.583800 0.167959
0.988 3.583595 0.167724
0.989 3.583392 0.167505
0.990 3.583195 0.167347
0.991 3.582998 0.167190
0.992 3.582802 0.167032
0.993 3.582604 0.166826
0.994 3.582403 0.166468
0.995 3.582202 0.166110
0.996 3.582002 0.165753
0.997 3.581802 0.165425
0.998 3.581605 0.165193
0.999 3.581407 0.164960
1.000 3.581210 0.164727
1.001 3.581016 0.164508
1.002 3.580834 0.164339
1.003 3.580652 0.164169
1.004 3.580470 0.164000
1.005 3.580290 0.163814
1.006 3.580126 0.163537
1.007 3.579962 0.163259
1.008 3.579798 0.162982
1.009 3.579633 0.162705
1.010 3.579449 0.162437
1.011 3.579265 0.162169
1.012 3.579080 0.161901
1.013 3.578896 0.161633
1.014 3.578715 0.161404
1.015 3.578536 0.161179
1.016 3.578356 0.160953
1.017 3.578176 0.160727
1.018 3.578003 0.160397
1.019 3.577832 0.160033
1.020 3.577661 0.159669
1.021 3.577490 0.159306
1.022 3.577322 0.158995
1.023 3.577156 0.158726
1.024 3.576990 0.158456
1.025 3.576824 0.158187
1.026 3.576659 0.157962
1.027 3.576497 0.157827
1.028 3.576335 0.157692
1.029 3.576173 0.157558
1.030 3.576012 0.157418
1.031 3.575867 0.157205
1.032 3.575721 0.156992
1.033 3.575575 0.156779
1.034 3.575429 0.156566
1.035 3.575291 0.156296
1.036 3.575155 0.156007
1.037 3.575019 0.155718
1.038 3.574883 0.155429
1.039 3.574749 0.155157
1.040 3.574618 0.154906
1.041 3.574486 0.154656
1.042 3.574355 0.154405
1.043 3.574223 0.154155
1.044 3.574095 0.153896
1.045 3.573967 0.153637
1.046 3.573838 0.153378
1.047 3.573710 0.153120
1.048 3.573594 0.152887
1.049 3.573486 0.152670
1.050 3.573377 0.152453
1.051 3.573268 0.152236
1.052 3.573162 0.152015
1.053 3.573064 0.151777
1.054 3.572966 0.151539
1.055 3.572868 0.151301
1.056 3.572770 0.151063
1.057 3.572675 0.150796
1.058 3.572581 0.150516
1.059 3.572487 0.150237
1.060 3.572392 0.149957
1.061 3.572299 0.149661
1.062 3.572208 0.149280
1.063 3.572117 0.148900
1.064 3.572027 0.148519
1.065 3.571936 0.148138
1.066 3.571854 0.147817
1.067 3.571776 0.147535
1.068 3.571699 0.147253
1.069 3.571622 0.146972
1.070 3.571545 0.146690
1.071 3.571476 0.146438
1.072 3.571406 0.146186
1.073 3.571337 0.145934
1.074 3.571268 0.145682
1.075 3.571200 0.145398
1.076 3.571134 0.145054
1.077 3.571068 0.144709
1.078 3.571002 0.144365
1.079 3.570936 0.144021
1.080 3.570872 0.143625
1.081 3.570809 0.143203
1.082 3.570746 0.142781
1.083 3.570683 0.142359
1.084 3.570620 0.141937
1.085 3.570561 0.141546
1.086 3.570503 0.141158
1.087 3.570445 0.140770
1.088 3.570386 0.140381
1.089 3.570329 0.140014
1.090 3.570274 0.139756
1.091 3.570220 0.139498
1.092 3.570166 0.139241
1.093 3.570111 0.138983
1.094 3.570058 0.138707
1.095 3.570007 0.138400
1.096 3.569956 0.138092
1.097 3.569905 0.137785
1.098 3.569854 0.137477
1.099 3.569805 0.137159
1.100 3.569757 0.136830
1.101 3.569709 0.136501
1.102 3.569662 0.136172
1.103 3.569614 0.135843
1.104 3.569559 0.135411
1.105 3.569498 0.134910
1.106 3.569437 0.134409
1.107 3.569377 0.133908
1.108 3.569316 0.133408
1.109 3.569253 0.132945
1.110 3.569190 0.132503
1.111 3.569127 0.132060
1.112 3.569063 0.131617
1.113 3.569000 0.131175
1.114 3.568938 0.130691
1.115 3.568878 0.130188
1.116 3.568818 0.129684
1.117 3.568758 0.129181
1.118 3.568698 0.128678
1.119 3.568640 0.128201
1.120 3.568584 0.127740
1.121 3.568528 0.127278
1.122 3.568471 0.126817
1.123 3.568415 0.126355
1.124 3.568337 0.125875
1.125 3.568242 0.125381
1.126 3.568148 0.124887
1.127 3.568053 0.124393
1.128 3.567958 0.123899
1.129 3.567858 0.123427
1.130 3.567751 0.122981
1.131 3.567644 0.122535
1.132 3.567537 0.122089
1.133 3.567431 0.121644
1.134 3.567325 0.121203
1.135 3.567222 0.120777
1.136 3.567118 0.120351
1.137 3.567015 0.119924
1.138 3.566912 0.119498
1.139 3.566809 0.119065
1.140 3.566711 0.118534
1.141 3.566612 0.118002
1.142 3.566514 0.117470
1.143 3.566415 0.116938
1.144 3.566317 0.116406
1.145 3.566187 0.115948
1.146 3.566050 0.115509
1.147 3.565913 0.115070
1.148 3.565776 0.114630
1.149 3.565638 0.114191
1.150 3.565496 0.113714
1.151 3.565348 0.113197
1.152 3.565201 0.112679
1.153 3.565053 0.112162
1.154 3.564905 0.111644
1.155 3.564758 0.111142
1.156 3.564616 0.110747
1.157 3.564473 0.110353
1.158 3.564331 0.109959
1.159 3.564189 0.109565
1.160 3.564046 0.109170
1.161 3.563908 0.108723
1.162 3.563772 0.108253
1.163 3.563636 0.107783
1.164 3.563500 0.107313
1.165 3.563364 0.106843
1.166 3.563226 0.106378
1.167 3.563078 0.105930
1.168 3.562931 0.105482
1.169 3.562784 0.105034
1.170 3.562637 0.104586
1.171 3.562490 0.104138
1.172 3.562344 0.103744
1.173 3.562199 0.103370
1.174 3.562053 0.102996
1.175 3.561908 0.102622
1.176 3.561762 0.102248
1.177 3.561618 0.101860
1.178 3.561481 0.101399
1.179 3.561344 0.100937
1.180 3.561207 0.100475
1.181 3.561070 0.100014
1.182 3.560932 0.099552
1.183 3.560801 0.099121
1.184 3.560674 0.098716
1.185 3.560547 0.098312
1.186 3.560420 0.097907
1.187 3.560293 0.097502
1.188 3.560167 0.097097
1.189 3.560069 0.096580
1.190 3.559976 0.096043
1.191 3.559883 0.095507
1.192 3.559790 0.094970
1.193 3.559698 0.094434
1.194 3.559607 0.093906
1.195 3.559536 0.093439
1.196 3.559464 0.092973
1.197 3.559392 0.092506
1.198 3.559320 0.092039
1.199 3.559249 0.091572
1.200 3.559183 0.091129
1.201 3.559128 0.090733
1.202 3.559074 0.090336
1.203 3.559019 0.089940
1.204 3.558964 0.089544
1.205 3.558910 0.089147
1.206 3.558866 0.088744
1.207 3.558833 0.088334
1.208 3.558800 0.087924
1.209 3.558766 0.087514
1.210 3.558733 0.087104
1.211 3.558700 0.086694
1.212 3.558750 0.086245
1.213 3.558855 0.085771
1.214 3.558961 0.085296
1.215 3.559066 0.084822
1.216 3.559172 0.084347
1.217 3.559277 0.083873
1.218 3.559429 0.083367
1.219 3.559606 0.082845
1.220 3.559783 0.082322
1.221 3.559961 0.081799
1.222 3.560138 0.081276
1.223 3.560316 0.080753
1.224 3.560526 0.080222
1.225 3.560757 0.079685
1.226 3.560988 0.079148
1.227 3.561218 0.078610
1.228 3.561449 0.078073
1.229 3.561679 0.077536
1.230 3.561949 0.076991
1.231 3.562251 0.076437
1.232 3.562554 0.075884
1.233 3.562856 0.075331
1.234 3.563158 0.074777
1.235 3.563461 0.074224
1.236 3.563817 0.073541
1.237 3.564253 0.072671
1.238 3.564688 0.071800
1.239 3.565123 0.070929
1.240 3.565559 0.070059
1.241 3.565994 0.069188
1.242 3.566452 0.068270
1.243 3.566995 0.067174
1.244 3.567538 0.066078
1.245 3.568081 0.064982
1.246 3.568624 0.063885
1.247 3.569166 0.062789
1.248 3.569709 0.061693
1.249 3.570310 0.060654
1.250 3.570913 0.059618
1.251 3.571517 0.058582
1.252 3.572121 0.057546
1.253 3.572724 0.056510
1.254 3.573328 0.055474
1.255 3.573914 0.054380
1.256 3.574490 0.053253
1.257 3.575066 0.052125
1.258 3.575643 0.050998
1.259 3.576219 0.049870
1.260 3.576795 0.048742
1.261 3.577152 0.047559
1.262 3.576790 0.046191
1.263 3.576428 0.044822
1.264 3.576065 0.043454
1.265 3.575703 0.042086
1.266 3.575341 0.040718
1.267 3.574979 0.039350
1.268 3.574617 0.037982
1.269 3.574255 0.036614
1.270 3.573882 0.035243
1.271 3.573234 0.033812
1.272 3.572586 0.032381
1.273 3.571938 0.030950
1.274 3.571290 0.029519
1.275 3.570642 0.028088
1.276 3.569994 0.026657
1.277 3.569346 0.025226
1.278 3.568698 0.023794
1.279 3.568050 0.022363
1.280 3.567173 0.021398
1.281 3.566203 0.020625
1.282 3.565232 0.019852
1.283 3.564261 0.019079
1.284 3.563290 0.018306
1.285 3.562320 0.017533
1.286 3.561349 0.016760
1.287 3.560378 0.015987
1.288 3.559408 0.015215
1.289 3.558388 0.014473
1.290 3.557210 0.013830
1.291 3.556033 0.013187
1.292 3.554855 0.012544
1.293 3.553678 0.011901
1.294 3.552500 0.011258
1.295 3.551323 0.010615
1.296 3.550146 0.009972
1.297 3.548968 0.009329
1.298 3.547791 0.008686
1.299 3.546668 0.008218
1.300 3.545577 0.007854
1.301 3.544485 0.007490
1.302 3.543394 0.007126
1.303 3.542303 0.006762
1.304 3.541212 0.006399
1.305 3.540121 0.006035
1.306 3.539030 0.005671
1.307 3.537939 0.005307
1.308 3.536848 0.004943
1.309 3.535745 0.004734
1.310 3.534641 0.004548
1.311 3.533537 0.004362
1.312 3.532433 0.004176
1.313 3.531329 0.003990
1.314 3.530225 0.003804
1.315 3.529121 0.003617
1.316 3.528017 0.003431
1.317 3.526913 0.003245
1.318 3.525809 0.003059
1.319 3.524820 0.002930
1.320 3.523834 0.002803
1.321 3.522848 0.002676
1.322 3.521862 0.002549
1.323 3.520876 0.002422
1.324 3.519890 0.002295
1.325 3.518904 0.002168
1.326 3.517918 0.002041
1.327 3.516933 0.001914
1.328 3.515947 0.001787
1.329 3.515042 0.001744
1.330 3.514144 0.001708
1.331 3.513247 0.001672
1.332 3.512350 0.001636
1.333 3.511452 0.001600
1.334 3.510555 0.001564
1.335 3.509657 0.001528
1.336 3.508760 0.001492
1.337 3.507862 0.001455
1.338 3.506965 0.001419
1.339 3.506158 0.001374
1.340 3.505388 0.001325
1.341 3.504618 0.001275
1.342 3.503848 0.001226
1.343 3.503078 0.001177
1.344 3.502308 0.001128
1.345 3.501538 0.001078
1.346 3.500768 0.001029
1.347 3.499998 0.000980
1.348 3.499228 0.000931
1.349 3.498486 0.000892
1.350 3.497797 0.000876
1.351 3.497108 0.000859
1.352 3.496419 0.000842
1.353 3.495730 0.000825
1.354 3.495041 0.000808
1.355 3.494353 0.000791
1.356 3.493664 0.000774
1.357 3.492975 0.000757
1.358 3.492286 0.000740
1.359 3.491597 0.000723
1.360 3.490979 0.000717
1.361 3.490377 0.000714
1.362 3.489775 0.000710
1.363 3.489173 0.000706
1.364 3.488571 0.000702
1.365 3.487969 0.000698
1.366 3.487367 0.000695
1.367 3.486765 0.000691
1.368 3.486163 0.000687
1.369 3.485561 0.000683
1.370 3.484966 0.000678
1.371 3.484414 0.000660
1.372 3.483862 0.000641
1.373 3.483310 0.000623
1.374 3.482758 0.000605
1.375 3.482206 0.000587
1.376 3.481654 0.000569
1.377 3.481102 0.000551
1.378 3.480550 0.000532
1.379 3.479998 0.000514
1.380 3.479447 0.000496
1.381 3.478906 0.000479
1.382 3.478396 0.000466
1.383 3.477886 0.000453
1.384 3.477376 0.000441
1.385 3.476866 0.000428
1.386 3.476356 0.000415
1.387 3.475846 0.000402
1.388 3.475336 0.000389
1.389 3.474826 0.000376
1.390 3.474316 0.000364
1.391 3.473806 0.000351
1.392 3.473300 0.000338
1.393 3.472804 0.000325
1.394 3.472309 0.000313
1.395 3.471814 0.000300
1.396 3.471319 0.000288
1.397 3.470824 0.000275
1.398 3.470329 0.000262
1.399 3.469833 0.000250
1.400 3.469338 0.000237
1.401 3.468843 0.000225
1.402 3.468348 0.000212
1.403 3.467853 0.000199
1.404 3.467377 0.000187
1.405 3.466902 0.000175
1.406 3.466426 0.000162
1.407 3.465951 0.000150
1.408 3.465475 0.000138
1.409 3.465000 0.000125
1.410 3.464524 0.000113
1.411 3.464049 0.000101
1.412 3.463573 0.000088
1.413 3.463098 0.000076
1.414 3.462622 0.000064
1.415 3.462156 0.000056
1.416 3.461695 0.000051
1.417 3.461234 0.000046
1.418 3.460773 0.000041
1.419 3.460312 0.000035
1.420 3.459851 0.000030
1.421 3.459390 0.000025
1.422 3.458929 0.000020
1.423 3.458468 0.000015
1.424 3.458007 0.000010
1.425 3.457546 0.000005
1.426 3.457085 0.000000
1.427 3.456640 0.000000
1.428 3.456195 0.000000
1.429 3.455750 0.000000
1.430 3.455304 0.000000
1.431 3.454859 0.000000
1.432 3.454414 0.000000
1.433 3.453969 0.000000
1.434 3.453523 0.000000
1.435 3.453078 0.000000
1.436 3.452633 0.000000
1.437 3.452188 0.000000
1.438 3.451746 0.000000
1.439 3.451313 0.000000
1.440 3.450881 0.000000
1.441 3.450449 0.000000
1.442 3.450016 0.000000
1.443 3.449584 0.000000
1.444 3.449151 0.000000
1.445 3.448719 0.000000
1.446 3.448286 0.000000
1.447 3.447854 0.000000
1.448 3.447421 0.000000
1.449 3.446989 0.000000
1.450 3.446560 0.000000
1.451 3.446138 0.000000
1.452 3.445717 0.000000
1.453 3.445296 0.000000
1.454 3.444875 0.000000
1.455 3.444454 0.000000
1.456 3.444033 0.000000
1.457 3.443612 0.000000
1.458 3.443191 0.000000
1.459 3.442769 0.000000
1.460 3.442348 0.000000
1.461 3.441927 0.000000
1.462 3.441508 0.000000
1.463 3.441100 0.000000
1.464 3.440692 0.000000
1.465 3.440285 0.000000
1.466 3.439877 0.000000
1.467 3.439469 0.000000
1.468 3.439062 0.000000
1.469 3.438654 0.000000
1.470 3.438246 0.000000
1.471 3.437838 0.000000
1.472 3.437431 0.000000
1.473 3.437023 0.000000
1.474 3.436615 0.000000
1.475 3.436215 0.000000
1.476 3.435817 0.000000
1.477 3.435419 0.000000
1.478 3.435022 0.000000
1.479 3.434624 0.000000
1.480 3.434226 0.000000
1.481 3.433828 0.000000
1.482 3.433430 0.000000
1.483 3.433033 0.000000
1.484 3.432635 0.000000
1.485 3.432237 0.000000
1.486 3.431839 0.000000
1.487 3.431443 0.000000
1.488 3.431058 0.000000
1.489 3.430672 0.000000
1.490 3.430287 0.000000
1.491 3.429901 0.000000
1.492 3.429516 0.000000
1.493 3.429130 0.000000
1.494 3.428745 0.000000
1.495 3.428360 0.000000
1.496 3.427974 0.000000
1.497 3.427589 0.000000
1.498 3.427203 0.000000
1.499 3.426818 0.000000
1.500 3.426435 0.000000
1.501 3.426057 0.000000
1.502 3.425680 0.000000
1.503 3.425302 0.000000
1.504 3.424924 0.000000
1.505 3.424546 0.000000
1.506 3.424169 0.000000
1.507 3.423791 0.000000
1.508 3.423413 0.000000
1.509 3.423036 0.000000
1.510 3.422658 0.000000
1.511 3.422280 0.000000
1.512 3.421903 0.000000
1.513 3.421530 0.000000
1.514 3.421166 0.000000
1.515 3.420803 0.000000
1.516 3.420440 0.000000
1.517 3.420077 0.000000
1.518 3.419714 0.000000
1.519 3.419351 0.000000
1.520 3.418988 0.000000
1.521 3.418625 0.000000
1.522 3.418261 0.000000
1.523 3.417898 0.000000
1.524 3.417535 0.000000
1.525 3.417172 0.000000
1.526 3.416809 0.000000
1.527 3.416453 0.000000
1.528 3.416098 0.000000
1.529 3.415742 0.000000
1.530 3.415386 0.000000
1.531 3.415030 0.000000
1.532 3.414674 0.000000
1.533 3.414318 0.000000
1.534 3.413963 0.000000
1.535 3.413607 0.000000
1.536 3.413251 0.000000
1.537 3.412895 0.000000
1.538 3.412539 0.000000
1.539 3.412183 0.000000
1.540 3.411834 0.000000
1.541 3.411489 0.000000
1.542 3.411145 0.000000
1.543 3.410800 0.000000
1.544 3.410455 0.000000
1.545 3.410111 0.000000
1.546 3.409766 0.000000
1.547 3.409421 0.000000
1.548 3.409077 0.000000
1.549 3.408732 0.000000
1.550 3.408387 0.000000
1.551 3.408043 0.000000
1.552 3.407698 0.000000
1.553 3.407353 0.000000
1.554 3.407013 0.000000
1.555 3.406674 0.000000
1.556 3.406335 0.000000
1.557 3.405995 0.000000
1.558 3.405656 0.000000
1.559 3.405317 0.000000
1.560 3.404977 0.000000
1.561 3.404638 0.000000
1.562 3.404299 0.000000
1.563 3.403959 0.000000
1.564 3.403620 0.000000
1.565 3.403281 0.000000
1.566 3.402942 0.000000
1.567 3.402602 0.000000
1.568 3.402273 0.000000
1.569 3.401945 0.000000
1.570 3.401617 0.000000
1.571 3.401289 0.000000
1.572 3.400961 0.000000
1.573 3.400633 0.000000
1.574 3.400305 0.000000
1.575 3.399977 0.000000
1.576 3.399649 0.000000
1.577 3.399321 0.000000
1.578 3.398994 0.000000
1.579 3.398666 0.000000
1.580 3.398338 0.000000
1.581 3.398010 0.000000
1.582 3.397685 0.000000
1.583 3.397362 0.000000
1.584 3.397039 0.000000
1.585 3.396716 0.000000
1.586 3.396393 0.000000
1.587 3.396070 0.000000
1.588 3.395747 0.000000
1.589 3.395425 0.000000
1.590 3.395102 0.000000
1.591 3.394779 0.000000
1.592 3.394456 0.000000
1.593 3.394133 0.000000
1.594 3.393810 0.000000
1.595 3.393487 0.000000
1.596 3.393165 0.000000
1.597 3.392853 0.000000
1.598 3.392541 0.000000
1.599 3.392229 0.000000
1.600 3.391917 0.000000
1.601 3.391605 0.000000
1.602 3.391293 0.000000
1.603 3.390981 0.000000
1.604 3.390669 0.000000
1.605 3.390357 0.000000
1.606 3.390045 0.000000
1.607 3.389733 0.000000
1.608 3.389421 0.000000
1.609 3.389109 0.000000
1.610 3.388797 0.000000
1.611 3.388487 0.000000
1.612 3.388180 0.000000
1.613 3.387874 0.000000
1.614 3.387567 0.000000
1.615 3.387260 0.000000
1.616 3.386953 0.000000
1.617 3.386647 0.000000
1.618 3.386340 0.000000
1.619 3.386033 0.000000
1.620 3.385727 0.000000
1.621 3.385420 0.000000
1.622 3.385113 0.000000
1.623 3.384807 0.000000
1.624 3.384500 0.000000
1.625 3.384193 0.000000
1.626 3.383890 0.000000
1.627 3.383596 0.000000
1.628 3.383301 0.000000
1.629 3.383006 0.000000
1.630 3.382711 0.000000
1.631 3.382416 0.000000
1.632 3.382122 0.000000
1.633 3.381827 0.000000
1.634 3.381532 0.000000
1.635 3.381237 0.000000
1.636 3.380942 0.000000
1.637 3.380648 0.000000
1.638 3.380353 0.000000
1.639 3.380058 0.000000
1.640 3.379763 0.000000
1.641 3.379468 0.000000
1.642 3.379179 0.000000
1.643 3.378889 0.000000
1.644 3.378599 0.000000
1.645 3.378310 0.000000
1.646 3.378020 0.000000
1.647 3.377730 0.000000
1.648 3.377441 0.000000
1.649 3.377151 0.000000
1.650 3.376861 0.000000
1.651 3.376572 0.000000
1.652 3.376282 0.000000
1.653 3.375992 0.000000
1.654 3.375703 0.000000
1.655 3.375413 0.000000
1.656 3.375123 0.000000
1.657 3.374837 0.000000
1.658 3.374555 0.000000
1.659 3.374273 0.000000
1.660 3.373991 0.000000
1.661 3.373710 0.000000
1.662 3.373428 0.000000
1.663 3.373146 0.000000
1.664 3.372864 0.000000
1.665 3.372582 0.000000
1.666 3.372300 0.000000
1.667 3.372019 0.000000
1.668 3.371737 0.000000
1.669 3.371455 0.000000
1.670 3.371173 0.000000
1.671 3.370891 0.000000
1.672 3.370609 0.000000
1.673 3.370330 0.000000
1.674 3.370054 0.000000
1.675 3.369778 0.000000
1.676 3.369501 0.000000
1.677 3.369225 0.000000
1.678 3.368948 0.000000
1.679 3.368672 0.000000
1.680 3.368396 0.000000
1.681 3.368119 0.000000
1.682 3.367843 0.000000
1.683 3.367567 0.000000
1.684 3.367290 0.000000
1.685 3.367014 0.000000
1.686 3.366737 0.000000
1.687 3.366461 0.000000
1.688 3.366185 0.000000
1.689 3.365911 0.000000
1.690 3.365643 0.000000
1.691 3.365375 0.000000
1.692 3.365108 0.000000
1.693 3.364840 0.000000
1.694 3.364573 0.000000
1.695 3.364305 0.000000
1.696 3.364038 0.000000
1.697 3.363770 0.000000
1.698 3.363502 0.000000
1.699 3.363235 0.000000
1.700 3.362967 0.000000
1.701 3.362700 0.000000
1.702 3.362432 0.000000
1.703 3.362165 0.000000
1.704 3.361897 0.000000
1.705 3.361629 0.000000
1.706 3.361366 0.000000
1.707 3.361104 0.000000
1.708 3.360842 0.000000
1.709 3.360580 0.000000
1.710 3.360318 0.000000
1.711 3.360057 0.000000
1.712 3.359795 0.000000
1.713 3.359533 0.000000
1.714 3.359271 0.000000
1.715 3.359009 0.000000
1.716 3.358747 0.000000
1.717 3.358485 0.000000
1.718 3.358224 0.000000
1.719 3.357962 0.000000
1.720 3.357700 0.000000
1.721 3.357438 0.000000
1.722 3.357176 0.000000
1.723 3.356921 0.000000
1.724 3.356668 0.000000
1.725 3.356414 0.000000
1.726 3.356160 0.000000
1.727 3.355906 0.000000
1.728 3.355653 0.000000
1.729 3.355399 0.000000
1.730 3.355145 0.000000
1.731 3.354892 0.000000
1.732 3.354638 0.000000
1.733 3.354384 0.000000
1.734 3.354131 0.000000
1.735 3.353877 0.000000
1.736 3.353623 0.000000
1.737 3.353369 0.000000
1.738 3.353116 0.000000
1.739 3.352862 0.000000
1.740 3.352612 0.000000
1.741 3.352363 0.000000
1.742 3.352115 0.000000
1.743 3.351866 0.000000
1.744 3.351618 0.000000
1.745 3.351369 0.000000
1.746 3.351121 0.000000
1.747 3.350873 0.000000
1.748 3.350624 0.000000
1.749 3.350376 0.000000
1.750 3.350127 0.000000
1.751 3.349879 0.000000
1.752 3.349630 0.000000
1.753 3.349382 0.000000
1.754 3.349133 0.000000
1.755 3.348885 0.000000
1.756 3.348636 0.000000
1.757 3.348389 0.000000
1.758 3.348147 0.000000
1.759 3.347904 0.000000
1.760 3.347662 0.000000
1.761 3.347420 0.000000
1.762 3.347178 0.000000
1.763 3.346936 0.000000
1.764 3.346694 0.000000
1.765 3.346452 0.000000
1.766 3.346210 0.000000
1.767 3.345968 0.000000
1.768 3.345726 0.000000
1.769 3.345484 0.000000
1.770 3.345242 0.000000
1.771 3.345000 0.000000
1.772 3.344758 0.000000
1.773 3.344516 0.000000
1.774 3.344274 0.000000
1.775 3.344033 0.000000
1.776 3.343797 0.000000
1.777 3.343561 0.000000
1.778 3.343325 0.000000
1.779 3.343089 0.000000
1.780 3.342853 0.000000
1.781 3.342616 0.000000
1.782 3.342380 0.000000
1.783 3.342144 0.000000
1.784 3.341908 0.000000
1.785 3.341672 0.000000
1.786 3.341436 0.000000
1.787 3.341200 0.000000
1.788 3.340964 0.000000
1.789 3.340728 0.000000
1.790 3.340492 0.000000
1.791 3.340256 0.000000
1.792 3.340020 0.000000
1.793 3.339784 0.000000
1.794 3.339554 0.000000
1.795 3.339325 0.000000
1.796 3.339096 0.000000
1.797 3.338867 0.000000
1.798 3.338638 0.000000
1.799 3.338409 0.000000
1.800 3.338180 0.000000
1.801 3.337950 0.000000
1.802 3.337721 0.000000
1.803 3.337492 0.000000
1.804 3.337263 0.000000
1.805 3.337034 0.000000
1.806 3.336805 0.000000
1.807 3.336576 0.000000
1.808 3.336347 0.000000
1.809 3.336118 0.000000
1.810 3.335889 0.000000
1.811 3.335660 0.000000
1.812 3.335432 0.000000
1.813 3.335208 0.000000
1.814 3.334985 0.000000
1.815 3.334761 0.000000
1.816 3.334537 0.000000
1.817 3.334314 0.000000
1.818 3.334090 0.000000
1.819 3.333866 0.000000
1.820 3.333642 0.000000
1.821 3.333419 0.000000
1.822 3.333195 0.000000
1.823 3.332971 0.000000
1.824 3.332748 0.000000
1.825 3.332524 0.000000
1.826 3.332300 0.000000
1.827 3.332076 0.000000
1.828 3.331853 0.000000
1.829 3.331629 0.000000
1.830 3.331405 0.000000
1.831 3.331183 0.000000
1.832 3.330965 0.000000
1.833 3.330746 0.000000
1.834 3.330528 0.000000
1.835 3.330310 0.000000
1.836 3.330092 0.000000
1.837 3.329874 0.000000
1.838 3.329655 0.000000
1.839 3.329437 0.000000
1.840 3.329219 0.000000
1.841 3.329001 0.000000
1.842 3.328783 0.000000
1.843 3.328564 0.000000
1.844 3.328346 0.000000
1.845 3.328128 0.000000
1.846 3.327910 0.000000
1.847 3.327691 0.000000
1.848 3.327473 0.000000
1.849 3.327255 0.000000
1.850 3.327037 0.000000
1.851 3.326823 0.000000
1.852 3.326610 0.000000
1.853 3.326397 0.000000
1.854 3.326185 0.000000
1.855 3.325972 0.000000
1.856 3.325759 0.000000
1.857 3.325546 0.000000
1.858 3.325334 0.000000
1.859 3.325121 0.000000
1.860 3.324908 0.000000
1.861 3.324696 0.000000
1.862 3.324483 0.000000
1.863 3.324270 0.000000
1.864 3.324057 0.000000
1.865 3.323845 0.000000
1.866 3.323632 0.000000
1.867 3.323419 0.000000
1.868 3.323207 0.000000
1.869 3.322994 0.000000
1.870 3.322781 0.000000
1.871 3.322573 0.000000
1.872 3.322365 0.000000
1.873 3.322158 0.000000
1.874 3.321950 0.000000
1.875 3.321742 0.000000
1.876 3.321535 0.000000
1.877 3.321327 0.000000
1.878 3.321119 0.000000
1.879 3.320912 0.000000
1.880 3.320704 0.000000
1.881 3.320496 0.000000
1.882 3.320289 0.000000
1.883 3.320081 0.000000
1.884 3.319873 0.000000
1.885 3.319666 0.000000
1.886 3.319458 0.000000
1.887 3.319250 0.000000
1.888 3.319043 0.000000
1.889 3.318835 0.000000
1.890 3.318627 0.000000
1.891 3.318423 0.000000
1.892 3.318221 0.000000
1.893 3.318019 0.000000
1.894 3.317817 0.000000
1.895 3.317615 0.000000
1.896 3.317413 0.000000
1.897 3.317211 0.000000
1.898 3.317009 0.000000
1.899 3.316807 0.000000
1.900 3.316604 0.000000
1.901 3.316402 0.000000
1.902 3.316200 0.000000
1.903 3.315998 0.000000
1.904 3.315796 0.000000
1.905 3.315594 0.000000
1.906 3.315392 0.000000
1.907 3.315190 0.000000
1.908 3.314988 0.000000
1.909 3.314786 0.000000
1.910 3.314584 0.000000
1.911 3.314382 0.000000
1.912 3.314184 0.000000
1.913 3.313986 0.000000
1.914 3.313789 0.000000
1.915 3.313591 0.000000
1.916 3.313394 0.000000
1.917 3.313196 0.000000
1.918 3.312999 0.000000
1.919 3.312802 0.000000
1.920 3.312604 0.000000
1.921 3.312407 0.000000
1.922 3.312209 0.000000
1.923 3.312012 0.000000
1.924 3.311815 0.000000
1.925 3.311617 0.000000
1.926 3.311420 0.000000
1.927 3.311222 0.000000
1.928 3.311025 0.000000
1.929 3.310828 0.000000
1.930 3.310630 0.000000
1.931 3.310433 0.000000
1.932 3.310235 0.000000
1.933 3.310042 0.000000
1.934 3.309851 0.000000
1.935 3.309661 0.000000
1.936 3.309470 0.000000
1.937 3.309279 0.000000
1.938 3.309088 0.000000
1.939 3.308898 0.000000
1.940 3.308707 0.000000
1.941 3.308516 0.000000
1.942 3.308325 0.000000
1.943 3.308135 0.000000
1.944 3.307944 0.000000
1.945 3.307753 0.000000
1.946 3.307563 0.000000
1.947 3.307372 0.000000
1.948 3.307181 0.000000
1.949 3.306990 0.000000
1.950 3.306800 0.000000