0.251 2.457860 3.533534
0.252 2.540579 3.530109
0.253 2.619507 3.524420
0.254 2.696216 3.518716
0.255 2.773137 3.514181
0.256 2.853156 3.510519
0.257 2.939092 3.505812
0.258 3.032505 3.496745
0.259 3.133060 3.479728
0.260 3.238976 3.451640
0.261 3.347375 3.407813
0.262 3.453932 3.349372
0.263 3.554165 3.274735
0.264 3.644385 3.186525
0.265 3.721293 3.087183
0.266 3.780686 2.979910
0.267 3.823335 2.869994
0.268 3.850361 2.761263
0.269 3.864031 2.656319
0.270 3.866042 2.557062
0.271 3.858280 2.464986
0.272 3.843351 2.380459
0.273 3.822240 2.305338
0.274 3.797574 2.238268
0.275 3.770987 2.177807
0.276 3.743165 2.123659
0.277 3.714784 2.075047
0.278 3.686369 2.031517
0.279 3.658370 1.993318
0.280 3.630931 1.958886
0.281 3.604120 1.927650
0.282 3.578031 1.899479
0.283 3.552768 1.874213
0.284 3.528527 1.851844
0.285 3.505095 1.831559
0.286 3.482453 1.813158
0.287 3.460695 1.796666
0.288 3.440053 1.782298
0.289 3.420226 1.769338
0.290 3.401173 1.757632
0.291 3.382992 1.747238
0.292 3.365896 1.738320
0.293 3.349562 1.730382
0.294 3.333962 1.723334
0.295 3.319275 1.717273
0.296 3.305469 1.712114
0.297 3.292319 1.707594
0.298 3.279889 1.703734
0.299 3.268334 1.700575
0.300 3.257368 1.697886
0.301 3.247007 1.695674
0.302 3.237492 1.694088
0.303 3.228473 1.692824
0.304 3.219920 1.691850
0.305 3.212115 1.691298
0.306 3.204732 1.691001
0.307 3.197755 1.690953
0.308 3.191435 1.691307
0.309 3.185459 1.691838
0.310 3.179824 1.692545
0.311 3.174750 1.693581
0.312 3.169962 1.694756
0.313 3.165480 1.696076
0.314 3.161419 1.697652
0.315 3.157614 1.699391
0.316 3.154146 1.701340
0.317 3.150989 1.703472
0.318 3.148023 1.705721
0.319 3.145457 1.708252
0.320 3.143089 1.710912
0.321 3.140936 1.713708
0.322 3.139124 1.716761
0.323 3.137466 1.719931
0.324 3.136195 1.723436
0.325 3.135102 1.727056
0.326 3.134214 1.730809
0.327 3.133668 1.734861
0.328 3.133314 1.739072
0.329 3.133279 1.743508
0.330 3.133404 1.748057
0.331 3.133889 1.752868
0.332 3.134595 1.757847
0.333 3.135571 1.763025
0.334 3.136876 1.768429
0.335 3.138401 1.773980
0.336 3.140301 1.779777
0.337 3.142382 1.785686
0.338 3.144901 1.791880
0.339 3.147614 1.798184
0.340 3.150753 1.804730
0.341 3.154135 1.811395
0.342 3.157883 1.818245
0.343 3.161938 1.825250
0.344 3.166332 1.832428
0.345 3.171086 1.839765
0.346 3.176160 1.847239
0.347 3.181638 1.854896
0.348 3.187414 1.862681
0.349 3.193661 1.870680
0.350 3.200162 1.878782
0.351 3.207200 1.887077
0.352 3.214461 1.895441
0.353 3.222234 1.904022
0.354 3.230269 1.912706
0.355 3.238837 1.921659
0.356 3.247667 1.930731
0.357 3.257054 1.940079
0.358 3.266731 1.949574
0.359 3.276929 1.959444
0.360 3.287528 1.969606
0.361 3.298692 1.980219
0.362 3.310389 1.991255
0.363 3.322744 2.002792
0.364 3.335939 2.014954
0.365 3.349944 2.027605
0.366 3.365510 2.041194
0.367 3.382074 2.055083
0.368 3.401192 2.069734
0.369 3.421311 2.084397
0.370 3.444972 2.098958
0.371 3.469655 2.113302
0.372 3.498189 2.126006
0.373 3.528229 2.137790
0.374 3.560398 2.147350
0.375 3.594422 2.154807
0.376 3.629232 2.160295
0.377 3.665394 2.162175
0.378 3.701616 2.162522
0.379 3.737798 2.159923
0.380 3.773815 2.156028
0.381 3.809221 2.149883
0.382 3.844269 2.142591
0.383 3.879154 2.134308
0.384 3.913923 2.125129
0.385 3.948960 2.114847
0.386 3.984580 2.103347
0.387 4.020690 2.090816
0.388 4.057655 2.076215
0.389 4.095385 2.059763
0.390 4.133481 2.040726
0.391 4.171891 2.018692
0.392 4.210147 1.993510
0.393 4.247465 1.965203
0.394 4.283696 1.933190
0.395 4.317818 1.898430
0.396 4.349015 1.860064
0.397 4.377293 1.819156
0.398 4.402707 1.776825
0.399 4.424054 1.732317
0.400 4.442345 1.687341
0.401 4.455742 1.641800
0.402 4.465679 1.596251
0.403 4.473648 1.551335
0.404 4.476013 1.507873
0.405 4.477789 1.464818
0.406 4.475049 1.424933
0.407 4.470887 1.386086
0.408 4.465733 1.348532
0.409 4.457943 1.314403
0.410 4.449592 1.281193
0.411 4.440675 1.249498
0.412 4.430531 1.220735
0.413 4.420392 1.192119
0.414 4.409627 1.166344
0.415 4.398685 1.141464
0.416 4.387716 1.117194
0.417 4.376630 1.095040
0.418 4.365530 1.073559
0.419 4.354460 1.052687
0.420 4.343392 1.033465
0.421 4.332352 1.014686
0.422 4.321387 0.996472
0.423 4.310546 0.979600
0.424 4.299758 0.963031
0.425 4.289055 0.946969
0.426 4.278507 0.932079
0.427 4.268011 0.917374
0.428 4.257638 0.903156
0.429 4.247481 0.889914
0.430 4.237378 0.876806
0.431 4.227417 0.864156
0.432 4.217687 0.852299
0.433 4.208012 0.840564
0.434 4.198483 0.829216
0.435 4.189196 0.818559
0.436 4.179964 0.808008
0.437 4.170876 0.797765
0.438 4.162045 0.788118
0.439 4.153276 0.778574
0.440 4.144640 0.769281
0.441 4.136250 0.760483
0.442 4.127928 0.751794
0.443 4.119731 0.743306
0.444 4.111779 0.735232
0.445 4.103906 0.727281
0.446 4.096120 0.719448
0.447 4.088586 0.712013
0.448 4.081145 0.704713
0.449 4.073740 0.697451
0.450 4.066586 0.690548
0.451 4.059536 0.683784
0.452 4.052539 0.677082
0.453 4.045674 0.670546
0.454 4.038999 0.664258
0.455 4.032362 0.658005
0.456 4.025812 0.651865
0.457 4.019429 0.645948
0.458 4.013113 0.640115
0.459 4.006824 0.634311
0.460 4.000701 0.628743
0.461 3.994653 0.623274
0.462 3.988641 0.617843
0.463 3.982721 0.612515
0.464 3.976943 0.607349
0.465 3.971208 0.602225
0.466 3.965508 0.597139
0.467 3.959965 0.592255
0.468 3.954483 0.587443
0.469 3.949025 0.582659
0.470 3.943632 0.577963
0.471 3.938337 0.573405
0.472 3.933076 0.568890
0.473 3.927839 0.564402
0.474 3.922712 0.560066
0.475 3.917648 0.555812
0.476 3.912600 0.551573
0.477 3.907601 0.547400
0.478 3.902702 0.543357
0.479 3.897851 0.539377
0.480 3.893017 0.535414
0.481 3.888247 0.531530
0.482 3.883560 0.527751
0.483 3.878901 0.524005
0.484 3.874264 0.520283
0.485 3.869717 0.516671
0.486 3.865234 0.513139
0.487 3.860762 0.509617
0.488 3.856322 0.506130
0.489 3.851981 0.502766
0.490 3.847687 0.499458
0.491 3.843401 0.496154
0.492 3.839145 0.492893
0.493 3.834969 0.489747
0.494 3.830826 0.486649
0.495 3.826688 0.483551
0.496 3.822589 0.480497
0.497 3.818581 0.477549
0.498 3.814617 0.474647
0.499 3.810652 0.471743
0.500 3.806726 0.468879
0.501 3.802888 0.466109
0.502 3.799093 0.463382
0.503 3.795294 0.460652
0.504 3.791524 0.457958
0.505 3.787829 0.455362
0.506 3.784164 0.452805
0.507 3.780498 0.450248
0.508 3.776872 0.447722
0.509 3.773341 0.445272
0.510 3.769857 0.442861
0.511 3.766383 0.440455
0.512 3.762929 0.438073
0.513 3.759527 0.435756
0.514 3.756168 0.433489
0.515 3.752822 0.431238
0.516 3.749489 0.429001
0.517 3.746192 0.426806
0.518 3.742942 0.424668
0.519 3.739717 0.422558
0.520 3.736494 0.420448
0.521 3.733311 0.418367
0.522 3.730226 0.416354
0.523 3.727175 0.414366
0.524 3.724127 0.412379
0.525 3.721099 0.410413
0.526 3.718115 0.408493
0.527 3.715170 0.406614
0.528 3.712238 0.404749
0.529 3.709313 0.402889
0.530 3.706421 0.401056
0.531 3.703599 0.399280
0.532 3.700805 0.397529
0.533 3.698015 0.395780
0.534 3.695247 0.394045
0.535 3.692526 0.392346
0.536 3.689851 0.390681
0.537 3.687197 0.389030
0.538 3.684541 0.387378
0.539 3.681916 0.385755
0.540 3.679337 0.384175
0.541 3.676781 0.382618
0.542 3.674233 0.381068
0.543 3.671694 0.379525
0.544 3.669187 0.378002
0.545 3.666741 0.376521
0.546 3.664319 0.375057
0.547 3.661903 0.373596
0.548 3.659502 0.372144
0.549 3.657135 0.370714
0.550 3.654817 0.369315
0.551 3.652527 0.367934
0.552 3.650237 0.366554
0.553 3.647962 0.365185
0.554 3.645714 0.363839
0.555 3.643502 0.362523
0.556 3.641308 0.361221
0.557 3.639115 0.359920
0.558 3.636942 0.358630
0.559 3.634803 0.357359
0.560 3.632708 0.356115
0.561 3.630635 0.354883
0.562 3.628563 0.353652
0.563 3.626504 0.352430
0.564 3.624469 0.351224
0.565 3.622469 0.350044
0.566 3.620485 0.348875
0.567 3.618504 0.347707
0.568 3.616535 0.346545
0.569 3.614592 0.345396
0.570 3.612703 0.344277
0.571 3.610829 0.343165
0.572 3.608961 0.342056
0.573 3.607094 0.340948
0.574 3.605257 0.339857
0.575 3.603450 0.338786
0.576 3.601660 0.337727
0.577 3.599878 0.336672
0.578 3.598096 0.335616
0.579 3.596342 0.334572
0.580 3.594617 0.333542
0.581 3.592927 0.332528
0.582 3.591254 0.331521
0.583 3.589583 0.330514
0.584 3.587917 0.329511
0.585 3.586275 0.328521
0.586 3.584664 0.327552
0.587 3.583066 0.326590
0.588 3.581475 0.325633
0.589 3.579884 0.324674
0.590 3.578313 0.323726
0.591 3.576761 0.322787
0.592 3.575237 0.321862
0.593 3.573723 0.320943
0.594 3.572211 0.320023
0.595 3.570699 0.319104
0.596 3.569224 0.318199
0.597 3.567777 0.317304
0.598 3.566353 0.316419
0.599 3.564942 0.315539
0.600 3.563532 0.314658
0.601 3.562127 0.313779
0.602 3.560745 0.312912
0.603 3.559388 0.312057
0.604 3.558044 0.311208
0.605 3.556708 0.310363
0.606 3.555373 0.309517
0.607 3.554046 0.308675
0.608 3.552737 0.307842
0.609 3.551456 0.307021
0.610 3.550184 0.306205
0.611 3.548921 0.305392
0.612 3.547658 0.304578
0.613 3.546402 0.303768
0.614 3.545167 0.302966
0.615 3.543955 0.302175
0.616 3.542754 0.301388
0.617 3.541561 0.300604
0.618 3.540368 0.299820
0.619 3.539177 0.299037
0.620 3.538012 0.298264
0.621 3.536866 0.297498
0.622 3.535733 0.296738
0.623 3.534608 0.295981
0.624 3.533483 0.295223
0.625 3.532357 0.294465
0.626 3.531256 0.293717
0.627 3.530168 0.292973
0.628 3.529103 0.292237
0.629 3.528042 0.291503
0.630 3.526983 0.290770
0.631 3.525925 0.290037
0.632 3.524881 0.289308
0.633 3.523851 0.288584
0.634 3.522844 0.287868
0.635 3.521844 0.287155
0.636 3.520850 0.286444
0.637 3.519855 0.285732
0.638 3.518860 0.285020
0.639 3.517894 0.284316
0.640 3.516936 0.283616
0.641 3.515998 0.282922
0.642 3.515064 0.282229
0.643 3.514132 0.281537
0.644 3.513201 0.280844
0.645 3.512276 0.280155
0.646 3.511363 0.279472
0.647 3.510460 0.278794
0.648 3.509563 0.278121
0.649 3.508671 0.277449
0.650 3.507780 0.276777
0.651 3.506890 0.276105
0.652 3.506017 0.275437
0.653 3.505162 0.274772
0.654 3.504334 0.274113
0.655 3.503514 0.273455
0.656 3.502702 0.272799
0.657 3.501890 0.272143
0.658 3.501079 0.271486
0.659 3.500282 0.270833
0.660 3.499498 0.270184
0.661 3.498732 0.269539
0.662 3.497971 0.268897
0.663 3.497217 0.268255
0.664 3.496462 0.267613
0.665 3.495709 0.266972
0.666 3.494962 0.266333
0.667 3.494224 0.265699
0.668 3.493496 0.265070
0.669 3.492774 0.264443
0.670 3.492054 0.263818
0.671 3.491336 0.263192
0.672 3.490617 0.262566
0.673 3.489904 0.261942
0.674 3.489212 0.261323
0.675 3.488527 0.260705
0.676 3.487857 0.260092
0.677 3.487190 0.259479
0.678 3.486525 0.258866
0.679 3.485860 0.258253
0.680 3.485194 0.257640
0.681 3.484550 0.257030
0.682 3.483912 0.256422
0.683 3.483292 0.255817
0.684 3.482675 0.255213
0.685 3.482062 0.254609
0.686 3.481449 0.254005
0.687 3.480836 0.253401
0.688 3.480227 0.252798
0.689 3.479630 0.252200
0.690 3.479037 0.251604
0.691 3.478453 0.251012
0.692 3.477870 0.250420
0.693 3.477289 0.249828
0.694 3.476708 0.249236
0.695 3.476127 0.248644
0.696 3.475558 0.248055
0.697 3.475003 0.247468
0.698 3.474457 0.246883
0.699 3.473921 0.246300
0.700 3.473388 0.245717
0.701 3.472855 0.245135
0.702 3.472323 0.244552
0.703 3.471791 0.243969
0.704 3.471278 0.243387
0.705 3.470781 0.242807
0.706 3.470298 0.242228
0.707 3.469826 0.241650
0.708 3.469357 0.241072
0.709 3.468890 0.240494
0.710 3.468423 0.239916
0.711 3.467956 0.239338
0.712 3.467495 0.238761
0.713 3.467043 0.238186
0.714 3.466595 0.237612
0.715 3.466154 0.237039
0.716 3.465713 0.236466
0.717 3.465274 0.235894
0.718 3.464834 0.235321
0.719 3.464395 0.234748
0.720 3.463958 0.234176
0.721 3.463534 0.233608
0.722 3.463110 0.233040
0.723 3.462696 0.232474
0.724 3.462282 0.231909
0.725 3.461869 0.231344
0.726 3.461457 0.230779
0.727 3.461044 0.230214
0.728 3.460632 0.229648
0.729 3.460242 0.229083
0.730 3.459864 0.228519
0.731 3.459497 0.227954
0.732 3.459140 0.227390
0.733 3.458785 0.226825
0.734 3.458431 0.226260
0.735 3.458078 0.225696
0.736 3.457725 0.225131
0.737 3.457372 0.224566
0.738 3.457042 0.224003
0.739 3.456712 0.223439
0.740 3.456394 0.222877
0.741 3.456079 0.222314
0.742 3.455766 0.221752
0.743 3.455453 0.221189
0.744 3.455140 0.220627
0.745 3.454828 0.220064
0.746 3.454517 0.219501
0.747 3.454218 0.218941
0.748 3.453919 0.218381
0.749 3.453627 0.217822
0.750 3.453336 0.217263
0.751 3.453046 0.216704
0.752 3.452757 0.216145
0.753 3.452468 0.215586
0.754 3.452178 0.215027
0.755 3.451889 0.214467
0.756 3.451640 0.213906
0.757 3.451392 0.213345
0.758 3.451160 0.212784
0.759 3.450936 0.212221
0.760 3.450713 0.211659
0.761 3.450493 0.211096
0.762 3.450272 0.210534
0.763 3.450052 0.209971
0.764 3.449831 0.209409
0.765 3.449618 0.208846
0.766 3.449410 0.208284
0.767 3.449204 0.207721
0.768 3.449002 0.207159
0.769 3.448801 0.206596
0.770 3.448601 0.206034
0.771 3.448401 0.205471
0.772 3.448201 0.204909
0.773 3.448000 0.204346
0.774 3.447802 0.203784
0.775 3.447642 0.203219
0.776 3.447482 0.202654
0.777 3.447335 0.202089
0.778 3.447196 0.201523
0.779 3.447057 0.200958
0.780 3.446921 0.200392
0.781 3.446785 0.199826
0.782 3.446649 0.199260
0.783 3.446514 0.198694
0.784 3.446386 0.198126
0.785 3.446288 0.197553
0.786 3.446190 0.196980
0.787 3.446106 0.196405
0.788 3.446028 0.195828
0.789 3.445951 0.195251
0.790 3.445875 0.194674
0.791 3.445799 0.194097
0.792 3.445724 0.193520
0.793 3.445649 0.192943
0.794 3.445583 0.192363
0.795 3.445561 0.191769
0.796 3.445540 0.191174
0.797 3.445535 0.190575
0.798 3.445542 0.189972
0.799 3.445548 0.189369
0.800 3.445557 0.188766
0.801 3.445566 0.188162
0.802 3.445576 0.187558
0.803 3.445585 0.186955
0.804 3.445595 0.186351
0.805 3.445661 0.185711
0.806 3.445741 0.185063
0.807 3.445827 0.184411
0.808 3.445939 0.183742
0.809 3.446051 0.183073
0.810 3.446165 0.182404
0.811 3.446280 0.181733
0.812 3.446396 0.181063
0.813 3.446512 0.180391
0.814 3.446628 0.179720
0.815 3.446754 0.179030
0.816 3.446916 0.178270
0.817 3.447079 0.177510
0.818 3.447252 0.176729
0.819 3.447436 0.175928
0.820 3.447620 0.175127
0.821 3.447806 0.174323
0.822 3.447992 0.173519
0.823 3.448178 0.172715
0.824 3.448365 0.171911
0.825 3.448552 0.171108
0.826 3.448741 0.170259
0.827 3.448935 0.169313
0.828 3.449129 0.168366
0.829 3.449325 0.167388
0.830 3.449523 0.166382
0.831 3.449720 0.165376
0.832 3.449919 0.164367
0.833 3.450117 0.163357
0.834 3.450316 0.162347
0.835 3.450515 0.161336
0.836 3.450713 0.160324
0.837 3.450903 0.159293
0.838 3.451030 0.158132
0.839 3.451158 0.156972
0.840 3.451277 0.155793
0.841 3.451376 0.154569
0.842 3.451475 0.153345
0.843 3.451573 0.152119
0.844 3.451671 0.150891
0.845 3.451769 0.149663
0.846 3.451867 0.148435
0.847 3.451967 0.147207
0.848 3.452066 0.145980
0.849 3.452045 0.144701
0.850 3.451955 0.143394
0.851 3.451866 0.142087
0.852 3.451726 0.140758
0.853 3.451565 0.139420
0.854 3.451404 0.138082
0.855 3.451242 0.136743
0.856 3.451078 0.135403
0.857 3.450915 0.134062
0.858 3.450753 0.132722
0.859 3.450591 0.131382
0.860 3.450429 0.130041
0.861 3.450109 0.128746
0.862 3.449754 0.127460
0.863 3.449398 0.126174
0.864 3.448986 0.124903
0.865 3.448562 0.123637
0.866 3.448137 0.122370
0.867 3.447710 0.121103
0.868 3.447283 0.119836
0.869 3.446856 0.118569
0.870 3.446430 0.117301
0.871 3.446005 0.116033
0.872 3.445579 0.114765
0.873 3.445100 0.113615
0.874 3.444594 0.112520
0.875 3.444089 0.111426
0.876 3.443568 0.110366
0.877 3.443035 0.109331
0.878 3.442503 0.108295
0.879 3.441970 0.107261
0.880 3.441437 0.106227
0.881 3.440905 0.105193
0.882 3.440372 0.104158
0.883 3.439840 0.103123
0.884 3.439308 0.102089
0.885 3.438794 0.101091
0.886 3.438364 0.100264
0.887 3.437934 0.099436
0.888 3.437503 0.098609
0.889 3.437107 0.097850
0.890 3.436710 0.097090
0.891 3.436314 0.096331
0.892 3.435918 0.095572
0.893 3.435523 0.094814
0.894 3.435128 0.094056
0.895 3.434733 0.093298
0.896 3.434338 0.092539
0.897 3.433943 0.091780
0.898 3.433712 0.091019
0.899 3.433828 0.090250
0.900 3.433944 0.089482
0.901 3.434068 0.088714
0.902 3.434343 0.087943
0.903 3.434618 0.087172
0.904 3.434893 0.086401
0.905 3.435170 0.085631
0.906 3.435449 0.084860
0.907 3.435727 0.084090
0.908 3.436006 0.083318
0.909 3.436285 0.082545
0.910 3.436565 0.081771
0.911 3.436861 0.080891
0.912 3.437344 0.078828
0.913 3.437826 0.076764
0.914 3.438309 0.074701
0.915 3.438838 0.072367
0.916 3.439386 0.069923
0.917 3.439934 0.067480
0.918 3.440484 0.065036
0.919 3.441038 0.062592
0.920 3.441592 0.060148
0.921 3.442146 0.057704
0.922 3.442705 0.055262
0.923 3.443265 0.052821
0.924 3.443825 0.050379
0.925 3.443300 0.047809
0.926 3.441442 0.045080
0.927 3.439584 0.042351
0.928 3.437726 0.039623
0.929 3.435868 0.036894
0.930 3.434010 0.034165
0.931 3.432152 0.031436
0.932 3.430224 0.028724
0.933 3.428078 0.026066
0.934 3.425931 0.023408
0.935 3.423784 0.020750
0.936 3.421637 0.018092
0.937 3.419490 0.015434
0.938 3.417343 0.012775
0.939 3.415197 0.010117
0.940 3.412830 0.009248
0.941 3.410445 0.008528
0.942 3.408060 0.007808
0.943 3.405675 0.007089
0.944 3.403290 0.006369
0.945 3.400905 0.005649
0.946 3.398520 0.004930
0.947 3.396168 0.004331
0.948 3.393853 0.003861
0.949 3.391537 0.003390
0.950 3.389221 0.002920
0.951 3.386905 0.002449
0.952 3.384589 0.001979
0.953 3.382273 0.001508
0.954 3.379957 0.001038
0.955 3.378339 0.000942
0.956 3.376770 0.000874
0.957 3.375201 0.000806
0.958 3.373632 0.000737
0.959 3.372063 0.000669
0.960 3.370495 0.000601
0.961 3.368926 0.000533
0.962 3.367389 0.000474
0.963 3.365946 0.000446
0.964 3.364502 0.000417
0.965 3.363059 0.000388
0.966 3.361615 0.000359
0.967 3.360172 0.000330
0.968 3.358728 0.000301
0.969 3.357285 0.000272
0.970 3.355972 0.000251
0.971 3.354817 0.000240
0.972 3.353661 0.000229
0.973 3.352505 0.000217
0.974 3.351349 0.000206
0.975 3.350193 0.000195
0.976 3.349037 0.000184
0.977 3.347881 0.000172
0.978 3.346759 0.000162
0.979 3.345667 0.000154
0.980 3.344575 0.000145
0.981 3.343483 0.000136
0.982 3.342392 0.000127
0.983 3.341300 0.000119
0.984 3.340208 0.000110
0.985 3.339116 0.000101
0.986 3.338094 0.000094
0.987 3.337151 0.000090
0.988 3.336207 0.000086
0.989 3.335264 0.000081
0.990 3.334320 0.000077
0.991 3.333377 0.000072
0.992 3.332433 0.000068
0.993 3.331490 0.000064
0.994 3.330560 0.000060
0.995 3.329665 0.000056
0.996 3.328769 0.000053
0.997 3.327874 0.000049
0.998 3.326979 0.000046
0.999 3.326084 0.000043
1.000 3.325189 0.000039
1.001 3.324293 0.000036
1.002 3.323398 0.000032
1.003 3.322599 0.000031
1.004 3.321805 0.000029
1.005 3.321011 0.000028
1.006 3.320217 0.000026
1.007 3.319423 0.000025
1.008 3.318629 0.000023
1.009 3.317836 0.000021
1.010 3.317042 0.000020
1.011 3.316265 0.000019
1.012 3.315506 0.000017
1.013 3.314747 0.000016
1.014 3.313989 0.000015
1.015 3.313230 0.000014
1.016 3.312471 0.000013
1.017 3.311713 0.000012
1.018 3.310954 0.000011
1.019 3.310195 0.000009
1.020 3.309490 0.000009
1.021 3.308792 0.000008
1.022 3.308095 0.000008
1.023 3.307398 0.000007
1.024 3.306700 0.000007
1.025 3.306003 0.000007
1.026 3.305306 0.000006
1.027 3.304609 0.000006
1.028 3.303915 0.000005
1.029 3.303250 0.000005
1.030 3.302586 0.000004
1.031 3.301922 0.000004
1.032 3.301258 0.000004
1.033 3.300594 0.000004
1.034 3.299930 0.000003
1.035 3.299266 0.000003
1.036 3.298602 0.000003
1.037 3.297947 0.000002
1.038 3.297332 0.000002
1.039 3.296716 0.000002
1.040 3.296101 0.000002
1.041 3.295486 0.000002
1.042 3.294871 0.000002
1.043 3.294255 0.000002
1.044 3.293640 0.000001
1.045 3.293025 0.000001
1.046 3.292413 0.000001
1.047 3.291831 0.000001
1.048 3.291248 0.000001
1.049 3.290665 0.000001
1.050 3.290082 0.000001
1.051 3.289500 0.000001
1.052 3.288917 0.000001
1.053 3.288334 0.000001
1.054 3.287751 0.000001
1.055 3.287168 0.000001
1.056 3.286618 0.000000
1.057 3.286072 0.000000
1.058 3.285525 0.000000
1.059 3.284979 0.000000
1.060 3.284433 0.000000
1.061 3.283887 0.000000
1.062 3.283341 0.000000
1.063 3.282794 0.000000
1.064 3.282248 0.000000
1.065 3.281715 0.000000
1.066 3.281196 0.000000
1.067 3.280676 0.000000
1.068 3.280157 0.000000
1.069 3.279638 0.000000
1.070 3.279119 0.000000
1.071 3.278599 0.000000
1.072 3.278080 0.000000
1.073 3.277561 0.000000
1.074 3.277042 0.000000
1.075 3.276543 0.000000
1.076 3.276046 0.000000
1.077 3.275550 0.000000
1.078 3.275053 0.000000
1.079 3.274556 0.000000
1.080 3.274060 0.000000
1.081 3.273563 0.000000
1.082 3.273066 0.000000
1.083 3.272570 0.000000
1.084 3.272078 0.000000
1.085 3.271611 0.000000
1.086 3.271143 0.000000
1.087 3.270676 0.000000
1.088 3.270208 0.000000
1.089 3.269741 0.000000
1.090 3.269273 0.000000
1.091 3.268806 0.000000
1.092 3.268339 0.000000
1.093 3.267871 0.000000
1.094 3.267408 0.000000
1.095 3.266959 0.000000
1.096 3.266510 0.000000
1.097 3.266060 0.000000
1.098 3.265611 0.000000
1.099 3.265162 0.000000
1.100 3.264712 0.000000
1.101 3.264263 0.000000
1.102 3.263813 0.000000
1.103 3.263364 0.000000
1.104 3.262919 0.000000
1.105 3.262496 0.000000
1.106 3.262072 0.000000
1.107 3.261649 0.000000
1.108 3.261225 0.000000
1.109 3.260802 0.000000
1.110 3.260379 0.000000
1.111 3.259955 0.000000
1.112 3.259532 0.000000
1.113 3.259108 0.000000
1.114 3.258685 0.000000
1.115 3.258272 0.000000
1.116 3.257860 0.000000
1.117 3.257448 0.000000
1.118 3.257036 0.000000
1.119 3.256624 0.000000
1.120 3.256212 0.000000
1.121 3.255800 0.000000
1.122 3.255388 0.000000
1.123 3.254977 0.000000
1.124 3.254565 0.000000
1.125 3.254166 0.000000
1.126 3.253787 0.000000
1.127 3.253408 0.000000
1.128 3.253029 0.000000
1.129 3.252651 0.000000
1.130 3.252272 0.000000
1.131 3.251893 0.000000
1.132 3.251514 0.000000
1.133 3.251135 0.000000
1.134 3.250756 0.000000
1.135 3.250377 0.000000
1.136 3.250006 0.000000
1.137 3.249637 0.000000
1.138 3.249269 0.000000
1.139 3.248900 0.000000
1.140 3.248531 0.000000
1.141 3.248163 0.000000
1.142 3.247794 0.000000
1.143 3.247425 0.000000
1.144 3.247057 0.000000
1.145 3.246688 0.000000
1.146 3.246320 0.000000
1.147 3.245970 0.000000
1.148 3.245624 0.000000
1.149 3.245277 0.000000
1.150 3.244931 0.000000
1.151 3.244585 0.000000
1.152 3.244239 0.000000
1.153 3.243893 0.000000
1.154 3.243547 0.000000
1.155 3.243201 0.000000
1.156 3.242855 0.000000
1.157 3.242508 0.000000
1.158 3.242165 0.000000
1.159 3.241824 0.000000
1.160 3.241482 0.000000
1.161 3.241140 0.000000
1.162 3.240798 0.000000
1.163 3.240456 0.000000
1.164 3.240114 0.000000
1.165 3.239773 0.000000
1.166 3.239431 0.000000
1.167 3.239089 0.000000
1.168 3.238747 0.000000
1.169 3.238415 0.000000
1.170 3.238097 0.000001
1.171 3.237778 0.000001
1.172 3.237460 0.000001
1.173 3.237141 0.000001
1.174 3.236823 0.000001
1.175 3.236504 0.000001
1.176 3.236186 0.000001
1.177 3.235867 0.000001
1.178 3.235549 0.000001
1.179 3.235230 0.000001
1.180 3.234912 0.000001
1.181 3.234596 0.000001
1.182 3.234281 0.000001
1.183 3.233966 0.000001
1.184 3.233651 0.000001
1.185 3.233336 0.000001
1.186 3.233021 0.000001
1.187 3.232705 0.000001
1.188 3.232390 0.000001
1.189 3.232075 0.000001
1.190 3.231760 0.000001
1.191 3.231445 0.000001
1.192 3.231132 0.000001
1.193 3.230839 0.000001
1.194 3.230546 0.000001
1.195 3.230253 0.000001
1.196 3.229959 0.000001
1.197 3.229666 0.000001
1.198 3.229373 0.000001
1.199 3.229080 0.000001
1.200 3.228787 0.000001
1.201 3.228493 0.000001
1.202 3.228200 0.000001
1.203 3.227907 0.000001
1.204 3.227614 0.000001
1.205 3.227326 0.000001
1.206 3.227037 0.000001
1.207 3.226749 0.000001
1.208 3.226460 0.000001
1.209 3.226171 0.000001
1.210 3.225883 0.000001
1.211 3.225594 0.000001
1.212 3.225306 0.000001
1.213 3.225017 0.000001
1.214 3.224729 0.000001
1.215 3.224440 0.000001
1.216 3.224151 0.000001
1.217 3.223885 0.000001
1.218 3.223621 0.000001
1.219 3.223358 0.000001
1.220 3.223094 0.000001
1.221 3.222831 0.000001
1.222 3.222568 0.000001
1.223 3.222304 0.000001
1.224 3.222041 0.000001
1.225 3.221777 0.000001
1.226 3.221514 0.000001
1.227 3.221250 0.000001
1.228 3.220987 0.000001
1.229 3.220725 0.000001
1.230 3.220466 0.000001
1.231 3.220207 0.000001
1.232 3.219947 0.000001
1.233 3.219688 0.000001
1.234 3.219429 0.000001
1.235 3.219170 0.000001
1.236 3.218911 0.000001
1.237 3.218651 0.000001
1.238 3.218392 0.000001
1.239 3.218133 0.000001
1.240 3.217874 0.000001
1.241 3.217614 0.000001
1.242 3.217363 0.000001
1.243 3.217116 0.000001
1.244 3.216870 0.000001
1.245 3.216623 0.000001
1.246 3.216377 0.000001
1.247 3.216130 0.000001
1.248 3.215884 0.000001
1.249 3.215637 0.000001
1.250 3.215391 0.000001
1.251 3.215144 0.000001
1.252 3.214898 0.000001
1.253 3.214651 0.000001
1.254 3.214405 0.000001
1.255 3.214162 0.000001
1.256 3.213920 0.000001
1.257 3.213679 0.000001
1.258 3.213438 0.000001
1.259 3.213197 0.000001
1.260 3.212956 0.000001
1.261 3.212715 0.000001
1.262 3.212474 0.000001
1.263 3.212233 0.000001
1.264 3.211991 0.000001
1.265 3.211750 0.000001
1.266 3.211509 0.000001
1.267 3.211268 0.000001
1.268 3.211031 0.000001
1.269 3.210806 0.000001
1.270 3.210581 0.000001
1.271 3.210355 0.000001
1.272 3.210130 0.000001
1.273 3.209905 0.000001
1.274 3.209680 0.000001
1.275 3.209454 0.000001
1.276 3.209229 0.000001
1.277 3.209004 0.000001
1.278 3.208779 0.000001
1.279 3.208553 0.000001
1.280 3.208328 0.000001
1.281 3.208103 0.000001
1.282 3.207882 0.000001
1.283 3.207663 0.000001
1.284 3.207444 0.000001
1.285 3.207225 0.000001
1.286 3.207006 0.000001
1.287 3.206787 0.000001
1.288 3.206568 0.000001
1.289 3.206349 0.000001
1.290 3.206131 0.000001
1.291 3.205912 0.000001
1.292 3.205693 0.000001
1.293 3.205474 0.000001
1.294 3.205255 0.000001
1.295 3.205036 0.000001
1.296 3.204828 0.000001
1.297 3.204624 0.000001
1.298 3.204419 0.000001
1.299 3.204214 0.000001
1.300 3.204009 0.000001
1.301 3.203804 0.000001
1.302 3.203599 0.000001
1.303 3.203394 0.000001
1.304 3.203189 0.000001
1.305 3.202985 0.000001
1.306 3.202780 0.000001
1.307 3.202575 0.000001
1.308 3.202370 0.000001
1.309 3.202165 0.000001
1.310 3.201963 0.000001
1.311 3.201764 0.000001
1.312 3.201564 0.000001
1.313 3.201364 0.000001
1.314 3.201164 0.000001
1.315 3.200964 0.000001
1.316 3.200765 0.000001
1.317 3.200565 0.000001
1.318 3.200365 0.000001
1.319 3.200165 0.000001
1.320 3.199966 0.000001
1.321 3.199766 0.000001
1.322 3.199566 0.000001
1.323 3.199366 0.000001
1.324 3.199168 0.000001
1.325 3.198977 0.000001
1.326 3.198786 0.000001
1.327 3.198595 0.000001
1.328 3.198404 0.000001
1.329 3.198213 0.000001
1.330 3.198022 0.000001
1.331 3.197831 0.000001
1.332 3.197640 0.000001
1.333 3.197449 0.000001
1.334 3.197258 0.000001
1.335 3.197067 0.000001
1.336 3.196876 0.000001
1.337 3.196685 0.000001
1.338 3.196494 0.000001
1.339 3.196306 0.000001
1.340 3.196122 0.000001
1.341 3.195939 0.000001
1.342 3.195755 0.000001
1.343 3.195572 0.000001
1.344 3.195389 0.000001
1.345 3.195205 0.000001
1.346 3.195022 0.000001
1.347 3.194839 0.000001
1.348 3.194655 0.000001
1.349 3.194472 0.000001
1.350 3.194288 0.000001
1.351 3.194105 0.000001
1.352 3.193922 0.000001
1.353 3.193738 0.000001
1.354 3.193556 0.000001
1.355 3.193384 0.000001
1.356 3.193211 0.000001
1.357 3.193038 0.000001
1.358 3.192866 0.000001
1.359 3.192693 0.000001
1.360 3.192521 0.000001
1.361 3.192348 0.000001
1.362 3.192176 0.000001
1.363 3.192003 0.000001
1.364 3.191830 0.000001
1.365 3.191658 0.000001
1.366 3.191485 0.000001
1.367 3.191313 0.000001
1.368 3.191140 0.000001
1.369 3.190967 0.000001
1.370 3.190799 0.000001
1.371 3.190632 0.000001
1.372 3.190465 0.000001
1.373 3.190298 0.000001
1.374 3.190132 0.000001
1.375 3.189965 0.000001
1.376 3.189798 0.000001
1.377 3.189631 0.000001
1.378 3.189464 0.000001
1.379 3.189298 0.000001
1.380 3.189131 0.000001
1.381 3.188964 0.000001
1.382 3.188797 0.000001
1.383 3.188631 0.000001
1.384 3.188464 0.000001
1.385 3.188297 0.000001
1.386 3.188135 0.000001
1.387 3.187975 0.000001
1.388 3.187815 0.000001
1.389 3.187654 0.000001
1.390 3.187494 0.000001
1.391 3.187334 0.000001
1.392 3.187173 0.000001
1.393 3.187013 0.000001
1.394 3.186853 0.000001
1.395 3.186692 0.000001
1.396 3.186532 0.000001
1.397 3.186372 0.000001
1.398 3.186211 0.000001
1.399 3.186051 0.000001
1.400 3.185891 0.000001
1.401 3.185730 0.000001
1.402 3.185573 0.000001
1.403 3.185419 0.000001
1.404 3.185266 0.000001
1.405 3.185112 0.000001
1.406 3.184958 0.000001
1.407 3.184804 0.000001
1.408 3.184650 0.000001
1.409 3.184496 0.000001
1.410 3.184342 0.000001
1.411 3.184188 0.000001
1.412 3.184034 0.000001
1.413 3.183880 0.000001
1.414 3.183726 0.000001
1.415 3.183573 0.000001
1.416 3.183419 0.000001
1.417 3.183265 0.000001
1.418 3.183111 0.000001
1.419 3.182962 0.000001
1.420 3.182813 0.000001
1.421 3.182664 0.000001
1.422 3.182516 0.000001
1.423 3.182367 0.000001
1.424 3.182218 0.000001
1.425 3.182070 0.000001
1.426 3.181921 0.000001
1.427 3.181772 0.000001
1.428 3.181624 0.000001
1.429 3.181475 0.000001
1.430 3.181326 0.000001
1.431 3.181178 0.000001
1.432 3.181029 0.000001
1.433 3.180881 0.000001
1.434 3.180732 0.000001
1.435 3.180583 0.000001
1.436 3.180441 0.000001
1.437 3.180299 0.000001
1.438 3.180157 0.000001
1.439 3.180015 0.000001
1.440 3.179874 0.000001
1.441 3.179732 0.000001
1.442 3.179590 0.000001
1.443 3.179449 0.000001
1.444 3.179307 0.000001
1.445 3.179165 0.000001
1.446 3.179023 0.000001
1.447 3.178882 0.000001
1.448 3.178740 0.000001
1.449 3.178598 0.000001
1.450 3.178457 0.000001
1.451 3.178315 0.000001
1.452 3.178173 0.000001
1.453 3.178033 0.000001
1.454 3.177896 0.000001
1.455 3.177758 0.000001
1.456 3.177621 0.000001
1.457 3.177483 0.000001
1.458 3.177346 0.000001
1.459 3.177208 0.000001
1.460 3.177071 0.000001
1.461 3.176933 0.000001
1.462 3.176796 0.000001
1.463 3.176658 0.000001
1.464 3.176521 0.000001
1.465 3.176383 0.000001
1.466 3.176246 0.000001
1.467 3.176108 0.000001
1.468 3.175970 0.000001
1.469 3.175833 0.000001
1.470 3.175695 0.000001
1.471 3.175564 0.000001
1.472 3.175437 0.000001
1.473 3.175310 0.000001
1.474 3.175182 0.000001
1.475 3.175055 0.000001
1.476 3.174928 0.000001
1.477 3.174801 0.000001
1.478 3.174674 0.000001
1.479 3.174547 0.000001
1.480 3.174420 0.000001
1.481 3.174293 0.000001
1.482 3.174165 0.000001
1.483 3.174038 0.000001
1.484 3.173911 0.000001
1.485 3.173784 0.000001
1.486 3.173657 0.000001
1.487 3.173530 0.000001
1.488 3.173403 0.000001
1.489 3.173277 0.000001
1.490 3.173154 0.000001
1.491 3.173032 0.000001
1.492 3.172909 0.000001
1.493 3.172786 0.000001
1.494 3.172664 0.000001
1.495 3.172541 0.000001
1.496 3.172419 0.000001
1.497 3.172296 0.000001
1.498 3.172174 0.000001
1.499 3.172051 0.000001
1.500 3.171929 0.000001
1.501 3.171806 0.000001
1.502 3.171684 0.000001
1.503 3.171561 0.000001
1.504 3.171438 0.000001
1.505 3.171316 0.000001
1.506 3.171193 0.000001
1.507 3.171071 0.000001
1.508 3.170950 0.000001
1.509 3.170832 0.000001
1.510 3.170714 0.000001
1.511 3.170596 0.000001
1.512 3.170478 0.000001
1.513 3.170359 0.000001
1.514 3.170241 0.000002
1.515 3.170123 0.000002
1.516 3.170005 0.000002
1.517 3.169887 0.000002
1.518 3.169769 0.000002
1.519 3.169650 0.000002
1.520 3.169532 0.000002
1.521 3.169414 0.000002
1.522 3.169296 0.000002
1.523 3.169178 0.000002
1.524 3.169060 0.000002
1.525 3.168941 0.000002
1.526 3.168823 0.000002
1.527 3.168705 0.000002
1.528 3.168588 0.000002
1.529 3.168472 0.000002
1.530 3.168355 0.000002
1.531 3.168238 0.000002
1.532 3.168121 0.000002
1.533 3.168004 0.000002
1.534 3.167887 0.000002
1.535 3.167770 0.000002
1.536 3.167653 0.000002
1.537 3.167537 0.000002
1.538 3.167420 0.000002
1.539 3.167303 0.000002
1.540 3.167186 0.000002
1.541 3.167069 0.000002
1.542 3.166952 0.000002
1.543 3.166835 0.000002
1.544 3.166718 0.000002
1.545 3.166602 0.000002
1.546 3.166485 0.000002
1.547 3.166373 0.000002
1.548 3.166267 0.000002
1.549 3.166161 0.000002
1.550 3.166055 0.000002
1.551 3.165949 0.000002
1.552 3.165844 0.000002
1.553 3.165738 0.000002
1.554 3.165632 0.000002
1.555 3.165526 0.000002
1.556 3.165420 0.000002
1.557 3.165314 0.000002
1.558 3.165208 0.000002
1.559 3.165102 0.000002
1.560 3.164996 0.000002
1.561 3.164891 0.000002
1.562 3.164785 0.000002
1.563 3.164679 0.000002
1.564 3.164573 0.000002
1.565 3.164467 0.000002
1.566 3.164361 0.000002
1.567 3.164256 0.000002
1.568 3.164152 0.000002
1.569 3.164048 0.000002
1.570 3.163944 0.000002
1.571 3.163841 0.000002
1.572 3.163737 0.000002
1.573 3.163633 0.000002
1.574 3.163529 0.000002
1.575 3.163426 0.000002
1.576 3.163322 0.000002
1.577 3.163218 0.000002
1.578 3.163114 0.000002
1.579 3.163010 0.000002
1.580 3.162907 0.000002
1.581 3.162803 0.000002
1.582 3.162699 0.000002
1.583 3.162595 0.000002
1.584 3.162492 0.000002
1.585 3.162388 0.000002
1.586 3.162284 0.000002
1.587 3.162180 0.000002
1.588 3.162080 0.000002
1.589 3.161983 0.000002
1.590 3.161887 0.000002
1.591 3.161790 0.000002
1.592 3.161694 0.000002
1.593 3.161598 0.000002
1.594 3.161501 0.000002
1.595 3.161405 0.000002
1.596 3.161308 0.000002
1.597 3.161212 0.000002
1.598 3.161116 0.000002
1.599 3.161019 0.000002
1.600 3.160923 0.000002
1.601 3.160826 0.000002
1.602 3.160730 0.000002
1.603 3.160634 0.000002
1.604 3.160537 0.000002
1.605 3.160441 0.000002
1.606 3.160345 0.000002
1.607 3.160248 0.000002
1.608 3.160152 0.000002
1.609 3.160055 0.000002
1.610 3.159960 0.000002
1.611 3.159865 0.000002
1.612 3.159769 0.000002
1.613 3.159674 0.000002
1.614 3.159578 0.000002
1.615 3.159483 0.000002
1.616 3.159387 0.000002
1.617 3.159292 0.000002
1.618 3.159196 0.000002
1.619 3.159101 0.000002
1.620 3.159005 0.000002
1.621 3.158910 0.000002
1.622 3.158814 0.000002
1.623 3.158719 0.000002
1.624 3.158624 0.000002
1.625 3.158528 0.000002
1.626 3.158433 0.000002
1.627 3.158337 0.000002
1.628 3.158242 0.000002
1.629 3.158146 0.000002
1.630 3.158051 0.000002
1.631 3.157956 0.000002
1.632 3.157868 0.000002
1.633 3.157780 0.000002
1.634 3.157692 0.000002
1.635 3.157604 0.000002
1.636 3.157515 0.000002
1.637 3.157427 0.000002
1.638 3.157339 0.000002
1.639 3.157251 0.000002
1.640 3.157163 0.000002
1.641 3.157075 0.000002
1.642 3.156987 0.000002
1.643 3.156899 0.000002
1.644 3.156811 0.000002
1.645 3.156723 0.000002
1.646 3.156635 0.000002
1.647 3.156547 0.000002
1.648 3.156459 0.000002
1.649 3.156371 0.000002
1.650 3.156283 0.000002
1.651 3.156194 0.000002
1.652 3.156106 0.000002
1.653 3.156018 0.000002
1.654 3.155931 0.000002
1.655 3.155844 0.000002
1.656 3.155757 0.000002
1.657 3.155670 0.000002
1.658 3.155583 0.000002
1.659 3.155496 0.000002
1.660 3.155409 0.000002
1.661 3.155322 0.000002
1.662 3.155235 0.000002
1.663 3.155148 0.000002
1.664 3.155062 0.000002
1.665 3.154975 0.000002
1.666 3.154888 0.000002
1.667 3.154801 0.000002
1.668 3.154714 0.000002
1.669 3.154627 0.000002
1.670 3.154540 0.000002
1.671 3.154453 0.000002
1.672 3.154366 0.000002
1.673 3.154279 0.000002
1.674 3.154192 0.000002
1.675 3.154105 0.000002
1.676 3.154018 0.000002
1.677 3.153934 0.000002
1.678 3.153854 0.000002
1.679 3.153774 0.000002
1.680 3.153694 0.000002
1.681 3.153613 0.000002
1.682 3.153533 0.000002
1.683 3.153453 0.000002
1.684 3.153373 0.000002
1.685 3.153293 0.000002
1.686 3.153213 0.000002
1.687 3.153133 0.000002
1.688 3.153053 0.000002
1.689 3.152973 0.000002
1.690 3.152893 0.000002
1.691 3.152813 0.000002
1.692 3.152733 0.000002
1.693 3.152653 0.000002
1.694 3.152573 0.000002
1.695 3.152493 0.000002
1.696 3.152412 0.000002
1.697 3.152332 0.000002
1.698 3.152252 0.000002
1.699 3.152172 0.000002
1.700 3.152092 0.000002
1.701 3.152013 0.000002
1.702 3.151934 0.000002
1.703 3.151856 0.000002
1.704 3.151777 0.000002
1.705 3.151698 0.000002
1.706 3.151620 0.000002
1.707 3.151541 0.000002
1.708 3.151463 0.000002
1.709 3.151384 0.000002
1.710 3.151305 0.000002
1.711 3.151227 0.000002
1.712 3.151148 0.000002
1.713 3.151069 0.000002
1.714 3.150991 0.000002
1.715 3.150912 0.000002
1.716 3.150834 0.000002
1.717 3.150755 0.000002
1.718 3.150676 0.000002
1.719 3.150598 0.000002
1.720 3.150519 0.000002
1.721 3.150440 0.000002
1.722 3.150362 0.000002
1.723 3.150283 0.000002
1.724 3.150205 0.000002
1.725 3.150126 0.000002
1.726 3.150053 0.000002
1.727 3.149980 0.000002
1.728 3.149907 0.000002
1.729 3.149834 0.000002
1.730 3.149761 0.000002
1.731 3.149689 0.000002
1.732 3.149616 0.000002
1.733 3.149543 0.000002
1.734 3.149470 0.000002
1.735 3.149397 0.000002
1.736 3.149324 0.000002
1.737 3.149252 0.000002
1.738 3.149179 0.000002
1.739 3.149106 0.000002
1.740 3.149033 0.000002
1.741 3.148960 0.000002
1.742 3.148887 0.000002
1.743 3.148815 0.000002
1.744 3.148742 0.000002
1.745 3.148669 0.000002
1.746 3.148596 0.000002
1.747 3.148523 0.000002
1.748 3.148450 0.000002
1.749 3.148378 0.000002
1.750 3.148305 0.000002
1.751 3.148233 0.000002
1.752 3.148162 0.000002
1.753 3.148091 0.000002
1.754 3.148020 0.000002
1.755 3.147949 0.000002
1.756 3.147877 0.000002
1.757 3.147806 0.000002
1.758 3.147735 0.000002
1.759 3.147664 0.000002
1.760 3.147593 0.000002
1.761 3.147522 0.000002
1.762 3.147451 0.000002
1.763 3.147380 0.000002
1.764 3.147308 0.000002
1.765 3.147237 0.000002
1.766 3.147166 0.000002
1.767 3.147095 0.000002
1.768 3.147024 0.000002
1.769 3.146953 0.000002
1.770 3.146882 0.000002
1.771 3.146811 0.000002
1.772 3.146739 0.000002
1.773 3.146668 0.000002
1.774 3.146597 0.000002
1.775 3.146526 0.000002
1.776 3.146455 0.000002
1.777 3.146387 0.000002
1.778 3.146321 0.000002
1.779 3.146255 0.000002
1.780 3.146189 0.000002
1.781 3.146123 0.000002
1.782 3.146057 0.000002
1.783 3.145991 0.000002
1.784 3.145925 0.000002
1.785 3.145859 0.000002
1.786 3.145793 0.000002
1.787 3.145727 0.000002
1.788 3.145661 0.000002
1.789 3.145595 0.000002
1.790 3.145528 0.000002
1.791 3.145462 0.000002
1.792 3.145396 0.000002
1.793 3.145330 0.000002
1.794 3.145264 0.000002
1.795 3.145198 0.000002
1.796 3.145132 0.000002
1.797 3.145066 0.000002
1.798 3.145000 0.000002
1.799 3.144934 0.000002
1.800 3.144868 0.000002
1.801 3.144802 0.000002
1.802 3.144736 0.000002
1.803 3.144670 0.000002
1.804 3.144605 0.000002
1.805 3.144541 0.000002
1.806 3.144477 0.000002
1.807 3.144413 0.000002
1.808 3.144349 0.000002
1.809 3.144284 0.000002
1.810 3.144220 0.000002
1.811 3.144156 0.000002
1.812 3.144092 0.000002
1.813 3.144028 0.000002
1.814 3.143964 0.000002
1.815 3.143899 0.000002
1.816 3.143835 0.000002
1.817 3.143771 0.000002
1.818 3.143707 0.000002
1.819 3.143643 0.000002
1.820 3.143578 0.000002
1.821 3.143514 0.000002
1.822 3.143450 0.000002
1.823 3.143386 0.000002
1.824 3.143322 0.000002
1.825 3.143258 0.000002
1.826 3.143193 0.000002
1.827 3.143129 0.000002
1.828 3.143065 0.000002
1.829 3.143001 0.000002
1.830 3.142937 0.000002
1.831 3.142874 0.000002
1.832 3.142814 0.000002
1.833 3.142754 0.000002
1.834 3.142694 0.000002
1.835 3.142634 0.000002
1.836 3.142574 0.000002
1.837 3.142514 0.000002
1.838 3.142454 0.000002
1.839 3.142394 0.000002
1.840 3.142334 0.000002
1.841 3.142274 0.000002
1.842 3.142214 0.000002
1.843 3.142154 0.000002
1.844 3.142094 0.000002
1.845 3.142034 0.000002
1.846 3.141974 0.000002
1.847 3.141914 0.000002
1.848 3.141854 0.000002
1.849 3.141794 0.000002
1.850 3.141734 0.000002
1.851 3.141674 0.000002
1.852 3.141614 0.000002
1.853 3.141554 0.000002
1.854 3.141494 0.000002
1.855 3.141434 0.000002
1.856 3.141374 0.000002
1.857 3.141314 0.000002
1.858 3.141254 0.000002
1.859 3.141194 0.000002
1.860 3.141136 0.000002
1.861 3.141078 0.000002
1.862 3.141020 0.000002
1.863 3.140962 0.000002
1.864 3.140904 0.000002
1.865 3.140846 0.000002
1.866 3.140788 0.000002
1.867 3.140730 0.000002
1.868 3.140672 0.000002
1.869 3.140614 0.000002
1.870 3.140557 0.000002
1.871 3.140499 0.000002
1.872 3.140441 0.000002
1.873 3.140383 0.000002
1.874 3.140325 0.000002
1.875 3.140267 0.000002
1.876 3.140209 0.000002
1.877 3.140151 0.000002
1.878 3.140093 0.000002
1.879 3.140035 0.000002
1.880 3.139977 0.000002
1.881 3.139919 0.000002
1.882 3.139862 0.000002
1.883 3.139804 0.000002
1.884 3.139746 0.000002
1.885 3.139688 0.000002
1.886 3.139630 0.000002
1.887 3.139572 0.000002
1.888 3.139514 0.000002
1.889 3.139458 0.000002
1.890 3.139403 0.000002
1.891 3.139349 0.000002
1.892 3.139295 0.000002
1.893 3.139240 0.000002
1.894 3.139186 0.000002
1.895 3.139132 0.000002
1.896 3.139078 0.000002
1.897 3.139023 0.000002
1.898 3.138969 0.000002
1.899 3.138915 0.000002
1.900 3.138860 0.000002
1.901 3.138806 0.000002
1.902 3.138752 0.000002
1.903 3.138697 0.000002
1.904 3.138643 0.000002
1.905 3.138589 0.000002
1.906 3.138535 0.000002
1.907 3.138480 0.000002
1.908 3.138426 0.000002
1.909 3.138372 0.000002
1.910 3.138317 0.000002
1.911 3.138263 0.000002
1.912 3.138209 0.000002
1.913 3.138155 0.000002
1.914 3.138100 0.000002
1.915 3.138046 0.000002
1.916 3.137992 0.000002
1.917 3.137937 0.000002
1.918 3.137883 0.000002
1.919 3.137829 0.000002
1.920 3.137777 0.000002
1.921 3.137725 0.000002
1.922 3.137673 0.000002
1.923 3.137621 0.000002
1.924 3.137569 0.000002
1.925 3.137517 0.000002
1.926 3.137465 0.000002
1.927 3.137413 0.000002
1.928 3.137361 0.000002
1.929 3.137309 0.000002
1.930 3.137257 0.000002
1.931 3.137205 0.000002
1.932 3.137154 0.000002
1.933 3.137102 0.000002
1.934 3.137050 0.000002
1.935 3.136998 0.000002
1.936 3.136946 0.000002
1.937 3.136894 0.000002
1.938 3.136842 0.000002
1.939 3.136790 0.000002
1.940 3.136738 0.000002
1.941 3.136686 0.000002
1.942 3.136634 0.000002
1.943 3.136582 0.000002
1.944 3.136530 0.000002
1.945 3.136478 0.000002
1.946 3.136426 0.000002
1.947 3.136374 0.000002
1.948 3.136322 0.000002
1.949 3.136270 0.000002
1.950 3.136218 0.000002