0.251 2.216146 3.395861
0.252 2.277614 3.402569
0.253 2.338840 3.408165
0.254 2.398434 3.413233
0.255 2.457404 3.416974
0.256 2.518565 3.421272
0.257 2.581305 3.425856
0.258 2.647088 3.429847
0.259 2.720035 3.431613
0.260 2.793045 3.428835
0.261 2.872321 3.418872
0.262 2.953202 3.401335
0.263 3.037341 3.376888
0.264 3.117211 3.342043
0.265 3.193580 3.299305
0.266 3.267893 3.249658
0.267 3.334442 3.190795
0.268 3.391723 3.127962
0.269 3.442987 3.061435
0.270 3.484268 2.993103
0.271 3.519385 2.925782
0.272 3.545722 2.857162
0.273 3.566203 2.791400
0.274 3.581886 2.728981
0.275 3.593795 2.668061
0.276 3.599187 2.608745
0.277 3.602211 2.554130
0.278 3.602774 2.503692
0.279 3.600471 2.454450
0.280 3.597541 2.408331
0.281 3.591596 2.364896
0.282 3.585418 2.323655
0.283 3.579357 2.284920
0.284 3.570099 2.247555
0.285 3.561101 2.213306
0.286 3.552327 2.180484
0.287 3.540645 2.148921
0.288 3.529246 2.120402
0.289 3.518350 2.093274
0.290 3.507459 2.065919
0.291 3.494596 2.042398
0.292 3.482122 2.020081
0.293 3.470067 1.998691
0.294 3.458546 1.979122
0.295 3.444477 1.962207
0.296 3.433257 1.945803
0.297 3.419507 1.928330
0.298 3.408602 1.914047
0.299 3.396725 1.900637
0.300 3.385003 1.887498
0.301 3.373741 1.876720
0.302 3.362773 1.867112
0.303 3.352445 1.857942
0.304 3.342469 1.849223
0.305 3.332689 1.840806
0.306 3.323315 1.832691
0.307 3.313798 1.825212
0.308 3.304528 1.820837
0.309 3.295242 1.814822
0.310 3.289320 1.809907
0.311 3.280814 1.805702
0.312 3.272577 1.801690
0.313 3.267041 1.797814
0.314 3.259887 1.794348
0.315 3.253735 1.793490
0.316 3.248287 1.790005
0.317 3.241231 1.789844
0.318 3.237518 1.786529
0.319 3.230778 1.786760
0.320 3.227601 1.783715
0.321 3.222338 1.784020
0.322 3.218410 1.784558
0.323 3.215804 1.785168
0.324 3.213315 1.785828
0.325 3.207655 1.783244
0.326 3.205405 1.783997
0.327 3.203362 1.784916
0.328 3.201473 1.785929
0.329 3.199719 1.787021
0.330 3.198071 1.788173
0.331 3.196509 1.789375
0.332 3.195148 1.790720
0.333 3.193871 1.792118
0.334 3.192682 1.796738
0.335 3.191608 1.798517
0.336 3.190662 1.800138
0.337 3.189784 1.801811
0.338 3.190989 1.803631
0.339 3.191885 1.806235
0.340 3.191347 1.810867
0.341 3.192255 1.812862
0.342 3.194036 1.814989
0.343 3.193824 1.817181
0.344 3.194415 1.822884
0.345 3.197183 1.825237
0.346 3.198581 1.827633
0.347 3.200937 1.833268
0.348 3.203193 1.836149
0.349 3.205147 1.838805
0.350 3.208075 1.843907
0.351 3.209830 1.847794
0.352 3.213264 1.851025
0.353 3.216551 1.857046
0.354 3.219431 1.860123
0.355 3.222562 1.865223
0.356 3.225873 1.869875
0.357 3.230122 1.873129
0.358 3.235109 1.879906
0.359 3.239343 1.883584
0.360 3.243370 1.890116
0.361 3.250180 1.894082
0.362 3.254462 1.900759
0.363 3.258660 1.904631
0.364 3.266122 1.911614
0.365 3.273106 1.918365
0.366 3.278299 1.922606
0.367 3.286314 1.929936
0.368 3.292144 1.936196
0.369 3.299276 1.942386
0.370 3.307706 1.948848
0.371 3.317241 1.956411
0.372 3.328373 1.963103
0.373 3.337196 1.969558
0.374 3.349023 1.975967
0.375 3.359931 1.983763
0.376 3.373997 1.990839
0.377 3.385467 1.996063
0.378 3.400184 2.000630
0.379 3.414973 2.005234
0.380 3.430021 2.006877
0.381 3.448485 2.009868
0.382 3.463721 2.009604
0.383 3.477762 2.009499
0.384 3.490883 2.006814
0.385 3.503613 2.006239
0.386 3.516513 2.003978
0.387 3.526264 2.002376
0.388 3.535053 2.000940
0.389 3.542382 2.000585
0.390 3.551801 1.999839
0.391 3.559802 2.004217
0.392 3.567614 2.006278
0.393 3.575739 2.012346
0.394 3.584656 2.019483
0.395 3.594374 2.026849
0.396 3.606695 2.036463
0.397 3.620262 2.045756
0.398 3.637004 2.057577
0.399 3.652581 2.069519
0.400 3.674054 2.079039
0.401 3.697170 2.088374
0.402 3.722623 2.098635
0.403 3.749052 2.107969
0.404 3.780392 2.115312
0.405 3.812428 2.121070
0.406 3.846139 2.123278
0.407 3.880756 2.123580
0.408 3.915122 2.120564
0.409 3.949393 2.115866
0.410 3.983364 2.109941
0.411 4.017005 2.102402
0.412 4.050443 2.093063
0.413 4.083773 2.082247
0.414 4.116824 2.070524
0.415 4.148371 2.055893
0.416 4.181650 2.040326
0.417 4.215383 2.023461
0.418 4.248572 2.005165
0.419 4.281657 1.983921
0.420 4.314126 1.959679
0.421 4.345267 1.933175
0.422 4.375492 1.904421
0.423 4.404978 1.873167
0.424 4.432698 1.839924
0.425 4.456670 1.803979
0.426 4.479087 1.766479
0.427 4.499247 1.727833
0.428 4.515179 1.688013
0.429 4.528356 1.647901
0.430 4.537928 1.607276
0.431 4.544703 1.567031
0.432 4.548287 1.528839
0.433 4.549546 1.490931
0.434 4.548307 1.453913
0.435 4.545218 1.420069
0.436 4.540267 1.386779
0.437 4.533876 1.354021
0.438 4.526759 1.322915
0.439 4.520834 1.293130
0.440 4.512789 1.266404
0.441 4.503827 1.238917
0.442 4.494404 1.214731
0.443 4.484996 1.191142
0.444 4.474471 1.169031
0.445 4.462140 1.147530
0.446 4.452164 1.126249
0.447 4.442280 1.107243
0.448 4.432362 1.089756
0.449 4.422460 1.071905
0.450 4.412579 1.054763
0.451 4.402707 1.038627
0.452 4.392851 1.022272
0.453 4.383042 1.006757
0.454 4.373296 0.993227
0.455 4.363604 0.979784
0.456 4.353943 0.966409
0.457 4.344339 0.953455
0.458 4.335129 0.941432
0.459 4.327607 0.929539
0.460 4.319351 0.917918
0.461 4.310042 0.906961
0.462 4.300790 0.896315
0.463 4.291583 0.885784
0.464 4.282841 0.875894
0.465 4.275994 0.866395
0.466 4.267961 0.856953
0.467 4.259080 0.847701
0.468 4.250707 0.838827
0.469 4.244618 0.830323
0.470 4.236390 0.821969
0.471 4.228078 0.813848
0.472 4.222137 0.806020
0.473 4.214464 0.798271
0.474 4.206775 0.790781
0.475 4.200445 0.783489
0.476 4.193789 0.776431
0.477 4.187816 0.769498
0.478 4.180593 0.762720
0.479 4.172737 0.756164
0.480 4.167838 0.749638
0.481 4.160552 0.743428
0.482 4.155519 0.737240
0.483 4.149019 0.731328
0.484 4.143510 0.725327
0.485 4.137505 0.719495
0.486 4.131870 0.713944
0.487 4.126235 0.708458
0.488 4.120570 0.703006
0.489 4.115059 0.697626
0.490 4.109575 0.692371
0.491 4.104148 0.687186
0.492 4.098840 0.682018
0.493 4.093418 0.676927
0.494 4.088235 0.672120
0.495 4.084635 0.667349
0.496 4.079503 0.662444
0.497 4.074438 0.657766
0.498 4.069329 0.653185
0.499 4.064326 0.648645
0.500 4.059309 0.644251
0.501 4.054342 0.639838
0.502 4.050555 0.635458
0.503 4.046361 0.631221
0.504 4.041473 0.627055
0.505 4.037534 0.622874
0.506 4.033735 0.618686
0.507 4.029014 0.614598
0.508 4.024871 0.610625
0.509 4.021395 0.606692
0.510 4.016877 0.602829
0.511 4.012203 0.599018
0.512 4.007834 0.595209
0.513 4.003188 0.591429
0.514 4.000295 0.587739
0.515 3.996195 0.584209
0.516 3.991472 0.580750
0.517 3.988425 0.577147
0.518 3.984654 0.573587
0.519 3.980219 0.570080
0.520 3.976803 0.566672
0.521 3.974102 0.563354
0.522 3.970836 0.560021
0.523 3.966719 0.556686
0.524 3.962780 0.553486
0.525 3.960003 0.550289
0.526 3.955898 0.546965
0.527 3.951839 0.543876
0.528 3.949154 0.540807
0.529 3.945344 0.537763
0.530 3.941411 0.534714
0.531 3.938313 0.531724
0.532 3.935907 0.528786
0.533 3.933084 0.525833
0.534 3.928617 0.522965
0.535 3.925423 0.519993
0.536 3.923007 0.517223
0.537 3.920698 0.514364
0.538 3.916877 0.511586
0.539 3.912881 0.508924
0.540 3.910393 0.506250
0.541 3.907984 0.503414
0.542 3.902955 0.500885
0.543 3.900351 0.498320
0.544 3.898160 0.495628
0.545 3.895633 0.493017
0.546 3.892383 0.490573
0.547 3.888350 0.488143
0.548 3.886243 0.485601
0.549 3.884151 0.483040
0.550 3.881070 0.480615
0.551 3.877596 0.478281
0.552 3.874596 0.475961
0.553 3.872566 0.473642
0.554 3.870560 0.471127
0.555 3.866806 0.468764
0.556 3.863412 0.466501
0.557 3.861319 0.464273
0.558 3.859398 0.462046
0.559 3.857493 0.459840
0.560 3.855026 0.457668
0.561 3.851896 0.455521
0.562 3.848489 0.453386
0.563 3.846642 0.451254
0.564 3.844808 0.449138
0.565 3.841816 0.447049
0.566 3.838424 0.444984
0.567 3.836005 0.442936
0.568 3.834227 0.440888
0.569 3.832244 0.438853
0.570 3.829428 0.436840
0.571 3.825613 0.434852
0.572 3.823936 0.432881
0.573 3.822259 0.430910
0.574 3.820588 0.428947
0.575 3.818742 0.426998
0.576 3.815094 0.425084
0.577 3.812581 0.423183
0.578 3.810656 0.421294
0.579 3.809013 0.419432
0.580 3.806837 0.417785
0.581 3.803755 0.416002
0.582 3.800929 0.414165
0.583 3.799397 0.412339
0.584 3.797866 0.410514
0.585 3.796347 0.408824
0.586 3.794352 0.407200
0.587 3.790421 0.405455
0.588 3.788494 0.403695
0.589 3.787040 0.401969
0.590 3.785586 0.400299
0.591 3.784149 0.398704
0.592 3.781670 0.397039
0.593 3.778695 0.395367
0.594 3.776667 0.393887
0.595 3.775118 0.392256
0.596 3.773501 0.390598
0.597 3.771417 0.388985
0.598 3.768525 0.387479
0.599 3.766268 0.385920
0.600 3.764948 0.384275
0.601 3.763629 0.382839
0.602 3.762198 0.381328
0.603 3.760551 0.379758
0.604 3.757196 0.378362
0.605 3.755083 0.376920
0.606 3.753834 0.375446
0.607 3.752586 0.373965
0.608 3.751348 0.372560
0.609 3.749832 0.371184
0.610 3.746351 0.369681
0.611 3.744295 0.368269
0.612 3.743101 0.366908
0.613 3.741908 0.365511
0.614 3.740727 0.364085
0.615 3.739399 0.362649
0.616 3.736027 0.361366
0.617 3.733864 0.360011
0.618 3.732738 0.358593
0.619 3.731613 0.357373
0.620 3.729650 0.356074
0.621 3.726662 0.354678
0.622 3.725090 0.353417
0.623 3.723795 0.352129
0.624 3.722721 0.350754
0.625 3.721647 0.349527
0.626 3.720232 0.348315
0.627 3.717249 0.346954
0.628 3.715292 0.345704
0.629 3.714046 0.344531
0.630 3.713034 0.343387
0.631 3.712023 0.342184
0.632 3.711013 0.340888
0.633 3.708368 0.339675
0.634 3.705605 0.338496
0.635 3.704635 0.337381
0.636 3.703668 0.336269
0.637 3.702706 0.335160
0.638 3.701744 0.333889
0.639 3.700272 0.332641
0.640 3.697263 0.331516
0.641 3.695503 0.330416
0.642 3.694591 0.329333
0.643 3.693689 0.328255
0.644 3.692738 0.327177
0.645 3.691646 0.326100
0.646 3.689606 0.325029
0.647 3.686886 0.323963
0.648 3.685824 0.322909
0.649 3.684962 0.321819
0.650 3.684106 0.320573
0.651 3.682875 0.319424
0.652 3.681254 0.318379
0.653 3.679292 0.317340
0.654 3.677292 0.316305
0.655 3.676473 0.315291
0.656 3.675657 0.314334
0.657 3.674845 0.313499
0.658 3.673201 0.312558
0.659 3.670936 0.311539
0.660 3.669473 0.310527
0.661 3.668217 0.309517
0.662 3.667453 0.308519
0.663 3.666691 0.307521
0.664 3.665935 0.306526
0.665 3.664210 0.305532
0.666 3.661543 0.304538
0.667 3.660259 0.303626
0.668 3.659519 0.302744
0.669 3.658797 0.301856
0.670 3.658016 0.300958
0.671 3.656736 0.299987
0.672 3.655242 0.299054
0.673 3.653220 0.298212
0.674 3.651807 0.297343
0.675 3.651108 0.296440
0.676 3.650420 0.295506
0.677 3.649740 0.294554
0.678 3.647837 0.293727
0.679 3.645572 0.292938
0.680 3.644532 0.292027
0.681 3.643622 0.291109
0.682 3.642964 0.290292
0.683 3.642282 0.289469
0.684 3.641479 0.288612
0.685 3.640277 0.287781
0.686 3.638003 0.287017
0.687 3.636336 0.286193
0.688 3.635700 0.285266
0.689 3.635072 0.284424
0.690 3.634453 0.283682
0.691 3.633090 0.282925
0.692 3.631086 0.282154
0.693 3.629710 0.281346
0.694 3.628746 0.280515
0.695 3.628024 0.279722
0.696 3.627427 0.278949
0.697 3.626689 0.278223
0.698 3.625894 0.277518
0.699 3.624146 0.276786
0.700 3.622062 0.276044
0.701 3.621140 0.275320
0.702 3.620579 0.274601
0.703 3.620018 0.273817
0.704 3.619458 0.273013
0.705 3.617629 0.272341
0.706 3.615433 0.271707
0.707 3.614471 0.270949
0.708 3.613891 0.270153
0.709 3.613351 0.269483
0.710 3.612826 0.268858
0.711 3.612300 0.268184
0.712 3.611774 0.267490
0.713 3.610263 0.266781
0.714 3.608249 0.266064
0.715 3.607058 0.265409
0.716 3.606405 0.264795
0.717 3.605838 0.264182
0.718 3.605347 0.263570
0.719 3.604549 0.262928
0.720 3.603382 0.262248
0.721 3.602120 0.261561
0.722 3.600686 0.260860
0.723 3.599496 0.260185
0.724 3.599024 0.259584
0.725 3.598553 0.258984
0.726 3.598083 0.258386
0.727 3.597606 0.257788
0.728 3.595541 0.257190
0.729 3.593477 0.256592
0.730 3.592805 0.255998
0.731 3.592355 0.255405
0.732 3.591919 0.254814
0.733 3.591488 0.254225
0.734 3.590946 0.253637
0.735 3.590309 0.253050
0.736 3.589266 0.252462
0.737 3.587492 0.251875
0.738 3.585938 0.251296
0.739 3.585526 0.250752
0.740 3.585115 0.250209
0.741 3.584716 0.249742
0.742 3.584317 0.249279
0.743 3.583481 0.248732
0.744 3.582485 0.248156
0.745 3.581328 0.247579
0.746 3.580009 0.247003
0.747 3.578923 0.246466
0.748 3.578537 0.246046
0.749 3.578152 0.245625
0.750 3.577774 0.245060
0.751 3.577396 0.244493
0.752 3.576222 0.244007
0.753 3.574728 0.243553
0.754 3.573550 0.243068
0.755 3.572802 0.242540
0.756 3.572100 0.242026
0.757 3.571739 0.241608
0.758 3.571378 0.241189
0.759 3.571026 0.240663
0.760 3.570677 0.240111
0.761 3.570062 0.239551
0.762 3.569152 0.238980
0.763 3.568253 0.238413
0.764 3.567432 0.237868
0.765 3.566610 0.237322
0.766 3.565976 0.236864
0.767 3.565400 0.236431
0.768 3.564839 0.236050
0.769 3.564301 0.235750
0.770 3.563764 0.235449
0.771 3.563216 0.234939
0.772 3.562667 0.234429
0.773 3.562121 0.233962
0.774 3.561575 0.233523
0.775 3.561036 0.233065
0.776 3.560534 0.232518
0.777 3.560031 0.231970
0.778 3.559538 0.231423
0.779 3.559048 0.230877
0.780 3.558556 0.230351
0.781 3.558058 0.229872
0.782 3.557561 0.229393
0.783 3.557065 0.228969
0.784 3.556570 0.228556
0.785 3.556086 0.228146
0.786 3.555624 0.227739
0.787 3.555162 0.227333
0.788 3.554685 0.226773
0.789 3.554205 0.226187
0.790 3.553739 0.225657
0.791 3.553301 0.225238
0.792 3.552863 0.224820
0.793 3.552434 0.224421
0.794 3.552007 0.224026
0.795 3.551578 0.223598
0.796 3.551144 0.223072
0.797 3.550709 0.222546
0.798 3.550285 0.222022
0.799 3.549866 0.221498
0.800 3.549448 0.220974
0.801 3.549033 0.220443
0.802 3.548619 0.219911
0.803 3.548202 0.219382
0.804 3.547784 0.218856
0.805 3.547365 0.218330
0.806 3.546965 0.217830
0.807 3.546567 0.217332
0.808 3.546174 0.216851
0.809 3.545792 0.216415
0.810 3.545411 0.215978
0.811 3.545030 0.215560
0.812 3.544648 0.215151
0.813 3.544267 0.214743
0.814 3.543904 0.214234
0.815 3.543541 0.213722
0.816 3.543177 0.213208
0.817 3.542811 0.212686
0.818 3.542445 0.212165
0.819 3.542073 0.211574
0.820 3.541698 0.210936
0.821 3.541323 0.210298
0.822 3.540964 0.209720
0.823 3.540608 0.209152
0.824 3.540250 0.208600
0.825 3.539883 0.208157
0.826 3.539515 0.207713
0.827 3.539157 0.207286
0.828 3.538815 0.206885
0.829 3.538473 0.206485
0.830 3.538142 0.206018
0.831 3.537818 0.205509
0.832 3.537494 0.205000
0.833 3.537175 0.204487
0.834 3.536856 0.203973
0.835 3.536538 0.203460
0.836 3.536236 0.202966
0.837 3.535935 0.202473
0.838 3.535633 0.201974
0.839 3.535331 0.201452
0.840 3.535029 0.200931
0.841 3.534728 0.200438
0.842 3.534429 0.199999
0.843 3.534130 0.199561
0.844 3.533832 0.199120
0.845 3.533535 0.198676
0.846 3.533237 0.198232
0.847 3.532937 0.197771
0.848 3.532636 0.197299
0.849 3.532334 0.196826
0.850 3.532050 0.196356
0.851 3.531776 0.195888
0.852 3.531501 0.195419
0.853 3.531226 0.194934
0.854 3.530951 0.194443
0.855 3.530676 0.193953
0.856 3.530399 0.193466
0.857 3.530120 0.192980
0.858 3.529842 0.192494
0.859 3.529572 0.192097
0.860 3.529304 0.191717
0.861 3.529035 0.191337
0.862 3.528777 0.190963
0.863 3.528522 0.190590
0.864 3.528266 0.190216
0.865 3.528039 0.189855
0.866 3.527819 0.189496
0.867 3.527599 0.189138
0.868 3.527372 0.188753
0.869 3.527145 0.188363
0.870 3.526917 0.187973
0.871 3.526698 0.187599
0.872 3.526482 0.187230
0.873 3.526266 0.186861
0.874 3.526047 0.186491
0.875 3.525827 0.186122
0.876 3.525607 0.185753
0.877 3.525391 0.185392
0.878 3.525177 0.185036
0.879 3.524964 0.184681
0.880 3.524754 0.184352
0.881 3.524547 0.184053
0.882 3.524340 0.183753
0.883 3.524132 0.183405
0.884 3.523922 0.182962
0.885 3.523712 0.182519
0.886 3.523505 0.182092
0.887 3.523310 0.181738
0.888 3.523116 0.181384
0.889 3.522922 0.181030
0.890 3.522745 0.180721
0.891 3.522569 0.180412
0.892 3.522392 0.180103
0.893 3.522227 0.179733
0.894 3.522064 0.179346
0.895 3.521901 0.178960
0.896 3.521731 0.178577
0.897 3.521553 0.178198
0.898 3.521376 0.177818
0.899 3.521204 0.177447
0.900 3.521042 0.177095
0.901 3.520881 0.176743
0.902 3.520720 0.176389
0.903 3.520571 0.175938
0.904 3.520422 0.175486
0.905 3.520274 0.175034
0.906 3.520128 0.174631
0.907 3.519984 0.174246
0.908 3.519839 0.173862
0.909 3.519696 0.173515
0.910 3.519555 0.173228
0.911 3.519413 0.172940
0.912 3.519274 0.172650
0.913 3.519162 0.172301
0.914 3.519050 0.171951
0.915 3.518938 0.171602
0.916 3.518836 0.171214
0.917 3.518741 0.170807
0.918 3.518645 0.170400
0.919 3.518550 0.170001
0.920 3.518458 0.169621
0.921 3.518366 0.169242
0.922 3.518274 0.168862
0.923 3.518184 0.168478
0.924 3.518095 0.168092
0.925 3.518005 0.167707
0.926 3.517930 0.167327
0.927 3.517878 0.166957
0.928 3.517825 0.166587
0.929 3.517773 0.166217
0.930 3.517737 0.165827
0.931 3.517703 0.165436
0.932 3.517669 0.165044
0.933 3.517637 0.164639
0.934 3.517606 0.164217
0.935 3.517576 0.163794
0.936 3.517545 0.163372
0.937 3.517517 0.162884
0.938 3.517490 0.162388
0.939 3.517462 0.161892
0.940 3.517443 0.161410
0.941 3.517440 0.160957
0.942 3.517437 0.160504
0.943 3.517434 0.160050
0.944 3.517440 0.159603
0.945 3.517450 0.159158
0.946 3.517460 0.158713
0.947 3.517470 0.158259
0.948 3.517483 0.157746
0.949 3.517496 0.157233
0.950 3.517509 0.156720
0.951 3.517523 0.156179
0.952 3.517538 0.155609
0.953 3.517553 0.155039
0.954 3.517568 0.154470
0.955 3.517588 0.153882
0.956 3.517608 0.153291
0.957 3.517629 0.152699
0.958 3.517650 0.152118
0.959 3.517675 0.151602
0.960 3.517700 0.151086
0.961 3.517724 0.150570
0.962 3.517750 0.150039
0.963 3.517778 0.149486
0.964 3.517805 0.148933
0.965 3.517832 0.148380
0.966 3.517861 0.147816
0.967 3.517891 0.147247
0.968 3.517920 0.146678
0.969 3.517950 0.146109
0.970 3.517951 0.145388
0.971 3.517948 0.144644
0.972 3.517945 0.143901
0.973 3.517942 0.143159
0.974 3.517927 0.142437
0.975 3.517913 0.141716
0.976 3.517898 0.140995
0.977 3.517884 0.140264
0.978 3.517871 0.139497
0.979 3.517859 0.138730
0.980 3.517846 0.137963
0.981 3.517835 0.137206
0.982 3.517826 0.136470
0.983 3.517817 0.135734
0.984 3.517808 0.134998
0.985 3.517759 0.134240
0.986 3.517660 0.133454
0.987 3.517562 0.132668
0.988 3.517463 0.131882
0.989 3.517348 0.131110
0.990 3.517218 0.130349
0.991 3.517087 0.129589
0.992 3.516957 0.128829
0.993 3.516827 0.128077
0.994 3.516699 0.127330
0.995 3.516570 0.126584
0.996 3.516441 0.125838
0.997 3.516315 0.125050
0.998 3.516190 0.124225
0.999 3.516065 0.123401
1.000 3.515940 0.122577
1.001 3.515769 0.121797
1.002 3.515554 0.121058
1.003 3.515338 0.120320
1.004 3.515122 0.119582
1.005 3.514893 0.118821
1.006 3.514647 0.118031
1.007 3.514401 0.117241
1.008 3.514156 0.116451
1.009 3.513911 0.115693
1.010 3.513669 0.114995
1.011 3.513426 0.114296
1.012 3.513184 0.113598
1.013 3.512942 0.112887
1.014 3.512705 0.112132
1.015 3.512468 0.111377
1.016 3.512230 0.110622
1.017 3.511991 0.109871
1.018 3.511720 0.109188
1.019 3.511449 0.108505
1.020 3.511178 0.107822
1.021 3.510907 0.107139
1.022 3.510630 0.106519
1.023 3.510351 0.105910
1.024 3.510073 0.105301
1.025 3.509795 0.104692
1.026 3.509520 0.104042
1.027 3.509248 0.103369
1.028 3.508975 0.102695
1.029 3.508703 0.102021
1.030 3.508434 0.101362
1.031 3.508170 0.100731
1.032 3.507905 0.100099
1.033 3.507641 0.099467
1.034 3.507379 0.098833
1.035 3.507173 0.098170
1.036 3.506967 0.097506
1.037 3.506760 0.096842
1.038 3.506554 0.096178
1.039 3.506367 0.095567
1.040 3.506187 0.094976
1.041 3.506007 0.094386
1.042 3.505827 0.093795
1.043 3.505652 0.093222
1.044 3.505485 0.092685
1.045 3.505319 0.092147
1.046 3.505152 0.091610
1.047 3.504986 0.091073
1.048 3.504834 0.090525
1.049 3.504684 0.089978
1.050 3.504534 0.089430
1.051 3.504383 0.088882
1.052 3.504357 0.088310
1.053 3.504473 0.087710
1.054 3.504589 0.087111
1.055 3.504705 0.086512
1.056 3.504821 0.085912
1.057 3.505039 0.085276
1.058 3.505259 0.084640
1.059 3.505480 0.084003
1.060 3.505700 0.083366
1.061 3.505939 0.082725
1.062 3.506200 0.082078
1.063 3.506461 0.081430
1.064 3.506723 0.080783
1.065 3.506984 0.080135
1.066 3.507293 0.079476
1.067 3.507609 0.078815
1.068 3.507925 0.078154
1.069 3.508241 0.077493
1.070 3.508602 0.076656
1.071 3.509082 0.075348
1.072 3.509563 0.074041
1.073 3.510043 0.072734
1.074 3.510524 0.071427
1.075 3.511068 0.069937
1.076 3.511651 0.068340
1.077 3.512233 0.066743
1.078 3.512815 0.065145
1.079 3.513398 0.063548
1.080 3.514025 0.061993
1.081 3.514656 0.060441
1.082 3.515286 0.058889
1.083 3.515917 0.057336
1.084 3.516544 0.055770
1.085 3.517155 0.054149
1.086 3.517767 0.052528
1.087 3.518379 0.050907
1.088 3.518991 0.049286
1.089 3.518920 0.047540
1.090 3.517982 0.045634
1.091 3.517044 0.043729
1.092 3.516107 0.041823
1.093 3.515169 0.039917
1.094 3.514232 0.038011
1.095 3.513294 0.036106
1.096 3.512356 0.034200
1.097 3.511354 0.032292
1.098 3.510125 0.030373
1.099 3.508897 0.028454
1.100 3.507668 0.026536
1.101 3.506439 0.024617
1.102 3.505211 0.022699
1.103 3.503982 0.020780
1.104 3.502753 0.018861
1.105 3.501525 0.016943
1.106 3.500037 0.016040
1.107 3.498513 0.015277
1.108 3.496989 0.014514
1.109 3.495466 0.013751
1.110 3.493942 0.012988
1.111 3.492418 0.012225
1.112 3.490895 0.011463
1.113 3.489371 0.010700
1.114 3.487805 0.010009
1.115 3.486177 0.009423
1.116 3.484550 0.008838
1.117 3.482922 0.008252
1.118 3.481294 0.007667
1.119 3.479666 0.007081
1.120 3.478038 0.006496
1.121 3.476411 0.005910
1.122 3.474783 0.005324
1.123 3.473428 0.005004
1.124 3.472141 0.004749
1.125 3.470853 0.004493
1.126 3.469565 0.004237
1.127 3.468277 0.003982
1.128 3.466989 0.003726
1.129 3.465701 0.003470
1.130 3.464413 0.003215
1.131 3.463128 0.002968
1.132 3.461880 0.002839
1.133 3.460632 0.002711
1.134 3.459384 0.002582
1.135 3.458136 0.002454
1.136 3.456888 0.002326
1.137 3.455640 0.002197
1.138 3.454392 0.002069
1.139 3.453144 0.001940
1.140 3.451932 0.001820
1.141 3.450868 0.001736
1.142 3.449805 0.001652
1.143 3.448741 0.001567
1.144 3.447678 0.001483
1.145 3.446614 0.001399
1.146 3.445551 0.001314
1.147 3.444487 0.001230
1.148 3.443424 0.001146
1.149 3.442375 0.001072
1.150 3.441391 0.001046
1.151 3.440408 0.001020
1.152 3.439425 0.000994
1.153 3.438442 0.000968
1.154 3.437459 0.000942
1.155 3.436476 0.000916
1.156 3.435493 0.000890
1.157 3.434509 0.000863
1.158 3.433529 0.000837
1.159 3.432683 0.000805
1.160 3.431837 0.000772
1.161 3.430991 0.000739
1.162 3.430145 0.000707
1.163 3.429299 0.000674
1.164 3.428453 0.000641
1.165 3.427607 0.000608
1.166 3.426761 0.000576
1.167 3.425915 0.000543
1.168 3.425119 0.000525
1.169 3.424343 0.000513
1.170 3.423566 0.000501
1.171 3.422790 0.000490
1.172 3.422014 0.000478
1.173 3.421237 0.000466
1.174 3.420461 0.000454
1.175 3.419685 0.000442
1.176 3.418908 0.000430
1.177 3.418156 0.000420
1.178 3.417473 0.000417
1.179 3.416791 0.000414
1.180 3.416108 0.000411
1.181 3.415425 0.000408
1.182 3.414742 0.000405
1.183 3.414059 0.000402
1.184 3.413376 0.000399
1.185 3.412693 0.000397
1.186 3.412010 0.000394
1.187 3.411357 0.000385
1.188 3.410719 0.000373
1.189 3.410081 0.000361
1.190 3.409443 0.000349
1.191 3.408806 0.000337
1.192 3.408168 0.000325
1.193 3.407530 0.000314
1.194 3.406892 0.000302
1.195 3.406254 0.000290
1.196 3.405616 0.000278
1.197 3.405023 0.000269
1.198 3.404435 0.000261
1.199 3.403847 0.000253
1.200 3.403259 0.000245
1.201 3.402671 0.000236
1.202 3.402083 0.000228
1.203 3.401495 0.000220
1.204 3.400908 0.000212
1.205 3.400320 0.000203
1.206 3.399732 0.000195
1.207 3.399165 0.000187
1.208 3.398599 0.000179
1.209 3.398033 0.000171
1.210 3.397468 0.000163
1.211 3.396902 0.000155
1.212 3.396336 0.000147
1.213 3.395770 0.000139
1.214 3.395204 0.000131
1.215 3.394639 0.000123
1.216 3.394073 0.000115
1.217 3.393534 0.000107
1.218 3.392999 0.000099
1.219 3.392464 0.000091
1.220 3.391930 0.000084
1.221 3.391395 0.000076
1.222 3.390860 0.000068
1.223 3.390326 0.000060
1.224 3.389791 0.000053
1.225 3.389256 0.000045
1.226 3.388722 0.000037
1.227 3.388200 0.000032
1.228 3.387687 0.000029
1.229 3.387174 0.000025
1.230 3.386661 0.000022
1.231 3.386147 0.000019
1.232 3.385634 0.000016
1.233 3.385121 0.000012
1.234 3.384608 0.000009
1.235 3.384095 0.000006
1.236 3.383582 0.000003
1.237 3.383073 0.000000
1.238 3.382584 0.000000
1.239 3.382095 0.000000
1.240 3.381606 0.000000
1.241 3.381117 0.000000
1.242 3.380628 0.000000
1.243 3.380138 0.000000
1.244 3.379649 0.000000
1.245 3.379160 0.000000
1.246 3.378671 0.000000
1.247 3.378182 0.000000
1.248 3.377703 0.000000
1.249 3.377232 0.000000
1.250 3.376762 0.000000
1.251 3.376291 0.000000
1.252 3.375820 0.000000
1.253 3.375350 0.000000
1.254 3.374879 0.000000
1.255 3.374409 0.000000
1.256 3.373938 0.000000
1.257 3.373467 0.000000
1.258 3.372997 0.000000
1.259 3.372537 0.000000
1.260 3.372083 0.000000
1.261 3.371628 0.000000
1.262 3.371173 0.000000
1.263 3.370718 0.000000
1.264 3.370263 0.000000
1.265 3.369809 0.000000
1.266 3.369354 0.000000
1.267 3.368899 0.000000
1.268 3.368444 0.000000
1.269 3.367990 0.000000
1.270 3.367549 0.000000
1.271 3.367114 0.000000
1.272 3.366679 0.000000
1.273 3.366244 0.000000
1.274 3.365809 0.000000
1.275 3.365374 0.000000
1.276 3.364939 0.000000
1.277 3.364504 0.000000
1.278 3.364069 0.000000
1.279 3.363633 0.000000
1.280 3.363198 0.000000
1.281 3.362770 0.000000
1.282 3.362349 0.000000
1.283 3.361927 0.000000
1.284 3.361505 0.000000
1.285 3.361083 0.000000
1.286 3.360661 0.000000
1.287 3.360239 0.000000
1.288 3.359817 0.000000
1.289 3.359396 0.000000
1.290 3.358974 0.000000
1.291 3.358552 0.000000
1.292 3.358133 0.000000
1.293 3.357729 0.000000
1.294 3.357325 0.000000
1.295 3.356920 0.000000
1.296 3.356516 0.000000
1.297 3.356112 0.000000
1.298 3.355708 0.000000
1.299 3.355304 0.000000
1.300 3.354900 0.000000
1.301 3.354496 0.000000
1.302 3.354092 0.000000
1.303 3.353688 0.000000
1.304 3.353289 0.000000
1.305 3.352894 0.000000
1.306 3.352500 0.000000
1.307 3.352105 0.000000
1.308 3.351710 0.000000
1.309 3.351316 0.000000
1.310 3.350921 0.000000
1.311 3.350526 0.000000
1.312 3.350131 0.000000
1.313 3.349737 0.000000
1.314 3.349342 0.000000
1.315 3.348947 0.000000
1.316 3.348569 0.000000
1.317 3.348196 0.000000
1.318 3.347824 0.000000
1.319 3.347451 0.000000
1.320 3.347078 0.000000
1.321 3.346705 0.000000
1.322 3.346332 0.000000
1.323 3.345960 0.000000
1.324 3.345587 0.000000
1.325 3.345214 0.000000
1.326 3.344841 0.000000
1.327 3.344468 0.000000
1.328 3.344102 0.000000
1.329 3.343738 0.000000
1.330 3.343373 0.000000
1.331 3.343009 0.000000
1.332 3.342645 0.000000
1.333 3.342281 0.000000
1.334 3.341916 0.000000
1.335 3.341552 0.000000
1.336 3.341188 0.000000
1.337 3.340824 0.000000
1.338 3.340459 0.000000
1.339 3.340095 0.000000
1.340 3.339739 0.000000
1.341 3.339390 0.000000
1.342 3.339042 0.000000
1.343 3.338693 0.000000
1.344 3.338345 0.000000
1.345 3.337996 0.000000
1.346 3.337648 0.000000
1.347 3.337299 0.000000
1.348 3.336951 0.000000
1.349 3.336602 0.000000
1.350 3.336254 0.000000
1.351 3.335905 0.000000
1.352 3.335557 0.000000
1.353 3.335213 0.000000
1.354 3.334870 0.000000
1.355 3.334527 0.000000
1.356 3.334183 0.000000
1.357 3.333840 0.000000
1.358 3.333496 0.000000
1.359 3.333153 0.000000
1.360 3.332809 0.000000
1.361 3.332466 0.000000
1.362 3.332122 0.000000
1.363 3.331779 0.000000
1.364 3.331435 0.000000
1.365 3.331097 0.000000
1.366 3.330770 0.000000
1.367 3.330443 0.000000
1.368 3.330116 0.000000
1.369 3.329788 0.000000
1.370 3.329461 0.000000
1.371 3.329134 0.000000
1.372 3.328807 0.000000
1.373 3.328479 0.000000
1.374 3.328152 0.000000
1.375 3.327825 0.000000
1.376 3.327498 0.000000
1.377 3.327170 0.000000
1.378 3.326845 0.000000
1.379 3.326522 0.000000
1.380 3.326199 0.000000
1.381 3.325877 0.000000
1.382 3.325554 0.000000
1.383 3.325231 0.000000
1.384 3.324908 0.000000
1.385 3.324585 0.000000
1.386 3.324262 0.000000
1.387 3.323940 0.000000
1.388 3.323617 0.000000
1.389 3.323294 0.000000
1.390 3.322971 0.000000
1.391 3.322652 0.000000
1.392 3.322344 0.000000
1.393 3.322037 0.000000
1.394 3.321729 0.000000
1.395 3.321422 0.000000
1.396 3.321114 0.000000
1.397 3.320807 0.000000
1.398 3.320499 0.000000
1.399 3.320192 0.000000
1.400 3.319885 0.000000
1.401 3.319577 0.000000
1.402 3.319270 0.000000
1.403 3.318962 0.000000
1.404 3.318655 0.000000
1.405 3.318351 0.000000
1.406 3.318049 0.000000
1.407 3.317747 0.000000
1.408 3.317444 0.000000
1.409 3.317142 0.000000
1.410 3.316840 0.000000
1.411 3.316538 0.000000
1.412 3.316235 0.000000
1.413 3.315933 0.000000
1.414 3.315631 0.000000
1.415 3.315329 0.000000
1.416 3.315026 0.000000
1.417 3.314724 0.000000
1.418 3.314423 0.000000
1.419 3.314138 0.000000
1.420 3.313853 0.000000
1.421 3.313567 0.000000
1.422 3.313282 0.000000
1.423 3.312997 0.000000
1.424 3.312712 0.000000
1.425 3.312427 0.000000
1.426 3.312142 0.000000
1.427 3.311857 0.000000
1.428 3.311572 0.000000
1.429 3.311287 0.000000
1.430 3.311002 0.000000
1.431 3.310717 0.000000
1.432 3.310432 0.000000
1.433 3.310152 0.000000
1.434 3.309872 0.000000
1.435 3.309592 0.000000
1.436 3.309312 0.000000
1.437 3.309031 0.000000
1.438 3.308751 0.000000
1.439 3.308471 0.000000
1.440 3.308191 0.000000
1.441 3.307911 0.000000
1.442 3.307631 0.000000
1.443 3.307350 0.000000
1.444 3.307070 0.000000
1.445 3.306790 0.000000
1.446 3.306510 0.000000
1.447 3.306238 0.000000
1.448 3.305968 0.000000
1.449 3.305697 0.000000
1.450 3.305427 0.000000
1.451 3.305157 0.000000
1.452 3.304886 0.000000
1.453 3.304616 0.000000
1.454 3.304346 0.000000
1.455 3.304075 0.000000
1.456 3.303805 0.000000
1.457 3.303535 0.000000
1.458 3.303265 0.000000
1.459 3.302994 0.000000
1.460 3.302724 0.000000
1.461 3.302455 0.000000
1.462 3.302191 0.000000
1.463 3.301926 0.000000
1.464 3.301661 0.000000
1.465 3.301396 0.000000
1.466 3.301131 0.000000
1.467 3.300867 0.000000
1.468 3.300602 0.000000
1.469 3.300337 0.000000
1.470 3.300072 0.000000
1.471 3.299808 0.000000
1.472 3.299543 0.000000
1.473 3.299278 0.000000
1.474 3.299013 0.000000
1.475 3.298749 0.000000
1.476 3.298489 0.000000
1.477 3.298236 0.000000
1.478 3.297983 0.000000
1.479 3.297730 0.000000
1.480 3.297477 0.000000
1.481 3.297224 0.000000
1.482 3.296971 0.000000
1.483 3.296718 0.000000
1.484 3.296465 0.000000
1.485 3.296211 0.000000
1.486 3.295958 0.000000
1.487 3.295705 0.000000
1.488 3.295452 0.000000
1.489 3.295199 0.000000
1.490 3.294946 0.000000
1.491 3.294695 0.000000
1.492 3.294448 0.000000
1.493 3.294201 0.000000
1.494 3.293954 0.000000
1.495 3.293707 0.000000
1.496 3.293460 0.000000
1.497 3.293213 0.000000
1.498 3.292966 0.000000
1.499 3.292719 0.000000
1.500 3.292472 0.000000
1.501 3.292225 0.000000
1.502 3.291978 0.000000
1.503 3.291731 0.000000
1.504 3.291484 0.000000
1.505 3.291237 0.000000
1.506 3.290990 0.000000
1.507 3.290752 0.000000
1.508 3.290516 0.000000
1.509 3.290279 0.000000
1.510 3.290043 0.000000
1.511 3.289806 0.000000
1.512 3.289570 0.000000
1.513 3.289334 0.000000
1.514 3.289097 0.000000
1.515 3.288861 0.000000
1.516 3.288625 0.000000
1.517 3.288388 0.000000
1.518 3.288152 0.000000
1.519 3.287915 0.000000
1.520 3.287679 0.000000
1.521 3.287443 0.000000
1.522 3.287207 0.000000
1.523 3.286975 0.000000
1.524 3.286744 0.000000
1.525 3.286513 0.000000
1.526 3.286282 0.000000
1.527 3.286051 0.000000
1.528 3.285820 0.000000
1.529 3.285589 0.000000
1.530 3.285358 0.000000
1.531 3.285127 0.000000
1.532 3.284896 0.000000
1.533 3.284664 0.000000
1.534 3.284433 0.000000
1.535 3.284202 0.000000
1.536 3.283971 0.000000
1.537 3.283740 0.000000
1.538 3.283509 0.000000
1.539 3.283285 0.000000
1.540 3.283061 0.000000
1.541 3.282838 0.000000
1.542 3.282614 0.000000
1.543 3.282391 0.000000
1.544 3.282167 0.000000
1.545 3.281943 0.000000
1.546 3.281720 0.000000
1.547 3.281496 0.000000
1.548 3.281272 0.000000
1.549 3.281049 0.000000
1.550 3.280825 0.000000
1.551 3.280602 0.000000
1.552 3.280378 0.000000
1.553 3.280154 0.000000
1.554 3.279931 0.000000
1.555 3.279710 0.000000
1.556 3.279494 0.000000
1.557 3.279277 0.000000
1.558 3.279060 0.000000
1.559 3.278843 0.000000
1.560 3.278626 0.000000
1.561 3.278409 0.000000
1.562 3.278192 0.000000
1.563 3.277975 0.000000
1.564 3.277758 0.000000
1.565 3.277541 0.000000
1.566 3.277324 0.000000
1.567 3.277108 0.000000
1.568 3.276891 0.000000
1.569 3.276674 0.000000
1.570 3.276457 0.000000
1.571 3.276240 0.000000
1.572 3.276029 0.000000
1.573 3.275821 0.000000
1.574 3.275612 0.000000
1.575 3.275404 0.000000
1.576 3.275196 0.000000
1.577 3.274987 0.000000
1.578 3.274779 0.000000
1.579 3.274571 0.000000
1.580 3.274362 0.000000
1.581 3.274154 0.000000
1.582 3.273946 0.000000
1.583 3.273738 0.000000
1.584 3.273529 0.000000
1.585 3.273321 0.000000
1.586 3.273113 0.000000
1.587 3.272904 0.000000
1.588 3.272696 0.000000
1.589 3.272491 0.000000
1.590 3.272288 0.000000
1.591 3.272085 0.000000
1.592 3.271883 0.000000
1.593 3.271680 0.000000
1.594 3.271477 0.000000
1.595 3.271275 0.000000
1.596 3.271072 0.000000
1.597 3.270870 0.000000
1.598 3.270667 0.000000
1.599 3.270464 0.000000
1.600 3.270262 0.000000
1.601 3.270059 0.000000
1.602 3.269856 0.000000
1.603 3.269654 0.000000
1.604 3.269451 0.000000
1.605 3.269248 0.000000
1.606 3.269046 0.000000
1.607 3.268849 0.000000
1.608 3.268652 0.000000
1.609 3.268455 0.000000
1.610 3.268259 0.000000
1.611 3.268062 0.000000
1.612 3.267865 0.000000
1.613 3.267669 0.000000
1.614 3.267472 0.000000
1.615 3.267275 0.000000
1.616 3.267079 0.000000
1.617 3.266882 0.000000
1.618 3.266686 0.000000
1.619 3.266489 0.000000
1.620 3.266292 0.000000
1.621 3.266096 0.000000
1.622 3.265899 0.000000
1.623 3.265702 0.000000
1.624 3.265506 0.000000
1.625 3.265315 0.000000
1.626 3.265124 0.000000
1.627 3.264933 0.000000
1.628 3.264743 0.000000
1.629 3.264552 0.000000
1.630 3.264361 0.000000
1.631 3.264171 0.000000
1.632 3.263980 0.000000
1.633 3.263789 0.000000
1.634 3.263598 0.000000
1.635 3.263408 0.000000
1.636 3.263217 0.000000
1.637 3.263026 0.000000
1.638 3.262836 0.000000
1.639 3.262645 0.000000
1.640 3.262454 0.000000
1.641 3.262263 0.000000
1.642 3.262073 0.000000
1.643 3.261885 0.000000
1.644 3.261700 0.000000
1.645 3.261514 0.000000
1.646 3.261329 0.000000
1.647 3.261144 0.000000
1.648 3.260958 0.000000
1.649 3.260773 0.000000
1.650 3.260587 0.000000
1.651 3.260402 0.000000
1.652 3.260216 0.000000
1.653 3.260031 0.000000
1.654 3.259845 0.000000
1.655 3.259660 0.000000
1.656 3.259474 0.000000
1.657 3.259289 0.000000
1.658 3.259104 0.000000
1.659 3.258918 0.000000
1.660 3.258733 0.000000
1.661 3.258547 0.000000
1.662 3.258367 0.000000
1.663 3.258188 0.000000
1.664 3.258009 0.000000
1.665 3.257829 0.000000
1.666 3.257650 0.000000
1.667 3.257471 0.000000
1.668 3.257292 0.000000
1.669 3.257112 0.000000
1.670 3.256933 0.000000
1.671 3.256754 0.000000
1.672 3.256575 0.000000
1.673 3.256396 0.000000
1.674 3.256216 0.000000
1.675 3.256037 0.000000
1.676 3.255858 0.000000
1.677 3.255679 0.000000
1.678 3.255499 0.000000
1.679 3.255320 0.000000
1.680 3.255141 0.000000
1.681 3.254965 0.000000
1.682 3.254790 0.000000
1.683 3.254615 0.000000
1.684 3.254441 0.000000
1.685 3.254266 0.000000
1.686 3.254091 0.000000
1.687 3.253917 0.000000
1.688 3.253742 0.000000
1.689 3.253567 0.000000
1.690 3.253393 0.000000
1.691 3.253218 0.000000
1.692 3.253043 0.000000
1.693 3.252869 0.000000
1.694 3.252694 0.000000
1.695 3.252519 0.000000
1.696 3.252345 0.000000
1.697 3.252170 0.000000
1.698 3.251996 0.000000
1.699 3.251821 0.000000
1.700 3.251646 0.000000
1.701 3.251479 0.000000
1.702 3.251313 0.000000
1.703 3.251147 0.000000
1.704 3.250980 0.000000
1.705 3.250814 0.000000
1.706 3.250648 0.000000
1.707 3.250481 0.000000
1.708 3.250315 0.000000
1.709 3.250148 0.000000
1.710 3.249982 0.000000
1.711 3.249816 0.000000
1.712 3.249649 0.000000
1.713 3.249483 0.000000
1.714 3.249316 0.000000
1.715 3.249150 0.000000
1.716 3.248984 0.000000
1.717 3.248817 0.000000
1.718 3.248651 0.000000
1.719 3.248484 0.000000
1.720 3.248318 0.000000
1.721 3.248156 0.000000
1.722 3.247994 0.000000
1.723 3.247832 0.000000
1.724 3.247671 0.000000
1.725 3.247509 0.000000
1.726 3.247347 0.000000
1.727 3.247186 0.000000
1.728 3.247024 0.000000
1.729 3.246863 0.000000
1.730 3.246701 0.000000
1.731 3.246539 0.000000
1.732 3.246378 0.000000
1.733 3.246216 0.000000
1.734 3.246054 0.000000
1.735 3.245893 0.000000
1.736 3.245731 0.000000
1.737 3.245570 0.000000
1.738 3.245408 0.000000
1.739 3.245246 0.000000
1.740 3.245085 0.000000
1.741 3.244924 0.000000
1.742 3.244767 0.000000
1.743 3.244610 0.000000
1.744 3.244453 0.000000
1.745 3.244296 0.000000
1.746 3.244139 0.000000
1.747 3.243982 0.000000
1.748 3.243825 0.000000
1.749 3.243668 0.000000
1.750 3.243511 0.000000
1.751 3.243354 0.000000
1.752 3.243197 0.000000
1.753 3.243040 0.000000
1.754 3.242883 0.000000
1.755 3.242726 0.000000
1.756 3.242569 0.000000
1.757 3.242412 0.000000
1.758 3.242255 0.000000
1.759 3.242098 0.000000
1.760 3.241941 0.000000
1.761 3.241784 0.000000
1.762 3.241627 0.000000
1.763 3.241473 0.000000
1.764 3.241319 0.000000
1.765 3.241164 0.000000
1.766 3.241010 0.000000
1.767 3.240856 0.000000
1.768 3.240702 0.000000
1.769 3.240547 0.000000
1.770 3.240393 0.000000
1.771 3.240239 0.000000
1.772 3.240085 0.000000
1.773 3.239930 0.000000
1.774 3.239776 0.000000
1.775 3.239622 0.000000
1.776 3.239468 0.000000
1.777 3.239313 0.000000
1.778 3.239159 0.000000
1.779 3.239005 0.000000
1.780 3.238851 0.000000
1.781 3.238696 0.000000
1.782 3.238542 0.000000
1.783 3.238388 0.000000
1.784 3.238238 0.000000
1.785 3.238092 0.000000
1.786 3.237946 0.000000
1.787 3.237800 0.000000
1.788 3.237655 0.000000
1.789 3.237509 0.000000
1.790 3.237363 0.000000
1.791 3.237218 0.000000
1.792 3.237072 0.000000
1.793 3.236926 0.000000
1.794 3.236781 0.000000
1.795 3.236635 0.000000
1.796 3.236489 0.000000
1.797 3.236343 0.000000
1.798 3.236198 0.000000
1.799 3.236052 0.000000
1.800 3.235906 0.000000
1.801 3.235761 0.000000
1.802 3.235615 0.000000
1.803 3.235469 0.000000
1.804 3.235324 0.000000
1.805 3.235178 0.000000
1.806 3.235033 0.000000
1.807 3.234891 0.000000
1.808 3.234748 0.000000
1.809 3.234606 0.000000
1.810 3.234463 0.000000
1.811 3.234321 0.000000
1.812 3.234178 0.000000
1.813 3.234036 0.000000
1.814 3.233893 0.000000
1.815 3.233751 0.000000
1.816 3.233608 0.000000
1.817 3.233466 0.000000
1.818 3.233323 0.000000
1.819 3.233181 0.000000
1.820 3.233038 0.000000
1.821 3.232896 0.000000
1.822 3.232753 0.000000
1.823 3.232611 0.000000
1.824 3.232468 0.000000
1.825 3.232326 0.000000
1.826 3.232183 0.000000
1.827 3.232041 0.000000
1.828 3.231898 0.000000
1.829 3.231759 0.000000
1.830 3.231623 0.000000
1.831 3.231487 0.000000
1.832 3.231351 0.000000
1.833 3.231215 0.000000
1.834 3.231079 0.000000
1.835 3.230943 0.000000
1.836 3.230806 0.000000
1.837 3.230670 0.000000
1.838 3.230534 0.000000
1.839 3.230398 0.000000
1.840 3.230262 0.000000
1.841 3.230126 0.000000
1.842 3.229990 0.000000
1.843 3.229853 0.000000
1.844 3.229717 0.000000
1.845 3.229581 0.000000
1.846 3.229445 0.000000
1.847 3.229309 0.000000
1.848 3.229173 0.000000
1.849 3.229037 0.000000
1.850 3.228901 0.000000
1.851 3.228764 0.000000
1.852 3.228629 0.000000
1.853 3.228495 0.000000
1.854 3.228361 0.000000
1.855 3.228228 0.000000
1.856 3.228094 0.000000
1.857 3.227960 0.000000
1.858 3.227827 0.000000
1.859 3.227693 0.000000
1.860 3.227559 0.000000
1.861 3.227426 0.000000
1.862 3.227292 0.000000
1.863 3.227158 0.000000
1.864 3.227024 0.000000
1.865 3.226891 0.000000
1.866 3.226757 0.000000
1.867 3.226623 0.000000
1.868 3.226490 0.000000
1.869 3.226356 0.000000
1.870 3.226222 0.000000
1.871 3.226089 0.000000
1.872 3.225955 0.000000
1.873 3.225821 0.000000
1.874 3.225687 0.000000
1.875 3.225554 0.000000
1.876 3.225422 0.000000
1.877 3.225295 0.000000
1.878 3.225168 0.000000
1.879 3.225040 0.000000
1.880 3.224913 0.000000
1.881 3.224785 0.000000
1.882 3.224658 0.000000
1.883 3.224531 0.000000
1.884 3.224403 0.000000
1.885 3.224276 0.000000
1.886 3.224149 0.000000
1.887 3.224021 0.000000
1.888 3.223894 0.000000
1.889 3.223766 0.000000
1.890 3.223639 0.000000
1.891 3.223512 0.000000
1.892 3.223384 0.000000
1.893 3.223257 0.000000
1.894 3.223130 0.000000
1.895 3.223002 0.000000
1.896 3.222875 0.000000
1.897 3.222747 0.000000
1.898 3.222620 0.000000
1.899 3.222493 0.000000
1.900 3.222365 0.000000
1.901 3.222240 0.000000
1.902 3.222115 0.000000
1.903 3.221990 0.000000
1.904 3.221865 0.000000
1.905 3.221741 0.000000
1.906 3.221616 0.000000
1.907 3.221491 0.000000
1.908 3.221366 0.000000
1.909 3.221241 0.000000
1.910 3.221116 0.000000
1.911 3.220991 0.000000
1.912 3.220867 0.000000
1.913 3.220742 0.000000
1.914 3.220617 0.000000
1.915 3.220492 0.000000
1.916 3.220367 0.000000
1.917 3.220242 0.000000
1.918 3.220118 0.000000
1.919 3.219993 0.000000
1.920 3.219868 0.000000
1.921 3.219743 0.000000
1.922 3.219618 0.000000
1.923 3.219493 0.000000
1.924 3.219368 0.000000
1.925 3.219244 0.000000
1.926 3.219123 0.000000
1.927 3.219004 0.000000
1.928 3.218885 0.000000
1.929 3.218766 0.000000
1.930 3.218647 0.000000
1.931 3.218528 0.000000
1.932 3.218409 0.000000
1.933 3.218290 0.000000
1.934 3.218171 0.000000
1.935 3.218053 0.000000
1.936 3.217934 0.000000
1.937 3.217815 0.000000
1.938 3.217696 0.000000
1.939 3.217577 0.000000
1.940 3.217458 0.000000
1.941 3.217339 0.000000
1.942 3.217220 0.000000
1.943 3.217102 0.000000
1.944 3.216983 0.000000
1.945 3.216864 0.000000
1.946 3.216745 0.000000
1.947 3.216626 0.000000
1.948 3.216507 0.000000
1.949 3.216388 0.000000
1.950 3.216269 0.000000