0.251 2.106918 3.331614
0.252 2.160205 3.342681
0.253 2.213154 3.351077
0.254 2.267833 3.361923
0.255 2.318198 3.368927
0.256 2.372996 3.376328
0.257 2.429115 3.384059
0.258 2.486983 3.391509
0.259 2.548469 3.397975
0.260 2.613900 3.402661
0.261 2.678433 3.399813
0.262 2.748849 3.397092
0.263 2.820003 3.381881
0.264 2.895751 3.365659
0.265 2.965170 3.339563
0.266 3.032700 3.308685
0.267 3.100714 3.273000
0.268 3.162331 3.228401
0.269 3.217706 3.181190
0.270 3.270521 3.131734
0.271 3.313170 3.078659
0.272 3.355326 3.026127
0.273 3.387818 2.972787
0.274 3.416435 2.919476
0.275 3.441807 2.864002
0.276 3.464303 2.814895
0.277 3.482243 2.763796
0.278 3.496377 2.711070
0.279 3.508711 2.665915
0.280 3.516410 2.620029
0.281 3.522934 2.575649
0.282 3.529010 2.533185
0.283 3.531107 2.492037
0.284 3.533355 2.451981
0.285 3.535396 2.413807
0.286 3.533107 2.377528
0.287 3.530725 2.341293
0.288 3.528538 2.306926
0.289 3.522005 2.273945
0.290 3.516833 2.245967
0.291 3.511818 2.214571
0.292 3.506784 2.188668
0.293 3.498154 2.159145
0.294 3.489134 2.134965
0.295 3.480369 2.111407
0.296 3.471890 2.088496
0.297 3.463776 2.067395
0.298 3.452010 2.049659
0.299 3.443346 2.030790
0.300 3.431358 2.012622
0.301 3.423912 1.995926
0.302 3.412179 1.979195
0.303 3.405186 1.967305
0.304 3.394462 1.951756
0.305 3.383666 1.940973
0.306 3.373674 1.930528
0.307 3.367245 1.920357
0.308 3.357215 1.910440
0.309 3.348954 1.900753
0.310 3.341186 1.891275
0.311 3.332578 1.882054
0.312 3.323284 1.877958
0.313 3.314386 1.869050
0.314 3.310136 1.865301
0.315 3.301584 1.857408
0.316 3.294553 1.853360
0.317 3.289458 1.849847
0.318 3.282288 1.845820
0.319 3.278140 1.840550
0.320 3.271216 1.839941
0.321 3.267480 1.835267
0.322 3.259911 1.835233
0.323 3.257367 1.830313
0.324 3.250590 1.830470
0.325 3.247819 1.827679
0.326 3.245034 1.825926
0.327 3.238709 1.826261
0.328 3.236858 1.826669
0.329 3.235077 1.827107
0.330 3.232138 1.826338
0.331 3.226816 1.823135
0.332 3.225333 1.823733
0.333 3.223923 1.824377
0.334 3.222618 1.825085
0.335 3.221394 1.825839
0.336 3.220244 1.826633
0.337 3.219146 1.827458
0.338 3.218165 1.828363
0.339 3.217255 1.829315
0.340 3.216393 1.831524
0.341 3.215598 1.836308
0.342 3.214895 1.837395
0.343 3.214250 1.838523
0.344 3.213650 1.839684
0.345 3.215922 1.840949
0.346 3.217735 1.842999
0.347 3.217352 1.848567
0.348 3.217638 1.849931
0.349 3.221712 1.851377
0.350 3.221627 1.852867
0.351 3.221510 1.856026
0.352 3.225166 1.860989
0.353 3.226510 1.862617
0.354 3.229668 1.864281
0.355 3.231754 1.870919
0.356 3.234415 1.872780
0.357 3.237280 1.874599
0.358 3.239506 1.878326
0.359 3.243104 1.883394
0.360 3.244668 1.885357
0.361 3.249195 1.890392
0.362 3.254415 1.894430
0.363 3.255594 1.896526
0.364 3.260221 1.902490
0.365 3.263622 1.905873
0.366 3.268249 1.908102
0.367 3.273788 1.914872
0.368 3.277771 1.917715
0.369 3.281761 1.924172
0.370 3.289128 1.927463
0.371 3.294401 1.932937
0.372 3.299961 1.937365
0.373 3.304264 1.941921
0.374 3.312774 1.947588
0.375 3.320048 1.954547
0.376 3.325007 1.957613
0.377 3.333738 1.964635
0.378 3.340842 1.969647
0.379 3.346392 1.975659
0.380 3.355368 1.983104
0.381 3.364395 1.988318
0.382 3.377238 1.994037
0.383 3.387663 2.001622
0.384 3.396908 2.007239
0.385 3.410330 2.012683
0.386 3.421906 2.020254
0.387 3.437727 2.026270
0.388 3.449957 2.031629
0.389 3.465365 2.034714
0.390 3.481779 2.037826
0.391 3.498237 2.040314
0.392 3.516011 2.039185
0.393 3.536411 2.039543
0.394 3.553074 2.036175
0.395 3.568584 2.032924
0.396 3.581728 2.026893
0.397 3.594616 2.021659
0.398 3.609232 2.017235
0.399 3.620122 2.010803
0.400 3.626901 2.004171
0.401 3.635691 2.000438
0.402 3.640161 1.995448
0.403 3.648445 1.990929
0.404 3.654548 1.992876
0.405 3.659783 1.991474
0.406 3.665165 1.993149
0.407 3.670823 1.997848
0.408 3.677235 2.002774
0.409 3.683965 2.007924
0.410 3.695266 2.017217
0.411 3.705087 2.024051
0.412 3.719218 2.034876
0.413 3.730352 2.046064
0.414 3.749363 2.055746
0.415 3.767978 2.062290
0.416 3.790938 2.072508
0.417 3.814318 2.082208
0.418 3.839679 2.091330
0.419 3.869772 2.097719
0.420 3.900349 2.103420
0.421 3.932261 2.105711
0.422 3.966443 2.105617
0.423 4.000205 2.102528
0.424 4.033892 2.097230
0.425 4.067358 2.091008
0.426 4.100535 2.083212
0.427 4.133527 2.073199
0.428 4.166418 2.061334
0.429 4.198890 2.048565
0.430 4.228828 2.032124
0.431 4.261071 2.014842
0.432 4.293597 1.996498
0.433 4.324768 1.976827
0.434 4.355730 1.953526
0.435 4.385156 1.927514
0.436 4.412849 1.899678
0.437 4.439720 1.870022
0.438 4.465879 1.838607
0.439 4.490555 1.805738
0.440 4.509974 1.770224
0.441 4.530301 1.733932
0.442 4.546363 1.696569
0.443 4.558806 1.658660
0.444 4.568965 1.620481
0.445 4.576961 1.582121
0.446 4.581536 1.544135
0.447 4.582549 1.510181
0.448 4.582583 1.474240
0.449 4.579260 1.441019
0.450 4.577044 1.409843
0.451 4.570598 1.379051
0.452 4.563590 1.348677
0.453 4.556524 1.319482
0.454 4.551576 1.291359
0.455 4.543967 1.267253
0.456 4.535296 1.240669
0.457 4.526233 1.218106
0.458 4.517178 1.196603
0.459 4.507633 1.175792
0.460 4.494456 1.155652
0.461 4.484328 1.135811
0.462 4.474987 1.116662
0.463 4.465610 1.100649
0.464 4.456232 1.084245
0.465 4.446875 1.069054
0.466 4.437534 1.052413
0.467 4.428204 1.038402
0.468 4.418893 1.022897
0.469 4.409618 1.008616
0.470 4.400391 0.996654
0.471 4.391208 0.984631
0.472 4.382050 0.972430
0.473 4.372932 0.960660
0.474 4.363877 0.949526
0.475 4.356893 0.938743
0.476 4.350775 0.928082
0.477 4.341932 0.917795
0.478 4.333093 0.908195
0.479 4.324275 0.898624
0.480 4.315505 0.889289
0.481 4.307942 0.880507
0.482 4.302078 0.871972
0.483 4.294585 0.863484
0.484 4.286046 0.855132
0.485 4.278071 0.847056
0.486 4.272773 0.839371
0.487 4.265814 0.831877
0.488 4.257507 0.824509
0.489 4.252200 0.817353
0.490 4.245882 0.810254
0.491 4.237977 0.803434
0.492 4.231844 0.796747
0.493 4.226636 0.790193
0.494 4.220154 0.783909
0.495 4.215768 0.777693
0.496 4.208218 0.771605
0.497 4.200479 0.765669
0.498 4.197010 0.759739
0.499 4.190008 0.754218
0.500 4.185901 0.748568
0.501 4.179782 0.743225
0.502 4.175060 0.737755
0.503 4.169624 0.732382
0.504 4.164422 0.727316
0.505 4.159641 0.722343
0.506 4.154084 0.717396
0.507 4.149679 0.712478
0.508 4.143987 0.707629
0.509 4.139800 0.702866
0.510 4.134237 0.698132
0.511 4.129915 0.693415
0.512 4.124805 0.688755
0.513 4.119936 0.684384
0.514 4.117352 0.680102
0.515 4.113458 0.675588
0.516 4.108004 0.671197
0.517 4.104229 0.667088
0.518 4.098688 0.662832
0.519 4.095032 0.658791
0.520 4.089611 0.654886
0.521 4.085689 0.650763
0.522 4.083191 0.646786
0.523 4.078973 0.642961
0.524 4.074551 0.639190
0.525 4.071440 0.635343
0.526 4.068310 0.631449
0.527 4.063926 0.627654
0.528 4.059933 0.624019
0.529 4.057673 0.620405
0.530 4.053631 0.616842
0.531 4.049127 0.613327
0.532 4.045103 0.609815
0.533 4.040749 0.606316
0.534 4.037426 0.602858
0.535 4.034830 0.599503
0.536 4.030965 0.596297
0.537 4.026439 0.593164
0.538 4.024462 0.589796
0.539 4.021066 0.586477
0.540 4.016872 0.583193
0.541 4.013703 0.580012
0.542 4.011801 0.576948
0.543 4.009668 0.573920
0.544 4.005972 0.570718
0.545 4.001839 0.567733
0.546 3.999405 0.564788
0.547 3.996484 0.561742
0.548 3.992627 0.558688
0.549 3.989021 0.555816
0.550 3.987268 0.552952
0.551 3.983419 0.550126
0.552 3.979752 0.547276
0.553 3.977066 0.544472
0.554 3.975374 0.541730
0.555 3.973696 0.538913
0.556 3.969259 0.536239
0.557 3.965965 0.533460
0.558 3.963712 0.530752
0.559 3.962084 0.528142
0.560 3.960468 0.525353
0.561 3.955526 0.522830
0.562 3.952472 0.520375
0.563 3.950639 0.517812
0.564 3.948621 0.515080
0.565 3.943281 0.512719
0.566 3.941029 0.510313
0.567 3.939492 0.507764
0.568 3.937739 0.505172
0.569 3.935196 0.502870
0.570 3.931108 0.500586
0.571 3.928535 0.498210
0.572 3.927063 0.495759
0.573 3.925600 0.493277
0.574 3.922095 0.491044
0.575 3.918871 0.488834
0.576 3.916328 0.486632
0.577 3.914908 0.484430
0.578 3.913505 0.481953
0.579 3.910085 0.479630
0.580 3.906103 0.477438
0.581 3.904468 0.475304
0.582 3.903091 0.473173
0.583 3.901755 0.471051
0.584 3.900265 0.468941
0.585 3.897823 0.466861
0.586 3.894379 0.464795
0.587 3.891547 0.462733
0.588 3.890256 0.460674
0.589 3.888977 0.458630
0.590 3.886155 0.456602
0.591 3.882533 0.454591
0.592 3.880433 0.452595
0.593 3.878984 0.450600
0.594 3.877605 0.448610
0.595 3.875958 0.446630
0.596 3.871948 0.444677
0.597 3.869165 0.442732
0.598 3.867995 0.440795
0.599 3.866825 0.438860
0.600 3.865662 0.436933
0.601 3.864157 0.435016
0.602 3.860322 0.433123
0.603 3.857823 0.431239
0.604 3.856131 0.429366
0.605 3.855009 0.427516
0.606 3.853333 0.425879
0.607 3.851028 0.424257
0.608 3.847380 0.422420
0.609 3.845654 0.420592
0.610 3.844587 0.418768
0.611 3.843521 0.416946
0.612 3.842466 0.415345
0.613 3.840681 0.413772
0.614 3.836376 0.412029
0.615 3.834390 0.410263
0.616 3.833378 0.408509
0.617 3.832366 0.406859
0.618 3.831362 0.405267
0.619 3.830140 0.403691
0.620 3.826795 0.401955
0.621 3.824281 0.400384
0.622 3.822467 0.398952
0.623 3.821485 0.397258
0.624 3.820129 0.395594
0.625 3.818227 0.393977
0.626 3.815287 0.392482
0.627 3.812719 0.390957
0.628 3.811802 0.389275
0.629 3.810886 0.387781
0.630 3.809951 0.386368
0.631 3.808740 0.384763
0.632 3.806409 0.383265
0.633 3.802749 0.381893
0.634 3.801441 0.380430
0.635 3.800574 0.378948
0.636 3.799708 0.377456
0.637 3.798849 0.376056
0.638 3.797994 0.374721
0.639 3.794302 0.373192
0.640 3.791333 0.371706
0.641 3.790505 0.370353
0.642 3.789677 0.368966
0.643 3.788851 0.367561
0.644 3.788037 0.366084
0.645 3.786361 0.364665
0.646 3.782607 0.363391
0.647 3.780667 0.362005
0.648 3.779887 0.360548
0.649 3.779108 0.359332
0.650 3.777795 0.358086
0.651 3.774534 0.356651
0.652 3.772326 0.355312
0.653 3.771152 0.354067
0.654 3.770316 0.352683
0.655 3.769572 0.351275
0.656 3.768830 0.350113
0.657 3.767280 0.348871
0.658 3.763994 0.347462
0.659 3.762007 0.346188
0.660 3.761003 0.345017
0.661 3.760248 0.343876
0.662 3.759549 0.342731
0.663 3.758850 0.341396
0.664 3.757397 0.340096
0.665 3.753914 0.338893
0.666 3.751799 0.337734
0.667 3.751129 0.336621
0.668 3.750462 0.335512
0.669 3.749798 0.334405
0.670 3.749133 0.333086
0.671 3.748272 0.331755
0.672 3.744886 0.330623
0.673 3.742185 0.329501
0.674 3.741557 0.328414
0.675 3.740931 0.327329
0.676 3.740309 0.326247
0.677 3.739543 0.325166
0.678 3.738669 0.324086
0.679 3.736247 0.323011
0.680 3.733211 0.321939
0.681 3.732253 0.320876
0.682 3.731658 0.319814
0.683 3.731068 0.318499
0.684 3.730385 0.317202
0.685 3.728785 0.316147
0.686 3.727068 0.315093
0.687 3.724877 0.314046
0.688 3.723158 0.313005
0.689 3.722594 0.311980
0.690 3.722032 0.311043
0.691 3.721473 0.310253
0.692 3.720059 0.309354
0.693 3.717584 0.308321
0.694 3.715757 0.307291
0.695 3.714558 0.306265
0.696 3.713736 0.305244
0.697 3.713210 0.304227
0.698 3.712688 0.303212
0.699 3.712168 0.302198
0.700 3.710068 0.301186
0.701 3.707031 0.300174
0.702 3.705626 0.299255
0.703 3.705117 0.298387
0.704 3.704617 0.297508
0.705 3.704122 0.296624
0.706 3.703148 0.295669
0.707 3.701913 0.294676
0.708 3.700063 0.293790
0.709 3.697851 0.292967
0.710 3.696683 0.292092
0.711 3.696204 0.291184
0.712 3.695731 0.290237
0.713 3.695264 0.289259
0.714 3.693729 0.288390
0.715 3.691174 0.287625
0.716 3.689411 0.286782
0.717 3.688625 0.285841
0.718 3.687963 0.284952
0.719 3.687511 0.284147
0.720 3.687002 0.283326
0.721 3.686350 0.282465
0.722 3.685338 0.281626
0.723 3.682750 0.280884
0.724 3.680323 0.280127
0.725 3.679888 0.279172
0.726 3.679452 0.278218
0.727 3.679027 0.277490
0.728 3.678603 0.276775
0.729 3.676692 0.276025
0.730 3.674440 0.275266
0.731 3.673093 0.274455
0.732 3.672204 0.273617
0.733 3.671556 0.272817
0.734 3.671147 0.272055
0.735 3.670650 0.271322
0.736 3.669972 0.270646
0.737 3.669057 0.269963
0.738 3.666681 0.269235
0.739 3.664305 0.268508
0.740 3.663799 0.267808
0.741 3.663415 0.267110
0.742 3.663032 0.266331
0.743 3.662649 0.265521
0.744 3.661196 0.264821
0.745 3.658662 0.264232
0.746 3.656668 0.263587
0.747 3.656241 0.262781
0.748 3.655813 0.261975
0.749 3.655454 0.261392
0.750 3.655095 0.260810
0.751 3.654736 0.260161
0.752 3.654377 0.259488
0.753 3.653134 0.258801
0.754 3.650819 0.258096
0.755 3.648782 0.257411
0.756 3.648238 0.256838
0.757 3.647694 0.256264
0.758 3.647327 0.255692
0.759 3.646991 0.255120
0.760 3.646195 0.254503
0.761 3.644977 0.253844
0.762 3.643694 0.253179
0.763 3.642122 0.252488
0.764 3.640550 0.251797
0.765 3.640019 0.251213
0.766 3.639697 0.250651
0.767 3.639377 0.250090
0.768 3.639057 0.249529
0.769 3.638565 0.248969
0.770 3.636164 0.248409
0.771 3.633763 0.247850
0.772 3.632799 0.247293
0.773 3.632493 0.246737
0.774 3.632191 0.246182
0.775 3.631898 0.245630
0.776 3.631605 0.245077
0.777 3.631081 0.244526
0.778 3.630516 0.243975
0.779 3.629350 0.243424
0.780 3.627304 0.242874
0.781 3.625257 0.242324
0.782 3.624885 0.241825
0.783 3.624605 0.241330
0.784 3.624330 0.240883
0.785 3.624059 0.240490
0.786 3.623788 0.240097
0.787 3.622750 0.239557
0.788 3.621700 0.239015
0.789 3.620447 0.238474
0.790 3.618976 0.237933
0.791 3.617505 0.237393
0.792 3.617194 0.237044
0.793 3.616932 0.236704
0.794 3.616673 0.236282
0.795 3.616417 0.235749
0.796 3.616161 0.235215
0.797 3.614642 0.234809
0.798 3.612933 0.234423
0.799 3.611515 0.234007
0.800 3.610776 0.233525
0.801 3.610036 0.233042
0.802 3.609649 0.232659
0.803 3.609405 0.232316
0.804 3.609161 0.231954
0.805 3.608924 0.231436
0.806 3.608688 0.230918
0.807 3.608094 0.230388
0.808 3.607127 0.229846
0.809 3.606161 0.229304
0.810 3.605293 0.228790
0.811 3.604442 0.228280
0.812 3.603653 0.227800
0.813 3.603111 0.227435
0.814 3.602569 0.227070
0.815 3.602050 0.226795
0.816 3.601553 0.226601
0.817 3.601055 0.226406
0.818 3.600545 0.225984
0.819 3.600032 0.225518
0.820 3.599519 0.225063
0.821 3.599009 0.224689
0.822 3.598499 0.224315
0.823 3.598009 0.223884
0.824 3.597550 0.223366
0.825 3.597091 0.222849
0.826 3.596640 0.222332
0.827 3.596193 0.221816
0.828 3.595747 0.221299
0.829 3.595290 0.220860
0.830 3.594833 0.220429
0.831 3.594376 0.220009
0.832 3.593921 0.219665
0.833 3.593467 0.219321
0.834 3.593023 0.218979
0.835 3.592603 0.218641
0.836 3.592184 0.218303
0.837 3.591749 0.217849
0.838 3.591300 0.217277
0.839 3.590851 0.216706
0.840 3.590436 0.216277
0.841 3.590040 0.215923
0.842 3.589644 0.215568
0.843 3.589260 0.215238
0.844 3.588879 0.214915
0.845 3.588497 0.214591
0.846 3.588096 0.214109
0.847 3.587694 0.213615
0.848 3.587291 0.213121
0.849 3.586901 0.212630
0.850 3.586510 0.212139
0.851 3.586120 0.211646
0.852 3.585734 0.211144
0.853 3.585348 0.210642
0.854 3.584961 0.210142
0.855 3.584569 0.209647
0.856 3.584178 0.209152
0.857 3.583791 0.208665
0.858 3.583422 0.208206
0.859 3.583052 0.207747
0.860 3.582686 0.207306
0.861 3.582335 0.206925
0.862 3.581983 0.206544
0.863 3.581632 0.206172
0.864 3.581280 0.205828
0.865 3.580928 0.205483
0.866 3.580581 0.205107
0.867 3.580253 0.204630
0.868 3.579925 0.204152
0.869 3.579595 0.203672
0.870 3.579257 0.203180
0.871 3.578920 0.202688
0.872 3.578581 0.202177
0.873 3.578229 0.201535
0.874 3.577877 0.200892
0.875 3.577526 0.200254
0.876 3.577198 0.199701
0.877 3.576870 0.199147
0.878 3.576542 0.198594
0.879 3.576200 0.198192
0.880 3.575857 0.197800
0.881 3.575514 0.197407
0.882 3.575189 0.197060
0.883 3.574869 0.196723
0.884 3.574548 0.196386
0.885 3.574239 0.195956
0.886 3.573935 0.195480
0.887 3.573631 0.195003
0.888 3.573330 0.194524
0.889 3.573032 0.194042
0.890 3.572734 0.193559
0.891 3.572442 0.193085
0.892 3.572166 0.192628
0.893 3.571889 0.192172
0.894 3.571612 0.191712
0.895 3.571328 0.191220
0.896 3.571043 0.190728
0.897 3.570759 0.190235
0.898 3.570474 0.189832
0.899 3.570190 0.189445
0.900 3.569905 0.189059
0.901 3.569621 0.188668
0.902 3.569338 0.188275
0.903 3.569054 0.187882
0.904 3.568769 0.187478
0.905 3.568480 0.187048
0.906 3.568191 0.186618
0.907 3.567902 0.186188
0.908 3.567643 0.185763
0.909 3.567384 0.185337
0.910 3.567125 0.184912
0.911 3.566865 0.184468
0.912 3.566604 0.184014
0.913 3.566342 0.183560
0.914 3.566079 0.183108
0.915 3.565813 0.182659
0.916 3.565547 0.182211
0.917 3.565280 0.181763
0.918 3.565026 0.181436
0.919 3.564772 0.181124
0.920 3.564519 0.180812
0.921 3.564267 0.180504
0.922 3.564017 0.180200
0.923 3.563767 0.179897
0.924 3.563518 0.179594
0.925 3.563305 0.179310
0.926 3.563093 0.179025
0.927 3.562881 0.178741
0.928 3.562662 0.178433
0.929 3.562440 0.178109
0.930 3.562218 0.177784
0.931 3.561997 0.177462
0.932 3.561789 0.177165
0.933 3.561581 0.176867
0.934 3.561374 0.176569
0.935 3.561161 0.176272
0.936 3.560944 0.175974
0.937 3.560727 0.175676
0.938 3.560511 0.175378
0.939 3.560301 0.175099
0.940 3.560091 0.174819
0.941 3.559881 0.174539
0.942 3.559675 0.174291
0.943 3.559472 0.174082
0.944 3.559270 0.173873
0.945 3.559068 0.173663
0.946 3.558862 0.173297
0.947 3.558656 0.172906
0.948 3.558450 0.172514
0.949 3.558246 0.172150
0.950 3.558048 0.171873
0.951 3.557850 0.171595
0.952 3.557652 0.171317
0.953 3.557463 0.171073
0.954 3.557281 0.170853
0.955 3.557099 0.170633
0.956 3.556917 0.170413
0.957 3.556751 0.170103
0.958 3.556585 0.169784
0.959 3.556420 0.169465
0.960 3.556251 0.169148
0.961 3.556068 0.168838
0.962 3.555884 0.168528
0.963 3.555700 0.168219
0.964 3.555520 0.167926
0.965 3.555345 0.167654
0.966 3.555170 0.167381
0.967 3.554995 0.167109
0.968 3.554827 0.166749
0.969 3.554662 0.166351
0.970 3.554497 0.165952
0.971 3.554332 0.165554
0.972 3.554171 0.165233
0.973 3.554011 0.164920
0.974 3.553851 0.164607
0.975 3.553691 0.164304
0.976 3.553534 0.164114
0.977 3.553378 0.163924
0.978 3.553222 0.163734
0.979 3.553070 0.163529
0.980 3.552934 0.163266
0.981 3.552799 0.163003
0.982 3.552663 0.162739
0.983 3.552532 0.162453
0.984 3.552409 0.162120
0.985 3.552285 0.161787
0.986 3.552162 0.161453
0.987 3.552040 0.161134
0.988 3.551921 0.160836
0.989 3.551802 0.160538
0.990 3.551683 0.160239
0.991 3.551565 0.159937
0.992 3.551449 0.159632
0.993 3.551333 0.159326
0.994 3.551217 0.159020
0.995 3.551113 0.158730
0.996 3.551023 0.158457
0.997 3.550933 0.158184
0.998 3.550843 0.157911
0.999 3.550759 0.157627
1.000 3.550683 0.157333
1.001 3.550606 0.157039
1.002 3.550529 0.156744
1.003 3.550454 0.156433
1.004 3.550381 0.156101
1.005 3.550308 0.155768
1.006 3.550235 0.155435
1.007 3.550164 0.155071
1.008 3.550094 0.154646
1.009 3.550024 0.154220
1.010 3.549955 0.153795
1.011 3.549889 0.153389
1.012 3.549837 0.153044
1.013 3.549785 0.152699
1.014 3.549733 0.152354
1.015 3.549681 0.152011
1.016 3.549639 0.151689
1.017 3.549596 0.151367
1.018 3.549554 0.151045
1.019 3.549512 0.150723
1.020 3.549472 0.150323
1.021 3.549433 0.149916
1.022 3.549393 0.149509
1.023 3.549354 0.149102
1.024 3.549317 0.148645
1.025 3.549280 0.148167
1.026 3.549244 0.147688
1.027 3.549207 0.147210
1.028 3.549173 0.146738
1.029 3.549142 0.146274
1.030 3.549110 0.145811
1.031 3.549079 0.145347
1.032 3.549048 0.144901
1.033 3.549021 0.144551
1.034 3.548993 0.144200
1.035 3.548966 0.143849
1.036 3.548938 0.143498
1.037 3.548913 0.143109
1.038 3.548889 0.142713
1.039 3.548865 0.142316
1.040 3.548840 0.141919
1.041 3.548817 0.141513
1.042 3.548796 0.141097
1.043 3.548774 0.140680
1.044 3.548753 0.140264
1.045 3.548730 0.139832
1.046 3.548689 0.139241
1.047 3.548647 0.138650
1.048 3.548606 0.138059
1.049 3.548565 0.137468
1.050 3.548520 0.136907
1.051 3.548472 0.136362
1.052 3.548425 0.135817
1.053 3.548378 0.135272
1.054 3.548331 0.134717
1.055 3.548287 0.134116
1.056 3.548242 0.133515
1.057 3.548198 0.132914
1.058 3.548154 0.132313
1.059 3.548112 0.131738
1.060 3.548071 0.131176
1.061 3.548031 0.130613
1.062 3.547990 0.130050
1.063 3.547942 0.129483
1.064 3.547845 0.128881
1.065 3.547747 0.128280
1.066 3.547650 0.127679
1.067 3.547553 0.127077
1.068 3.547445 0.126499
1.069 3.547329 0.125938
1.070 3.547212 0.125378
1.071 3.547096 0.124818
1.072 3.546980 0.124257
1.073 3.546866 0.123713
1.074 3.546753 0.123171
1.075 3.546639 0.122628
1.076 3.546526 0.122086
1.077 3.546414 0.121519
1.078 3.546305 0.120879
1.079 3.546196 0.120239
1.080 3.546087 0.119599
1.081 3.545979 0.118959
1.082 3.545838 0.118370
1.083 3.545672 0.117821
1.084 3.545506 0.117273
1.085 3.545340 0.116725
1.086 3.545174 0.116176
1.087 3.544993 0.115572
1.088 3.544810 0.114953
1.089 3.544626 0.114335
1.090 3.544443 0.113717
1.091 3.544259 0.113100
1.092 3.544080 0.112595
1.093 3.543902 0.112091
1.094 3.543723 0.111586
1.095 3.543544 0.111082
1.096 3.543366 0.110564
1.097 3.543194 0.109990
1.098 3.543021 0.109415
1.099 3.542848 0.108841
1.100 3.542675 0.108267
1.101 3.542497 0.107704
1.102 3.542305 0.107169
1.103 3.542113 0.106634
1.104 3.541921 0.106099
1.105 3.541729 0.105564
1.106 3.541537 0.105058
1.107 3.541344 0.104598
1.108 3.541150 0.104138
1.109 3.540957 0.103677
1.110 3.540764 0.103217
1.111 3.540574 0.102723
1.112 3.540388 0.102182
1.113 3.540203 0.101641
1.114 3.540017 0.101100
1.115 3.539832 0.100559
1.116 3.539650 0.100040
1.117 3.539474 0.099552
1.118 3.539299 0.099063
1.119 3.539123 0.098575
1.120 3.538947 0.098086
1.121 3.538787 0.097561
1.122 3.538653 0.096973
1.123 3.538520 0.096386
1.124 3.538387 0.095798
1.125 3.538254 0.095210
1.126 3.538127 0.094642
1.127 3.538017 0.094126
1.128 3.537907 0.093610
1.129 3.537797 0.093094
1.130 3.537687 0.092579
1.131 3.537580 0.092071
1.132 3.537486 0.091620
1.133 3.537392 0.091170
1.134 3.537298 0.090719
1.135 3.537204 0.090269
1.136 3.537111 0.089818
1.137 3.537035 0.089356
1.138 3.536962 0.088893
1.139 3.536888 0.088430
1.140 3.536814 0.087967
1.141 3.536740 0.087503
1.142 3.536794 0.086998
1.143 3.536905 0.086474
1.144 3.537015 0.085950
1.145 3.537126 0.085425
1.146 3.537236 0.084901
1.147 3.537381 0.084359
1.148 3.537576 0.083789
1.149 3.537771 0.083220
1.150 3.537965 0.082650
1.151 3.538160 0.082081
1.152 3.538358 0.081510
1.153 3.538603 0.080928
1.154 3.538847 0.080345
1.155 3.539092 0.079762
1.156 3.539336 0.079180
1.157 3.539581 0.078597
1.158 3.539871 0.078004
1.159 3.540182 0.077405
1.160 3.540493 0.076807
1.161 3.540805 0.076209
1.162 3.541116 0.075610
1.163 3.541463 0.074908
1.164 3.541920 0.073875
1.165 3.542377 0.072842
1.166 3.542835 0.071809
1.167 3.543292 0.070776
1.168 3.543749 0.069743
1.169 3.544287 0.068522
1.170 3.544852 0.067238
1.171 3.545416 0.065954
1.172 3.545981 0.064670
1.173 3.546545 0.063386
1.174 3.547122 0.062113
1.175 3.547744 0.060885
1.176 3.548366 0.059657
1.177 3.548988 0.058429
1.178 3.549610 0.057201
1.179 3.550232 0.055973
1.180 3.550839 0.054692
1.181 3.551436 0.053379
1.182 3.552033 0.052066
1.183 3.552630 0.050753
1.184 3.553227 0.049440
1.185 3.553825 0.048126
1.186 3.553284 0.046560
1.187 3.552704 0.044985
1.188 3.552123 0.043410
1.189 3.551542 0.041834
1.190 3.550961 0.040259
1.191 3.550380 0.038684
1.192 3.549800 0.037109
1.193 3.549219 0.035533
1.194 3.548583 0.033950
1.195 3.547714 0.032330
1.196 3.546844 0.030711
1.197 3.545975 0.029092
1.198 3.545105 0.027472
1.199 3.544236 0.025853
1.200 3.543366 0.024233
1.201 3.542497 0.022614
1.202 3.541627 0.020994
1.203 3.540670 0.019613
1.204 3.539487 0.018842
1.205 3.538305 0.018071
1.206 3.537122 0.017300
1.207 3.535940 0.016528
1.208 3.534757 0.015757
1.209 3.533574 0.014986
1.210 3.532392 0.014215
1.211 3.531209 0.013444
1.212 3.529986 0.012708
1.213 3.528635 0.012085
1.214 3.527284 0.011462
1.215 3.525933 0.010839
1.216 3.524582 0.010216
1.217 3.523231 0.009593
1.218 3.521880 0.008970
1.219 3.520529 0.008347
1.220 3.519178 0.007724
1.221 3.517838 0.007120
1.222 3.516669 0.006796
1.223 3.515501 0.006472
1.224 3.514332 0.006148
1.225 3.513164 0.005824
1.226 3.511995 0.005500
1.227 3.510827 0.005176
1.228 3.509658 0.004853
1.229 3.508490 0.004529
1.230 3.507321 0.004205
1.231 3.506158 0.003999
1.232 3.504997 0.003834
1.233 3.503835 0.003669
1.234 3.502674 0.003505
1.235 3.501512 0.003340
1.236 3.500351 0.003175
1.237 3.499190 0.003010
1.238 3.498028 0.002846
1.239 3.496867 0.002681
1.240 3.495745 0.002531
1.241 3.494728 0.002420
1.242 3.493710 0.002309
1.243 3.492692 0.002198
1.244 3.491674 0.002086
1.245 3.490656 0.001975
1.246 3.489638 0.001864
1.247 3.488621 0.001753
1.248 3.487603 0.001642
1.249 3.486585 0.001531
1.250 3.485624 0.001472
1.251 3.484692 0.001440
1.252 3.483760 0.001408
1.253 3.482828 0.001375
1.254 3.481896 0.001343
1.255 3.480963 0.001311
1.256 3.480031 0.001278
1.257 3.479099 0.001246
1.258 3.478167 0.001214
1.259 3.477235 0.001181
1.260 3.476422 0.001139
1.261 3.475622 0.001096
1.262 3.474821 0.001053
1.263 3.474020 0.001010
1.264 3.473219 0.000967
1.265 3.472418 0.000924
1.266 3.471618 0.000880
1.267 3.470817 0.000837
1.268 3.470016 0.000794
1.269 3.469215 0.000751
1.270 3.468492 0.000736
1.271 3.467768 0.000721
1.272 3.467044 0.000706
1.273 3.466320 0.000691
1.274 3.465597 0.000676
1.275 3.464873 0.000661
1.276 3.464149 0.000646
1.277 3.463426 0.000631
1.278 3.462702 0.000616
1.279 3.461978 0.000601
1.280 3.461338 0.000596
1.281 3.460703 0.000593
1.282 3.460069 0.000589
1.283 3.459435 0.000586
1.284 3.458801 0.000582
1.285 3.458167 0.000579
1.286 3.457533 0.000575
1.287 3.456899 0.000572
1.288 3.456264 0.000568
1.289 3.455630 0.000565
1.290 3.455030 0.000553
1.291 3.454444 0.000537
1.292 3.453858 0.000521
1.293 3.453272 0.000505
1.294 3.452687 0.000490
1.295 3.452101 0.000474
1.296 3.451515 0.000458
1.297 3.450929 0.000442
1.298 3.450343 0.000426
1.299 3.449758 0.000410
1.300 3.449185 0.000396
1.301 3.448645 0.000385
1.302 3.448104 0.000374
1.303 3.447563 0.000363
1.304 3.447022 0.000351
1.305 3.446482 0.000340
1.306 3.445941 0.000329
1.307 3.445400 0.000318
1.308 3.444860 0.000307
1.309 3.444319 0.000296
1.310 3.443778 0.000285
1.311 3.443250 0.000274
1.312 3.442727 0.000263
1.313 3.442204 0.000252
1.314 3.441681 0.000241
1.315 3.441158 0.000230
1.316 3.440635 0.000219
1.317 3.440111 0.000208
1.318 3.439588 0.000198
1.319 3.439065 0.000187
1.320 3.438542 0.000176
1.321 3.438019 0.000165
1.322 3.437520 0.000154
1.323 3.437021 0.000144
1.324 3.436522 0.000133
1.325 3.436023 0.000122
1.326 3.435524 0.000112
1.327 3.435024 0.000101
1.328 3.434525 0.000090
1.329 3.434026 0.000080
1.330 3.433527 0.000069
1.331 3.433028 0.000059
1.332 3.432531 0.000048
1.333 3.432049 0.000044
1.334 3.431567 0.000040
1.335 3.431085 0.000035
1.336 3.430603 0.000031
1.337 3.430122 0.000026
1.338 3.429640 0.000022
1.339 3.429158 0.000018
1.340 3.428676 0.000013
1.341 3.428194 0.000009
1.342 3.427713 0.000004
1.343 3.427231 0.000000
1.344 3.426768 0.000000
1.345 3.426305 0.000000
1.346 3.425842 0.000000
1.347 3.425379 0.000000
1.348 3.424916 0.000000
1.349 3.424453 0.000000
1.350 3.423990 0.000000
1.351 3.423528 0.000000
1.352 3.423065 0.000000
1.353 3.422602 0.000000
1.354 3.422139 0.000000
1.355 3.421687 0.000000
1.356 3.421239 0.000000
1.357 3.420791 0.000000
1.358 3.420343 0.000000
1.359 3.419895 0.000000
1.360 3.419447 0.000000
1.361 3.418999 0.000000
1.362 3.418551 0.000000
1.363 3.418103 0.000000
1.364 3.417656 0.000000
1.365 3.417208 0.000000
1.366 3.416763 0.000000
1.367 3.416328 0.000000
1.368 3.415893 0.000000
1.369 3.415458 0.000000
1.370 3.415023 0.000000
1.371 3.414589 0.000000
1.372 3.414154 0.000000
1.373 3.413719 0.000000
1.374 3.413284 0.000000
1.375 3.412849 0.000000
1.376 3.412414 0.000000
1.377 3.411980 0.000000
1.378 3.411554 0.000000
1.379 3.411135 0.000000
1.380 3.410716 0.000000
1.381 3.410297 0.000000
1.382 3.409878 0.000000
1.383 3.409459 0.000000
1.384 3.409040 0.000000
1.385 3.408621 0.000000
1.386 3.408202 0.000000
1.387 3.407783 0.000000
1.388 3.407364 0.000000
1.389 3.406945 0.000000
1.390 3.406534 0.000000
1.391 3.406126 0.000000
1.392 3.405718 0.000000
1.393 3.405311 0.000000
1.394 3.404903 0.000000
1.395 3.404495 0.000000
1.396 3.404087 0.000000
1.397 3.403679 0.000000
1.398 3.403272 0.000000
1.399 3.402864 0.000000
1.400 3.402456 0.000000
1.401 3.402048 0.000000
1.402 3.401649 0.000000
1.403 3.401256 0.000000
1.404 3.400863 0.000000
1.405 3.400469 0.000000
1.406 3.400076 0.000000
1.407 3.399683 0.000000
1.408 3.399289 0.000000
1.409 3.398896 0.000000
1.410 3.398503 0.000000
1.411 3.398110 0.000000
1.412 3.397716 0.000000
1.413 3.397323 0.000000
1.414 3.396932 0.000000
1.415 3.396547 0.000000
1.416 3.396162 0.000000
1.417 3.395777 0.000000
1.418 3.395393 0.000000
1.419 3.395008 0.000000
1.420 3.394623 0.000000
1.421 3.394238 0.000000
1.422 3.393853 0.000000
1.423 3.393468 0.000000
1.424 3.393083 0.000000
1.425 3.392698 0.000000
1.426 3.392313 0.000000
1.427 3.391942 0.000000
1.428 3.391575 0.000000
1.429 3.391207 0.000000
1.430 3.390840 0.000000
1.431 3.390472 0.000000
1.432 3.390105 0.000000
1.433 3.389737 0.000000
1.434 3.389370 0.000000
1.435 3.389002 0.000000
1.436 3.388635 0.000000
1.437 3.388267 0.000000
1.438 3.387900 0.000000
1.439 3.387533 0.000000
1.440 3.387173 0.000000
1.441 3.386814 0.000000
1.442 3.386454 0.000000
1.443 3.386094 0.000000
1.444 3.385734 0.000000
1.445 3.385375 0.000000
1.446 3.385015 0.000000
1.447 3.384655 0.000000
1.448 3.384296 0.000000
1.449 3.383936 0.000000
1.450 3.383576 0.000000
1.451 3.383216 0.000000
1.452 3.382858 0.000000
1.453 3.382511 0.000000
1.454 3.382165 0.000000
1.455 3.381818 0.000000
1.456 3.381471 0.000000
1.457 3.381124 0.000000
1.458 3.380778 0.000000
1.459 3.380431 0.000000
1.460 3.380084 0.000000
1.461 3.379737 0.000000
1.462 3.379391 0.000000
1.463 3.379044 0.000000
1.464 3.378697 0.000000
1.465 3.378350 0.000000
1.466 3.378008 0.000000
1.467 3.377667 0.000000
1.468 3.377325 0.000000
1.469 3.376984 0.000000
1.470 3.376643 0.000000
1.471 3.376301 0.000000
1.472 3.375960 0.000000
1.473 3.375618 0.000000
1.474 3.375277 0.000000
1.475 3.374935 0.000000
1.476 3.374594 0.000000
1.477 3.374252 0.000000
1.478 3.373911 0.000000
1.479 3.373575 0.000000
1.480 3.373247 0.000000
1.481 3.372919 0.000000
1.482 3.372591 0.000000
1.483 3.372263 0.000000
1.484 3.371934 0.000000
1.485 3.371606 0.000000
1.486 3.371278 0.000000
1.487 3.370950 0.000000
1.488 3.370621 0.000000
1.489 3.370293 0.000000
1.490 3.369965 0.000000
1.491 3.369637 0.000000
1.492 3.369309 0.000000
1.493 3.368984 0.000000
1.494 3.368661 0.000000
1.495 3.368337 0.000000
1.496 3.368014 0.000000
1.497 3.367690 0.000000
1.498 3.367367 0.000000
1.499 3.367044 0.000000
1.500 3.366720 0.000000
1.501 3.366397 0.000000
1.502 3.366073 0.000000
1.503 3.365750 0.000000
1.504 3.365426 0.000000
1.505 3.365103 0.000000
1.506 3.364780 0.000000
1.507 3.364467 0.000000
1.508 3.364156 0.000000
1.509 3.363845 0.000000
1.510 3.363534 0.000000
1.511 3.363224 0.000000
1.512 3.362913 0.000000
1.513 3.362602 0.000000
1.514 3.362291 0.000000
1.515 3.361980 0.000000
1.516 3.361670 0.000000
1.517 3.361359 0.000000
1.518 3.361048 0.000000
1.519 3.360737 0.000000
1.520 3.360427 0.000000
1.521 3.360119 0.000000
1.522 3.359814 0.000000
1.523 3.359508 0.000000
1.524 3.359203 0.000000
1.525 3.358897 0.000000
1.526 3.358592 0.000000
1.527 3.358286 0.000000
1.528 3.357981 0.000000
1.529 3.357675 0.000000
1.530 3.357370 0.000000
1.531 3.357064 0.000000
1.532 3.356759 0.000000
1.533 3.356453 0.000000
1.534 3.356148 0.000000
1.535 3.355845 0.000000
1.536 3.355553 0.000000
1.537 3.355261 0.000000
1.538 3.354970 0.000000
1.539 3.354678 0.000000
1.540 3.354387 0.000000
1.541 3.354095 0.000000
1.542 3.353804 0.000000
1.543 3.353512 0.000000
1.544 3.353221 0.000000
1.545 3.352929 0.000000
1.546 3.352638 0.000000
1.547 3.352346 0.000000
1.548 3.352055 0.000000
1.549 3.351763 0.000000
1.550 3.351474 0.000000
1.551 3.351187 0.000000
1.552 3.350901 0.000000
1.553 3.350614 0.000000
1.554 3.350328 0.000000
1.555 3.350041 0.000000
1.556 3.349755 0.000000
1.557 3.349468 0.000000
1.558 3.349182 0.000000
1.559 3.348895 0.000000
1.560 3.348609 0.000000
1.561 3.348323 0.000000
1.562 3.348036 0.000000
1.563 3.347750 0.000000
1.564 3.347463 0.000000
1.565 3.347180 0.000000
1.566 3.346902 0.000000
1.567 3.346624 0.000000
1.568 3.346346 0.000000
1.569 3.346069 0.000000
1.570 3.345791 0.000000
1.571 3.345513 0.000000
1.572 3.345235 0.000000
1.573 3.344957 0.000000
1.574 3.344680 0.000000
1.575 3.344402 0.000000
1.576 3.344124 0.000000
1.577 3.343846 0.000000
1.578 3.343568 0.000000
1.579 3.343290 0.000000
1.580 3.343013 0.000000
1.581 3.342741 0.000000
1.582 3.342468 0.000000
1.583 3.342196 0.000000
1.584 3.341924 0.000000
1.585 3.341651 0.000000
1.586 3.341379 0.000000
1.587 3.341107 0.000000
1.588 3.340834 0.000000
1.589 3.340562 0.000000
1.590 3.340290 0.000000
1.591 3.340017 0.000000
1.592 3.339745 0.000000
1.593 3.339473 0.000000
1.594 3.339200 0.000000
1.595 3.338928 0.000000
1.596 3.338660 0.000000
1.597 3.338397 0.000000
1.598 3.338135 0.000000
1.599 3.337873 0.000000
1.600 3.337610 0.000000
1.601 3.337348 0.000000
1.602 3.337085 0.000000
1.603 3.336823 0.000000
1.604 3.336561 0.000000
1.605 3.336298 0.000000
1.606 3.336036 0.000000
1.607 3.335774 0.000000
1.608 3.335511 0.000000
1.609 3.335249 0.000000
1.610 3.334987 0.000000
1.611 3.334724 0.000000
1.612 3.334464 0.000000
1.613 3.334208 0.000000
1.614 3.333951 0.000000
1.615 3.333695 0.000000
1.616 3.333438 0.000000
1.617 3.333182 0.000000
1.618 3.332925 0.000000
1.619 3.332669 0.000000
1.620 3.332412 0.000000
1.621 3.332156 0.000000
1.622 3.331899 0.000000
1.623 3.331643 0.000000
1.624 3.331386 0.000000
1.625 3.331130 0.000000
1.626 3.330873 0.000000
1.627 3.330617 0.000000
1.628 3.330362 0.000000
1.629 3.330114 0.000000
1.630 3.329867 0.000000
1.631 3.329620 0.000000
1.632 3.329372 0.000000
1.633 3.329125 0.000000
1.634 3.328878 0.000000
1.635 3.328630 0.000000
1.636 3.328383 0.000000
1.637 3.328135 0.000000
1.638 3.327888 0.000000
1.639 3.327641 0.000000
1.640 3.327393 0.000000
1.641 3.327146 0.000000
1.642 3.326899 0.000000
1.643 3.326651 0.000000
1.644 3.326404 0.000000
1.645 3.326159 0.000000
1.646 3.325917 0.000000
1.647 3.325675 0.000000
1.648 3.325433 0.000000
1.649 3.325191 0.000000
1.650 3.324949 0.000000
1.651 3.324707 0.000000
1.652 3.324465 0.000000
1.653 3.324223 0.000000
1.654 3.323981 0.000000
1.655 3.323739 0.000000
1.656 3.323496 0.000000
1.657 3.323254 0.000000
1.658 3.323012 0.000000
1.659 3.322770 0.000000
1.660 3.322528 0.000000
1.661 3.322286 0.000000
1.662 3.322048 0.000000
1.663 3.321813 0.000000
1.664 3.321578 0.000000
1.665 3.321342 0.000000
1.666 3.321107 0.000000
1.667 3.320872 0.000000
1.668 3.320637 0.000000
1.669 3.320401 0.000000
1.670 3.320166 0.000000
1.671 3.319931 0.000000
1.672 3.319696 0.000000
1.673 3.319460 0.000000
1.674 3.319225 0.000000
1.675 3.318990 0.000000
1.676 3.318755 0.000000
1.677 3.318519 0.000000
1.678 3.318284 0.000000
1.679 3.318051 0.000000
1.680 3.317822 0.000000
1.681 3.317593 0.000000
1.682 3.317364 0.000000
1.683 3.317135 0.000000
1.684 3.316906 0.000000
1.685 3.316677 0.000000
1.686 3.316448 0.000000
1.687 3.316219 0.000000
1.688 3.315990 0.000000
1.689 3.315761 0.000000
1.690 3.315532 0.000000
1.691 3.315303 0.000000
1.692 3.315074 0.000000
1.693 3.314845 0.000000
1.694 3.314616 0.000000
1.695 3.314387 0.000000
1.696 3.314158 0.000000
1.697 3.313934 0.000000
1.698 3.313713 0.000000
1.699 3.313492 0.000000
1.700 3.313270 0.000000
1.701 3.313049 0.000000
1.702 3.312828 0.000000
1.703 3.312606 0.000000
1.704 3.312385 0.000000
1.705 3.312164 0.000000
1.706 3.311943 0.000000
1.707 3.311721 0.000000
1.708 3.311500 0.000000
1.709 3.311279 0.000000
1.710 3.311057 0.000000
1.711 3.310836 0.000000
1.712 3.310615 0.000000
1.713 3.310393 0.000000
1.714 3.310172 0.000000
1.715 3.309954 0.000000
1.716 3.309738 0.000000
1.717 3.309522 0.000000
1.718 3.309307 0.000000
1.719 3.309091 0.000000
1.720 3.308875 0.000000
1.721 3.308659 0.000000
1.722 3.308443 0.000000
1.723 3.308227 0.000000
1.724 3.308012 0.000000
1.725 3.307796 0.000000
1.726 3.307580 0.000000
1.727 3.307364 0.000000
1.728 3.307148 0.000000
1.729 3.306933 0.000000
1.730 3.306717 0.000000
1.731 3.306501 0.000000
1.732 3.306285 0.000000
1.733 3.306070 0.000000
1.734 3.305860 0.000000
1.735 3.305650 0.000000
1.736 3.305440 0.000000
1.737 3.305230 0.000000
1.738 3.305020 0.000000
1.739 3.304809 0.000000
1.740 3.304599 0.000000
1.741 3.304389 0.000000
1.742 3.304179 0.000000
1.743 3.303969 0.000000
1.744 3.303759 0.000000
1.745 3.303549 0.000000
1.746 3.303339 0.000000
1.747 3.303129 0.000000
1.748 3.302919 0.000000
1.749 3.302708 0.000000
1.750 3.302498 0.000000
1.751 3.302288 0.000000
1.752 3.302080 0.000000
1.753 3.301876 0.000000
1.754 3.301671 0.000000
1.755 3.301467 0.000000
1.756 3.301262 0.000000
1.757 3.301058 0.000000
1.758 3.300853 0.000000
1.759 3.300649 0.000000
1.760 3.300445 0.000000
1.761 3.300240 0.000000
1.762 3.300036 0.000000
1.763 3.299831 0.000000
1.764 3.299627 0.000000
1.765 3.299423 0.000000
1.766 3.299218 0.000000
1.767 3.299014 0.000000
1.768 3.298809 0.000000
1.769 3.298605 0.000000
1.770 3.298400 0.000000
1.771 3.298196 0.000000
1.772 3.297997 0.000000
1.773 3.297798 0.000000
1.774 3.297599 0.000000
1.775 3.297399 0.000000
1.776 3.297200 0.000000
1.777 3.297001 0.000000
1.778 3.296802 0.000000
1.779 3.296602 0.000000
1.780 3.296403 0.000000
1.781 3.296204 0.000000
1.782 3.296005 0.000000
1.783 3.295805 0.000000
1.784 3.295606 0.000000
1.785 3.295407 0.000000
1.786 3.295208 0.000000
1.787 3.295008 0.000000
1.788 3.294809 0.000000
1.789 3.294610 0.000000
1.790 3.294410 0.000000
1.791 3.294214 0.000000
1.792 3.294020 0.000000
1.793 3.293827 0.000000
1.794 3.293633 0.000000
1.795 3.293440 0.000000
1.796 3.293247 0.000000
1.797 3.293053 0.000000
1.798 3.292860 0.000000
1.799 3.292666 0.000000
1.800 3.292473 0.000000
1.801 3.292280 0.000000
1.802 3.292086 0.000000
1.803 3.291893 0.000000
1.804 3.291699 0.000000
1.805 3.291506 0.000000
1.806 3.291313 0.000000
1.807 3.291119 0.000000
1.808 3.290926 0.000000
1.809 3.290732 0.000000
1.810 3.290539 0.000000
1.811 3.290347 0.000000
1.812 3.290158 0.000000
1.813 3.289969 0.000000
1.814 3.289781 0.000000
1.815 3.289592 0.000000
1.816 3.289403 0.000000
1.817 3.289214 0.000000
1.818 3.289026 0.000000
1.819 3.288837 0.000000
1.820 3.288648 0.000000
1.821 3.288459 0.000000
1.822 3.288271 0.000000
1.823 3.288082 0.000000
1.824 3.287893 0.000000
1.825 3.287704 0.000000
1.826 3.287516 0.000000
1.827 3.287327 0.000000
1.828 3.287138 0.000000
1.829 3.286949 0.000000
1.830 3.286761 0.000000
1.831 3.286572 0.000000
1.832 3.286388 0.000000
1.833 3.286207 0.000000
1.834 3.286025 0.000000
1.835 3.285844 0.000000
1.836 3.285663 0.000000
1.837 3.285481 0.000000
1.838 3.285300 0.000000
1.839 3.285118 0.000000
1.840 3.284937 0.000000
1.841 3.284755 0.000000
1.842 3.284574 0.000000
1.843 3.284392 0.000000
1.844 3.284211 0.000000
1.845 3.284030 0.000000
1.846 3.283848 0.000000
1.847 3.283667 0.000000
1.848 3.283485 0.000000
1.849 3.283304 0.000000
1.850 3.283122 0.000000
1.851 3.282941 0.000000
1.852 3.282759 0.000000
1.853 3.282581 0.000000
1.854 3.282404 0.000000
1.855 3.282228 0.000000
1.856 3.282051 0.000000
1.857 3.281874 0.000000
1.858 3.281698 0.000000
1.859 3.281521 0.000000
1.860 3.281344 0.000000
1.861 3.281168 0.000000
1.862 3.280991 0.000000
1.863 3.280814 0.000000
1.864 3.280638 0.000000
1.865 3.280461 0.000000
1.866 3.280284 0.000000
1.867 3.280107 0.000000
1.868 3.279931 0.000000
1.869 3.279754 0.000000
1.870 3.279577 0.000000
1.871 3.279401 0.000000
1.872 3.279224 0.000000
1.873 3.279047 0.000000
1.874 3.278871 0.000000
1.875 3.278699 0.000000
1.876 3.278527 0.000000
1.877 3.278355 0.000000
1.878 3.278183 0.000000
1.879 3.278011 0.000000
1.880 3.277839 0.000000
1.881 3.277667 0.000000
1.882 3.277495 0.000000
1.883 3.277323 0.000000
1.884 3.277151 0.000000
1.885 3.276979 0.000000
1.886 3.276807 0.000000
1.887 3.276635 0.000000
1.888 3.276463 0.000000
1.889 3.276291 0.000000
1.890 3.276119 0.000000
1.891 3.275946 0.000000
1.892 3.275774 0.000000
1.893 3.275602 0.000000
1.894 3.275430 0.000000
1.895 3.275258 0.000000
1.896 3.275087 0.000000
1.897 3.274918 0.000000
1.898 3.274749 0.000000
1.899 3.274580 0.000000
1.900 3.274411 0.000000
1.901 3.274243 0.000000
1.902 3.274074 0.000000
1.903 3.273905 0.000000
1.904 3.273736 0.000000
1.905 3.273567 0.000000
1.906 3.273399 0.000000
1.907 3.273230 0.000000
1.908 3.273061 0.000000
1.909 3.272892 0.000000
1.910 3.272724 0.000000
1.911 3.272555 0.000000
1.912 3.272386 0.000000
1.913 3.272217 0.000000
1.914 3.272048 0.000000
1.915 3.271880 0.000000
1.916 3.271711 0.000000
1.917 3.271542 0.000000
1.918 3.271373 0.000000
1.919 3.271208 0.000000
1.920 3.271047 0.000000
1.921 3.270886 0.000000
1.922 3.270725 0.000000
1.923 3.270563 0.000000
1.924 3.270402 0.000000
1.925 3.270241 0.000000
1.926 3.270079 0.000000
1.927 3.269918 0.000000
1.928 3.269757 0.000000
1.929 3.269595 0.000000
1.930 3.269434 0.000000
1.931 3.269273 0.000000
1.932 3.269112 0.000000
1.933 3.268950 0.000000
1.934 3.268789 0.000000
1.935 3.268628 0.000000
1.936 3.268466 0.000000
1.937 3.268305 0.000000
1.938 3.268144 0.000000
1.939 3.267982 0.000000
1.940 3.267821 0.000000
1.941 3.267660 0.000000
1.942 3.267500 0.000000
1.943 3.267342 0.000000
1.944 3.267185 0.000000
1.945 3.267027 0.000000
1.946 3.266869 0.000000
1.947 3.266711 0.000000
1.948 3.266554 0.000000
1.949 3.266396 0.000000
1.950 3.266238 0.000000