0.251 2.350336 3.473159
0.252 2.423005 3.474323
0.253 2.494067 3.474500
0.254 2.562041 3.473280
0.255 2.631055 3.472649
0.256 2.701824 3.472769
0.257 2.776180 3.472647
0.258 2.856377 3.470402
0.259 2.941869 3.463577
0.260 3.032654 3.448074
0.261 3.127124 3.423379
0.262 3.223616 3.387101
0.263 3.316899 3.338001
0.264 3.405172 3.277633
0.265 3.486506 3.206395
0.266 3.558149 3.126021
0.267 3.615669 3.039635
0.268 3.660951 2.949563
0.269 3.695117 2.860150
0.270 3.717584 2.772627
0.271 3.731046 2.688128
0.272 3.737011 2.607775
0.273 3.736916 2.532905
0.274 3.730390 2.462741
0.275 3.720217 2.399239
0.276 3.706945 2.341087
0.277 3.691788 2.287156
0.278 3.675845 2.237701
0.279 3.658045 2.192258
0.280 3.640226 2.150587
0.281 3.621768 2.112953
0.282 3.603157 2.077499
0.283 3.585015 2.045093
0.284 3.565868 2.014858
0.285 3.547293 1.987431
0.286 3.529435 1.962397
0.287 3.511454 1.938277
0.288 3.493359 1.917089
0.289 3.475858 1.897265
0.290 3.459052 1.878885
0.291 3.442507 1.863516
0.292 3.426106 1.848082
0.293 3.409729 1.834144
0.294 3.395155 1.821586
0.295 3.380566 1.810434
0.296 3.366338 1.799813
0.297 3.352501 1.791084
0.298 3.339272 1.783196
0.299 3.328104 1.775984
0.300 3.316048 1.769310
0.301 3.304555 1.763094
0.302 3.293598 1.757378
0.303 3.283225 1.753651
0.304 3.273254 1.749369
0.305 3.264747 1.745675
0.306 3.255996 1.743087
0.307 3.247791 1.740619
0.308 3.239593 1.738591
0.309 3.233252 1.736590
0.310 3.226034 1.735114
0.311 3.219484 1.734662
0.312 3.213814 1.733266
0.313 3.207522 1.733601
0.314 3.202970 1.732554
0.315 3.197220 1.733128
0.316 3.193301 1.733961
0.317 3.189607 1.734873
0.318 3.185001 1.734757
0.319 3.181452 1.735574
0.320 3.178467 1.736886
0.321 3.175717 1.738347
0.322 3.173192 1.739939
0.323 3.170827 1.741623
0.324 3.168666 1.743444
0.325 3.166746 1.745432
0.326 3.164955 1.748276
0.327 3.163333 1.751190
0.328 3.161943 1.753539
0.329 3.160663 1.755973
0.330 3.160870 1.758636
0.331 3.160289 1.762377
0.332 3.159559 1.765758
0.333 3.160478 1.768772
0.334 3.160185 1.771933
0.335 3.160128 1.776469
0.336 3.161534 1.780169
0.337 3.162457 1.783685
0.338 3.163566 1.788887
0.339 3.165551 1.792696
0.340 3.166450 1.796751
0.341 3.168806 1.802255
0.342 3.170681 1.806456
0.343 3.173278 1.812260
0.344 3.175788 1.816789
0.345 3.178670 1.822551
0.346 3.181957 1.827652
0.347 3.185297 1.833162
0.348 3.188959 1.838998
0.349 3.192807 1.845370
0.350 3.198102 1.850781
0.351 3.202308 1.857602
0.352 3.206729 1.863467
0.353 3.212897 1.870154
0.354 3.218093 1.877195
0.355 3.224398 1.883780
0.356 3.230724 1.890834
0.357 3.236862 1.898053
0.358 3.244263 1.905373
0.359 3.252764 1.912955
0.360 3.261280 1.920736
0.361 3.269663 1.928420
0.362 3.279416 1.936135
0.363 3.290298 1.943950
0.364 3.300288 1.951199
0.365 3.312103 1.958003
0.366 3.324094 1.964743
0.367 3.337290 1.970439
0.368 3.350496 1.975643
0.369 3.363113 1.980434
0.370 3.374955 1.984323
0.371 3.386986 1.989164
0.372 3.398985 1.993265
0.373 3.409362 1.997815
0.374 3.420167 2.003749
0.375 3.430769 2.008853
0.376 3.442291 2.017151
0.377 3.453983 2.024968
0.378 3.466229 2.035030
0.379 3.480142 2.045904
0.380 3.494942 2.057173
0.381 3.512673 2.069423
0.382 3.532999 2.082405
0.383 3.553753 2.095472
0.384 3.578845 2.106327
0.385 3.606204 2.117377
0.386 3.635243 2.127315
0.387 3.667049 2.135483
0.388 3.700595 2.141461
0.389 3.735496 2.144575
0.390 3.770950 2.145526
0.391 3.806271 2.143300
0.392 3.841484 2.139379
0.393 3.876342 2.133949
0.394 3.910802 2.126946
0.395 3.945016 2.118582
0.396 3.979109 2.109002
0.397 4.013101 2.098672
0.398 4.046790 2.086019
0.399 4.081384 2.072466
0.400 4.116654 2.057440
0.401 4.152217 2.040825
0.402 4.187947 2.021999
0.403 4.223812 2.000138
0.404 4.259223 1.975402
0.405 4.293505 1.947368
0.406 4.326968 1.916559
0.407 4.358933 1.883393
0.408 4.388355 1.847494
0.409 4.414623 1.808612
0.410 4.438982 1.768455
0.411 4.458604 1.726292
0.412 4.475502 1.683637
0.413 4.488818 1.640535
0.414 4.498411 1.597183
0.415 4.505740 1.554381
0.416 4.508016 1.513743
0.417 4.509366 1.472705
0.418 4.506966 1.434767
0.419 4.503168 1.398249
0.420 4.497840 1.362251
0.421 4.490948 1.328575
0.422 4.483695 1.296738
0.423 4.475362 1.266705
0.424 4.466073 1.237800
0.425 4.456230 1.211246
0.426 4.446264 1.185404
0.427 4.434976 1.161512
0.428 4.423975 1.138266
0.429 4.413498 1.115791
0.430 4.402932 1.095703
0.431 4.392359 1.075642
0.432 4.381816 1.056700
0.433 4.371279 1.038491
0.434 4.360756 1.020841
0.435 4.350293 1.003792
0.436 4.339918 0.988256
0.437 4.329603 0.973027
0.438 4.319344 0.958129
0.439 4.309188 0.943984
0.440 4.299645 0.930481
0.441 4.290597 0.917158
0.442 4.280716 0.904503
0.443 4.270957 0.892472
0.444 4.261245 0.880550
0.445 4.251730 0.869170
0.446 4.243358 0.858407
0.447 4.234398 0.847728
0.448 4.225142 0.837340
0.449 4.216328 0.827499
0.450 4.208566 0.817915
0.451 4.199648 0.808532
0.452 4.191662 0.799563
0.453 4.183732 0.790784
0.454 4.175258 0.782204
0.455 4.167698 0.773940
0.456 4.160223 0.765981
0.457 4.152932 0.758116
0.458 4.145216 0.750467
0.459 4.137330 0.743146
0.460 4.130834 0.735874
0.461 4.123548 0.728816
0.462 4.116877 0.722012
0.463 4.110135 0.715323
0.464 4.103430 0.708662
0.465 4.096881 0.702314
0.466 4.090557 0.696125
0.467 4.084065 0.689983
0.468 4.077857 0.683937
0.469 4.071694 0.678074
0.470 4.065505 0.672305
0.471 4.059726 0.666565
0.472 4.053354 0.660962
0.473 4.048069 0.655658
0.474 4.042983 0.650251
0.475 4.036794 0.644904
0.476 4.031452 0.639823
0.477 4.025679 0.634757
0.478 4.020229 0.629793
0.479 4.014693 0.624884
0.480 4.009848 0.620066
0.481 4.004745 0.615354
0.482 3.999448 0.610684
0.483 3.994828 0.606078
0.484 3.989848 0.601544
0.485 3.984707 0.597101
0.486 3.980308 0.592707
0.487 3.975420 0.588410
0.488 3.970377 0.584216
0.489 3.965549 0.580019
0.490 3.960575 0.575864
0.491 3.956463 0.571840
0.492 3.951801 0.567922
0.493 3.947014 0.564030
0.494 3.942950 0.560105
0.495 3.938400 0.556282
0.496 3.933817 0.552531
0.497 3.929985 0.548843
0.498 3.926063 0.545202
0.499 3.921638 0.541587
0.500 3.917263 0.538088
0.501 3.913461 0.534588
0.502 3.909075 0.531073
0.503 3.904855 0.527719
0.504 3.901233 0.524402
0.505 3.896869 0.521099
0.506 3.892772 0.517810
0.507 3.889348 0.514650
0.508 3.885958 0.511487
0.509 3.881571 0.508378
0.510 3.877749 0.505241
0.511 3.874385 0.502248
0.512 3.871109 0.499239
0.513 3.866873 0.496298
0.514 3.863125 0.493416
0.515 3.859863 0.490517
0.516 3.855958 0.487698
0.517 3.852094 0.484951
0.518 3.848974 0.482165
0.519 3.845780 0.479395
0.520 3.842248 0.476772
0.521 3.838366 0.474171
0.522 3.835371 0.471517
0.523 3.832399 0.468872
0.524 3.828769 0.466370
0.525 3.825257 0.463908
0.526 3.822187 0.461453
0.527 3.819318 0.458951
0.528 3.815957 0.456482
0.529 3.812317 0.454116
0.530 3.809493 0.451784
0.531 3.806758 0.449453
0.532 3.804045 0.447149
0.533 3.801009 0.444906
0.534 3.797590 0.442691
0.535 3.794596 0.440485
0.536 3.791973 0.438290
0.537 3.789102 0.436126
0.538 3.785635 0.434005
0.539 3.782785 0.431913
0.540 3.780228 0.429820
0.541 3.777599 0.427746
0.542 3.774431 0.425710
0.543 3.771332 0.423706
0.544 3.768937 0.421716
0.545 3.766541 0.419724
0.546 3.764169 0.417758
0.547 3.761053 0.415833
0.548 3.758176 0.413932
0.549 3.755708 0.412044
0.550 3.753368 0.410181
0.551 3.750807 0.408427
0.552 3.747696 0.406613
0.553 3.745204 0.404809
0.554 3.743013 0.403011
0.555 3.740829 0.401240
0.556 3.738667 0.399569
0.557 3.735399 0.397853
0.558 3.732958 0.396136
0.559 3.730875 0.394440
0.560 3.728797 0.392778
0.561 3.726738 0.391159
0.562 3.723925 0.389511
0.563 3.721406 0.387941
0.564 3.719207 0.386380
0.565 3.717189 0.384760
0.566 3.714871 0.383182
0.567 3.712234 0.381667
0.568 3.709898 0.380140
0.569 3.708004 0.378597
0.570 3.706112 0.377140
0.571 3.704146 0.375630
0.572 3.701704 0.374172
0.573 3.699082 0.372759
0.574 3.697289 0.371324
0.575 3.695497 0.369885
0.576 3.693716 0.368485
0.577 3.691727 0.367107
0.578 3.688875 0.365690
0.579 3.686991 0.364340
0.580 3.685276 0.362993
0.581 3.683564 0.361634
0.582 3.681877 0.360263
0.583 3.679383 0.358967
0.584 3.677084 0.357672
0.585 3.675463 0.356341
0.586 3.673844 0.355107
0.587 3.671660 0.353825
0.588 3.669322 0.352535
0.589 3.667602 0.351314
0.590 3.666024 0.350046
0.591 3.664477 0.348808
0.592 3.662923 0.347626
0.593 3.660453 0.346364
0.594 3.658501 0.345165
0.595 3.656936 0.344015
0.596 3.655479 0.342881
0.597 3.654021 0.341693
0.598 3.652276 0.340501
0.599 3.649799 0.339353
0.600 3.648219 0.338248
0.601 3.646823 0.337154
0.602 3.645434 0.336065
0.603 3.644044 0.334894
0.604 3.642214 0.333755
0.605 3.639832 0.332666
0.606 3.638480 0.331609
0.607 3.637170 0.330557
0.608 3.635867 0.329507
0.609 3.634471 0.328458
0.610 3.632685 0.327416
0.611 3.630496 0.326381
0.612 3.629233 0.325365
0.613 3.627989 0.324306
0.614 3.626750 0.323198
0.615 3.625151 0.322184
0.616 3.623448 0.321180
0.617 3.621627 0.320183
0.618 3.620367 0.319205
0.619 3.619184 0.318261
0.620 3.618008 0.317376
0.621 3.616265 0.316419
0.622 3.614482 0.315446
0.623 3.613089 0.314482
0.624 3.611884 0.313528
0.625 3.610777 0.312579
0.626 3.609681 0.311635
0.627 3.608111 0.310691
0.628 3.606066 0.309747
0.629 3.604901 0.308860
0.630 3.603836 0.307981
0.631 3.602789 0.307105
0.632 3.601553 0.306202
0.633 3.600204 0.305292
0.634 3.598517 0.304442
0.635 3.597137 0.303580
0.636 3.596121 0.302706
0.637 3.595128 0.301817
0.638 3.593995 0.300941
0.639 3.592222 0.300133
0.640 3.590807 0.299290
0.641 3.589704 0.298415
0.642 3.588727 0.297592
0.643 3.587757 0.296774
0.644 3.586744 0.295945
0.645 3.585343 0.295142
0.646 3.583601 0.294362
0.647 3.582551 0.293512
0.648 3.581629 0.292665
0.649 3.580726 0.291901
0.650 3.579519 0.291134
0.651 3.577942 0.290361
0.652 3.576752 0.289568
0.653 3.575701 0.288768
0.654 3.574830 0.287996
0.655 3.573934 0.287235
0.656 3.572978 0.286503
0.657 3.571676 0.285763
0.658 3.570093 0.285018
0.659 3.569123 0.284283
0.660 3.568304 0.283549
0.661 3.567486 0.282774
0.662 3.566443 0.282024
0.663 3.564820 0.281339
0.664 3.563611 0.280615
0.665 3.562811 0.279854
0.666 3.562034 0.279155
0.667 3.561265 0.278480
0.668 3.560497 0.277773
0.669 3.559642 0.277063
0.670 3.558143 0.276347
0.671 3.556854 0.275647
0.672 3.556050 0.274987
0.673 3.555287 0.274328
0.674 3.554567 0.273670
0.675 3.553630 0.272989
0.676 3.552573 0.272297
0.677 3.551415 0.271600
0.678 3.550232 0.270902
0.679 3.549513 0.270256
0.680 3.548822 0.269613
0.681 3.548134 0.268972
0.682 3.547283 0.268331
0.683 3.545795 0.267690
0.684 3.544570 0.267051
0.685 3.543911 0.266416
0.686 3.543263 0.265783
0.687 3.542631 0.265154
0.688 3.541947 0.264525
0.689 3.541215 0.263897
0.690 3.540142 0.263269
0.691 3.538838 0.262641
0.692 3.538003 0.262030
0.693 3.537398 0.261428
0.694 3.536807 0.260858
0.695 3.536222 0.260299
0.696 3.535404 0.259696
0.697 3.534521 0.259081
0.698 3.533504 0.258466
0.699 3.532457 0.257851
0.700 3.531817 0.257306
0.701 3.531249 0.256773
0.702 3.530692 0.256180
0.703 3.530136 0.255577
0.704 3.529092 0.255025
0.705 3.527975 0.254480
0.706 3.527183 0.253902
0.707 3.526442 0.253320
0.708 3.525878 0.252787
0.709 3.525346 0.252262
0.710 3.524828 0.251685
0.711 3.524313 0.251097
0.712 3.523580 0.250501
0.713 3.522784 0.249904
0.714 3.522021 0.249315
0.715 3.521270 0.248730
0.716 3.520610 0.248184
0.717 3.519996 0.247658
0.718 3.519400 0.247173
0.719 3.518817 0.246716
0.720 3.518232 0.246206
0.721 3.517645 0.245644
0.722 3.517059 0.245095
0.723 3.516473 0.244569
0.724 3.515896 0.244027
0.725 3.515341 0.243448
0.726 3.514788 0.242870
0.727 3.514245 0.242295
0.728 3.513703 0.241721
0.729 3.513158 0.241180
0.730 3.512613 0.240639
0.731 3.512069 0.240127
0.732 3.511525 0.239620
0.733 3.511003 0.239116
0.734 3.510488 0.238615
0.735 3.509975 0.238065
0.736 3.509461 0.237474
0.737 3.508956 0.236913
0.738 3.508466 0.236407
0.739 3.507976 0.235903
0.740 3.507492 0.235409
0.741 3.507007 0.234916
0.742 3.506535 0.234361
0.743 3.506065 0.233802
0.744 3.505608 0.233245
0.745 3.505158 0.232688
0.746 3.504710 0.232130
0.747 3.504264 0.231569
0.748 3.503818 0.231008
0.749 3.503371 0.230450
0.750 3.502923 0.229892
0.751 3.502492 0.229349
0.752 3.502062 0.228806
0.753 3.501642 0.228285
0.754 3.501226 0.227775
0.755 3.500810 0.227270
0.756 3.500395 0.226775
0.757 3.499981 0.226277
0.758 3.499576 0.225729
0.759 3.499170 0.225181
0.760 3.498769 0.224630
0.761 3.498369 0.224079
0.762 3.497970 0.223506
0.763 3.497571 0.222897
0.764 3.497172 0.222289
0.765 3.496783 0.221715
0.766 3.496395 0.221142
0.767 3.496002 0.220610
0.768 3.495608 0.220100
0.769 3.495222 0.219596
0.770 3.494857 0.219108
0.771 3.494493 0.218621
0.772 3.494146 0.218085
0.773 3.493802 0.217542
0.774 3.493460 0.216998
0.775 3.493120 0.216453
0.776 3.492780 0.215908
0.777 3.492449 0.215372
0.778 3.492118 0.214837
0.779 3.491794 0.214294
0.780 3.491474 0.213745
0.781 3.491156 0.213202
0.782 3.490846 0.212696
0.783 3.490535 0.212190
0.784 3.490226 0.211682
0.785 3.489917 0.211174
0.786 3.489608 0.210662
0.787 3.489297 0.210139
0.788 3.488986 0.209615
0.789 3.488689 0.209094
0.790 3.488399 0.208574
0.791 3.488109 0.208052
0.792 3.487823 0.207521
0.793 3.487537 0.206990
0.794 3.487250 0.206460
0.795 3.486962 0.205932
0.796 3.486675 0.205406
0.797 3.486393 0.204931
0.798 3.486111 0.204457
0.799 3.485842 0.203984
0.800 3.485587 0.203512
0.801 3.485331 0.203040
0.802 3.485103 0.202575
0.803 3.484878 0.202110
0.804 3.484652 0.201640
0.805 3.484425 0.201159
0.806 3.484198 0.200678
0.807 3.483975 0.200204
0.808 3.483754 0.199733
0.809 3.483533 0.199263
0.810 3.483316 0.198792
0.811 3.483098 0.198322
0.812 3.482884 0.197854
0.813 3.482674 0.197391
0.814 3.482464 0.196928
0.815 3.482256 0.196484
0.816 3.482050 0.196050
0.817 3.481843 0.195615
0.818 3.481635 0.195107
0.819 3.481428 0.194598
0.820 3.481228 0.194103
0.821 3.481048 0.193639
0.822 3.480868 0.193176
0.823 3.480699 0.192725
0.824 3.480539 0.192284
0.825 3.480379 0.191843
0.826 3.480226 0.191369
0.827 3.480074 0.190888
0.828 3.479921 0.190407
0.829 3.479763 0.189930
0.830 3.479604 0.189452
0.831 3.479452 0.188978
0.832 3.479320 0.188511
0.833 3.479187 0.188044
0.834 3.479063 0.187553
0.835 3.478947 0.187033
0.836 3.478831 0.186513
0.837 3.478718 0.186015
0.838 3.478605 0.185529
0.839 3.478493 0.185044
0.840 3.478382 0.184599
0.841 3.478272 0.184163
0.842 3.478162 0.183728
0.843 3.478091 0.183254
0.844 3.478023 0.182778
0.845 3.477956 0.182300
0.846 3.477909 0.181790
0.847 3.477863 0.181280
0.848 3.477817 0.180772
0.849 3.477774 0.180276
0.850 3.477730 0.179780
0.851 3.477688 0.179283
0.852 3.477646 0.178784
0.853 3.477604 0.178285
0.854 3.477579 0.177781
0.855 3.477592 0.177268
0.856 3.477604 0.176754
0.857 3.477625 0.176233
0.858 3.477663 0.175699
0.859 3.477701 0.175164
0.860 3.477740 0.174623
0.861 3.477781 0.174071
0.862 3.477823 0.173520
0.863 3.477865 0.172953
0.864 3.477908 0.172363
0.865 3.477951 0.171773
0.866 3.478007 0.171175
0.867 3.478086 0.170563
0.868 3.478165 0.169951
0.869 3.478249 0.169334
0.870 3.478345 0.168706
0.871 3.478441 0.168078
0.872 3.478538 0.167441
0.873 3.478636 0.166776
0.874 3.478735 0.166112
0.875 3.478834 0.165442
0.876 3.478934 0.164748
0.877 3.479034 0.164053
0.878 3.479135 0.163354
0.879 3.479241 0.162578
0.880 3.479348 0.161802
0.881 3.479455 0.161027
0.882 3.479565 0.160260
0.883 3.479675 0.159494
0.884 3.479786 0.158729
0.885 3.479898 0.157946
0.886 3.480010 0.157159
0.887 3.480122 0.156372
0.888 3.480235 0.155579
0.889 3.480349 0.154783
0.890 3.480462 0.153986
0.891 3.480554 0.153122
0.892 3.480615 0.152161
0.893 3.480677 0.151200
0.894 3.480734 0.150235
0.895 3.480775 0.149254
0.896 3.480816 0.148274
0.897 3.480857 0.147293
0.898 3.480899 0.146288
0.899 3.480940 0.145281
0.900 3.480982 0.144275
0.901 3.481025 0.143279
0.902 3.481069 0.142289
0.903 3.481113 0.141299
0.904 3.481103 0.140283
0.905 3.481007 0.139228
0.906 3.480911 0.138173
0.907 3.480812 0.137117
0.908 3.480664 0.136060
0.909 3.480517 0.135003
0.910 3.480369 0.133946
0.911 3.480221 0.132894
0.912 3.480073 0.131843
0.913 3.479926 0.130793
0.914 3.479779 0.129727
0.915 3.479634 0.128635
0.916 3.479489 0.127543
0.917 3.479344 0.126451
0.918 3.479059 0.125430
0.919 3.478771 0.124410
0.920 3.478483 0.123391
0.921 3.478167 0.122361
0.922 3.477829 0.121323
0.923 3.477491 0.120286
0.924 3.477153 0.119254
0.925 3.476816 0.118265
0.926 3.476479 0.117275
0.927 3.476142 0.116285
0.928 3.475807 0.115276
0.929 3.475473 0.114256
0.930 3.475139 0.113237
0.931 3.474795 0.112238
0.932 3.474405 0.111341
0.933 3.474014 0.110444
0.934 3.473624 0.109548
0.935 3.473222 0.108695
0.936 3.472814 0.107866
0.937 3.472406 0.107038
0.938 3.471999 0.106205
0.939 3.471594 0.105343
0.940 3.471189 0.104481
0.941 3.470784 0.103619
0.942 3.470382 0.102768
0.943 3.469982 0.101928
0.944 3.469582 0.101087
0.945 3.469182 0.100247
0.946 3.468857 0.099485
0.947 3.468537 0.098729
0.948 3.468217 0.097974
0.949 3.467907 0.097240
0.950 3.467618 0.096556
0.951 3.467329 0.095872
0.952 3.467040 0.095188
0.953 3.466756 0.094523
0.954 3.466474 0.093868
0.955 3.466193 0.093212
0.956 3.465912 0.092557
0.957 3.465639 0.091896
0.958 3.465366 0.091235
0.959 3.465094 0.090574
0.960 3.464921 0.089905
0.961 3.465040 0.089212
0.962 3.465158 0.088519
0.963 3.465276 0.087826
0.964 3.465463 0.087122
0.965 3.465714 0.086408
0.966 3.465965 0.085693
0.967 3.466216 0.084979
0.968 3.466485 0.084261
0.969 3.466759 0.083541
0.970 3.467034 0.082821
0.971 3.467309 0.082102
0.972 3.467611 0.081374
0.973 3.467915 0.080645
0.974 3.468219 0.079917
0.975 3.468545 0.079076
0.976 3.469036 0.077375
0.977 3.469527 0.075674
0.978 3.470018 0.073973
0.979 3.470531 0.072185
0.980 3.471108 0.070145
0.981 3.471685 0.068104
0.982 3.472262 0.066064
0.983 3.472849 0.064032
0.984 3.473455 0.062015
0.985 3.474060 0.059998
0.986 3.474666 0.057981
0.987 3.475269 0.055948
0.988 3.475867 0.053896
0.989 3.476466 0.051844
0.990 3.477065 0.049792
0.991 3.476671 0.047595
0.992 3.475244 0.045247
0.993 3.473818 0.042900
0.994 3.472391 0.040552
0.995 3.470964 0.038205
0.996 3.469537 0.035857
0.997 3.468110 0.033510
0.998 3.466683 0.031162
0.999 3.465004 0.028841
1.000 3.463286 0.026525
1.001 3.461568 0.024208
1.002 3.459850 0.021892
1.003 3.458132 0.019576
1.004 3.456414 0.017259
1.005 3.454696 0.014943
1.006 3.452945 0.012823
1.007 3.450960 0.012080
1.008 3.448976 0.011337
1.009 3.446992 0.010594
1.010 3.445008 0.009851
1.011 3.443023 0.009108
1.012 3.441039 0.008365
1.013 3.439055 0.007622
1.014 3.437067 0.006935
1.015 3.435070 0.006408
1.016 3.433073 0.005881
1.017 3.431075 0.005354
1.018 3.429078 0.004827
1.019 3.427080 0.004300
1.020 3.425083 0.003773
1.021 3.423086 0.003245
1.022 3.421242 0.002820
1.023 3.419801 0.002663
1.024 3.418360 0.002505
1.025 3.416919 0.002347
1.026 3.415478 0.002190
1.027 3.414036 0.002032
1.028 3.412595 0.001874
1.029 3.411154 0.001716
1.030 3.409727 0.001572
1.031 3.408371 0.001496
1.032 3.407015 0.001419
1.033 3.405659 0.001343
1.034 3.404303 0.001266
1.035 3.402947 0.001190
1.036 3.401590 0.001114
1.037 3.400234 0.001037
1.038 3.398878 0.000961
1.039 3.397743 0.000913
1.040 3.396627 0.000866
1.041 3.395510 0.000820
1.042 3.394394 0.000774
1.043 3.393277 0.000728
1.044 3.392161 0.000682
1.045 3.391045 0.000636
1.046 3.389928 0.000590
1.047 3.388851 0.000560
1.048 3.387807 0.000543
1.049 3.386763 0.000526
1.050 3.385718 0.000509
1.051 3.384674 0.000492
1.052 3.383630 0.000475
1.053 3.382586 0.000458
1.054 3.381541 0.000441
1.055 3.380502 0.000424
1.056 3.379601 0.000406
1.057 3.378701 0.000388
1.058 3.377800 0.000370
1.059 3.376899 0.000352
1.060 3.375998 0.000334
1.061 3.375098 0.000317
1.062 3.374197 0.000299
1.063 3.373296 0.000281
1.064 3.372418 0.000267
1.065 3.371576 0.000259
1.066 3.370734 0.000252
1.067 3.369892 0.000245
1.068 3.369050 0.000237
1.069 3.368208 0.000230
1.070 3.367366 0.000222
1.071 3.366524 0.000215
1.072 3.365682 0.000207
1.073 3.364897 0.000203
1.074 3.364153 0.000201
1.075 3.363409 0.000198
1.076 3.362665 0.000196
1.077 3.361921 0.000194
1.078 3.361177 0.000192
1.079 3.360433 0.000189
1.080 3.359689 0.000187
1.081 3.358944 0.000185
1.082 3.358226 0.000180
1.083 3.357522 0.000174
1.084 3.356818 0.000168
1.085 3.356114 0.000161
1.086 3.355410 0.000155
1.087 3.354706 0.000149
1.088 3.354002 0.000143
1.089 3.353298 0.000136
1.090 3.352594 0.000130
1.091 3.351921 0.000125
1.092 3.351273 0.000121
1.093 3.350625 0.000117
1.094 3.349978 0.000113
1.095 3.349330 0.000108
1.096 3.348682 0.000104
1.097 3.348034 0.000100
1.098 3.347386 0.000096
1.099 3.346738 0.000092
1.100 3.346099 0.000088
1.101 3.345479 0.000084
1.102 3.344860 0.000080
1.103 3.344240 0.000076
1.104 3.343620 0.000072
1.105 3.343000 0.000068
1.106 3.342380 0.000064
1.107 3.341761 0.000060
1.108 3.341141 0.000056
1.109 3.340521 0.000052
1.110 3.339938 0.000048
1.111 3.339359 0.000044
1.112 3.338780 0.000041
1.113 3.338200 0.000037
1.114 3.337621 0.000033
1.115 3.337042 0.000029
1.116 3.336463 0.000026
1.117 3.335884 0.000022
1.118 3.335305 0.000018
1.119 3.334735 0.000015
1.120 3.334183 0.000013
1.121 3.333631 0.000012
1.122 3.333079 0.000010
1.123 3.332528 0.000009
1.124 3.331976 0.000007
1.125 3.331424 0.000005
1.126 3.330873 0.000004
1.127 3.330321 0.000002
1.128 3.329769 0.000001
1.129 3.329236 0.000000
1.130 3.328715 0.000000
1.131 3.328194 0.000000
1.132 3.327673 0.000000
1.133 3.327152 0.000000
1.134 3.326631 0.000000
1.135 3.326110 0.000000
1.136 3.325589 0.000000
1.137 3.325068 0.000000
1.138 3.324547 0.000000
1.139 3.324042 0.000000
1.140 3.323544 0.000000
1.141 3.323046 0.000000
1.142 3.322548 0.000000
1.143 3.322050 0.000000
1.144 3.321552 0.000000
1.145 3.321055 0.000000
1.146 3.320557 0.000000
1.147 3.320059 0.000000
1.148 3.319561 0.000000
1.149 3.319075 0.000000
1.150 3.318596 0.000000
1.151 3.318118 0.000000
1.152 3.317639 0.000000
1.153 3.317161 0.000000
1.154 3.316682 0.000000
1.155 3.316204 0.000000
1.156 3.315725 0.000000
1.157 3.315247 0.000000
1.158 3.314768 0.000000
1.159 3.314299 0.000000
1.160 3.313845 0.000000
1.161 3.313391 0.000000
1.162 3.312938 0.000000
1.163 3.312484 0.000000
1.164 3.312031 0.000000
1.165 3.311577 0.000000
1.166 3.311123 0.000000
1.167 3.310670 0.000000
1.168 3.310216 0.000000
1.169 3.309762 0.000000
1.170 3.309323 0.000000
1.171 3.308885 0.000000
1.172 3.308448 0.000000
1.173 3.308010 0.000000
1.174 3.307572 0.000000
1.175 3.307134 0.000000
1.176 3.306696 0.000000
1.177 3.306259 0.000000
1.178 3.305821 0.000000
1.179 3.305383 0.000000
1.180 3.304951 0.000000
1.181 3.304536 0.000000
1.182 3.304120 0.000000
1.183 3.303705 0.000000
1.184 3.303289 0.000000
1.185 3.302873 0.000000
1.186 3.302458 0.000000
1.187 3.302042 0.000000
1.188 3.301626 0.000000
1.189 3.301211 0.000000
1.190 3.300795 0.000000
1.191 3.300384 0.000000
1.192 3.299979 0.000000
1.193 3.299574 0.000000
1.194 3.299169 0.000000
1.195 3.298764 0.000000
1.196 3.298359 0.000000
1.197 3.297954 0.000000
1.198 3.297549 0.000000
1.199 3.297144 0.000000
1.200 3.296739 0.000000
1.201 3.296334 0.000000
1.202 3.295941 0.000000
1.203 3.295564 0.000000
1.204 3.295186 0.000000
1.205 3.294809 0.000000
1.206 3.294432 0.000000
1.207 3.294055 0.000000
1.208 3.293678 0.000000
1.209 3.293301 0.000000
1.210 3.292923 0.000000
1.211 3.292546 0.000000
1.212 3.292169 0.000000
1.213 3.291794 0.000000
1.214 3.291426 0.000000
1.215 3.291058 0.000000
1.216 3.290691 0.000000
1.217 3.290323 0.000000
1.218 3.289955 0.000000
1.219 3.289588 0.000000
1.220 3.289220 0.000000
1.221 3.288852 0.000000
1.222 3.288485 0.000000
1.223 3.288117 0.000000
1.224 3.287749 0.000000
1.225 3.287396 0.000000
1.226 3.287048 0.000000
1.227 3.286699 0.000000
1.228 3.286351 0.000000
1.229 3.286003 0.000000
1.230 3.285654 0.000000
1.231 3.285306 0.000000
1.232 3.284958 0.000000
1.233 3.284610 0.000000
1.234 3.284261 0.000000
1.235 3.283913 0.000000
1.236 3.283565 0.000000
1.237 3.283221 0.000000
1.238 3.282878 0.000000
1.239 3.282534 0.000000
1.240 3.282191 0.000000
1.241 3.281847 0.000000
1.242 3.281503 0.000000
1.243 3.281160 0.000000
1.244 3.280816 0.000000
1.245 3.280473 0.000000
1.246 3.280129 0.000000
1.247 3.279785 0.000000
1.248 3.279445 0.000000
1.249 3.279122 0.000000
1.250 3.278798 0.000000
1.251 3.278475 0.000000
1.252 3.278151 0.000000
1.253 3.277828 0.000000
1.254 3.277504 0.000000
1.255 3.277181 0.000000
1.256 3.276857 0.000000
1.257 3.276534 0.000000
1.258 3.276210 0.000000
1.259 3.275887 0.000000
1.260 3.275563 0.000000
1.261 3.275244 0.000000
1.262 3.274924 0.000000
1.263 3.274604 0.000000
1.264 3.274285 0.000000
1.265 3.273965 0.000000
1.266 3.273645 0.000000
1.267 3.273326 0.000000
1.268 3.273006 0.000000
1.269 3.272686 0.000000
1.270 3.272367 0.000000
1.271 3.272047 0.000000
1.272 3.271727 0.000000
1.273 3.271421 0.000000
1.274 3.271120 0.000000
1.275 3.270819 0.000000
1.276 3.270519 0.000000
1.277 3.270218 0.000000
1.278 3.269917 0.000000
1.279 3.269616 0.000000
1.280 3.269316 0.000000
1.281 3.269015 0.000000
1.282 3.268714 0.000000
1.283 3.268413 0.000000
1.284 3.268113 0.000000
1.285 3.267812 0.000000
1.286 3.267517 0.000000
1.287 3.267221 0.000000
1.288 3.266925 0.000000
1.289 3.266629 0.000000
1.290 3.266333 0.000000
1.291 3.266038 0.000000
1.292 3.265742 0.000000
1.293 3.265446 0.000000
1.294 3.265150 0.000000
1.295 3.264854 0.000000
1.296 3.264558 0.000000
1.297 3.264263 0.000000
1.298 3.263972 0.000000
1.299 3.263698 0.000000
1.300 3.263423 0.000000
1.301 3.263149 0.000000
1.302 3.262875 0.000000
1.303 3.262600 0.000000
1.304 3.262326 0.000000
1.305 3.262052 0.000000
1.306 3.261777 0.000000
1.307 3.261503 0.000000
1.308 3.261229 0.000000
1.309 3.260954 0.000000
1.310 3.260680 0.000000
1.311 3.260406 0.000000
1.312 3.260136 0.000000
1.313 3.259867 0.000000
1.314 3.259597 0.000000
1.315 3.259327 0.000000
1.316 3.259057 0.000000
1.317 3.258788 0.000000
1.318 3.258518 0.000000
1.319 3.258248 0.000000
1.320 3.257978 0.000000
1.321 3.257709 0.000000
1.322 3.257439 0.000000
1.323 3.257169 0.000000
1.324 3.256899 0.000000
1.325 3.256638 0.000000
1.326 3.256380 0.000000
1.327 3.256121 0.000000
1.328 3.255863 0.000000
1.329 3.255605 0.000000
1.330 3.255346 0.000000
1.331 3.255088 0.000000
1.332 3.254830 0.000000
1.333 3.254571 0.000000
1.334 3.254313 0.000000
1.335 3.254055 0.000000
1.336 3.253796 0.000000
1.337 3.253538 0.000000
1.338 3.253280 0.000000
1.339 3.253027 0.000000
1.340 3.252774 0.000000
1.341 3.252522 0.000000
1.342 3.252269 0.000000
1.343 3.252016 0.000000
1.344 3.251763 0.000000
1.345 3.251510 0.000000
1.346 3.251257 0.000000
1.347 3.251004 0.000000
1.348 3.250752 0.000000
1.349 3.250499 0.000000
1.350 3.250246 0.000000
1.351 3.249993 0.000000
1.352 3.249742 0.000000
1.353 3.249503 0.000000
1.354 3.249264 0.000000
1.355 3.249025 0.000000
1.356 3.248786 0.000000
1.357 3.248547 0.000000
1.358 3.248309 0.000000
1.359 3.248070 0.000000
1.360 3.247831 0.000000
1.361 3.247592 0.000000
1.362 3.247353 0.000000
1.363 3.247114 0.000000
1.364 3.246875 0.000000
1.365 3.246636 0.000000
1.366 3.246398 0.000000
1.367 3.246164 0.000000
1.368 3.245932 0.000000
1.369 3.245699 0.000000
1.370 3.245466 0.000000
1.371 3.245234 0.000000
1.372 3.245001 0.000000
1.373 3.244768 0.000000
1.374 3.244536 0.000000
1.375 3.244303 0.000000
1.376 3.244071 0.000000
1.377 3.243838 0.000000
1.378 3.243605 0.000000
1.379 3.243373 0.000000
1.380 3.243140 0.000000
1.381 3.242912 0.000000
1.382 3.242692 0.000000
1.383 3.242471 0.000000
1.384 3.242251 0.000000
1.385 3.242031 0.000000
1.386 3.241811 0.000000
1.387 3.241591 0.000000
1.388 3.241371 0.000000
1.389 3.241150 0.000000
1.390 3.240930 0.000000
1.391 3.240710 0.000000
1.392 3.240490 0.000000
1.393 3.240270 0.000000
1.394 3.240050 0.000000
1.395 3.239830 0.000000
1.396 3.239612 0.000000
1.397 3.239397 0.000000
1.398 3.239182 0.000000
1.399 3.238967 0.000000
1.400 3.238752 0.000000
1.401 3.238537 0.000000
1.402 3.238322 0.000000
1.403 3.238108 0.000000
1.404 3.237893 0.000000
1.405 3.237678 0.000000
1.406 3.237463 0.000000
1.407 3.237248 0.000000
1.408 3.237033 0.000000
1.409 3.236818 0.000000
1.410 3.236603 0.000000
1.411 3.236391 0.000000
1.412 3.236184 0.000000
1.413 3.235977 0.000000
1.414 3.235771 0.000000
1.415 3.235564 0.000000
1.416 3.235357 0.000000
1.417 3.235151 0.000000
1.418 3.234944 0.000000
1.419 3.234737 0.000000
1.420 3.234530 0.000000
1.421 3.234324 0.000000
1.422 3.234117 0.000000
1.423 3.233910 0.000000
1.424 3.233704 0.000000
1.425 3.233497 0.000000
1.426 3.233290 0.000000
1.427 3.233089 0.000000
1.428 3.232890 0.000000
1.429 3.232690 0.000000
1.430 3.232491 0.000000
1.431 3.232291 0.000000
1.432 3.232092 0.000000
1.433 3.231892 0.000000
1.434 3.231693 0.000000
1.435 3.231493 0.000000
1.436 3.231294 0.000000
1.437 3.231094 0.000000
1.438 3.230895 0.000000
1.439 3.230695 0.000000
1.440 3.230496 0.000000
1.441 3.230296 0.000000
1.442 3.230097 0.000000
1.443 3.229907 0.000000
1.444 3.229717 0.000000
1.445 3.229527 0.000000
1.446 3.229338 0.000000
1.447 3.229148 0.000000
1.448 3.228958 0.000000
1.449 3.228769 0.000000
1.450 3.228579 0.000000
1.451 3.228389 0.000000
1.452 3.228200 0.000000
1.453 3.228010 0.000000
1.454 3.227820 0.000000
1.455 3.227631 0.000000
1.456 3.227441 0.000000
1.457 3.227251 0.000000
1.458 3.227062 0.000000
1.459 3.226876 0.000000
1.460 3.226692 0.000000
1.461 3.226508 0.000000
1.462 3.226324 0.000000
1.463 3.226140 0.000000
1.464 3.225957 0.000000
1.465 3.225773 0.000000
1.466 3.225589 0.000000
1.467 3.225405 0.000000
1.468 3.225221 0.000000
1.469 3.225037 0.000000
1.470 3.224853 0.000000
1.471 3.224669 0.000000
1.472 3.224486 0.000000
1.473 3.224302 0.000000
1.474 3.224118 0.000000
1.475 3.223935 0.000000
1.476 3.223757 0.000000
1.477 3.223579 0.000000
1.478 3.223402 0.000000
1.479 3.223224 0.000000
1.480 3.223047 0.000000
1.481 3.222869 0.000000
1.482 3.222691 0.000000
1.483 3.222514 0.000000
1.484 3.222336 0.000000
1.485 3.222158 0.000000
1.486 3.221981 0.000000
1.487 3.221803 0.000000
1.488 3.221625 0.000000
1.489 3.221448 0.000000
1.490 3.221270 0.000000
1.491 3.221092 0.000000
1.492 3.220916 0.000000
1.493 3.220745 0.000000
1.494 3.220573 0.000000
1.495 3.220402 0.000000
1.496 3.220230 0.000000
1.497 3.220059 0.000000
1.498 3.219888 0.000000
1.499 3.219716 0.000000
1.500 3.219545 0.000000
1.501 3.219373 0.000000
1.502 3.219202 0.000000
1.503 3.219031 0.000000
1.504 3.218859 0.000000
1.505 3.218688 0.000000
1.506 3.218516 0.000000
1.507 3.218345 0.000000
1.508 3.218174 0.000000
1.509 3.218002 0.000000
1.510 3.217835 0.000000
1.511 3.217669 0.000000
1.512 3.217503 0.000000
1.513 3.217337 0.000000
1.514 3.217171 0.000000
1.515 3.217004 0.000000
1.516 3.216838 0.000000
1.517 3.216672 0.000000
1.518 3.216506 0.000000
1.519 3.216340 0.000000
1.520 3.216174 0.000000
1.521 3.216008 0.000000
1.522 3.215842 0.000000
1.523 3.215676 0.000000
1.524 3.215509 0.000000
1.525 3.215343 0.000000
1.526 3.215177 0.000000
1.527 3.215011 0.000000
1.528 3.214852 0.000000
1.529 3.214692 0.000000
1.530 3.214533 0.000000
1.531 3.214373 0.000000
1.532 3.214214 0.000000
1.533 3.214055 0.000000
1.534 3.213895 0.000000
1.535 3.213736 0.000000
1.536 3.213576 0.000000
1.537 3.213417 0.000000
1.538 3.213257 0.000000
1.539 3.213098 0.000000
1.540 3.212938 0.000000
1.541 3.212779 0.000000
1.542 3.212619 0.000000
1.543 3.212460 0.000000
1.544 3.212300 0.000000
1.545 3.212141 0.000000
1.546 3.211985 0.000000
1.547 3.211830 0.000000
1.548 3.211675 0.000000
1.549 3.211520 0.000000
1.550 3.211365 0.000000
1.551 3.211210 0.000000
1.552 3.211055 0.000000
1.553 3.210900 0.000000
1.554 3.210745 0.000000
1.555 3.210589 0.000000
1.556 3.210434 0.000000
1.557 3.210279 0.000000
1.558 3.210124 0.000000
1.559 3.209969 0.000000
1.560 3.209814 0.000000
1.561 3.209659 0.000000
1.562 3.209504 0.000000
1.563 3.209349 0.000000
1.564 3.209196 0.000000
1.565 3.209050 0.000000
1.566 3.208905 0.000000
1.567 3.208759 0.000000
1.568 3.208613 0.000000
1.569 3.208468 0.000000
1.570 3.208322 0.000000
1.571 3.208176 0.000000
1.572 3.208031 0.000000
1.573 3.207885 0.000000
1.574 3.207740 0.000000
1.575 3.207594 0.000000
1.576 3.207448 0.000000
1.577 3.207303 0.000000
1.578 3.207157 0.000000
1.579 3.207011 0.000000
1.580 3.206866 0.000000
1.581 3.206720 0.000000
1.582 3.206574 0.000000
1.583 3.206429 0.000000
1.584 3.206288 0.000000
1.585 3.206148 0.000000
1.586 3.206007 0.000000
1.587 3.205866 0.000000
1.588 3.205725 0.000000
1.589 3.205584 0.000000
1.590 3.205443 0.000000
1.591 3.205302 0.000000
1.592 3.205161 0.000000
1.593 3.205020 0.000000
1.594 3.204879 0.000000
1.595 3.204738 0.000000
1.596 3.204597 0.000000
1.597 3.204456 0.000000
1.598 3.204315 0.000000
1.599 3.204174 0.000000
1.600 3.204033 0.000000
1.601 3.203892 0.000000
1.602 3.203752 0.000000
1.603 3.203613 0.000000
1.604 3.203477 0.000000
1.605 3.203340 0.000000
1.606 3.203204 0.000000
1.607 3.203067 0.000000
1.608 3.202931 0.000000
1.609 3.202795 0.000000
1.610 3.202658 0.000000
1.611 3.202522 0.000000
1.612 3.202385 0.000000
1.613 3.202249 0.000000
1.614 3.202113 0.000000
1.615 3.201976 0.000000
1.616 3.201840 0.000000
1.617 3.201703 0.000000
1.618 3.201567 0.000000
1.619 3.201430 0.000000
1.620 3.201294 0.000000
1.621 3.201158 0.000000
1.622 3.201021 0.000000
1.623 3.200886 0.000000
1.624 3.200751 0.000000
1.625 3.200617 0.000000
1.626 3.200482 0.000000
1.627 3.200348 0.000000
1.628 3.200214 0.000000
1.629 3.200079 0.000000
1.630 3.199945 0.000000
1.631 3.199810 0.000000
1.632 3.199676 0.000000
1.633 3.199542 0.000000
1.634 3.199407 0.000000
1.635 3.199273 0.000000
1.636 3.199138 0.000000
1.637 3.199004 0.000000
1.638 3.198869 0.000000
1.639 3.198735 0.000000
1.640 3.198601 0.000000
1.641 3.198466 0.000000
1.642 3.198332 0.000000
1.643 3.198197 0.000000
1.644 3.198072 0.000000
1.645 3.197948 0.000000
1.646 3.197823 0.000000
1.647 3.197699 0.000000
1.648 3.197574 0.000000
1.649 3.197450 0.000000
1.650 3.197325 0.000000
1.651 3.197201 0.000000
1.652 3.197076 0.000000
1.653 3.196952 0.000000
1.654 3.196827 0.000000
1.655 3.196703 0.000000
1.656 3.196578 0.000000
1.657 3.196454 0.000000
1.658 3.196329 0.000000
1.659 3.196205 0.000000
1.660 3.196080 0.000000
1.661 3.195955 0.000000
1.662 3.195831 0.000000
1.663 3.195706 0.000000
1.664 3.195582 0.000000
1.665 3.195460 0.000000
1.666 3.195338 0.000000
1.667 3.195216 0.000000
1.668 3.195094 0.000000
1.669 3.194972 0.000000
1.670 3.194850 0.000000
1.671 3.194728 0.000000
1.672 3.194607 0.000000
1.673 3.194485 0.000000
1.674 3.194363 0.000000
1.675 3.194241 0.000000
1.676 3.194119 0.000000
1.677 3.193997 0.000000
1.678 3.193875 0.000000
1.679 3.193753 0.000000
1.680 3.193632 0.000000
1.681 3.193510 0.000000
1.682 3.193388 0.000000
1.683 3.193266 0.000000
1.684 3.193144 0.000000
1.685 3.193022 0.000000
1.686 3.192902 0.000000
1.687 3.192787 0.000000
1.688 3.192672 0.000000
1.689 3.192557 0.000000
1.690 3.192442 0.000000
1.691 3.192327 0.000000
1.692 3.192212 0.000000
1.693 3.192097 0.000000
1.694 3.191983 0.000000
1.695 3.191868 0.000000
1.696 3.191753 0.000000
1.697 3.191638 0.000000
1.698 3.191523 0.000000
1.699 3.191408 0.000000
1.700 3.191293 0.000000
1.701 3.191178 0.000000
1.702 3.191063 0.000000
1.703 3.190948 0.000000
1.704 3.190833 0.000000
1.705 3.190718 0.000000
1.706 3.190603 0.000000
1.707 3.190488 0.000000
1.708 3.190373 0.000000
1.709 3.190260 0.000000
1.710 3.190147 0.000000
1.711 3.190034 0.000000
1.712 3.189920 0.000000
1.713 3.189807 0.000000
1.714 3.189694 0.000000
1.715 3.189580 0.000000
1.716 3.189467 0.000000
1.717 3.189354 0.000000
1.718 3.189240 0.000000
1.719 3.189127 0.000000
1.720 3.189014 0.000000
1.721 3.188901 0.000000
1.722 3.188787 0.000000
1.723 3.188674 0.000000
1.724 3.188561 0.000000
1.725 3.188447 0.000000
1.726 3.188334 0.000000
1.727 3.188221 0.000000
1.728 3.188108 0.000000
1.729 3.187994 0.000000
1.730 3.187881 0.000000
1.731 3.187770 0.000000
1.732 3.187663 0.000000
1.733 3.187557 0.000000
1.734 3.187450 0.000000
1.735 3.187344 0.000000
1.736 3.187238 0.000000
1.737 3.187131 0.000000
1.738 3.187025 0.000000
1.739 3.186919 0.000000
1.740 3.186812 0.000000
1.741 3.186706 0.000000
1.742 3.186600 0.000000
1.743 3.186493 0.000000
1.744 3.186387 0.000000
1.745 3.186280 0.000000
1.746 3.186174 0.000000
1.747 3.186068 0.000000
1.748 3.185961 0.000000
1.749 3.185855 0.000000
1.750 3.185749 0.000000
1.751 3.185642 0.000000
1.752 3.185536 0.000000
1.753 3.185430 0.000000
1.754 3.185323 0.000000
1.755 3.185218 0.000000
1.756 3.185114 0.000000
1.757 3.185009 0.000000
1.758 3.184905 0.000000
1.759 3.184800 0.000000
1.760 3.184696 0.000000
1.761 3.184591 0.000000
1.762 3.184486 0.000000
1.763 3.184382 0.000000
1.764 3.184277 0.000000
1.765 3.184173 0.000000
1.766 3.184068 0.000000
1.767 3.183964 0.000000
1.768 3.183859 0.000000
1.769 3.183755 0.000000
1.770 3.183650 0.000000
1.771 3.183545 0.000000
1.772 3.183441 0.000000
1.773 3.183336 0.000000
1.774 3.183232 0.000000
1.775 3.183127 0.000000
1.776 3.183023 0.000000
1.777 3.182918 0.000000
1.778 3.182814 0.000000
1.779 3.182714 0.000000
1.780 3.182616 0.000000
1.781 3.182518 0.000000
1.782 3.182420 0.000000
1.783 3.182322 0.000000
1.784 3.182224 0.000000
1.785 3.182126 0.000000
1.786 3.182028 0.000000
1.787 3.181930 0.000000
1.788 3.181831 0.000000
1.789 3.181733 0.000000
1.790 3.181635 0.000000
1.791 3.181537 0.000000
1.792 3.181439 0.000000
1.793 3.181341 0.000000
1.794 3.181243 0.000000
1.795 3.181145 0.000000
1.796 3.181047 0.000000
1.797 3.180949 0.000000
1.798 3.180851 0.000000
1.799 3.180753 0.000000
1.800 3.180655 0.000000
1.801 3.180556 0.000000
1.802 3.180458 0.000000
1.803 3.180360 0.000000
1.804 3.180264 0.000000
1.805 3.180168 0.000000
1.806 3.180072 0.000000
1.807 3.179976 0.000000
1.808 3.179880 0.000000
1.809 3.179784 0.000000
1.810 3.179688 0.000000
1.811 3.179592 0.000000
1.812 3.179496 0.000000
1.813 3.179400 0.000000
1.814 3.179304 0.000000
1.815 3.179208 0.000000
1.816 3.179112 0.000000
1.817 3.179016 0.000000
1.818 3.178920 0.000000
1.819 3.178824 0.000000
1.820 3.178728 0.000000
1.821 3.178632 0.000000
1.822 3.178536 0.000000
1.823 3.178440 0.000000
1.824 3.178344 0.000000
1.825 3.178247 0.000000
1.826 3.178151 0.000000
1.827 3.178055 0.000000
1.828 3.177959 0.000000
1.829 3.177867 0.000000
1.830 3.177777 0.000000
1.831 3.177686 0.000000
1.832 3.177596 0.000000
1.833 3.177505 0.000000
1.834 3.177415 0.000000
1.835 3.177324 0.000000
1.836 3.177234 0.000000
1.837 3.177143 0.000000
1.838 3.177053 0.000000
1.839 3.176962 0.000000
1.840 3.176872 0.000000
1.841 3.176781 0.000000
1.842 3.176691 0.000000
1.843 3.176601 0.000000
1.844 3.176510 0.000000
1.845 3.176420 0.000000
1.846 3.176329 0.000000
1.847 3.176239 0.000000
1.848 3.176148 0.000000
1.849 3.176058 0.000000
1.850 3.175967 0.000000
1.851 3.175877 0.000000
1.852 3.175786 0.000000
1.853 3.175696 0.000000
1.854 3.175605 0.000000
1.855 3.175516 0.000000
1.856 3.175428 0.000000
1.857 3.175340 0.000000
1.858 3.175251 0.000000
1.859 3.175163 0.000000
1.860 3.175075 0.000000
1.861 3.174987 0.000000
1.862 3.174898 0.000000
1.863 3.174810 0.000000
1.864 3.174722 0.000000
1.865 3.174634 0.000000
1.866 3.174546 0.000000
1.867 3.174457 0.000000
1.868 3.174369 0.000000
1.869 3.174281 0.000000
1.870 3.174193 0.000000
1.871 3.174104 0.000000
1.872 3.174016 0.000000
1.873 3.173928 0.000000
1.874 3.173840 0.000000
1.875 3.173751 0.000000
1.876 3.173663 0.000000
1.877 3.173575 0.000000
1.878 3.173487 0.000000
1.879 3.173398 0.000000
1.880 3.173310 0.000000
1.881 3.173222 0.000000
1.882 3.173137 0.000000
1.883 3.173054 0.000000
1.884 3.172970 0.000000
1.885 3.172887 0.000000
1.886 3.172804 0.000000
1.887 3.172721 0.000000
1.888 3.172637 0.000000
1.889 3.172554 0.000000
1.890 3.172471 0.000000
1.891 3.172388 0.000000
1.892 3.172304 0.000000
1.893 3.172221 0.000000
1.894 3.172138 0.000000
1.895 3.172055 0.000000
1.896 3.171971 0.000000
1.897 3.171888 0.000000
1.898 3.171805 0.000000
1.899 3.171721 0.000000
1.900 3.171638 0.000000
1.901 3.171555 0.000000
1.902 3.171472 0.000000
1.903 3.171388 0.000000
1.904 3.171305 0.000000
1.905 3.171222 0.000000
1.906 3.171139 0.000000
1.907 3.171055 0.000000
1.908 3.170972 0.000000
1.909 3.170889 0.000000
1.910 3.170808 0.000000
1.911 3.170727 0.000000
1.912 3.170646 0.000000
1.913 3.170565 0.000000
1.914 3.170484 0.000000
1.915 3.170403 0.000000
1.916 3.170322 0.000000
1.917 3.170241 0.000000
1.918 3.170160 0.000000
1.919 3.170080 0.000000
1.920 3.169999 0.000000
1.921 3.169918 0.000000
1.922 3.169837 0.000000
1.923 3.169756 0.000000
1.924 3.169675 0.000000
1.925 3.169594 0.000000
1.926 3.169513 0.000000
1.927 3.169432 0.000000
1.928 3.169351 0.000000
1.929 3.169270 0.000000
1.930 3.169189 0.000000
1.931 3.169108 0.000000
1.932 3.169028 0.000000
1.933 3.168947 0.000000
1.934 3.168866 0.000000
1.935 3.168785 0.000000
1.936 3.168704 0.000000
1.937 3.168623 0.000000
1.938 3.168544 0.000000
1.939 3.168467 0.000000
1.940 3.168390 0.000000
1.941 3.168314 0.000000
1.942 3.168237 0.000000
1.943 3.168160 0.000000
1.944 3.168084 0.000000
1.945 3.168007 0.000000
1.946 3.167930 0.000000
1.947 3.167854 0.000000
1.948 3.167777 0.000000
1.949 3.167700 0.000000
1.950 3.167624 0.000000