0.251 2.019113 3.279221
0.252 2.066359 3.293715
0.253 2.112624 3.303566
0.254 2.164296 3.319309
0.255 2.209073 3.328782
0.256 2.260023 3.338530
0.257 2.311561 3.348465
0.258 2.362632 3.358348
0.259 2.414923 3.367853
0.260 2.474957 3.376247
0.261 2.530673 3.381868
0.262 2.593058 3.380699
0.263 2.656555 3.378763
0.264 2.722212 3.367844
0.265 2.789854 3.355785
0.266 2.851705 3.335847
0.267 2.914426 3.312973
0.268 2.975515 3.286005
0.269 3.034787 3.252333
0.270 3.086146 3.216003
0.271 3.138917 3.177288
0.272 3.181933 3.135368
0.273 3.227375 3.093841
0.274 3.263369 3.051692
0.275 3.296783 3.007378
0.276 3.327908 2.959578
0.277 3.356804 2.919033
0.278 3.383843 2.874094
0.279 3.403334 2.827771
0.280 3.421678 2.783714
0.281 3.440372 2.744430
0.282 3.453396 2.700510
0.283 3.466098 2.658417
0.284 3.478494 2.618656
0.285 3.484626 2.580922
0.286 3.491262 2.543870
0.287 3.499597 2.506360
0.288 3.501884 2.468905
0.289 3.504271 2.433747
0.290 3.506785 2.398888
0.291 3.503752 2.365138
0.292 3.502840 2.337069
0.293 3.501732 2.304450
0.294 3.499411 2.278014
0.295 3.495097 2.246454
0.296 3.488700 2.221131
0.297 3.482483 2.196517
0.298 3.476453 2.172359
0.299 3.470623 2.148638
0.300 3.464272 2.130860
0.301 3.453341 2.108769
0.302 3.447075 2.091906
0.303 3.436709 2.070150
0.304 3.430540 2.054061
0.305 3.420850 2.037012
0.306 3.414861 2.023736
0.307 3.405708 2.007352
0.308 3.395483 1.995957
0.309 3.386665 1.984806
0.310 3.381087 1.973839
0.311 3.372955 1.963071
0.312 3.366163 1.952463
0.313 3.357797 1.941996
0.314 3.348500 1.931679
0.315 3.340945 1.925888
0.316 3.334656 1.917778
0.317 3.326961 1.911926
0.318 3.323432 1.904312
0.319 3.315412 1.898400
0.320 3.307371 1.892429
0.321 3.304354 1.888176
0.322 3.295954 1.884927
0.323 3.293710 1.878480
0.324 3.286664 1.877841
0.325 3.283494 1.872055
0.326 3.276796 1.871986
0.327 3.273627 1.865754
0.328 3.267928 1.865855
0.329 3.264163 1.864964
0.330 3.262651 1.859891
0.331 3.256027 1.860081
0.332 3.253627 1.860348
0.333 3.252365 1.860642
0.334 3.251143 1.860953
0.335 3.246244 1.857551
0.336 3.242651 1.855421
0.337 3.241630 1.855842
0.338 3.240653 1.856289
0.339 3.239750 1.856781
0.340 3.238897 1.857301
0.341 3.238094 1.857848
0.342 3.237327 1.858417
0.343 3.236619 1.859024
0.344 3.235976 1.859675
0.345 3.235368 1.860348
0.346 3.234796 1.866615
0.347 3.234263 1.868021
0.348 3.233801 1.868790
0.349 3.233364 1.869577
0.350 3.232961 1.870389
0.351 3.237000 1.871271
0.352 3.238610 1.873214
0.353 3.238345 1.879313
0.354 3.238429 1.880289
0.355 3.243693 1.881276
0.356 3.244091 1.882297
0.357 3.243996 1.883343
0.358 3.244773 1.890661
0.359 3.250228 1.891805
0.360 3.250673 1.892934
0.361 3.256033 1.895394
0.362 3.256739 1.901566
0.363 3.261662 1.902794
0.364 3.263386 1.904052
0.365 3.266192 1.907889
0.366 3.270225 1.912931
0.367 3.270858 1.914279
0.368 3.277227 1.917651
0.369 3.281425 1.923331
0.370 3.284436 1.924761
0.371 3.286343 1.927599
0.372 3.291825 1.933981
0.373 3.297047 1.935505
0.374 3.300392 1.938040
0.375 3.306406 1.944887
0.376 3.311136 1.946733
0.377 3.314893 1.953430
0.378 3.322857 1.956010
0.379 3.328684 1.960773
0.380 3.334349 1.965629
0.381 3.337298 1.967746
0.382 3.346214 1.975147
0.383 3.355280 1.980740
0.384 3.359318 1.985142
0.385 3.367232 1.988334
0.386 3.376408 1.995027
0.387 3.381914 2.000566
0.388 3.388573 2.005436
0.389 3.397876 2.013151
0.390 3.407200 2.017544
0.391 3.420345 2.023245
0.392 3.432220 2.029918
0.393 3.441654 2.034501
0.394 3.453157 2.041659
0.395 3.466858 2.047218
0.396 3.481421 2.052036
0.397 3.497561 2.059253
0.398 3.509755 2.062315
0.399 3.527114 2.064416
0.400 3.544483 2.066536
0.401 3.561864 2.067813
0.402 3.580149 2.064589
0.403 3.602824 2.064397
0.404 3.620469 2.059209
0.405 3.637477 2.053910
0.406 3.649389 2.048649
0.407 3.665065 2.037800
0.408 3.678191 2.032091
0.409 3.692140 2.023397
0.410 3.702297 2.015770
0.411 3.707424 2.005735
0.412 3.715537 1.999846
0.413 3.718537 1.992596
0.414 3.725002 1.984434
0.415 3.731069 1.984410
0.416 3.734561 1.981602
0.417 3.738144 1.978065
0.418 3.741868 1.981215
0.419 3.745853 1.984438
0.420 3.750274 1.987789
0.421 3.755355 1.991805
0.422 3.765609 2.000628
0.423 3.772790 2.005776
0.424 3.784924 2.015683
0.425 3.794602 2.026211
0.426 3.808923 2.036078
0.427 3.825213 2.041410
0.428 3.845313 2.050219
0.429 3.866771 2.059888
0.430 3.888485 2.069218
0.431 3.913551 2.078216
0.432 3.942659 2.083412
0.433 3.971973 2.089229
0.434 4.002254 2.091532
0.435 4.035966 2.091227
0.436 4.069388 2.088081
0.437 4.102743 2.082193
0.438 4.135930 2.075611
0.439 4.168869 2.067547
0.440 4.201645 2.056874
0.441 4.234327 2.044037
0.442 4.266332 2.030141
0.443 4.295205 2.012038
0.444 4.326713 1.993210
0.445 4.358359 1.973508
0.446 4.387731 1.952519
0.447 4.417031 1.926969
0.448 4.443540 1.899362
0.449 4.468362 1.870321
0.450 4.492525 1.839841
0.451 4.515814 1.808065
0.452 4.536433 1.774912
0.453 4.553634 1.740232
0.454 4.572231 1.704930
0.455 4.584505 1.668680
0.456 4.593774 1.632255
0.457 4.602228 1.595575
0.458 4.607361 1.559070
0.459 4.609452 1.525406
0.460 4.610103 1.492109
0.461 4.608639 1.458254
0.462 4.603890 1.428628
0.463 4.601490 1.399521
0.464 4.594336 1.370629
0.465 4.586919 1.342113
0.466 4.580117 1.314471
0.467 4.576172 1.287741
0.468 4.568561 1.265841
0.469 4.560084 1.240186
0.470 4.551319 1.218890
0.471 4.542564 1.198986
0.472 4.533467 1.179434
0.473 4.521226 1.160462
0.474 4.509757 1.141715
0.475 4.500697 1.123050
0.476 4.491751 1.107391
0.477 4.482798 1.093205
0.478 4.473860 1.076898
0.479 4.464944 1.064391
0.480 4.456039 1.048106
0.481 4.447148 1.035332
0.482 4.438278 1.020753
0.483 4.429437 1.008020
0.484 4.420636 0.997292
0.485 4.411867 0.986208
0.486 4.403119 0.974996
0.487 4.394403 0.964180
0.488 4.385734 0.953880
0.489 4.379114 0.943966
0.490 4.373822 0.934167
0.491 4.366172 0.924606
0.492 4.357662 0.915641
0.493 4.349181 0.906850
0.494 4.340727 0.898113
0.495 4.332322 0.889887
0.496 4.327146 0.882021
0.497 4.321534 0.874222
0.498 4.313647 0.866474
0.499 4.305414 0.858844
0.500 4.298050 0.851465
0.501 4.294395 0.844518
0.502 4.287258 0.837695
0.503 4.279195 0.830964
0.504 4.274692 0.824380
0.505 4.269054 0.817838
0.506 4.261563 0.811565
0.507 4.255514 0.805427
0.508 4.250801 0.799351
0.509 4.245264 0.793504
0.510 4.240655 0.787808
0.511 4.235093 0.782176
0.512 4.227435 0.776643
0.513 4.221952 0.771168
0.514 4.218103 0.765862
0.515 4.212074 0.760823
0.516 4.208404 0.755652
0.517 4.202619 0.750754
0.518 4.198621 0.745684
0.519 4.193496 0.740748
0.520 4.188767 0.736127
0.521 4.184485 0.731560
0.522 4.179342 0.727013
0.523 4.175236 0.722486
0.524 4.170332 0.718002
0.525 4.165793 0.713575
0.526 4.161807 0.709186
0.527 4.156140 0.704804
0.528 4.153688 0.700445
0.529 4.146632 0.696141
0.530 4.144537 0.692384
0.531 4.142752 0.688261
0.532 4.137858 0.684041
0.533 4.133575 0.680088
0.534 4.129698 0.676248
0.535 4.124640 0.672308
0.536 4.121373 0.668590
0.537 4.116124 0.665016
0.538 4.112576 0.661168
0.539 4.110549 0.657441
0.540 4.107181 0.653876
0.541 4.102876 0.650399
0.542 4.099541 0.646883
0.543 4.097906 0.643203
0.544 4.093802 0.639566
0.545 4.089649 0.636150
0.546 4.087204 0.632788
0.547 4.084712 0.629448
0.548 4.080827 0.626140
0.549 4.076492 0.622862
0.550 4.072917 0.619585
0.551 4.068654 0.616320
0.552 4.065947 0.613087
0.553 4.063862 0.609951
0.554 4.060359 0.606974
0.555 4.055919 0.604096
0.556 4.054114 0.600970
0.557 4.051527 0.597829
0.558 4.047829 0.594715
0.559 4.043810 0.591641
0.560 4.042479 0.588755
0.561 4.041157 0.585952
0.562 4.038630 0.583022
0.563 4.035014 0.580054
0.564 4.031021 0.577267
0.565 4.029745 0.574522
0.566 4.026747 0.571599
0.567 4.023080 0.568730
0.568 4.019726 0.566028
0.569 4.018504 0.563326
0.570 4.015022 0.560665
0.571 4.011430 0.557982
0.572 4.008599 0.555298
0.573 4.007418 0.552730
0.574 4.006247 0.550059
0.575 4.003264 0.547466
0.576 3.999131 0.544916
0.577 3.996676 0.542211
0.578 3.995351 0.539748
0.579 3.994221 0.537189
0.580 3.992454 0.534548
0.581 3.987143 0.532190
0.582 3.984828 0.529895
0.583 3.983448 0.527437
0.584 3.982053 0.524760
0.585 3.976535 0.522532
0.586 3.973988 0.520263
0.587 3.972917 0.517886
0.588 3.971852 0.515288
0.589 3.969721 0.513059
0.590 3.966487 0.510884
0.591 3.962490 0.508704
0.592 3.961464 0.506354
0.593 3.960444 0.503966
0.594 3.958815 0.501630
0.595 3.955298 0.499510
0.596 3.952330 0.497401
0.597 3.950196 0.495296
0.598 3.949209 0.493193
0.599 3.948234 0.490765
0.600 3.945323 0.488470
0.601 3.940550 0.486336
0.602 3.939277 0.484285
0.603 3.938199 0.482235
0.604 3.937267 0.480188
0.605 3.936343 0.478152
0.606 3.934597 0.476133
0.607 3.932143 0.474125
0.608 3.928369 0.472129
0.609 3.926472 0.470135
0.610 3.925577 0.468144
0.611 3.924690 0.466163
0.612 3.921787 0.464196
0.613 3.918069 0.462240
0.614 3.916207 0.460295
0.615 3.914958 0.458352
0.616 3.914057 0.456411
0.617 3.912715 0.454481
0.618 3.909706 0.452562
0.619 3.905330 0.450654
0.620 3.904519 0.448756
0.621 3.903708 0.446859
0.622 3.902897 0.444964
0.623 3.902094 0.443080
0.624 3.900276 0.441203
0.625 3.896344 0.439340
0.626 3.894156 0.437486
0.627 3.892690 0.435640
0.628 3.891913 0.433823
0.629 3.890618 0.432201
0.630 3.888940 0.430722
0.631 3.885255 0.428912
0.632 3.882619 0.427097
0.633 3.881881 0.425290
0.634 3.881143 0.423484
0.635 3.880407 0.421723
0.636 3.879679 0.420261
0.637 3.877074 0.418668
0.638 3.872549 0.416941
0.639 3.871289 0.415179
0.640 3.870589 0.413440
0.641 3.869889 0.411817
0.642 3.869194 0.410250
0.643 3.868504 0.408729
0.644 3.865405 0.407018
0.645 3.862340 0.405353
0.646 3.860689 0.403967
0.647 3.859549 0.402420
0.648 3.858880 0.400724
0.649 3.857308 0.399103
0.650 3.855366 0.397518
0.651 3.852159 0.396074
0.652 3.850021 0.394527
0.653 3.849388 0.392835
0.654 3.848755 0.391371
0.655 3.848123 0.390006
0.656 3.847153 0.388409
0.657 3.845520 0.386863
0.658 3.841686 0.385520
0.659 3.839411 0.384115
0.660 3.838813 0.382643
0.661 3.838215 0.381162
0.662 3.837618 0.379677
0.663 3.837028 0.378363
0.664 3.835797 0.377011
0.665 3.831712 0.375458
0.666 3.829028 0.373991
0.667 3.828457 0.372652
0.668 3.827887 0.371278
0.669 3.827317 0.369880
0.670 3.826755 0.368410
0.671 3.826195 0.366923
0.672 3.822266 0.365663
0.673 3.818845 0.364373
0.674 3.818308 0.362902
0.675 3.817771 0.361532
0.676 3.817234 0.360366
0.677 3.815305 0.359064
0.678 3.811889 0.357617
0.679 3.809992 0.356305
0.680 3.808986 0.355071
0.681 3.808358 0.353679
0.682 3.807846 0.352239
0.683 3.807335 0.351066
0.684 3.806806 0.349924
0.685 3.803345 0.348495
0.686 3.800177 0.347097
0.687 3.799347 0.345939
0.688 3.798589 0.344790
0.689 3.798109 0.343672
0.690 3.797628 0.342487
0.691 3.797148 0.341137
0.692 3.795502 0.339842
0.693 3.791799 0.338642
0.694 3.789469 0.337485
0.695 3.789009 0.336385
0.696 3.788550 0.335287
0.697 3.788094 0.334192
0.698 3.787637 0.332955
0.699 3.787181 0.331585
0.700 3.785011 0.330347
0.701 3.781405 0.329220
0.702 3.779584 0.328121
0.703 3.779152 0.327042
0.704 3.778723 0.325967
0.705 3.778296 0.324893
0.706 3.777705 0.323820
0.707 3.776987 0.322749
0.708 3.774900 0.321680
0.709 3.771682 0.320615
0.710 3.769926 0.319554
0.711 3.769518 0.318498
0.712 3.769112 0.317296
0.713 3.768707 0.315939
0.714 3.767802 0.314713
0.715 3.766232 0.313663
0.716 3.764410 0.312614
0.717 3.762155 0.311570
0.718 3.760445 0.310532
0.719 3.760058 0.309512
0.720 3.759673 0.308546
0.721 3.759290 0.307794
0.722 3.758674 0.307013
0.723 3.756083 0.305981
0.724 3.753493 0.304949
0.725 3.752358 0.303924
0.726 3.751232 0.302898
0.727 3.750773 0.301879
0.728 3.750413 0.300860
0.729 3.750056 0.299844
0.730 3.749700 0.298829
0.731 3.747649 0.297815
0.732 3.744397 0.296802
0.733 3.742374 0.295858
0.734 3.742026 0.295008
0.735 3.741681 0.294153
0.736 3.741342 0.293282
0.737 3.740951 0.292403
0.738 3.739760 0.291406
0.739 3.738569 0.290408
0.740 3.736411 0.289580
0.741 3.734098 0.288778
0.742 3.733069 0.287912
0.743 3.732742 0.287011
0.744 3.732418 0.286075
0.745 3.732098 0.285091
0.746 3.731348 0.284151
0.747 3.728628 0.283411
0.748 3.725909 0.282671
0.749 3.725070 0.281745
0.750 3.724382 0.280804
0.751 3.723943 0.279964
0.752 3.723635 0.279176
0.753 3.723238 0.278364
0.754 3.722694 0.277509
0.755 3.721969 0.276665
0.756 3.719203 0.275948
0.757 3.716436 0.275230
0.758 3.715576 0.274324
0.759 3.715280 0.273362
0.760 3.714986 0.272522
0.761 3.714697 0.271832
0.762 3.714175 0.271137
0.763 3.711784 0.270396
0.764 3.709394 0.269656
0.765 3.708188 0.268845
0.766 3.707359 0.268012
0.767 3.706746 0.267214
0.768 3.706467 0.266469
0.769 3.706186 0.265726
0.770 3.705594 0.265077
0.771 3.705002 0.264429
0.772 3.703213 0.263743
0.773 3.700672 0.263034
0.774 3.698591 0.262331
0.775 3.698330 0.261655
0.776 3.698069 0.260979
0.777 3.697808 0.260204
0.778 3.697547 0.259401
0.779 3.696463 0.258681
0.780 3.693736 0.258128
0.781 3.691009 0.257575
0.782 3.690391 0.256803
0.783 3.690070 0.256001
0.784 3.689780 0.255301
0.785 3.689536 0.254754
0.786 3.689292 0.254207
0.787 3.689048 0.253566
0.788 3.688804 0.252916
0.789 3.687639 0.252250
0.790 3.685154 0.251562
0.791 3.682670 0.250873
0.792 3.681984 0.250317
0.793 3.681519 0.249778
0.794 3.681138 0.249239
0.795 3.680911 0.248701
0.796 3.680683 0.248163
0.797 3.679648 0.247545
0.798 3.678412 0.246908
0.799 3.677082 0.246261
0.800 3.675439 0.245586
0.801 3.673796 0.244911
0.802 3.673075 0.244330
0.803 3.672856 0.243800
0.804 3.672638 0.243270
0.805 3.672422 0.242742
0.806 3.672205 0.242214
0.807 3.670981 0.241687
0.808 3.668389 0.241160
0.809 3.665798 0.240633
0.810 3.665084 0.240108
0.811 3.664876 0.239584
0.812 3.664670 0.239061
0.813 3.664472 0.238539
0.814 3.664273 0.238018
0.815 3.663930 0.237498
0.816 3.663420 0.236978
0.817 3.662910 0.236459
0.818 3.661096 0.235940
0.819 3.658898 0.235421
0.820 3.656832 0.234907
0.821 3.656642 0.234449
0.822 3.656453 0.233991
0.823 3.656266 0.233573
0.824 3.656083 0.233231
0.825 3.655899 0.232890
0.826 3.655186 0.232446
0.827 3.654114 0.231935
0.828 3.653043 0.231424
0.829 3.651572 0.230914
0.830 3.650021 0.230404
0.831 3.648547 0.229906
0.832 3.648370 0.229623
0.833 3.648193 0.229340
0.834 3.648017 0.228999
0.835 3.647844 0.228495
0.836 3.647671 0.227991
0.837 3.646772 0.227560
0.838 3.644948 0.227223
0.839 3.643123 0.226886
0.840 3.641962 0.226482
0.841 3.641239 0.226036
0.842 3.640516 0.225590
0.843 3.640209 0.225261
0.844 3.640043 0.224972
0.845 3.639878 0.224684
0.846 3.639718 0.224221
0.847 3.639558 0.223732
0.848 3.639398 0.223244
0.849 3.638430 0.222729
0.850 3.637440 0.222213
0.851 3.636459 0.221699
0.852 3.635602 0.221221
0.853 3.634744 0.220742
0.854 3.633930 0.220283
0.855 3.633419 0.219968
0.856 3.632907 0.219653
0.857 3.632404 0.219370
0.858 3.631940 0.219248
0.859 3.631475 0.219125
0.860 3.631007 0.218943
0.861 3.630525 0.218511
0.862 3.630042 0.218080
0.863 3.629560 0.217669
0.864 3.629080 0.217342
0.865 3.628601 0.217016
0.866 3.628132 0.216661
0.867 3.627708 0.216171
0.868 3.627284 0.215681
0.869 3.626862 0.215191
0.870 3.626449 0.214701
0.871 3.626037 0.214211
0.872 3.625624 0.213729
0.873 3.625200 0.213337
0.874 3.624775 0.212945
0.875 3.624351 0.212553
0.876 3.623929 0.212258
0.877 3.623508 0.211964
0.878 3.623087 0.211669
0.879 3.622697 0.211380
0.880 3.622311 0.211092
0.881 3.621925 0.210804
0.882 3.621511 0.210312
0.883 3.621089 0.209759
0.884 3.620666 0.209206
0.885 3.620280 0.208804
0.886 3.619918 0.208496
0.887 3.619555 0.208188
0.888 3.619200 0.207896
0.889 3.618853 0.207623
0.890 3.618507 0.207350
0.891 3.618153 0.207029
0.892 3.617778 0.206563
0.893 3.617402 0.206097
0.894 3.617027 0.205631
0.895 3.616660 0.205168
0.896 3.616294 0.204705
0.897 3.615927 0.204242
0.898 3.615565 0.203770
0.899 3.615203 0.203295
0.900 3.614842 0.202820
0.901 3.614477 0.202349
0.902 3.614109 0.201883
0.903 3.613742 0.201416
0.904 3.613380 0.200959
0.905 3.613034 0.200532
0.906 3.612688 0.200105
0.907 3.612342 0.199677
0.908 3.612014 0.199332
0.909 3.611688 0.198993
0.910 3.611361 0.198654
0.911 3.611034 0.198339
0.912 3.610706 0.198041
0.913 3.610379 0.197742
0.914 3.610058 0.197409
0.915 3.609757 0.196961
0.916 3.609457 0.196513
0.917 3.609156 0.196065
0.918 3.608845 0.195603
0.919 3.608531 0.195138
0.920 3.608218 0.194674
0.921 3.607897 0.194134
0.922 3.607565 0.193500
0.923 3.607234 0.192866
0.924 3.606903 0.192231
0.925 3.606598 0.191697
0.926 3.606294 0.191163
0.927 3.605989 0.190629
0.928 3.605676 0.190192
0.929 3.605355 0.189839
0.930 3.605034 0.189486
0.931 3.604713 0.189136
0.932 3.604412 0.188846
0.933 3.604111 0.188555
0.934 3.603809 0.188264
0.935 3.603516 0.187889
0.936 3.603230 0.187442
0.937 3.602944 0.186994
0.938 3.602658 0.186547
0.939 3.602378 0.186093
0.940 3.602098 0.185639
0.941 3.601818 0.185185
0.942 3.601549 0.184743
0.943 3.601293 0.184318
0.944 3.601038 0.183893
0.945 3.600782 0.183468
0.946 3.600516 0.183010
0.947 3.600248 0.182544
0.948 3.599980 0.182079
0.949 3.599711 0.181639
0.950 3.599440 0.181292
0.951 3.599170 0.180945
0.952 3.598899 0.180598
0.953 3.598629 0.180248
0.954 3.598360 0.179894
0.955 3.598090 0.179540
0.956 3.597820 0.179186
0.957 3.597545 0.178795
0.958 3.597269 0.178400
0.959 3.596993 0.178004
0.960 3.596723 0.177610
0.961 3.596479 0.177219
0.962 3.596235 0.176829
0.963 3.595992 0.176439
0.964 3.595746 0.176034
0.965 3.595498 0.175611
0.966 3.595250 0.175189
0.967 3.595001 0.174766
0.968 3.594749 0.174348
0.969 3.594496 0.173932
0.970 3.594242 0.173516
0.971 3.593988 0.173100
0.972 3.593747 0.172817
0.973 3.593508 0.172554
0.974 3.593269 0.172290
0.975 3.593029 0.172027
0.976 3.592787 0.171773
0.977 3.592545 0.171519
0.978 3.592303 0.171266
0.979 3.592068 0.171016
0.980 3.591865 0.170784
0.981 3.591662 0.170552
0.982 3.591458 0.170319
0.983 3.591252 0.170073
0.984 3.591037 0.169796
0.985 3.590822 0.169520
0.986 3.590607 0.169243
0.987 3.590398 0.168978
0.988 3.590200 0.168731
0.989 3.590001 0.168484
0.990 3.589803 0.168237
0.991 3.589599 0.167990
0.992 3.589389 0.167742
0.993 3.589178 0.167495
0.994 3.588968 0.167248
0.995 3.588760 0.167010
0.996 3.588556 0.166783
0.997 3.588353 0.166556
0.998 3.588149 0.166328
0.999 3.587949 0.166137
1.000 3.587754 0.165989
1.001 3.587558 0.165840
1.002 3.587363 0.165692
1.003 3.587166 0.165460
1.004 3.586966 0.165108
1.005 3.586767 0.164757
1.006 3.586567 0.164406
1.007 3.586369 0.164096
1.008 3.586172 0.163872
1.009 3.585975 0.163648
1.010 3.585779 0.163423
1.011 3.585585 0.163213
1.012 3.585403 0.163053
1.013 3.585221 0.162892
1.014 3.585039 0.162732
1.015 3.584859 0.162563
1.016 3.584696 0.162293
1.017 3.584532 0.162023
1.018 3.584369 0.161753
1.019 3.584205 0.161483
1.020 3.584023 0.161222
1.021 3.583839 0.160962
1.022 3.583654 0.160702
1.023 3.583470 0.160442
1.024 3.583289 0.160211
1.025 3.583108 0.159994
1.026 3.582928 0.159776
1.027 3.582748 0.159559
1.028 3.582571 0.159281
1.029 3.582400 0.158924
1.030 3.582228 0.158567
1.031 3.582056 0.158210
1.032 3.581886 0.157868
1.033 3.581719 0.157606
1.034 3.581552 0.157344
1.035 3.581385 0.157083
1.036 3.581218 0.156821
1.037 3.581055 0.156674
1.038 3.580892 0.156549
1.039 3.580730 0.156424
1.040 3.580567 0.156299
1.041 3.580412 0.156136
1.042 3.580264 0.155932
1.043 3.580117 0.155728
1.044 3.579970 0.155524
1.045 3.579823 0.155313
1.046 3.579686 0.155033
1.047 3.579548 0.154752
1.048 3.579410 0.154472
1.049 3.579272 0.154191
1.050 3.579137 0.153936
1.051 3.579004 0.153694
1.052 3.578871 0.153452
1.053 3.578737 0.153211
1.054 3.578604 0.152967
1.055 3.578474 0.152717
1.056 3.578344 0.152467
1.057 3.578214 0.152217
1.058 3.578084 0.151967
1.059 3.577966 0.151746
1.060 3.577855 0.151539
1.061 3.577743 0.151332
1.062 3.577631 0.151125
1.063 3.577521 0.150915
1.064 3.577420 0.150687
1.065 3.577319 0.150459
1.066 3.577217 0.150231
1.067 3.577116 0.150003
1.068 3.577017 0.149752
1.069 3.576919 0.149482
1.070 3.576821 0.149212
1.071 3.576724 0.148942
1.072 3.576626 0.148672
1.073 3.576532 0.148306
1.074 3.576438 0.147934
1.075 3.576343 0.147562
1.076 3.576249 0.147189
1.077 3.576159 0.146845
1.078 3.576077 0.146574
1.079 3.575996 0.146304
1.080 3.575915 0.146034
1.081 3.575833 0.145763
1.082 3.575756 0.145511
1.083 3.575683 0.145271
1.084 3.575609 0.145032
1.085 3.575535 0.144792
1.086 3.575462 0.144553
1.087 3.575391 0.144237
1.088 3.575320 0.143904
1.089 3.575250 0.143571
1.090 3.575179 0.143238
1.091 3.575109 0.142902
1.092 3.575041 0.142490
1.093 3.574974 0.142079
1.094 3.574907 0.141667
1.095 3.574839 0.141256
1.096 3.574773 0.140852
1.097 3.574710 0.140477
1.098 3.574648 0.140102
1.099 3.574585 0.139728
1.100 3.574522 0.139353
1.101 3.574460 0.139023
1.102 3.574402 0.138781
1.103 3.574343 0.138540
1.104 3.574284 0.138298
1.105 3.574225 0.138056
1.106 3.574168 0.137794
1.107 3.574112 0.137502
1.108 3.574057 0.137211
1.109 3.574001 0.136919
1.110 3.573946 0.136628
1.111 3.573892 0.136326
1.112 3.573840 0.136013
1.113 3.573788 0.135699
1.114 3.573736 0.135386
1.115 3.573684 0.135072
1.116 3.573626 0.134682
1.117 3.573562 0.134198
1.118 3.573498 0.133713
1.119 3.573435 0.133229
1.120 3.573371 0.132745
1.121 3.573306 0.132284
1.122 3.573240 0.131860
1.123 3.573174 0.131436
1.124 3.573108 0.131012
1.125 3.573042 0.130587
1.126 3.572977 0.130144
1.127 3.572914 0.129659
1.128 3.572851 0.129173
1.129 3.572788 0.128687
1.130 3.572726 0.128202
1.131 3.572663 0.127723
1.132 3.572605 0.127280
1.133 3.572546 0.126836
1.134 3.572487 0.126393
1.135 3.572429 0.125950
1.136 3.572370 0.125506
1.137 3.572277 0.125032
1.138 3.572183 0.124558
1.139 3.572088 0.124083
1.140 3.571994 0.123608
1.141 3.571900 0.123134
1.142 3.571798 0.122695
1.143 3.571693 0.122270
1.144 3.571588 0.121845
1.145 3.571483 0.121419
1.146 3.571378 0.120994
1.147 3.571275 0.120577
1.148 3.571174 0.120172
1.149 3.571072 0.119766
1.150 3.570971 0.119361
1.151 3.570870 0.118955
1.152 3.570769 0.118537
1.153 3.570673 0.118025
1.154 3.570576 0.117513
1.155 3.570480 0.117000
1.156 3.570383 0.116488
1.157 3.570287 0.115976
1.158 3.570164 0.115531
1.159 3.570032 0.115111
1.160 3.569900 0.114691
1.161 3.569768 0.114271
1.162 3.569636 0.113852
1.163 3.569501 0.113409
1.164 3.569360 0.112910
1.165 3.569219 0.112410
1.166 3.569077 0.111911
1.167 3.568936 0.111412
1.168 3.568795 0.110913
1.169 3.568658 0.110514
1.170 3.568522 0.110139
1.171 3.568386 0.109764
1.172 3.568250 0.109390
1.173 3.568114 0.109015
1.174 3.567980 0.108620
1.175 3.567851 0.108169
1.176 3.567721 0.107718
1.177 3.567592 0.107267
1.178 3.567462 0.106816
1.179 3.567333 0.106365
1.180 3.567197 0.105926
1.181 3.567058 0.105494
1.182 3.566918 0.105062
1.183 3.566779 0.104629
1.184 3.566640 0.104197
1.185 3.566501 0.103767
1.186 3.566364 0.103408
1.187 3.566227 0.103050
1.188 3.566090 0.102691
1.189 3.565953 0.102332
1.190 3.565815 0.101974
1.191 3.565681 0.101586
1.192 3.565553 0.101139
1.193 3.565424 0.100692
1.194 3.565295 0.100245
1.195 3.565167 0.099798
1.196 3.565038 0.099351
1.197 3.564916 0.098937
1.198 3.564797 0.098547
1.199 3.564679 0.098158
1.200 3.564561 0.097768
1.201 3.564443 0.097378
1.202 3.564324 0.096988
1.203 3.564231 0.096495
1.204 3.564145 0.095968
1.205 3.564059 0.095442
1.206 3.563973 0.094915
1.207 3.563888 0.094389
1.208 3.563802 0.093862
1.209 3.563735 0.093397
1.210 3.563669 0.092940
1.211 3.563604 0.092482
1.212 3.563539 0.092025
1.213 3.563474 0.091567
1.214 3.563409 0.091110
1.215 3.563361 0.090721
1.216 3.563313 0.090335
1.217 3.563265 0.089949
1.218 3.563217 0.089562
1.219 3.563169 0.089176
1.220 3.563121 0.088790
1.221 3.563095 0.088390
1.222 3.563069 0.087990
1.223 3.563042 0.087590
1.224 3.563016 0.087190
1.225 3.562990 0.086790
1.226 3.562964 0.086390
1.227 3.563060 0.085928
1.228 3.563165 0.085463
1.229 3.563269 0.084998
1.230 3.563374 0.084533
1.231 3.563478 0.084068
1.232 3.563582 0.083603
1.233 3.563745 0.083098
1.234 3.563919 0.082584
1.235 3.564094 0.082070
1.236 3.564268 0.081556
1.237 3.564442 0.081043
1.238 3.564616 0.080529
1.239 3.564826 0.080006
1.240 3.565054 0.079478
1.241 3.565282 0.078950
1.242 3.565509 0.078422
1.243 3.565737 0.077894
1.244 3.565965 0.077366
1.245 3.566225 0.076830
1.246 3.566525 0.076286
1.247 3.566825 0.075741
1.248 3.567125 0.075197
1.249 3.567425 0.074653
1.250 3.567725 0.074108
1.251 3.568046 0.073516
1.252 3.568476 0.072675
1.253 3.568907 0.071834
1.254 3.569338 0.070993
1.255 3.569768 0.070152
1.256 3.570199 0.069311
1.257 3.570630 0.068470
1.258 3.571147 0.067450
1.259 3.571685 0.066388
1.260 3.572222 0.065327
1.261 3.572760 0.064265
1.262 3.573298 0.063203
1.263 3.573836 0.062141
1.264 3.574398 0.061103
1.265 3.574997 0.060101
1.266 3.575596 0.059100
1.267 3.576195 0.058099
1.268 3.576794 0.057098
1.269 3.577393 0.056097
1.270 3.577992 0.055096
1.271 3.578565 0.054011
1.272 3.579136 0.052917
1.273 3.579707 0.051824
1.274 3.580278 0.050730
1.275 3.580849 0.049637
1.276 3.581421 0.048543
1.277 3.581674 0.047366
1.278 3.581352 0.046036
1.279 3.581031 0.044707
1.280 3.580709 0.043377
1.281 3.580387 0.042048
1.282 3.580065 0.040719
1.283 3.579744 0.039389
1.284 3.579422 0.038060
1.285 3.579100 0.036731
1.286 3.578757 0.035396
1.287 3.578150 0.034000
1.288 3.577543 0.032605
1.289 3.576936 0.031209
1.290 3.576329 0.029813
1.291 3.575722 0.028417
1.292 3.575116 0.027021
1.293 3.574509 0.025626
1.294 3.573902 0.024230
1.295 3.573295 0.022834
1.296 3.572475 0.021848
1.297 3.571543 0.021075
1.298 3.570612 0.020302
1.299 3.569681 0.019529
1.300 3.568749 0.018756
1.301 3.567818 0.017983
1.302 3.566887 0.017210
1.303 3.565955 0.016438
1.304 3.565024 0.015665
1.305 3.564071 0.014905
1.306 3.562926 0.014258
1.307 3.561781 0.013612
1.308 3.560636 0.012965
1.309 3.559491 0.012319
1.310 3.558347 0.011673
1.311 3.557202 0.011026
1.312 3.556057 0.010380
1.313 3.554912 0.009733
1.314 3.553767 0.009087
1.315 3.552650 0.008551
1.316 3.551573 0.008180
1.317 3.550497 0.007809
1.318 3.549420 0.007438
1.319 3.548344 0.007067
1.320 3.547268 0.006696
1.321 3.546191 0.006325
1.322 3.545115 0.005954
1.323 3.544038 0.005583
1.324 3.542962 0.005211
1.325 3.541876 0.004942
1.326 3.540783 0.004752
1.327 3.539690 0.004562
1.328 3.538597 0.004372
1.329 3.537504 0.004182
1.330 3.536411 0.003992
1.331 3.535319 0.003801
1.332 3.534226 0.003611
1.333 3.533133 0.003421
1.334 3.532040 0.003231
1.335 3.531011 0.003075
1.336 3.530031 0.002946
1.337 3.529052 0.002816
1.338 3.528072 0.002686
1.339 3.527092 0.002556
1.340 3.526113 0.002426
1.341 3.525133 0.002296
1.342 3.524154 0.002167
1.343 3.523174 0.002037
1.344 3.522194 0.001907
1.345 3.521252 0.001816
1.346 3.520362 0.001780
1.347 3.519471 0.001743
1.348 3.518580 0.001706
1.349 3.517690 0.001670
1.350 3.516799 0.001633
1.351 3.515908 0.001596
1.352 3.515017 0.001559
1.353 3.514127 0.001523
1.354 3.513236 0.001486
1.355 3.512361 0.001448
1.356 3.511597 0.001397
1.357 3.510833 0.001347
1.358 3.510069 0.001296
1.359 3.509305 0.001246
1.360 3.508541 0.001196
1.361 3.507777 0.001145
1.362 3.507013 0.001095
1.363 3.506249 0.001045
1.364 3.505485 0.000994
1.365 3.504721 0.000944
1.366 3.504011 0.000915
1.367 3.503329 0.000898
1.368 3.502647 0.000881
1.369 3.501965 0.000864
1.370 3.501283 0.000847
1.371 3.500601 0.000829
1.372 3.499918 0.000812
1.373 3.499236 0.000795
1.374 3.498554 0.000778
1.375 3.497872 0.000760
1.376 3.497194 0.000744
1.377 3.496598 0.000740
1.378 3.496002 0.000736
1.379 3.495406 0.000732
1.380 3.494810 0.000728
1.381 3.494215 0.000725
1.382 3.493619 0.000721
1.383 3.493023 0.000717
1.384 3.492427 0.000713
1.385 3.491831 0.000709
1.386 3.491235 0.000706
1.387 3.490653 0.000698
1.388 3.490107 0.000679
1.389 3.489562 0.000661
1.390 3.489016 0.000642
1.391 3.488471 0.000623
1.392 3.487926 0.000605
1.393 3.487380 0.000586
1.394 3.486835 0.000568
1.395 3.486289 0.000549
1.396 3.485744 0.000530
1.397 3.485198 0.000512
1.398 3.484665 0.000495
1.399 3.484161 0.000482
1.400 3.483657 0.000468
1.401 3.483153 0.000455
1.402 3.482649 0.000442
1.403 3.482145 0.000429
1.404 3.481641 0.000416
1.405 3.481137 0.000403
1.406 3.480633 0.000389
1.407 3.480129 0.000376
1.408 3.479625 0.000363
1.409 3.479123 0.000350
1.410 3.478633 0.000337
1.411 3.478143 0.000324
1.412 3.477654 0.000311
1.413 3.477164 0.000298
1.414 3.476674 0.000286
1.415 3.476184 0.000273
1.416 3.475694 0.000260
1.417 3.475204 0.000247
1.418 3.474715 0.000234
1.419 3.474225 0.000221
1.420 3.473735 0.000208
1.421 3.473261 0.000195
1.422 3.472790 0.000183
1.423 3.472319 0.000170
1.424 3.471848 0.000157
1.425 3.471377 0.000145
1.426 3.470906 0.000132
1.427 3.470435 0.000119
1.428 3.469964 0.000107
1.429 3.469493 0.000094
1.430 3.469022 0.000082
1.431 3.468551 0.000069
1.432 3.468086 0.000059
1.433 3.467629 0.000054
1.434 3.467172 0.000049
1.435 3.466715 0.000043
1.436 3.466258 0.000038
1.437 3.465801 0.000033
1.438 3.465344 0.000028
1.439 3.464887 0.000023
1.440 3.464430 0.000017
1.441 3.463973 0.000012
1.442 3.463516 0.000007
1.443 3.463059 0.000002
1.444 3.462612 0.000000
1.445 3.462170 0.000000
1.446 3.461728 0.000000
1.447 3.461287 0.000000
1.448 3.460845 0.000000
1.449 3.460403 0.000000
1.450 3.459961 0.000000
1.451 3.459519 0.000000
1.452 3.459078 0.000000
1.453 3.458636 0.000000
1.454 3.458194 0.000000
1.455 3.457752 0.000000
1.456 3.457320 0.000000
1.457 3.456891 0.000000
1.458 3.456462 0.000000
1.459 3.456032 0.000000
1.460 3.455603 0.000000
1.461 3.455173 0.000000
1.462 3.454744 0.000000
1.463 3.454314 0.000000
1.464 3.453885 0.000000
1.465 3.453455 0.000000
1.466 3.453026 0.000000
1.467 3.452596 0.000000
1.468 3.452175 0.000000
1.469 3.451757 0.000000
1.470 3.451338 0.000000
1.471 3.450920 0.000000
1.472 3.450501 0.000000
1.473 3.450083 0.000000
1.474 3.449664 0.000000
1.475 3.449246 0.000000
1.476 3.448827 0.000000
1.477 3.448409 0.000000
1.478 3.447991 0.000000
1.479 3.447572 0.000000
1.480 3.447160 0.000000
1.481 3.446754 0.000000
1.482 3.446349 0.000000
1.483 3.445943 0.000000
1.484 3.445538 0.000000
1.485 3.445132 0.000000
1.486 3.444727 0.000000
1.487 3.444321 0.000000
1.488 3.443916 0.000000
1.489 3.443510 0.000000
1.490 3.443105 0.000000
1.491 3.442699 0.000000
1.492 3.442294 0.000000
1.493 3.441898 0.000000
1.494 3.441502 0.000000
1.495 3.441106 0.000000
1.496 3.440710 0.000000
1.497 3.440315 0.000000
1.498 3.439919 0.000000
1.499 3.439523 0.000000
1.500 3.439127 0.000000
1.501 3.438731 0.000000
1.502 3.438335 0.000000
1.503 3.437940 0.000000
1.504 3.437544 0.000000
1.505 3.437151 0.000000
1.506 3.436768 0.000000
1.507 3.436384 0.000000
1.508 3.436000 0.000000
1.509 3.435616 0.000000
1.510 3.435232 0.000000
1.511 3.434848 0.000000
1.512 3.434464 0.000000
1.513 3.434080 0.000000
1.514 3.433697 0.000000
1.515 3.433313 0.000000
1.516 3.432929 0.000000
1.517 3.432545 0.000000
1.518 3.432164 0.000000
1.519 3.431788 0.000000
1.520 3.431412 0.000000
1.521 3.431035 0.000000
1.522 3.430659 0.000000
1.523 3.430283 0.000000
1.524 3.429907 0.000000
1.525 3.429530 0.000000
1.526 3.429154 0.000000
1.527 3.428778 0.000000
1.528 3.428402 0.000000
1.529 3.428025 0.000000
1.530 3.427649 0.000000
1.531 3.427276 0.000000
1.532 3.426914 0.000000
1.533 3.426552 0.000000
1.534 3.426190 0.000000
1.535 3.425828 0.000000
1.536 3.425465 0.000000
1.537 3.425103 0.000000
1.538 3.424741 0.000000
1.539 3.424379 0.000000
1.540 3.424017 0.000000
1.541 3.423654 0.000000
1.542 3.423292 0.000000
1.543 3.422930 0.000000
1.544 3.422568 0.000000
1.545 3.422212 0.000000
1.546 3.421857 0.000000
1.547 3.421502 0.000000
1.548 3.421147 0.000000
1.549 3.420792 0.000000
1.550 3.420437 0.000000
1.551 3.420082 0.000000
1.552 3.419727 0.000000
1.553 3.419372 0.000000
1.554 3.419017 0.000000
1.555 3.418662 0.000000
1.556 3.418307 0.000000
1.557 3.417952 0.000000
1.558 3.417600 0.000000
1.559 3.417256 0.000000
1.560 3.416911 0.000000
1.561 3.416567 0.000000
1.562 3.416223 0.000000
1.563 3.415879 0.000000
1.564 3.415535 0.000000
1.565 3.415191 0.000000
1.566 3.414846 0.000000
1.567 3.414502 0.000000
1.568 3.414158 0.000000
1.569 3.413814 0.000000
1.570 3.413470 0.000000
1.571 3.413126 0.000000
1.572 3.412784 0.000000
1.573 3.412445 0.000000
1.574 3.412106 0.000000
1.575 3.411767 0.000000
1.576 3.411429 0.000000
1.577 3.411090 0.000000
1.578 3.410751 0.000000
1.579 3.410412 0.000000
1.580 3.410073 0.000000
1.581 3.409734 0.000000
1.582 3.409396 0.000000
1.583 3.409057 0.000000
1.584 3.408718 0.000000
1.585 3.408379 0.000000
1.586 3.408044 0.000000
1.587 3.407717 0.000000
1.588 3.407389 0.000000
1.589 3.407061 0.000000
1.590 3.406733 0.000000
1.591 3.406406 0.000000
1.592 3.406078 0.000000
1.593 3.405750 0.000000
1.594 3.405422 0.000000
1.595 3.405095 0.000000
1.596 3.404767 0.000000
1.597 3.404439 0.000000
1.598 3.404111 0.000000
1.599 3.403783 0.000000
1.600 3.403456 0.000000
1.601 3.403133 0.000000
1.602 3.402810 0.000000
1.603 3.402488 0.000000
1.604 3.402165 0.000000
1.605 3.401842 0.000000
1.606 3.401519 0.000000
1.607 3.401196 0.000000
1.608 3.400874 0.000000
1.609 3.400551 0.000000
1.610 3.400228 0.000000
1.611 3.399905 0.000000
1.612 3.399583 0.000000
1.613 3.399260 0.000000
1.614 3.398937 0.000000
1.615 3.398619 0.000000
1.616 3.398307 0.000000
1.617 3.397994 0.000000
1.618 3.397682 0.000000
1.619 3.397370 0.000000
1.620 3.397058 0.000000
1.621 3.396746 0.000000
1.622 3.396433 0.000000
1.623 3.396121 0.000000
1.624 3.395809 0.000000
1.625 3.395497 0.000000
1.626 3.395185 0.000000
1.627 3.394873 0.000000
1.628 3.394560 0.000000
1.629 3.394248 0.000000
1.630 3.393939 0.000000
1.631 3.393632 0.000000
1.632 3.393325 0.000000
1.633 3.393018 0.000000
1.634 3.392712 0.000000
1.635 3.392405 0.000000
1.636 3.392098 0.000000
1.637 3.391791 0.000000
1.638 3.391484 0.000000
1.639 3.391177 0.000000
1.640 3.390870 0.000000
1.641 3.390564 0.000000
1.642 3.390257 0.000000
1.643 3.389950 0.000000
1.644 3.389643 0.000000
1.645 3.389341 0.000000
1.646 3.389045 0.000000
1.647 3.388750 0.000000
1.648 3.388455 0.000000
1.649 3.388159 0.000000
1.650 3.387864 0.000000
1.651 3.387569 0.000000
1.652 3.387273 0.000000
1.653 3.386978 0.000000
1.654 3.386683 0.000000
1.655 3.386387 0.000000
1.656 3.386092 0.000000
1.657 3.385797 0.000000
1.658 3.385501 0.000000
1.659 3.385206 0.000000
1.660 3.384911 0.000000
1.661 3.384620 0.000000
1.662 3.384330 0.000000
1.663 3.384040 0.000000
1.664 3.383749 0.000000
1.665 3.383459 0.000000
1.666 3.383169 0.000000
1.667 3.382879 0.000000
1.668 3.382589 0.000000
1.669 3.382298 0.000000
1.670 3.382008 0.000000
1.671 3.381718 0.000000
1.672 3.381428 0.000000
1.673 3.381138 0.000000
1.674 3.380847 0.000000
1.675 3.380557 0.000000
1.676 3.380269 0.000000
1.677 3.379986 0.000000
1.678 3.379704 0.000000
1.679 3.379421 0.000000
1.680 3.379139 0.000000
1.681 3.378856 0.000000
1.682 3.378574 0.000000
1.683 3.378291 0.000000
1.684 3.378009 0.000000
1.685 3.377726 0.000000
1.686 3.377444 0.000000
1.687 3.377161 0.000000
1.688 3.376879 0.000000
1.689 3.376596 0.000000
1.690 3.376314 0.000000
1.691 3.376031 0.000000
1.692 3.375750 0.000000
1.693 3.375473 0.000000
1.694 3.375196 0.000000
1.695 3.374919 0.000000
1.696 3.374641 0.000000
1.697 3.374364 0.000000
1.698 3.374087 0.000000
1.699 3.373810 0.000000
1.700 3.373533 0.000000
1.701 3.373256 0.000000
1.702 3.372979 0.000000
1.703 3.372702 0.000000
1.704 3.372425 0.000000
1.705 3.372148 0.000000
1.706 3.371871 0.000000
1.707 3.371594 0.000000
1.708 3.371316 0.000000
1.709 3.371047 0.000000
1.710 3.370778 0.000000
1.711 3.370510 0.000000
1.712 3.370241 0.000000
1.713 3.369973 0.000000
1.714 3.369704 0.000000
1.715 3.369436 0.000000
1.716 3.369167 0.000000
1.717 3.368899 0.000000
1.718 3.368630 0.000000
1.719 3.368362 0.000000
1.720 3.368093 0.000000
1.721 3.367825 0.000000
1.722 3.367556 0.000000
1.723 3.367288 0.000000
1.724 3.367019 0.000000
1.725 3.366752 0.000000
1.726 3.366489 0.000000
1.727 3.366226 0.000000
1.728 3.365964 0.000000
1.729 3.365701 0.000000
1.730 3.365438 0.000000
1.731 3.365175 0.000000
1.732 3.364912 0.000000
1.733 3.364650 0.000000
1.734 3.364387 0.000000
1.735 3.364124 0.000000
1.736 3.363861 0.000000
1.737 3.363598 0.000000
1.738 3.363335 0.000000
1.739 3.363073 0.000000
1.740 3.362810 0.000000
1.741 3.362547 0.000000
1.742 3.362286 0.000000
1.743 3.362031 0.000000
1.744 3.361776 0.000000
1.745 3.361521 0.000000
1.746 3.361267 0.000000
1.747 3.361012 0.000000
1.748 3.360757 0.000000
1.749 3.360502 0.000000
1.750 3.360247 0.000000
1.751 3.359992 0.000000
1.752 3.359738 0.000000
1.753 3.359483 0.000000
1.754 3.359228 0.000000
1.755 3.358973 0.000000
1.756 3.358718 0.000000
1.757 3.358463 0.000000
1.758 3.358209 0.000000
1.759 3.357954 0.000000
1.760 3.357704 0.000000
1.761 3.357454 0.000000
1.762 3.357204 0.000000
1.763 3.356955 0.000000
1.764 3.356705 0.000000
1.765 3.356456 0.000000
1.766 3.356206 0.000000
1.767 3.355956 0.000000
1.768 3.355707 0.000000
1.769 3.355457 0.000000
1.770 3.355208 0.000000
1.771 3.354958 0.000000
1.772 3.354708 0.000000
1.773 3.354459 0.000000
1.774 3.354209 0.000000
1.775 3.353960 0.000000
1.776 3.353710 0.000000
1.777 3.353462 0.000000
1.778 3.353218 0.000000
1.779 3.352975 0.000000
1.780 3.352732 0.000000
1.781 3.352489 0.000000
1.782 3.352245 0.000000
1.783 3.352002 0.000000
1.784 3.351759 0.000000
1.785 3.351515 0.000000
1.786 3.351272 0.000000
1.787 3.351029 0.000000
1.788 3.350786 0.000000
1.789 3.350542 0.000000
1.790 3.350299 0.000000
1.791 3.350056 0.000000
1.792 3.349813 0.000000
1.793 3.349569 0.000000
1.794 3.349326 0.000000
1.795 3.349084 0.000000
1.796 3.348847 0.000000
1.797 3.348609 0.000000
1.798 3.348372 0.000000
1.799 3.348134 0.000000
1.800 3.347897 0.000000
1.801 3.347660 0.000000
1.802 3.347422 0.000000
1.803 3.347185 0.000000
1.804 3.346948 0.000000
1.805 3.346710 0.000000
1.806 3.346473 0.000000
1.807 3.346235 0.000000
1.808 3.345998 0.000000
1.809 3.345761 0.000000
1.810 3.345523 0.000000
1.811 3.345286 0.000000
1.812 3.345049 0.000000
1.813 3.344811 0.000000
1.814 3.344579 0.000000
1.815 3.344349 0.000000
1.816 3.344118 0.000000
1.817 3.343888 0.000000
1.818 3.343657 0.000000
1.819 3.343427 0.000000
1.820 3.343196 0.000000
1.821 3.342966 0.000000
1.822 3.342736 0.000000
1.823 3.342505 0.000000
1.824 3.342275 0.000000
1.825 3.342044 0.000000
1.826 3.341814 0.000000
1.827 3.341583 0.000000
1.828 3.341353 0.000000
1.829 3.341122 0.000000
1.830 3.340892 0.000000
1.831 3.340661 0.000000
1.832 3.340431 0.000000
1.833 3.340206 0.000000
1.834 3.339980 0.000000
1.835 3.339755 0.000000
1.836 3.339530 0.000000
1.837 3.339305 0.000000
1.838 3.339080 0.000000
1.839 3.338855 0.000000
1.840 3.338630 0.000000
1.841 3.338404 0.000000
1.842 3.338179 0.000000
1.843 3.337954 0.000000
1.844 3.337729 0.000000
1.845 3.337504 0.000000
1.846 3.337279 0.000000
1.847 3.337053 0.000000
1.848 3.336828 0.000000
1.849 3.336603 0.000000
1.850 3.336378 0.000000
1.851 3.336153 0.000000
1.852 3.335932 0.000000
1.853 3.335713 0.000000
1.854 3.335493 0.000000
1.855 3.335273 0.000000
1.856 3.335053 0.000000
1.857 3.334834 0.000000
1.858 3.334614 0.000000
1.859 3.334394 0.000000
1.860 3.334175 0.000000
1.861 3.333955 0.000000
1.862 3.333735 0.000000
1.863 3.333516 0.000000
1.864 3.333296 0.000000
1.865 3.333076 0.000000
1.866 3.332857 0.000000
1.867 3.332637 0.000000
1.868 3.332417 0.000000
1.869 3.332197 0.000000
1.870 3.331978 0.000000
1.871 3.331760 0.000000
1.872 3.331545 0.000000
1.873 3.331331 0.000000
1.874 3.331117 0.000000
1.875 3.330903 0.000000
1.876 3.330688 0.000000
1.877 3.330474 0.000000
1.878 3.330260 0.000000
1.879 3.330046 0.000000
1.880 3.329831 0.000000
1.881 3.329617 0.000000
1.882 3.329403 0.000000
1.883 3.329188 0.000000
1.884 3.328974 0.000000
1.885 3.328760 0.000000
1.886 3.328546 0.000000
1.887 3.328331 0.000000
1.888 3.328117 0.000000
1.889 3.327903 0.000000
1.890 3.327689 0.000000
1.891 3.327476 0.000000
1.892 3.327267 0.000000
1.893 3.327057 0.000000
1.894 3.326848 0.000000
1.895 3.326639 0.000000
1.896 3.326430 0.000000
1.897 3.326221 0.000000
1.898 3.326011 0.000000
1.899 3.325802 0.000000
1.900 3.325593 0.000000
1.901 3.325384 0.000000
1.902 3.325175 0.000000
1.903 3.324965 0.000000
1.904 3.324756 0.000000
1.905 3.324547 0.000000
1.906 3.324338 0.000000
1.907 3.324129 0.000000
1.908 3.323919 0.000000
1.909 3.323710 0.000000
1.910 3.323501 0.000000
1.911 3.323292 0.000000
1.912 3.323087 0.000000
1.913 3.322884 0.000000
1.914 3.322680 0.000000
1.915 3.322476 0.000000
1.916 3.322272 0.000000
1.917 3.322069 0.000000
1.918 3.321865 0.000000
1.919 3.321661 0.000000
1.920 3.321458 0.000000
1.921 3.321254 0.000000
1.922 3.321050 0.000000
1.923 3.320847 0.000000
1.924 3.320643 0.000000
1.925 3.320439 0.000000
1.926 3.320236 0.000000
1.927 3.320032 0.000000
1.928 3.319828 0.000000
1.929 3.319625 0.000000
1.930 3.319421 0.000000
1.931 3.319217 0.000000
1.932 3.319014 0.000000
1.933 3.318815 0.000000
1.934 3.318616 0.000000
1.935 3.318417 0.000000
1.936 3.318218 0.000000
1.937 3.318019 0.000000
1.938 3.317820 0.000000
1.939 3.317620 0.000000
1.940 3.317421 0.000000
1.941 3.317222 0.000000
1.942 3.317023 0.000000
1.943 3.316824 0.000000
1.944 3.316625 0.000000
1.945 3.316426 0.000000
1.946 3.316227 0.000000
1.947 3.316028 0.000000
1.948 3.315829 0.000000
1.949 3.315630 0.000000
1.950 3.315431 0.000000