0.251 2.439509 3.523331
0.252 2.520437 3.520707
0.253 2.597997 3.516089
0.254 2.673103 3.511146
0.255 2.748488 3.507282
0.256 2.826866 3.504334
0.257 2.910682 3.500500
0.258 3.001718 3.492837
0.259 3.099354 3.477853
0.260 3.202824 3.451946
0.261 3.308785 3.411888
0.262 3.413685 3.357627
0.263 3.512912 3.287835
0.264 3.603419 3.204866
0.265 3.681527 3.110451
0.266 3.743484 3.007986
0.267 3.789258 2.901896
0.268 3.820100 2.796291
0.269 3.837508 2.693717
0.270 3.843418 2.596086
0.271 3.839758 2.504877
0.272 3.828579 2.420682
0.273 3.811075 2.344700
0.274 3.789554 2.276987
0.275 3.765512 2.215837
0.276 3.740165 2.160622
0.277 3.713915 2.110811
0.278 3.687373 2.065993
0.279 3.661106 2.026298
0.280 3.635075 1.990429
0.281 3.609625 1.957976
0.282 3.584557 1.928411
0.283 3.560224 1.901775
0.284 3.536817 1.877977
0.285 3.514084 1.856348
0.286 3.491995 1.836811
0.287 3.470691 1.819049
0.288 3.450371 1.803293
0.289 3.430734 1.789396
0.290 3.411990 1.776738
0.291 3.393885 1.765113
0.292 3.376677 1.755042
0.293 3.360523 1.746320
0.294 3.344880 1.738403
0.295 3.330009 1.731523
0.296 3.316157 1.725555
0.297 3.302902 1.720329
0.298 3.290280 1.715704
0.299 3.278415 1.711732
0.300 3.267303 1.708619
0.301 3.256714 1.705886
0.302 3.246814 1.703486
0.303 3.237606 1.701828
0.304 3.229043 1.700433
0.305 3.220798 1.699346
0.306 3.213195 1.698830
0.307 3.206149 1.698395
0.308 3.199377 1.698177
0.309 3.193175 1.698569
0.310 3.187488 1.698858
0.311 3.181918 1.699580
0.312 3.177131 1.700619
0.313 3.172575 1.701761
0.314 3.168104 1.702823
0.315 3.164230 1.704340
0.316 3.160623 1.706032
0.317 3.157326 1.707917
0.318 3.154324 1.709974
0.319 3.151495 1.712137
0.320 3.149060 1.714579
0.321 3.146795 1.717195
0.322 3.144740 1.720072
0.323 3.143005 1.722996
0.324 3.141415 1.726031
0.325 3.140444 1.729380
0.326 3.139391 1.733077
0.327 3.138578 1.736687
0.328 3.138233 1.740539
0.329 3.137872 1.744583
0.330 3.138034 1.749044
0.331 3.138203 1.753383
0.332 3.138837 1.758173
0.333 3.139705 1.762944
0.334 3.140626 1.767871
0.335 3.142067 1.773254
0.336 3.143649 1.778543
0.337 3.145641 1.784282
0.338 3.147662 1.789903
0.339 3.150220 1.796013
0.340 3.153012 1.802011
0.341 3.156151 1.808462
0.342 3.159558 1.814910
0.343 3.163379 1.821542
0.344 3.167392 1.828443
0.345 3.171707 1.835312
0.346 3.176612 1.842508
0.347 3.181568 1.849801
0.348 3.187134 1.857302
0.349 3.192787 1.864925
0.350 3.199026 1.872713
0.351 3.205651 1.880652
0.352 3.212843 1.888725
0.353 3.220150 1.896915
0.354 3.228037 1.905244
0.355 3.236454 1.913717
0.356 3.245062 1.922237
0.357 3.254346 1.930844
0.358 3.263956 1.939529
0.359 3.274206 1.948232
0.360 3.284590 1.956929
0.361 3.295181 1.965946
0.362 3.306220 1.975029
0.363 3.317730 1.984591
0.364 3.329324 1.994475
0.365 3.341571 2.005077
0.366 3.354443 2.016043
0.367 3.368219 2.028041
0.368 3.383212 2.040670
0.369 3.399164 2.053965
0.370 3.417685 2.068025
0.371 3.437378 2.082259
0.372 3.460391 2.096377
0.373 3.484360 2.110490
0.374 3.512355 2.122874
0.375 3.541931 2.134487
0.376 3.573570 2.144098
0.377 3.607308 2.151643
0.378 3.641910 2.157241
0.379 3.677944 2.159175
0.380 3.714008 2.159682
0.381 3.750042 2.157061
0.382 3.785924 2.153157
0.383 3.821206 2.147053
0.384 3.856143 2.139768
0.385 3.890904 2.131429
0.386 3.925549 2.122177
0.387 3.960349 2.111820
0.388 3.995647 2.100143
0.389 4.031486 2.087501
0.390 4.068197 2.072730
0.391 4.105525 2.056232
0.392 4.143217 2.037162
0.393 4.181149 2.015131
0.394 4.218909 1.990018
0.395 4.255730 1.961846
0.396 4.291450 1.929910
0.397 4.325176 1.895400
0.398 4.355998 1.857416
0.399 4.383934 1.816844
0.400 4.409161 1.774899
0.401 4.430139 1.730763
0.402 4.448151 1.686183
0.403 4.461482 1.641056
0.404 4.471317 1.595894
0.405 4.479171 1.551360
0.406 4.481462 1.508384
0.407 4.483199 1.465644
0.408 4.480457 1.426197
0.409 4.476266 1.387742
0.410 4.471063 1.350477
0.411 4.463459 1.316439
0.412 4.455296 1.283544
0.413 4.446476 1.251947
0.414 4.436439 1.223376
0.415 4.426347 1.195154
0.416 4.415661 1.169301
0.417 4.404642 1.144623
0.418 4.393763 1.120340
0.419 4.382772 1.098392
0.420 4.371758 1.077128
0.421 4.360775 1.056414
0.422 4.349798 1.037151
0.423 4.338836 1.018533
0.424 4.327945 1.000440
0.425 4.317166 0.983606
0.426 4.306448 0.967223
0.427 4.295809 0.951289
0.428 4.285304 0.936367
0.429 4.275020 0.921832
0.430 4.264790 0.907698
0.431 4.254647 0.894430
0.432 4.244588 0.881470
0.433 4.234645 0.868876
0.434 4.225043 0.857004
0.435 4.215515 0.845399
0.436 4.205984 0.834089
0.437 4.196698 0.823387
0.438 4.187700 0.812953
0.439 4.178591 0.802754
0.440 4.169824 0.793057
0.441 4.161180 0.783613
0.442 4.152526 0.774345
0.443 4.144214 0.765492
0.444 4.136015 0.756926
0.445 4.127938 0.748428
0.446 4.119894 0.740306
0.447 4.112122 0.732481
0.448 4.104409 0.724678
0.449 4.096923 0.717166
0.450 4.089550 0.709961
0.451 4.082274 0.702777
0.452 4.075097 0.695791
0.453 4.068128 0.689071
0.454 4.061177 0.682429
0.455 4.054379 0.675884
0.456 4.047688 0.669567
0.457 4.041142 0.663395
0.458 4.034659 0.657251
0.459 4.028191 0.651274
0.460 4.022063 0.645528
0.461 4.015934 0.639771
0.462 4.009754 0.634128
0.463 4.003757 0.628682
0.464 3.997806 0.623296
0.465 3.991868 0.617967
0.466 3.986095 0.612751
0.467 3.980552 0.607699
0.468 3.974878 0.602656
0.469 3.969352 0.597701
0.470 3.963970 0.592893
0.471 3.958550 0.588144
0.472 3.953252 0.583436
0.473 3.947988 0.578835
0.474 3.942757 0.574363
0.475 3.937569 0.569902
0.476 3.932398 0.565494
0.477 3.927462 0.561239
0.478 3.922462 0.557047
0.479 3.917496 0.552873
0.480 3.912655 0.548767
0.481 3.907813 0.544779
0.482 3.903068 0.540842
0.483 3.898418 0.536936
0.484 3.893757 0.533106
0.485 3.889111 0.529378
0.486 3.884589 0.525675
0.487 3.880020 0.521988
0.488 3.875518 0.518426
0.489 3.871191 0.514934
0.490 3.866744 0.511448
0.491 3.862359 0.507997
0.492 3.858182 0.504672
0.493 3.854047 0.501391
0.494 3.849737 0.498121
0.495 3.845572 0.494882
0.496 3.841551 0.491765
0.497 3.837551 0.488680
0.498 3.833345 0.485613
0.499 3.829373 0.482587
0.500 3.825498 0.479641
0.501 3.821441 0.476768
0.502 3.817622 0.473886
0.503 3.813836 0.471020
0.504 3.810071 0.468269
0.505 3.806240 0.465564
0.506 3.802571 0.462846
0.507 3.798940 0.460156
0.508 3.795252 0.457562
0.509 3.791609 0.455016
0.510 3.788057 0.452476
0.511 3.784561 0.449945
0.512 3.780996 0.447483
0.513 3.777535 0.445075
0.514 3.774183 0.442682
0.515 3.770853 0.440303
0.516 3.767534 0.437974
0.517 3.764192 0.435705
0.518 3.760848 0.433461
0.519 3.757633 0.431221
0.520 3.754435 0.429011
0.521 3.751123 0.426865
0.522 3.747957 0.424756
0.523 3.744844 0.422646
0.524 3.741751 0.420558
0.525 3.738610 0.418520
0.526 3.735565 0.416520
0.527 3.732634 0.414532
0.528 3.729710 0.412551
0.529 3.726788 0.410601
0.530 3.723767 0.408705
0.531 3.720900 0.406834
0.532 3.718075 0.404964
0.533 3.715243 0.403129
0.534 3.712377 0.401329
0.535 3.709578 0.399555
0.536 3.706895 0.397796
0.537 3.704215 0.396041
0.538 3.701566 0.394325
0.539 3.698776 0.392641
0.540 3.696165 0.390974
0.541 3.693612 0.389314
0.542 3.691071 0.387671
0.543 3.688525 0.386056
0.544 3.685900 0.384472
0.545 3.683392 0.382925
0.546 3.680932 0.381364
0.547 3.678466 0.379817
0.548 3.675979 0.378301
0.549 3.673511 0.376817
0.550 3.671187 0.375337
0.551 3.668865 0.373875
0.552 3.666552 0.372418
0.553 3.664189 0.370990
0.554 3.661830 0.369591
0.555 3.659628 0.368200
0.556 3.657427 0.366807
0.557 3.655246 0.365439
0.558 3.652991 0.364091
0.559 3.650717 0.362761
0.560 3.648608 0.361452
0.561 3.646500 0.360140
0.562 3.644417 0.358837
0.563 3.642282 0.357560
0.564 3.640102 0.356309
0.565 3.638109 0.355058
0.566 3.636118 0.353823
0.567 3.634047 0.352592
0.568 3.631963 0.351372
0.569 3.630012 0.350183
0.570 3.628106 0.348995
0.571 3.626202 0.347817
0.572 3.624254 0.346646
0.573 3.622213 0.345475
0.574 3.620378 0.344349
0.575 3.618570 0.343231
0.576 3.616776 0.342113
0.577 3.614981 0.340984
0.578 3.613028 0.339882
0.579 3.611220 0.338801
0.580 3.609499 0.337733
0.581 3.607787 0.336671
0.582 3.606075 0.335594
0.583 3.604283 0.334531
0.584 3.602463 0.333487
0.585 3.600840 0.332465
0.586 3.599230 0.331448
0.587 3.597618 0.330433
0.588 3.595994 0.329417
0.589 3.594251 0.328419
0.590 3.592629 0.327434
0.591 3.591091 0.326457
0.592 3.589563 0.325471
0.593 3.587982 0.324499
0.594 3.586380 0.323536
0.595 3.584770 0.322582
0.596 3.583296 0.321646
0.597 3.581838 0.320722
0.598 3.580381 0.319808
0.599 3.578797 0.318877
0.600 3.577287 0.317955
0.601 3.575839 0.317041
0.602 3.574471 0.316143
0.603 3.573112 0.315249
0.604 3.571723 0.314356
0.605 3.570196 0.313463
0.606 3.568813 0.312586
0.607 3.567493 0.311718
0.608 3.566200 0.310863
0.609 3.564877 0.310005
0.610 3.563527 0.309149
0.611 3.562127 0.308302
0.612 3.560832 0.307459
0.613 3.559583 0.306619
0.614 3.558360 0.305788
0.615 3.557044 0.304969
0.616 3.555706 0.304154
0.617 3.554471 0.303329
0.618 3.553267 0.302516
0.619 3.552082 0.301712
0.620 3.550912 0.300916
0.621 3.549678 0.300126
0.622 3.548384 0.299342
0.623 3.547231 0.298543
0.624 3.546096 0.297754
0.625 3.544978 0.296982
0.626 3.543782 0.296218
0.627 3.542589 0.295454
0.628 3.541476 0.294688
0.629 3.540384 0.293925
0.630 3.539304 0.293165
0.631 3.538232 0.292419
0.632 3.537123 0.291677
0.633 3.535962 0.290939
0.634 3.534917 0.290205
0.635 3.533901 0.289470
0.636 3.532886 0.288728
0.637 3.531804 0.287999
0.638 3.530664 0.287282
0.639 3.529680 0.286559
0.640 3.528717 0.285840
0.641 3.527763 0.285135
0.642 3.526809 0.284426
0.643 3.525855 0.283713
0.644 3.524800 0.283006
0.645 3.523771 0.282305
0.646 3.522857 0.281616
0.647 3.521954 0.280929
0.648 3.521060 0.280242
0.649 3.520114 0.279550
0.650 3.519158 0.278858
0.651 3.518195 0.278171
0.652 3.517276 0.277493
0.653 3.516417 0.276824
0.654 3.515560 0.276157
0.655 3.514705 0.275490
0.656 3.513707 0.274823
0.657 3.512750 0.274158
0.658 3.511930 0.273498
0.659 3.511126 0.272842
0.660 3.510340 0.272189
0.661 3.509545 0.271536
0.662 3.508747 0.270885
0.663 3.507849 0.270233
0.664 3.506974 0.269582
0.665 3.506221 0.268941
0.666 3.505478 0.268305
0.667 3.504749 0.267677
0.668 3.503990 0.267043
0.669 3.503211 0.266406
0.670 3.502409 0.265768
0.671 3.501600 0.265131
0.672 3.500890 0.264514
0.673 3.500185 0.263898
0.674 3.499492 0.263275
0.675 3.498769 0.262655
0.676 3.497976 0.262044
0.677 3.497215 0.261429
0.678 3.496492 0.260811
0.679 3.495805 0.260202
0.680 3.495141 0.259600
0.681 3.494493 0.258992
0.682 3.493851 0.258382
0.683 3.493168 0.257772
0.684 3.492478 0.257161
0.685 3.491796 0.256552
0.686 3.491118 0.255945
0.687 3.490483 0.255351
0.688 3.489852 0.254760
0.689 3.489240 0.254182
0.690 3.488629 0.253599
0.691 3.488020 0.253002
0.692 3.487411 0.252407
0.693 3.486803 0.251817
0.694 3.486201 0.251225
0.695 3.485612 0.250630
0.696 3.485027 0.250037
0.697 3.484450 0.249448
0.698 3.483874 0.248861
0.699 3.483299 0.248278
0.700 3.482724 0.247698
0.701 3.482150 0.247121
0.702 3.481588 0.246546
0.703 3.481039 0.245975
0.704 3.480499 0.245396
0.705 3.479967 0.244811
0.706 3.479438 0.244234
0.707 3.478913 0.243665
0.708 3.478388 0.243097
0.709 3.477864 0.242529
0.710 3.477354 0.241958
0.711 3.476861 0.241381
0.712 3.476378 0.240805
0.713 3.475910 0.240230
0.714 3.475443 0.239655
0.715 3.474979 0.239080
0.716 3.474515 0.238504
0.717 3.474051 0.237929
0.718 3.473590 0.237355
0.719 3.473142 0.236785
0.720 3.472695 0.236216
0.721 3.472257 0.235655
0.722 3.471820 0.235093
0.723 3.471385 0.234534
0.724 3.470949 0.233975
0.725 3.470516 0.233407
0.726 3.470082 0.232838
0.727 3.469659 0.232272
0.728 3.469238 0.231706
0.729 3.468823 0.231135
0.730 3.468411 0.230561
0.731 3.468001 0.229990
0.732 3.467592 0.229423
0.733 3.467184 0.228859
0.734 3.466774 0.228303
0.735 3.466368 0.227747
0.736 3.465992 0.227196
0.737 3.465616 0.226645
0.738 3.465259 0.226085
0.739 3.464904 0.225524
0.740 3.464552 0.224962
0.741 3.464201 0.224400
0.742 3.463851 0.223839
0.743 3.463501 0.223279
0.744 3.463157 0.222719
0.745 3.462829 0.222158
0.746 3.462501 0.221597
0.747 3.462187 0.221044
0.748 3.461872 0.220491
0.749 3.461560 0.219938
0.750 3.461247 0.219385
0.751 3.460935 0.218830
0.752 3.460622 0.218274
0.753 3.460313 0.217718
0.754 3.460015 0.217165
0.755 3.459717 0.216611
0.756 3.459426 0.216057
0.757 3.459136 0.215502
0.758 3.458847 0.214948
0.759 3.458557 0.214394
0.760 3.458268 0.213843
0.761 3.457980 0.213299
0.762 3.457692 0.212754
0.763 3.457439 0.212209
0.764 3.457190 0.211664
0.765 3.456954 0.211119
0.766 3.456730 0.210574
0.767 3.456506 0.210029
0.768 3.456283 0.209481
0.769 3.456061 0.208933
0.770 3.455840 0.208386
0.771 3.455619 0.207840
0.772 3.455403 0.207294
0.773 3.455192 0.206747
0.774 3.454982 0.206201
0.775 3.454779 0.205657
0.776 3.454576 0.205112
0.777 3.454374 0.204570
0.778 3.454172 0.204031
0.779 3.453970 0.203490
0.780 3.453768 0.202937
0.781 3.453567 0.202384
0.782 3.453389 0.201835
0.783 3.453225 0.201288
0.784 3.453064 0.200742
0.785 3.452921 0.200199
0.786 3.452778 0.199656
0.787 3.452637 0.199107
0.788 3.452498 0.198557
0.789 3.452358 0.198006
0.790 3.452218 0.197455
0.791 3.452078 0.196905
0.792 3.451960 0.196353
0.793 3.451856 0.195799
0.794 3.451753 0.195244
0.795 3.451667 0.194677
0.796 3.451582 0.194110
0.797 3.451498 0.193547
0.798 3.451415 0.192986
0.799 3.451333 0.192425
0.800 3.451251 0.191873
0.801 3.451170 0.191321
0.802 3.451106 0.190762
0.803 3.451076 0.190189
0.804 3.451046 0.189616
0.805 3.451036 0.189033
0.806 3.451032 0.188447
0.807 3.451029 0.187861
0.808 3.451029 0.187276
0.809 3.451028 0.186692
0.810 3.451028 0.186107
0.811 3.451027 0.185522
0.812 3.451027 0.184937
0.813 3.451082 0.184320
0.814 3.451149 0.183696
0.815 3.451221 0.183070
0.816 3.451319 0.182425
0.817 3.451417 0.181780
0.818 3.451517 0.181134
0.819 3.451619 0.180485
0.820 3.451721 0.179836
0.821 3.451823 0.179181
0.822 3.451926 0.178523
0.823 3.452029 0.177866
0.824 3.452175 0.177133
0.825 3.452322 0.176399
0.826 3.452474 0.175657
0.827 3.452642 0.174887
0.828 3.452810 0.174117
0.829 3.452979 0.173343
0.830 3.453149 0.172564
0.831 3.453319 0.171785
0.832 3.453489 0.171002
0.833 3.453660 0.170217
0.834 3.453831 0.169433
0.835 3.454008 0.168532
0.836 3.454186 0.167617
0.837 3.454364 0.166698
0.838 3.454546 0.165736
0.839 3.454727 0.164774
0.840 3.454909 0.163810
0.841 3.455092 0.162840
0.842 3.455274 0.161870
0.843 3.455457 0.160900
0.844 3.455640 0.159927
0.845 3.455823 0.158954
0.846 3.455974 0.157910
0.847 3.456090 0.156785
0.848 3.456205 0.155660
0.849 3.456305 0.154504
0.850 3.456393 0.153324
0.851 3.456481 0.152143
0.852 3.456569 0.150958
0.853 3.456656 0.149770
0.854 3.456743 0.148581
0.855 3.456832 0.147395
0.856 3.456921 0.146210
0.857 3.457010 0.145025
0.858 3.456967 0.143784
0.859 3.456876 0.142522
0.860 3.456785 0.141260
0.861 3.456643 0.139979
0.862 3.456485 0.138692
0.863 3.456326 0.137405
0.864 3.456166 0.136117
0.865 3.456006 0.134829
0.866 3.455845 0.133542
0.867 3.455686 0.132248
0.868 3.455527 0.130952
0.869 3.455368 0.129656
0.870 3.455085 0.128399
0.871 3.454742 0.127162
0.872 3.454399 0.125924
0.873 3.454016 0.124693
0.874 3.453607 0.123467
0.875 3.453198 0.122242
0.876 3.452788 0.121020
0.877 3.452377 0.119804
0.878 3.451967 0.118587
0.879 3.451557 0.117368
0.880 3.451148 0.116144
0.881 3.450739 0.114921
0.882 3.450310 0.113741
0.883 3.449825 0.112682
0.884 3.449341 0.111623
0.885 3.448853 0.110571
0.886 3.448344 0.109572
0.887 3.447834 0.108574
0.888 3.447324 0.107576
0.889 3.446814 0.106573
0.890 3.446305 0.105570
0.891 3.445795 0.104567
0.892 3.445287 0.103566
0.893 3.444779 0.102566
0.894 3.444270 0.101566
0.895 3.443811 0.100657
0.896 3.443401 0.099842
0.897 3.442991 0.099027
0.898 3.442589 0.098229
0.899 3.442212 0.097482
0.900 3.441835 0.096735
0.901 3.441458 0.095989
0.902 3.441084 0.095248
0.903 3.440709 0.094508
0.904 3.440335 0.093768
0.905 3.439962 0.093027
0.906 3.439590 0.092286
0.907 3.439217 0.091544
0.908 3.439017 0.090798
0.909 3.439134 0.090042
0.910 3.439251 0.089287
0.911 3.439369 0.088531
0.912 3.439640 0.087770
0.913 3.439911 0.087008
0.914 3.440182 0.086247
0.915 3.440457 0.085485
0.916 3.440735 0.084722
0.917 3.441013 0.083960
0.918 3.441293 0.083197
0.919 3.441578 0.082430
0.920 3.441862 0.081664
0.921 3.442147 0.080898
0.922 3.442596 0.079124
0.923 3.443081 0.077125
0.924 3.443566 0.075126
0.925 3.444077 0.072989
0.926 3.444632 0.070618
0.927 3.445186 0.068246
0.928 3.445741 0.065874
0.929 3.446305 0.063506
0.930 3.446870 0.061139
0.931 3.447435 0.058771
0.932 3.448001 0.056401
0.933 3.448569 0.054029
0.934 3.449138 0.051657
0.935 3.449706 0.049285
0.936 3.448221 0.046659
0.937 3.446439 0.043997
0.938 3.444657 0.041335
0.939 3.442875 0.038673
0.940 3.441094 0.036011
0.941 3.439312 0.033349
0.942 3.437530 0.030686
0.943 3.435574 0.028063
0.944 3.433503 0.025464
0.945 3.431431 0.022866
0.946 3.429360 0.020267
0.947 3.427288 0.017669
0.948 3.425217 0.015070
0.949 3.423146 0.012472
0.950 3.421023 0.010269
0.951 3.418708 0.009545
0.952 3.416393 0.008821
0.953 3.414079 0.008097
0.954 3.411764 0.007373
0.955 3.409449 0.006648
0.956 3.407134 0.005924
0.957 3.404820 0.005200
0.958 3.402544 0.004648
0.959 3.400283 0.004167
0.960 3.398023 0.003686
0.961 3.395763 0.003205
0.962 3.393503 0.002725
0.963 3.391243 0.002244
0.964 3.388983 0.001763
0.965 3.386781 0.001315
0.966 3.385234 0.001231
0.967 3.383687 0.001146
0.968 3.382141 0.001062
0.969 3.380594 0.000978
0.970 3.379047 0.000894
0.971 3.377500 0.000809
0.972 3.375954 0.000725
0.973 3.374447 0.000657
0.974 3.373018 0.000619
0.975 3.371589 0.000582
0.976 3.370161 0.000545
0.977 3.368732 0.000507
0.978 3.367304 0.000470
0.979 3.365875 0.000433
0.980 3.364447 0.000395
0.981 3.363147 0.000367
0.982 3.361998 0.000350
0.983 3.360849 0.000332
0.984 3.359699 0.000315
0.985 3.358550 0.000297
0.986 3.357400 0.000280
0.987 3.356251 0.000262
0.988 3.355102 0.000245
0.989 3.353982 0.000231
0.990 3.352899 0.000220
0.991 3.351815 0.000210
0.992 3.350731 0.000200
0.993 3.349647 0.000190
0.994 3.348564 0.000179
0.995 3.347480 0.000169
0.996 3.346396 0.000159
0.997 3.345361 0.000150
0.998 3.344425 0.000143
0.999 3.343489 0.000136
1.000 3.342552 0.000130
1.001 3.341616 0.000123
1.002 3.340680 0.000116
1.003 3.339743 0.000109
1.004 3.338807 0.000102
1.005 3.337874 0.000096
1.006 3.336988 0.000092
1.007 3.336102 0.000088
1.008 3.335216 0.000083
1.009 3.334330 0.000079
1.010 3.333444 0.000075
1.011 3.332558 0.000071
1.012 3.331671 0.000067
1.013 3.330785 0.000063
1.014 3.329965 0.000060
1.015 3.329180 0.000059
1.016 3.328395 0.000057
1.017 3.327609 0.000055
1.018 3.326824 0.000054
1.019 3.326039 0.000052
1.020 3.325253 0.000050
1.021 3.324468 0.000049
1.022 3.323686 0.000047
1.023 3.322937 0.000045
1.024 3.322188 0.000043
1.025 3.321439 0.000041
1.026 3.320689 0.000039
1.027 3.319940 0.000037
1.028 3.319191 0.000035
1.029 3.318442 0.000033
1.030 3.317692 0.000031
1.031 3.316968 0.000029
1.032 3.316280 0.000028
1.033 3.315591 0.000027
1.034 3.314902 0.000025
1.035 3.314213 0.000024
1.036 3.313525 0.000023
1.037 3.312836 0.000022
1.038 3.312147 0.000021
1.039 3.311458 0.000020
1.040 3.310788 0.000019
1.041 3.310132 0.000018
1.042 3.309475 0.000017
1.043 3.308819 0.000016
1.044 3.308162 0.000015
1.045 3.307506 0.000014
1.046 3.306849 0.000013
1.047 3.306193 0.000012
1.048 3.305536 0.000011
1.049 3.304907 0.000010
1.050 3.304298 0.000009
1.051 3.303689 0.000009
1.052 3.303080 0.000008
1.053 3.302471 0.000007
1.054 3.301862 0.000006
1.055 3.301253 0.000006
1.056 3.300644 0.000005
1.057 3.300035 0.000004
1.058 3.299439 0.000003
1.059 3.298862 0.000003
1.060 3.298284 0.000003
1.061 3.297707 0.000002
1.062 3.297129 0.000002
1.063 3.296552 0.000002
1.064 3.295974 0.000001
1.065 3.295397 0.000001
1.066 3.294820 0.000000
1.067 3.294246 0.000000
1.068 3.293704 0.000000
1.069 3.293162 0.000000
1.070 3.292620 0.000000
1.071 3.292078 0.000000
1.072 3.291536 0.000000
1.073 3.290995 0.000000
1.074 3.290453 0.000000
1.075 3.289911 0.000000
1.076 3.289369 0.000000
1.077 3.288844 0.000000
1.078 3.288328 0.000000
1.079 3.287812 0.000000
1.080 3.287297 0.000000
1.081 3.286781 0.000000
1.082 3.286265 0.000000
1.083 3.285749 0.000000
1.084 3.285234 0.000000
1.085 3.284718 0.000000
1.086 3.284202 0.000000
1.087 3.283709 0.000000
1.088 3.283215 0.000000
1.089 3.282721 0.000000
1.090 3.282228 0.000000
1.091 3.281734 0.000000
1.092 3.281240 0.000000
1.093 3.280747 0.000000
1.094 3.280253 0.000000
1.095 3.279759 0.000000
1.096 3.279270 0.000000
1.097 3.278805 0.000000
1.098 3.278340 0.000000
1.099 3.277875 0.000000
1.100 3.277410 0.000000
1.101 3.276945 0.000000
1.102 3.276479 0.000000
1.103 3.276014 0.000000
1.104 3.275549 0.000000
1.105 3.275084 0.000000
1.106 3.274622 0.000000
1.107 3.274174 0.000000
1.108 3.273727 0.000000
1.109 3.273279 0.000000
1.110 3.272832 0.000000
1.111 3.272384 0.000000
1.112 3.271937 0.000000
1.113 3.271489 0.000000
1.114 3.271042 0.000000
1.115 3.270594 0.000000
1.116 3.270147 0.000000
1.117 3.269724 0.000000
1.118 3.269302 0.000000
1.119 3.268880 0.000000
1.120 3.268457 0.000000
1.121 3.268035 0.000000
1.122 3.267613 0.000000
1.123 3.267191 0.000000
1.124 3.266769 0.000000
1.125 3.266347 0.000000
1.126 3.265924 0.000000
1.127 3.265509 0.000000
1.128 3.265098 0.000000
1.129 3.264687 0.000000
1.130 3.264277 0.000000
1.131 3.263866 0.000000
1.132 3.263455 0.000000
1.133 3.263044 0.000000
1.134 3.262633 0.000000
1.135 3.262223 0.000000
1.136 3.261812 0.000000
1.137 3.261402 0.000000
1.138 3.261023 0.000000
1.139 3.260645 0.000000
1.140 3.260266 0.000000
1.141 3.259887 0.000000
1.142 3.259509 0.000000
1.143 3.259130 0.000000
1.144 3.258751 0.000000
1.145 3.258373 0.000000
1.146 3.257994 0.000000
1.147 3.257615 0.000000
1.148 3.257239 0.000000
1.149 3.256870 0.000000
1.150 3.256502 0.000000
1.151 3.256133 0.000000
1.152 3.255765 0.000000
1.153 3.255396 0.000000
1.154 3.255028 0.000000
1.155 3.254659 0.000000
1.156 3.254290 0.000000
1.157 3.253922 0.000000
1.158 3.253553 0.000000
1.159 3.253191 0.000000
1.160 3.252844 0.000000
1.161 3.252497 0.000000
1.162 3.252151 0.000000
1.163 3.251804 0.000000
1.164 3.251458 0.000000
1.165 3.251111 0.000000
1.166 3.250764 0.000000
1.167 3.250418 0.000000
1.168 3.250071 0.000000
1.169 3.249725 0.000000
1.170 3.249378 0.000000
1.171 3.249036 0.000000
1.172 3.248694 0.000000
1.173 3.248352 0.000000
1.174 3.248009 0.000000
1.175 3.247667 0.000000
1.176 3.247325 0.000000
1.177 3.246983 0.000000
1.178 3.246640 0.000000
1.179 3.246298 0.000000
1.180 3.245956 0.000000
1.181 3.245614 0.000000
1.182 3.245287 0.000000
1.183 3.244967 0.000000
1.184 3.244648 0.000000
1.185 3.244328 0.000000
1.186 3.244009 0.000000
1.187 3.243689 0.000000
1.188 3.243370 0.000000
1.189 3.243051 0.000000
1.190 3.242731 0.000000
1.191 3.242412 0.000000
1.192 3.242092 0.000000
1.193 3.241773 0.000000
1.194 3.241457 0.000000
1.195 3.241141 0.000000
1.196 3.240825 0.000000
1.197 3.240509 0.000000
1.198 3.240193 0.000000
1.199 3.239877 0.000000
1.200 3.239560 0.000000
1.201 3.239244 0.000000
1.202 3.238928 0.000000
1.203 3.238612 0.000000
1.204 3.238296 0.000000
1.205 3.237984 0.000000
1.206 3.237690 0.000000
1.207 3.237395 0.000000
1.208 3.237100 0.000000
1.209 3.236806 0.000000
1.210 3.236511 0.000000
1.211 3.236216 0.000000
1.212 3.235922 0.000000
1.213 3.235627 0.000000
1.214 3.235333 0.000000
1.215 3.235038 0.000000
1.216 3.234743 0.000000
1.217 3.234449 0.000000
1.218 3.234159 0.000000
1.219 3.233869 0.000000
1.220 3.233579 0.000000
1.221 3.233289 0.000000
1.222 3.232999 0.000000
1.223 3.232709 0.000000
1.224 3.232419 0.000000
1.225 3.232129 0.000000
1.226 3.231840 0.000000
1.227 3.231550 0.000000
1.228 3.231260 0.000000
1.229 3.230970 0.000000
1.230 3.230698 0.000000
1.231 3.230432 0.000000
1.232 3.230167 0.000000
1.233 3.229902 0.000000
1.234 3.229636 0.000000
1.235 3.229371 0.000000
1.236 3.229105 0.000000
1.237 3.228840 0.000000
1.238 3.228574 0.000000
1.239 3.228309 0.000000
1.240 3.228044 0.000000
1.241 3.227778 0.000000
1.242 3.227513 0.000000
1.243 3.227252 0.000000
1.244 3.226991 0.000000
1.245 3.226730 0.000000
1.246 3.226469 0.000000
1.247 3.226207 0.000000
1.248 3.225946 0.000000
1.249 3.225685 0.000000
1.250 3.225424 0.000000
1.251 3.225163 0.000000
1.252 3.224902 0.000000
1.253 3.224641 0.000000
1.254 3.224379 0.000000
1.255 3.224122 0.000000
1.256 3.223873 0.000000
1.257 3.223624 0.000000
1.258 3.223376 0.000000
1.259 3.223127 0.000000
1.260 3.222878 0.000000
1.261 3.222630 0.000000
1.262 3.222381 0.000000
1.263 3.222132 0.000000
1.264 3.221884 0.000000
1.265 3.221635 0.000000
1.266 3.221386 0.000000
1.267 3.221138 0.000000
1.268 3.220890 0.000000
1.269 3.220647 0.000000
1.270 3.220403 0.000000
1.271 3.220160 0.000000
1.272 3.219917 0.000000
1.273 3.219673 0.000000
1.274 3.219430 0.000000
1.275 3.219187 0.000000
1.276 3.218944 0.000000
1.277 3.218700 0.000000
1.278 3.218457 0.000000
1.279 3.218214 0.000000
1.280 3.217971 0.000000
1.281 3.217727 0.000000
1.282 3.217495 0.000000
1.283 3.217268 0.000000
1.284 3.217040 0.000000
1.285 3.216812 0.000000
1.286 3.216585 0.000000
1.287 3.216357 0.000000
1.288 3.216129 0.000000
1.289 3.215901 0.000000
1.290 3.215674 0.000000
1.291 3.215446 0.000000
1.292 3.215218 0.000000
1.293 3.214990 0.000000
1.294 3.214763 0.000000
1.295 3.214535 0.000000
1.296 3.214314 0.000000
1.297 3.214092 0.000000
1.298 3.213871 0.000000
1.299 3.213650 0.000000
1.300 3.213428 0.000000
1.301 3.213207 0.000000
1.302 3.212985 0.000000
1.303 3.212764 0.000000
1.304 3.212543 0.000000
1.305 3.212321 0.000000
1.306 3.212100 0.000000
1.307 3.211878 0.000000
1.308 3.211657 0.000000
1.309 3.211436 0.000000
1.310 3.211229 0.000000
1.311 3.211021 0.000000
1.312 3.210813 0.000000
1.313 3.210606 0.000000
1.314 3.210398 0.000000
1.315 3.210191 0.000000
1.316 3.209983 0.000000
1.317 3.209775 0.000000
1.318 3.209568 0.000000
1.319 3.209360 0.000000
1.320 3.209152 0.000000
1.321 3.208945 0.000000
1.322 3.208737 0.000000
1.323 3.208530 0.000000
1.324 3.208326 0.000000
1.325 3.208123 0.000000
1.326 3.207921 0.000000
1.327 3.207718 0.000000
1.328 3.207516 0.000000
1.329 3.207313 0.000000
1.330 3.207111 0.000000
1.331 3.206908 0.000000
1.332 3.206706 0.000000
1.333 3.206503 0.000000
1.334 3.206301 0.000000
1.335 3.206098 0.000000
1.336 3.205896 0.000000
1.337 3.205693 0.000000
1.338 3.205492 0.000000
1.339 3.205298 0.000000
1.340 3.205105 0.000000
1.341 3.204911 0.000000
1.342 3.204717 0.000000
1.343 3.204523 0.000000
1.344 3.204329 0.000000
1.345 3.204136 0.000000
1.346 3.203942 0.000000
1.347 3.203748 0.000000
1.348 3.203554 0.000000
1.349 3.203361 0.000000
1.350 3.203167 0.000000
1.351 3.202973 0.000000
1.352 3.202779 0.000000
1.353 3.202587 0.000000
1.354 3.202401 0.000000
1.355 3.202215 0.000000
1.356 3.202028 0.000000
1.357 3.201842 0.000000
1.358 3.201656 0.000000
1.359 3.201469 0.000000
1.360 3.201283 0.000000
1.361 3.201097 0.000000
1.362 3.200911 0.000000
1.363 3.200724 0.000000
1.364 3.200538 0.000000
1.365 3.200352 0.000000
1.366 3.200165 0.000000
1.367 3.199979 0.000000
1.368 3.199793 0.000000
1.369 3.199616 0.000000
1.370 3.199441 0.000000
1.371 3.199265 0.000000
1.372 3.199090 0.000000
1.373 3.198914 0.000000
1.374 3.198738 0.000000
1.375 3.198563 0.000000
1.376 3.198387 0.000000
1.377 3.198211 0.000000
1.378 3.198036 0.000000
1.379 3.197860 0.000000
1.380 3.197684 0.000000
1.381 3.197509 0.000000
1.382 3.197333 0.000000
1.383 3.197158 0.000000
1.384 3.196984 0.000000
1.385 3.196814 0.000000
1.386 3.196644 0.000000
1.387 3.196474 0.000000
1.388 3.196304 0.000000
1.389 3.196135 0.000000
1.390 3.195965 0.000000
1.391 3.195795 0.000000
1.392 3.195625 0.000000
1.393 3.195455 0.000000
1.394 3.195286 0.000000
1.395 3.195116 0.000000
1.396 3.194946 0.000000
1.397 3.194776 0.000000
1.398 3.194606 0.000000
1.399 3.194437 0.000000
1.400 3.194269 0.000000
1.401 3.194105 0.000000
1.402 3.193942 0.000000
1.403 3.193779 0.000000
1.404 3.193615 0.000000
1.405 3.193452 0.000000
1.406 3.193288 0.000000
1.407 3.193125 0.000000
1.408 3.192961 0.000000
1.409 3.192798 0.000000
1.410 3.192635 0.000000
1.411 3.192471 0.000000
1.412 3.192308 0.000000
1.413 3.192144 0.000000
1.414 3.191981 0.000000
1.415 3.191818 0.000000
1.416 3.191654 0.000000
1.417 3.191497 0.000000
1.418 3.191340 0.000000
1.419 3.191183 0.000000
1.420 3.191026 0.000000
1.421 3.190869 0.000000
1.422 3.190712 0.000000
1.423 3.190555 0.000000
1.424 3.190398 0.000000
1.425 3.190241 0.000000
1.426 3.190084 0.000000
1.427 3.189927 0.000000
1.428 3.189770 0.000000
1.429 3.189613 0.000000
1.430 3.189456 0.000000
1.431 3.189298 0.000000
1.432 3.189141 0.000000
1.433 3.188986 0.000000
1.434 3.188834 0.000000
1.435 3.188682 0.000000
1.436 3.188530 0.000000
1.437 3.188379 0.000000
1.438 3.188227 0.000000
1.439 3.188075 0.000000
1.440 3.187923 0.000000
1.441 3.187772 0.000000
1.442 3.187620 0.000000
1.443 3.187468 0.000000
1.444 3.187316 0.000000
1.445 3.187165 0.000000
1.446 3.187013 0.000000
1.447 3.186861 0.000000
1.448 3.186709 0.000000
1.449 3.186557 0.000000
1.450 3.186406 0.000000
1.451 3.186261 0.000000
1.452 3.186116 0.000000
1.453 3.185972 0.000000
1.454 3.185827 0.000000
1.455 3.185682 0.000000
1.456 3.185537 0.000000
1.457 3.185392 0.000000
1.458 3.185247 0.000000
1.459 3.185102 0.000000
1.460 3.184957 0.000000
1.461 3.184813 0.000000
1.462 3.184668 0.000000
1.463 3.184523 0.000000
1.464 3.184378 0.000000
1.465 3.184233 0.000000
1.466 3.184088 0.000000
1.467 3.183943 0.000000
1.468 3.183801 0.000000
1.469 3.183660 0.000000
1.470 3.183519 0.000000
1.471 3.183379 0.000000
1.472 3.183238 0.000000
1.473 3.183098 0.000000
1.474 3.182957 0.000000
1.475 3.182816 0.000000
1.476 3.182676 0.000000
1.477 3.182535 0.000000
1.478 3.182394 0.000000
1.479 3.182254 0.000000
1.480 3.182113 0.000000
1.481 3.181972 0.000000
1.482 3.181832 0.000000
1.483 3.181691 0.000000
1.484 3.181551 0.000000
1.485 3.181410 0.000000
1.486 3.181274 0.000000
1.487 3.181144 0.000000
1.488 3.181014 0.000000
1.489 3.180883 0.000000
1.490 3.180753 0.000000
1.491 3.180622 0.000000
1.492 3.180492 0.000000
1.493 3.180362 0.000000
1.494 3.180231 0.000000
1.495 3.180101 0.000000
1.496 3.179970 0.000000
1.497 3.179840 0.000000
1.498 3.179710 0.000000
1.499 3.179579 0.000000
1.500 3.179449 0.000000
1.501 3.179318 0.000000
1.502 3.179188 0.000000
1.503 3.179058 0.000000
1.504 3.178928 0.000000
1.505 3.178802 0.000000
1.506 3.178676 0.000000
1.507 3.178550 0.000000
1.508 3.178424 0.000000
1.509 3.178299 0.000000
1.510 3.178173 0.000000
1.511 3.178047 0.000000
1.512 3.177921 0.000000
1.513 3.177795 0.000000
1.514 3.177669 0.000000
1.515 3.177544 0.000000
1.516 3.177418 0.000000
1.517 3.177292 0.000000
1.518 3.177166 0.000000
1.519 3.177040 0.000000
1.520 3.176915 0.000000
1.521 3.176789 0.000000
1.522 3.176663 0.000000
1.523 3.176538 0.000000
1.524 3.176417 0.000000
1.525 3.176295 0.000000
1.526 3.176174 0.000000
1.527 3.176052 0.000000
1.528 3.175931 0.000000
1.529 3.175810 0.000000
1.530 3.175688 0.000000
1.531 3.175567 0.000000
1.532 3.175445 0.000000
1.533 3.175324 0.000000
1.534 3.175203 0.000000
1.535 3.175081 0.000000
1.536 3.174960 0.000000
1.537 3.174838 0.000000
1.538 3.174717 0.000000
1.539 3.174596 0.000000
1.540 3.174474 0.000000
1.541 3.174353 0.000000
1.542 3.174231 0.000000
1.543 3.174111 0.000000
1.544 3.173991 0.000000
1.545 3.173871 0.000000
1.546 3.173751 0.000000
1.547 3.173631 0.000000
1.548 3.173511 0.000000
1.549 3.173391 0.000000
1.550 3.173271 0.000000
1.551 3.173151 0.000000
1.552 3.173031 0.000000
1.553 3.172911 0.000000
1.554 3.172791 0.000000
1.555 3.172671 0.000000
1.556 3.172551 0.000000
1.557 3.172431 0.000000
1.558 3.172311 0.000000
1.559 3.172191 0.000000
1.560 3.172071 0.000000
1.561 3.171952 0.000000
1.562 3.171832 0.000000
1.563 3.171721 0.000000
1.564 3.171612 0.000000
1.565 3.171503 0.000000
1.566 3.171394 0.000000
1.567 3.171284 0.000000
1.568 3.171175 0.000000
1.569 3.171066 0.000000
1.570 3.170957 0.000000
1.571 3.170848 0.000000
1.572 3.170739 0.000000
1.573 3.170629 0.000000
1.574 3.170520 0.000000
1.575 3.170411 0.000000
1.576 3.170302 0.000000
1.577 3.170193 0.000000
1.578 3.170084 0.000000
1.579 3.169974 0.000000
1.580 3.169865 0.000000
1.581 3.169756 0.000000
1.582 3.169647 0.000000
1.583 3.169539 0.000000
1.584 3.169432 0.000000
1.585 3.169325 0.000000
1.586 3.169218 0.000000
1.587 3.169111 0.000000
1.588 3.169004 0.000000
1.589 3.168897 0.000000
1.590 3.168790 0.000000
1.591 3.168683 0.000000
1.592 3.168576 0.000000
1.593 3.168469 0.000000
1.594 3.168362 0.000000
1.595 3.168255 0.000000
1.596 3.168148 0.000000
1.597 3.168041 0.000000
1.598 3.167934 0.000000
1.599 3.167827 0.000000
1.600 3.167721 0.000000
1.601 3.167614 0.000000
1.602 3.167507 0.000000
1.603 3.167400 0.000000
1.604 3.167297 0.000000
1.605 3.167197 0.000000
1.606 3.167097 0.000000
1.607 3.166998 0.000000
1.608 3.166898 0.000000
1.609 3.166798 0.000000
1.610 3.166699 0.000000
1.611 3.166599 0.000000
1.612 3.166499 0.000000
1.613 3.166400 0.000000
1.614 3.166300 0.000000
1.615 3.166200 0.000000
1.616 3.166101 0.000000
1.617 3.166001 0.000000
1.618 3.165901 0.000000
1.619 3.165802 0.000000
1.620 3.165702 0.000000
1.621 3.165603 0.000000
1.622 3.165503 0.000000
1.623 3.165403 0.000000
1.624 3.165304 0.000000
1.625 3.165204 0.000000
1.626 3.165105 0.000000
1.627 3.165007 0.000000
1.628 3.164908 0.000000
1.629 3.164810 0.000000
1.630 3.164711 0.000000
1.631 3.164612 0.000000
1.632 3.164514 0.000000
1.633 3.164415 0.000000
1.634 3.164317 0.000000
1.635 3.164218 0.000000
1.636 3.164119 0.000000
1.637 3.164021 0.000000
1.638 3.163922 0.000000
1.639 3.163824 0.000000
1.640 3.163725 0.000000
1.641 3.163626 0.000000
1.642 3.163528 0.000000
1.643 3.163429 0.000000
1.644 3.163331 0.000000
1.645 3.163232 0.000000
1.646 3.163133 0.000000
1.647 3.163035 0.000000
1.648 3.162943 0.000000
1.649 3.162852 0.000000
1.650 3.162761 0.000000
1.651 3.162669 0.000000
1.652 3.162578 0.000000
1.653 3.162487 0.000000
1.654 3.162395 0.000000
1.655 3.162304 0.000000
1.656 3.162213 0.000000
1.657 3.162122 0.000000
1.658 3.162030 0.000000
1.659 3.161939 0.000000
1.660 3.161848 0.000000
1.661 3.161756 0.000000
1.662 3.161665 0.000000
1.663 3.161574 0.000000
1.664 3.161483 0.000000
1.665 3.161391 0.000000
1.666 3.161300 0.000000
1.667 3.161209 0.000000
1.668 3.161117 0.000000
1.669 3.161026 0.000000
1.670 3.160935 0.000000
1.671 3.160845 0.000000
1.672 3.160755 0.000000
1.673 3.160665 0.000000
1.674 3.160575 0.000000
1.675 3.160485 0.000000
1.676 3.160395 0.000000
1.677 3.160305 0.000000
1.678 3.160215 0.000000
1.679 3.160125 0.000000
1.680 3.160035 0.000000
1.681 3.159945 0.000000
1.682 3.159855 0.000000
1.683 3.159765 0.000000
1.684 3.159675 0.000000
1.685 3.159585 0.000000
1.686 3.159495 0.000000
1.687 3.159405 0.000000
1.688 3.159315 0.000000
1.689 3.159225 0.000000
1.690 3.159135 0.000000
1.691 3.159045 0.000000
1.692 3.158955 0.000000
1.693 3.158865 0.000000
1.694 3.158781 0.000000
1.695 3.158698 0.000000
1.696 3.158614 0.000000
1.697 3.158531 0.000000
1.698 3.158448 0.000000
1.699 3.158365 0.000000
1.700 3.158281 0.000000
1.701 3.158198 0.000000
1.702 3.158115 0.000000
1.703 3.158032 0.000000
1.704 3.157949 0.000000
1.705 3.157865 0.000000
1.706 3.157782 0.000000
1.707 3.157699 0.000000
1.708 3.157616 0.000000
1.709 3.157532 0.000000
1.710 3.157449 0.000000
1.711 3.157366 0.000000
1.712 3.157283 0.000000
1.713 3.157199 0.000000
1.714 3.157116 0.000000
1.715 3.157033 0.000000
1.716 3.156950 0.000000
1.717 3.156867 0.000000
1.718 3.156785 0.000000
1.719 3.156703 0.000000
1.720 3.156621 0.000000
1.721 3.156540 0.000000
1.722 3.156458 0.000000
1.723 3.156376 0.000000
1.724 3.156295 0.000000
1.725 3.156213 0.000000
1.726 3.156131 0.000000
1.727 3.156050 0.000000
1.728 3.155968 0.000000
1.729 3.155886 0.000000
1.730 3.155805 0.000000
1.731 3.155723 0.000000
1.732 3.155641 0.000000
1.733 3.155560 0.000000
1.734 3.155478 0.000000
1.735 3.155396 0.000000
1.736 3.155315 0.000000
1.737 3.155233 0.000000
1.738 3.155151 0.000000
1.739 3.155070 0.000000
1.740 3.154988 0.000000
1.741 3.154906 0.000000
1.742 3.154826 0.000000
1.743 3.154750 0.000000
1.744 3.154674 0.000000
1.745 3.154598 0.000000
1.746 3.154522 0.000000
1.747 3.154446 0.000000
1.748 3.154370 0.000000
1.749 3.154294 0.000000
1.750 3.154219 0.000000
1.751 3.154143 0.000000
1.752 3.154067 0.000000
1.753 3.153991 0.000000
1.754 3.153915 0.000000
1.755 3.153839 0.000000
1.756 3.153763 0.000000
1.757 3.153687 0.000000
1.758 3.153611 0.000000
1.759 3.153535 0.000000
1.760 3.153459 0.000000
1.761 3.153383 0.000000
1.762 3.153307 0.000000
1.763 3.153232 0.000000
1.764 3.153156 0.000000
1.765 3.153080 0.000000
1.766 3.153004 0.000000
1.767 3.152928 0.000000
1.768 3.152853 0.000000
1.769 3.152779 0.000000
1.770 3.152705 0.000000
1.771 3.152631 0.000000
1.772 3.152557 0.000000
1.773 3.152483 0.000000
1.774 3.152409 0.000000
1.775 3.152335 0.000000
1.776 3.152260 0.000000
1.777 3.152186 0.000000
1.778 3.152112 0.000000
1.779 3.152038 0.000000
1.780 3.151964 0.000000
1.781 3.151890 0.000000
1.782 3.151816 0.000000
1.783 3.151742 0.000000
1.784 3.151668 0.000000
1.785 3.151593 0.000000
1.786 3.151519 0.000000
1.787 3.151445 0.000000
1.788 3.151371 0.000000
1.789 3.151297 0.000000
1.790 3.151223 0.000000
1.791 3.151149 0.000000
1.792 3.151075 0.000000
1.793 3.151000 0.000000
1.794 3.150930 0.000000
1.795 3.150861 0.000000
1.796 3.150792 0.000000
1.797 3.150722 0.000000
1.798 3.150653 0.000000
1.799 3.150584 0.000000
1.800 3.150515 0.000000
1.801 3.150446 0.000000
1.802 3.150377 0.000000
1.803 3.150308 0.000000
1.804 3.150239 0.000000
1.805 3.150170 0.000000
1.806 3.150101 0.000000
1.807 3.150032 0.000000
1.808 3.149963 0.000000
1.809 3.149894 0.000000
1.810 3.149825 0.000000
1.811 3.149756 0.000000
1.812 3.149687 0.000000
1.813 3.149617 0.000000
1.814 3.149548 0.000000
1.815 3.149479 0.000000
1.816 3.149410 0.000000
1.817 3.149341 0.000000
1.818 3.149272 0.000000
1.819 3.149203 0.000000
1.820 3.149134 0.000000
1.821 3.149066 0.000000
1.822 3.148999 0.000000
1.823 3.148932 0.000000
1.824 3.148865 0.000000
1.825 3.148798 0.000000
1.826 3.148731 0.000000
1.827 3.148664 0.000000
1.828 3.148597 0.000000
1.829 3.148530 0.000000
1.830 3.148462 0.000000
1.831 3.148395 0.000000
1.832 3.148328 0.000000
1.833 3.148261 0.000000
1.834 3.148194 0.000000
1.835 3.148127 0.000000
1.836 3.148060 0.000000
1.837 3.147993 0.000000
1.838 3.147926 0.000000
1.839 3.147858 0.000000
1.840 3.147791 0.000000
1.841 3.147724 0.000000
1.842 3.147657 0.000000
1.843 3.147590 0.000000
1.844 3.147523 0.000000
1.845 3.147456 0.000000
1.846 3.147389 0.000000
1.847 3.147322 0.000000
1.848 3.147255 0.000000
1.849 3.147191 0.000000
1.850 3.147129 0.000000
1.851 3.147066 0.000000
1.852 3.147003 0.000000
1.853 3.146940 0.000000
1.854 3.146877 0.000000
1.855 3.146814 0.000000
1.856 3.146751 0.000000
1.857 3.146688 0.000000
1.858 3.146625 0.000000
1.859 3.146562 0.000000
1.860 3.146500 0.000000
1.861 3.146437 0.000000
1.862 3.146374 0.000000
1.863 3.146311 0.000000
1.864 3.146248 0.000000
1.865 3.146185 0.000000
1.866 3.146122 0.000000
1.867 3.146059 0.000000
1.868 3.145996 0.000000
1.869 3.145934 0.000000
1.870 3.145871 0.000000
1.871 3.145808 0.000000
1.872 3.145745 0.000000
1.873 3.145682 0.000000
1.874 3.145619 0.000000
1.875 3.145556 0.000000
1.876 3.145493 0.000000
1.877 3.145431 0.000000
1.878 3.145370 0.000000
1.879 3.145310 0.000000
1.880 3.145249 0.000000
1.881 3.145188 0.000000
1.882 3.145127 0.000000
1.883 3.145067 0.000000
1.884 3.145006 0.000000
1.885 3.144945 0.000000
1.886 3.144884 0.000000
1.887 3.144823 0.000000
1.888 3.144763 0.000000
1.889 3.144702 0.000000
1.890 3.144641 0.000000
1.891 3.144580 0.000000
1.892 3.144520 0.000000
1.893 3.144459 0.000000
1.894 3.144398 0.000000
1.895 3.144337 0.000000
1.896 3.144277 0.000000
1.897 3.144216 0.000000
1.898 3.144155 0.000000
1.899 3.144094 0.000000
1.900 3.144034 0.000000
1.901 3.143973 0.000000
1.902 3.143912 0.000000
1.903 3.143851 0.000000
1.904 3.143791 0.000000
1.905 3.143730 0.000000
1.906 3.143669 0.000000
1.907 3.143611 0.000000
1.908 3.143554 0.000000
1.909 3.143497 0.000000
1.910 3.143440 0.000000
1.911 3.143383 0.000000
1.912 3.143326 0.000000
1.913 3.143269 0.000000
1.914 3.143212 0.000000
1.915 3.143154 0.000000
1.916 3.143097 0.000000
1.917 3.143040 0.000000
1.918 3.142983 0.000000
1.919 3.142926 0.000000
1.920 3.142869 0.000000
1.921 3.142812 0.000000
1.922 3.142755 0.000000
1.923 3.142698 0.000000
1.924 3.142640 0.000000
1.925 3.142583 0.000000
1.926 3.142526 0.000000
1.927 3.142469 0.000000
1.928 3.142412 0.000000
1.929 3.142355 0.000000
1.930 3.142298 0.000000
1.931 3.142241 0.000000
1.932 3.142184 0.000000
1.933 3.142126 0.000000
1.934 3.142069 0.000000
1.935 3.142012 0.000000
1.936 3.141955 0.000000
1.937 3.141899 0.000000
1.938 3.141844 0.000000
1.939 3.141789 0.000000
1.940 3.141735 0.000000
1.941 3.141680 0.000000
1.942 3.141625 0.000000
1.943 3.141571 0.000000
1.944 3.141516 0.000000
1.945 3.141461 0.000000
1.946 3.141406 0.000000
1.947 3.141352 0.000000
1.948 3.141297 0.000000
1.949 3.141242 0.000000
1.950 3.141188 0.000000