0.251 2.091916 3.322707
0.252 2.144139 3.334364
0.253 2.195947 3.343055
0.254 2.250057 3.354723
0.255 2.299409 3.362160
0.256 2.353512 3.369974
0.257 2.408833 3.378094
0.258 2.465684 3.385978
0.259 2.525387 3.393012
0.260 2.590142 3.398480
0.261 2.652668 3.397057
0.262 2.721760 3.394764
0.263 2.791544 3.381771
0.264 2.866298 3.367497
0.265 2.934745 3.343387
0.266 3.001167 3.314486
0.267 3.069051 3.280998
0.268 3.129395 3.238756
0.269 3.186745 3.194141
0.270 3.239594 3.148131
0.271 3.283962 3.096981
0.272 3.327290 3.046300
0.273 3.361171 2.996231
0.274 3.391430 2.943602
0.275 3.418430 2.889237
0.276 3.442422 2.841594
0.277 3.463387 2.791268
0.278 3.478316 2.739921
0.279 3.491442 2.693576
0.280 3.502561 2.649853
0.281 3.510298 2.604975
0.282 3.517608 2.561563
0.283 3.523238 2.519564
0.284 3.526329 2.479362
0.285 3.528146 2.442055
0.286 3.528228 2.406659
0.287 3.526652 2.367842
0.288 3.525235 2.334158
0.289 3.522189 2.301876
0.290 3.517533 2.270645
0.291 3.511717 2.240382
0.292 3.506038 2.212700
0.293 3.500660 2.182948
0.294 3.492029 2.157761
0.295 3.483638 2.133821
0.296 3.475510 2.110493
0.297 3.467666 2.087762
0.298 3.459160 2.070596
0.299 3.447640 2.049261
0.300 3.438631 2.033161
0.301 3.428554 2.012931
0.302 3.418883 1.997074
0.303 3.410551 1.983374
0.304 3.400375 1.967914
0.305 3.391468 1.955853
0.306 3.382413 1.945092
0.307 3.372209 1.934629
0.308 3.366330 1.924475
0.309 3.356934 1.914513
0.310 3.347200 1.904734
0.311 3.338516 1.895171
0.312 3.330949 1.888208
0.313 3.323542 1.881874
0.314 3.314993 1.875832
0.315 3.310585 1.869148
0.316 3.302618 1.864035
0.317 3.294267 1.858485
0.318 3.290957 1.853871
0.319 3.282717 1.850695
0.320 3.279509 1.846950
0.321 3.271981 1.844776
0.322 3.269310 1.841515
0.323 3.261712 1.839179
0.324 3.258827 1.836394
0.325 3.252055 1.836556
0.326 3.249965 1.831660
0.327 3.245310 1.831795
0.328 3.240934 1.832138
0.329 3.239201 1.832530
0.330 3.237531 1.832950
0.331 3.233239 1.830698
0.332 3.229278 1.828730
0.333 3.227892 1.829304
0.334 3.226570 1.829918
0.335 3.225349 1.830595
0.336 3.224208 1.831315
0.337 3.223126 1.832069
0.338 3.222097 1.832852
0.339 3.221182 1.833716
0.340 3.220328 1.834619
0.341 3.219517 1.837132
0.342 3.218770 1.841721
0.343 3.218113 1.842753
0.344 3.217506 1.843819
0.345 3.216940 1.844916
0.346 3.219437 1.846113
0.347 3.221295 1.848114
0.348 3.220933 1.853800
0.349 3.221171 1.855087
0.350 3.225457 1.856449
0.351 3.225458 1.857854
0.352 3.225343 1.860551
0.353 3.228530 1.866010
0.354 3.230551 1.867544
0.355 3.233000 1.869106
0.356 3.235983 1.875038
0.357 3.237771 1.877615
0.358 3.241674 1.879322
0.359 3.243083 1.882151
0.360 3.247648 1.888106
0.361 3.248122 1.889952
0.362 3.253861 1.893459
0.363 3.257951 1.898989
0.364 3.260372 1.900955
0.365 3.263669 1.905524
0.366 3.267165 1.910250
0.367 3.273252 1.912350
0.368 3.277444 1.917710
0.369 3.281169 1.921883
0.370 3.286802 1.926194
0.371 3.292033 1.931555
0.372 3.299161 1.935117
0.373 3.303691 1.941369
0.374 3.307866 1.943973
0.375 3.315583 1.951010
0.376 3.324242 1.956902
0.377 3.328172 1.961409
0.378 3.336510 1.965706
0.379 3.345366 1.971624
0.380 3.349336 1.979111
0.381 3.358035 1.984005
0.382 3.367096 1.989802
0.383 3.376878 1.997288
0.384 3.390449 2.002556
0.385 3.399866 2.008262
0.386 3.410140 2.015574
0.387 3.423669 2.021132
0.388 3.437036 2.027024
0.389 3.452407 2.034231
0.390 3.464756 2.037855
0.391 3.481332 2.040768
0.392 3.497940 2.043706
0.393 3.514628 2.044913
0.394 3.534787 2.044504
0.395 3.553361 2.042508
0.396 3.570224 2.038807
0.397 3.584102 2.035195
0.398 3.598360 2.027586
0.399 3.610832 2.022995
0.400 3.625331 2.016976
0.401 3.635867 2.011167
0.402 3.642000 2.003553
0.403 3.650033 1.999852
0.404 3.654314 1.993536
0.405 3.663181 1.989465
0.406 3.668336 1.991251
0.407 3.673276 1.989305
0.408 3.678356 1.991218
0.409 3.683699 1.995644
0.410 3.689775 2.000290
0.411 3.696195 2.005224
0.412 3.707324 2.014446
0.413 3.716658 2.020963
0.414 3.730442 2.031639
0.415 3.740961 2.042726
0.416 3.759544 2.052401
0.417 3.777580 2.058577
0.418 3.800222 2.068774
0.419 3.823267 2.078467
0.420 3.847642 2.087653
0.421 3.877331 2.094656
0.422 3.907696 2.099671
0.423 3.938631 2.103222
0.424 3.972918 2.103229
0.425 4.006618 2.100853
0.426 4.040256 2.095579
0.427 4.073722 2.089490
0.428 4.106886 2.082041
0.429 4.139849 2.072332
0.430 4.172710 2.060390
0.431 4.205481 2.047968
0.432 4.235274 2.031440
0.433 4.267060 2.014020
0.434 4.299385 1.995632
0.435 4.330558 1.975990
0.436 4.361203 1.953134
0.437 4.390646 1.927179
0.438 4.418033 1.899464
0.439 4.444539 1.869996
0.440 4.470475 1.838782
0.441 4.494816 1.806007
0.442 4.514330 1.770929
0.443 4.534253 1.734936
0.444 4.550673 1.697953
0.445 4.563110 1.660340
0.446 4.573216 1.622481
0.447 4.581479 1.584378
0.448 4.585886 1.546660
0.449 4.587126 1.512972
0.450 4.587293 1.477286
0.451 4.584229 1.443980
0.452 4.581655 1.413099
0.453 4.575800 1.382574
0.454 4.568802 1.352401
0.455 4.561632 1.323276
0.456 4.556394 1.295286
0.457 4.549539 1.270771
0.458 4.540988 1.244458
0.459 4.531988 1.221740
0.460 4.522979 1.200509
0.461 4.513645 1.179738
0.462 4.501326 1.159748
0.463 4.490230 1.140055
0.464 4.480897 1.120441
0.465 4.471596 1.104327
0.466 4.462289 1.088657
0.467 4.453001 1.072657
0.468 4.443731 1.057363
0.469 4.434472 1.042263
0.470 4.425229 1.027527
0.471 4.416014 1.012696
0.472 4.406838 1.000537
0.473 4.397721 0.988953
0.474 4.388623 0.976722
0.475 4.379560 0.965050
0.476 4.370550 0.953808
0.477 4.362768 0.943126
0.478 4.356668 0.932583
0.479 4.348972 0.922283
0.480 4.340163 0.912592
0.481 4.331393 0.903139
0.482 4.322655 0.893757
0.483 4.313982 0.884914
0.484 4.308512 0.876474
0.485 4.302040 0.868080
0.486 4.293520 0.859772
0.487 4.285185 0.851661
0.488 4.278304 0.843899
0.489 4.273568 0.836491
0.490 4.265269 0.829166
0.491 4.258115 0.822004
0.492 4.253152 0.815001
0.493 4.245985 0.808108
0.494 4.238692 0.801476
0.495 4.233241 0.794942
0.496 4.227676 0.788594
0.497 4.222029 0.782447
0.498 4.216632 0.776374
0.499 4.208858 0.770435
0.500 4.202809 0.764587
0.501 4.198352 0.758890
0.502 4.192261 0.753428
0.503 4.187747 0.747947
0.504 4.182000 0.742658
0.505 4.177283 0.737277
0.506 4.171903 0.732068
0.507 4.166915 0.727130
0.508 4.162129 0.722239
0.509 4.156623 0.717369
0.510 4.152566 0.712530
0.511 4.146349 0.707768
0.512 4.143156 0.703092
0.513 4.136614 0.698419
0.514 4.133525 0.693769
0.515 4.127288 0.689187
0.516 4.123641 0.685010
0.517 4.121221 0.680688
0.518 4.116489 0.676223
0.519 4.111787 0.671989
0.520 4.107531 0.667887
0.521 4.102480 0.663729
0.522 4.098555 0.659770
0.523 4.093369 0.655892
0.524 4.089631 0.651808
0.525 4.087481 0.647904
0.526 4.082919 0.644156
0.527 4.078642 0.640439
0.528 4.075884 0.636618
0.529 4.072583 0.632769
0.530 4.068238 0.629039
0.531 4.064514 0.625452
0.532 4.062213 0.621887
0.533 4.058223 0.618366
0.534 4.053718 0.614895
0.535 4.049780 0.611424
0.536 4.045434 0.607966
0.537 4.042254 0.604548
0.538 4.039721 0.601234
0.539 4.035902 0.598069
0.540 4.031373 0.594982
0.541 4.029502 0.591649
0.542 4.026206 0.588361
0.543 4.022074 0.585107
0.544 4.018836 0.581949
0.545 4.017035 0.578916
0.546 4.015140 0.575940
0.547 4.011486 0.572766
0.548 4.007422 0.569790
0.549 4.004817 0.566874
0.550 4.002207 0.563882
0.551 3.998380 0.560819
0.552 3.994571 0.557976
0.553 3.992841 0.555139
0.554 3.989407 0.552335
0.555 3.985656 0.549520
0.556 3.982693 0.546716
0.557 3.981090 0.544020
0.558 3.979502 0.541225
0.559 3.975713 0.538544
0.560 3.972032 0.535825
0.561 3.969563 0.533075
0.562 3.968020 0.530533
0.563 3.966491 0.527775
0.564 3.962544 0.525196
0.565 3.958567 0.522745
0.566 3.956714 0.520312
0.567 3.955155 0.517549
0.568 3.950611 0.515119
0.569 3.947111 0.512754
0.570 3.945653 0.510314
0.571 3.944207 0.507653
0.572 3.941865 0.505316
0.573 3.938439 0.503045
0.574 3.934785 0.500749
0.575 3.933390 0.498325
0.576 3.932005 0.495861
0.577 3.929453 0.493533
0.578 3.925986 0.491331
0.579 3.923005 0.489144
0.580 3.921390 0.486959
0.581 3.920056 0.484632
0.582 3.918349 0.482178
0.583 3.913566 0.479979
0.584 3.911156 0.477838
0.585 3.909695 0.475720
0.586 3.908425 0.473603
0.587 3.907167 0.471500
0.588 3.905237 0.469419
0.589 3.902578 0.467354
0.590 3.898816 0.465302
0.591 3.897045 0.463253
0.592 3.895829 0.461210
0.593 3.894620 0.459176
0.594 3.890793 0.457169
0.595 3.887843 0.455172
0.596 3.885871 0.453185
0.597 3.884698 0.451198
0.598 3.883248 0.449221
0.599 3.881082 0.447255
0.600 3.876809 0.445311
0.601 3.874948 0.443376
0.602 3.873843 0.441446
0.603 3.872737 0.439517
0.604 3.871641 0.437599
0.605 3.869548 0.435694
0.606 3.865693 0.433806
0.607 3.863656 0.431928
0.608 3.862151 0.430065
0.609 3.861091 0.428220
0.610 3.859319 0.426647
0.611 3.856752 0.424990
0.612 3.853086 0.423154
0.613 3.851768 0.421330
0.614 3.850761 0.419509
0.615 3.849754 0.417689
0.616 3.848758 0.416127
0.617 3.846735 0.414543
0.618 3.842387 0.412802
0.619 3.840639 0.411035
0.620 3.839683 0.409288
0.621 3.838727 0.407641
0.622 3.837779 0.406056
0.623 3.836599 0.404485
0.624 3.833237 0.402748
0.625 3.830703 0.401175
0.626 3.828918 0.399750
0.627 3.827956 0.398067
0.628 3.826697 0.396397
0.629 3.824820 0.394781
0.630 3.821971 0.393279
0.631 3.819180 0.391777
0.632 3.818314 0.390093
0.633 3.817448 0.388566
0.634 3.816584 0.387172
0.635 3.815437 0.385582
0.636 3.813520 0.384047
0.637 3.809826 0.382679
0.638 3.808027 0.381238
0.639 3.807208 0.379758
0.640 3.806391 0.378267
0.641 3.805577 0.376833
0.642 3.804770 0.375503
0.643 3.801808 0.374023
0.644 3.797979 0.372484
0.645 3.797197 0.371132
0.646 3.796416 0.369762
0.647 3.795635 0.368357
0.648 3.794863 0.366902
0.649 3.794096 0.365420
0.650 3.790429 0.364140
0.651 3.787399 0.362821
0.652 3.786662 0.361360
0.653 3.785926 0.360044
0.654 3.785191 0.358854
0.655 3.782386 0.357464
0.656 3.779257 0.356041
0.657 3.778113 0.354797
0.658 3.777117 0.353492
0.659 3.776415 0.352066
0.660 3.775713 0.350794
0.661 3.775012 0.349634
0.662 3.772169 0.348266
0.663 3.768957 0.346864
0.664 3.767984 0.345695
0.665 3.767095 0.344535
0.666 3.766436 0.343402
0.667 3.765776 0.342172
0.668 3.765117 0.340833
0.669 3.762523 0.339585
0.670 3.758998 0.338382
0.671 3.757975 0.337258
0.672 3.757343 0.336147
0.673 3.756716 0.335041
0.674 3.756089 0.333882
0.675 3.755462 0.332531
0.676 3.753781 0.331262
0.677 3.750353 0.330129
0.678 3.748418 0.329021
0.679 3.747824 0.327935
0.680 3.747235 0.326852
0.681 3.746648 0.325771
0.682 3.745855 0.324691
0.683 3.745009 0.323611
0.684 3.742124 0.322539
0.685 3.739116 0.321467
0.686 3.738555 0.320406
0.687 3.737994 0.319311
0.688 3.737437 0.317982
0.689 3.736660 0.316712
0.690 3.735064 0.315656
0.691 3.733291 0.314603
0.692 3.731087 0.313555
0.693 3.729478 0.312516
0.694 3.728946 0.311491
0.695 3.728416 0.310566
0.696 3.727889 0.309782
0.697 3.726461 0.308884
0.698 3.723963 0.307850
0.699 3.722108 0.306819
0.700 3.720922 0.305793
0.701 3.720090 0.304770
0.702 3.719595 0.303752
0.703 3.719102 0.302735
0.704 3.718612 0.301721
0.705 3.716762 0.300707
0.706 3.713683 0.299694
0.707 3.711939 0.298757
0.708 3.711460 0.297892
0.709 3.710987 0.297018
0.710 3.710520 0.296136
0.711 3.709705 0.295202
0.712 3.708477 0.294207
0.713 3.706837 0.293284
0.714 3.704605 0.292464
0.715 3.703001 0.291613
0.716 3.702549 0.290706
0.717 3.702100 0.289778
0.718 3.701660 0.288798
0.719 3.700788 0.287862
0.720 3.698200 0.287101
0.721 3.695807 0.286321
0.722 3.695038 0.285379
0.723 3.694269 0.284438
0.724 3.693843 0.283636
0.725 3.693417 0.282834
0.726 3.692809 0.281980
0.727 3.692176 0.281119
0.728 3.690049 0.280351
0.729 3.687426 0.279613
0.730 3.686148 0.278742
0.731 3.685737 0.277785
0.732 3.685332 0.276939
0.733 3.684932 0.276228
0.734 3.684002 0.275504
0.735 3.681722 0.274749
0.736 3.679583 0.273985
0.737 3.678705 0.273146
0.738 3.677826 0.272308
0.739 3.677394 0.271542
0.740 3.677008 0.270783
0.741 3.676430 0.270085
0.742 3.675767 0.269413
0.743 3.674273 0.268716
0.744 3.671865 0.267992
0.745 3.669949 0.267274
0.746 3.669588 0.266580
0.747 3.669226 0.265885
0.748 3.668865 0.265076
0.749 3.668505 0.264267
0.750 3.666528 0.263623
0.751 3.663955 0.263040
0.752 3.662369 0.262355
0.753 3.661960 0.261549
0.754 3.661563 0.260781
0.755 3.661225 0.260204
0.756 3.660887 0.259627
0.757 3.660549 0.258971
0.758 3.660211 0.258302
0.759 3.658778 0.257615
0.760 3.656429 0.256912
0.761 3.654469 0.256238
0.762 3.653939 0.255670
0.763 3.653409 0.255102
0.764 3.653065 0.254536
0.765 3.652749 0.253970
0.766 3.651975 0.253358
0.767 3.650753 0.252702
0.768 3.649483 0.252042
0.769 3.647896 0.251354
0.770 3.646310 0.250665
0.771 3.645674 0.250074
0.772 3.645371 0.249517
0.773 3.645069 0.248961
0.774 3.644768 0.248406
0.775 3.644467 0.247851
0.776 3.642209 0.247297
0.777 3.639771 0.246743
0.778 3.638365 0.246191
0.779 3.638077 0.245640
0.780 3.637789 0.245090
0.781 3.637513 0.244543
0.782 3.637237 0.243995
0.783 3.636804 0.243449
0.784 3.636248 0.242903
0.785 3.635569 0.242358
0.786 3.633492 0.241813
0.787 3.631415 0.241268
0.788 3.630397 0.240756
0.789 3.630134 0.240266
0.790 3.629872 0.239784
0.791 3.629617 0.239401
0.792 3.629362 0.239017
0.793 3.628675 0.238550
0.794 3.627620 0.238013
0.795 3.626565 0.237477
0.796 3.625079 0.236941
0.797 3.623592 0.236406
0.798 3.622641 0.235959
0.799 3.622395 0.235629
0.800 3.622148 0.235299
0.801 3.621906 0.234799
0.802 3.621665 0.234271
0.803 3.621040 0.233781
0.804 3.619308 0.233403
0.805 3.617577 0.233025
0.806 3.616487 0.232583
0.807 3.615749 0.232107
0.808 3.615020 0.231633
0.809 3.614789 0.231300
0.810 3.614559 0.230966
0.811 3.614332 0.230567
0.812 3.614109 0.230054
0.813 3.613886 0.229540
0.814 3.613136 0.229010
0.815 3.612165 0.228472
0.816 3.611196 0.227935
0.817 3.610343 0.227431
0.818 3.609490 0.226927
0.819 3.608739 0.226470
0.820 3.608202 0.226114
0.821 3.607665 0.225758
0.822 3.607156 0.225508
0.823 3.606664 0.225327
0.824 3.606172 0.225146
0.825 3.605666 0.224721
0.826 3.605158 0.224261
0.827 3.604650 0.223811
0.828 3.604145 0.223446
0.829 3.603640 0.223080
0.830 3.603153 0.222664
0.831 3.602700 0.222151
0.832 3.602247 0.221639
0.833 3.601801 0.221126
0.834 3.601360 0.220614
0.835 3.600919 0.220101
0.836 3.600470 0.219655
0.837 3.600018 0.219231
0.838 3.599566 0.218808
0.839 3.599117 0.218465
0.840 3.598668 0.218130
0.841 3.598222 0.217795
0.842 3.597808 0.217466
0.843 3.597394 0.217137
0.844 3.596974 0.216760
0.845 3.596529 0.216191
0.846 3.596084 0.215622
0.847 3.595656 0.215123
0.848 3.595266 0.214776
0.849 3.594876 0.214430
0.850 3.594492 0.214096
0.851 3.594116 0.213782
0.852 3.593741 0.213467
0.853 3.593355 0.213069
0.854 3.592957 0.212580
0.855 3.592559 0.212090
0.856 3.592167 0.211602
0.857 3.591780 0.211116
0.858 3.591393 0.210629
0.859 3.591009 0.210137
0.860 3.590627 0.209639
0.861 3.590245 0.209141
0.862 3.589860 0.208648
0.863 3.589473 0.208158
0.864 3.589085 0.207668
0.865 3.588710 0.207198
0.866 3.588344 0.206744
0.867 3.587978 0.206290
0.868 3.587622 0.205879
0.869 3.587275 0.205506
0.870 3.586928 0.205132
0.871 3.586580 0.204776
0.872 3.586232 0.204440
0.873 3.585884 0.204103
0.874 3.585547 0.203711
0.875 3.585223 0.203238
0.876 3.584900 0.202765
0.877 3.584573 0.202288
0.878 3.584240 0.201801
0.879 3.583907 0.201313
0.880 3.583570 0.200795
0.881 3.583222 0.200154
0.882 3.582873 0.199512
0.883 3.582526 0.198876
0.884 3.582202 0.198325
0.885 3.581878 0.197775
0.886 3.581554 0.197224
0.887 3.581216 0.196822
0.888 3.580877 0.196436
0.889 3.580538 0.196050
0.890 3.580214 0.195705
0.891 3.579897 0.195376
0.892 3.579579 0.195048
0.893 3.579270 0.194647
0.894 3.578969 0.194175
0.895 3.578668 0.193703
0.896 3.578369 0.193230
0.897 3.578074 0.192752
0.898 3.577778 0.192275
0.899 3.577484 0.191798
0.900 3.577211 0.191347
0.901 3.576938 0.190895
0.902 3.576666 0.190444
0.903 3.576386 0.189966
0.904 3.576104 0.189478
0.905 3.575822 0.188990
0.906 3.575540 0.188550
0.907 3.575258 0.188170
0.908 3.574975 0.187790
0.909 3.574693 0.187410
0.910 3.574412 0.187023
0.911 3.574131 0.186637
0.912 3.573850 0.186251
0.913 3.573564 0.185836
0.914 3.573277 0.185411
0.915 3.572990 0.184987
0.916 3.572715 0.184565
0.917 3.572459 0.184145
0.918 3.572202 0.183726
0.919 3.571946 0.183307
0.920 3.571687 0.182858
0.921 3.571428 0.182409
0.922 3.571168 0.181961
0.923 3.570906 0.181515
0.924 3.570642 0.181072
0.925 3.570378 0.180629
0.926 3.570115 0.180202
0.927 3.569864 0.179899
0.928 3.569613 0.179595
0.929 3.569362 0.179292
0.930 3.569112 0.178994
0.931 3.568863 0.178700
0.932 3.568614 0.178405
0.933 3.568370 0.178113
0.934 3.568159 0.177838
0.935 3.567948 0.177563
0.936 3.567737 0.177288
0.937 3.567519 0.176988
0.938 3.567298 0.176672
0.939 3.567077 0.176356
0.940 3.566856 0.176042
0.941 3.566650 0.175753
0.942 3.566444 0.175465
0.943 3.566238 0.175176
0.944 3.566027 0.174887
0.945 3.565811 0.174598
0.946 3.565595 0.174310
0.947 3.565379 0.174021
0.948 3.565169 0.173748
0.949 3.564960 0.173477
0.950 3.564751 0.173207
0.951 3.564543 0.172952
0.952 3.564342 0.172753
0.953 3.564141 0.172555
0.954 3.563940 0.172357
0.955 3.563736 0.172058
0.956 3.563531 0.171673
0.957 3.563326 0.171289
0.958 3.563121 0.170905
0.959 3.562922 0.170619
0.960 3.562724 0.170351
0.961 3.562526 0.170083
0.962 3.562329 0.169822
0.963 3.562147 0.169612
0.964 3.561965 0.169403
0.965 3.561783 0.169194
0.966 3.561607 0.168947
0.967 3.561442 0.168637
0.968 3.561276 0.168327
0.969 3.561111 0.168017
0.970 3.560935 0.167712
0.971 3.560751 0.167411
0.972 3.560567 0.167110
0.973 3.560383 0.166809
0.974 3.560204 0.166538
0.975 3.560028 0.166276
0.976 3.559852 0.166013
0.977 3.559675 0.165751
0.978 3.559508 0.165369
0.979 3.559342 0.164978
0.980 3.559175 0.164586
0.981 3.559009 0.164200
0.982 3.558847 0.163897
0.983 3.558686 0.163593
0.984 3.558524 0.163289
0.985 3.558363 0.163005
0.986 3.558205 0.162827
0.987 3.558047 0.162650
0.988 3.557889 0.162472
0.989 3.557736 0.162278
0.990 3.557598 0.162025
0.991 3.557460 0.161773
0.992 3.557322 0.161521
0.993 3.557187 0.161250
0.994 3.557061 0.160926
0.995 3.556935 0.160602
0.996 3.556808 0.160279
0.997 3.556683 0.159964
0.998 3.556561 0.159676
0.999 3.556439 0.159387
1.000 3.556317 0.159099
1.001 3.556196 0.158809
1.002 3.556077 0.158513
1.003 3.555958 0.158218
1.004 3.555839 0.157922
1.005 3.555724 0.157631
1.006 3.555630 0.157370
1.007 3.555535 0.157109
1.008 3.555441 0.156848
1.009 3.555347 0.156586
1.010 3.555266 0.156304
1.011 3.555184 0.156021
1.012 3.555103 0.155739
1.013 3.555022 0.155456
1.014 3.554944 0.155138
1.015 3.554866 0.154816
1.016 3.554788 0.154495
1.017 3.554710 0.154174
1.018 3.554635 0.153780
1.019 3.554561 0.153364
1.020 3.554486 0.152948
1.021 3.554412 0.152532
1.022 3.554347 0.152164
1.023 3.554289 0.151833
1.024 3.554232 0.151501
1.025 3.554174 0.151170
1.026 3.554119 0.150847
1.027 3.554071 0.150540
1.028 3.554022 0.150233
1.029 3.553974 0.149926
1.030 3.553926 0.149613
1.031 3.553880 0.149219
1.032 3.553835 0.148825
1.033 3.553790 0.148432
1.034 3.553745 0.148038
1.035 3.553701 0.147588
1.036 3.553659 0.147122
1.037 3.553617 0.146655
1.038 3.553574 0.146189
1.039 3.553534 0.145730
1.040 3.553497 0.145282
1.041 3.553459 0.144835
1.042 3.553422 0.144387
1.043 3.553384 0.143945
1.044 3.553351 0.143614
1.045 3.553317 0.143283
1.046 3.553284 0.142953
1.047 3.553251 0.142622
1.048 3.553219 0.142262
1.049 3.553189 0.141885
1.050 3.553158 0.141507
1.051 3.553128 0.141130
1.052 3.553098 0.140749
1.053 3.553071 0.140351
1.054 3.553044 0.139954
1.055 3.553017 0.139556
1.056 3.552989 0.139158
1.057 3.552949 0.138641
1.058 3.552904 0.138069
1.059 3.552858 0.137497
1.060 3.552812 0.136925
1.061 3.552766 0.136361
1.062 3.552715 0.135838
1.063 3.552664 0.135315
1.064 3.552613 0.134792
1.065 3.552562 0.134269
1.066 3.552513 0.133713
1.067 3.552465 0.133132
1.068 3.552417 0.132552
1.069 3.552369 0.131972
1.070 3.552321 0.131392
1.071 3.552277 0.130850
1.072 3.552233 0.130309
1.073 3.552189 0.129768
1.074 3.552145 0.129227
1.075 3.552083 0.128674
1.076 3.551986 0.128095
1.077 3.551889 0.127517
1.078 3.551792 0.126939
1.079 3.551695 0.126360
1.080 3.551587 0.125810
1.081 3.551473 0.125274
1.082 3.551358 0.124738
1.083 3.551244 0.124203
1.084 3.551129 0.123667
1.085 3.551018 0.123148
1.086 3.550907 0.122631
1.087 3.550795 0.122113
1.088 3.550684 0.121596
1.089 3.550574 0.121063
1.090 3.550467 0.120447
1.091 3.550360 0.119830
1.092 3.550254 0.119213
1.093 3.550147 0.118596
1.094 3.550022 0.118010
1.095 3.549862 0.117486
1.096 3.549702 0.116961
1.097 3.549542 0.116436
1.098 3.549382 0.115911
1.099 3.549215 0.115351
1.100 3.549039 0.114755
1.101 3.548863 0.114158
1.102 3.548687 0.113561
1.103 3.548511 0.112964
1.104 3.548338 0.112435
1.105 3.548167 0.111954
1.106 3.547996 0.111474
1.107 3.547825 0.110993
1.108 3.547654 0.110512
1.109 3.547487 0.109985
1.110 3.547322 0.109433
1.111 3.547157 0.108881
1.112 3.546993 0.108329
1.113 3.546828 0.107777
1.114 3.546652 0.107248
1.115 3.546469 0.106732
1.116 3.546287 0.106215
1.117 3.546105 0.105699
1.118 3.545923 0.105182
1.119 3.545740 0.104712
1.120 3.545557 0.104271
1.121 3.545374 0.103829
1.122 3.545191 0.103387
1.123 3.545009 0.102946
1.124 3.544830 0.102459
1.125 3.544655 0.101935
1.126 3.544480 0.101411
1.127 3.544305 0.100887
1.128 3.544130 0.100363
1.129 3.543959 0.099861
1.130 3.543794 0.099391
1.131 3.543629 0.098920
1.132 3.543463 0.098449
1.133 3.543298 0.097979
1.134 3.543143 0.097481
1.135 3.543019 0.096904
1.136 3.542895 0.096327
1.137 3.542770 0.095750
1.138 3.542646 0.095173
1.139 3.542522 0.094598
1.140 3.542421 0.094092
1.141 3.542319 0.093586
1.142 3.542218 0.093080
1.143 3.542116 0.092575
1.144 3.542014 0.092069
1.145 3.541926 0.091614
1.146 3.541840 0.091175
1.147 3.541755 0.090736
1.148 3.541670 0.090297
1.149 3.541585 0.089858
1.150 3.541509 0.089413
1.151 3.541444 0.088961
1.152 3.541379 0.088508
1.153 3.541314 0.088056
1.154 3.541249 0.087604
1.155 3.541200 0.087147
1.156 3.541309 0.086633
1.157 3.541419 0.086119
1.158 3.541529 0.085605
1.159 3.541638 0.085091
1.160 3.541748 0.084577
1.161 3.541912 0.084032
1.162 3.542104 0.083472
1.163 3.542295 0.082912
1.164 3.542486 0.082352
1.165 3.542677 0.081792
1.166 3.542879 0.081229
1.167 3.543121 0.080656
1.168 3.543363 0.080082
1.169 3.543604 0.079508
1.170 3.543846 0.078935
1.171 3.544088 0.078361
1.172 3.544377 0.077777
1.173 3.544687 0.077188
1.174 3.544997 0.076598
1.175 3.545306 0.076009
1.176 3.545616 0.075420
1.177 3.545943 0.074783
1.178 3.546396 0.073784
1.179 3.546850 0.072786
1.180 3.547303 0.071788
1.181 3.547756 0.070789
1.182 3.548209 0.069791
1.183 3.548716 0.068671
1.184 3.549276 0.067427
1.185 3.549837 0.066183
1.186 3.550398 0.064939
1.187 3.550958 0.063694
1.188 3.551519 0.062450
1.189 3.552127 0.061252
1.190 3.552746 0.060065
1.191 3.553366 0.058878
1.192 3.553985 0.057691
1.193 3.554604 0.056504
1.194 3.555221 0.055309
1.195 3.555814 0.054035
1.196 3.556408 0.052761
1.197 3.557001 0.051487
1.198 3.557595 0.050213
1.199 3.558188 0.048939
1.200 3.558450 0.047590
1.201 3.557916 0.046058
1.202 3.557381 0.044526
1.203 3.556846 0.042994
1.204 3.556311 0.041462
1.205 3.555776 0.039930
1.206 3.555242 0.038398
1.207 3.554707 0.036866
1.208 3.554172 0.035334
1.209 3.553512 0.033781
1.210 3.552689 0.032201
1.211 3.551866 0.030621
1.212 3.551043 0.029041
1.213 3.550220 0.027460
1.214 3.549397 0.025880
1.215 3.548574 0.024300
1.216 3.547751 0.022720
1.217 3.546928 0.021140
1.218 3.545966 0.019918
1.219 3.544827 0.019146
1.220 3.543689 0.018375
1.221 3.542551 0.017603
1.222 3.541413 0.016831
1.223 3.540274 0.016059
1.224 3.539136 0.015287
1.225 3.537998 0.014516
1.226 3.536860 0.013744
1.227 3.535665 0.013018
1.228 3.534351 0.012391
1.229 3.533036 0.011763
1.230 3.531721 0.011136
1.231 3.530406 0.010508
1.232 3.529092 0.009881
1.233 3.527777 0.009254
1.234 3.526462 0.008626
1.235 3.525147 0.007999
1.236 3.523841 0.007387
1.237 3.522689 0.007055
1.238 3.521536 0.006723
1.239 3.520384 0.006390
1.240 3.519231 0.006058
1.241 3.518079 0.005725
1.242 3.516926 0.005393
1.243 3.515774 0.005061
1.244 3.514621 0.004728
1.245 3.513469 0.004396
1.246 3.512318 0.004169
1.247 3.511168 0.004000
1.248 3.510019 0.003831
1.249 3.508869 0.003661
1.250 3.507719 0.003492
1.251 3.506570 0.003323
1.252 3.505420 0.003153
1.253 3.504270 0.002984
1.254 3.503121 0.002814
1.255 3.501985 0.002651
1.256 3.500974 0.002536
1.257 3.499962 0.002422
1.258 3.498951 0.002307
1.259 3.497939 0.002193
1.260 3.496928 0.002078
1.261 3.495917 0.001964
1.262 3.494905 0.001849
1.263 3.493894 0.001734
1.264 3.492882 0.001620
1.265 3.491906 0.001538
1.266 3.490981 0.001505
1.267 3.490056 0.001472
1.268 3.489130 0.001439
1.269 3.488205 0.001406
1.270 3.487280 0.001373
1.271 3.486355 0.001339
1.272 3.485430 0.001306
1.273 3.484505 0.001273
1.274 3.483580 0.001240
1.275 3.482727 0.001201
1.276 3.481933 0.001156
1.277 3.481138 0.001112
1.278 3.480344 0.001067
1.279 3.479549 0.001023
1.280 3.478755 0.000979
1.281 3.477960 0.000934
1.282 3.477166 0.000890
1.283 3.476371 0.000845
1.284 3.475577 0.000801
1.285 3.474825 0.000773
1.286 3.474109 0.000757
1.287 3.473392 0.000742
1.288 3.472676 0.000726
1.289 3.471959 0.000711
1.290 3.471242 0.000695
1.291 3.470526 0.000680
1.292 3.469809 0.000664
1.293 3.469093 0.000649
1.294 3.468376 0.000633
1.295 3.467695 0.000623
1.296 3.467067 0.000619
1.297 3.466440 0.000616
1.298 3.465812 0.000612
1.299 3.465185 0.000609
1.300 3.464557 0.000605
1.301 3.463929 0.000601
1.302 3.463302 0.000598
1.303 3.462674 0.000594
1.304 3.462047 0.000591
1.305 3.461423 0.000586
1.306 3.460844 0.000570
1.307 3.460265 0.000554
1.308 3.459686 0.000537
1.309 3.459107 0.000521
1.310 3.458529 0.000505
1.311 3.457950 0.000488
1.312 3.457371 0.000472
1.313 3.456792 0.000456
1.314 3.456213 0.000439
1.315 3.455635 0.000423
1.316 3.455082 0.000410
1.317 3.454547 0.000398
1.318 3.454013 0.000387
1.319 3.453478 0.000375
1.320 3.452944 0.000364
1.321 3.452410 0.000352
1.322 3.451875 0.000341
1.323 3.451341 0.000329
1.324 3.450807 0.000318
1.325 3.450272 0.000306
1.326 3.449738 0.000295
1.327 3.449219 0.000283
1.328 3.448702 0.000272
1.329 3.448184 0.000261
1.330 3.447667 0.000250
1.331 3.447150 0.000238
1.332 3.446632 0.000227
1.333 3.446115 0.000216
1.334 3.445597 0.000205
1.335 3.445080 0.000193
1.336 3.444563 0.000182
1.337 3.444047 0.000171
1.338 3.443553 0.000160
1.339 3.443059 0.000149
1.340 3.442565 0.000138
1.341 3.442071 0.000127
1.342 3.441576 0.000116
1.343 3.441082 0.000105
1.344 3.440588 0.000094
1.345 3.440094 0.000083
1.346 3.439599 0.000072
1.347 3.439105 0.000061
1.348 3.438612 0.000050
1.349 3.438135 0.000046
1.350 3.437657 0.000041
1.351 3.437180 0.000037
1.352 3.436702 0.000032
1.353 3.436225 0.000028
1.354 3.435747 0.000023
1.355 3.435270 0.000019
1.356 3.434792 0.000014
1.357 3.434314 0.000010
1.358 3.433837 0.000005
1.359 3.433359 0.000001
1.360 3.432898 0.000000
1.361 3.432439 0.000000
1.362 3.431980 0.000000
1.363 3.431520 0.000000
1.364 3.431061 0.000000
1.365 3.430602 0.000000
1.366 3.430143 0.000000
1.367 3.429683 0.000000
1.368 3.429224 0.000000
1.369 3.428765 0.000000
1.370 3.428306 0.000000
1.371 3.427854 0.000000
1.372 3.427409 0.000000
1.373 3.426964 0.000000
1.374 3.426519 0.000000
1.375 3.426075 0.000000
1.376 3.425630 0.000000
1.377 3.425185 0.000000
1.378 3.424740 0.000000
1.379 3.424296 0.000000
1.380 3.423851 0.000000
1.381 3.423406 0.000000
1.382 3.422961 0.000000
1.383 3.422528 0.000000
1.384 3.422096 0.000000
1.385 3.421664 0.000000
1.386 3.421232 0.000000
1.387 3.420800 0.000000
1.388 3.420368 0.000000
1.389 3.419936 0.000000
1.390 3.419504 0.000000
1.391 3.419072 0.000000
1.392 3.418640 0.000000
1.393 3.418208 0.000000
1.394 3.417778 0.000000
1.395 3.417362 0.000000
1.396 3.416945 0.000000
1.397 3.416528 0.000000
1.398 3.416112 0.000000
1.399 3.415695 0.000000
1.400 3.415278 0.000000
1.401 3.414862 0.000000
1.402 3.414445 0.000000
1.403 3.414028 0.000000
1.404 3.413612 0.000000
1.405 3.413195 0.000000
1.406 3.412780 0.000000
1.407 3.412375 0.000000
1.408 3.411969 0.000000
1.409 3.411563 0.000000
1.410 3.411157 0.000000
1.411 3.410752 0.000000
1.412 3.410346 0.000000
1.413 3.409940 0.000000
1.414 3.409534 0.000000
1.415 3.409128 0.000000
1.416 3.408723 0.000000
1.417 3.408317 0.000000
1.418 3.407911 0.000000
1.419 3.407520 0.000000
1.420 3.407128 0.000000
1.421 3.406736 0.000000
1.422 3.406344 0.000000
1.423 3.405953 0.000000
1.424 3.405561 0.000000
1.425 3.405169 0.000000
1.426 3.404777 0.000000
1.427 3.404386 0.000000
1.428 3.403994 0.000000
1.429 3.403602 0.000000
1.430 3.403210 0.000000
1.431 3.402824 0.000000
1.432 3.402440 0.000000
1.433 3.402057 0.000000
1.434 3.401673 0.000000
1.435 3.401290 0.000000
1.436 3.400906 0.000000
1.437 3.400523 0.000000
1.438 3.400139 0.000000
1.439 3.399756 0.000000
1.440 3.399373 0.000000
1.441 3.398989 0.000000
1.442 3.398606 0.000000
1.443 3.398222 0.000000
1.444 3.397856 0.000000
1.445 3.397489 0.000000
1.446 3.397122 0.000000
1.447 3.396756 0.000000
1.448 3.396389 0.000000
1.449 3.396022 0.000000
1.450 3.395656 0.000000
1.451 3.395289 0.000000
1.452 3.394922 0.000000
1.453 3.394556 0.000000
1.454 3.394189 0.000000
1.455 3.393822 0.000000
1.456 3.393457 0.000000
1.457 3.393098 0.000000
1.458 3.392739 0.000000
1.459 3.392380 0.000000
1.460 3.392021 0.000000
1.461 3.391662 0.000000
1.462 3.391303 0.000000
1.463 3.390944 0.000000
1.464 3.390585 0.000000
1.465 3.390226 0.000000
1.466 3.389867 0.000000
1.467 3.389508 0.000000
1.468 3.389149 0.000000
1.469 3.388792 0.000000
1.470 3.388445 0.000000
1.471 3.388099 0.000000
1.472 3.387753 0.000000
1.473 3.387406 0.000000
1.474 3.387060 0.000000
1.475 3.386713 0.000000
1.476 3.386367 0.000000
1.477 3.386021 0.000000
1.478 3.385674 0.000000
1.479 3.385328 0.000000
1.480 3.384981 0.000000
1.481 3.384635 0.000000
1.482 3.384289 0.000000
1.483 3.383947 0.000000
1.484 3.383605 0.000000
1.485 3.383264 0.000000
1.486 3.382923 0.000000
1.487 3.382582 0.000000
1.488 3.382241 0.000000
1.489 3.381900 0.000000
1.490 3.381559 0.000000
1.491 3.381218 0.000000
1.492 3.380877 0.000000
1.493 3.380536 0.000000
1.494 3.380194 0.000000
1.495 3.379853 0.000000
1.496 3.379516 0.000000
1.497 3.379187 0.000000
1.498 3.378859 0.000000
1.499 3.378531 0.000000
1.500 3.378203 0.000000
1.501 3.377874 0.000000
1.502 3.377546 0.000000
1.503 3.377218 0.000000
1.504 3.376890 0.000000
1.505 3.376562 0.000000
1.506 3.376233 0.000000
1.507 3.375905 0.000000
1.508 3.375577 0.000000
1.509 3.375249 0.000000
1.510 3.374923 0.000000
1.511 3.374599 0.000000
1.512 3.374276 0.000000
1.513 3.373953 0.000000
1.514 3.373629 0.000000
1.515 3.373306 0.000000
1.516 3.372982 0.000000
1.517 3.372659 0.000000
1.518 3.372336 0.000000
1.519 3.372012 0.000000
1.520 3.371689 0.000000
1.521 3.371366 0.000000
1.522 3.371042 0.000000
1.523 3.370719 0.000000
1.524 3.370400 0.000000
1.525 3.370089 0.000000
1.526 3.369778 0.000000
1.527 3.369467 0.000000
1.528 3.369156 0.000000
1.529 3.368845 0.000000
1.530 3.368534 0.000000
1.531 3.368223 0.000000
1.532 3.367912 0.000000
1.533 3.367600 0.000000
1.534 3.367289 0.000000
1.535 3.366978 0.000000
1.536 3.366667 0.000000
1.537 3.366356 0.000000
1.538 3.366045 0.000000
1.539 3.365740 0.000000
1.540 3.365434 0.000000
1.541 3.365128 0.000000
1.542 3.364822 0.000000
1.543 3.364516 0.000000
1.544 3.364211 0.000000
1.545 3.363905 0.000000
1.546 3.363599 0.000000
1.547 3.363293 0.000000
1.548 3.362987 0.000000
1.549 3.362682 0.000000
1.550 3.362376 0.000000
1.551 3.362070 0.000000
1.552 3.361764 0.000000
1.553 3.361465 0.000000
1.554 3.361173 0.000000
1.555 3.360881 0.000000
1.556 3.360588 0.000000
1.557 3.360296 0.000000
1.558 3.360004 0.000000
1.559 3.359712 0.000000
1.560 3.359419 0.000000
1.561 3.359127 0.000000
1.562 3.358835 0.000000
1.563 3.358543 0.000000
1.564 3.358250 0.000000
1.565 3.357958 0.000000
1.566 3.357666 0.000000
1.567 3.357374 0.000000
1.568 3.357085 0.000000
1.569 3.356797 0.000000
1.570 3.356510 0.000000
1.571 3.356223 0.000000
1.572 3.355936 0.000000
1.573 3.355649 0.000000
1.574 3.355361 0.000000
1.575 3.355074 0.000000
1.576 3.354787 0.000000
1.577 3.354500 0.000000
1.578 3.354213 0.000000
1.579 3.353925 0.000000
1.580 3.353638 0.000000
1.581 3.353351 0.000000
1.582 3.353064 0.000000
1.583 3.352781 0.000000
1.584 3.352502 0.000000
1.585 3.352223 0.000000
1.586 3.351945 0.000000
1.587 3.351666 0.000000
1.588 3.351387 0.000000
1.589 3.351109 0.000000
1.590 3.350830 0.000000
1.591 3.350551 0.000000
1.592 3.350273 0.000000
1.593 3.349994 0.000000
1.594 3.349715 0.000000
1.595 3.349436 0.000000
1.596 3.349158 0.000000
1.597 3.348879 0.000000
1.598 3.348600 0.000000
1.599 3.348327 0.000000
1.600 3.348054 0.000000
1.601 3.347781 0.000000
1.602 3.347508 0.000000
1.603 3.347234 0.000000
1.604 3.346961 0.000000
1.605 3.346688 0.000000
1.606 3.346415 0.000000
1.607 3.346142 0.000000
1.608 3.345868 0.000000
1.609 3.345595 0.000000
1.610 3.345322 0.000000
1.611 3.345049 0.000000
1.612 3.344776 0.000000
1.613 3.344502 0.000000
1.614 3.344232 0.000000
1.615 3.343968 0.000000
1.616 3.343705 0.000000
1.617 3.343441 0.000000
1.618 3.343178 0.000000
1.619 3.342914 0.000000
1.620 3.342651 0.000000
1.621 3.342387 0.000000
1.622 3.342124 0.000000
1.623 3.341860 0.000000
1.624 3.341597 0.000000
1.625 3.341333 0.000000
1.626 3.341070 0.000000
1.627 3.340806 0.000000
1.628 3.340543 0.000000
1.629 3.340279 0.000000
1.630 3.340017 0.000000
1.631 3.339759 0.000000
1.632 3.339502 0.000000
1.633 3.339244 0.000000
1.634 3.338986 0.000000
1.635 3.338729 0.000000
1.636 3.338471 0.000000
1.637 3.338213 0.000000
1.638 3.337956 0.000000
1.639 3.337698 0.000000
1.640 3.337440 0.000000
1.641 3.337183 0.000000
1.642 3.336925 0.000000
1.643 3.336668 0.000000
1.644 3.336410 0.000000
1.645 3.336152 0.000000
1.646 3.335895 0.000000
1.647 3.335644 0.000000
1.648 3.335395 0.000000
1.649 3.335147 0.000000
1.650 3.334898 0.000000
1.651 3.334649 0.000000
1.652 3.334400 0.000000
1.653 3.334152 0.000000
1.654 3.333903 0.000000
1.655 3.333654 0.000000
1.656 3.333406 0.000000
1.657 3.333157 0.000000
1.658 3.332908 0.000000
1.659 3.332659 0.000000
1.660 3.332411 0.000000
1.661 3.332162 0.000000
1.662 3.331913 0.000000
1.663 3.331665 0.000000
1.664 3.331421 0.000000
1.665 3.331178 0.000000
1.666 3.330934 0.000000
1.667 3.330691 0.000000
1.668 3.330448 0.000000
1.669 3.330204 0.000000
1.670 3.329961 0.000000
1.671 3.329717 0.000000
1.672 3.329474 0.000000
1.673 3.329230 0.000000
1.674 3.328987 0.000000
1.675 3.328743 0.000000
1.676 3.328500 0.000000
1.677 3.328256 0.000000
1.678 3.328013 0.000000
1.679 3.327770 0.000000
1.680 3.327526 0.000000
1.681 3.327290 0.000000
1.682 3.327053 0.000000
1.683 3.326816 0.000000
1.684 3.326579 0.000000
1.685 3.326343 0.000000
1.686 3.326106 0.000000
1.687 3.325869 0.000000
1.688 3.325633 0.000000
1.689 3.325396 0.000000
1.690 3.325159 0.000000
1.691 3.324923 0.000000
1.692 3.324686 0.000000
1.693 3.324449 0.000000
1.694 3.324212 0.000000
1.695 3.323976 0.000000
1.696 3.323739 0.000000
1.697 3.323502 0.000000
1.698 3.323269 0.000000
1.699 3.323039 0.000000
1.700 3.322808 0.000000
1.701 3.322578 0.000000
1.702 3.322347 0.000000
1.703 3.322117 0.000000
1.704 3.321887 0.000000
1.705 3.321656 0.000000
1.706 3.321426 0.000000
1.707 3.321195 0.000000
1.708 3.320965 0.000000
1.709 3.320734 0.000000
1.710 3.320504 0.000000
1.711 3.320273 0.000000
1.712 3.320043 0.000000
1.713 3.319812 0.000000
1.714 3.319582 0.000000
1.715 3.319351 0.000000
1.716 3.319127 0.000000
1.717 3.318904 0.000000
1.718 3.318681 0.000000
1.719 3.318458 0.000000
1.720 3.318235 0.000000
1.721 3.318012 0.000000
1.722 3.317789 0.000000
1.723 3.317566 0.000000
1.724 3.317343 0.000000
1.725 3.317120 0.000000
1.726 3.316897 0.000000
1.727 3.316674 0.000000
1.728 3.316451 0.000000
1.729 3.316228 0.000000
1.730 3.316005 0.000000
1.731 3.315782 0.000000
1.732 3.315560 0.000000
1.733 3.315337 0.000000
1.734 3.315117 0.000000
1.735 3.314900 0.000000
1.736 3.314682 0.000000
1.737 3.314465 0.000000
1.738 3.314247 0.000000
1.739 3.314030 0.000000
1.740 3.313812 0.000000
1.741 3.313595 0.000000
1.742 3.313377 0.000000
1.743 3.313160 0.000000
1.744 3.312942 0.000000
1.745 3.312725 0.000000
1.746 3.312507 0.000000
1.747 3.312290 0.000000
1.748 3.312072 0.000000
1.749 3.311855 0.000000
1.750 3.311637 0.000000
1.751 3.311420 0.000000
1.752 3.311203 0.000000
1.753 3.310991 0.000000
1.754 3.310779 0.000000
1.755 3.310567 0.000000
1.756 3.310355 0.000000
1.757 3.310144 0.000000
1.758 3.309932 0.000000
1.759 3.309720 0.000000
1.760 3.309508 0.000000
1.761 3.309296 0.000000
1.762 3.309084 0.000000
1.763 3.308873 0.000000
1.764 3.308661 0.000000
1.765 3.308449 0.000000
1.766 3.308237 0.000000
1.767 3.308025 0.000000
1.768 3.307814 0.000000
1.769 3.307602 0.000000
1.770 3.307390 0.000000
1.771 3.307179 0.000000
1.772 3.306973 0.000000
1.773 3.306766 0.000000
1.774 3.306560 0.000000
1.775 3.306354 0.000000
1.776 3.306148 0.000000
1.777 3.305942 0.000000
1.778 3.305736 0.000000
1.779 3.305529 0.000000
1.780 3.305323 0.000000
1.781 3.305117 0.000000
1.782 3.304911 0.000000
1.783 3.304705 0.000000
1.784 3.304499 0.000000
1.785 3.304292 0.000000
1.786 3.304086 0.000000
1.787 3.303880 0.000000
1.788 3.303674 0.000000
1.789 3.303468 0.000000
1.790 3.303262 0.000000
1.791 3.303059 0.000000
1.792 3.302858 0.000000
1.793 3.302657 0.000000
1.794 3.302456 0.000000
1.795 3.302255 0.000000
1.796 3.302054 0.000000
1.797 3.301853 0.000000
1.798 3.301652 0.000000
1.799 3.301451 0.000000
1.800 3.301250 0.000000
1.801 3.301049 0.000000
1.802 3.300848 0.000000
1.803 3.300647 0.000000
1.804 3.300446 0.000000
1.805 3.300245 0.000000
1.806 3.300044 0.000000
1.807 3.299843 0.000000
1.808 3.299642 0.000000
1.809 3.299441 0.000000
1.810 3.299240 0.000000
1.811 3.299044 0.000000
1.812 3.298849 0.000000
1.813 3.298654 0.000000
1.814 3.298458 0.000000
1.815 3.298263 0.000000
1.816 3.298068 0.000000
1.817 3.297873 0.000000
1.818 3.297678 0.000000
1.819 3.297482 0.000000
1.820 3.297287 0.000000
1.821 3.297092 0.000000
1.822 3.296897 0.000000
1.823 3.296701 0.000000
1.824 3.296506 0.000000
1.825 3.296311 0.000000
1.826 3.296116 0.000000
1.827 3.295921 0.000000
1.828 3.295725 0.000000
1.829 3.295530 0.000000
1.830 3.295335 0.000000
1.831 3.295143 0.000000
1.832 3.294952 0.000000
1.833 3.294762 0.000000
1.834 3.294571 0.000000
1.835 3.294381 0.000000
1.836 3.294190 0.000000
1.837 3.293999 0.000000
1.838 3.293809 0.000000
1.839 3.293618 0.000000
1.840 3.293428 0.000000
1.841 3.293237 0.000000
1.842 3.293047 0.000000
1.843 3.292856 0.000000
1.844 3.292665 0.000000
1.845 3.292475 0.000000
1.846 3.292284 0.000000
1.847 3.292094 0.000000
1.848 3.291903 0.000000
1.849 3.291713 0.000000
1.850 3.291522 0.000000
1.851 3.291331 0.000000
1.852 3.291148 0.000000
1.853 3.290965 0.000000
1.854 3.290781 0.000000
1.855 3.290598 0.000000
1.856 3.290414 0.000000
1.857 3.290231 0.000000
1.858 3.290048 0.000000
1.859 3.289864 0.000000
1.860 3.289681 0.000000
1.861 3.289498 0.000000
1.862 3.289314 0.000000
1.863 3.289131 0.000000
1.864 3.288947 0.000000
1.865 3.288764 0.000000
1.866 3.288581 0.000000
1.867 3.288397 0.000000
1.868 3.288214 0.000000
1.869 3.288030 0.000000
1.870 3.287847 0.000000
1.871 3.287664 0.000000
1.872 3.287480 0.000000
1.873 3.287301 0.000000
1.874 3.287122 0.000000
1.875 3.286943 0.000000
1.876 3.286765 0.000000
1.877 3.286586 0.000000
1.878 3.286408 0.000000
1.879 3.286229 0.000000
1.880 3.286050 0.000000
1.881 3.285872 0.000000
1.882 3.285693 0.000000
1.883 3.285514 0.000000
1.884 3.285336 0.000000
1.885 3.285157 0.000000
1.886 3.284978 0.000000
1.887 3.284800 0.000000
1.888 3.284621 0.000000
1.889 3.284442 0.000000
1.890 3.284264 0.000000
1.891 3.284085 0.000000
1.892 3.283907 0.000000
1.893 3.283728 0.000000
1.894 3.283550 0.000000
1.895 3.283376 0.000000
1.896 3.283202 0.000000
1.897 3.283028 0.000000
1.898 3.282854 0.000000
1.899 3.282680 0.000000
1.900 3.282506 0.000000
1.901 3.282332 0.000000
1.902 3.282158 0.000000
1.903 3.281984 0.000000
1.904 3.281810 0.000000
1.905 3.281636 0.000000
1.906 3.281462 0.000000
1.907 3.281288 0.000000
1.908 3.281114 0.000000
1.909 3.280940 0.000000
1.910 3.280766 0.000000
1.911 3.280592 0.000000
1.912 3.280418 0.000000
1.913 3.280244 0.000000
1.914 3.280070 0.000000
1.915 3.279896 0.000000
1.916 3.279722 0.000000
1.917 3.279551 0.000000
1.918 3.279381 0.000000
1.919 3.279210 0.000000
1.920 3.279039 0.000000
1.921 3.278869 0.000000
1.922 3.278698 0.000000
1.923 3.278527 0.000000
1.924 3.278356 0.000000
1.925 3.278186 0.000000
1.926 3.278015 0.000000
1.927 3.277844 0.000000
1.928 3.277674 0.000000
1.929 3.277503 0.000000
1.930 3.277332 0.000000
1.931 3.277162 0.000000
1.932 3.276991 0.000000
1.933 3.276820 0.000000
1.934 3.276650 0.000000
1.935 3.276479 0.000000
1.936 3.276308 0.000000
1.937 3.276138 0.000000
1.938 3.275967 0.000000
1.939 3.275798 0.000000
1.940 3.275635 0.000000
1.941 3.275472 0.000000
1.942 3.275308 0.000000
1.943 3.275145 0.000000
1.944 3.274982 0.000000
1.945 3.274818 0.000000
1.946 3.274655 0.000000
1.947 3.274492 0.000000
1.948 3.274328 0.000000
1.949 3.274165 0.000000
1.950 3.274002 0.000000