0.251 2.047796 3.296404
0.252 2.096966 3.309785
0.253 2.145407 3.319223
0.254 2.197985 3.333354
0.255 2.244443 3.342034
0.256 2.296712 3.351038
0.257 2.349659 3.360269
0.258 2.403369 3.369385
0.259 2.458110 3.377990
0.260 2.520059 3.385322
0.261 2.578033 3.388300
0.262 2.643233 3.386710
0.263 2.709130 3.380426
0.264 2.778924 3.369163
0.265 2.846434 3.352176
0.266 2.909987 3.328596
0.267 2.976172 3.301657
0.268 3.035178 3.268283
0.269 3.095709 3.231579
0.270 3.146121 3.192187
0.271 3.196348 3.147321
0.272 3.240344 3.102009
0.273 3.281179 3.057264
0.274 3.315231 3.008573
0.275 3.346051 2.962488
0.276 3.374408 2.913732
0.277 3.400730 2.869719
0.278 3.421660 2.823322
0.279 3.440432 2.773752
0.280 3.457872 2.732111
0.281 3.469580 2.688641
0.282 3.480471 2.646460
0.283 3.490971 2.605261
0.284 3.497971 2.564750
0.285 3.504304 2.525202
0.286 3.509984 2.487534
0.287 3.511653 2.452729
0.288 3.512506 2.413957
0.289 3.513485 2.380303
0.290 3.512528 2.348036
0.291 3.510004 2.316508
0.292 3.505630 2.286253
0.293 3.501719 2.257612
0.294 3.498735 2.227497
0.295 3.491449 2.201272
0.296 3.484367 2.176833
0.297 3.477480 2.152864
0.298 3.470811 2.129380
0.299 3.464438 2.110716
0.300 3.452418 2.089855
0.301 3.446062 2.072389
0.302 3.434762 2.051708
0.303 3.428452 2.035330
0.304 3.417992 2.018251
0.305 3.411796 2.005515
0.306 3.402056 1.989298
0.307 3.391691 1.978091
0.308 3.382569 1.967154
0.309 3.376643 1.956429
0.310 3.367946 1.945924
0.311 3.360671 1.935598
0.312 3.352497 1.925434
0.313 3.343362 1.915439
0.314 3.334916 1.910585
0.315 3.328321 1.901800
0.316 3.321630 1.897522
0.317 3.316121 1.888655
0.318 3.309287 1.884205
0.319 3.301253 1.878513
0.320 3.298605 1.872874
0.321 3.290221 1.869716
0.322 3.287397 1.866011
0.323 3.279755 1.863777
0.324 3.277586 1.859973
0.325 3.269668 1.858117
0.326 3.267450 1.854186
0.327 3.260216 1.854315
0.328 3.258303 1.850305
0.329 3.255604 1.848828
0.330 3.249203 1.849094
0.331 3.247737 1.849415
0.332 3.246326 1.849760
0.333 3.244221 1.849374
0.334 3.237863 1.844699
0.335 3.236683 1.845167
0.336 3.235555 1.845666
0.337 3.234494 1.846207
0.338 3.233495 1.846782
0.339 3.232576 1.847404
0.340 3.231690 1.848043
0.341 3.230857 1.848715
0.342 3.230116 1.849451
0.343 3.229417 1.850214
0.344 3.228756 1.854797
0.345 3.228135 1.857651
0.346 3.227606 1.858526
0.347 3.227104 1.859419
0.348 3.226636 1.860337
0.349 3.229967 1.861341
0.350 3.231781 1.863268
0.351 3.231478 1.869225
0.352 3.231601 1.870327
0.353 3.236492 1.871455
0.354 3.236742 1.872622
0.355 3.236636 1.873936
0.356 3.238361 1.880909
0.357 3.242463 1.882181
0.358 3.243376 1.883470
0.359 3.248370 1.887208
0.360 3.248795 1.892038
0.361 3.254416 1.893447
0.362 3.254934 1.894894
0.363 3.259731 1.900861
0.364 3.261470 1.903748
0.365 3.264835 1.905294
0.366 3.268205 1.911796
0.367 3.274596 1.914357
0.368 3.275209 1.916045
0.369 3.280283 1.922165
0.370 3.283476 1.925264
0.371 3.288954 1.927010
0.372 3.294100 1.933127
0.373 3.297822 1.936461
0.374 3.303265 1.941026
0.375 3.308827 1.946015
0.376 3.316319 1.949144
0.377 3.320471 1.955683
0.378 3.325285 1.957813
0.379 3.332282 1.964566
0.380 3.341188 1.969343
0.381 3.346609 1.975341
0.382 3.353267 1.978061
0.383 3.362316 1.985324
0.384 3.368523 1.990308
0.385 3.374670 1.995539
0.386 3.383882 2.003275
0.387 3.393122 2.007922
0.388 3.406156 2.013648
0.389 3.417590 2.020602
0.390 3.426973 2.025529
0.391 3.439164 2.032087
0.392 3.452036 2.038452
0.393 3.467206 2.042672
0.394 3.482213 2.050429
0.395 3.495374 2.053118
0.396 3.512451 2.055528
0.397 3.529543 2.057959
0.398 3.546695 2.058521
0.399 3.567273 2.057079
0.400 3.586936 2.054730
0.401 3.604188 2.049991
0.402 3.619575 2.045336
0.403 3.633032 2.037344
0.404 3.646056 2.030361
0.405 3.661061 2.024941
0.406 3.671978 2.015713
0.407 3.679221 2.008318
0.408 3.686502 2.001417
0.409 3.691700 1.996906
0.410 3.696967 1.987959
0.411 3.704690 1.986328
0.412 3.708593 1.985806
0.413 3.712694 1.982437
0.414 3.716941 1.985272
0.415 3.721421 1.988944
0.416 3.726498 1.992794
0.417 3.732074 1.997145
0.418 3.742717 2.006175
0.419 3.750666 2.011790
0.420 3.763443 2.022006
0.421 3.773365 2.032753
0.422 3.789456 2.042519
0.423 3.805825 2.047611
0.424 3.827541 2.057580
0.425 3.849587 2.067294
0.426 3.871975 2.076582
0.427 3.899268 2.084995
0.428 3.928991 2.089106
0.429 3.958759 2.095344
0.430 3.991135 2.096293
0.431 4.024748 2.095673
0.432 4.058249 2.090941
0.433 4.091662 2.085034
0.434 4.124817 2.078228
0.435 4.157743 2.069365
0.436 4.190537 2.057975
0.437 4.223240 2.045318
0.438 4.254157 2.030229
0.439 4.284278 2.012413
0.440 4.316075 1.993808
0.441 4.347514 1.974216
0.442 4.377248 1.952862
0.443 4.407049 1.926942
0.444 4.433451 1.899304
0.445 4.458841 1.870062
0.446 4.483703 1.839243
0.447 4.507396 1.807101
0.448 4.527506 1.773258
0.449 4.545938 1.738090
0.450 4.563591 1.702162
0.451 4.576034 1.665395
0.452 4.585735 1.628447
0.453 4.594199 1.591162
0.454 4.598812 1.554195
0.455 4.600627 1.520724
0.456 4.601324 1.486243
0.457 4.599033 1.452598
0.458 4.595159 1.422594
0.459 4.591273 1.392926
0.460 4.584212 1.363478
0.461 4.576763 1.334586
0.462 4.570374 1.306835
0.463 4.566058 1.280797
0.464 4.557655 1.257475
0.465 4.548990 1.232923
0.466 4.540127 1.211782
0.467 4.531280 1.191378
0.468 4.521746 1.171706
0.469 4.507720 1.152450
0.470 4.498300 1.133406
0.471 4.489232 1.115343
0.472 4.480142 1.100309
0.473 4.471055 1.084683
0.474 4.461988 1.070294
0.475 4.452937 1.054584
0.476 4.443897 1.040848
0.477 4.434874 1.026169
0.478 4.425879 1.011889
0.479 4.416923 1.000652
0.480 4.408013 0.989568
0.481 4.399123 0.977827
0.482 4.390264 0.966646
0.483 4.381449 0.955837
0.484 4.373785 0.945589
0.485 4.368094 0.935485
0.486 4.361073 0.925578
0.487 4.352432 0.916195
0.488 4.343833 0.907144
0.489 4.335260 0.898143
0.490 4.326738 0.889560
0.491 4.320746 0.881408
0.492 4.315069 0.873373
0.493 4.307328 0.865389
0.494 4.298995 0.857531
0.495 4.291432 0.849933
0.496 4.287255 0.842750
0.497 4.280157 0.835712
0.498 4.272014 0.828779
0.499 4.267297 0.822013
0.500 4.261406 0.815292
0.501 4.253756 0.808849
0.502 4.247728 0.802534
0.503 4.242871 0.796302
0.504 4.236988 0.790323
0.505 4.232530 0.784460
0.506 4.226196 0.778680
0.507 4.218507 0.773015
0.508 4.213866 0.767395
0.509 4.208815 0.762039
0.510 4.203565 0.756783
0.511 4.198974 0.751568
0.512 4.193630 0.746477
0.513 4.189110 0.741315
0.514 4.183961 0.736333
0.515 4.179207 0.731605
0.516 4.174687 0.726916
0.517 4.169246 0.722246
0.518 4.165629 0.717602
0.519 4.159568 0.713023
0.520 4.156328 0.708513
0.521 4.150434 0.704014
0.522 4.146841 0.699532
0.523 4.141744 0.695097
0.524 4.137098 0.690960
0.525 4.135014 0.686935
0.526 4.131871 0.682628
0.527 4.126071 0.678377
0.528 4.123178 0.674535
0.529 4.117421 0.670437
0.530 4.113923 0.666575
0.531 4.109114 0.662858
0.532 4.104898 0.659007
0.533 4.102181 0.655141
0.534 4.099423 0.651435
0.535 4.094861 0.647857
0.536 4.090934 0.644291
0.537 4.089189 0.640533
0.538 4.085352 0.636815
0.539 4.081124 0.633277
0.540 4.078184 0.629827
0.541 4.075762 0.626402
0.542 4.071835 0.623011
0.543 4.067422 0.619658
0.544 4.063721 0.616305
0.545 4.059415 0.612965
0.546 4.056569 0.609661
0.547 4.054277 0.606459
0.548 4.050629 0.603411
0.549 4.046141 0.600453
0.550 4.044396 0.597238
0.551 4.041482 0.594039
0.552 4.037586 0.590870
0.553 4.033966 0.587770
0.554 4.032454 0.584819
0.555 4.030953 0.581963
0.556 4.027865 0.578922
0.557 4.024050 0.575960
0.558 4.020717 0.573124
0.559 4.019223 0.570313
0.560 4.015488 0.567271
0.561 4.011765 0.564444
0.562 4.009172 0.561688
0.563 4.007240 0.558943
0.564 4.003219 0.556236
0.565 3.999871 0.553478
0.566 3.997817 0.550807
0.567 3.996478 0.548151
0.568 3.995019 0.545427
0.569 3.990459 0.542866
0.570 3.987371 0.540169
0.571 3.985348 0.537541
0.572 3.984058 0.535045
0.573 3.982778 0.532321
0.574 3.978385 0.529845
0.575 3.974729 0.527475
0.576 3.973104 0.525102
0.577 3.971779 0.522376
0.578 3.967272 0.519999
0.579 3.963583 0.517703
0.580 3.962362 0.515354
0.581 3.961151 0.512730
0.582 3.959138 0.510388
0.583 3.956152 0.508172
0.584 3.951902 0.505968
0.585 3.950604 0.503596
0.586 3.949442 0.501187
0.587 3.947836 0.498807
0.588 3.944294 0.496653
0.589 3.941262 0.494512
0.590 3.939060 0.492375
0.591 3.937937 0.490239
0.592 3.936828 0.487780
0.593 3.933581 0.485488
0.594 3.929233 0.483339
0.595 3.927846 0.481260
0.596 3.926693 0.479183
0.597 3.925634 0.477112
0.598 3.924582 0.475049
0.599 3.922479 0.473012
0.600 3.919600 0.470984
0.601 3.915828 0.468965
0.602 3.914636 0.466950
0.603 3.913621 0.464941
0.604 3.912599 0.462939
0.605 3.908612 0.460961
0.606 3.905704 0.458991
0.607 3.903806 0.457029
0.608 3.902825 0.455069
0.609 3.901593 0.453115
0.610 3.900010 0.451169
0.611 3.895664 0.449245
0.612 3.893175 0.447328
0.613 3.892251 0.445417
0.614 3.891328 0.443508
0.615 3.890409 0.441605
0.616 3.889495 0.439708
0.617 3.885658 0.437834
0.618 3.882734 0.435965
0.619 3.881058 0.434103
0.620 3.880090 0.432271
0.621 3.878909 0.430554
0.622 3.877163 0.429050
0.623 3.873879 0.427294
0.624 3.870782 0.425470
0.625 3.869940 0.423655
0.626 3.869100 0.421843
0.627 3.868260 0.420048
0.628 3.867431 0.418566
0.629 3.864924 0.416968
0.630 3.860463 0.415234
0.631 3.859159 0.413467
0.632 3.858361 0.411730
0.633 3.857564 0.410097
0.634 3.856773 0.408527
0.635 3.855954 0.406991
0.636 3.852549 0.405252
0.637 3.849788 0.403641
0.638 3.848084 0.402239
0.639 3.847074 0.400619
0.640 3.846221 0.398929
0.641 3.844415 0.397318
0.642 3.842018 0.395775
0.643 3.838829 0.394321
0.644 3.837516 0.392687
0.645 3.836794 0.391023
0.646 3.836073 0.389646
0.647 3.835220 0.388177
0.648 3.834166 0.386571
0.649 3.831186 0.385143
0.650 3.827413 0.383789
0.651 3.826730 0.382313
0.652 3.826049 0.380833
0.653 3.825367 0.379345
0.654 3.824691 0.377955
0.655 3.824019 0.376638
0.656 3.820530 0.375124
0.657 3.816855 0.373594
0.658 3.816204 0.372250
0.659 3.815553 0.370885
0.660 3.814903 0.369483
0.661 3.814260 0.368031
0.662 3.813620 0.366544
0.663 3.810264 0.365243
0.664 3.806530 0.363970
0.665 3.805917 0.362502
0.666 3.805304 0.361112
0.667 3.804691 0.359936
0.668 3.802776 0.358633
0.669 3.799405 0.357189
0.670 3.797576 0.355882
0.671 3.796517 0.354643
0.672 3.795863 0.353236
0.673 3.795279 0.351808
0.674 3.794695 0.350660
0.675 3.793568 0.349458
0.676 3.790157 0.348033
0.677 3.787625 0.346700
0.678 3.786740 0.345537
0.679 3.786021 0.344393
0.680 3.785473 0.343268
0.681 3.784924 0.342005
0.682 3.784376 0.340658
0.683 3.781503 0.339420
0.684 3.777864 0.338218
0.685 3.776921 0.337100
0.686 3.776395 0.335995
0.687 3.775874 0.334894
0.688 3.775352 0.333777
0.689 3.774831 0.332413
0.690 3.773870 0.331083
0.691 3.770329 0.329953
0.692 3.767450 0.328833
0.693 3.766956 0.327751
0.694 3.766465 0.326670
0.695 3.765977 0.325593
0.696 3.765397 0.324516
0.697 3.764630 0.323440
0.698 3.762982 0.322367
0.699 3.759817 0.321298
0.700 3.757719 0.320233
0.701 3.757253 0.319174
0.702 3.756788 0.317996
0.703 3.756326 0.316648
0.704 3.755395 0.315423
0.705 3.753814 0.314370
0.706 3.751962 0.313319
0.707 3.749724 0.312273
0.708 3.748195 0.311235
0.709 3.747753 0.310212
0.710 3.747313 0.309284
0.711 3.746875 0.308519
0.712 3.745747 0.307667
0.713 3.743189 0.306633
0.714 3.741016 0.305602
0.715 3.739866 0.304575
0.716 3.738870 0.303549
0.717 3.738459 0.302530
0.718 3.738048 0.301511
0.719 3.737641 0.300495
0.720 3.737109 0.299479
0.721 3.733919 0.298465
0.722 3.730729 0.297451
0.723 3.730176 0.296586
0.724 3.729778 0.295730
0.725 3.729389 0.294857
0.726 3.729002 0.293981
0.727 3.728036 0.293019
0.728 3.726829 0.292021
0.729 3.725009 0.291131
0.730 3.722724 0.290322
0.731 3.721240 0.289473
0.732 3.720865 0.288568
0.733 3.720492 0.287644
0.734 3.720127 0.286660
0.735 3.719576 0.285696
0.736 3.716904 0.284947
0.737 3.714232 0.284199
0.738 3.713301 0.283278
0.739 3.712581 0.282335
0.740 3.712114 0.281496
0.741 3.711761 0.280702
0.742 3.711302 0.279878
0.743 3.710724 0.279020
0.744 3.709619 0.278194
0.745 3.706904 0.277469
0.746 3.704200 0.276742
0.747 3.703860 0.275781
0.748 3.703520 0.274819
0.749 3.703187 0.274055
0.750 3.702856 0.273357
0.751 3.701554 0.272635
0.752 3.699203 0.271888
0.753 3.697149 0.271123
0.754 3.696301 0.270287
0.755 3.695452 0.269452
0.756 3.695081 0.268692
0.757 3.694762 0.267942
0.758 3.694265 0.267246
0.759 3.693646 0.266588
0.760 3.692529 0.265915
0.761 3.690035 0.265199
0.762 3.687541 0.264483
0.763 3.687079 0.263797
0.764 3.686780 0.263113
0.765 3.686481 0.262359
0.766 3.686182 0.261553
0.767 3.685399 0.260795
0.768 3.682728 0.260230
0.769 3.680056 0.259666
0.770 3.679287 0.258904
0.771 3.678933 0.258099
0.772 3.678610 0.257398
0.773 3.678330 0.256839
0.774 3.678051 0.256279
0.775 3.677771 0.255622
0.776 3.677491 0.254964
0.777 3.675956 0.254285
0.778 3.673520 0.253590
0.779 3.671355 0.252915
0.780 3.670865 0.252365
0.781 3.670375 0.251814
0.782 3.670041 0.251264
0.783 3.669780 0.250715
0.784 3.669319 0.250146
0.785 3.668087 0.249501
0.786 3.666855 0.248856
0.787 3.665343 0.248185
0.788 3.663720 0.247504
0.789 3.662385 0.246853
0.790 3.662134 0.246312
0.791 3.661884 0.245772
0.792 3.661635 0.245232
0.793 3.661386 0.244694
0.794 3.660794 0.244155
0.795 3.658257 0.243617
0.796 3.655720 0.243079
0.797 3.654553 0.242544
0.798 3.654315 0.242009
0.799 3.654078 0.241475
0.800 3.653850 0.240943
0.801 3.653622 0.240411
0.802 3.653262 0.239881
0.803 3.652734 0.239351
0.804 3.652207 0.238821
0.805 3.650323 0.238291
0.806 3.648169 0.237762
0.807 3.646424 0.237246
0.808 3.646207 0.236776
0.809 3.645989 0.236306
0.810 3.645776 0.235900
0.811 3.645566 0.235542
0.812 3.645355 0.235184
0.813 3.644360 0.234676
0.814 3.643293 0.234154
0.815 3.642114 0.233633
0.816 3.640585 0.233113
0.817 3.639057 0.232593
0.818 3.638261 0.232194
0.819 3.638058 0.231892
0.820 3.637855 0.231591
0.821 3.637655 0.231110
0.822 3.637456 0.230596
0.823 3.637070 0.230101
0.824 3.635278 0.229748
0.825 3.633486 0.229395
0.826 3.632090 0.229003
0.827 3.631361 0.228545
0.828 3.630631 0.228087
0.829 3.630231 0.227721
0.830 3.630041 0.227416
0.831 3.629851 0.227110
0.832 3.629666 0.226645
0.833 3.629483 0.226146
0.834 3.629278 0.225647
0.835 3.628294 0.225122
0.836 3.627310 0.224598
0.837 3.626353 0.224081
0.838 3.625496 0.223592
0.839 3.624639 0.223103
0.840 3.623905 0.222672
0.841 3.623384 0.222341
0.842 3.622863 0.222010
0.843 3.622365 0.221774
0.844 3.621889 0.221629
0.845 3.621414 0.221484
0.846 3.620928 0.221151
0.847 3.620435 0.220708
0.848 3.619942 0.220265
0.849 3.619452 0.219897
0.850 3.618962 0.219555
0.851 3.618472 0.219214
0.852 3.618027 0.218744
0.853 3.617592 0.218245
0.854 3.617157 0.217745
0.855 3.616732 0.217246
0.856 3.616308 0.216748
0.857 3.615885 0.216249
0.858 3.615450 0.215837
0.859 3.615015 0.215432
0.860 3.614580 0.215028
0.861 3.614147 0.214713
0.862 3.613715 0.214403
0.863 3.613283 0.214093
0.864 3.612884 0.213788
0.865 3.612487 0.213484
0.866 3.612090 0.213180
0.867 3.611661 0.212639
0.868 3.611230 0.212079
0.869 3.610798 0.211519
0.870 3.610418 0.211169
0.871 3.610044 0.210847
0.872 3.609671 0.210524
0.873 3.609310 0.210229
0.874 3.608953 0.209940
0.875 3.608595 0.209651
0.876 3.608218 0.209225
0.877 3.607833 0.208750
0.878 3.607449 0.208274
0.879 3.607070 0.207801
0.880 3.606696 0.207328
0.881 3.606321 0.206856
0.882 3.605949 0.206378
0.883 3.605580 0.205894
0.884 3.605210 0.205410
0.885 3.604838 0.204928
0.886 3.604463 0.204452
0.887 3.604087 0.203976
0.888 3.603715 0.203507
0.889 3.603362 0.203069
0.890 3.603008 0.202631
0.891 3.602654 0.202193
0.892 3.602319 0.201839
0.893 3.601984 0.201487
0.894 3.601649 0.201134
0.895 3.601314 0.200812
0.896 3.600978 0.200499
0.897 3.600643 0.200186
0.898 3.600321 0.199797
0.899 3.600011 0.199339
0.900 3.599702 0.198882
0.901 3.599389 0.198420
0.902 3.599068 0.197946
0.903 3.598747 0.197472
0.904 3.598425 0.196998
0.905 3.598088 0.196366
0.906 3.597749 0.195728
0.907 3.597411 0.195090
0.908 3.597090 0.194515
0.909 3.596777 0.193974
0.910 3.596465 0.193433
0.911 3.596148 0.192946
0.912 3.595820 0.192581
0.913 3.595491 0.192215
0.914 3.595163 0.191849
0.915 3.594854 0.191541
0.916 3.594546 0.191235
0.917 3.594238 0.190930
0.918 3.593939 0.190539
0.919 3.593647 0.190082
0.920 3.593355 0.189625
0.921 3.593064 0.189167
0.922 3.592778 0.188703
0.923 3.592492 0.188240
0.924 3.592206 0.187776
0.925 3.591937 0.187333
0.926 3.591674 0.186897
0.927 3.591412 0.186462
0.928 3.591147 0.186017
0.929 3.590873 0.185543
0.930 3.590599 0.185068
0.931 3.590326 0.184594
0.932 3.590051 0.184205
0.933 3.589775 0.183846
0.934 3.589500 0.183486
0.935 3.589225 0.183125
0.936 3.588950 0.182759
0.937 3.588676 0.182392
0.938 3.588402 0.182025
0.939 3.588123 0.181631
0.940 3.587843 0.181224
0.941 3.587562 0.180817
0.942 3.587285 0.180411
0.943 3.587037 0.180009
0.944 3.586788 0.179608
0.945 3.586539 0.179206
0.946 3.586288 0.178788
0.947 3.586035 0.178354
0.948 3.585783 0.177921
0.949 3.585530 0.177488
0.950 3.585272 0.177061
0.951 3.585014 0.176634
0.952 3.584756 0.176207
0.953 3.584501 0.175817
0.954 3.584257 0.175538
0.955 3.584013 0.175259
0.956 3.583770 0.174980
0.957 3.583525 0.174706
0.958 3.583280 0.174437
0.959 3.583035 0.174168
0.960 3.582789 0.173899
0.961 3.582577 0.173647
0.962 3.582371 0.173398
0.963 3.582164 0.173150
0.964 3.581956 0.172896
0.965 3.581739 0.172604
0.966 3.581521 0.172312
0.967 3.581303 0.172021
0.968 3.581091 0.171739
0.969 3.580890 0.171476
0.970 3.580688 0.171213
0.971 3.580486 0.170950
0.972 3.580279 0.170687
0.973 3.580066 0.170424
0.974 3.579853 0.170161
0.975 3.579640 0.169898
0.976 3.579432 0.169648
0.977 3.579226 0.169405
0.978 3.579020 0.169161
0.979 3.578813 0.168918
0.980 3.578614 0.168739
0.981 3.578417 0.168572
0.982 3.578219 0.168405
0.983 3.578021 0.168238
0.984 3.577819 0.167879
0.985 3.577617 0.167515
0.986 3.577415 0.167151
0.987 3.577213 0.166793
0.988 3.577016 0.166552
0.989 3.576818 0.166311
0.990 3.576621 0.166069
0.991 3.576425 0.165835
0.992 3.576242 0.165656
0.993 3.576060 0.165477
0.994 3.575878 0.165298
0.995 3.575697 0.165107
0.996 3.575533 0.164822
0.997 3.575369 0.164536
0.998 3.575204 0.164251
0.999 3.575038 0.163966
1.000 3.574853 0.163691
1.001 3.574669 0.163415
1.002 3.574484 0.163139
1.003 3.574300 0.162865
1.004 3.574121 0.162631
1.005 3.573942 0.162397
1.006 3.573762 0.162162
1.007 3.573583 0.161928
1.008 3.573413 0.161561
1.009 3.573243 0.161191
1.010 3.573073 0.160821
1.011 3.572903 0.160450
1.012 3.572737 0.160159
1.013 3.572572 0.159882
1.014 3.572406 0.159604
1.015 3.572241 0.159326
1.016 3.572079 0.159143
1.017 3.571918 0.158998
1.018 3.571757 0.158854
1.019 3.571595 0.158709
1.020 3.571443 0.158523
1.021 3.571299 0.158301
1.022 3.571155 0.158078
1.023 3.571011 0.157856
1.024 3.570870 0.157610
1.025 3.570736 0.157313
1.026 3.570603 0.157016
1.027 3.570469 0.156719
1.028 3.570336 0.156424
1.029 3.570206 0.156165
1.030 3.570077 0.155905
1.031 3.569947 0.155646
1.032 3.569818 0.155386
1.033 3.569691 0.155121
1.034 3.569564 0.154853
1.035 3.569438 0.154585
1.036 3.569312 0.154318
1.037 3.569195 0.154068
1.038 3.569090 0.153841
1.039 3.568984 0.153613
1.040 3.568879 0.153386
1.041 3.568774 0.153156
1.042 3.568680 0.152908
1.043 3.568586 0.152659
1.044 3.568492 0.152411
1.045 3.568398 0.152162
1.046 3.568306 0.151885
1.047 3.568216 0.151596
1.048 3.568125 0.151306
1.049 3.568035 0.151016
1.050 3.567945 0.150701
1.051 3.567858 0.150312
1.052 3.567771 0.149922
1.053 3.567684 0.149533
1.054 3.567597 0.149144
1.055 3.567522 0.148830
1.056 3.567449 0.148537
1.057 3.567376 0.148244
1.058 3.567303 0.147950
1.059 3.567233 0.147665
1.060 3.567168 0.147400
1.061 3.567104 0.147135
1.062 3.567039 0.146870
1.063 3.566975 0.146605
1.064 3.566913 0.146273
1.065 3.566851 0.145917
1.066 3.566790 0.145561
1.067 3.566729 0.145205
1.068 3.566668 0.144838
1.069 3.566610 0.144405
1.070 3.566552 0.143972
1.071 3.566493 0.143539
1.072 3.566435 0.143106
1.073 3.566379 0.142689
1.074 3.566326 0.142287
1.075 3.566272 0.141884
1.076 3.566219 0.141482
1.077 3.566165 0.141080
1.078 3.566115 0.140785
1.079 3.566065 0.140510
1.080 3.566016 0.140235
1.081 3.565966 0.139960
1.082 3.565917 0.139678
1.083 3.565871 0.139354
1.084 3.565825 0.139030
1.085 3.565778 0.138707
1.086 3.565732 0.138383
1.087 3.565687 0.138050
1.088 3.565644 0.137705
1.089 3.565601 0.137360
1.090 3.565558 0.137015
1.091 3.565515 0.136669
1.092 3.565463 0.136221
1.093 3.565406 0.135703
1.094 3.565349 0.135185
1.095 3.565292 0.134668
1.096 3.565234 0.134150
1.097 3.565175 0.133675
1.098 3.565114 0.133213
1.099 3.565053 0.132752
1.100 3.564993 0.132290
1.101 3.564932 0.131829
1.102 3.564874 0.131314
1.103 3.564817 0.130792
1.104 3.564759 0.130270
1.105 3.564702 0.129749
1.106 3.564644 0.129227
1.107 3.564591 0.128745
1.108 3.564537 0.128265
1.109 3.564484 0.127785
1.110 3.564431 0.127304
1.111 3.564377 0.126824
1.112 3.564282 0.126310
1.113 3.564186 0.125796
1.114 3.564091 0.125282
1.115 3.563996 0.124768
1.116 3.563900 0.124254
1.117 3.563792 0.123786
1.118 3.563683 0.123319
1.119 3.563574 0.122852
1.120 3.563465 0.122385
1.121 3.563357 0.121918
1.122 3.563251 0.121469
1.123 3.563146 0.121022
1.124 3.563041 0.120574
1.125 3.562936 0.120126
1.126 3.562831 0.119678
1.127 3.562730 0.119143
1.128 3.562629 0.118591
1.129 3.562529 0.118039
1.130 3.562428 0.117487
1.131 3.562328 0.116935
1.132 3.562198 0.116447
1.133 3.562055 0.115988
1.134 3.561913 0.115528
1.135 3.561770 0.115069
1.136 3.561628 0.114609
1.137 3.561479 0.114112
1.138 3.561325 0.113575
1.139 3.561170 0.113039
1.140 3.561016 0.112503
1.141 3.560861 0.111966
1.142 3.560708 0.111461
1.143 3.560559 0.111046
1.144 3.560410 0.110631
1.145 3.560261 0.110217
1.146 3.560112 0.109802
1.147 3.559963 0.109387
1.148 3.559820 0.108901
1.149 3.559677 0.108412
1.150 3.559534 0.107922
1.151 3.559391 0.107433
1.152 3.559248 0.106944
1.153 3.559098 0.106470
1.154 3.558943 0.106005
1.155 3.558787 0.105541
1.156 3.558632 0.105077
1.157 3.558477 0.104612
1.158 3.558321 0.104165
1.159 3.558167 0.103775
1.160 3.558013 0.103385
1.161 3.557859 0.102995
1.162 3.557704 0.102605
1.163 3.557550 0.102215
1.164 3.557402 0.101757
1.165 3.557256 0.101280
1.166 3.557110 0.100804
1.167 3.556964 0.100327
1.168 3.556818 0.099851
1.169 3.556675 0.099391
1.170 3.556540 0.098971
1.171 3.556404 0.098550
1.172 3.556268 0.098130
1.173 3.556132 0.097709
1.174 3.555996 0.097289
1.175 3.555887 0.096774
1.176 3.555787 0.096227
1.177 3.555687 0.095681
1.178 3.555587 0.095134
1.179 3.555486 0.094588
1.180 3.555389 0.094052
1.181 3.555311 0.093576
1.182 3.555232 0.093100
1.183 3.555153 0.092623
1.184 3.555075 0.092147
1.185 3.554996 0.091670
1.186 3.554926 0.091229
1.187 3.554864 0.090822
1.188 3.554803 0.090416
1.189 3.554741 0.090009
1.190 3.554679 0.089602
1.191 3.554618 0.089196
1.192 3.554573 0.088778
1.193 3.554532 0.088358
1.194 3.554492 0.087938
1.195 3.554451 0.087518
1.196 3.554411 0.087097
1.197 3.554375 0.086675
1.198 3.554482 0.086191
1.199 3.554589 0.085707
1.200 3.554695 0.085222
1.201 3.554802 0.084738
1.202 3.554908 0.084254
1.203 3.555031 0.083759
1.204 3.555212 0.083227
1.205 3.555393 0.082695
1.206 3.555574 0.082163
1.207 3.555755 0.081631
1.208 3.555935 0.081099
1.209 3.556135 0.080562
1.210 3.556368 0.080016
1.211 3.556601 0.079470
1.212 3.556835 0.078924
1.213 3.557068 0.078378
1.214 3.557302 0.077832
1.215 3.557565 0.077279
1.216 3.557869 0.076717
1.217 3.558174 0.076154
1.218 3.558478 0.075592
1.219 3.558782 0.075030
1.220 3.559087 0.074467
1.221 3.559449 0.073762
1.222 3.559889 0.072860
1.223 3.560329 0.071959
1.224 3.560769 0.071058
1.225 3.561209 0.070157
1.226 3.561649 0.069256
1.227 3.562130 0.068269
1.228 3.562677 0.067137
1.229 3.563225 0.066006
1.230 3.563773 0.064874
1.231 3.564320 0.063742
1.232 3.564868 0.062611
1.233 3.565432 0.061495
1.234 3.566040 0.060423
1.235 3.566648 0.059351
1.236 3.567256 0.058279
1.237 3.567864 0.057207
1.238 3.568472 0.056135
1.239 3.569077 0.055054
1.240 3.569658 0.053891
1.241 3.570239 0.052729
1.242 3.570820 0.051566
1.243 3.571400 0.050403
1.244 3.571981 0.049241
1.245 3.572562 0.048078
1.246 3.572294 0.046704
1.247 3.571891 0.045296
1.248 3.571487 0.043889
1.249 3.571083 0.042481
1.250 3.570680 0.041073
1.251 3.570276 0.039666
1.252 3.569872 0.038258
1.253 3.569469 0.036850
1.254 3.569065 0.035442
1.255 3.568446 0.033990
1.256 3.567756 0.032523
1.257 3.567066 0.031056
1.258 3.566376 0.029588
1.259 3.565686 0.028121
1.260 3.564996 0.026654
1.261 3.564305 0.025187
1.262 3.563615 0.023720
1.263 3.562925 0.022253
1.264 3.562072 0.021137
1.265 3.561061 0.020365
1.266 3.560050 0.019592
1.267 3.559039 0.018819
1.268 3.558028 0.018046
1.269 3.557017 0.017273
1.270 3.556006 0.016501
1.271 3.554994 0.015728
1.272 3.553983 0.014955
1.273 3.552947 0.014199
1.274 3.551737 0.013559
1.275 3.550526 0.012920
1.276 3.549315 0.012281
1.277 3.548105 0.011641
1.278 3.546894 0.011002
1.279 3.545684 0.010362
1.280 3.544473 0.009723
1.281 3.543262 0.009084
1.282 3.542052 0.008444
1.283 3.540904 0.007975
1.284 3.539798 0.007619
1.285 3.538692 0.007262
1.286 3.537586 0.006906
1.287 3.536480 0.006550
1.288 3.535374 0.006193
1.289 3.534268 0.005837
1.290 3.533161 0.005480
1.291 3.532055 0.005124
1.292 3.530949 0.004768
1.293 3.529835 0.004574
1.294 3.528720 0.004392
1.295 3.527604 0.004210
1.296 3.526489 0.004028
1.297 3.525374 0.003846
1.298 3.524259 0.003663
1.299 3.523144 0.003481
1.300 3.522028 0.003299
1.301 3.520913 0.003117
1.302 3.519813 0.002942
1.303 3.518821 0.002818
1.304 3.517829 0.002694
1.305 3.516836 0.002570
1.306 3.515844 0.002446
1.307 3.514852 0.002322
1.308 3.513860 0.002198
1.309 3.512867 0.002074
1.310 3.511875 0.001950
1.311 3.510883 0.001826
1.312 3.509905 0.001716
1.313 3.509000 0.001680
1.314 3.508096 0.001645
1.315 3.507192 0.001610
1.316 3.506287 0.001574
1.317 3.505383 0.001539
1.318 3.504479 0.001504
1.319 3.503575 0.001468
1.320 3.502670 0.001433
1.321 3.501766 0.001398
1.322 3.500867 0.001362
1.323 3.500091 0.001313
1.324 3.499315 0.001265
1.325 3.498539 0.001217
1.326 3.497763 0.001169
1.327 3.496987 0.001121
1.328 3.496211 0.001073
1.329 3.495435 0.001025
1.330 3.494659 0.000977
1.331 3.493883 0.000929
1.332 3.493107 0.000880
1.333 3.492392 0.000857
1.334 3.491697 0.000840
1.335 3.491001 0.000824
1.336 3.490306 0.000807
1.337 3.489610 0.000790
1.338 3.488914 0.000774
1.339 3.488219 0.000757
1.340 3.487523 0.000741
1.341 3.486827 0.000724
1.342 3.486132 0.000708
1.343 3.485465 0.000695
1.344 3.484857 0.000692
1.345 3.484249 0.000688
1.346 3.483641 0.000684
1.347 3.483032 0.000681
1.348 3.482424 0.000677
1.349 3.481816 0.000673
1.350 3.481207 0.000669
1.351 3.480599 0.000666
1.352 3.479991 0.000662
1.353 3.479383 0.000658
1.354 3.478811 0.000644
1.355 3.478253 0.000626
1.356 3.477694 0.000609
1.357 3.477136 0.000591
1.358 3.476577 0.000573
1.359 3.476019 0.000556
1.360 3.475460 0.000538
1.361 3.474902 0.000520
1.362 3.474343 0.000502
1.363 3.473785 0.000485
1.364 3.473226 0.000467
1.365 3.472709 0.000454
1.366 3.472193 0.000442
1.367 3.471677 0.000429
1.368 3.471161 0.000417
1.369 3.470645 0.000404
1.370 3.470129 0.000391
1.371 3.469614 0.000379
1.372 3.469098 0.000366
1.373 3.468582 0.000354
1.374 3.468066 0.000341
1.375 3.467550 0.000329
1.376 3.467050 0.000317
1.377 3.466549 0.000304
1.378 3.466048 0.000292
1.379 3.465548 0.000280
1.380 3.465047 0.000267
1.381 3.464547 0.000255
1.382 3.464046 0.000243
1.383 3.463545 0.000231
1.384 3.463045 0.000218
1.385 3.462544 0.000206
1.386 3.462044 0.000194
1.387 3.461562 0.000182
1.388 3.461082 0.000170
1.389 3.460601 0.000158
1.390 3.460121 0.000146
1.391 3.459641 0.000134
1.392 3.459161 0.000122
1.393 3.458681 0.000110
1.394 3.458201 0.000098
1.395 3.457721 0.000086
1.396 3.457241 0.000074
1.397 3.456761 0.000062
1.398 3.456290 0.000054
1.399 3.455825 0.000049
1.400 3.455360 0.000044
1.401 3.454895 0.000039
1.402 3.454430 0.000034
1.403 3.453964 0.000029
1.404 3.453499 0.000024
1.405 3.453034 0.000019
1.406 3.452569 0.000014
1.407 3.452104 0.000009
1.408 3.451639 0.000004
1.409 3.451176 0.000000
1.410 3.450727 0.000000
1.411 3.450279 0.000000
1.412 3.449830 0.000000
1.413 3.449381 0.000000
1.414 3.448933 0.000000
1.415 3.448484 0.000000
1.416 3.448035 0.000000
1.417 3.447587 0.000000
1.418 3.447138 0.000000
1.419 3.446689 0.000000
1.420 3.446241 0.000000
1.421 3.445798 0.000000
1.422 3.445363 0.000000
1.423 3.444927 0.000000
1.424 3.444492 0.000000
1.425 3.444056 0.000000
1.426 3.443621 0.000000
1.427 3.443185 0.000000
1.428 3.442750 0.000000
1.429 3.442314 0.000000
1.430 3.441879 0.000000
1.431 3.441443 0.000000
1.432 3.441008 0.000000
1.433 3.440579 0.000000
1.434 3.440155 0.000000
1.435 3.439731 0.000000
1.436 3.439307 0.000000
1.437 3.438883 0.000000
1.438 3.438460 0.000000
1.439 3.438036 0.000000
1.440 3.437612 0.000000
1.441 3.437188 0.000000
1.442 3.436764 0.000000
1.443 3.436341 0.000000
1.444 3.435917 0.000000
1.445 3.435500 0.000000
1.446 3.435090 0.000000
1.447 3.434680 0.000000
1.448 3.434270 0.000000
1.449 3.433860 0.000000
1.450 3.433450 0.000000
1.451 3.433040 0.000000
1.452 3.432631 0.000000
1.453 3.432221 0.000000
1.454 3.431811 0.000000
1.455 3.431401 0.000000
1.456 3.430991 0.000000
1.457 3.430583 0.000000
1.458 3.430183 0.000000
1.459 3.429784 0.000000
1.460 3.429384 0.000000
1.461 3.428984 0.000000
1.462 3.428584 0.000000
1.463 3.428185 0.000000
1.464 3.427785 0.000000
1.465 3.427385 0.000000
1.466 3.426985 0.000000
1.467 3.426585 0.000000
1.468 3.426186 0.000000
1.469 3.425786 0.000000
1.470 3.425396 0.000000
1.471 3.425009 0.000000
1.472 3.424621 0.000000
1.473 3.424234 0.000000
1.474 3.423847 0.000000
1.475 3.423460 0.000000
1.476 3.423073 0.000000
1.477 3.422686 0.000000
1.478 3.422299 0.000000
1.479 3.421912 0.000000
1.480 3.421525 0.000000
1.481 3.421138 0.000000
1.482 3.420752 0.000000
1.483 3.420372 0.000000
1.484 3.419993 0.000000
1.485 3.419614 0.000000
1.486 3.419235 0.000000
1.487 3.418856 0.000000
1.488 3.418477 0.000000
1.489 3.418098 0.000000
1.490 3.417718 0.000000
1.491 3.417339 0.000000
1.492 3.416960 0.000000
1.493 3.416581 0.000000
1.494 3.416202 0.000000
1.495 3.415825 0.000000
1.496 3.415461 0.000000
1.497 3.415097 0.000000
1.498 3.414733 0.000000
1.499 3.414368 0.000000
1.500 3.414004 0.000000
1.501 3.413640 0.000000
1.502 3.413276 0.000000
1.503 3.412912 0.000000
1.504 3.412548 0.000000
1.505 3.412184 0.000000
1.506 3.411820 0.000000
1.507 3.411456 0.000000
1.508 3.411092 0.000000
1.509 3.410735 0.000000
1.510 3.410379 0.000000
1.511 3.410022 0.000000
1.512 3.409665 0.000000
1.513 3.409309 0.000000
1.514 3.408952 0.000000
1.515 3.408595 0.000000
1.516 3.408239 0.000000
1.517 3.407882 0.000000
1.518 3.407526 0.000000
1.519 3.407169 0.000000
1.520 3.406812 0.000000
1.521 3.406456 0.000000
1.522 3.406106 0.000000
1.523 3.405761 0.000000
1.524 3.405415 0.000000
1.525 3.405070 0.000000
1.526 3.404725 0.000000
1.527 3.404380 0.000000
1.528 3.404035 0.000000
1.529 3.403690 0.000000
1.530 3.403345 0.000000
1.531 3.403000 0.000000
1.532 3.402654 0.000000
1.533 3.402309 0.000000
1.534 3.401964 0.000000
1.535 3.401619 0.000000
1.536 3.401279 0.000000
1.537 3.400939 0.000000
1.538 3.400600 0.000000
1.539 3.400260 0.000000
1.540 3.399920 0.000000
1.541 3.399580 0.000000
1.542 3.399240 0.000000
1.543 3.398901 0.000000
1.544 3.398561 0.000000
1.545 3.398221 0.000000
1.546 3.397881 0.000000
1.547 3.397541 0.000000
1.548 3.397202 0.000000
1.549 3.396863 0.000000
1.550 3.396535 0.000000
1.551 3.396207 0.000000
1.552 3.395879 0.000000
1.553 3.395551 0.000000
1.554 3.395223 0.000000
1.555 3.394895 0.000000
1.556 3.394567 0.000000
1.557 3.394239 0.000000
1.558 3.393911 0.000000
1.559 3.393583 0.000000
1.560 3.393255 0.000000
1.561 3.392927 0.000000
1.562 3.392599 0.000000
1.563 3.392271 0.000000
1.564 3.391947 0.000000
1.565 3.391624 0.000000
1.566 3.391301 0.000000
1.567 3.390978 0.000000
1.568 3.390655 0.000000
1.569 3.390332 0.000000
1.570 3.390009 0.000000
1.571 3.389686 0.000000
1.572 3.389363 0.000000
1.573 3.389040 0.000000
1.574 3.388716 0.000000
1.575 3.388393 0.000000
1.576 3.388070 0.000000
1.577 3.387747 0.000000
1.578 3.387431 0.000000
1.579 3.387119 0.000000
1.580 3.386807 0.000000
1.581 3.386495 0.000000
1.582 3.386183 0.000000
1.583 3.385871 0.000000
1.584 3.385560 0.000000
1.585 3.385248 0.000000
1.586 3.384936 0.000000
1.587 3.384624 0.000000
1.588 3.384312 0.000000
1.589 3.384000 0.000000
1.590 3.383689 0.000000
1.591 3.383377 0.000000
1.592 3.383065 0.000000
1.593 3.382758 0.000000
1.594 3.382451 0.000000
1.595 3.382145 0.000000
1.596 3.381838 0.000000
1.597 3.381532 0.000000
1.598 3.381225 0.000000
1.599 3.380919 0.000000
1.600 3.380612 0.000000
1.601 3.380306 0.000000
1.602 3.379999 0.000000
1.603 3.379693 0.000000
1.604 3.379386 0.000000
1.605 3.379080 0.000000
1.606 3.378773 0.000000
1.607 3.378467 0.000000
1.608 3.378173 0.000000
1.609 3.377878 0.000000
1.610 3.377584 0.000000
1.611 3.377290 0.000000
1.612 3.376996 0.000000
1.613 3.376701 0.000000
1.614 3.376407 0.000000
1.615 3.376113 0.000000
1.616 3.375819 0.000000
1.617 3.375525 0.000000
1.618 3.375230 0.000000
1.619 3.374936 0.000000
1.620 3.374642 0.000000
1.621 3.374348 0.000000
1.622 3.374053 0.000000
1.623 3.373763 0.000000
1.624 3.373474 0.000000
1.625 3.373185 0.000000
1.626 3.372896 0.000000
1.627 3.372607 0.000000
1.628 3.372318 0.000000
1.629 3.372029 0.000000
1.630 3.371740 0.000000
1.631 3.371451 0.000000
1.632 3.371161 0.000000
1.633 3.370872 0.000000
1.634 3.370583 0.000000
1.635 3.370294 0.000000
1.636 3.370005 0.000000
1.637 3.369716 0.000000
1.638 3.369429 0.000000
1.639 3.369148 0.000000
1.640 3.368867 0.000000
1.641 3.368586 0.000000
1.642 3.368305 0.000000
1.643 3.368024 0.000000
1.644 3.367743 0.000000
1.645 3.367462 0.000000
1.646 3.367180 0.000000
1.647 3.366899 0.000000
1.648 3.366618 0.000000
1.649 3.366337 0.000000
1.650 3.366056 0.000000
1.651 3.365775 0.000000
1.652 3.365494 0.000000
1.653 3.365213 0.000000
1.654 3.364934 0.000000
1.655 3.364659 0.000000
1.656 3.364383 0.000000
1.657 3.364107 0.000000
1.658 3.363832 0.000000
1.659 3.363556 0.000000
1.660 3.363281 0.000000
1.661 3.363005 0.000000
1.662 3.362729 0.000000
1.663 3.362454 0.000000
1.664 3.362178 0.000000
1.665 3.361902 0.000000
1.666 3.361627 0.000000
1.667 3.361351 0.000000
1.668 3.361075 0.000000
1.669 3.360800 0.000000
1.670 3.360528 0.000000
1.671 3.360261 0.000000
1.672 3.359994 0.000000
1.673 3.359728 0.000000
1.674 3.359461 0.000000
1.675 3.359195 0.000000
1.676 3.358928 0.000000
1.677 3.358661 0.000000
1.678 3.358395 0.000000
1.679 3.358128 0.000000
1.680 3.357862 0.000000
1.681 3.357595 0.000000
1.682 3.357328 0.000000
1.683 3.357062 0.000000
1.684 3.356795 0.000000
1.685 3.356528 0.000000
1.686 3.356262 0.000000
1.687 3.356001 0.000000
1.688 3.355740 0.000000
1.689 3.355479 0.000000
1.690 3.355218 0.000000
1.691 3.354957 0.000000
1.692 3.354696 0.000000
1.693 3.354436 0.000000
1.694 3.354175 0.000000
1.695 3.353914 0.000000
1.696 3.353653 0.000000
1.697 3.353392 0.000000
1.698 3.353131 0.000000
1.699 3.352870 0.000000
1.700 3.352610 0.000000
1.701 3.352349 0.000000
1.702 3.352088 0.000000
1.703 3.351829 0.000000
1.704 3.351576 0.000000
1.705 3.351324 0.000000
1.706 3.351071 0.000000
1.707 3.350819 0.000000
1.708 3.350566 0.000000
1.709 3.350314 0.000000
1.710 3.350061 0.000000
1.711 3.349809 0.000000
1.712 3.349556 0.000000
1.713 3.349304 0.000000
1.714 3.349051 0.000000
1.715 3.348799 0.000000
1.716 3.348546 0.000000
1.717 3.348293 0.000000
1.718 3.348041 0.000000
1.719 3.347788 0.000000
1.720 3.347537 0.000000
1.721 3.347289 0.000000
1.722 3.347042 0.000000
1.723 3.346795 0.000000
1.724 3.346548 0.000000
1.725 3.346300 0.000000
1.726 3.346053 0.000000
1.727 3.345806 0.000000
1.728 3.345559 0.000000
1.729 3.345311 0.000000
1.730 3.345064 0.000000
1.731 3.344817 0.000000
1.732 3.344569 0.000000
1.733 3.344322 0.000000
1.734 3.344075 0.000000
1.735 3.343828 0.000000
1.736 3.343580 0.000000
1.737 3.343333 0.000000
1.738 3.343090 0.000000
1.739 3.342850 0.000000
1.740 3.342609 0.000000
1.741 3.342368 0.000000
1.742 3.342127 0.000000
1.743 3.341887 0.000000
1.744 3.341646 0.000000
1.745 3.341405 0.000000
1.746 3.341164 0.000000
1.747 3.340923 0.000000
1.748 3.340683 0.000000
1.749 3.340442 0.000000
1.750 3.340201 0.000000
1.751 3.339960 0.000000
1.752 3.339720 0.000000
1.753 3.339479 0.000000
1.754 3.339238 0.000000
1.755 3.338997 0.000000
1.756 3.338762 0.000000
1.757 3.338527 0.000000
1.758 3.338293 0.000000
1.759 3.338058 0.000000
1.760 3.337823 0.000000
1.761 3.337588 0.000000
1.762 3.337354 0.000000
1.763 3.337119 0.000000
1.764 3.336884 0.000000
1.765 3.336649 0.000000
1.766 3.336415 0.000000
1.767 3.336180 0.000000
1.768 3.335945 0.000000
1.769 3.335710 0.000000
1.770 3.335476 0.000000
1.771 3.335241 0.000000
1.772 3.335006 0.000000
1.773 3.334772 0.000000
1.774 3.334542 0.000000
1.775 3.334315 0.000000
1.776 3.334087 0.000000
1.777 3.333859 0.000000
1.778 3.333632 0.000000
1.779 3.333404 0.000000
1.780 3.333177 0.000000
1.781 3.332949 0.000000
1.782 3.332721 0.000000
1.783 3.332494 0.000000
1.784 3.332266 0.000000
1.785 3.332039 0.000000
1.786 3.331811 0.000000
1.787 3.331583 0.000000
1.788 3.331356 0.000000
1.789 3.331128 0.000000
1.790 3.330901 0.000000
1.791 3.330673 0.000000
1.792 3.330447 0.000000
1.793 3.330224 0.000000
1.794 3.330002 0.000000
1.795 3.329780 0.000000
1.796 3.329558 0.000000
1.797 3.329336 0.000000
1.798 3.329113 0.000000
1.799 3.328891 0.000000
1.800 3.328669 0.000000
1.801 3.328447 0.000000
1.802 3.328224 0.000000
1.803 3.328002 0.000000
1.804 3.327780 0.000000
1.805 3.327558 0.000000
1.806 3.327336 0.000000
1.807 3.327113 0.000000
1.808 3.326891 0.000000
1.809 3.326669 0.000000
1.810 3.326447 0.000000
1.811 3.326226 0.000000
1.812 3.326009 0.000000
1.813 3.325793 0.000000
1.814 3.325576 0.000000
1.815 3.325359 0.000000
1.816 3.325143 0.000000
1.817 3.324926 0.000000
1.818 3.324709 0.000000
1.819 3.324493 0.000000
1.820 3.324276 0.000000
1.821 3.324059 0.000000
1.822 3.323843 0.000000
1.823 3.323626 0.000000
1.824 3.323409 0.000000
1.825 3.323193 0.000000
1.826 3.322976 0.000000
1.827 3.322759 0.000000
1.828 3.322543 0.000000
1.829 3.322326 0.000000
1.830 3.322109 0.000000
1.831 3.321898 0.000000
1.832 3.321687 0.000000
1.833 3.321476 0.000000
1.834 3.321265 0.000000
1.835 3.321054 0.000000
1.836 3.320842 0.000000
1.837 3.320631 0.000000
1.838 3.320420 0.000000
1.839 3.320209 0.000000
1.840 3.319998 0.000000
1.841 3.319787 0.000000
1.842 3.319575 0.000000
1.843 3.319364 0.000000
1.844 3.319153 0.000000
1.845 3.318942 0.000000
1.846 3.318731 0.000000
1.847 3.318520 0.000000
1.848 3.318309 0.000000
1.849 3.318097 0.000000
1.850 3.317887 0.000000
1.851 3.317681 0.000000
1.852 3.317475 0.000000
1.853 3.317269 0.000000
1.854 3.317063 0.000000
1.855 3.316857 0.000000
1.856 3.316651 0.000000
1.857 3.316445 0.000000
1.858 3.316239 0.000000
1.859 3.316033 0.000000
1.860 3.315827 0.000000
1.861 3.315621 0.000000
1.862 3.315415 0.000000
1.863 3.315209 0.000000
1.864 3.315003 0.000000
1.865 3.314797 0.000000
1.866 3.314591 0.000000
1.867 3.314384 0.000000
1.868 3.314178 0.000000
1.869 3.313972 0.000000
1.870 3.313767 0.000000
1.871 3.313566 0.000000
1.872 3.313366 0.000000
1.873 3.313165 0.000000
1.874 3.312965 0.000000
1.875 3.312764 0.000000
1.876 3.312564 0.000000
1.877 3.312364 0.000000
1.878 3.312163 0.000000
1.879 3.311963 0.000000
1.880 3.311762 0.000000
1.881 3.311562 0.000000
1.882 3.311362 0.000000
1.883 3.311161 0.000000
1.884 3.310961 0.000000
1.885 3.310760 0.000000
1.886 3.310560 0.000000
1.887 3.310359 0.000000
1.888 3.310159 0.000000
1.889 3.309959 0.000000
1.890 3.309758 0.000000
1.891 3.309560 0.000000
1.892 3.309364 0.000000
1.893 3.309168 0.000000
1.894 3.308973 0.000000
1.895 3.308777 0.000000
1.896 3.308581 0.000000
1.897 3.308385 0.000000
1.898 3.308189 0.000000
1.899 3.307994 0.000000
1.900 3.307798 0.000000
1.901 3.307602 0.000000
1.902 3.307406 0.000000
1.903 3.307211 0.000000
1.904 3.307015 0.000000
1.905 3.306819 0.000000
1.906 3.306623 0.000000
1.907 3.306428 0.000000
1.908 3.306232 0.000000
1.909 3.306036 0.000000
1.910 3.305840 0.000000
1.911 3.305644 0.000000
1.912 3.305451 0.000000
1.913 3.305262 0.000000
1.914 3.305073 0.000000
1.915 3.304884 0.000000
1.916 3.304695 0.000000
1.917 3.304506 0.000000
1.918 3.304317 0.000000
1.919 3.304128 0.000000
1.920 3.303939 0.000000
1.921 3.303750 0.000000
1.922 3.303561 0.000000
1.923 3.303373 0.000000
1.924 3.303184 0.000000
1.925 3.302995 0.000000
1.926 3.302806 0.000000
1.927 3.302617 0.000000
1.928 3.302428 0.000000
1.929 3.302239 0.000000
1.930 3.302050 0.000000
1.931 3.301861 0.000000
1.932 3.301672 0.000000
1.933 3.301483 0.000000
1.934 3.301298 0.000000
1.935 3.301113 0.000000
1.936 3.300929 0.000000
1.937 3.300745 0.000000
1.938 3.300561 0.000000
1.939 3.300377 0.000000
1.940 3.300192 0.000000
1.941 3.300008 0.000000
1.942 3.299824 0.000000
1.943 3.299640 0.000000
1.944 3.299455 0.000000
1.945 3.299271 0.000000
1.946 3.299087 0.000000
1.947 3.298903 0.000000
1.948 3.298718 0.000000
1.949 3.298534 0.000000
1.950 3.298350 0.000000