0.251 2.385497 3.493055
0.252 2.461337 3.492745
0.253 2.534948 3.491129
0.254 2.605587 3.488404
0.255 2.677049 3.486548
0.256 2.750618 3.485496
0.257 2.828490 3.483992
0.258 2.912998 3.479774
0.259 3.002890 3.469823
0.260 3.098708 3.450596
0.261 3.197550 3.419972
0.262 3.297426 3.377094
0.263 3.393043 3.320388
0.264 3.482865 3.251555
0.265 3.562956 3.171409
0.266 3.631600 3.082669
0.267 3.685866 2.988761
0.268 3.725926 2.892506
0.269 3.754158 2.797726
0.270 3.770737 2.705355
0.271 3.777900 2.617431
0.272 3.777398 2.535626
0.273 3.770346 2.459139
0.274 3.757762 2.389215
0.275 3.742039 2.327263
0.276 3.723687 2.269691
0.277 3.704274 2.217199
0.278 3.683413 2.169397
0.279 3.662262 2.125793
0.280 3.641302 2.086540
0.281 3.619781 2.050015
0.282 3.598750 2.016971
0.283 3.577247 1.986486
0.284 3.556398 1.959256
0.285 3.536274 1.933761
0.286 3.516688 1.910298
0.287 3.496935 1.889353
0.288 3.477832 1.869972
0.289 3.459472 1.852159
0.290 3.441801 1.837087
0.291 3.424220 1.822344
0.292 3.407046 1.809157
0.293 3.391322 1.797239
0.294 3.375971 1.786794
0.295 3.361054 1.776967
0.296 3.346676 1.768783
0.297 3.333009 1.761448
0.298 3.320921 1.754860
0.299 3.308583 1.748834
0.300 3.296726 1.743326
0.301 3.285579 1.738546
0.302 3.275092 1.734940
0.303 3.265090 1.731808
0.304 3.255708 1.728257
0.305 3.246819 1.726032
0.306 3.239104 1.723998
0.307 3.230953 1.722304
0.308 3.223675 1.721597
0.309 3.217174 1.720352
0.310 3.210262 1.719716
0.311 3.204373 1.719587
0.312 3.198815 1.719554
0.313 3.193612 1.719571
0.314 3.188611 1.720392
0.315 3.184515 1.721358
0.316 3.180415 1.722201
0.317 3.176061 1.722650
0.318 3.172753 1.724052
0.319 3.169678 1.725600
0.320 3.166869 1.727309
0.321 3.164263 1.729134
0.322 3.161852 1.731086
0.323 3.159738 1.733247
0.324 3.157766 1.735888
0.325 3.155982 1.738883
0.326 3.154461 1.741450
0.327 3.153063 1.744111
0.328 3.152890 1.747030
0.329 3.152035 1.750884
0.330 3.151278 1.754199
0.331 3.151731 1.757528
0.332 3.151364 1.761005
0.333 3.151546 1.765665
0.334 3.152289 1.769440
0.335 3.153424 1.773506
0.336 3.154115 1.778437
0.337 3.155669 1.782651
0.338 3.157168 1.787651
0.339 3.158693 1.792596
0.340 3.161011 1.797605
0.341 3.163622 1.803128
0.342 3.165400 1.808114
0.343 3.168441 1.814237
0.344 3.171683 1.819484
0.345 3.175247 1.825928
0.346 3.179017 1.831881
0.347 3.183299 1.838137
0.348 3.187415 1.844937
0.349 3.191908 1.850905
0.350 3.197416 1.857940
0.351 3.202750 1.865079
0.352 3.208466 1.871753
0.353 3.214642 1.879072
0.354 3.220632 1.886479
0.355 3.227692 1.894027
0.356 3.235653 1.901729
0.357 3.243633 1.909636
0.358 3.251789 1.917590
0.359 3.260929 1.925601
0.360 3.270965 1.933712
0.361 3.280720 1.941265
0.362 3.291638 1.948764
0.363 3.302842 1.956028
0.364 3.315276 1.962897
0.365 3.327168 1.969119
0.366 3.338595 1.975547
0.367 3.350320 1.981183
0.368 3.362370 1.987766
0.369 3.373765 1.994324
0.370 3.384794 2.001173
0.371 3.395818 2.008635
0.372 3.408169 2.017396
0.373 3.420744 2.027123
0.374 3.434039 2.037816
0.375 3.448822 2.049631
0.376 3.464950 2.061868
0.377 3.483562 2.074916
0.378 3.504789 2.088187
0.379 3.526832 2.101626
0.380 3.553041 2.113077
0.381 3.581285 2.124340
0.382 3.611356 2.134131
0.383 3.644062 2.141986
0.384 3.677996 2.148069
0.385 3.713533 2.150331
0.386 3.749149 2.151452
0.387 3.784748 2.148676
0.388 3.820207 2.144695
0.389 3.855218 2.138982
0.390 3.889854 2.131814
0.391 3.924273 2.123405
0.392 3.958573 2.113951
0.393 3.992799 2.103524
0.394 4.027069 2.091346
0.395 4.062241 2.078081
0.396 4.098085 2.063125
0.397 4.134297 2.046537
0.398 4.170799 2.027530
0.399 4.207417 2.005579
0.400 4.243756 1.980739
0.401 4.279035 1.952655
0.402 4.313358 1.921312
0.403 4.345990 1.887597
0.404 4.375875 1.850839
0.405 4.402817 1.811282
0.406 4.427687 1.770517
0.407 4.447577 1.727468
0.408 4.464866 1.684055
0.409 4.478144 1.640153
0.410 4.487776 1.596100
0.411 4.495441 1.552589
0.412 4.497527 1.511085
0.413 4.499116 1.469296
0.414 4.496475 1.430936
0.415 4.492399 1.393654
0.416 4.487106 1.357171
0.417 4.479985 1.323352
0.418 4.472468 1.291087
0.419 4.463787 1.260453
0.420 4.454211 1.231774
0.421 4.444265 1.204659
0.422 4.434018 1.178749
0.423 4.422589 1.154519
0.424 4.411892 1.130885
0.425 4.401218 1.108671
0.426 4.390469 1.088221
0.427 4.379735 1.068023
0.428 4.369022 1.048345
0.429 4.358315 1.030519
0.430 4.347641 1.012519
0.431 4.337035 0.995556
0.432 4.326544 0.979919
0.433 4.316090 0.964314
0.434 4.305712 0.949214
0.435 4.295559 0.935195
0.436 4.286011 0.921360
0.437 4.276188 0.907937
0.438 4.266269 0.895391
0.439 4.256409 0.883037
0.440 4.246658 0.871066
0.441 4.237656 0.859785
0.442 4.228614 0.848720
0.443 4.219225 0.837911
0.444 4.210134 0.827639
0.445 4.201891 0.817684
0.446 4.192906 0.807928
0.447 4.184403 0.798592
0.448 4.176301 0.789555
0.449 4.167740 0.780649
0.450 4.159780 0.772065
0.451 4.152071 0.763864
0.452 4.144398 0.755738
0.453 4.136600 0.747832
0.454 4.128682 0.740282
0.455 4.121740 0.732789
0.456 4.114298 0.725495
0.457 4.107345 0.718496
0.458 4.100394 0.711608
0.459 4.093453 0.704757
0.460 4.086727 0.698243
0.461 4.080148 0.691873
0.462 4.073548 0.685553
0.463 4.067048 0.679352
0.464 4.060842 0.673356
0.465 4.054348 0.667428
0.466 4.048512 0.661542
0.467 4.042016 0.655861
0.468 4.036567 0.650394
0.469 4.030831 0.644853
0.470 4.024888 0.639460
0.471 4.019111 0.634234
0.472 4.013446 0.629065
0.473 4.007663 0.623979
0.474 4.002186 0.618951
0.475 3.997217 0.614081
0.476 3.991683 0.609253
0.477 3.986435 0.604479
0.478 3.981535 0.599811
0.479 3.976285 0.595219
0.480 3.971284 0.590688
0.481 3.966424 0.586233
0.482 3.961330 0.581893
0.483 3.956309 0.577593
0.484 3.951244 0.573315
0.485 3.946660 0.569149
0.486 3.941981 0.565098
0.487 3.937044 0.561093
0.488 3.932647 0.557068
0.489 3.928041 0.553145
0.490 3.923262 0.549306
0.491 3.919083 0.545514
0.492 3.914949 0.541776
0.493 3.910439 0.538076
0.494 3.905899 0.534498
0.495 3.901876 0.530921
0.496 3.897409 0.527335
0.497 3.893061 0.523907
0.498 3.889189 0.520524
0.499 3.884786 0.517149
0.500 3.880590 0.513801
0.501 3.876879 0.510577
0.502 3.873187 0.507368
0.503 3.868799 0.504197
0.504 3.864877 0.501015
0.505 3.861291 0.497983
0.506 3.857744 0.494938
0.507 3.853387 0.491956
0.508 3.849678 0.489019
0.509 3.846200 0.486087
0.510 3.842052 0.483267
0.511 3.838405 0.480464
0.512 3.835030 0.477631
0.513 3.831552 0.474889
0.514 3.827790 0.472233
0.515 3.824186 0.469575
0.516 3.820947 0.466902
0.517 3.817565 0.464285
0.518 3.813908 0.461770
0.519 3.810442 0.459282
0.520 3.807311 0.456789
0.521 3.804216 0.454253
0.522 3.800379 0.451849
0.523 3.797234 0.449486
0.524 3.794248 0.447129
0.525 3.791295 0.444792
0.526 3.788228 0.442504
0.527 3.784926 0.440263
0.528 3.781635 0.438040
0.529 3.778782 0.435823
0.530 3.775924 0.433631
0.531 3.772465 0.431497
0.532 3.769447 0.429394
0.533 3.766639 0.427293
0.534 3.763842 0.425208
0.535 3.760755 0.423161
0.536 3.757588 0.421154
0.537 3.754987 0.419163
0.538 3.752386 0.417171
0.539 3.749808 0.415205
0.540 3.746736 0.413285
0.541 3.743851 0.411390
0.542 3.741247 0.409508
0.543 3.738706 0.407653
0.544 3.736022 0.405870
0.545 3.732965 0.404062
0.546 3.730478 0.402274
0.547 3.728098 0.400490
0.548 3.725732 0.398746
0.549 3.723221 0.397053
0.550 3.720101 0.395348
0.551 3.717830 0.393650
0.552 3.715567 0.391976
0.553 3.713317 0.390333
0.554 3.710918 0.388709
0.555 3.708149 0.387088
0.556 3.705762 0.385553
0.557 3.703549 0.383964
0.558 3.701264 0.382383
0.559 3.698807 0.380840
0.560 3.696174 0.379346
0.561 3.694115 0.377815
0.562 3.692057 0.376337
0.563 3.689977 0.374860
0.564 3.687762 0.373382
0.565 3.685079 0.371976
0.566 3.683055 0.370557
0.567 3.681106 0.369136
0.568 3.679164 0.367730
0.569 3.677239 0.366364
0.570 3.674585 0.364976
0.571 3.672468 0.363629
0.572 3.670601 0.362297
0.573 3.668737 0.360955
0.574 3.666902 0.359611
0.575 3.664567 0.358322
0.576 3.662313 0.357043
0.577 3.660550 0.355743
0.578 3.658788 0.354508
0.579 3.656610 0.353242
0.580 3.654415 0.351983
0.581 3.652606 0.350774
0.582 3.650916 0.349530
0.583 3.649232 0.348324
0.584 3.647416 0.347134
0.585 3.645106 0.345906
0.586 3.643318 0.344747
0.587 3.641679 0.343610
0.588 3.640092 0.342481
0.589 3.638505 0.341301
0.590 3.636471 0.340153
0.591 3.634368 0.339032
0.592 3.632844 0.337944
0.593 3.631329 0.336863
0.594 3.629816 0.335758
0.595 3.628303 0.334616
0.596 3.626138 0.333540
0.597 3.624353 0.332482
0.598 3.622920 0.331438
0.599 3.621501 0.330401
0.600 3.620041 0.329363
0.601 3.618458 0.328329
0.602 3.616436 0.327306
0.603 3.614890 0.326299
0.604 3.613532 0.325283
0.605 3.612182 0.324220
0.606 3.610631 0.323210
0.607 3.608982 0.322219
0.608 3.607240 0.321238
0.609 3.605853 0.320272
0.610 3.604564 0.319330
0.611 3.603283 0.318434
0.612 3.601611 0.317488
0.613 3.599927 0.316531
0.614 3.598508 0.315584
0.615 3.597246 0.314650
0.616 3.596041 0.313721
0.617 3.594846 0.312795
0.618 3.593207 0.311869
0.619 3.591445 0.310950
0.620 3.590274 0.310072
0.621 3.589120 0.309199
0.622 3.587977 0.308329
0.623 3.586651 0.307435
0.624 3.585212 0.306560
0.625 3.583631 0.305710
0.626 3.582462 0.304849
0.627 3.581363 0.303984
0.628 3.580284 0.303115
0.629 3.578833 0.302286
0.630 3.577257 0.301471
0.631 3.576103 0.300614
0.632 3.575001 0.299778
0.633 3.573956 0.298966
0.634 3.572886 0.298149
0.635 3.571695 0.297341
0.636 3.570120 0.296558
0.637 3.568885 0.295741
0.638 3.567875 0.294902
0.639 3.566889 0.294131
0.640 3.565764 0.293363
0.641 3.564322 0.292593
0.642 3.563116 0.291812
0.643 3.562038 0.291023
0.644 3.561085 0.290254
0.645 3.560118 0.289495
0.646 3.559118 0.288756
0.647 3.557856 0.288015
0.648 3.556430 0.287272
0.649 3.555493 0.286538
0.650 3.554599 0.285798
0.651 3.553706 0.285034
0.652 3.552536 0.284304
0.653 3.551094 0.283606
0.654 3.550104 0.282869
0.655 3.549242 0.282124
0.656 3.548402 0.281437
0.657 3.547563 0.280742
0.658 3.546724 0.280031
0.659 3.545605 0.279319
0.660 3.544268 0.278605
0.661 3.543325 0.277926
0.662 3.542480 0.277254
0.663 3.541694 0.276584
0.664 3.540848 0.275908
0.665 3.539828 0.275215
0.666 3.538770 0.274521
0.667 3.537669 0.273827
0.668 3.536800 0.273160
0.669 3.536044 0.272506
0.670 3.535292 0.271855
0.671 3.534512 0.271203
0.672 3.533206 0.270552
0.673 3.532031 0.269902
0.674 3.531310 0.269257
0.675 3.530601 0.268614
0.676 3.529910 0.267975
0.677 3.529183 0.267336
0.678 3.528425 0.266699
0.679 3.527397 0.266061
0.680 3.526243 0.265423
0.681 3.525492 0.264802
0.682 3.524831 0.264184
0.683 3.524189 0.263597
0.684 3.523538 0.263009
0.685 3.522693 0.262385
0.686 3.521830 0.261761
0.687 3.520872 0.261136
0.688 3.519997 0.260527
0.689 3.519377 0.259962
0.690 3.518760 0.259383
0.691 3.518152 0.258772
0.692 3.517390 0.258177
0.693 3.516394 0.257606
0.694 3.515516 0.257023
0.695 3.514781 0.256426
0.696 3.514123 0.255851
0.697 3.513541 0.255297
0.698 3.512969 0.254719
0.699 3.512405 0.254122
0.700 3.511732 0.253521
0.701 3.510975 0.252918
0.702 3.510236 0.252320
0.703 3.509510 0.251725
0.704 3.508845 0.251155
0.705 3.508223 0.250603
0.706 3.507616 0.250080
0.707 3.507022 0.249577
0.708 3.506426 0.249033
0.709 3.505831 0.248457
0.710 3.505235 0.247893
0.711 3.504640 0.247342
0.712 3.504058 0.246774
0.713 3.503489 0.246189
0.714 3.502926 0.245605
0.715 3.502370 0.245024
0.716 3.501813 0.244451
0.717 3.501256 0.243894
0.718 3.500699 0.243343
0.719 3.500143 0.242809
0.720 3.499593 0.242276
0.721 3.499065 0.241747
0.722 3.498538 0.241212
0.723 3.498017 0.240623
0.724 3.497496 0.240033
0.725 3.496992 0.239502
0.726 3.496488 0.238972
0.727 3.495987 0.238449
0.728 3.495487 0.237927
0.729 3.495002 0.237373
0.730 3.494522 0.236806
0.731 3.494055 0.236241
0.732 3.493597 0.235677
0.733 3.493142 0.235112
0.734 3.492689 0.234544
0.735 3.492235 0.233978
0.736 3.491781 0.233412
0.737 3.491327 0.232847
0.738 3.490890 0.232294
0.739 3.490452 0.231741
0.740 3.490025 0.231206
0.741 3.489601 0.230676
0.742 3.489177 0.230152
0.743 3.488754 0.229632
0.744 3.488334 0.229098
0.745 3.487917 0.228542
0.746 3.487502 0.227985
0.747 3.487094 0.227427
0.748 3.486686 0.226870
0.749 3.486281 0.226278
0.750 3.485876 0.225681
0.751 3.485477 0.225100
0.752 3.485080 0.224527
0.753 3.484682 0.223969
0.754 3.484282 0.223442
0.755 3.483882 0.222914
0.756 3.483512 0.222402
0.757 3.483143 0.221890
0.758 3.482788 0.221351
0.759 3.482439 0.220800
0.760 3.482092 0.220249
0.761 3.481748 0.219697
0.762 3.481403 0.219145
0.763 3.481065 0.218599
0.764 3.480726 0.218054
0.765 3.480398 0.217502
0.766 3.480075 0.216948
0.767 3.479755 0.216403
0.768 3.479443 0.215879
0.769 3.479130 0.215355
0.770 3.478820 0.214829
0.771 3.478509 0.214303
0.772 3.478198 0.213771
0.773 3.477886 0.213235
0.774 3.477576 0.212698
0.775 3.477283 0.212165
0.776 3.476989 0.211631
0.777 3.476699 0.211093
0.778 3.476411 0.210552
0.779 3.476123 0.210012
0.780 3.475834 0.209473
0.781 3.475546 0.208934
0.782 3.475260 0.208425
0.783 3.474975 0.207923
0.784 3.474699 0.207423
0.785 3.474446 0.206923
0.786 3.474193 0.206423
0.787 3.473962 0.205926
0.788 3.473737 0.205431
0.789 3.473511 0.204932
0.790 3.473286 0.204425
0.791 3.473060 0.203918
0.792 3.472838 0.203417
0.793 3.472616 0.202917
0.794 3.472396 0.202417
0.795 3.472182 0.201918
0.796 3.471967 0.201419
0.797 3.471757 0.200923
0.798 3.471549 0.200428
0.799 3.471341 0.199936
0.800 3.471136 0.199461
0.801 3.470931 0.198987
0.802 3.470726 0.198486
0.803 3.470520 0.197960
0.804 3.470314 0.197434
0.805 3.470136 0.196936
0.806 3.469962 0.196441
0.807 3.469793 0.195949
0.808 3.469639 0.195470
0.809 3.469485 0.194990
0.810 3.469335 0.194492
0.811 3.469188 0.193984
0.812 3.469040 0.193476
0.813 3.468888 0.192971
0.814 3.468736 0.192465
0.815 3.468593 0.191961
0.816 3.468471 0.191461
0.817 3.468348 0.190962
0.818 3.468237 0.190439
0.819 3.468132 0.189900
0.820 3.468028 0.189362
0.821 3.467926 0.188845
0.822 3.467824 0.188330
0.823 3.467723 0.187821
0.824 3.467623 0.187342
0.825 3.467523 0.186862
0.826 3.467442 0.186369
0.827 3.467388 0.185856
0.828 3.467334 0.185343
0.829 3.467295 0.184813
0.830 3.467264 0.184274
0.831 3.467233 0.183735
0.832 3.467205 0.183204
0.833 3.467178 0.182674
0.834 3.467151 0.182144
0.835 3.467124 0.181612
0.836 3.467098 0.181079
0.837 3.467085 0.180542
0.838 3.467118 0.179987
0.839 3.467150 0.179431
0.840 3.467194 0.178868
0.841 3.467254 0.178291
0.842 3.467315 0.177715
0.843 3.467377 0.177132
0.844 3.467441 0.176543
0.845 3.467504 0.175954
0.846 3.467569 0.175347
0.847 3.467635 0.174731
0.848 3.467700 0.174115
0.849 3.467794 0.173468
0.850 3.467899 0.172809
0.851 3.468003 0.172151
0.852 3.468122 0.171474
0.853 3.468245 0.170792
0.854 3.468368 0.170110
0.855 3.468493 0.169405
0.856 3.468619 0.168696
0.857 3.468744 0.167988
0.858 3.468871 0.167260
0.859 3.468997 0.166531
0.860 3.469124 0.165802
0.861 3.469257 0.164980
0.862 3.469390 0.164150
0.863 3.469523 0.163321
0.864 3.469660 0.162482
0.865 3.469797 0.161641
0.866 3.469934 0.160801
0.867 3.470073 0.159946
0.868 3.470212 0.159090
0.869 3.470350 0.158233
0.870 3.470490 0.157371
0.871 3.470629 0.156507
0.872 3.470769 0.155644
0.873 3.470862 0.154653
0.874 3.470944 0.153629
0.875 3.471025 0.152605
0.876 3.471091 0.151559
0.877 3.471149 0.150502
0.878 3.471208 0.149445
0.879 3.471266 0.148377
0.880 3.471325 0.147301
0.881 3.471384 0.146225
0.882 3.471444 0.145154
0.883 3.471504 0.144090
0.884 3.471565 0.143025
0.885 3.471579 0.141940
0.886 3.471485 0.140806
0.887 3.471391 0.139671
0.888 3.471289 0.138536
0.889 3.471138 0.137392
0.890 3.470986 0.136247
0.891 3.470834 0.135103
0.892 3.470681 0.133961
0.893 3.470528 0.132821
0.894 3.470375 0.131680
0.895 3.470224 0.130519
0.896 3.470074 0.129349
0.897 3.469923 0.128179
0.898 3.469701 0.127040
0.899 3.469392 0.125937
0.900 3.469083 0.124834
0.901 3.468764 0.123730
0.902 3.468399 0.122621
0.903 3.468034 0.121511
0.904 3.467669 0.120402
0.905 3.467304 0.119322
0.906 3.466939 0.118246
0.907 3.466574 0.117170
0.908 3.466210 0.116083
0.909 3.465848 0.114985
0.910 3.465485 0.113888
0.911 3.465109 0.112821
0.912 3.464683 0.111863
0.913 3.464256 0.110904
0.914 3.463830 0.109945
0.915 3.463386 0.109042
0.916 3.462940 0.108149
0.917 3.462494 0.107256
0.918 3.462048 0.106352
0.919 3.461604 0.105436
0.920 3.461159 0.104519
0.921 3.460715 0.103604
0.922 3.460274 0.102702
0.923 3.459833 0.101801
0.924 3.459392 0.100899
0.925 3.459003 0.100071
0.926 3.458649 0.099291
0.927 3.458295 0.098512
0.928 3.457945 0.097741
0.929 3.457623 0.097033
0.930 3.457301 0.096324
0.931 3.456979 0.095615
0.932 3.456660 0.094920
0.933 3.456344 0.094232
0.934 3.456027 0.093544
0.935 3.455711 0.092855
0.936 3.455401 0.092163
0.937 3.455091 0.091470
0.938 3.454781 0.090778
0.939 3.454709 0.090072
0.940 3.454827 0.089354
0.941 3.454945 0.088636
0.942 3.455063 0.087919
0.943 3.455319 0.087186
0.944 3.455578 0.086452
0.945 3.455837 0.085719
0.946 3.456103 0.084984
0.947 3.456379 0.084247
0.948 3.456656 0.083510
0.949 3.456932 0.082773
0.950 3.457224 0.082031
0.951 3.457522 0.081287
0.952 3.457820 0.080542
0.953 3.458133 0.079710
0.954 3.458623 0.077895
0.955 3.459113 0.076080
0.956 3.459603 0.074265
0.957 3.460125 0.072311
0.958 3.460695 0.070144
0.959 3.461265 0.067976
0.960 3.461835 0.065808
0.961 3.462420 0.063652
0.962 3.463012 0.061501
0.963 3.463604 0.059350
0.964 3.464196 0.057198
0.965 3.464785 0.055025
0.966 3.465374 0.052850
0.967 3.465963 0.050674
0.968 3.466214 0.048453
0.969 3.464650 0.045983
0.970 3.463086 0.043514
0.971 3.461522 0.041044
0.972 3.459958 0.038574
0.973 3.458394 0.036105
0.974 3.456830 0.033635
0.975 3.455266 0.031165
0.976 3.453506 0.028725
0.977 3.451651 0.026299
0.978 3.449796 0.023873
0.979 3.447941 0.021447
0.980 3.446086 0.019021
0.981 3.444232 0.016595
0.982 3.442377 0.014169
0.983 3.440502 0.011873
0.984 3.438390 0.011137
0.985 3.436278 0.010401
0.986 3.434165 0.009665
0.987 3.432053 0.008929
0.988 3.429941 0.008192
0.989 3.427829 0.007456
0.990 3.425716 0.006720
0.991 3.423609 0.006065
0.992 3.421509 0.005556
0.993 3.419410 0.005046
0.994 3.417310 0.004537
0.995 3.415211 0.004027
0.996 3.413112 0.003518
0.997 3.411012 0.003008
0.998 3.408913 0.002498
0.999 3.407135 0.002187
1.000 3.405652 0.002057
1.001 3.404170 0.001928
1.002 3.402687 0.001798
1.003 3.401205 0.001669
1.004 3.399722 0.001539
1.005 3.398240 0.001409
1.006 3.396757 0.001280
1.007 3.395329 0.001188
1.008 3.393945 0.001127
1.009 3.392560 0.001066
1.010 3.391175 0.001004
1.011 3.389791 0.000943
1.012 3.388406 0.000881
1.013 3.387022 0.000820
1.014 3.385637 0.000759
1.015 3.384371 0.000709
1.016 3.383241 0.000674
1.017 3.382111 0.000639
1.018 3.380982 0.000604
1.019 3.379852 0.000569
1.020 3.378723 0.000534
1.021 3.377593 0.000499
1.022 3.376463 0.000464
1.023 3.375350 0.000434
1.024 3.374291 0.000419
1.025 3.373231 0.000405
1.026 3.372171 0.000390
1.027 3.371111 0.000376
1.028 3.370051 0.000362
1.029 3.368991 0.000347
1.030 3.367931 0.000333
1.031 3.366871 0.000318
1.032 3.365939 0.000305
1.033 3.365024 0.000291
1.034 3.364110 0.000277
1.035 3.363195 0.000264
1.036 3.362280 0.000250
1.037 3.361365 0.000237
1.038 3.360450 0.000223
1.039 3.359536 0.000209
1.040 3.358642 0.000199
1.041 3.357783 0.000193
1.042 3.356923 0.000186
1.043 3.356064 0.000180
1.044 3.355205 0.000174
1.045 3.354345 0.000168
1.046 3.353486 0.000162
1.047 3.352627 0.000155
1.048 3.351767 0.000149
1.049 3.350982 0.000146
1.050 3.350222 0.000144
1.051 3.349461 0.000142
1.052 3.348701 0.000140
1.053 3.347941 0.000138
1.054 3.347180 0.000136
1.055 3.346420 0.000134
1.056 3.345660 0.000132
1.057 3.344900 0.000130
1.058 3.344176 0.000125
1.059 3.343455 0.000121
1.060 3.342733 0.000116
1.061 3.342011 0.000112
1.062 3.341290 0.000107
1.063 3.340568 0.000102
1.064 3.339846 0.000098
1.065 3.339124 0.000093
1.066 3.338405 0.000089
1.067 3.337741 0.000086
1.068 3.337077 0.000083
1.069 3.336413 0.000080
1.070 3.335749 0.000077
1.071 3.335085 0.000074
1.072 3.334421 0.000071
1.073 3.333758 0.000068
1.074 3.333094 0.000065
1.075 3.332430 0.000062
1.076 3.331794 0.000059
1.077 3.331160 0.000056
1.078 3.330526 0.000053
1.079 3.329892 0.000050
1.080 3.329258 0.000047
1.081 3.328623 0.000045
1.082 3.327989 0.000042
1.083 3.327355 0.000039
1.084 3.326721 0.000036
1.085 3.326118 0.000033
1.086 3.325527 0.000031
1.087 3.324936 0.000028
1.088 3.324345 0.000026
1.089 3.323754 0.000023
1.090 3.323163 0.000020
1.091 3.322572 0.000018
1.092 3.321981 0.000015
1.093 3.321390 0.000013
1.094 3.320809 0.000011
1.095 3.320247 0.000009
1.096 3.319685 0.000008
1.097 3.319123 0.000007
1.098 3.318561 0.000006
1.099 3.317999 0.000005
1.100 3.317437 0.000004
1.101 3.316875 0.000003
1.102 3.316314 0.000001
1.103 3.315752 0.000000
1.104 3.315214 0.000000
1.105 3.314685 0.000000
1.106 3.314156 0.000000
1.107 3.313627 0.000000
1.108 3.313097 0.000000
1.109 3.312568 0.000000
1.110 3.312039 0.000000
1.111 3.311510 0.000000
1.112 3.310980 0.000000
1.113 3.310452 0.000000
1.114 3.309947 0.000000
1.115 3.309442 0.000000
1.116 3.308937 0.000000
1.117 3.308432 0.000000
1.118 3.307927 0.000000
1.119 3.307422 0.000000
1.120 3.306917 0.000000
1.121 3.306412 0.000000
1.122 3.305907 0.000000
1.123 3.305404 0.000000
1.124 3.304920 0.000000
1.125 3.304435 0.000000
1.126 3.303950 0.000000
1.127 3.303466 0.000000
1.128 3.302981 0.000000
1.129 3.302497 0.000000
1.130 3.302012 0.000000
1.131 3.301528 0.000000
1.132 3.301043 0.000000
1.133 3.300560 0.000000
1.134 3.300101 0.000000
1.135 3.299643 0.000000
1.136 3.299185 0.000000
1.137 3.298727 0.000000
1.138 3.298268 0.000000
1.139 3.297810 0.000000
1.140 3.297352 0.000000
1.141 3.296894 0.000000
1.142 3.296435 0.000000
1.143 3.295977 0.000000
1.144 3.295532 0.000000
1.145 3.295090 0.000000
1.146 3.294648 0.000000
1.147 3.294206 0.000000
1.148 3.293765 0.000000
1.149 3.293323 0.000000
1.150 3.292881 0.000000
1.151 3.292440 0.000000
1.152 3.291998 0.000000
1.153 3.291556 0.000000
1.154 3.291122 0.000000
1.155 3.290704 0.000000
1.156 3.290285 0.000000
1.157 3.289867 0.000000
1.158 3.289449 0.000000
1.159 3.289030 0.000000
1.160 3.288612 0.000000
1.161 3.288194 0.000000
1.162 3.287775 0.000000
1.163 3.287357 0.000000
1.164 3.286939 0.000000
1.165 3.286528 0.000000
1.166 3.286120 0.000000
1.167 3.285713 0.000000
1.168 3.285306 0.000000
1.169 3.284898 0.000000
1.170 3.284491 0.000000
1.171 3.284083 0.000000
1.172 3.283676 0.000000
1.173 3.283268 0.000000
1.174 3.282861 0.000000
1.175 3.282454 0.000000
1.176 3.282071 0.000000
1.177 3.281693 0.000000
1.178 3.281315 0.000000
1.179 3.280937 0.000000
1.180 3.280559 0.000000
1.181 3.280181 0.000000
1.182 3.279803 0.000000
1.183 3.279425 0.000000
1.184 3.279047 0.000000
1.185 3.278670 0.000000
1.186 3.278292 0.000000
1.187 3.277921 0.000000
1.188 3.277553 0.000000
1.189 3.277185 0.000000
1.190 3.276817 0.000000
1.191 3.276449 0.000000
1.192 3.276081 0.000000
1.193 3.275712 0.000000
1.194 3.275344 0.000000
1.195 3.274976 0.000000
1.196 3.274608 0.000000
1.197 3.274240 0.000000
1.198 3.273882 0.000000
1.199 3.273534 0.000000
1.200 3.273187 0.000000
1.201 3.272839 0.000000
1.202 3.272491 0.000000
1.203 3.272143 0.000000
1.204 3.271795 0.000000
1.205 3.271448 0.000000
1.206 3.271100 0.000000
1.207 3.270752 0.000000
1.208 3.270404 0.000000
1.209 3.270057 0.000000
1.210 3.269714 0.000000
1.211 3.269370 0.000000
1.212 3.269027 0.000000
1.213 3.268684 0.000000
1.214 3.268341 0.000000
1.215 3.267998 0.000000
1.216 3.267654 0.000000
1.217 3.267311 0.000000
1.218 3.266968 0.000000
1.219 3.266625 0.000000
1.220 3.266282 0.000000
1.221 3.265946 0.000000
1.222 3.265624 0.000000
1.223 3.265302 0.000000
1.224 3.264980 0.000000
1.225 3.264657 0.000000
1.226 3.264335 0.000000
1.227 3.264013 0.000000
1.228 3.263691 0.000000
1.229 3.263369 0.000000
1.230 3.263047 0.000000
1.231 3.262725 0.000000
1.232 3.262403 0.000000
1.233 3.262082 0.000000
1.234 3.261764 0.000000
1.235 3.261446 0.000000
1.236 3.261127 0.000000
1.237 3.260809 0.000000
1.238 3.260490 0.000000
1.239 3.260172 0.000000
1.240 3.259854 0.000000
1.241 3.259535 0.000000
1.242 3.259217 0.000000
1.243 3.258899 0.000000
1.244 3.258580 0.000000
1.245 3.258267 0.000000
1.246 3.257969 0.000000
1.247 3.257670 0.000000
1.248 3.257372 0.000000
1.249 3.257073 0.000000
1.250 3.256775 0.000000
1.251 3.256476 0.000000
1.252 3.256178 0.000000
1.253 3.255879 0.000000
1.254 3.255581 0.000000
1.255 3.255282 0.000000
1.256 3.254984 0.000000
1.257 3.254685 0.000000
1.258 3.254391 0.000000
1.259 3.254097 0.000000
1.260 3.253804 0.000000
1.261 3.253510 0.000000
1.262 3.253216 0.000000
1.263 3.252923 0.000000
1.264 3.252629 0.000000
1.265 3.252335 0.000000
1.266 3.252042 0.000000
1.267 3.251748 0.000000
1.268 3.251454 0.000000
1.269 3.251161 0.000000
1.270 3.250872 0.000000
1.271 3.250601 0.000000
1.272 3.250330 0.000000
1.273 3.250059 0.000000
1.274 3.249788 0.000000
1.275 3.249517 0.000000
1.276 3.249246 0.000000
1.277 3.248975 0.000000
1.278 3.248704 0.000000
1.279 3.248433 0.000000
1.280 3.248162 0.000000
1.281 3.247891 0.000000
1.282 3.247620 0.000000
1.283 3.247351 0.000000
1.284 3.247084 0.000000
1.285 3.246818 0.000000
1.286 3.246551 0.000000
1.287 3.246285 0.000000
1.288 3.246018 0.000000
1.289 3.245751 0.000000
1.290 3.245485 0.000000
1.291 3.245218 0.000000
1.292 3.244952 0.000000
1.293 3.244685 0.000000
1.294 3.244419 0.000000
1.295 3.244152 0.000000
1.296 3.243887 0.000000
1.297 3.243633 0.000000
1.298 3.243378 0.000000
1.299 3.243123 0.000000
1.300 3.242869 0.000000
1.301 3.242614 0.000000
1.302 3.242359 0.000000
1.303 3.242105 0.000000
1.304 3.241850 0.000000
1.305 3.241595 0.000000
1.306 3.241341 0.000000
1.307 3.241086 0.000000
1.308 3.240831 0.000000
1.309 3.240577 0.000000
1.310 3.240326 0.000000
1.311 3.240076 0.000000
1.312 3.239827 0.000000
1.313 3.239578 0.000000
1.314 3.239329 0.000000
1.315 3.239079 0.000000
1.316 3.238830 0.000000
1.317 3.238581 0.000000
1.318 3.238332 0.000000
1.319 3.238083 0.000000
1.320 3.237833 0.000000
1.321 3.237584 0.000000
1.322 3.237335 0.000000
1.323 3.237086 0.000000
1.324 3.236850 0.000000
1.325 3.236616 0.000000
1.326 3.236381 0.000000
1.327 3.236146 0.000000
1.328 3.235912 0.000000
1.329 3.235677 0.000000
1.330 3.235442 0.000000
1.331 3.235208 0.000000
1.332 3.234973 0.000000
1.333 3.234738 0.000000
1.334 3.234504 0.000000
1.335 3.234269 0.000000
1.336 3.234034 0.000000
1.337 3.233800 0.000000
1.338 3.233571 0.000000
1.339 3.233343 0.000000
1.340 3.233114 0.000000
1.341 3.232886 0.000000
1.342 3.232658 0.000000
1.343 3.232429 0.000000
1.344 3.232201 0.000000
1.345 3.231973 0.000000
1.346 3.231744 0.000000
1.347 3.231516 0.000000
1.348 3.231287 0.000000
1.349 3.231059 0.000000
1.350 3.230831 0.000000
1.351 3.230602 0.000000
1.352 3.230382 0.000000
1.353 3.230167 0.000000
1.354 3.229951 0.000000
1.355 3.229736 0.000000
1.356 3.229521 0.000000
1.357 3.229305 0.000000
1.358 3.229090 0.000000
1.359 3.228874 0.000000
1.360 3.228659 0.000000
1.361 3.228444 0.000000
1.362 3.228228 0.000000
1.363 3.228013 0.000000
1.364 3.227798 0.000000
1.365 3.227582 0.000000
1.366 3.227367 0.000000
1.367 3.227156 0.000000
1.368 3.226946 0.000000
1.369 3.226736 0.000000
1.370 3.226526 0.000000
1.371 3.226316 0.000000
1.372 3.226106 0.000000
1.373 3.225895 0.000000
1.374 3.225685 0.000000
1.375 3.225475 0.000000
1.376 3.225265 0.000000
1.377 3.225055 0.000000
1.378 3.224845 0.000000
1.379 3.224634 0.000000
1.380 3.224424 0.000000
1.381 3.224214 0.000000
1.382 3.224013 0.000000
1.383 3.223811 0.000000
1.384 3.223609 0.000000
1.385 3.223407 0.000000
1.386 3.223206 0.000000
1.387 3.223004 0.000000
1.388 3.222802 0.000000
1.389 3.222600 0.000000
1.390 3.222398 0.000000
1.391 3.222197 0.000000
1.392 3.221995 0.000000
1.393 3.221793 0.000000
1.394 3.221591 0.000000
1.395 3.221390 0.000000
1.396 3.221188 0.000000
1.397 3.220992 0.000000
1.398 3.220797 0.000000
1.399 3.220603 0.000000
1.400 3.220408 0.000000
1.401 3.220214 0.000000
1.402 3.220020 0.000000
1.403 3.219825 0.000000
1.404 3.219631 0.000000
1.405 3.219436 0.000000
1.406 3.219242 0.000000
1.407 3.219047 0.000000
1.408 3.218853 0.000000
1.409 3.218658 0.000000
1.410 3.218464 0.000000
1.411 3.218270 0.000000
1.412 3.218076 0.000000
1.413 3.217892 0.000000
1.414 3.217708 0.000000
1.415 3.217524 0.000000
1.416 3.217339 0.000000
1.417 3.217155 0.000000
1.418 3.216971 0.000000
1.419 3.216786 0.000000
1.420 3.216602 0.000000
1.421 3.216418 0.000000
1.422 3.216233 0.000000
1.423 3.216049 0.000000
1.424 3.215865 0.000000
1.425 3.215681 0.000000
1.426 3.215496 0.000000
1.427 3.215312 0.000000
1.428 3.215129 0.000000
1.429 3.214950 0.000000
1.430 3.214772 0.000000
1.431 3.214593 0.000000
1.432 3.214415 0.000000
1.433 3.214236 0.000000
1.434 3.214058 0.000000
1.435 3.213879 0.000000
1.436 3.213701 0.000000
1.437 3.213522 0.000000
1.438 3.213344 0.000000
1.439 3.213165 0.000000
1.440 3.212987 0.000000
1.441 3.212808 0.000000
1.442 3.212630 0.000000
1.443 3.212451 0.000000
1.444 3.212273 0.000000
1.445 3.212099 0.000000
1.446 3.211927 0.000000
1.447 3.211755 0.000000
1.448 3.211583 0.000000
1.449 3.211411 0.000000
1.450 3.211238 0.000000
1.451 3.211066 0.000000
1.452 3.210894 0.000000
1.453 3.210722 0.000000
1.454 3.210550 0.000000
1.455 3.210378 0.000000
1.456 3.210205 0.000000
1.457 3.210033 0.000000
1.458 3.209861 0.000000
1.459 3.209689 0.000000
1.460 3.209517 0.000000
1.461 3.209345 0.000000
1.462 3.209179 0.000000
1.463 3.209013 0.000000
1.464 3.208847 0.000000
1.465 3.208682 0.000000
1.466 3.208516 0.000000
1.467 3.208350 0.000000
1.468 3.208184 0.000000
1.469 3.208018 0.000000
1.470 3.207852 0.000000
1.471 3.207686 0.000000
1.472 3.207520 0.000000
1.473 3.207355 0.000000
1.474 3.207189 0.000000
1.475 3.207023 0.000000
1.476 3.206857 0.000000
1.477 3.206691 0.000000
1.478 3.206525 0.000000
1.479 3.206364 0.000000
1.480 3.206204 0.000000
1.481 3.206043 0.000000
1.482 3.205883 0.000000
1.483 3.205722 0.000000
1.484 3.205561 0.000000
1.485 3.205401 0.000000
1.486 3.205240 0.000000
1.487 3.205080 0.000000
1.488 3.204919 0.000000
1.489 3.204758 0.000000
1.490 3.204598 0.000000
1.491 3.204437 0.000000
1.492 3.204277 0.000000
1.493 3.204116 0.000000
1.494 3.203955 0.000000
1.495 3.203795 0.000000
1.496 3.203637 0.000000
1.497 3.203483 0.000000
1.498 3.203330 0.000000
1.499 3.203176 0.000000
1.500 3.203022 0.000000
1.501 3.202868 0.000000
1.502 3.202714 0.000000
1.503 3.202560 0.000000
1.504 3.202407 0.000000
1.505 3.202253 0.000000
1.506 3.202099 0.000000
1.507 3.201945 0.000000
1.508 3.201791 0.000000
1.509 3.201637 0.000000
1.510 3.201483 0.000000
1.511 3.201330 0.000000
1.512 3.201176 0.000000
1.513 3.201022 0.000000
1.514 3.200870 0.000000
1.515 3.200721 0.000000
1.516 3.200571 0.000000
1.517 3.200422 0.000000
1.518 3.200272 0.000000
1.519 3.200123 0.000000
1.520 3.199973 0.000000
1.521 3.199824 0.000000
1.522 3.199674 0.000000
1.523 3.199525 0.000000
1.524 3.199375 0.000000
1.525 3.199226 0.000000
1.526 3.199076 0.000000
1.527 3.198927 0.000000
1.528 3.198777 0.000000
1.529 3.198627 0.000000
1.530 3.198478 0.000000
1.531 3.198328 0.000000
1.532 3.198180 0.000000
1.533 3.198041 0.000000
1.534 3.197901 0.000000
1.535 3.197761 0.000000
1.536 3.197621 0.000000
1.537 3.197481 0.000000
1.538 3.197342 0.000000
1.539 3.197202 0.000000
1.540 3.197062 0.000000
1.541 3.196922 0.000000
1.542 3.196783 0.000000
1.543 3.196643 0.000000
1.544 3.196503 0.000000
1.545 3.196363 0.000000
1.546 3.196224 0.000000
1.547 3.196084 0.000000
1.548 3.195944 0.000000
1.549 3.195804 0.000000
1.550 3.195665 0.000000
1.551 3.195526 0.000000
1.552 3.195391 0.000000
1.553 3.195256 0.000000
1.554 3.195121 0.000000
1.555 3.194986 0.000000
1.556 3.194851 0.000000
1.557 3.194716 0.000000
1.558 3.194580 0.000000
1.559 3.194445 0.000000
1.560 3.194310 0.000000
1.561 3.194175 0.000000
1.562 3.194040 0.000000
1.563 3.193905 0.000000
1.564 3.193770 0.000000
1.565 3.193635 0.000000
1.566 3.193500 0.000000
1.567 3.193365 0.000000
1.568 3.193229 0.000000
1.569 3.193094 0.000000
1.570 3.192959 0.000000
1.571 3.192829 0.000000
1.572 3.192698 0.000000
1.573 3.192567 0.000000
1.574 3.192437 0.000000
1.575 3.192306 0.000000
1.576 3.192176 0.000000
1.577 3.192045 0.000000
1.578 3.191914 0.000000
1.579 3.191784 0.000000
1.580 3.191653 0.000000
1.581 3.191522 0.000000
1.582 3.191392 0.000000
1.583 3.191261 0.000000
1.584 3.191130 0.000000
1.585 3.191000 0.000000
1.586 3.190869 0.000000
1.587 3.190739 0.000000
1.588 3.190608 0.000000
1.589 3.190477 0.000000
1.590 3.190347 0.000000
1.591 3.190218 0.000000
1.592 3.190089 0.000000
1.593 3.189961 0.000000
1.594 3.189832 0.000000
1.595 3.189703 0.000000
1.596 3.189574 0.000000
1.597 3.189445 0.000000
1.598 3.189316 0.000000
1.599 3.189187 0.000000
1.600 3.189059 0.000000
1.601 3.188930 0.000000
1.602 3.188801 0.000000
1.603 3.188672 0.000000
1.604 3.188543 0.000000
1.605 3.188414 0.000000
1.606 3.188286 0.000000
1.607 3.188157 0.000000
1.608 3.188028 0.000000
1.609 3.187899 0.000000
1.610 3.187770 0.000000
1.611 3.187651 0.000000
1.612 3.187532 0.000000
1.613 3.187414 0.000000
1.614 3.187295 0.000000
1.615 3.187177 0.000000
1.616 3.187058 0.000000
1.617 3.186939 0.000000
1.618 3.186821 0.000000
1.619 3.186702 0.000000
1.620 3.186584 0.000000
1.621 3.186465 0.000000
1.622 3.186346 0.000000
1.623 3.186228 0.000000
1.624 3.186109 0.000000
1.625 3.185991 0.000000
1.626 3.185872 0.000000
1.627 3.185754 0.000000
1.628 3.185635 0.000000
1.629 3.185516 0.000000
1.630 3.185398 0.000000
1.631 3.185279 0.000000
1.632 3.185163 0.000000
1.633 3.185047 0.000000
1.634 3.184931 0.000000
1.635 3.184815 0.000000
1.636 3.184699 0.000000
1.637 3.184583 0.000000
1.638 3.184467 0.000000
1.639 3.184351 0.000000
1.640 3.184234 0.000000
1.641 3.184118 0.000000
1.642 3.184002 0.000000
1.643 3.183886 0.000000
1.644 3.183770 0.000000
1.645 3.183654 0.000000
1.646 3.183538 0.000000
1.647 3.183422 0.000000
1.648 3.183306 0.000000
1.649 3.183189 0.000000
1.650 3.183073 0.000000
1.651 3.182957 0.000000
1.652 3.182841 0.000000
1.653 3.182731 0.000000
1.654 3.182622 0.000000
1.655 3.182513 0.000000
1.656 3.182403 0.000000
1.657 3.182294 0.000000
1.658 3.182185 0.000000
1.659 3.182076 0.000000
1.660 3.181967 0.000000
1.661 3.181858 0.000000
1.662 3.181749 0.000000
1.663 3.181640 0.000000
1.664 3.181531 0.000000
1.665 3.181422 0.000000
1.666 3.181313 0.000000
1.667 3.181204 0.000000
1.668 3.181095 0.000000
1.669 3.180986 0.000000
1.670 3.180877 0.000000
1.671 3.180768 0.000000
1.672 3.180659 0.000000
1.673 3.180550 0.000000
1.674 3.180441 0.000000
1.675 3.180333 0.000000
1.676 3.180226 0.000000
1.677 3.180118 0.000000
1.678 3.180010 0.000000
1.679 3.179903 0.000000
1.680 3.179795 0.000000
1.681 3.179687 0.000000
1.682 3.179580 0.000000
1.683 3.179472 0.000000
1.684 3.179365 0.000000
1.685 3.179257 0.000000
1.686 3.179149 0.000000
1.687 3.179042 0.000000
1.688 3.178934 0.000000
1.689 3.178827 0.000000
1.690 3.178719 0.000000
1.691 3.178611 0.000000
1.692 3.178504 0.000000
1.693 3.178396 0.000000
1.694 3.178289 0.000000
1.695 3.178181 0.000000
1.696 3.178073 0.000000
1.697 3.177968 0.000000
1.698 3.177868 0.000000
1.699 3.177767 0.000000
1.700 3.177667 0.000000
1.701 3.177566 0.000000
1.702 3.177466 0.000000
1.703 3.177365 0.000000
1.704 3.177265 0.000000
1.705 3.177164 0.000000
1.706 3.177064 0.000000
1.707 3.176963 0.000000
1.708 3.176862 0.000000
1.709 3.176762 0.000000
1.710 3.176661 0.000000
1.711 3.176561 0.000000
1.712 3.176460 0.000000
1.713 3.176360 0.000000
1.714 3.176259 0.000000
1.715 3.176159 0.000000
1.716 3.176058 0.000000
1.717 3.175958 0.000000
1.718 3.175857 0.000000
1.719 3.175757 0.000000
1.720 3.175657 0.000000
1.721 3.175558 0.000000
1.722 3.175459 0.000000
1.723 3.175360 0.000000
1.724 3.175261 0.000000
1.725 3.175162 0.000000
1.726 3.175063 0.000000
1.727 3.174964 0.000000
1.728 3.174865 0.000000
1.729 3.174766 0.000000
1.730 3.174667 0.000000
1.731 3.174568 0.000000
1.732 3.174469 0.000000
1.733 3.174370 0.000000
1.734 3.174272 0.000000
1.735 3.174173 0.000000
1.736 3.174074 0.000000
1.737 3.173975 0.000000
1.738 3.173876 0.000000
1.739 3.173777 0.000000
1.740 3.173678 0.000000
1.741 3.173579 0.000000
1.742 3.173480 0.000000
1.743 3.173381 0.000000
1.744 3.173285 0.000000
1.745 3.173193 0.000000
1.746 3.173101 0.000000
1.747 3.173008 0.000000
1.748 3.172916 0.000000
1.749 3.172824 0.000000
1.750 3.172731 0.000000
1.751 3.172639 0.000000
1.752 3.172547 0.000000
1.753 3.172454 0.000000
1.754 3.172362 0.000000
1.755 3.172270 0.000000
1.756 3.172177 0.000000
1.757 3.172085 0.000000
1.758 3.171993 0.000000
1.759 3.171900 0.000000
1.760 3.171808 0.000000
1.761 3.171716 0.000000
1.762 3.171624 0.000000
1.763 3.171531 0.000000
1.764 3.171439 0.000000
1.765 3.171347 0.000000
1.766 3.171254 0.000000
1.767 3.171162 0.000000
1.768 3.171070 0.000000
1.769 3.170979 0.000000
1.770 3.170889 0.000000
1.771 3.170798 0.000000
1.772 3.170708 0.000000
1.773 3.170617 0.000000
1.774 3.170527 0.000000
1.775 3.170436 0.000000
1.776 3.170346 0.000000
1.777 3.170255 0.000000
1.778 3.170165 0.000000
1.779 3.170074 0.000000
1.780 3.169984 0.000000
1.781 3.169894 0.000000
1.782 3.169803 0.000000
1.783 3.169713 0.000000
1.784 3.169622 0.000000
1.785 3.169532 0.000000
1.786 3.169441 0.000000
1.787 3.169351 0.000000
1.788 3.169260 0.000000
1.789 3.169170 0.000000
1.790 3.169079 0.000000
1.791 3.168989 0.000000
1.792 3.168898 0.000000
1.793 3.168808 0.000000
1.794 3.168722 0.000000
1.795 3.168638 0.000000
1.796 3.168553 0.000000
1.797 3.168468 0.000000
1.798 3.168383 0.000000
1.799 3.168298 0.000000
1.800 3.168214 0.000000
1.801 3.168129 0.000000
1.802 3.168044 0.000000
1.803 3.167959 0.000000
1.804 3.167874 0.000000
1.805 3.167789 0.000000
1.806 3.167705 0.000000
1.807 3.167620 0.000000
1.808 3.167535 0.000000
1.809 3.167450 0.000000
1.810 3.167365 0.000000
1.811 3.167280 0.000000
1.812 3.167196 0.000000
1.813 3.167111 0.000000
1.814 3.167026 0.000000
1.815 3.166941 0.000000
1.816 3.166856 0.000000
1.817 3.166772 0.000000
1.818 3.166687 0.000000
1.819 3.166602 0.000000
1.820 3.166519 0.000000
1.821 3.166437 0.000000
1.822 3.166354 0.000000
1.823 3.166271 0.000000
1.824 3.166188 0.000000
1.825 3.166106 0.000000
1.826 3.166023 0.000000
1.827 3.165940 0.000000
1.828 3.165857 0.000000
1.829 3.165774 0.000000
1.830 3.165692 0.000000
1.831 3.165609 0.000000
1.832 3.165526 0.000000
1.833 3.165443 0.000000
1.834 3.165361 0.000000
1.835 3.165278 0.000000
1.836 3.165195 0.000000
1.837 3.165112 0.000000
1.838 3.165030 0.000000
1.839 3.164947 0.000000
1.840 3.164864 0.000000
1.841 3.164781 0.000000
1.842 3.164699 0.000000
1.843 3.164616 0.000000
1.844 3.164533 0.000000
1.845 3.164450 0.000000
1.846 3.164370 0.000000
1.847 3.164292 0.000000
1.848 3.164214 0.000000
1.849 3.164137 0.000000
1.850 3.164059 0.000000
1.851 3.163981 0.000000
1.852 3.163903 0.000000
1.853 3.163826 0.000000
1.854 3.163748 0.000000
1.855 3.163670 0.000000
1.856 3.163592 0.000000
1.857 3.163515 0.000000
1.858 3.163437 0.000000
1.859 3.163359 0.000000
1.860 3.163282 0.000000
1.861 3.163204 0.000000
1.862 3.163126 0.000000
1.863 3.163048 0.000000
1.864 3.162971 0.000000
1.865 3.162893 0.000000
1.866 3.162815 0.000000
1.867 3.162737 0.000000
1.868 3.162660 0.000000
1.869 3.162582 0.000000
1.870 3.162504 0.000000
1.871 3.162426 0.000000
1.872 3.162349 0.000000
1.873 3.162271 0.000000
1.874 3.162195 0.000000
1.875 3.162120 0.000000
1.876 3.162044 0.000000
1.877 3.161969 0.000000
1.878 3.161893 0.000000
1.879 3.161818 0.000000
1.880 3.161742 0.000000
1.881 3.161667 0.000000
1.882 3.161591 0.000000
1.883 3.161515 0.000000
1.884 3.161440 0.000000
1.885 3.161364 0.000000
1.886 3.161289 0.000000
1.887 3.161213 0.000000
1.888 3.161138 0.000000
1.889 3.161062 0.000000
1.890 3.160987 0.000000
1.891 3.160911 0.000000
1.892 3.160835 0.000000
1.893 3.160760 0.000000
1.894 3.160684 0.000000
1.895 3.160609 0.000000
1.896 3.160533 0.000000
1.897 3.160458 0.000000
1.898 3.160382 0.000000
1.899 3.160307 0.000000
1.900 3.160231 0.000000
1.901 3.160156 0.000000
1.902 3.160084 0.000000
1.903 3.160012 0.000000
1.904 3.159941 0.000000
1.905 3.159870 0.000000
1.906 3.159798 0.000000
1.907 3.159727 0.000000
1.908 3.159656 0.000000
1.909 3.159584 0.000000
1.910 3.159513 0.000000
1.911 3.159442 0.000000
1.912 3.159370 0.000000
1.913 3.159299 0.000000
1.914 3.159228 0.000000
1.915 3.159156 0.000000
1.916 3.159085 0.000000
1.917 3.159014 0.000000
1.918 3.158942 0.000000
1.919 3.158871 0.000000
1.920 3.158800 0.000000
1.921 3.158729 0.000000
1.922 3.158657 0.000000
1.923 3.158586 0.000000
1.924 3.158515 0.000000
1.925 3.158443 0.000000
1.926 3.158372 0.000000
1.927 3.158301 0.000000
1.928 3.158229 0.000000
1.929 3.158158 0.000000
1.930 3.158087 0.000000
1.931 3.158017 0.000000
1.932 3.157948 0.000000
1.933 3.157879 0.000000
1.934 3.157810 0.000000
1.935 3.157741 0.000000
1.936 3.157672 0.000000
1.937 3.157603 0.000000
1.938 3.157534 0.000000
1.939 3.157465 0.000000
1.940 3.157396 0.000000
1.941 3.157327 0.000000
1.942 3.157258 0.000000
1.943 3.157190 0.000000
1.944 3.157121 0.000000
1.945 3.157052 0.000000
1.946 3.156983 0.000000
1.947 3.156914 0.000000
1.948 3.156845 0.000000
1.949 3.156776 0.000000
1.950 3.156707 0.000000