0.253 2.008030 3.224039
0.258 2.246513 3.288855
0.263 2.509576 3.329186
0.268 2.809805 3.286734
0.273 3.077177 3.148681
0.278 3.268848 2.960964
0.283 3.395692 2.762254
0.288 3.465726 2.568604
0.293 3.493766 2.394387
0.298 3.488267 2.244097
0.303 3.462631 2.128291
0.308 3.426033 2.034586
0.313 3.389135 1.969218
0.318 3.351922 1.917763
0.323 3.320293 1.883035
0.328 3.295657 1.860912
0.333 3.273785 1.847235
0.338 3.261702 1.844364
0.343 3.250771 1.838839
0.348 3.247885 1.840955
0.353 3.245844 1.850676
0.358 3.251662 1.860070
0.363 3.259039 1.869092
0.368 3.274107 1.882931
0.373 3.289695 1.895331
0.378 3.310498 1.913625
0.383 3.334965 1.930169
0.388 3.363093 1.950709
0.393 3.401384 1.975847
0.398 3.444388 2.003330
0.403 3.505858 2.030736
0.408 3.586005 2.047000
0.413 3.681267 2.029876
0.418 3.748368 1.985995
0.423 3.776569 1.942489
0.428 3.792207 1.936884
0.433 3.823150 1.962375
0.438 3.893264 2.004030
0.443 4.015632 2.041351
0.448 4.176383 2.028421
0.453 4.335198 1.963288
0.458 4.478219 1.846185
0.463 4.579629 1.686595
0.468 4.625606 1.510980
0.473 4.616739 1.358677
0.478 4.585349 1.229174
0.483 4.540301 1.128297
0.488 4.492505 1.047679
0.493 4.449512 0.979792
0.498 4.407107 0.927205
0.503 4.372504 0.881390
0.508 4.336815 0.842173
0.513 4.304681 0.807346
0.518 4.273761 0.776517
0.523 4.249107 0.748919
0.528 4.224352 0.723841
0.533 4.201588 0.700966
0.538 4.180123 0.679737
0.543 4.160436 0.659775
0.548 4.141573 0.640706
0.553 4.125250 0.623170
0.558 4.109337 0.606245
0.563 4.093411 0.590410
0.568 4.078393 0.575328
0.573 4.063477 0.560692
0.578 4.052063 0.546882
0.583 4.038681 0.533442
0.588 4.027234 0.520677
0.593 4.015942 0.508187
0.598 4.004621 0.496322
0.603 3.993322 0.484696
0.608 3.982650 0.473606
0.613 3.972038 0.462919
0.618 3.961425 0.452156
0.623 3.955623 0.442271
0.628 3.946773 0.432567
0.633 3.936877 0.423040
0.638 3.926839 0.413673
0.643 3.918196 0.404448
0.648 3.911495 0.396071
0.653 3.904107 0.387223
0.658 3.894491 0.379080
0.663 3.888043 0.371149
0.668 3.880712 0.363349
0.673 3.872804 0.355690
0.678 3.863995 0.348530
0.683 3.860451 0.341446
0.688 3.852071 0.334423
0.693 3.844052 0.327537
0.698 3.837612 0.320966
0.703 3.831978 0.314325
0.708 3.823513 0.308044
0.713 3.819774 0.302005
0.718 3.812483 0.296320
0.723 3.805451 0.290301
0.728 3.801890 0.284965
0.733 3.793535 0.279638
0.738 3.789278 0.273789
0.743 3.783524 0.268829
0.748 3.776229 0.264230
0.753 3.773033 0.259170
0.758 3.765340 0.254450
0.763 3.761559 0.249981
0.768 3.755800 0.245629
0.773 3.748881 0.241356
0.778 3.746239 0.237171
0.783 3.738445 0.233226
0.788 3.735501 0.229330
0.793 3.729124 0.225469
0.798 3.725451 0.222084
0.803 3.720031 0.218640
0.808 3.713335 0.215289
0.813 3.711116 0.212074
0.818 3.705847 0.208964
0.823 3.701974 0.206212
0.828 3.696695 0.203204
0.833 3.693612 0.200437
0.838 3.686977 0.197915
0.843 3.684835 0.195412
0.848 3.680248 0.192939
0.853 3.676514 0.190807
0.858 3.672717 0.188709
0.863 3.668118 0.186670
0.868 3.665555 0.184753
0.873 3.660233 0.182974
0.878 3.658960 0.181164
0.883 3.655454 0.178764
0.888 3.652064 0.176989
0.893 3.649772 0.175939
0.898 3.647514 0.174139
0.903 3.645469 0.171960
0.908 3.643483 0.170002
0.913 3.641535 0.168582
0.918 3.639635 0.166612
0.923 3.637892 0.165016
0.928 3.636178 0.163208
0.933 3.634424 0.160976
0.938 3.632691 0.158741
0.943 3.631033 0.156750
0.948 3.629470 0.155185
0.953 3.627992 0.153338
0.958 3.626498 0.150903
0.963 3.624979 0.148133
0.968 3.623494 0.146203
0.973 3.622051 0.144595
0.978 3.620690 0.142528
0.983 3.619423 0.140425
0.988 3.618155 0.138399
0.993 3.616856 0.136685
0.998 3.615552 0.134934
1.003 3.614323 0.133062
1.008 3.613130 0.131109
1.013 3.611939 0.129396
1.018 3.610778 0.128189
1.023 3.609706 0.127111
1.028 3.608696 0.125974
1.033 3.607700 0.124847
1.038 3.606699 0.123792
1.043 3.605720 0.122952
1.048 3.604760 0.121885
1.053 3.603795 0.120645
1.058 3.602877 0.119819
1.063 3.602022 0.118815
1.068 3.601142 0.117692
1.073 3.600244 0.116528
1.078 3.599374 0.115175
1.083 3.598533 0.114152
1.088 3.597734 0.113429
1.093 3.596985 0.112566
1.098 3.596262 0.111603
1.103 3.595573 0.110522
1.108 3.594916 0.109438
1.113 3.594319 0.108430
1.118 3.593747 0.107436
1.123 3.593206 0.106428
1.128 3.592694 0.105437
1.133 3.592223 0.104482
1.138 3.591774 0.103502
1.143 3.591346 0.102471
1.148 3.590939 0.101434
1.153 3.590550 0.100411
1.158 3.590179 0.099429
1.163 3.589825 0.098488
1.168 3.589471 0.097569
1.173 3.589111 0.096669
1.178 3.588753 0.095750
1.183 3.588397 0.094777
1.188 3.588029 0.093769
1.193 3.587649 0.092727
1.198 3.587220 0.091595
1.203 3.586767 0.090428
1.208 3.586314 0.089319
1.213 3.585856 0.088296
1.218 3.585352 0.087247
1.223 3.584793 0.086167
1.228 3.584247 0.085035
1.233 3.583707 0.083896
1.238 3.583171 0.082780
1.243 3.582638 0.081701
1.248 3.582116 0.080671
1.253 3.581611 0.079658
1.258 3.581143 0.078601
1.263 3.580731 0.077481
1.268 3.580389 0.076291
1.273 3.580122 0.075036
1.278 3.579939 0.073772
1.283 3.579859 0.072477
1.288 3.579900 0.071136
1.293 3.580117 0.069727
1.298 3.580662 0.068121
1.303 3.581441 0.066440
1.308 3.582423 0.064737
1.313 3.583709 0.062937
1.318 3.585280 0.061009
1.323 3.587173 0.058958
1.328 3.589584 0.056745
1.333 3.592201 0.054368
1.338 3.594759 0.051852
1.343 3.597156 0.049172
1.348 3.598063 0.044218
1.353 3.597918 0.038708
1.358 3.596725 0.033129
1.363 3.594428 0.027101
1.368 3.591552 0.021422
1.373 3.588036 0.016066
1.378 3.583517 0.011576
1.383 3.578723 0.008022
1.388 3.573593 0.005591
1.393 3.568381 0.003923
1.398 3.563158 0.002634
1.403 3.557974 0.001826
1.408 3.552950 0.001262
1.413 3.548035 0.000860
1.418 3.543465 0.000624
1.423 3.539044 0.000431
1.428 3.534922 0.000296
1.433 3.531099 0.000205
1.438 3.527442 0.000141
1.443 3.524092 0.000102
1.448 3.520835 0.000071
1.453 3.517821 0.000051
1.458 3.514942 0.000036
1.463 3.512189 0.000025
1.468 3.509564 0.000018
1.473 3.506978 0.000012
1.478 3.504456 0.000009
1.483 3.501946 0.000006
1.488 3.499484 0.000005
1.493 3.497046 0.000003
1.498 3.494646 0.000002
1.503 3.492276 0.000002
1.508 3.489930 0.000001
1.513 3.487624 0.000001
1.518 3.485337 0.000001
1.523 3.483095 0.000000
1.528 3.480864 0.000000
1.533 3.478680 0.000000
1.538 3.476501 0.000000
1.543 3.474375 0.000000
1.548 3.472251 0.000000
1.553 3.470174 0.000000
1.558 3.468100 0.000000
1.563 3.466075 0.000000
1.568 3.464051 0.000000
1.573 3.462076 0.000000
1.578 3.460102 0.000000
1.583 3.458173 0.000000
1.588 3.456245 0.000000
1.593 3.454362 0.000000
1.598 3.452481 0.000000
1.603 3.450637 0.000000
1.608 3.448800 0.000000
1.613 3.446997 0.000000
1.618 3.445206 0.000000
1.623 3.443442 0.000000
1.628 3.441695 0.000000
1.633 3.439967 0.000000
1.638 3.438264 0.000000
1.643 3.436570 0.000000
1.648 3.434908 0.000000
1.653 3.433247 0.000000
1.658 3.431625 0.000000
1.663 3.430003 0.000000
1.668 3.428412 0.000000
1.673 3.426830 0.000000
1.678 3.425267 0.000000
1.683 3.423726 0.000000
1.688 3.422190 0.000000
1.693 3.420687 0.000000
1.698 3.419184 0.000000
1.703 3.417710 0.000000
1.708 3.416244 0.000000
1.713 3.414792 0.000000
1.718 3.413362 0.000000
1.723 3.411932 0.000000
1.728 3.410537 0.000000
1.733 3.409143 0.000000
1.738 3.407768 0.000000
1.743 3.406410 0.000000
1.748 3.405053 0.000000
1.753 3.403731 0.000000
1.758 3.402409 0.000000
1.763 3.401103 0.000000
1.768 3.399814 0.000000
1.773 3.398525 0.000000
1.778 3.397266 0.000000
1.783 3.396009 0.000000
1.788 3.394763 0.000000
1.793 3.393538 0.000000
1.798 3.392314 0.000000
1.803 3.391111 0.000000
1.808 3.389919 0.000000
1.813 3.388726 0.000000
1.818 3.387566 0.000000
1.823 3.386405 0.000000
1.828 3.385253 0.000000
1.833 3.384122 0.000000
1.838 3.382991 0.000000
1.843 3.381875 0.000000
1.848 3.380773 0.000000
1.853 3.379672 0.000000
1.858 3.378591 0.000000
1.863 3.377518 0.000000
1.868 3.376446 0.000000
1.873 3.375398 0.000000
1.878 3.374355 0.000000
1.883 3.373311 0.000000
1.888 3.372295 0.000000
1.893 3.371280 0.000000
1.898 3.370266 0.000000
1.903 3.369276 0.000000
1.908 3.368287 0.000000
1.913 3.367300 0.000000
1.918 3.366337 0.000000
1.923 3.365375 0.000000
1.928 3.364413 0.000000
1.933 3.363477 0.000000
1.938 3.362540 0.000000
1.943 3.361604 0.000000
1.948 3.360692 0.000000