0.253 1.924072 3.194381
0.254 1.971674 3.213773
0.255 2.012705 3.230747
0.256 2.051618 3.244039
0.257 2.094794 3.257291
0.258 2.138205 3.270571
0.259 2.182060 3.283844
0.260 2.226437 3.296974
0.261 2.277223 3.309720
0.262 2.323582 3.320923
0.263 2.373570 3.326099
0.264 2.425552 3.333587
0.265 2.478563 3.332364
0.266 2.537538 3.333655
0.267 2.591420 3.328695
0.268 2.643169 3.320867
0.269 2.700189 3.311692
0.270 2.752263 3.296301
0.271 2.806622 3.279973
0.272 2.856859 3.263112
0.273 2.907587 3.240275
0.274 2.955383 3.215162
0.275 3.002888 3.189785
0.276 3.046711 3.163040
0.277 3.086844 3.133369
0.278 3.125944 3.100471
0.279 3.164141 3.068121
0.280 3.201416 3.036678
0.281 3.233928 3.001847
0.282 3.264087 2.961986
0.283 3.293132 2.926207
0.284 3.319707 2.891133
0.285 3.342665 2.853716
0.286 3.364652 2.814904
0.287 3.386189 2.778005
0.288 3.401923 2.742467
0.289 3.417541 2.706154
0.290 3.434374 2.669032
0.291 3.445547 2.633933
0.292 3.455067 2.596602
0.293 3.464266 2.560931
0.294 3.472599 2.528641
0.295 3.477173 2.494966
0.296 3.478653 2.464397
0.297 3.482181 2.432643
0.298 3.486876 2.402753
0.299 3.487858 2.371376
0.300 3.485803 2.342260
0.301 3.483331 2.316121
0.302 3.480897 2.290424
0.303 3.478532 2.264948
0.304 3.476240 2.241473
0.305 3.470153 2.221575
0.306 3.464533 2.199133
0.307 3.458619 2.180020
0.308 3.452472 2.157337
0.309 3.447293 2.139027
0.310 3.440726 2.120602
0.311 3.436303 2.105504
0.312 3.429400 2.087974
0.313 3.420836 2.073331
0.314 3.414939 2.060957
0.315 3.407907 2.048871
0.316 3.403134 2.036889
0.317 3.397201 2.025011
0.318 3.389314 2.013205
0.319 3.383323 2.001479
0.320 3.376426 1.989829
0.321 3.369079 1.981389
0.322 3.362772 1.974099
0.323 3.355475 1.965317
0.324 3.352121 1.959082
0.325 3.346099 1.949765
0.326 3.340751 1.943974
0.327 3.333808 1.937772
0.328 3.330661 1.931344
0.329 3.324197 1.927337
0.330 3.321160 1.921152
0.331 3.315429 1.918568
0.332 3.312042 1.913268
0.333 3.307750 1.910735
0.334 3.303213 1.906539
0.335 3.299637 1.903124
0.336 3.294378 1.901878
0.337 3.290900 1.899048
0.338 3.289620 1.894972
0.339 3.284976 1.893736
0.340 3.281249 1.893609
0.341 3.279890 1.893711
0.342 3.279405 1.893825
0.343 3.278000 1.893008
0.344 3.272494 1.888081
0.345 3.270136 1.886289
0.346 3.269280 1.885990
0.347 3.268896 1.886156
0.348 3.268532 1.886333
0.349 3.268189 1.886523
0.350 3.267863 1.886723
0.351 3.267556 1.886932
0.352 3.267260 1.887149
0.353 3.266981 1.887375
0.354 3.266730 1.887620
0.355 3.266492 1.888130
0.356 3.266264 1.893216
0.357 3.266050 1.895859
0.358 3.265854 1.897061
0.359 3.265674 1.897351
0.360 3.265507 1.897650
0.361 3.266366 1.897960
0.362 3.270867 1.898293
0.363 3.273260 1.901434
0.364 3.273379 1.904917
0.365 3.273709 1.907585
0.366 3.278235 1.908062
0.367 3.280761 1.908437
0.368 3.281416 1.908826
0.369 3.281455 1.912381
0.370 3.285319 1.916408
0.371 3.288521 1.918192
0.372 3.290842 1.918848
0.373 3.295431 1.920971
0.374 3.297394 1.925630
0.375 3.301403 1.928037
0.376 3.304693 1.929023
0.377 3.306940 1.929746
0.378 3.311622 1.934705
0.379 3.314336 1.937801
0.380 3.317445 1.939242
0.381 3.321328 1.942535
0.382 3.327091 1.946404
0.383 3.330872 1.949002
0.384 3.333225 1.950496
0.385 3.337551 1.954823
0.386 3.341549 1.958175
0.387 3.347286 1.959830
0.388 3.351719 1.962589
0.389 3.356727 1.966832
0.390 3.362311 1.969517
0.391 3.366158 1.974329
0.392 3.372910 1.977571
0.393 3.380439 1.980247
0.394 3.385569 1.985338
0.395 3.391102 1.988782
0.396 3.395670 1.992014
0.397 3.402560 1.996381
0.398 3.411643 2.001880
0.399 3.418586 2.006983
0.400 3.424454 2.009325
0.401 3.432381 2.014095
0.402 3.441545 2.017933
0.403 3.446953 2.024336
0.404 3.453997 2.027911
0.405 3.461958 2.034490
0.406 3.471363 2.038815
0.407 3.482438 2.044552
0.408 3.495526 2.049782
0.409 3.507446 2.054952
0.410 3.517827 2.060334
0.411 3.529949 2.065314
0.412 3.542963 2.070612
0.413 3.557341 2.075495
0.414 3.573881 2.080994
0.415 3.588223 2.085157
0.416 3.603531 2.087872
0.417 3.620132 2.089096
0.418 3.638241 2.089908
0.419 3.656505 2.090313
0.420 3.675504 2.087322
0.421 3.697426 2.084914
0.422 3.718058 2.079605
0.423 3.737583 2.073089
0.424 3.754712 2.065407
0.425 3.769345 2.056607
0.426 3.784143 2.044807
0.427 3.797108 2.035087
0.428 3.811726 2.024789
0.429 3.823217 2.013388
0.430 3.832588 2.002108
0.431 3.838516 1.989911
0.432 3.843939 1.979945
0.433 3.847448 1.969759
0.434 3.851252 1.958707
0.435 3.855927 1.950947
0.436 3.859150 1.946013
0.437 3.861288 1.940512
0.438 3.862580 1.936190
0.439 3.863896 1.934321
0.440 3.865254 1.934504
0.441 3.866697 1.935604
0.442 3.868242 1.936807
0.443 3.871835 1.940017
0.444 3.876995 1.944744
0.445 3.882636 1.949831
0.446 3.890459 1.956948
0.447 3.898076 1.965307
0.448 3.906153 1.974565
0.449 3.917895 1.982346
0.450 3.930861 1.988127
0.451 3.947437 1.995402
0.452 3.964983 2.003336
0.453 3.983587 2.012177
0.454 4.003295 2.021104
0.455 4.027062 2.028882
0.456 4.052583 2.034279
0.457 4.079374 2.039585
0.458 4.106644 2.043190
0.459 4.137567 2.044469
0.460 4.170014 2.041975
0.461 4.203064 2.036871
0.462 4.236061 2.029760
0.463 4.268933 2.022096
0.464 4.301670 2.010920
0.465 4.334299 1.997395
0.466 4.365675 1.981613
0.467 4.394360 1.962314
0.468 4.424341 1.941057
0.469 4.453951 1.919099
0.470 4.481595 1.895345
0.471 4.507438 1.868192
0.472 4.530687 1.838403
0.473 4.551161 1.807825
0.474 4.570936 1.776534
0.475 4.589785 1.744601
0.476 4.605238 1.711966
0.477 4.619200 1.678673
0.478 4.633297 1.645036
0.479 4.640751 1.611200
0.480 4.647226 1.577273
0.481 4.652385 1.543537
0.482 4.654860 1.511354
0.483 4.655191 1.481309
0.484 4.654346 1.451328
0.485 4.651271 1.421760
0.486 4.647028 1.395133
0.487 4.642730 1.369129
0.488 4.636244 1.343260
0.489 4.628629 1.317618
0.490 4.621733 1.292366
0.491 4.617617 1.267913
0.492 4.612193 1.246577
0.493 4.604503 1.225317
0.494 4.596291 1.203957
0.495 4.588065 1.185605
0.496 4.579718 1.168308
0.497 4.570214 1.151228
0.498 4.558734 1.134299
0.499 4.547362 1.117451
0.500 4.538443 1.101325
0.501 4.530193 1.086314
0.502 4.521961 1.073999
0.503 4.513743 1.060933
0.504 4.505541 1.048195
0.505 4.497354 1.035653
0.506 4.489182 1.022654
0.507 4.481026 1.010749
0.508 4.472888 0.998125
0.509 4.464771 0.986920
0.510 4.456677 0.977698
0.511 4.448602 0.968378
0.512 4.440546 0.958775
0.513 4.432511 0.949350
0.514 4.424692 0.940272
0.515 4.417622 0.931499
0.516 4.411887 0.923059
0.517 4.408082 0.914712
0.518 4.401049 0.906574
0.519 4.393155 0.898866
0.520 4.385279 0.891318
0.521 4.377425 0.883914
0.522 4.370294 0.876763
0.523 4.364130 0.869931
0.524 4.359569 0.863256
0.525 4.354417 0.856614
0.526 4.346980 0.850021
0.527 4.339745 0.843522
0.528 4.333724 0.837200
0.529 4.329899 0.831228
0.530 4.324253 0.825434
0.531 4.317657 0.819694
0.532 4.312329 0.814001
0.533 4.308041 0.808364
0.534 4.302884 0.802824
0.535 4.296181 0.797462
0.536 4.290693 0.792342
0.537 4.287667 0.787050
0.538 4.282846 0.782065
0.539 4.278743 0.777194
0.540 4.273768 0.772375
0.541 4.267773 0.767588
0.542 4.262074 0.762843
0.543 4.258305 0.758190
0.544 4.254235 0.753780
0.545 4.249825 0.749445
0.546 4.246187 0.745058
0.547 4.242088 0.740732
0.548 4.237425 0.736490
0.549 4.234846 0.732115
0.550 4.229480 0.728147
0.551 4.226212 0.724210
0.552 4.222166 0.720288
0.553 4.217824 0.716379
0.554 4.214629 0.712486
0.555 4.210113 0.708622
0.556 4.206408 0.704774
0.557 4.202496 0.700935
0.558 4.198602 0.697109
0.559 4.195013 0.693311
0.560 4.190871 0.689632
0.561 4.187995 0.686142
0.562 4.185786 0.682645
0.563 4.183491 0.679085
0.564 4.180234 0.675453
0.565 4.175899 0.671993
0.566 4.172491 0.668635
0.567 4.168701 0.665289
0.568 4.164319 0.661944
0.569 4.161733 0.658799
0.570 4.157776 0.655597
0.571 4.155101 0.652292
0.572 4.153580 0.648986
0.573 4.151293 0.645976
0.574 4.147173 0.642916
0.575 4.144482 0.639817
0.576 4.142891 0.636643
0.577 4.140698 0.633311
0.578 4.136730 0.630292
0.579 4.133950 0.627335
0.580 4.132280 0.624402
0.581 4.130220 0.621483
0.582 4.126029 0.618575
0.583 4.122331 0.615673
0.584 4.119605 0.612777
0.585 4.115587 0.609895
0.586 4.113285 0.607061
0.587 4.111541 0.604283
0.588 4.109492 0.601580
0.589 4.105715 0.599058
0.590 4.103008 0.596411
0.591 4.101308 0.593635
0.592 4.099300 0.590822
0.593 4.095985 0.588057
0.594 4.092955 0.585339
0.595 4.091850 0.582690
0.596 4.090756 0.580214
0.597 4.089290 0.577676
0.598 4.087343 0.575025
0.599 4.083522 0.572418
0.600 4.080921 0.569916
0.601 4.079292 0.567479
0.602 4.077384 0.564855
0.603 4.074251 0.562267
0.604 4.070806 0.559744
0.605 4.069291 0.557448
0.606 4.067502 0.554988
0.607 4.065185 0.552512
0.608 4.061346 0.550249
0.609 4.059915 0.547806
0.610 4.059217 0.545353
0.611 4.057849 0.543105
0.612 4.055899 0.540689
0.613 4.053485 0.538257
0.614 4.050170 0.536009
0.615 4.048842 0.533635
0.616 4.048217 0.531234
0.617 4.046616 0.528984
0.618 4.044347 0.526726
0.619 4.041697 0.524473
0.620 4.039196 0.522320
0.621 4.037130 0.520108
0.622 4.035438 0.517844
0.623 4.032462 0.515658
0.624 4.029938 0.513496
0.625 4.028087 0.511365
0.626 4.027153 0.509127
0.627 4.026142 0.506914
0.628 4.024417 0.504826
0.629 4.021705 0.502780
0.630 4.018658 0.500750
0.631 4.017503 0.498653
0.632 4.016358 0.496485
0.633 4.015226 0.494239
0.634 4.013596 0.492220
0.635 4.011476 0.490251
0.636 4.008024 0.488315
0.637 4.006425 0.486320
0.638 4.006050 0.484284
0.639 4.004550 0.482192
0.640 4.002755 0.480086
0.641 4.000411 0.477953
0.642 3.998124 0.475973
0.643 3.995867 0.474071
0.644 3.995507 0.472175
0.645 3.995022 0.470282
0.646 3.994265 0.468396
0.647 3.992946 0.466518
0.648 3.991315 0.464643
0.649 3.988372 0.462773
0.650 3.985889 0.460906
0.651 3.984955 0.459044
0.652 3.983822 0.457186
0.653 3.982523 0.455333
0.654 3.980836 0.453487
0.655 3.978968 0.451645
0.656 3.976207 0.449807
0.657 3.974280 0.447972
0.658 3.973796 0.446140
0.659 3.972624 0.444315
0.660 3.971031 0.442493
0.661 3.968521 0.440678
0.662 3.966013 0.438866
0.663 3.964716 0.437059
0.664 3.963748 0.435253
0.665 3.963441 0.433452
0.666 3.962578 0.431655
0.667 3.961259 0.429863
0.668 3.959660 0.428077
0.669 3.957972 0.426294
0.670 3.955475 0.424525
0.671 3.953222 0.422775
0.672 3.952630 0.421130
0.673 3.951737 0.419517
0.674 3.950217 0.417973
0.675 3.948147 0.416376
0.676 3.945510 0.414722
0.677 3.943970 0.413007
0.678 3.943016 0.411259
0.679 3.942603 0.409602
0.680 3.942325 0.407968
0.681 3.940855 0.406373
0.682 3.939277 0.404785
0.683 3.937266 0.403251
0.684 3.935313 0.401690
0.685 3.933613 0.400017
0.686 3.932335 0.398364
0.687 3.932071 0.396764
0.688 3.931444 0.395216
0.689 3.930251 0.393751
0.690 3.928975 0.392244
0.691 3.927609 0.390692
0.692 3.925583 0.389140
0.693 3.923027 0.387588
0.694 3.921659 0.386082
0.695 3.921024 0.384604
0.696 3.919869 0.383067
0.697 3.918462 0.381501
0.698 3.916268 0.380019
0.699 3.913764 0.378571
0.700 3.912613 0.377076
0.701 3.911914 0.375565
0.702 3.911474 0.374046
0.703 3.911112 0.372525
0.704 3.909900 0.371132
0.705 3.908448 0.369776
0.706 3.906405 0.368396
0.707 3.904194 0.367010
0.708 3.902862 0.365572
0.709 3.901797 0.364118
0.710 3.901356 0.362795
0.711 3.901132 0.361517
0.712 3.900030 0.360099
0.713 3.898563 0.358622
0.714 3.896776 0.357229
0.715 3.894824 0.355878
0.716 3.893261 0.354534
0.717 3.891958 0.353195
0.718 3.891231 0.351796
0.719 3.891019 0.350344
0.720 3.890257 0.348978
0.721 3.888811 0.347718
0.722 3.887264 0.346408
0.723 3.885532 0.345004
0.724 3.883877 0.343627
0.725 3.882466 0.342334
0.726 3.881074 0.341043
0.727 3.879821 0.339764
0.728 3.878568 0.338484
0.729 3.877326 0.337271
0.730 3.876085 0.336059
0.731 3.874205 0.334698
0.732 3.872207 0.333309
0.733 3.871447 0.332003
0.734 3.871255 0.330734
0.735 3.870500 0.329467
0.736 3.869214 0.328202
0.737 3.867947 0.326965
0.738 3.866716 0.325784
0.739 3.865401 0.324594
0.740 3.863549 0.323354
0.741 3.861696 0.322115
0.742 3.861392 0.320952
0.743 3.861211 0.319795
0.744 3.860180 0.318642
0.745 3.858789 0.317491
0.746 3.857439 0.316289
0.747 3.856138 0.315027
0.748 3.854781 0.313811
0.749 3.853225 0.312755
0.750 3.851669 0.311699
0.751 3.851423 0.310546
0.752 3.851243 0.309389
0.753 3.850269 0.308243
0.754 3.848916 0.307102
0.755 3.847492 0.305933
0.756 3.845954 0.304720
0.757 3.844440 0.303521
0.758 3.843212 0.302481
0.759 3.841983 0.301441
0.760 3.841483 0.300404
0.761 3.841211 0.299367
0.762 3.840501 0.298332
0.763 3.839203 0.297299
0.764 3.837865 0.296267
0.765 3.836062 0.295239
0.766 3.834259 0.294211
0.767 3.833171 0.293102
0.768 3.832365 0.291960
0.769 3.831628 0.290823
0.770 3.831026 0.289695
0.771 3.830424 0.288567
0.772 3.829338 0.287425
0.773 3.828226 0.286283
0.774 3.826600 0.285214
0.775 3.824539 0.284209
0.776 3.822691 0.283216
0.777 3.822400 0.282321
0.778 3.822109 0.281425
0.779 3.821329 0.280560
0.780 3.820323 0.279709
0.781 3.819348 0.278839
0.782 3.818476 0.277905
0.783 3.817604 0.276970
0.784 3.815930 0.275988
0.785 3.814008 0.274990
0.786 3.812585 0.273994
0.787 3.812452 0.273000
0.788 3.812319 0.272006
0.789 3.811283 0.271015
0.790 3.809992 0.270024
0.791 3.808710 0.269051
0.792 3.807453 0.268128
0.793 3.806197 0.267204
0.794 3.805015 0.266297
0.795 3.803861 0.265396
0.796 3.802834 0.264514
0.797 3.802363 0.263719
0.798 3.801893 0.262923
0.799 3.801043 0.262063
0.800 3.799962 0.261165
0.801 3.798850 0.260267
0.802 3.797021 0.259367
0.803 3.795192 0.258466
0.804 3.794021 0.257612
0.805 3.793673 0.256815
0.806 3.793326 0.256019
0.807 3.792354 0.255164
0.808 3.791254 0.254298
0.809 3.790226 0.253425
0.810 3.789486 0.252525
0.811 3.788746 0.251626
0.812 3.787493 0.250822
0.813 3.785821 0.250095
0.814 3.784149 0.249368
0.815 3.783769 0.248511
0.816 3.783557 0.247636
0.817 3.783154 0.246801
0.818 3.781989 0.246122
0.819 3.780825 0.245442
0.820 3.779478 0.244700
0.821 3.777946 0.243894
0.822 3.776415 0.243089
0.823 3.775589 0.242302
0.824 3.774961 0.241520
0.825 3.774317 0.240740
0.826 3.773341 0.240008
0.827 3.772365 0.239275
0.828 3.771471 0.238530
0.829 3.770783 0.237750
0.830 3.770094 0.236971
0.831 3.768909 0.236241
0.832 3.767255 0.235556
0.833 3.765600 0.234872
0.834 3.764968 0.234208
0.835 3.764732 0.233551
0.836 3.764496 0.232895
0.837 3.763463 0.232182
0.838 3.762351 0.231464
0.839 3.761210 0.230758
0.840 3.759736 0.230188
0.841 3.758262 0.229618
0.842 3.757007 0.229005
0.843 3.756486 0.228246
0.844 3.755965 0.227487
0.845 3.755220 0.226778
0.846 3.754077 0.226159
0.847 3.752934 0.225540
0.848 3.752029 0.224906
0.849 3.751391 0.224255
0.850 3.750753 0.223605
0.851 3.749703 0.222980
0.852 3.748333 0.222375
0.853 3.746962 0.221770
0.854 3.746403 0.221174
0.855 3.746314 0.220583
0.856 3.746224 0.219992
0.857 3.745473 0.219421
0.858 3.744417 0.218859
0.859 3.743361 0.218296
0.860 3.742674 0.217678
0.861 3.742133 0.217038
0.862 3.741592 0.216398
0.863 3.740382 0.215874
0.864 3.738917 0.215394
0.865 3.737453 0.214914
0.866 3.736665 0.214405
0.867 3.736148 0.213883
0.868 3.735631 0.213361
0.869 3.734887 0.212818
0.870 3.734037 0.212265
0.871 3.733188 0.211713
0.872 3.731858 0.211113
0.873 3.730246 0.210486
0.874 3.728633 0.209859
0.875 3.727869 0.209318
0.876 3.727789 0.208846
0.877 3.727710 0.208374
0.878 3.727155 0.207902
0.879 3.726036 0.207432
0.880 3.724918 0.206961
0.881 3.723780 0.206492
0.882 3.722604 0.206023
0.883 3.721429 0.205554
0.884 3.720365 0.205086
0.885 3.719757 0.204620
0.886 3.719149 0.204153
0.887 3.718554 0.203687
0.888 3.718344 0.203222
0.889 3.718134 0.202757
0.890 3.717924 0.202293
0.891 3.717042 0.201829
0.892 3.716039 0.201366
0.893 3.715037 0.200902
0.894 3.713848 0.200457
0.895 3.712553 0.200021
0.896 3.711259 0.199585
0.897 3.710339 0.199174
0.898 3.709966 0.198799
0.899 3.709594 0.198423
0.900 3.709207 0.198055
0.901 3.708743 0.197729
0.902 3.708279 0.197403
0.903 3.707815 0.197077
0.904 3.707062 0.196651
0.905 3.706265 0.196210
0.906 3.705469 0.195769
0.907 3.704292 0.195378
0.908 3.702826 0.195024
0.909 3.701359 0.194670
0.910 3.700228 0.194318
0.911 3.700165 0.193968
0.912 3.700101 0.193618
0.913 3.700038 0.193269
0.914 3.699315 0.192938
0.915 3.698507 0.192609
0.916 3.697699 0.192281
0.917 3.697039 0.191915
0.918 3.696521 0.191512
0.919 3.696003 0.191110
0.920 3.695399 0.190726
0.921 3.694079 0.190499
0.922 3.692759 0.190272
0.923 3.691439 0.190044
0.924 3.690977 0.189689
0.925 3.690918 0.189274
0.926 3.690860 0.188859
0.927 3.690715 0.188462
0.928 3.690279 0.188127
0.929 3.689842 0.187792
0.930 3.689406 0.187456
0.931 3.688875 0.187043
0.932 3.688312 0.186603
0.933 3.687750 0.186164
0.934 3.687105 0.185740
0.935 3.686201 0.185367
0.936 3.685298 0.184995
0.937 3.684394 0.184622
0.938 3.683805 0.184353
0.939 3.683344 0.184126
0.940 3.682883 0.183900
0.941 3.682428 0.183678
0.942 3.682005 0.183485
0.943 3.681581 0.183292
0.944 3.681158 0.183099
0.945 3.680736 0.182881
0.946 3.680315 0.182646
0.947 3.679894 0.182411
0.948 3.679473 0.182175
0.949 3.679072 0.181814
0.950 3.678671 0.181447
0.951 3.678271 0.181079
0.952 3.677877 0.180712
0.953 3.677495 0.180346
0.954 3.677112 0.179981
0.955 3.676730 0.179615
0.956 3.676365 0.179213
0.957 3.676009 0.178791
0.958 3.675653 0.178369
0.959 3.675297 0.177946
0.960 3.674935 0.177623
0.961 3.674572 0.177305
0.962 3.674209 0.176987
0.963 3.673848 0.176685
0.964 3.673492 0.176443
0.965 3.673137 0.176201
0.966 3.672782 0.175959
0.967 3.672428 0.175676
0.968 3.672074 0.175346
0.969 3.671721 0.175016
0.970 3.671368 0.174686
0.971 3.671027 0.174363
0.972 3.670693 0.174044
0.973 3.670359 0.173725
0.974 3.670024 0.173406
0.975 3.669703 0.173103
0.976 3.669383 0.172802
0.977 3.669064 0.172501
0.978 3.668745 0.172201
0.979 3.668433 0.171897
0.980 3.668122 0.171593
0.981 3.667811 0.171289
0.982 3.667500 0.170981
0.983 3.667191 0.170651
0.984 3.666882 0.170320
0.985 3.666574 0.169990
0.986 3.666260 0.169632
0.987 3.665933 0.169187
0.988 3.665605 0.168743
0.989 3.665278 0.168298
0.990 3.664953 0.167867
0.991 3.664634 0.167469
0.992 3.664315 0.167071
0.993 3.663996 0.166673
0.994 3.663680 0.166270
0.995 3.663367 0.165854
0.996 3.663054 0.165439
0.997 3.662741 0.165024
0.998 3.662430 0.164635
0.999 3.662124 0.164300
1.000 3.661819 0.163965
1.001 3.661513 0.163630
1.002 3.661215 0.163305
1.003 3.660932 0.163004
1.004 3.660650 0.162703
1.005 3.660367 0.162402
1.006 3.660086 0.162107
1.007 3.659809 0.161829
1.008 3.659532 0.161552
1.009 3.659255 0.161275
1.010 3.658979 0.160984
1.011 3.658712 0.160606
1.012 3.658445 0.160227
1.013 3.658179 0.159848
1.014 3.657912 0.159469
1.015 3.657638 0.159000
1.016 3.657365 0.158531
1.017 3.657091 0.158062
1.018 3.656818 0.157593
1.019 3.656540 0.157085
1.020 3.656261 0.156569
1.021 3.655982 0.156054
1.022 3.655704 0.155538
1.023 3.655426 0.155070
1.024 3.655150 0.154628
1.025 3.654873 0.154187
1.026 3.654597 0.153746
1.027 3.654323 0.153355
1.028 3.654052 0.153039
1.029 3.653782 0.152723
1.030 3.653512 0.152407
1.031 3.653242 0.152093
1.032 3.652979 0.151792
1.033 3.652715 0.151491
1.034 3.652451 0.151190
1.035 3.652187 0.150889
1.036 3.651934 0.150544
1.037 3.651682 0.150188
1.038 3.651430 0.149833
1.039 3.651178 0.149478
1.040 3.650933 0.149104
1.041 3.650693 0.148710
1.042 3.650454 0.148316
1.043 3.650215 0.147922
1.044 3.649976 0.147529
1.045 3.649745 0.147146
1.046 3.649513 0.146762
1.047 3.649282 0.146379
1.048 3.649050 0.145996
1.049 3.648818 0.145628
1.050 3.648586 0.145267
1.051 3.648355 0.144906
1.052 3.648123 0.144546
1.053 3.647888 0.144193
1.054 3.647642 0.143869
1.055 3.647397 0.143544
1.056 3.647151 0.143219
1.057 3.646906 0.142894
1.058 3.646666 0.142597
1.059 3.646428 0.142310
1.060 3.646189 0.142023
1.061 3.645951 0.141736
1.062 3.645713 0.141437
1.063 3.645475 0.141096
1.064 3.645237 0.140754
1.065 3.644999 0.140412
1.066 3.644761 0.140071
1.067 3.644530 0.139731
1.068 3.644302 0.139392
1.069 3.644074 0.139053
1.070 3.643846 0.138714
1.071 3.643618 0.138375
1.072 3.643402 0.138021
1.073 3.643185 0.137667
1.074 3.642968 0.137314
1.075 3.642752 0.136960
1.076 3.642533 0.136630
1.077 3.642312 0.136339
1.078 3.642090 0.136048
1.079 3.641869 0.135756
1.080 3.641648 0.135465
1.081 3.641427 0.135209
1.082 3.641207 0.134967
1.083 3.640987 0.134726
1.084 3.640767 0.134485
1.085 3.640546 0.134244
1.086 3.640345 0.134070
1.087 3.640145 0.133899
1.088 3.639945 0.133728
1.089 3.639745 0.133557
1.090 3.639545 0.133383
1.091 3.639348 0.133199
1.092 3.639150 0.133015
1.093 3.638953 0.132831
1.094 3.638755 0.132647
1.095 3.638561 0.132463
1.096 3.638374 0.132279
1.097 3.638187 0.132096
1.098 3.637999 0.131912
1.099 3.637812 0.131728
1.100 3.637623 0.131542
1.101 3.637434 0.131355
1.102 3.637244 0.131167
1.103 3.637055 0.130980
1.104 3.636865 0.130792
1.105 3.636680 0.130623
1.106 3.636498 0.130465
1.107 3.636316 0.130307
1.108 3.636134 0.130149
1.109 3.635952 0.129992
1.110 3.635766 0.129854
1.111 3.635576 0.129727
1.112 3.635387 0.129600
1.113 3.635198 0.129472
1.114 3.635008 0.129345
1.115 3.634824 0.129176
1.116 3.634643 0.128989
1.117 3.634461 0.128801
1.118 3.634279 0.128614
1.119 3.634098 0.128426
1.120 3.633915 0.128249
1.121 3.633733 0.128076
1.122 3.633551 0.127904
1.123 3.633369 0.127731
1.124 3.633186 0.127559
1.125 3.633009 0.127390
1.126 3.632834 0.127225
1.127 3.632660 0.127060
1.128 3.632486 0.126894
1.129 3.632312 0.126729
1.130 3.632137 0.126573
1.131 3.631963 0.126429
1.132 3.631789 0.126286
1.133 3.631615 0.126142
1.134 3.631440 0.125998
1.135 3.631269 0.125851
1.136 3.631103 0.125696
1.137 3.630937 0.125541
1.138 3.630771 0.125386
1.139 3.630605 0.125231
1.140 3.630439 0.125074
1.141 3.630270 0.124891
1.142 3.630102 0.124708
1.143 3.629933 0.124524
1.144 3.629764 0.124341
1.145 3.629596 0.124157
1.146 3.629423 0.123954
1.147 3.629250 0.123744
1.148 3.629076 0.123535
1.149 3.628903 0.123326
1.150 3.628729 0.123117
1.151 3.628557 0.122914
1.152 3.628386 0.122717
1.153 3.628216 0.122519
1.154 3.628045 0.122322
1.155 3.627875 0.122125
1.156 3.627705 0.121930
1.157 3.627539 0.121760
1.158 3.627373 0.121589
1.159 3.627208 0.121419
1.160 3.627042 0.121249
1.161 3.626877 0.121078
1.162 3.626717 0.120945
1.163 3.626561 0.120828
1.164 3.626405 0.120712
1.165 3.626249 0.120595
1.166 3.626093 0.120479
1.167 3.625938 0.120363
1.168 3.625786 0.120251
1.169 3.625633 0.120138
1.170 3.625481 0.120026
1.171 3.625329 0.119913
1.172 3.625177 0.119801
1.173 3.625028 0.119654
1.174 3.624882 0.119492
1.175 3.624735 0.119330
1.176 3.624589 0.119168
1.177 3.624442 0.119006
1.178 3.624296 0.118841
1.179 3.624154 0.118658
1.180 3.624011 0.118475
1.181 3.623868 0.118293
1.182 3.623726 0.118110
1.183 3.623583 0.117927
1.184 3.623445 0.117751
1.185 3.623310 0.117583
1.186 3.623176 0.117414
1.187 3.623041 0.117246
1.188 3.622907 0.117077
1.189 3.622772 0.116909
1.190 3.622642 0.116754
1.191 3.622513 0.116601
1.192 3.622384 0.116449
1.193 3.622255 0.116297
1.194 3.622126 0.116144
1.195 3.621998 0.115995
1.196 3.621874 0.115873
1.197 3.621750 0.115751
1.198 3.621626 0.115629
1.199 3.621502 0.115507
1.200 3.621378 0.115385
1.201 3.621255 0.115247
1.202 3.621134 0.115073
1.203 3.621013 0.114900
1.204 3.620893 0.114726
1.205 3.620772 0.114552
1.206 3.620652 0.114378
1.207 3.620534 0.114202
1.208 3.620421 0.114024
1.209 3.620307 0.113845
1.210 3.620194 0.113666
1.211 3.620080 0.113487
1.212 3.619967 0.113309
1.213 3.619855 0.113116
1.214 3.619746 0.112911
1.215 3.619636 0.112706
1.216 3.619526 0.112501
1.217 3.619416 0.112296
1.218 3.619306 0.112091
1.219 3.619199 0.111932
1.220 3.619094 0.111804
1.221 3.618989 0.111677
1.222 3.618884 0.111550
1.223 3.618779 0.111423
1.224 3.618675 0.111296
1.225 3.618571 0.111150
1.226 3.618468 0.110989
1.227 3.618366 0.110829
1.228 3.618263 0.110668
1.229 3.618161 0.110507
1.230 3.618058 0.110346
1.231 3.617958 0.110166
1.232 3.617861 0.109966
1.233 3.617763 0.109765
1.234 3.617666 0.109564
1.235 3.617568 0.109364
1.236 3.617471 0.109163
1.237 3.617374 0.108953
1.238 3.617279 0.108724
1.239 3.617184 0.108495
1.240 3.617089 0.108267
1.241 3.616994 0.108038
1.242 3.616899 0.107809
1.243 3.616805 0.107594
1.244 3.616714 0.107459
1.245 3.616624 0.107324
1.246 3.616533 0.107190
1.247 3.616443 0.107055
1.248 3.616352 0.106920
1.249 3.616261 0.106786
1.250 3.616172 0.106670
1.251 3.616083 0.106556
1.252 3.615994 0.106443
1.253 3.615904 0.106329
1.254 3.615815 0.106216
1.255 3.615726 0.106102
1.256 3.615637 0.105988
1.257 3.615549 0.105874
1.258 3.615461 0.105760
1.259 3.615373 0.105645
1.260 3.615285 0.105531
1.261 3.615197 0.105416
1.262 3.615110 0.105287
1.263 3.615024 0.105079
1.264 3.614938 0.104871
1.265 3.614852 0.104663
1.266 3.614766 0.104454
1.267 3.614680 0.104246
1.268 3.614594 0.104038
1.269 3.614509 0.103854
1.270 3.614425 0.103681
1.271 3.614342 0.103507
1.272 3.614258 0.103334
1.273 3.614174 0.103160
1.274 3.614090 0.102987
1.275 3.614007 0.102807
1.276 3.613922 0.102598
1.277 3.613838 0.102389
1.278 3.613754 0.102180
1.279 3.613670 0.101971
1.280 3.613586 0.101761
1.281 3.613502 0.101552
1.282 3.613418 0.101344
1.283 3.613334 0.101136
1.284 3.613250 0.100928
1.285 3.613166 0.100721
1.286 3.613082 0.100513
1.287 3.612998 0.100305
1.288 3.612915 0.100097
1.289 3.612827 0.099875
1.290 3.612738 0.099653
1.291 3.612650 0.099430
1.292 3.612561 0.099207
1.293 3.612473 0.098985
1.294 3.612384 0.098762
1.295 3.612297 0.098547
1.296 3.612211 0.098364
1.297 3.612126 0.098181
1.298 3.612041 0.097998
1.299 3.611955 0.097815
1.300 3.611870 0.097632
1.301 3.611785 0.097449
1.302 3.611701 0.097270
1.303 3.611619 0.097099
1.304 3.611537 0.096929
1.305 3.611455 0.096758
1.306 3.611373 0.096587
1.307 3.611291 0.096416
1.308 3.611209 0.096245
1.309 3.611123 0.096060
1.310 3.611034 0.095862
1.311 3.610945 0.095664
1.312 3.610856 0.095465
1.313 3.610766 0.095267
1.314 3.610677 0.095069
1.315 3.610588 0.094871
1.316 3.610500 0.094673
1.317 3.610412 0.094475
1.318 3.610325 0.094278
1.319 3.610237 0.094080
1.320 3.610149 0.093883
1.321 3.610062 0.093685
1.322 3.609974 0.093487
1.323 3.609889 0.093282
1.324 3.609805 0.093070
1.325 3.609721 0.092858
1.326 3.609637 0.092646
1.327 3.609553 0.092434
1.328 3.609469 0.092222
1.329 3.609385 0.092010
1.330 3.609303 0.091804
1.331 3.609224 0.091604
1.332 3.609144 0.091404
1.333 3.609064 0.091205
1.334 3.608984 0.091005
1.335 3.608904 0.090806
1.336 3.608825 0.090606
1.337 3.608746 0.090415
1.338 3.608670 0.090247
1.339 3.608594 0.090078
1.340 3.608518 0.089910
1.341 3.608443 0.089742
1.342 3.608367 0.089573
1.343 3.608291 0.089405
1.344 3.608215 0.089235
1.345 3.608145 0.089027
1.346 3.608074 0.088819
1.347 3.608003 0.088611
1.348 3.607933 0.088404
1.349 3.607862 0.088196
1.350 3.607792 0.087988
1.351 3.607721 0.087780
1.352 3.607655 0.087592
1.353 3.607592 0.087413
1.354 3.607529 0.087233
1.355 3.607465 0.087054
1.356 3.607402 0.086874
1.357 3.607339 0.086695
1.358 3.607275 0.086515
1.359 3.607214 0.086330
1.360 3.607158 0.086130
1.361 3.607103 0.085931
1.362 3.607047 0.085732
1.363 3.606991 0.085532
1.364 3.606935 0.085333
1.365 3.606879 0.085134
1.366 3.606823 0.084934
1.367 3.606785 0.084711
1.368 3.606752 0.084481
1.369 3.606718 0.084251
1.370 3.606684 0.084021
1.371 3.606651 0.083791
1.372 3.606617 0.083562
1.373 3.606584 0.083332
1.374 3.606553 0.083099
1.375 3.606531 0.082855
1.376 3.606509 0.082610
1.377 3.606487 0.082366
1.378 3.606465 0.082122
1.379 3.606443 0.081878
1.380 3.606421 0.081634
1.381 3.606399 0.081389
1.382 3.606385 0.081110
1.383 3.606376 0.080804
1.384 3.606367 0.080498
1.385 3.606358 0.080192
1.386 3.606349 0.079886
1.387 3.606340 0.079581
1.388 3.606331 0.079275
1.389 3.606322 0.078969
1.390 3.606343 0.078691
1.391 3.606370 0.078420
1.392 3.606397 0.078148
1.393 3.606425 0.077877
1.394 3.606452 0.077605
1.395 3.606479 0.077334
1.396 3.606507 0.077062
1.397 3.606534 0.076791
1.398 3.606600 0.076518
1.399 3.606666 0.076246
1.400 3.606733 0.075973
1.401 3.606799 0.075701
1.402 3.606865 0.075428
1.403 3.606932 0.075155
1.404 3.606998 0.074883
1.405 3.607068 0.074607
1.406 3.607174 0.074294
1.407 3.607281 0.073981
1.408 3.607388 0.073668
1.409 3.607495 0.073355
1.410 3.607602 0.073041
1.411 3.607709 0.072728
1.412 3.607816 0.072415
1.413 3.607926 0.072103
1.414 3.608089 0.071804
1.415 3.608251 0.071504
1.416 3.608414 0.071205
1.417 3.608576 0.070906
1.418 3.608739 0.070607
1.419 3.608901 0.070308
1.420 3.609064 0.070009
1.421 3.609227 0.069710
1.422 3.609453 0.069327
1.423 3.609682 0.068940
1.424 3.609911 0.068553
1.425 3.610140 0.068165
1.426 3.610369 0.067778
1.427 3.610598 0.067391
1.428 3.610827 0.067004
1.429 3.611056 0.066617
1.430 3.611339 0.066228
1.431 3.611640 0.065838
1.432 3.611940 0.065447
1.433 3.612240 0.065057
1.434 3.612540 0.064667
1.435 3.612841 0.064277
1.436 3.613141 0.063886
1.437 3.613441 0.063496
1.438 3.613783 0.063091
1.439 3.614172 0.062668
1.440 3.614561 0.062245
1.441 3.614950 0.061822
1.442 3.615339 0.061399
1.443 3.615728 0.060976
1.444 3.616117 0.060553
1.445 3.616506 0.060131
1.446 3.616902 0.059702
1.447 3.617373 0.059214
1.448 3.617844 0.058726
1.449 3.618316 0.058238
1.450 3.618787 0.057750
1.451 3.619258 0.057262
1.452 3.619729 0.056774
1.453 3.620200 0.056286
1.454 3.620672 0.055798
1.455 3.621092 0.055267
1.456 3.621479 0.054708
1.457 3.621866 0.054149
1.458 3.622252 0.053589
1.459 3.622639 0.053030
1.460 3.623026 0.052471
1.461 3.623412 0.051912
1.462 3.623799 0.051352
1.463 3.624184 0.050792
1.464 3.624439 0.050166
1.465 3.624694 0.049540
1.466 3.624949 0.048914
1.467 3.625204 0.048288
1.468 3.625459 0.047662
1.469 3.625714 0.047036
1.470 3.625968 0.046410
1.471 3.626223 0.045784
1.472 3.626411 0.045110
1.473 3.626458 0.044337
1.474 3.626505 0.043565
1.475 3.626552 0.042792
1.476 3.626598 0.042019
1.477 3.626645 0.041246
1.478 3.626692 0.040473
1.479 3.626739 0.039700
1.480 3.626786 0.038928
1.481 3.626640 0.038060
1.482 3.626325 0.037108
1.483 3.626009 0.036157
1.484 3.625694 0.035205
1.485 3.625378 0.034254
1.486 3.625063 0.033302
1.487 3.624747 0.032351
1.488 3.624431 0.031399
1.489 3.624116 0.030448
1.490 3.623800 0.029496
1.491 3.623485 0.028545
1.492 3.623106 0.027613
1.493 3.622540 0.026738
1.494 3.621974 0.025863
1.495 3.621408 0.024988
1.496 3.620841 0.024113
1.497 3.620275 0.023238
1.498 3.619709 0.022363
1.499 3.619143 0.021488
1.500 3.618577 0.020613
1.501 3.618011 0.019738
1.502 3.617445 0.018863
1.503 3.616879 0.017958
1.504 3.616148 0.017161
1.505 3.615378 0.016422
1.506 3.614607 0.015692
1.507 3.613837 0.014972
1.508 3.613066 0.014262
1.509 3.612295 0.013560
1.510 3.611525 0.012867
1.511 3.610754 0.012184
1.512 3.609984 0.011509
1.513 3.609213 0.010844
1.514 3.608442 0.010187
1.515 3.607651 0.009577
1.516 3.606764 0.009161
1.517 3.605877 0.008750
1.518 3.604990 0.008344
1.519 3.604103 0.007943
1.520 3.603215 0.007547
1.521 3.602328 0.007157
1.522 3.601441 0.006772
1.523 3.600554 0.006391
1.524 3.599667 0.006016
1.525 3.598780 0.005646
1.526 3.597892 0.005280
1.527 3.597001 0.004970
1.528 3.596100 0.004750
1.529 3.595200 0.004533
1.530 3.594300 0.004318
1.531 3.593400 0.004107
1.532 3.592500 0.003898
1.533 3.591600 0.003692
1.534 3.590700 0.003489
1.535 3.589799 0.003288
1.536 3.588899 0.003090
1.537 3.587999 0.002895
1.538 3.587099 0.002702
1.539 3.586219 0.002540
1.540 3.585374 0.002429
1.541 3.584528 0.002318
1.542 3.583683 0.002210
1.543 3.582837 0.002102
1.544 3.581992 0.001996
1.545 3.581147 0.001892
1.546 3.580301 0.001789
1.547 3.579456 0.001687
1.548 3.578610 0.001586
1.549 3.577765 0.001487
1.550 3.576919 0.001389
1.551 3.576091 0.001300
1.552 3.575339 0.001244
1.553 3.574588 0.001189
1.554 3.573836 0.001135
1.555 3.573084 0.001081
1.556 3.572332 0.001028
1.557 3.571580 0.000976
1.558 3.570828 0.000925
1.559 3.570076 0.000874
1.560 3.569324 0.000824
1.561 3.568572 0.000774
1.562 3.567820 0.000725
1.563 3.567068 0.000677
1.564 3.566399 0.000645
1.565 3.565750 0.000618
1.566 3.565101 0.000591
1.567 3.564452 0.000564
1.568 3.563802 0.000537
1.569 3.563153 0.000511
1.570 3.562504 0.000486
1.571 3.561854 0.000460
1.572 3.561205 0.000435
1.573 3.560556 0.000410
1.574 3.559907 0.000386
1.575 3.559257 0.000362
1.576 3.558628 0.000340
1.577 3.558066 0.000327
1.578 3.557504 0.000313
1.579 3.556941 0.000299
1.580 3.556379 0.000286
1.581 3.555817 0.000273
1.582 3.555255 0.000260
1.583 3.554692 0.000247
1.584 3.554130 0.000234
1.585 3.553568 0.000222
1.586 3.553006 0.000209
1.587 3.552443 0.000197
1.588 3.551881 0.000185
1.589 3.551342 0.000175
1.590 3.550833 0.000167
1.591 3.550323 0.000160
1.592 3.549814 0.000153
1.593 3.549304 0.000145
1.594 3.548794 0.000138
1.595 3.548285 0.000131
1.596 3.547775 0.000124
1.597 3.547265 0.000117
1.598 3.546756 0.000110
1.599 3.546246 0.000103
1.600 3.545736 0.000097
1.601 3.545227 0.000090
1.602 3.544734 0.000085
1.603 3.544260 0.000082
1.604 3.543787 0.000078
1.605 3.543313 0.000075
1.606 3.542840 0.000072
1.607 3.542367 0.000068
1.608 3.541893 0.000065
1.609 3.541420 0.000062
1.610 3.540946 0.000059
1.611 3.540473 0.000056
1.612 3.540000 0.000053
1.613 3.539526 0.000050
1.614 3.539053 0.000047
1.615 3.538586 0.000044
1.616 3.538141 0.000042
1.617 3.537696 0.000041
1.618 3.537251 0.000039
1.619 3.536805 0.000038
1.620 3.536360 0.000036
1.621 3.535915 0.000034
1.622 3.535469 0.000033
1.623 3.535024 0.000031
1.624 3.534579 0.000030
1.625 3.534133 0.000028
1.626 3.533688 0.000027
1.627 3.533243 0.000025
1.628 3.532798 0.000024
1.629 3.532356 0.000023
1.630 3.531915 0.000022
1.631 3.531474 0.000021
1.632 3.531033 0.000020
1.633 3.530592 0.000019
1.634 3.530151 0.000019
1.635 3.529710 0.000018
1.636 3.529269 0.000017
1.637 3.528828 0.000016
1.638 3.528388 0.000015
1.639 3.527947 0.000015
1.640 3.527506 0.000014
1.641 3.527065 0.000013
1.642 3.526627 0.000012
1.643 3.526203 0.000012
1.644 3.525779 0.000011
1.645 3.525356 0.000011
1.646 3.524932 0.000010
1.647 3.524508 0.000009
1.648 3.524084 0.000009
1.649 3.523660 0.000008
1.650 3.523237 0.000008
1.651 3.522813 0.000007
1.652 3.522389 0.000007
1.653 3.521965 0.000006
1.654 3.521542 0.000005
1.655 3.521118 0.000005
1.656 3.520698 0.000004
1.657 3.520287 0.000004
1.658 3.519877 0.000004
1.659 3.519466 0.000003
1.660 3.519055 0.000003
1.661 3.518645 0.000003
1.662 3.518234 0.000002
1.663 3.517824 0.000002
1.664 3.517413 0.000002
1.665 3.517002 0.000001
1.666 3.516592 0.000001
1.667 3.516181 0.000001
1.668 3.515771 0.000001
1.669 3.515360 0.000000
1.670 3.514952 0.000000
1.671 3.514554 0.000000
1.672 3.514156 0.000000
1.673 3.513759 0.000000
1.674 3.513361 0.000000
1.675 3.512963 0.000000
1.676 3.512566 0.000000
1.677 3.512168 0.000000
1.678 3.511770 0.000000
1.679 3.511373 0.000000
1.680 3.510975 0.000000
1.681 3.510577 0.000000
1.682 3.510180 0.000000
1.683 3.509782 0.000000
1.684 3.509384 0.000000
1.685 3.508997 0.000000
1.686 3.508612 0.000000
1.687 3.508227 0.000000
1.688 3.507842 0.000000
1.689 3.507457 0.000000
1.690 3.507072 0.000000
1.691 3.506687 0.000000
1.692 3.506302 0.000000
1.693 3.505917 0.000000
1.694 3.505532 0.000000
1.695 3.505147 0.000000
1.696 3.504762 0.000000
1.697 3.504377 0.000000
1.698 3.503992 0.000000
1.699 3.503609 0.000000
1.700 3.503236 0.000000
1.701 3.502863 0.000000
1.702 3.502490 0.000000
1.703 3.502117 0.000000
1.704 3.501744 0.000000
1.705 3.501371 0.000000
1.706 3.500997 0.000000
1.707 3.500624 0.000000
1.708 3.500251 0.000000
1.709 3.499878 0.000000
1.710 3.499505 0.000000
1.711 3.499132 0.000000
1.712 3.498759 0.000000
1.713 3.498385 0.000000
1.714 3.498016 0.000000
1.715 3.497656 0.000000
1.716 3.497295 0.000000
1.717 3.496934 0.000000
1.718 3.496573 0.000000
1.719 3.496212 0.000000
1.720 3.495851 0.000000
1.721 3.495490 0.000000
1.722 3.495129 0.000000
1.723 3.494769 0.000000
1.724 3.494408 0.000000
1.725 3.494047 0.000000
1.726 3.493686 0.000000
1.727 3.493325 0.000000
1.728 3.492964 0.000000
1.729 3.492606 0.000000
1.730 3.492256 0.000000
1.731 3.491906 0.000000
1.732 3.491557 0.000000
1.733 3.491207 0.000000
1.734 3.490857 0.000000
1.735 3.490508 0.000000
1.736 3.490158 0.000000
1.737 3.489808 0.000000
1.738 3.489459 0.000000
1.739 3.489109 0.000000
1.740 3.488759 0.000000
1.741 3.488410 0.000000
1.742 3.488060 0.000000
1.743 3.487710 0.000000
1.744 3.487361 0.000000
1.745 3.487020 0.000000
1.746 3.486682 0.000000
1.747 3.486344 0.000000
1.748 3.486006 0.000000
1.749 3.485667 0.000000
1.750 3.485329 0.000000
1.751 3.484991 0.000000
1.752 3.484653 0.000000
1.753 3.484314 0.000000
1.754 3.483976 0.000000
1.755 3.483638 0.000000
1.756 3.483300 0.000000
1.757 3.482962 0.000000
1.758 3.482623 0.000000
1.759 3.482285 0.000000
1.760 3.481948 0.000000
1.761 3.481621 0.000000
1.762 3.481293 0.000000
1.763 3.480966 0.000000
1.764 3.480638 0.000000
1.765 3.480310 0.000000
1.766 3.479983 0.000000
1.767 3.479655 0.000000
1.768 3.479328 0.000000
1.769 3.479000 0.000000
1.770 3.478673 0.000000
1.771 3.478345 0.000000
1.772 3.478018 0.000000
1.773 3.477690 0.000000
1.774 3.477362 0.000000
1.775 3.477035 0.000000
1.776 3.476709 0.000000
1.777 3.476393 0.000000
1.778 3.476076 0.000000
1.779 3.475759 0.000000
1.780 3.475443 0.000000
1.781 3.475126 0.000000
1.782 3.474809 0.000000
1.783 3.474493 0.000000
1.784 3.474176 0.000000
1.785 3.473860 0.000000
1.786 3.473543 0.000000
1.787 3.473226 0.000000
1.788 3.472910 0.000000
1.789 3.472593 0.000000
1.790 3.472276 0.000000
1.791 3.471960 0.000000
1.792 3.471643 0.000000
1.793 3.471336 0.000000
1.794 3.471029 0.000000
1.795 3.470723 0.000000
1.796 3.470416 0.000000
1.797 3.470110 0.000000
1.798 3.469803 0.000000
1.799 3.469497 0.000000
1.800 3.469191 0.000000
1.801 3.468884 0.000000
1.802 3.468578 0.000000
1.803 3.468271 0.000000
1.804 3.467965 0.000000
1.805 3.467658 0.000000
1.806 3.467352 0.000000
1.807 3.467045 0.000000
1.808 3.466739 0.000000
1.809 3.466436 0.000000
1.810 3.466139 0.000000
1.811 3.465843 0.000000
1.812 3.465546 0.000000
1.813 3.465250 0.000000
1.814 3.464953 0.000000
1.815 3.464657 0.000000
1.816 3.464360 0.000000
1.817 3.464064 0.000000
1.818 3.463767 0.000000
1.819 3.463471 0.000000
1.820 3.463174 0.000000
1.821 3.462878 0.000000
1.822 3.462581 0.000000
1.823 3.462285 0.000000
1.824 3.461988 0.000000
1.825 3.461692 0.000000
1.826 3.461400 0.000000
1.827 3.461114 0.000000
1.828 3.460827 0.000000
1.829 3.460540 0.000000
1.830 3.460254 0.000000
1.831 3.459967 0.000000
1.832 3.459681 0.000000
1.833 3.459394 0.000000
1.834 3.459107 0.000000
1.835 3.458821 0.000000
1.836 3.458534 0.000000
1.837 3.458248 0.000000
1.838 3.457961 0.000000
1.839 3.457674 0.000000
1.840 3.457388 0.000000
1.841 3.457101 0.000000
1.842 3.456814 0.000000
1.843 3.456531 0.000000
1.844 3.456254 0.000000
1.845 3.455977 0.000000
1.846 3.455699 0.000000
1.847 3.455422 0.000000
1.848 3.455145 0.000000
1.849 3.454867 0.000000
1.850 3.454590 0.000000
1.851 3.454313 0.000000
1.852 3.454036 0.000000
1.853 3.453758 0.000000
1.854 3.453481 0.000000
1.855 3.453204 0.000000
1.856 3.452927 0.000000
1.857 3.452649 0.000000
1.858 3.452372 0.000000
1.859 3.452095 0.000000
1.860 3.451818 0.000000
1.861 3.451548 0.000000
1.862 3.451280 0.000000
1.863 3.451012 0.000000
1.864 3.450745 0.000000
1.865 3.450477 0.000000
1.866 3.450209 0.000000
1.867 3.449941 0.000000
1.868 3.449673 0.000000
1.869 3.449405 0.000000
1.870 3.449137 0.000000
1.871 3.448869 0.000000
1.872 3.448601 0.000000
1.873 3.448334 0.000000
1.874 3.448066 0.000000
1.875 3.447798 0.000000
1.876 3.447530 0.000000
1.877 3.447262 0.000000
1.878 3.446994 0.000000
1.879 3.446735 0.000000
1.880 3.446476 0.000000
1.881 3.446217 0.000000
1.882 3.445958 0.000000
1.883 3.445699 0.000000
1.884 3.445439 0.000000
1.885 3.445180 0.000000
1.886 3.444921 0.000000
1.887 3.444662 0.000000
1.888 3.444403 0.000000
1.889 3.444144 0.000000
1.890 3.443885 0.000000
1.891 3.443625 0.000000
1.892 3.443366 0.000000
1.893 3.443107 0.000000
1.894 3.442848 0.000000
1.895 3.442589 0.000000
1.896 3.442330 0.000000
1.897 3.442078 0.000000
1.898 3.441828 0.000000
1.899 3.441578 0.000000
1.900 3.441328 0.000000