0.253 2.151961 3.296240
0.258 2.420938 3.343617
0.263 2.735319 3.351850
0.268 3.069148 3.227588
0.273 3.308791 3.001264
0.278 3.441718 2.760914
0.283 3.500015 2.541017
0.288 3.515316 2.352904
0.293 3.500001 2.197462
0.298 3.465137 2.073231
0.303 3.420645 1.981870
0.308 3.374698 1.916654
0.313 3.334381 1.867746
0.318 3.298625 1.838030
0.323 3.271372 1.818651
0.328 3.249990 1.808416
0.333 3.232904 1.805697
0.338 3.225758 1.807565
0.343 3.221603 1.814119
0.348 3.222884 1.822443
0.353 3.228620 1.834192
0.358 3.239673 1.851016
0.363 3.253111 1.866284
0.368 3.272545 1.886431
0.373 3.296038 1.907056
0.378 3.327770 1.931714
0.383 3.361598 1.958758
0.388 3.413138 1.989225
0.393 3.482319 2.016304
0.398 3.572042 2.017362
0.403 3.642276 1.989405
0.408 3.678146 1.962810
0.413 3.704737 1.972523
0.418 3.758693 2.014338
0.423 3.863764 2.057577
0.428 4.020097 2.069563
0.433 4.185181 2.029179
0.438 4.343886 1.943451
0.443 4.482216 1.803072
0.448 4.570206 1.623528
0.453 4.590849 1.442988
0.458 4.564492 1.291378
0.463 4.526089 1.169528
0.468 4.474778 1.074586
0.473 4.428828 0.999300
0.478 4.383595 0.937129
0.483 4.344778 0.885176
0.488 4.305701 0.841168
0.493 4.270550 0.802658
0.498 4.237664 0.768817
0.503 4.208343 0.738700
0.508 4.182391 0.711634
0.513 4.157821 0.687020
0.518 4.134266 0.663926
0.523 4.113781 0.642653
0.528 4.092381 0.622856
0.533 4.075019 0.604110
0.538 4.056770 0.586516
0.543 4.039319 0.569942
0.548 4.022856 0.554067
0.553 4.008835 0.539142
0.558 3.993736 0.524774
0.563 3.980663 0.511111
0.568 3.967543 0.497913
0.573 3.952495 0.485522
0.578 3.940580 0.473600
0.583 3.928980 0.462061
0.588 3.916608 0.450800
0.593 3.908602 0.440366
0.598 3.897869 0.430214
0.603 3.887119 0.420328
0.608 3.877582 0.410682
0.613 3.867143 0.401321
0.618 3.857000 0.392592
0.623 3.847520 0.384102
0.628 3.841303 0.375824
0.633 3.831858 0.367787
0.638 3.823040 0.359989
0.643 3.813789 0.352649
0.648 3.807441 0.345449
0.653 3.800453 0.338334
0.658 3.791687 0.331476
0.663 3.783085 0.324882
0.668 3.775660 0.318337
0.673 3.770485 0.312259
0.678 3.762796 0.306382
0.683 3.754571 0.300373
0.688 3.750531 0.294960
0.693 3.743467 0.289390
0.698 3.736100 0.283818
0.703 3.730939 0.279156
0.708 3.725259 0.274018
0.713 3.717560 0.269109
0.718 3.713275 0.264549
0.723 3.707634 0.260067
0.728 3.700591 0.255717
0.733 3.696710 0.251514
0.738 3.690855 0.247331
0.743 3.684211 0.243509
0.748 3.680529 0.239799
0.753 3.674783 0.236221
0.758 3.667888 0.232730
0.763 3.665882 0.229392
0.768 3.659392 0.226120
0.773 3.655992 0.223147
0.778 3.650778 0.219987
0.783 3.645886 0.217233
0.788 3.642466 0.214501
0.793 3.637523 0.211816
0.798 3.634313 0.209496
0.803 3.629369 0.207054
0.808 3.626458 0.204919
0.813 3.621043 0.202758
0.818 3.619210 0.200723
0.823 3.615634 0.198118
0.828 3.612321 0.196205
0.833 3.609792 0.194603
0.838 3.607384 0.192438
0.843 3.605155 0.190007
0.848 3.602955 0.188229
0.853 3.600816 0.186100
0.858 3.598844 0.184223
0.863 3.596892 0.182043
0.868 3.594943 0.179599
0.873 3.593060 0.177248
0.878 3.591295 0.175332
0.883 3.589623 0.173297
0.888 3.587950 0.170671
0.893 3.586272 0.167892
0.898 3.584630 0.165942
0.903 3.583075 0.163830
0.908 3.581626 0.161510
0.913 3.580223 0.159256
0.918 3.578792 0.157294
0.923 3.577391 0.155263
0.928 3.576077 0.153132
0.933 3.574767 0.151042
0.938 3.573494 0.149444
0.943 3.572309 0.148047
0.948 3.571197 0.146597
0.953 3.570127 0.145183
0.958 3.569063 0.143902
0.963 3.568033 0.142609
0.968 3.567009 0.141086
0.973 3.566039 0.139908
0.978 3.565125 0.138523
0.983 3.564201 0.137133
0.988 3.563302 0.135514
0.993 3.562443 0.134081
0.998 3.561647 0.133002
1.003 3.560917 0.131759
1.008 3.560221 0.130419
1.013 3.559592 0.128986
1.018 3.559038 0.127612
1.023 3.558522 0.126266
1.028 3.558066 0.124890
1.033 3.557687 0.123516
1.038 3.557354 0.122151
1.043 3.557048 0.120718
1.048 3.556789 0.119223
1.053 3.556565 0.117713
1.058 3.556365 0.116256
1.063 3.556178 0.114785
1.068 3.555985 0.113258
1.073 3.555797 0.111687
1.078 3.555601 0.110053
1.083 3.555364 0.108326
1.088 3.555062 0.106462
1.093 3.554712 0.104517
1.098 3.554345 0.102634
1.103 3.553876 0.100774
1.108 3.553280 0.098854
1.113 3.552654 0.096881
1.118 3.552022 0.094893
1.123 3.551313 0.092956
1.128 3.550540 0.091090
1.133 3.549767 0.089262
1.138 3.549024 0.087418
1.143 3.548323 0.085557
1.148 3.547669 0.083693
1.153 3.547088 0.081805
1.158 3.546622 0.079898
1.163 3.546330 0.077968
1.168 3.546281 0.076072
1.173 3.546621 0.073989
1.178 3.547263 0.071875
1.183 3.548190 0.069673
1.188 3.549722 0.067252
1.193 3.551899 0.064534
1.198 3.554474 0.061559
1.203 3.557100 0.058350
1.208 3.559361 0.054825
1.213 3.560457 0.049112
1.218 3.559755 0.041813
1.223 3.558521 0.033055
1.228 3.556165 0.024367
1.233 3.552124 0.016233
1.238 3.546406 0.010835
1.243 3.540333 0.007025
1.248 3.533993 0.004524
1.253 3.527402 0.003042
1.258 3.520820 0.001993
1.263 3.514322 0.001274
1.268 3.508654 0.000880
1.273 3.503263 0.000598
1.278 3.498099 0.000399
1.283 3.493403 0.000272
1.288 3.489003 0.000181
1.293 3.484899 0.000122
1.298 3.481058 0.000086
1.303 3.477385 0.000058
1.308 3.473990 0.000040
1.313 3.470771 0.000028
1.318 3.467637 0.000019
1.323 3.464684 0.000013
1.328 3.461791 0.000009
1.333 3.458961 0.000006
1.338 3.456182 0.000004
1.343 3.453430 0.000003
1.348 3.450785 0.000002
1.353 3.448161 0.000002
1.358 3.445566 0.000001
1.363 3.443039 0.000001
1.368 3.440541 0.000001
1.373 3.438116 0.000000
1.378 3.435705 0.000000
1.383 3.433343 0.000000
1.388 3.431015 0.000000
1.393 3.428744 0.000000
1.398 3.426497 0.000000
1.403 3.424269 0.000000
1.408 3.422098 0.000000
1.413 3.419949 0.000000
1.418 3.417845 0.000000
1.423 3.415749 0.000000
1.428 3.413705 0.000000
1.433 3.411665 0.000000
1.438 3.409691 0.000000
1.443 3.407720 0.000000
1.448 3.405783 0.000000
1.453 3.403854 0.000000
1.458 3.401988 0.000000
1.463 3.400126 0.000000
1.468 3.398300 0.000000
1.473 3.396479 0.000000
1.478 3.394708 0.000000
1.483 3.392939 0.000000
1.488 3.391224 0.000000
1.493 3.389510 0.000000
1.498 3.387830 0.000000
1.503 3.386151 0.000000
1.508 3.384518 0.000000
1.513 3.382894 0.000000
1.518 3.381294 0.000000
1.523 3.379705 0.000000
1.528 3.378140 0.000000
1.533 3.376597 0.000000
1.538 3.375067 0.000000
1.543 3.373565 0.000000
1.548 3.372066 0.000000
1.553 3.370598 0.000000
1.558 3.369130 0.000000
1.563 3.367701 0.000000
1.568 3.366281 0.000000
1.573 3.364876 0.000000
1.578 3.363487 0.000000
1.583 3.362105 0.000000
1.588 3.360766 0.000000
1.593 3.359427 0.000000
1.598 3.358116 0.000000
1.603 3.356813 0.000000
1.608 3.355521 0.000000
1.613 3.354248 0.000000
1.618 3.352976 0.000000
1.623 3.351738 0.000000
1.628 3.350502 0.000000
1.633 3.349278 0.000000
1.638 3.348069 0.000000
1.643 3.346860 0.000000
1.648 3.345692 0.000000
1.653 3.344527 0.000000
1.658 3.343372 0.000000
1.663 3.342234 0.000000
1.668 3.341096 0.000000
1.673 3.339983 0.000000
1.678 3.338878 0.000000
1.683 3.337777 0.000000
1.688 3.336707 0.000000
1.693 3.335636 0.000000
1.698 3.334577 0.000000
1.703 3.333531 0.000000
1.708 3.332486 0.000000
1.713 3.331465 0.000000
1.718 3.330454 0.000000
1.723 3.329443 0.000000
1.728 3.328453 0.000000
1.733 3.327464 0.000000
1.738 3.326479 0.000000
1.743 3.325523 0.000000
1.748 3.324567 0.000000
1.753 3.323618 0.000000
1.758 3.322690 0.000000
1.763 3.321763 0.000000
1.768 3.320844 0.000000
1.773 3.319940 0.000000
1.778 3.319036 0.000000
1.783 3.318144 0.000000
1.788 3.317270 0.000000
1.793 3.316396 0.000000
1.798 3.315529 0.000000
1.803 3.314675 0.000000
1.808 3.313821 0.000000
1.813 3.312975 0.000000
1.818 3.312148 0.000000
1.823 3.311322 0.000000
1.828 3.310499 0.000000
1.833 3.309695 0.000000
1.838 3.308891 0.000000
1.843 3.308087 0.000000
1.848 3.307305 0.000000
1.853 3.306523 0.000000
1.858 3.305741 0.000000
1.863 3.304979 0.000000
1.868 3.304223 0.000000
1.873 3.303467 0.000000
1.878 3.302719 0.000000
1.883 3.301981 0.000000
1.888 3.301242 0.000000
1.893 3.300508 0.000000
1.898 3.299800 0.000000
1.903 3.299091 0.000000
1.908 3.298383 0.000000
1.913 3.297689 0.000000
1.918 3.297000 0.000000
1.923 3.296311 0.000000
1.928 3.295627 0.000000
1.933 3.294957 0.000000
1.938 3.294287 0.000000
1.943 3.293618 0.000000
1.948 3.292962 0.000000