0.253 2.096457 3.268486
0.258 2.353158 3.322783
0.263 2.646967 3.344736
0.268 2.969686 3.254639
0.273 3.221142 3.061958
0.278 3.379536 2.841956
0.283 3.463862 2.625948
0.288 3.501239 2.437045
0.293 3.498824 2.273113
0.298 3.475985 2.137134
0.303 3.437010 2.035483
0.308 3.395280 1.958014
0.313 3.355835 1.904863
0.318 3.320203 1.867291
0.323 3.290597 1.840354
0.328 3.267003 1.827187
0.333 3.249042 1.822336
0.338 3.237303 1.818420
0.343 3.233099 1.821421
0.348 3.230184 1.831281
0.353 3.234502 1.841566
0.358 3.241757 1.852489
0.363 3.256936 1.866001
0.368 3.272772 1.882137
0.373 3.292256 1.899267
0.378 3.319404 1.920457
0.383 3.350892 1.945940
0.388 3.385974 1.972255
0.393 3.439547 2.001456
0.398 3.510345 2.027050
0.403 3.602574 2.025841
0.408 3.675529 1.993525
0.413 3.711114 1.956357
0.418 3.734778 1.956023
0.423 3.775027 1.987483
0.428 3.859218 2.031585
0.433 3.996382 2.061779
0.438 4.161870 2.036771
0.443 4.320378 1.963358
0.448 4.464577 1.839878
0.453 4.566841 1.671869
0.458 4.604738 1.490841
0.463 4.589910 1.335571
0.468 4.554747 1.205854
0.473 4.504871 1.106016
0.478 4.459246 1.027771
0.483 4.414729 0.961169
0.488 4.373118 0.907643
0.493 4.334350 0.861760
0.498 4.299053 0.822402
0.503 4.268102 0.787801
0.508 4.238609 0.756896
0.513 4.210512 0.729284
0.518 4.186540 0.704132
0.523 4.162819 0.681220
0.528 4.140578 0.659509
0.533 4.121379 0.639318
0.538 4.103312 0.620567
0.543 4.085757 0.602659
0.548 4.068434 0.585897
0.553 4.051940 0.570119
0.558 4.037271 0.554751
0.563 4.024063 0.540340
0.568 4.009430 0.526398
0.573 3.997461 0.513107
0.578 3.985547 0.500191
0.583 3.970931 0.488049
0.588 3.959970 0.476345
0.593 3.948517 0.464954
0.598 3.937612 0.453895
0.603 3.929409 0.443531
0.608 3.918775 0.433497
0.613 3.908215 0.423688
0.618 3.897783 0.414086
0.623 3.888577 0.404673
0.628 3.880280 0.396048
0.633 3.872932 0.387264
0.638 3.863568 0.378894
0.643 3.854681 0.370940
0.648 3.846127 0.363055
0.653 3.840086 0.355440
0.658 3.831665 0.348175
0.663 3.822499 0.340998
0.668 3.818081 0.333984
0.673 3.809620 0.327344
0.678 3.801739 0.320680
0.683 3.793566 0.314197
0.688 3.789288 0.308150
0.693 3.781865 0.302351
0.698 3.773735 0.296333
0.703 3.770118 0.290946
0.708 3.762843 0.285477
0.713 3.756267 0.279771
0.718 3.751575 0.275110
0.723 3.744524 0.270039
0.728 3.738372 0.265016
0.733 3.734242 0.260519
0.738 3.726892 0.256058
0.743 3.721781 0.251579
0.748 3.717338 0.247341
0.753 3.710145 0.243305
0.758 3.706440 0.239335
0.763 3.700638 0.235419
0.768 3.695532 0.231947
0.773 3.690945 0.228366
0.778 3.684448 0.224950
0.783 3.682078 0.221746
0.788 3.675937 0.218639
0.793 3.672133 0.215682
0.798 3.667311 0.212627
0.803 3.662293 0.209959
0.808 3.658884 0.207313
0.813 3.654397 0.204701
0.818 3.650758 0.202431
0.823 3.646257 0.200099
0.828 3.642869 0.198052
0.833 3.638266 0.195957
0.838 3.634984 0.194021
0.843 3.632946 0.191734
0.848 3.628782 0.189414
0.853 3.626210 0.188086
0.858 3.623797 0.186284
0.863 3.621584 0.184019
0.868 3.619448 0.181906
0.873 3.617364 0.180260
0.878 3.615323 0.178098
0.883 3.613485 0.176438
0.888 3.611608 0.174274
0.893 3.609742 0.171902
0.898 3.607927 0.169631
0.903 3.606231 0.167804
0.908 3.604619 0.165936
0.913 3.603026 0.163437
0.918 3.601401 0.160601
0.923 3.599815 0.158590
0.928 3.598288 0.156766
0.933 3.596860 0.154507
0.938 3.595515 0.152267
0.943 3.594139 0.150255
0.948 3.592755 0.148410
0.953 3.591426 0.146429
0.958 3.590166 0.144348
0.963 3.588904 0.142451
0.968 3.587683 0.141070
0.973 3.586554 0.139798
0.978 3.585483 0.138468
0.983 3.584441 0.137183
0.988 3.583400 0.136023
0.993 3.582391 0.134894
0.998 3.581386 0.133480
1.003 3.580413 0.132416
1.008 3.579518 0.131232
1.013 3.578611 0.129930
1.018 3.577700 0.128546
1.023 3.576820 0.126997
1.028 3.575985 0.125982
1.033 3.575214 0.125024
1.038 3.574487 0.123877
1.043 3.573795 0.122636
1.048 3.573155 0.121346
1.053 3.572584 0.120126
1.058 3.572042 0.118924
1.063 3.571549 0.117697
1.068 3.571115 0.116484
1.073 3.570724 0.115291
1.078 3.570355 0.114041
1.083 3.570021 0.112739
1.088 3.569718 0.111430
1.093 3.569438 0.110154
1.098 3.569175 0.108911
1.103 3.568912 0.107658
1.108 3.568647 0.106382
1.113 3.568384 0.105062
1.118 3.568110 0.103685
1.123 3.567805 0.102235
1.128 3.567445 0.100676
1.133 3.567048 0.099056
1.138 3.566642 0.097502
1.143 3.566177 0.095994
1.148 3.565617 0.094439
1.153 3.565016 0.092841
1.158 3.564423 0.091205
1.163 3.563811 0.089590
1.168 3.563142 0.088036
1.173 3.562468 0.086537
1.178 3.561811 0.085058
1.183 3.561198 0.083527
1.188 3.560642 0.081962
1.193 3.560146 0.080359
1.198 3.559727 0.078731
1.203 3.559419 0.077081
1.208 3.559264 0.075392
1.213 3.559311 0.073705
1.218 3.559764 0.071801
1.223 3.560480 0.069860
1.228 3.561451 0.067856
1.233 3.562774 0.065725
1.238 3.564589 0.063398
1.243 3.567049 0.060799
1.248 3.569722 0.058005
1.253 3.572273 0.054991
1.258 3.574213 0.051671
1.263 3.575059 0.045595
1.268 3.574099 0.038912
1.273 3.572525 0.031288
1.278 3.570091 0.023798
1.283 3.566257 0.016741
1.288 3.561136 0.011540
1.293 3.555611 0.007645
1.298 3.549760 0.005119
1.303 3.543734 0.003504
1.308 3.537694 0.002307
1.313 3.531674 0.001528
1.318 3.526189 0.001057
1.323 3.520935 0.000714
1.328 3.515996 0.000498
1.333 3.511385 0.000342
1.338 3.506972 0.000222
1.343 3.503043 0.000157
1.348 3.499262 0.000109
1.353 3.495631 0.000074
1.358 3.492333 0.000053
1.363 3.489141 0.000036
1.368 3.486142 0.000025
1.373 3.483247 0.000018
1.378 3.480438 0.000012
1.383 3.477715 0.000009
1.388 3.475015 0.000006
1.393 3.472368 0.000004
1.398 3.469760 0.000003
1.403 3.467211 0.000002
1.408 3.464695 0.000001
1.413 3.462198 0.000001
1.418 3.459772 0.000001
1.423 3.457362 0.000001
1.428 3.455015 0.000000
1.433 3.452683 0.000000
1.438 3.450392 0.000000
1.443 3.448132 0.000000
1.448 3.445918 0.000000
1.453 3.443728 0.000000
1.458 3.441559 0.000000
1.463 3.439433 0.000000
1.468 3.437332 0.000000
1.473 3.435269 0.000000
1.478 3.433220 0.000000
1.483 3.431210 0.000000
1.488 3.429213 0.000000
1.493 3.427263 0.000000
1.498 3.425325 0.000000
1.503 3.423418 0.000000
1.508 3.421520 0.000000
1.513 3.419669 0.000000
1.518 3.417831 0.000000
1.523 3.416024 0.000000
1.528 3.414229 0.000000
1.533 3.412466 0.000000
1.538 3.410721 0.000000
1.543 3.409003 0.000000
1.548 3.407308 0.000000
1.553 3.405629 0.000000
1.558 3.403972 0.000000
1.563 3.402326 0.000000
1.568 3.400718 0.000000
1.573 3.399112 0.000000
1.578 3.397541 0.000000
1.583 3.395969 0.000000
1.588 3.394433 0.000000
1.593 3.392906 0.000000
1.598 3.391399 0.000000
1.603 3.389911 0.000000
1.608 3.388431 0.000000
1.613 3.386977 0.000000
1.618 3.385524 0.000000
1.623 3.384110 0.000000
1.628 3.382700 0.000000
1.633 3.381308 0.000000
1.638 3.379930 0.000000
1.643 3.378560 0.000000
1.648 3.377227 0.000000
1.653 3.375894 0.000000
1.658 3.374586 0.000000
1.663 3.373288 0.000000
1.668 3.371998 0.000000
1.673 3.370731 0.000000
1.678 3.369464 0.000000
1.683 3.368224 0.000000
1.688 3.366992 0.000000
1.693 3.365766 0.000000
1.698 3.364563 0.000000
1.703 3.363360 0.000000
1.708 3.362182 0.000000
1.713 3.361019 0.000000
1.718 3.359855 0.000000
1.723 3.358720 0.000000
1.728 3.357584 0.000000
1.733 3.356459 0.000000
1.738 3.355355 0.000000
1.743 3.354251 0.000000
1.748 3.353168 0.000000
1.753 3.352096 0.000000
1.758 3.351025 0.000000
1.763 3.349977 0.000000
1.768 3.348932 0.000000
1.773 3.347891 0.000000
1.778 3.346878 0.000000
1.783 3.345864 0.000000
1.788 3.344858 0.000000
1.793 3.343869 0.000000
1.798 3.342880 0.000000
1.803 3.341902 0.000000
1.808 3.340943 0.000000
1.813 3.339984 0.000000
1.818 3.339039 0.000000
1.823 3.338107 0.000000
1.828 3.337176 0.000000
1.833 3.336257 0.000000
1.838 3.335350 0.000000
1.843 3.334444 0.000000
1.848 3.333550 0.000000
1.853 3.332672 0.000000
1.858 3.331793 0.000000
1.863 3.330923 0.000000
1.868 3.330065 0.000000
1.873 3.329208 0.000000
1.878 3.328358 0.000000
1.883 3.327526 0.000000
1.888 3.326695 0.000000
1.893 3.325866 0.000000
1.898 3.325057 0.000000
1.903 3.324249 0.000000
1.908 3.323440 0.000000
1.913 3.322651 0.000000
1.918 3.321865 0.000000
1.923 3.321079 0.000000
1.928 3.320307 0.000000
1.933 3.319545 0.000000
1.938 3.318784 0.000000
1.943 3.318027 0.000000
1.948 3.317284 0.000000