0.253 2.526140 3.479713
0.258 2.903049 3.470266
0.263 3.380463 3.314006
0.268 3.711697 2.892343
0.273 3.759912 2.464074
0.278 3.678331 2.175596
0.283 3.576338 1.992314
0.288 3.479182 1.873341
0.293 3.393600 1.798624
0.298 3.323301 1.754177
0.303 3.267719 1.729478
0.308 3.226125 1.718068
0.313 3.195455 1.715797
0.318 3.174103 1.719464
0.323 3.160925 1.728356
0.328 3.153023 1.741908
0.333 3.152178 1.759231
0.338 3.157300 1.781321
0.343 3.168097 1.807244
0.348 3.186539 1.837549
0.353 3.212748 1.871233
0.358 3.248977 1.909415
0.363 3.297918 1.948860
0.368 3.358365 1.981729
0.373 3.418198 2.017648
0.378 3.497005 2.074797
0.383 3.627468 2.130708
0.388 3.800531 2.141334
0.393 3.973532 2.104642
0.398 4.150781 2.034901
0.403 4.329462 1.903534
0.408 4.457398 1.704641
0.413 4.499638 1.488795
0.418 4.478100 1.305661
0.423 4.431351 1.163957
0.428 4.376964 1.054959
0.433 4.323984 0.968533
0.438 4.273900 0.898000
0.443 4.226420 0.839558
0.448 4.182707 0.790269
0.453 4.142864 0.747861
0.458 4.106360 0.711121
0.463 4.072738 0.678473
0.468 4.041665 0.649125
0.473 4.013088 0.622495
0.478 3.986339 0.598115
0.483 3.961501 0.575692
0.488 3.937427 0.554987
0.493 3.915265 0.535810
0.498 3.893664 0.518054
0.503 3.873792 0.501589
0.508 3.854264 0.486229
0.513 3.835916 0.471971
0.518 3.818571 0.458662
0.523 3.801536 0.446254
0.528 3.786152 0.434686
0.533 3.770808 0.423828
0.538 3.756430 0.413599
0.543 3.742768 0.403948
0.548 3.729705 0.394922
0.553 3.717242 0.386403
0.558 3.705237 0.378363
0.563 3.693826 0.370734
0.568 3.682942 0.363514
0.573 3.672478 0.356648
0.578 3.662375 0.350100
0.583 3.652835 0.343841
0.588 3.643636 0.337910
0.593 3.634816 0.332224
0.598 3.626333 0.326741
0.603 3.618255 0.321538
0.608 3.610614 0.316431
0.613 3.603184 0.311679
0.618 3.596297 0.306962
0.623 3.589645 0.302480
0.628 3.583167 0.298121
0.633 3.576992 0.293933
0.638 3.570871 0.289854
0.643 3.564961 0.285927
0.648 3.559246 0.282151
0.653 3.553773 0.278455
0.658 3.549206 0.274869
0.663 3.544281 0.271416
0.668 3.539475 0.267985
0.673 3.534670 0.264719
0.678 3.530501 0.261500
0.683 3.526541 0.258422
0.688 3.522454 0.255381
0.693 3.518445 0.252425
0.698 3.515213 0.249490
0.703 3.511649 0.246573
0.708 3.508526 0.243848
0.713 3.505602 0.240960
0.718 3.502783 0.238206
0.723 3.500045 0.235413
0.728 3.497512 0.232706
0.733 3.495055 0.229863
0.738 3.492805 0.227109
0.743 3.490649 0.224418
0.748 3.488546 0.221514
0.753 3.486521 0.218801
0.758 3.484568 0.216096
0.763 3.482820 0.213356
0.768 3.481125 0.210699
0.773 3.479560 0.208025
0.778 3.478045 0.205352
0.783 3.476609 0.202859
0.788 3.475264 0.200379
0.793 3.474113 0.197904
0.798 3.473011 0.195465
0.803 3.471969 0.192984
0.808 3.470993 0.190530
0.813 3.470181 0.188027
0.818 3.469442 0.185489
0.823 3.468873 0.183054
0.828 3.468391 0.180549
0.833 3.468119 0.177948
0.838 3.467995 0.175334
0.843 3.468056 0.172610
0.848 3.468357 0.169756
0.853 3.468732 0.166789
0.858 3.469313 0.163447
0.863 3.469937 0.160024
0.868 3.470587 0.156165
0.873 3.471255 0.151994
0.878 3.471805 0.147556
0.883 3.472091 0.142559
0.888 3.472279 0.137471
0.893 3.471871 0.132159
0.898 3.471082 0.126673
0.903 3.470091 0.121238
0.908 3.468389 0.116025
0.913 3.466593 0.110863
0.918 3.464649 0.106064
0.923 3.462533 0.101692
0.928 3.460484 0.097376
0.933 3.458835 0.093671
0.938 3.457542 0.090264
0.943 3.456468 0.086805
0.948 3.457615 0.082541
0.953 3.459441 0.077291
0.958 3.461282 0.071350
0.963 3.463267 0.063118
0.968 3.465054 0.046508
0.973 3.463715 0.027982
0.978 3.457165 0.013020
0.983 3.447556 0.005818
0.988 3.437561 0.003013
0.993 3.426917 0.001556
0.998 3.416085 0.000800
1.003 3.406267 0.000421
1.008 3.398457 0.000231
1.013 3.391438 0.000137
1.018 3.384948 0.000081
1.023 3.379093 0.000048
1.028 3.373736 0.000029
1.033 3.368478 0.000018
1.038 3.363897 0.000012
1.043 3.359478 0.000007
1.048 3.355183 0.000005
1.053 3.351155 0.000003
1.058 3.347378 0.000002
1.063 3.343689 0.000001
1.068 3.340038 0.000001
1.073 3.336699 0.000001
1.078 3.333383 0.000000
1.083 3.330106 0.000000
1.088 3.327029 0.000000
1.093 3.324037 0.000000
1.098 3.321106 0.000000
1.103 3.318242 0.000000
1.108 3.315507 0.000000
1.113 3.312856 0.000000
1.118 3.310224 0.000000
1.123 3.307679 0.000000
1.128 3.305213 0.000000
1.133 3.302802 0.000000
1.138 3.300421 0.000000
1.143 3.298091 0.000000
1.148 3.295852 0.000000
1.153 3.293651 0.000000
1.158 3.291464 0.000000
1.163 3.289334 0.000000
1.168 3.287292 0.000000
1.173 3.285268 0.000000
1.178 3.283251 0.000000
1.183 3.281323 0.000000
1.188 3.279421 0.000000
1.193 3.277596 0.000000
1.198 3.275781 0.000000
1.203 3.273977 0.000000
1.208 3.272237 0.000000
1.213 3.270531 0.000000
1.218 3.268837 0.000000
1.223 3.267146 0.000000
1.228 3.265524 0.000000
1.233 3.263908 0.000000
1.238 3.262338 0.000000
1.243 3.260772 0.000000
1.248 3.259230 0.000000
1.253 3.257706 0.000000
1.258 3.256245 0.000000
1.263 3.254787 0.000000
1.268 3.253337 0.000000
1.273 3.251911 0.000000
1.278 3.250558 0.000000
1.283 3.249213 0.000000
1.288 3.247900 0.000000
1.293 3.246590 0.000000
1.298 3.245303 0.000000
1.303 3.244018 0.000000
1.308 3.242779 0.000000
1.313 3.241541 0.000000
1.318 3.240310 0.000000
1.323 3.239080 0.000000
1.328 3.237909 0.000000
1.333 3.236759 0.000000
1.338 3.235619 0.000000
1.343 3.234488 0.000000
1.348 3.233368 0.000000
1.353 3.232279 0.000000
1.358 3.231190 0.000000
1.363 3.230150 0.000000
1.368 3.229111 0.000000
1.373 3.228079 0.000000
1.378 3.227051 0.000000
1.383 3.226039 0.000000
1.388 3.225064 0.000000
1.393 3.224089 0.000000
1.398 3.223122 0.000000
1.403 3.222156 0.000000
1.408 3.221210 0.000000
1.413 3.220293 0.000000
1.418 3.219375 0.000000
1.423 3.218492 0.000000
1.428 3.217611 0.000000
1.433 3.216736 0.000000
1.438 3.215869 0.000000
1.443 3.215003 0.000000
1.448 3.214172 0.000000
1.453 3.213349 0.000000
1.458 3.212528 0.000000
1.463 3.211711 0.000000
1.468 3.210894 0.000000
1.473 3.210097 0.000000
1.478 3.209319 0.000000
1.483 3.208541 0.000000
1.488 3.207778 0.000000
1.493 3.207019 0.000000
1.498 3.206260 0.000000
1.503 3.205518 0.000000
1.508 3.204776 0.000000
1.513 3.204041 0.000000
1.518 3.203335 0.000000
1.523 3.202628 0.000000
1.528 3.201924 0.000000
1.533 3.201222 0.000000
1.538 3.200521 0.000000
1.543 3.199840 0.000000
1.548 3.199194 0.000000
1.553 3.198548 0.000000
1.558 3.197907 0.000000
1.563 3.197276 0.000000
1.568 3.196645 0.000000
1.573 3.196017 0.000000
1.578 3.195399 0.000000
1.583 3.194781 0.000000
1.588 3.194166 0.000000
1.593 3.193565 0.000000
1.598 3.192964 0.000000
1.603 3.192363 0.000000
1.608 3.191768 0.000000
1.613 3.191174 0.000000
1.618 3.190579 0.000000
1.623 3.190023 0.000000
1.628 3.189479 0.000000
1.633 3.188936 0.000000
1.638 3.188396 0.000000
1.643 3.187859 0.000000
1.648 3.187323 0.000000
1.653 3.186788 0.000000
1.658 3.186274 0.000000
1.663 3.185760 0.000000
1.668 3.185245 0.000000
1.673 3.184742 0.000000
1.678 3.184246 0.000000
1.683 3.183749 0.000000
1.688 3.183254 0.000000
1.693 3.182766 0.000000
1.698 3.182278 0.000000
1.703 3.181790 0.000000
1.708 3.181318 0.000000
1.713 3.180859 0.000000
1.718 3.180401 0.000000
1.723 3.179943 0.000000
1.728 3.179489 0.000000
1.733 3.179035 0.000000
1.738 3.178581 0.000000
1.743 3.178128 0.000000
1.748 3.177700 0.000000
1.753 3.177271 0.000000
1.758 3.176843 0.000000
1.763 3.176417 0.000000
1.768 3.176002 0.000000
1.773 3.175588 0.000000
1.778 3.175173 0.000000
1.783 3.174761 0.000000
1.788 3.174356 0.000000
1.793 3.173952 0.000000
1.798 3.173548 0.000000
1.803 3.173150 0.000000
1.808 3.172769 0.000000
1.813 3.172388 0.000000
1.818 3.172008 0.000000
1.823 3.171627 0.000000
1.828 3.171250 0.000000
1.833 3.170872 0.000000
1.838 3.170495 0.000000
1.843 3.170117 0.000000
1.848 3.169765 0.000000
1.853 3.169412 0.000000
1.858 3.169060 0.000000
1.863 3.168707 0.000000
1.868 3.168360 0.000000
1.873 3.168016 0.000000
1.878 3.167672 0.000000
1.883 3.167327 0.000000
1.888 3.166987 0.000000
1.893 3.166654 0.000000
1.898 3.166322 0.000000
1.903 3.165989 0.000000
1.908 3.165657 0.000000
1.913 3.165338 0.000000
1.918 3.165023 0.000000
1.923 3.164707 0.000000
1.928 3.164392 0.000000
1.933 3.164077 0.000000
1.938 3.163765 0.000000
1.943 3.163453 0.000000
1.948 3.163140 0.000000