0.253 1.892478 3.184391
0.254 1.937918 3.205745
0.255 1.976014 3.222539
0.256 2.013088 3.236673
0.257 2.054509 3.250738
0.258 2.097388 3.264803
0.259 2.140010 3.278845
0.260 2.181993 3.292781
0.261 2.230881 3.306470
0.262 2.274258 3.319704
0.263 2.322554 3.324967
0.264 2.372089 3.334982
0.265 2.422421 3.335258
0.266 2.479580 3.339195
0.267 2.531294 3.336835
0.268 2.580923 3.331950
0.269 2.635716 3.326105
0.270 2.687033 3.316334
0.271 2.740355 3.303434
0.272 2.790061 3.288800
0.273 2.841511 3.272022
0.274 2.888417 3.250713
0.275 2.938803 3.228995
0.276 2.983150 3.207364
0.277 3.025196 3.179070
0.278 3.066000 3.152417
0.279 3.106155 3.120617
0.280 3.145677 3.093486
0.281 3.183833 3.061738
0.282 3.215859 3.025029
0.283 3.245720 2.989368
0.284 3.277340 2.956719
0.285 3.303577 2.919216
0.286 3.327715 2.883143
0.287 3.351688 2.847549
0.288 3.372947 2.810592
0.289 3.390836 2.774336
0.290 3.407192 2.739703
0.291 3.424564 2.704330
0.292 3.436114 2.667296
0.293 3.446956 2.631002
0.294 3.457666 2.595370
0.295 3.465706 2.562910
0.296 3.471326 2.530095
0.297 3.473777 2.499835
0.298 3.478341 2.467499
0.299 3.484990 2.438502
0.300 3.485239 2.405656
0.301 3.483831 2.377436
0.302 3.482200 2.351223
0.303 3.480598 2.325280
0.304 3.479040 2.299510
0.305 3.477531 2.276225
0.306 3.471301 2.256272
0.307 3.466647 2.232938
0.308 3.461382 2.214383
0.309 3.455429 2.190619
0.310 3.451544 2.172889
0.311 3.444462 2.153303
0.312 3.441416 2.138843
0.313 3.433669 2.119728
0.314 3.426843 2.105251
0.315 3.420925 2.092650
0.316 3.412795 2.080341
0.317 3.409595 2.068122
0.318 3.403367 2.055988
0.319 3.397821 2.043918
0.320 3.390173 2.031911
0.321 3.382955 2.019969
0.322 3.378480 2.008820
0.323 3.370147 2.003405
0.324 3.363248 1.993366
0.325 3.359141 1.987656
0.326 3.355345 1.978583
0.327 3.349562 1.971083
0.328 3.341741 1.963698
0.329 3.338101 1.959694
0.330 3.334313 1.952860
0.331 3.328523 1.947130
0.332 3.326512 1.942821
0.333 3.319503 1.940374
0.334 3.317484 1.934531
0.335 3.311731 1.933003
0.336 3.308274 1.927095
0.337 3.304810 1.924775
0.338 3.299211 1.924051
0.339 3.296991 1.919543
0.340 3.295716 1.916094
0.341 3.289959 1.915330
0.342 3.287319 1.915267
0.343 3.286453 1.915334
0.344 3.286135 1.915408
0.345 3.284956 1.914615
0.346 3.278433 1.908471
0.347 3.276721 1.907130
0.348 3.276090 1.906864
0.349 3.275826 1.906961
0.350 3.275584 1.907075
0.351 3.275357 1.907198
0.352 3.275141 1.907327
0.353 3.274937 1.907463
0.354 3.274742 1.907603
0.355 3.274555 1.907748
0.356 3.274384 1.907904
0.357 3.274226 1.908074
0.358 3.274073 1.912440
0.359 3.273929 1.915811
0.360 3.273795 1.917495
0.361 3.273672 1.917681
0.362 3.273559 1.917874
0.363 3.273493 1.918072
0.364 3.277570 1.918278
0.365 3.281155 1.918515
0.366 3.282024 1.924786
0.367 3.282043 1.926812
0.368 3.284076 1.928054
0.369 3.289012 1.928322
0.370 3.290439 1.928568
0.371 3.290747 1.929105
0.372 3.291162 1.934223
0.373 3.296930 1.937359
0.374 3.298935 1.938419
0.375 3.301470 1.938805
0.376 3.306711 1.941497
0.377 3.307998 1.946566
0.378 3.312537 1.948196
0.379 3.316042 1.948871
0.380 3.317754 1.949465
0.381 3.323064 1.954888
0.382 3.325755 1.957826
0.383 3.327927 1.958925
0.384 3.333272 1.961530
0.385 3.337584 1.966686
0.386 3.343092 1.968363
0.387 3.344460 1.969336
0.388 3.349242 1.973850
0.389 3.352824 1.977265
0.390 3.359646 1.979159
0.391 3.362753 1.980350
0.392 3.368958 1.985742
0.393 3.372424 1.988462
0.394 3.378650 1.991216
0.395 3.382658 1.996848
0.396 3.390909 1.998658
0.397 3.397580 2.002120
0.398 3.402617 2.007193
0.399 3.407500 2.009131
0.400 3.412947 2.013636
0.401 3.420877 2.017358
0.402 3.430515 2.023789
0.403 3.435840 2.027699
0.404 3.442188 2.029199
0.405 3.450821 2.034862
0.406 3.460183 2.038156
0.407 3.464507 2.044964
0.408 3.471778 2.047943
0.409 3.480235 2.054927
0.410 3.489667 2.058264
0.411 3.500599 2.064857
0.412 3.515118 2.068735
0.413 3.526214 2.075139
0.414 3.536708 2.078829
0.415 3.548085 2.085317
0.416 3.562570 2.088899
0.417 3.575264 2.095248
0.418 3.591999 2.099285
0.419 3.608071 2.105147
0.420 3.621781 2.107387
0.421 3.638498 2.108575
0.422 3.656351 2.109188
0.423 3.674735 2.109700
0.424 3.693123 2.107916
0.425 3.713473 2.103960
0.426 3.736503 2.100957
0.427 3.756334 2.094179
0.428 3.775220 2.086458
0.429 3.791220 2.078224
0.430 3.805153 2.068067
0.431 3.820033 2.054996
0.432 3.832862 2.045441
0.433 3.847743 2.034709
0.434 3.858402 2.021894
0.435 3.866971 2.010382
0.436 3.871655 1.996766
0.437 3.877666 1.987048
0.438 3.880522 1.976961
0.439 3.883073 1.963771
0.440 3.888567 1.955768
0.441 3.891333 1.951476
0.442 3.893143 1.944813
0.443 3.893996 1.939146
0.444 3.894835 1.936544
0.445 3.895697 1.936023
0.446 3.896600 1.936619
0.447 3.897561 1.937375
0.448 3.898578 1.938159
0.449 3.903925 1.943249
0.450 3.908251 1.947275
0.451 3.914616 1.953259
0.452 3.922615 1.960883
0.453 3.928853 1.969626
0.454 3.937724 1.978694
0.455 3.949770 1.985091
0.456 3.962682 1.990073
0.457 3.979538 1.997852
0.458 3.996942 2.006007
0.459 4.015010 2.014737
0.460 4.034064 2.023543
0.461 4.057982 2.031725
0.462 4.083329 2.035799
0.463 4.109552 2.041298
0.464 4.136029 2.044802
0.465 4.166420 2.046105
0.466 4.198877 2.043623
0.467 4.231894 2.038126
0.468 4.264960 2.030952
0.469 4.297928 2.023166
0.470 4.330784 2.011617
0.471 4.363540 1.997451
0.472 4.394897 1.981009
0.473 4.423077 1.960733
0.474 4.453106 1.938468
0.475 4.482399 1.915709
0.476 4.509232 1.890830
0.477 4.534185 1.862270
0.478 4.555856 1.831562
0.479 4.574962 1.800307
0.480 4.593586 1.768567
0.481 4.610597 1.736369
0.482 4.624584 1.703701
0.483 4.637792 1.670659
0.484 4.650929 1.637411
0.485 4.655196 1.604047
0.486 4.661768 1.570655
0.487 4.665725 1.537537
0.488 4.666517 1.507032
0.489 4.666463 1.478896
0.490 4.665432 1.447908
0.491 4.660557 1.420707
0.492 4.656872 1.395226
0.493 4.652675 1.369947
0.494 4.645063 1.344783
0.495 4.637376 1.319810
0.496 4.630341 1.295144
0.497 4.627621 1.271116
0.498 4.621969 1.251130
0.499 4.613934 1.230607
0.500 4.605824 1.208877
0.501 4.597725 1.191917
0.502 4.589530 1.175197
0.503 4.580440 1.158629
0.504 4.568712 1.142159
0.505 4.556866 1.125748
0.506 4.548318 1.109875
0.507 4.540238 1.094747
0.508 4.532171 1.083504
0.509 4.524120 1.070625
0.510 4.516083 1.058263
0.511 4.508062 1.046299
0.512 4.500056 1.033471
0.513 4.492066 1.021965
0.514 4.484092 1.009781
0.515 4.476136 0.997879
0.516 4.468200 0.988991
0.517 4.460282 0.980234
0.518 4.452381 0.970992
0.519 4.444498 0.961745
0.520 4.436655 0.952878
0.521 4.429241 0.944225
0.522 4.422579 0.936062
0.523 4.419496 0.927977
0.524 4.413886 0.920018
0.525 4.406525 0.912389
0.526 4.398781 0.905034
0.527 4.391054 0.897824
0.528 4.383532 0.890754
0.529 4.376629 0.883946
0.530 4.370660 0.877512
0.531 4.368358 0.871106
0.532 4.361564 0.864726
0.533 4.354156 0.858395
0.534 4.347240 0.852157
0.535 4.342047 0.846152
0.536 4.338048 0.840431
0.537 4.332823 0.834878
0.538 4.325853 0.829359
0.539 4.320836 0.823880
0.540 4.317548 0.818442
0.541 4.311981 0.813086
0.542 4.305283 0.807983
0.543 4.300125 0.803046
0.544 4.297635 0.797891
0.545 4.292413 0.793099
0.546 4.288904 0.788420
0.547 4.284269 0.783779
0.548 4.278390 0.779160
0.549 4.272511 0.774573
0.550 4.268585 0.770050
0.551 4.265163 0.765761
0.552 4.260573 0.761617
0.553 4.257167 0.757374
0.554 4.253560 0.753163
0.555 4.248250 0.749137
0.556 4.246586 0.744805
0.557 4.241259 0.740916
0.558 4.237754 0.737114
0.559 4.234532 0.733331
0.560 4.229529 0.729557
0.561 4.226929 0.725797
0.562 4.222670 0.722056
0.563 4.218812 0.718329
0.564 4.215328 0.714610
0.565 4.211319 0.710899
0.566 4.207783 0.707205
0.567 4.204106 0.703575
0.568 4.200576 0.700068
0.569 4.197554 0.696704
0.570 4.196315 0.693367
0.571 4.193873 0.689848
0.572 4.190196 0.686362
0.573 4.185869 0.683003
0.574 4.183441 0.679843
0.575 4.178784 0.676517
0.576 4.175262 0.673337
0.577 4.172870 0.670328
0.578 4.167893 0.667274
0.579 4.166256 0.663954
0.580 4.165102 0.660791
0.581 4.163237 0.657883
0.582 4.158102 0.654945
0.583 4.155987 0.651978
0.584 4.154810 0.648876
0.585 4.153373 0.645552
0.586 4.148587 0.642649
0.587 4.145876 0.639783
0.588 4.144559 0.636941
0.589 4.143209 0.634109
0.590 4.138912 0.631287
0.591 4.135118 0.628470
0.592 4.133025 0.625657
0.593 4.128533 0.622857
0.594 4.125785 0.620084
0.595 4.124324 0.617342
0.596 4.122980 0.614664
0.597 4.119451 0.612210
0.598 4.115895 0.609755
0.599 4.114347 0.607083
0.600 4.112994 0.604351
0.601 4.110516 0.601625
0.602 4.106210 0.598926
0.603 4.104823 0.596290
0.604 4.103866 0.593803
0.605 4.103150 0.591485
0.606 4.101880 0.588899
0.607 4.099035 0.586306
0.608 4.094736 0.583715
0.609 4.093352 0.581432
0.610 4.092039 0.578996
0.611 4.090716 0.576422
0.612 4.086247 0.573856
0.613 4.083457 0.571486
0.614 4.082263 0.569301
0.615 4.081013 0.566779
0.616 4.078179 0.564432
0.617 4.073559 0.562284
0.618 4.072939 0.559794
0.619 4.072372 0.557429
0.620 4.071477 0.555290
0.621 4.069959 0.552867
0.622 4.067621 0.550486
0.623 4.063568 0.548334
0.624 4.062262 0.545987
0.625 4.061857 0.543607
0.626 4.060810 0.541438
0.627 4.059029 0.539202
0.628 4.056712 0.536916
0.629 4.053610 0.534860
0.630 4.051290 0.532747
0.631 4.050183 0.530543
0.632 4.047687 0.528346
0.633 4.044920 0.526179
0.634 4.042590 0.524144
0.635 4.041283 0.522001
0.636 4.040785 0.519771
0.637 4.039701 0.517672
0.638 4.037883 0.515620
0.639 4.034398 0.513660
0.640 4.032301 0.511670
0.641 4.030959 0.509664
0.642 4.030215 0.507397
0.643 4.029348 0.505233
0.644 4.028227 0.503278
0.645 4.025073 0.501362
0.646 4.020873 0.499468
0.647 4.020551 0.497510
0.648 4.020083 0.495530
0.649 4.019075 0.493501
0.650 4.017453 0.491384
0.651 4.015413 0.489208
0.652 4.012634 0.487307
0.653 4.010219 0.485441
0.654 4.009987 0.483580
0.655 4.009637 0.481723
0.656 4.009143 0.479871
0.657 4.008239 0.478025
0.658 4.007173 0.476181
0.659 4.003863 0.474343
0.660 4.000998 0.472506
0.661 3.999936 0.470674
0.662 3.998973 0.468846
0.663 3.998124 0.467021
0.664 3.996955 0.465202
0.665 3.995640 0.463386
0.666 3.992372 0.461575
0.667 3.989276 0.459765
0.668 3.988960 0.457959
0.669 3.988414 0.456156
0.670 3.987374 0.454359
0.671 3.985461 0.452566
0.672 3.982704 0.450776
0.673 3.980738 0.448990
0.674 3.979128 0.447205
0.675 3.978731 0.445426
0.676 3.978516 0.443647
0.677 3.977655 0.441876
0.678 3.976720 0.440106
0.679 3.975430 0.438343
0.680 3.973538 0.436583
0.681 3.970325 0.434831
0.682 3.968367 0.433115
0.683 3.967980 0.431445
0.684 3.967252 0.429866
0.685 3.966260 0.428357
0.686 3.963974 0.426791
0.687 3.961063 0.425198
0.688 3.959517 0.423497
0.689 3.958372 0.421765
0.690 3.958057 0.420098
0.691 3.957876 0.418442
0.692 3.956916 0.416840
0.693 3.955900 0.415242
0.694 3.954028 0.413794
0.695 3.952134 0.412332
0.696 3.949912 0.410655
0.697 3.947916 0.408983
0.698 3.947744 0.407356
0.699 3.947485 0.405762
0.700 3.946707 0.404364
0.701 3.945902 0.402937
0.702 3.944967 0.401370
0.703 3.943613 0.399805
0.704 3.940358 0.398248
0.705 3.937618 0.396717
0.706 3.937204 0.395305
0.707 3.936703 0.393860
0.708 3.935786 0.392264
0.709 3.934576 0.390698
0.710 3.931698 0.389304
0.711 3.929058 0.387896
0.712 3.928246 0.386375
0.713 3.927475 0.384852
0.714 3.927239 0.383317
0.715 3.926993 0.381785
0.716 3.926047 0.380462
0.717 3.925101 0.379139
0.718 3.922825 0.377763
0.719 3.920471 0.376383
0.720 3.918989 0.374944
0.721 3.917644 0.373496
0.722 3.917223 0.372206
0.723 3.917077 0.370964
0.724 3.916393 0.369557
0.725 3.915437 0.368067
0.726 3.913933 0.366669
0.727 3.911977 0.365346
0.728 3.910131 0.364021
0.729 3.908441 0.362691
0.730 3.907177 0.361327
0.731 3.907039 0.359873
0.732 3.906804 0.358446
0.733 3.905862 0.357220
0.734 3.904920 0.355993
0.735 3.903273 0.354589
0.736 3.901590 0.353175
0.737 3.899775 0.351848
0.738 3.897921 0.350546
0.739 3.896666 0.349270
0.740 3.895850 0.348011
0.741 3.894980 0.346785
0.742 3.894020 0.345614
0.743 3.892813 0.344409
0.744 3.890204 0.343008
0.745 3.887594 0.341608
0.746 3.887259 0.340318
0.747 3.887134 0.339039
0.748 3.886534 0.337784
0.749 3.885697 0.336541
0.750 3.884796 0.335336
0.751 3.883800 0.334185
0.752 3.882613 0.333015
0.753 3.880175 0.331724
0.754 3.877737 0.330433
0.755 3.877261 0.329292
0.756 3.877143 0.328179
0.757 3.876598 0.327069
0.758 3.875693 0.325961
0.759 3.874728 0.324805
0.760 3.873558 0.323486
0.761 3.872388 0.322167
0.762 3.870401 0.321095
0.763 3.868319 0.320051
0.764 3.867320 0.318971
0.765 3.867203 0.317863
0.766 3.866939 0.316754
0.767 3.866059 0.315643
0.768 3.865179 0.314533
0.769 3.863763 0.313295
0.770 3.862228 0.312029
0.771 3.860655 0.310865
0.772 3.859031 0.309836
0.773 3.857444 0.308807
0.774 3.857267 0.307781
0.775 3.857090 0.306755
0.776 3.856509 0.305732
0.777 3.855665 0.304709
0.778 3.854622 0.303688
0.779 3.852625 0.302670
0.780 3.850628 0.301652
0.781 3.849333 0.300582
0.782 3.848306 0.299491
0.783 3.847444 0.298394
0.784 3.847052 0.297279
0.785 3.846661 0.296164
0.786 3.846012 0.294994
0.787 3.845290 0.293809
0.788 3.844057 0.292676
0.789 3.841528 0.291677
0.790 3.838999 0.290678
0.791 3.838190 0.289735
0.792 3.837893 0.288809
0.793 3.837510 0.287908
0.794 3.836857 0.287088
0.795 3.836204 0.286268
0.796 3.835611 0.285394
0.797 3.835045 0.284497
0.798 3.834211 0.283587
0.799 3.831697 0.282598
0.800 3.829183 0.281609
0.801 3.828029 0.280622
0.802 3.827942 0.279636
0.803 3.827856 0.278651
0.804 3.827043 0.277669
0.805 3.826206 0.276686
0.806 3.825218 0.275720
0.807 3.823958 0.274782
0.808 3.822698 0.273844
0.809 3.821234 0.272918
0.810 3.819692 0.271996
0.811 3.818253 0.271090
0.812 3.817948 0.270360
0.813 3.817643 0.269630
0.814 3.817171 0.268821
0.815 3.816470 0.267903
0.816 3.815769 0.266986
0.817 3.813944 0.266068
0.818 3.811726 0.265149
0.819 3.809584 0.264239
0.820 3.809183 0.263510
0.821 3.808781 0.262780
0.822 3.808278 0.261997
0.823 3.807565 0.261103
0.824 3.806851 0.260209
0.825 3.806259 0.259305
0.826 3.805749 0.258394
0.827 3.805239 0.257483
0.828 3.803280 0.256761
0.829 3.801049 0.256075
0.830 3.798965 0.255374
0.831 3.798828 0.254478
0.832 3.798691 0.253583
0.833 3.798379 0.252756
0.834 3.797625 0.252104
0.835 3.796870 0.251452
0.836 3.795643 0.250743
0.837 3.793893 0.249970
0.838 3.792144 0.249197
0.839 3.791008 0.248411
0.840 3.790207 0.247618
0.841 3.789406 0.246825
0.842 3.788740 0.246073
0.843 3.788107 0.245331
0.844 3.787475 0.244589
0.845 3.787017 0.243819
0.846 3.786571 0.243047
0.847 3.786034 0.242281
0.848 3.783839 0.241628
0.849 3.781645 0.240975
0.850 3.779749 0.240321
0.851 3.779597 0.239664
0.852 3.779444 0.239008
0.853 3.779165 0.238334
0.854 3.778444 0.237598
0.855 3.777724 0.236862
0.856 3.776724 0.236183
0.857 3.774995 0.235655
0.858 3.773267 0.235126
0.859 3.771871 0.234526
0.860 3.771210 0.233766
0.861 3.770550 0.233006
0.862 3.769863 0.232289
0.863 3.769123 0.231662
0.864 3.768383 0.231036
0.865 3.767717 0.230411
0.866 3.767210 0.229791
0.867 3.766702 0.229172
0.868 3.765800 0.228555
0.869 3.763937 0.227946
0.870 3.762074 0.227337
0.871 3.760649 0.226733
0.872 3.760591 0.226147
0.873 3.760532 0.225562
0.874 3.760367 0.224987
0.875 3.759684 0.224467
0.876 3.759001 0.223946
0.877 3.758344 0.223414
0.878 3.757984 0.222739
0.879 3.757625 0.222064
0.880 3.757266 0.221389
0.881 3.755344 0.220916
0.882 3.753366 0.220451
0.883 3.751388 0.219985
0.884 3.750772 0.219497
0.885 3.750438 0.219005
0.886 3.750104 0.218513
0.887 3.749625 0.218007
0.888 3.749076 0.217495
0.889 3.748526 0.216983
0.890 3.747239 0.216399
0.891 3.745179 0.215738
0.892 3.743118 0.215077
0.893 3.741627 0.214473
0.894 3.741576 0.214015
0.895 3.741524 0.213557
0.896 3.741435 0.213098
0.897 3.740712 0.212641
0.898 3.739989 0.212185
0.899 3.739266 0.211728
0.900 3.738044 0.211272
0.901 3.736701 0.210817
0.902 3.735359 0.210362
0.903 3.734302 0.209908
0.904 3.733499 0.209455
0.905 3.732696 0.209002
0.906 3.732047 0.208549
0.907 3.731911 0.208098
0.908 3.731776 0.207647
0.909 3.731640 0.207195
0.910 3.731039 0.206745
0.911 3.730391 0.206295
0.912 3.729744 0.205845
0.913 3.728580 0.205406
0.914 3.727013 0.204974
0.915 3.725445 0.204543
0.916 3.724084 0.204119
0.917 3.723609 0.203727
0.918 3.723134 0.203335
0.919 3.722660 0.202943
0.920 3.722324 0.202643
0.921 3.722024 0.202367
0.922 3.721724 0.202091
0.923 3.721345 0.201761
0.924 3.720831 0.201339
0.925 3.720317 0.200918
0.926 3.719803 0.200496
0.927 3.718026 0.200116
0.928 3.716140 0.199740
0.929 3.714254 0.199364
0.930 3.713193 0.199014
0.931 3.713153 0.198698
0.932 3.713112 0.198381
0.933 3.713071 0.198064
0.934 3.712575 0.197742
0.935 3.712054 0.197420
0.936 3.711533 0.197097
0.937 3.711090 0.196740
0.938 3.710756 0.196334
0.939 3.710422 0.195928
0.940 3.710088 0.195522
0.941 3.708515 0.195293
0.942 3.706752 0.195092
0.943 3.704990 0.194890
0.944 3.703722 0.194628
0.945 3.703684 0.194215
0.946 3.703646 0.193802
0.947 3.703609 0.193389
0.948 3.703405 0.193072
0.949 3.703124 0.192801
0.950 3.702842 0.192530
0.951 3.702554 0.192252
0.952 3.702126 0.191822
0.953 3.701697 0.191393
0.954 3.701268 0.190963
0.955 3.700606 0.190547
0.956 3.699563 0.190151
0.957 3.698521 0.189756
0.958 3.697478 0.189360
0.959 3.696833 0.189051
0.960 3.696368 0.188780
0.961 3.695903 0.188509
0.962 3.695438 0.188238
0.963 3.695026 0.188100
0.964 3.694617 0.187966
0.965 3.694207 0.187832
0.966 3.693798 0.187683
0.967 3.693392 0.187481
0.968 3.692986 0.187278
0.969 3.692581 0.187076
0.970 3.692179 0.186813
0.971 3.691783 0.186474
0.972 3.691387 0.186134
0.973 3.690991 0.185795
0.974 3.690606 0.185466
0.975 3.690227 0.185143
0.976 3.689848 0.184820
0.977 3.689469 0.184498
0.978 3.689122 0.184084
0.979 3.688784 0.183646
0.980 3.688445 0.183209
0.981 3.688107 0.182771
0.982 3.687759 0.182430
0.983 3.687411 0.182097
0.984 3.687062 0.181763
0.985 3.686714 0.181432
0.986 3.686364 0.181196
0.987 3.686015 0.180959
0.988 3.685665 0.180723
0.989 3.685317 0.180483
0.990 3.684981 0.180217
0.991 3.684645 0.179951
0.992 3.684309 0.179686
0.993 3.683974 0.179413
0.994 3.683647 0.179096
0.995 3.683319 0.178779
0.996 3.682992 0.178461
0.997 3.682665 0.178144
0.998 3.682348 0.177820
0.999 3.682031 0.177497
1.000 3.681714 0.177173
1.001 3.681399 0.176857
1.002 3.681104 0.176596
1.003 3.680809 0.176335
1.004 3.680514 0.176074
1.005 3.680219 0.175812
1.006 3.679927 0.175527
1.007 3.679635 0.175243
1.008 3.679343 0.174958
1.009 3.679051 0.174674
1.010 3.678732 0.174239
1.011 3.678412 0.173798
1.012 3.678092 0.173356
1.013 3.677771 0.172915
1.014 3.677462 0.172527
1.015 3.677156 0.172149
1.016 3.676850 0.171771
1.017 3.676543 0.171394
1.018 3.676238 0.170990
1.019 3.675933 0.170573
1.020 3.675628 0.170157
1.021 3.675323 0.169740
1.022 3.675019 0.169361
1.023 3.674716 0.169022
1.024 3.674413 0.168683
1.025 3.674110 0.168344
1.026 3.673815 0.168013
1.027 3.673544 0.167701
1.028 3.673273 0.167390
1.029 3.673001 0.167078
1.030 3.672730 0.166767
1.031 3.672457 0.166539
1.032 3.672183 0.166312
1.033 3.671910 0.166084
1.034 3.671637 0.165857
1.035 3.671375 0.165543
1.036 3.671120 0.165190
1.037 3.670864 0.164837
1.038 3.670608 0.164484
1.039 3.670352 0.164108
1.040 3.670094 0.163692
1.041 3.669837 0.163276
1.042 3.669580 0.162859
1.043 3.669323 0.162443
1.044 3.669050 0.161936
1.045 3.668777 0.161428
1.046 3.668504 0.160920
1.047 3.668230 0.160412
1.048 3.667962 0.159923
1.049 3.667696 0.159448
1.050 3.667430 0.158972
1.051 3.667164 0.158497
1.052 3.666899 0.158039
1.053 3.666637 0.157704
1.054 3.666375 0.157369
1.055 3.666112 0.157035
1.056 3.665850 0.156700
1.057 3.665590 0.156414
1.058 3.665331 0.156154
1.059 3.665072 0.155894
1.060 3.664814 0.155635
1.061 3.664556 0.155368
1.062 3.664311 0.155044
1.063 3.664066 0.154720
1.064 3.663821 0.154396
1.065 3.663575 0.154072
1.066 3.663335 0.153712
1.067 3.663098 0.153324
1.068 3.662861 0.152935
1.069 3.662623 0.152546
1.070 3.662386 0.152158
1.071 3.662164 0.151796
1.072 3.661941 0.151436
1.073 3.661719 0.151075
1.074 3.661497 0.150715
1.075 3.661275 0.150351
1.076 3.661055 0.149981
1.077 3.660834 0.149611
1.078 3.660614 0.149240
1.079 3.660393 0.148870
1.080 3.660160 0.148529
1.081 3.659921 0.148205
1.082 3.659681 0.147881
1.083 3.659441 0.147557
1.084 3.659202 0.147232
1.085 3.658973 0.146971
1.086 3.658746 0.146716
1.087 3.658519 0.146460
1.088 3.658292 0.146205
1.089 3.658063 0.145938
1.090 3.657825 0.145606
1.091 3.657587 0.145275
1.092 3.657349 0.144943
1.093 3.657111 0.144612
1.094 3.656878 0.144286
1.095 3.656654 0.143970
1.096 3.656430 0.143655
1.097 3.656206 0.143339
1.098 3.655983 0.143023
1.099 3.655768 0.142697
1.100 3.655562 0.142358
1.101 3.655356 0.142020
1.102 3.655150 0.141682
1.103 3.654944 0.141344
1.104 3.654732 0.141025
1.105 3.654514 0.140718
1.106 3.654297 0.140412
1.107 3.654080 0.140105
1.108 3.653862 0.139799
1.109 3.653647 0.139531
1.110 3.653433 0.139282
1.111 3.653219 0.139033
1.112 3.653005 0.138784
1.113 3.652791 0.138535
1.114 3.652587 0.138348
1.115 3.652387 0.138188
1.116 3.652187 0.138029
1.117 3.651987 0.137870
1.118 3.651787 0.137710
1.119 3.651592 0.137549
1.120 3.651398 0.137387
1.121 3.651205 0.137226
1.122 3.651012 0.137064
1.123 3.650818 0.136902
1.124 3.650630 0.136735
1.125 3.650445 0.136565
1.126 3.650260 0.136394
1.127 3.650076 0.136224
1.128 3.649891 0.136054
1.129 3.649707 0.135880
1.130 3.649523 0.135703
1.131 3.649340 0.135526
1.132 3.649156 0.135349
1.133 3.648973 0.135172
1.134 3.648792 0.135005
1.135 3.648617 0.134862
1.136 3.648442 0.134718
1.137 3.648267 0.134575
1.138 3.648092 0.134431
1.139 3.647916 0.134289
1.140 3.647728 0.134158
1.141 3.647539 0.134027
1.142 3.647351 0.133896
1.143 3.647162 0.133765
1.144 3.646974 0.133634
1.145 3.646795 0.133493
1.146 3.646619 0.133351
1.147 3.646442 0.133209
1.148 3.646265 0.133067
1.149 3.646089 0.132925
1.150 3.645912 0.132773
1.151 3.645735 0.132613
1.152 3.645557 0.132454
1.153 3.645380 0.132294
1.154 3.645203 0.132135
1.155 3.645027 0.131971
1.156 3.644856 0.131791
1.157 3.644685 0.131611
1.158 3.644514 0.131431
1.159 3.644343 0.131251
1.160 3.644172 0.131072
1.161 3.643995 0.130945
1.162 3.643817 0.130834
1.163 3.643639 0.130723
1.164 3.643461 0.130612
1.165 3.643282 0.130501
1.166 3.643110 0.130385
1.167 3.642951 0.130259
1.168 3.642791 0.130133
1.169 3.642631 0.130007
1.170 3.642472 0.129881
1.171 3.642312 0.129755
1.172 3.642150 0.129584
1.173 3.641987 0.129402
1.174 3.641824 0.129220
1.175 3.641661 0.129038
1.176 3.641498 0.128856
1.177 3.641333 0.128677
1.178 3.641160 0.128510
1.179 3.640988 0.128342
1.180 3.640816 0.128174
1.181 3.640643 0.128007
1.182 3.640471 0.127839
1.183 3.640299 0.127663
1.184 3.640129 0.127481
1.185 3.639959 0.127300
1.186 3.639789 0.127119
1.187 3.639618 0.126938
1.188 3.639448 0.126757
1.189 3.639282 0.126557
1.190 3.639117 0.126357
1.191 3.638952 0.126157
1.192 3.638786 0.125956
1.193 3.638621 0.125756
1.194 3.638458 0.125581
1.195 3.638300 0.125487
1.196 3.638142 0.125393
1.197 3.637985 0.125299
1.198 3.637827 0.125204
1.199 3.637670 0.125110
1.200 3.637514 0.125020
1.201 3.637360 0.124935
1.202 3.637207 0.124850
1.203 3.637053 0.124764
1.204 3.636899 0.124679
1.205 3.636746 0.124594
1.206 3.636596 0.124471
1.207 3.636447 0.124327
1.208 3.636299 0.124182
1.209 3.636150 0.124037
1.210 3.636002 0.123892
1.211 3.635854 0.123747
1.212 3.635708 0.123585
1.213 3.635564 0.123416
1.214 3.635420 0.123247
1.215 3.635275 0.123078
1.216 3.635131 0.122909
1.217 3.634986 0.122740
1.218 3.634847 0.122582
1.219 3.634709 0.122427
1.220 3.634572 0.122272
1.221 3.634434 0.122117
1.222 3.634296 0.121962
1.223 3.634158 0.121806
1.224 3.634024 0.121666
1.225 3.633891 0.121530
1.226 3.633758 0.121394
1.227 3.633626 0.121258
1.228 3.633493 0.121121
1.229 3.633360 0.120985
1.230 3.633230 0.120880
1.231 3.633102 0.120788
1.232 3.632973 0.120695
1.233 3.632845 0.120602
1.234 3.632717 0.120510
1.235 3.632588 0.120417
1.236 3.632462 0.120283
1.237 3.632337 0.120118
1.238 3.632212 0.119954
1.239 3.632087 0.119789
1.240 3.631963 0.119625
1.241 3.631838 0.119460
1.242 3.631715 0.119291
1.243 3.631596 0.119116
1.244 3.631477 0.118940
1.245 3.631358 0.118765
1.246 3.631239 0.118590
1.247 3.631121 0.118414
1.248 3.631002 0.118233
1.249 3.630887 0.118020
1.250 3.630771 0.117806
1.251 3.630656 0.117593
1.252 3.630540 0.117379
1.253 3.630425 0.117166
1.254 3.630309 0.116952
1.255 3.630198 0.116834
1.256 3.630087 0.116737
1.257 3.629976 0.116639
1.258 3.629865 0.116541
1.259 3.629754 0.116444
1.260 3.629643 0.116346
1.261 3.629533 0.116228
1.262 3.629425 0.116084
1.263 3.629317 0.115940
1.264 3.629209 0.115796
1.265 3.629100 0.115652
1.266 3.628992 0.115508
1.267 3.628884 0.115364
1.268 3.628780 0.115162
1.269 3.628676 0.114960
1.270 3.628573 0.114758
1.271 3.628469 0.114557
1.272 3.628365 0.114355
1.273 3.628261 0.114153
1.274 3.628159 0.113931
1.275 3.628058 0.113689
1.276 3.627957 0.113446
1.277 3.627856 0.113203
1.278 3.627755 0.112961
1.279 3.627654 0.112718
1.280 3.627553 0.112475
1.281 3.627456 0.112346
1.282 3.627359 0.112229
1.283 3.627262 0.112112
1.284 3.627165 0.111994
1.285 3.627068 0.111877
1.286 3.626971 0.111760
1.287 3.626875 0.111650
1.288 3.626780 0.111560
1.289 3.626686 0.111471
1.290 3.626591 0.111381
1.291 3.626496 0.111291
1.292 3.626402 0.111202
1.293 3.626307 0.111112
1.294 3.626213 0.111021
1.295 3.626121 0.110928
1.296 3.626028 0.110835
1.297 3.625936 0.110742
1.298 3.625843 0.110649
1.299 3.625751 0.110555
1.300 3.625658 0.110462
1.301 3.625568 0.110274
1.302 3.625478 0.110054
1.303 3.625388 0.109835
1.304 3.625298 0.109615
1.305 3.625208 0.109396
1.306 3.625118 0.109176
1.307 3.625028 0.108957
1.308 3.624941 0.108783
1.309 3.624854 0.108613
1.310 3.624767 0.108444
1.311 3.624680 0.108275
1.312 3.624593 0.108106
1.313 3.624506 0.107936
1.314 3.624418 0.107767
1.315 3.624333 0.107555
1.316 3.624247 0.107341
1.317 3.624161 0.107128
1.318 3.624075 0.106914
1.319 3.623989 0.106701
1.320 3.623903 0.106487
1.321 3.623817 0.106273
1.322 3.623733 0.106064
1.323 3.623649 0.105854
1.324 3.623565 0.105645
1.325 3.623480 0.105435
1.326 3.623396 0.105226
1.327 3.623312 0.105016
1.328 3.623228 0.104806
1.329 3.623142 0.104587
1.330 3.623057 0.104366
1.331 3.622971 0.104145
1.332 3.622886 0.103924
1.333 3.622800 0.103703
1.334 3.622715 0.103482
1.335 3.622629 0.103261
1.336 3.622546 0.103075
1.337 3.622464 0.102902
1.338 3.622382 0.102729
1.339 3.622300 0.102555
1.340 3.622218 0.102382
1.341 3.622136 0.102209
1.342 3.622054 0.102036
1.343 3.621974 0.101867
1.344 3.621896 0.101704
1.345 3.621817 0.101541
1.346 3.621739 0.101377
1.347 3.621661 0.101214
1.348 3.621582 0.101051
1.349 3.621504 0.100887
1.350 3.621425 0.100718
1.351 3.621344 0.100521
1.352 3.621263 0.100324
1.353 3.621182 0.100128
1.354 3.621100 0.099931
1.355 3.621019 0.099734
1.356 3.620938 0.099537
1.357 3.620857 0.099340
1.358 3.620778 0.099146
1.359 3.620699 0.098951
1.360 3.620621 0.098757
1.361 3.620542 0.098563
1.362 3.620464 0.098369
1.363 3.620385 0.098175
1.364 3.620306 0.097981
1.365 3.620229 0.097782
1.366 3.620155 0.097572
1.367 3.620080 0.097362
1.368 3.620006 0.097153
1.369 3.619931 0.096943
1.370 3.619857 0.096733
1.371 3.619783 0.096524
1.372 3.619708 0.096314
1.373 3.619637 0.096115
1.374 3.619567 0.095920
1.375 3.619498 0.095724
1.376 3.619428 0.095528
1.377 3.619358 0.095333
1.378 3.619288 0.095137
1.379 3.619219 0.094942
1.380 3.619149 0.094751
1.381 3.619084 0.094596
1.382 3.619019 0.094441
1.383 3.618954 0.094286
1.384 3.618889 0.094131
1.385 3.618824 0.093976
1.386 3.618759 0.093821
1.387 3.618694 0.093666
1.388 3.618631 0.093487
1.389 3.618571 0.093272
1.390 3.618512 0.093057
1.391 3.618452 0.092842
1.392 3.618392 0.092627
1.393 3.618333 0.092412
1.394 3.618273 0.092197
1.395 3.618214 0.091982
1.396 3.618158 0.091791
1.397 3.618106 0.091618
1.398 3.618054 0.091445
1.399 3.618001 0.091272
1.400 3.617949 0.091100
1.401 3.617897 0.090927
1.402 3.617844 0.090754
1.403 3.617792 0.090582
1.404 3.617745 0.090393
1.405 3.617700 0.090195
1.406 3.617655 0.089998
1.407 3.617611 0.089801
1.408 3.617566 0.089604
1.409 3.617521 0.089407
1.410 3.617477 0.089210
1.411 3.617432 0.089013
1.412 3.617399 0.088797
1.413 3.617372 0.088573
1.414 3.617345 0.088349
1.415 3.617318 0.088125
1.416 3.617290 0.087900
1.417 3.617263 0.087676
1.418 3.617236 0.087452
1.419 3.617209 0.087228
1.420 3.617188 0.086992
1.421 3.617172 0.086748
1.422 3.617156 0.086504
1.423 3.617140 0.086260
1.424 3.617124 0.086016
1.425 3.617108 0.085772
1.426 3.617092 0.085528
1.427 3.617076 0.085284
1.428 3.617065 0.085004
1.429 3.617062 0.084675
1.430 3.617059 0.084347
1.431 3.617056 0.084018
1.432 3.617052 0.083689
1.433 3.617049 0.083360
1.434 3.617046 0.083031
1.435 3.617043 0.082702
1.436 3.617043 0.082381
1.437 3.617068 0.082109
1.438 3.617094 0.081836
1.439 3.617119 0.081564
1.440 3.617144 0.081291
1.441 3.617169 0.081019
1.442 3.617194 0.080747
1.443 3.617219 0.080474
1.444 3.617244 0.080202
1.445 3.617293 0.079939
1.446 3.617350 0.079678
1.447 3.617406 0.079418
1.448 3.617463 0.079157
1.449 3.617519 0.078897
1.450 3.617576 0.078636
1.451 3.617632 0.078376
1.452 3.617689 0.078115
1.453 3.617756 0.077841
1.454 3.617847 0.077535
1.455 3.617937 0.077229
1.456 3.618028 0.076923
1.457 3.618119 0.076617
1.458 3.618209 0.076311
1.459 3.618300 0.076005
1.460 3.618391 0.075699
1.461 3.618482 0.075394
1.462 3.618607 0.075105
1.463 3.618744 0.074821
1.464 3.618881 0.074538
1.465 3.619019 0.074255
1.466 3.619156 0.073972
1.467 3.619293 0.073689
1.468 3.619431 0.073406
1.469 3.619568 0.073122
1.470 3.619710 0.072832
1.471 3.619905 0.072443
1.472 3.620100 0.072055
1.473 3.620295 0.071666
1.474 3.620490 0.071278
1.475 3.620685 0.070889
1.476 3.620880 0.070501
1.477 3.621075 0.070112
1.478 3.621270 0.069724
1.479 3.621485 0.069337
1.480 3.621747 0.068956
1.481 3.622009 0.068574
1.482 3.622271 0.068192
1.483 3.622533 0.067811
1.484 3.622795 0.067429
1.485 3.623057 0.067047
1.486 3.623319 0.066666
1.487 3.623581 0.066284
1.488 3.623879 0.065888
1.489 3.624226 0.065472
1.490 3.624573 0.065056
1.491 3.624920 0.064640
1.492 3.625267 0.064224
1.493 3.625614 0.063807
1.494 3.625961 0.063391
1.495 3.626308 0.062975
1.496 3.626655 0.062559
1.497 3.627040 0.062115
1.498 3.627473 0.061634
1.499 3.627906 0.061153
1.500 3.628338 0.060672
1.501 3.628771 0.060191
1.502 3.629204 0.059710
1.503 3.629637 0.059229
1.504 3.630070 0.058748
1.505 3.630503 0.058267
1.506 3.630928 0.057762
1.507 3.631339 0.057210
1.508 3.631750 0.056659
1.509 3.632160 0.056107
1.510 3.632571 0.055556
1.511 3.632982 0.055004
1.512 3.633392 0.054453
1.513 3.633803 0.053902
1.514 3.634214 0.053350
1.515 3.634614 0.052792
1.516 3.634953 0.052192
1.517 3.635293 0.051591
1.518 3.635632 0.050991
1.519 3.635971 0.050391
1.520 3.636311 0.049791
1.521 3.636650 0.049190
1.522 3.636989 0.048590
1.523 3.637329 0.047990
1.524 3.637668 0.047390
1.525 3.637876 0.046679
1.526 3.638056 0.045944
1.527 3.638236 0.045210
1.528 3.638416 0.044475
1.529 3.638596 0.043741
1.530 3.638776 0.043007
1.531 3.638956 0.042272
1.532 3.639136 0.041538
1.533 3.639316 0.040803
1.534 3.639367 0.040008
1.535 3.639216 0.039119
1.536 3.639066 0.038230
1.537 3.638915 0.037341
1.538 3.638765 0.036451
1.539 3.638614 0.035562
1.540 3.638464 0.034673
1.541 3.638313 0.033784
1.542 3.638163 0.032894
1.543 3.638013 0.032005
1.544 3.637862 0.031116
1.545 3.637679 0.030231
1.546 3.637262 0.029381
1.547 3.636844 0.028530
1.548 3.636426 0.027679
1.549 3.636009 0.026828
1.550 3.635591 0.025977
1.551 3.635173 0.025127
1.552 3.634756 0.024276
1.553 3.634338 0.023425
1.554 3.633921 0.022574
1.555 3.633503 0.021723
1.556 3.633085 0.020873
1.557 3.632499 0.020146
1.558 3.631835 0.019476
1.559 3.631171 0.018807
1.560 3.630507 0.018137
1.561 3.629843 0.017468
1.562 3.629179 0.016799
1.563 3.628514 0.016129
1.564 3.627850 0.015460
1.565 3.627186 0.014790
1.566 3.626522 0.014121
1.567 3.625858 0.013367
1.568 3.625181 0.012630
1.569 3.624347 0.012102
1.570 3.623514 0.011581
1.571 3.622680 0.011067
1.572 3.621846 0.010559
1.573 3.621013 0.010058
1.574 3.620179 0.009563
1.575 3.619345 0.009075
1.576 3.618512 0.008593
1.577 3.617678 0.008117
1.578 3.616844 0.007648
1.579 3.616011 0.007185
1.580 3.615161 0.006774
1.581 3.614271 0.006480
1.582 3.613382 0.006189
1.583 3.612493 0.005902
1.584 3.611603 0.005619
1.585 3.610714 0.005340
1.586 3.609824 0.005064
1.587 3.608935 0.004792
1.588 3.608046 0.004523
1.589 3.607156 0.004258
1.590 3.606267 0.003997
1.591 3.605377 0.003738
1.592 3.604498 0.003517
1.593 3.603638 0.003366
1.594 3.602779 0.003217
1.595 3.601919 0.003070
1.596 3.601060 0.002925
1.597 3.600200 0.002781
1.598 3.599341 0.002640
1.599 3.598481 0.002500
1.600 3.597622 0.002362
1.601 3.596762 0.002226
1.602 3.595902 0.002092
1.603 3.595043 0.001959
1.604 3.594199 0.001839
1.605 3.593425 0.001761
1.606 3.592651 0.001685
1.607 3.591877 0.001610
1.608 3.591103 0.001536
1.609 3.590329 0.001463
1.610 3.589555 0.001391
1.611 3.588781 0.001319
1.612 3.588007 0.001249
1.613 3.587233 0.001180
1.614 3.586458 0.001111
1.615 3.585684 0.001043
1.616 3.584910 0.000977
1.617 3.584224 0.000933
1.618 3.583552 0.000894
1.619 3.582881 0.000855
1.620 3.582209 0.000817
1.621 3.581537 0.000779
1.622 3.580865 0.000741
1.623 3.580194 0.000705
1.624 3.579522 0.000668
1.625 3.578850 0.000632
1.626 3.578179 0.000597
1.627 3.577507 0.000562
1.628 3.576835 0.000527
1.629 3.576195 0.000498
1.630 3.575617 0.000478
1.631 3.575039 0.000458
1.632 3.574461 0.000438
1.633 3.573883 0.000419
1.634 3.573304 0.000400
1.635 3.572726 0.000381
1.636 3.572148 0.000362
1.637 3.571570 0.000344
1.638 3.570992 0.000326
1.639 3.570414 0.000308
1.640 3.569836 0.000290
1.641 3.569258 0.000273
1.642 3.568718 0.000259
1.643 3.568202 0.000248
1.644 3.567686 0.000238
1.645 3.567170 0.000227
1.646 3.566654 0.000217
1.647 3.566138 0.000206
1.648 3.565622 0.000196
1.649 3.565107 0.000186
1.650 3.564591 0.000176
1.651 3.564075 0.000166
1.652 3.563559 0.000157
1.653 3.563043 0.000147
1.654 3.562527 0.000138
1.655 3.562044 0.000131
1.656 3.561574 0.000126
1.657 3.561104 0.000121
1.658 3.560635 0.000116
1.659 3.560165 0.000111
1.660 3.559695 0.000106
1.661 3.559226 0.000101
1.662 3.558756 0.000096
1.663 3.558286 0.000091
1.664 3.557817 0.000086
1.665 3.557347 0.000082
1.666 3.556877 0.000077
1.667 3.556408 0.000073
1.668 3.555957 0.000069
1.669 3.555521 0.000067
1.670 3.555085 0.000064
1.671 3.554649 0.000061
1.672 3.554213 0.000059
1.673 3.553776 0.000056
1.674 3.553340 0.000054
1.675 3.552904 0.000051
1.676 3.552468 0.000049
1.677 3.552032 0.000046
1.678 3.551595 0.000044
1.679 3.551159 0.000042
1.680 3.550723 0.000039
1.681 3.550287 0.000037
1.682 3.549850 0.000036
1.683 3.549412 0.000034
1.684 3.548975 0.000033
1.685 3.548538 0.000032
1.686 3.548101 0.000030
1.687 3.547664 0.000029
1.688 3.547227 0.000028
1.689 3.546790 0.000026
1.690 3.546353 0.000025
1.691 3.545916 0.000024
1.692 3.545479 0.000023
1.693 3.545042 0.000021
1.694 3.544605 0.000020
1.695 3.544180 0.000019
1.696 3.543761 0.000018
1.697 3.543342 0.000017
1.698 3.542924 0.000016
1.699 3.542505 0.000015
1.700 3.542086 0.000014
1.701 3.541667 0.000013
1.702 3.541248 0.000013
1.703 3.540829 0.000012
1.704 3.540410 0.000011
1.705 3.539991 0.000010
1.706 3.539572 0.000009
1.707 3.539153 0.000008
1.708 3.538734 0.000007
1.709 3.538327 0.000007
1.710 3.537920 0.000006
1.711 3.537514 0.000006
1.712 3.537108 0.000005
1.713 3.536701 0.000005
1.714 3.536295 0.000004
1.715 3.535888 0.000003
1.716 3.535482 0.000003
1.717 3.535075 0.000002
1.718 3.534669 0.000002
1.719 3.534262 0.000001
1.720 3.533856 0.000001
1.721 3.533449 0.000000
1.722 3.533043 0.000000
1.723 3.532648 0.000000
1.724 3.532254 0.000000
1.725 3.531860 0.000000
1.726 3.531466 0.000000
1.727 3.531071 0.000000
1.728 3.530677 0.000000
1.729 3.530283 0.000000
1.730 3.529889 0.000000
1.731 3.529494 0.000000
1.732 3.529100 0.000000
1.733 3.528706 0.000000
1.734 3.528312 0.000000
1.735 3.527918 0.000000
1.736 3.527523 0.000000
1.737 3.527138 0.000000
1.738 3.526756 0.000000
1.739 3.526374 0.000000
1.740 3.525991 0.000000
1.741 3.525609 0.000000
1.742 3.525227 0.000000
1.743 3.524845 0.000000
1.744 3.524463 0.000000
1.745 3.524081 0.000000
1.746 3.523699 0.000000
1.747 3.523316 0.000000
1.748 3.522934 0.000000
1.749 3.522552 0.000000
1.750 3.522170 0.000000
1.751 3.521791 0.000000
1.752 3.521420 0.000000
1.753 3.521049 0.000000
1.754 3.520678 0.000000
1.755 3.520308 0.000000
1.756 3.519937 0.000000
1.757 3.519566 0.000000
1.758 3.519195 0.000000
1.759 3.518824 0.000000
1.760 3.518454 0.000000
1.761 3.518083 0.000000
1.762 3.517712 0.000000
1.763 3.517341 0.000000
1.764 3.516970 0.000000
1.765 3.516600 0.000000
1.766 3.516235 0.000000
1.767 3.515876 0.000000
1.768 3.515517 0.000000
1.769 3.515158 0.000000
1.770 3.514798 0.000000
1.771 3.514439 0.000000
1.772 3.514080 0.000000
1.773 3.513721 0.000000
1.774 3.513361 0.000000
1.775 3.513002 0.000000
1.776 3.512643 0.000000
1.777 3.512284 0.000000
1.778 3.511925 0.000000
1.779 3.511565 0.000000
1.780 3.511206 0.000000
1.781 3.510853 0.000000
1.782 3.510505 0.000000
1.783 3.510156 0.000000
1.784 3.509808 0.000000
1.785 3.509459 0.000000
1.786 3.509111 0.000000
1.787 3.508762 0.000000
1.788 3.508414 0.000000
1.789 3.508066 0.000000
1.790 3.507717 0.000000
1.791 3.507369 0.000000
1.792 3.507020 0.000000
1.793 3.506672 0.000000
1.794 3.506323 0.000000
1.795 3.505975 0.000000
1.796 3.505631 0.000000
1.797 3.505293 0.000000
1.798 3.504955 0.000000
1.799 3.504618 0.000000
1.800 3.504280 0.000000
1.801 3.503942 0.000000
1.802 3.503605 0.000000
1.803 3.503267 0.000000
1.804 3.502929 0.000000
1.805 3.502592 0.000000
1.806 3.502254 0.000000
1.807 3.501917 0.000000
1.808 3.501579 0.000000
1.809 3.501241 0.000000
1.810 3.500904 0.000000
1.811 3.500566 0.000000
1.812 3.500238 0.000000
1.813 3.499911 0.000000
1.814 3.499583 0.000000
1.815 3.499256 0.000000
1.816 3.498928 0.000000
1.817 3.498601 0.000000
1.818 3.498274 0.000000
1.819 3.497946 0.000000
1.820 3.497619 0.000000
1.821 3.497292 0.000000
1.822 3.496964 0.000000
1.823 3.496637 0.000000
1.824 3.496310 0.000000
1.825 3.495982 0.000000
1.826 3.495655 0.000000
1.827 3.495329 0.000000
1.828 3.495013 0.000000
1.829 3.494696 0.000000
1.830 3.494379 0.000000
1.831 3.494062 0.000000
1.832 3.493745 0.000000
1.833 3.493428 0.000000
1.834 3.493111 0.000000
1.835 3.492794 0.000000
1.836 3.492477 0.000000
1.837 3.492160 0.000000
1.838 3.491843 0.000000
1.839 3.491526 0.000000
1.840 3.491209 0.000000
1.841 3.490892 0.000000
1.842 3.490575 0.000000
1.843 3.490260 0.000000
1.844 3.489953 0.000000
1.845 3.489646 0.000000
1.846 3.489338 0.000000
1.847 3.489031 0.000000
1.848 3.488724 0.000000
1.849 3.488417 0.000000
1.850 3.488110 0.000000
1.851 3.487803 0.000000
1.852 3.487495 0.000000
1.853 3.487188 0.000000
1.854 3.486881 0.000000
1.855 3.486574 0.000000
1.856 3.486267 0.000000
1.857 3.485959 0.000000
1.858 3.485652 0.000000
1.859 3.485345 0.000000
1.860 3.485046 0.000000
1.861 3.484749 0.000000
1.862 3.484451 0.000000
1.863 3.484153 0.000000
1.864 3.483856 0.000000
1.865 3.483558 0.000000
1.866 3.483261 0.000000
1.867 3.482963 0.000000
1.868 3.482665 0.000000
1.869 3.482368 0.000000
1.870 3.482070 0.000000
1.871 3.481772 0.000000
1.872 3.481475 0.000000
1.873 3.481177 0.000000
1.874 3.480880 0.000000
1.875 3.480582 0.000000
1.876 3.480287 0.000000
1.877 3.479999 0.000000
1.878 3.479711 0.000000
1.879 3.479423 0.000000
1.880 3.479134 0.000000
1.881 3.478846 0.000000
1.882 3.478558 0.000000
1.883 3.478270 0.000000
1.884 3.477982 0.000000
1.885 3.477694 0.000000
1.886 3.477405 0.000000
1.887 3.477117 0.000000
1.888 3.476829 0.000000
1.889 3.476541 0.000000
1.890 3.476253 0.000000
1.891 3.475965 0.000000
1.892 3.475677 0.000000
1.893 3.475392 0.000000
1.894 3.475113 0.000000
1.895 3.474834 0.000000
1.896 3.474555 0.000000
1.897 3.474275 0.000000
1.898 3.473996 0.000000
1.899 3.473717 0.000000
1.900 3.473438 0.000000