0.253 2.458712 3.447134
0.258 2.812317 3.449507
0.263 3.258118 3.333834
0.268 3.603649 2.974813
0.273 3.699643 2.574396
0.278 3.659243 2.281899
0.283 3.583188 2.083820
0.288 3.501947 1.948008
0.293 3.422912 1.856520
0.298 3.353769 1.796891
0.303 3.297352 1.761961
0.308 3.252187 1.742434
0.313 3.218952 1.734143
0.318 3.194320 1.733661
0.323 3.178280 1.737899
0.328 3.168772 1.747291
0.333 3.165308 1.761102
0.338 3.167226 1.779464
0.343 3.175557 1.800734
0.348 3.189183 1.826057
0.353 3.210390 1.854350
0.358 3.238837 1.887032
0.363 3.277774 1.923629
0.368 3.331458 1.960240
0.373 3.398011 1.984004
0.378 3.455181 2.003015
0.383 3.517430 2.045703
0.388 3.623440 2.102540
0.393 3.783478 2.131961
0.398 3.956488 2.106964
0.403 4.127385 2.047138
0.408 4.304193 1.937074
0.413 4.446128 1.758469
0.418 4.511578 1.547557
0.423 4.505998 1.356735
0.428 4.464857 1.206126
0.433 4.411718 1.090708
0.438 4.359656 0.999974
0.443 4.308943 0.926629
0.448 4.262165 0.865756
0.453 4.218318 0.814732
0.458 4.178330 0.770972
0.463 4.141610 0.733105
0.468 4.108217 0.699594
0.473 4.077148 0.669766
0.478 4.048875 0.642539
0.483 4.021671 0.617649
0.488 3.997470 0.594769
0.493 3.973771 0.573550
0.498 3.951396 0.553935
0.503 3.931047 0.535637
0.508 3.910607 0.518574
0.513 3.892221 0.502663
0.518 3.873613 0.487737
0.523 3.856465 0.473818
0.528 3.840331 0.460708
0.533 3.824275 0.448434
0.538 3.809919 0.436943
0.543 3.795011 0.426089
0.548 3.780973 0.415798
0.553 3.768234 0.406000
0.558 3.755542 0.396849
0.563 3.743579 0.388129
0.568 3.732313 0.379856
0.573 3.720861 0.371987
0.578 3.710371 0.364506
0.583 3.700557 0.357362
0.588 3.691146 0.350504
0.593 3.681057 0.343989
0.598 3.672414 0.337715
0.603 3.664098 0.331733
0.608 3.655851 0.326028
0.613 3.647708 0.320501
0.618 3.639825 0.315201
0.623 3.632176 0.309972
0.628 3.625008 0.305185
0.633 3.618334 0.300353
0.638 3.611993 0.295807
0.643 3.605617 0.291369
0.648 3.599408 0.287105
0.653 3.593165 0.282966
0.658 3.587199 0.278979
0.663 3.581868 0.275168
0.668 3.576478 0.271421
0.673 3.571684 0.267840
0.678 3.566303 0.264356
0.683 3.561461 0.260952
0.688 3.557022 0.257692
0.693 3.552630 0.254528
0.698 3.547870 0.251447
0.703 3.544057 0.248509
0.708 3.540302 0.245667
0.713 3.536056 0.242882
0.718 3.533015 0.240041
0.723 3.529413 0.237315
0.728 3.526402 0.234788
0.733 3.523593 0.231992
0.738 3.520879 0.229387
0.743 3.518236 0.226708
0.748 3.515807 0.224191
0.753 3.513406 0.221406
0.758 3.511193 0.218693
0.763 3.509080 0.216174
0.768 3.507052 0.213387
0.773 3.505047 0.210516
0.778 3.503125 0.208036
0.783 3.501324 0.205345
0.788 3.499659 0.202708
0.793 3.498030 0.200192
0.798 3.496519 0.197601
0.803 3.495042 0.195071
0.808 3.493643 0.192819
0.813 3.492346 0.190549
0.818 3.491203 0.188302
0.823 3.490098 0.186117
0.828 3.489041 0.183844
0.833 3.488042 0.181656
0.838 3.487169 0.179386
0.843 3.486361 0.177009
0.848 3.485676 0.174844
0.853 3.485107 0.172633
0.858 3.484627 0.170326
0.863 3.484362 0.167967
0.868 3.484171 0.165604
0.873 3.484195 0.163119
0.878 3.484360 0.160576
0.883 3.484610 0.157864
0.888 3.485007 0.154904
0.893 3.485438 0.151900
0.898 3.485888 0.148552
0.903 3.486351 0.144957
0.908 3.486751 0.141205
0.913 3.486905 0.136932
0.918 3.487000 0.132551
0.923 3.486746 0.128088
0.928 3.486030 0.123425
0.933 3.485232 0.118722
0.938 3.484014 0.114156
0.943 3.482453 0.109723
0.948 3.480883 0.105329
0.953 3.479165 0.101318
0.958 3.477396 0.097513
0.963 3.475737 0.093728
0.968 3.474488 0.090451
0.973 3.473618 0.087306
0.978 3.473005 0.084105
0.983 3.473977 0.080423
0.988 3.476020 0.075725
0.993 3.478101 0.070528
0.998 3.480034 0.064434
1.003 3.481228 0.053143
1.008 3.482387 0.035943
1.013 3.477732 0.019963
1.018 3.470024 0.010244
1.023 3.460986 0.005175
1.028 3.451580 0.002720
1.033 3.441624 0.001467
1.038 3.431608 0.000854
1.043 3.423223 0.000499
1.048 3.416030 0.000297
1.053 3.409376 0.000178
1.058 3.403327 0.000112
1.063 3.397905 0.000070
1.068 3.392818 0.000044
1.073 3.387836 0.000028
1.078 3.383533 0.000019
1.083 3.379343 0.000012
1.088 3.375276 0.000008
1.093 3.371453 0.000005
1.098 3.367842 0.000003
1.103 3.364317 0.000002
1.108 3.360834 0.000001
1.113 3.357592 0.000001
1.118 3.354401 0.000001
1.123 3.351235 0.000000
1.128 3.348245 0.000000
1.133 3.345322 0.000000
1.138 3.342477 0.000000
1.143 3.339693 0.000000
1.148 3.336974 0.000000
1.153 3.334389 0.000000
1.158 3.331823 0.000000
1.163 3.329279 0.000000
1.168 3.326869 0.000000
1.173 3.324486 0.000000
1.178 3.322135 0.000000
1.183 3.319842 0.000000
1.188 3.317580 0.000000
1.193 3.315417 0.000000
1.198 3.313263 0.000000
1.203 3.311120 0.000000
1.208 3.309072 0.000000
1.213 3.307059 0.000000
1.218 3.305074 0.000000
1.223 3.303108 0.000000
1.228 3.301208 0.000000
1.233 3.299346 0.000000
1.238 3.297538 0.000000
1.243 3.295744 0.000000
1.248 3.293960 0.000000
1.253 3.292242 0.000000
1.258 3.290548 0.000000
1.263 3.288870 0.000000
1.268 3.287194 0.000000
1.273 3.285582 0.000000
1.278 3.283975 0.000000
1.283 3.282413 0.000000
1.288 3.280854 0.000000
1.293 3.279322 0.000000
1.298 3.277795 0.000000
1.303 3.276338 0.000000
1.308 3.274882 0.000000
1.313 3.273440 0.000000
1.318 3.271998 0.000000
1.323 3.270642 0.000000
1.328 3.269287 0.000000
1.333 3.267968 0.000000
1.338 3.266653 0.000000
1.343 3.265359 0.000000
1.348 3.264071 0.000000
1.353 3.262812 0.000000
1.358 3.261571 0.000000
1.363 3.260334 0.000000
1.368 3.259105 0.000000
1.373 3.257889 0.000000
1.378 3.256734 0.000000
1.383 3.255578 0.000000
1.388 3.254441 0.000000
1.393 3.253306 0.000000
1.398 3.252195 0.000000
1.403 3.251100 0.000000
1.408 3.250017 0.000000
1.413 3.248969 0.000000
1.418 3.247921 0.000000
1.423 3.246886 0.000000
1.428 3.245852 0.000000
1.433 3.244841 0.000000
1.438 3.243856 0.000000
1.443 3.242872 0.000000
1.448 3.241899 0.000000
1.453 3.240926 0.000000
1.458 3.239975 0.000000
1.463 3.239047 0.000000
1.468 3.238120 0.000000
1.473 3.237225 0.000000
1.478 3.236333 0.000000
1.483 3.235446 0.000000
1.488 3.234570 0.000000
1.493 3.233694 0.000000
1.498 3.232846 0.000000
1.503 3.232012 0.000000
1.508 3.231177 0.000000
1.513 3.230351 0.000000
1.518 3.229525 0.000000
1.523 3.228708 0.000000
1.528 3.227919 0.000000
1.533 3.227130 0.000000
1.538 3.226350 0.000000
1.543 3.225580 0.000000
1.548 3.224811 0.000000
1.553 3.224052 0.000000
1.558 3.223301 0.000000
1.563 3.222550 0.000000
1.568 3.221823 0.000000
1.573 3.221106 0.000000
1.578 3.220389 0.000000
1.583 3.219677 0.000000
1.588 3.218967 0.000000
1.593 3.218258 0.000000
1.598 3.217586 0.000000
1.603 3.216927 0.000000
1.608 3.216268 0.000000
1.613 3.215619 0.000000
1.618 3.214975 0.000000
1.623 3.214332 0.000000
1.628 3.213696 0.000000
1.633 3.213067 0.000000
1.638 3.212438 0.000000
1.643 3.211815 0.000000
1.648 3.211203 0.000000
1.653 3.210592 0.000000
1.658 3.209981 0.000000
1.663 3.209378 0.000000
1.668 3.208774 0.000000
1.673 3.208171 0.000000
1.678 3.207605 0.000000
1.683 3.207049 0.000000
1.688 3.206492 0.000000
1.693 3.205939 0.000000
1.698 3.205392 0.000000
1.703 3.204844 0.000000
1.708 3.204296 0.000000
1.713 3.203770 0.000000
1.718 3.203243 0.000000
1.723 3.202717 0.000000
1.728 3.202200 0.000000
1.733 3.201691 0.000000
1.738 3.201183 0.000000
1.743 3.200675 0.000000
1.748 3.200176 0.000000
1.753 3.199677 0.000000
1.758 3.199179 0.000000
1.763 3.198687 0.000000
1.768 3.198216 0.000000
1.773 3.197746 0.000000
1.778 3.197276 0.000000
1.783 3.196808 0.000000
1.788 3.196344 0.000000
1.793 3.195879 0.000000
1.798 3.195415 0.000000
1.803 3.194966 0.000000
1.808 3.194526 0.000000
1.813 3.194086 0.000000
1.818 3.193646 0.000000
1.823 3.193216 0.000000
1.828 3.192790 0.000000
1.833 3.192364 0.000000
1.838 3.191938 0.000000
1.843 3.191520 0.000000
1.848 3.191105 0.000000
1.853 3.190690 0.000000
1.858 3.190275 0.000000
1.863 3.189874 0.000000
1.868 3.189482 0.000000
1.873 3.189090 0.000000
1.878 3.188697 0.000000
1.883 3.188307 0.000000
1.888 3.187920 0.000000
1.893 3.187532 0.000000
1.898 3.187145 0.000000
1.903 3.186762 0.000000
1.908 3.186398 0.000000
1.913 3.186034 0.000000
1.918 3.185670 0.000000
1.923 3.185307 0.000000
1.928 3.184950 0.000000
1.933 3.184596 0.000000
1.938 3.184241 0.000000
1.943 3.183886 0.000000
1.948 3.183536 0.000000