0.253 2.330003 3.384367
0.258 2.644102 3.407243
0.263 3.030937 3.352290
0.268 3.385965 3.103642
0.273 3.556447 2.771308
0.278 3.593106 2.486297
0.283 3.572021 2.269958
0.288 3.525218 2.105860
0.293 3.467916 1.983915
0.298 3.407027 1.897829
0.303 3.351742 1.840269
0.308 3.303989 1.801894
0.313 3.265687 1.779380
0.318 3.235925 1.767701
0.323 3.213888 1.764963
0.328 3.199672 1.766023
0.333 3.192108 1.772436
0.338 3.187500 1.784149
0.343 3.192120 1.797928
0.348 3.200069 1.816811
0.353 3.213616 1.836658
0.358 3.231844 1.859702
0.363 3.256720 1.886286
0.368 3.289710 1.916721
0.373 3.333551 1.950932
0.378 3.394647 1.982974
0.383 3.472771 1.994456
0.388 3.531915 1.988045
0.393 3.575330 1.999701
0.398 3.638612 2.044514
0.403 3.753583 2.092954
0.408 3.918182 2.103506
0.413 4.086163 2.064744
0.418 4.253668 1.987031
0.423 4.411161 1.850242
0.428 4.517568 1.661087
0.433 4.547827 1.463696
0.438 4.523092 1.297716
0.443 4.480681 1.166664
0.448 4.427940 1.065580
0.453 4.378588 0.983794
0.458 4.330422 0.918752
0.463 4.287254 0.863701
0.468 4.246525 0.817089
0.473 4.210089 0.776696
0.478 4.176196 0.741489
0.483 4.144554 0.710193
0.488 4.116180 0.682010
0.493 4.089026 0.656116
0.498 4.064923 0.632432
0.503 4.041912 0.610532
0.508 4.020582 0.590015
0.513 3.999313 0.570923
0.518 3.980259 0.553135
0.523 3.962320 0.536332
0.528 3.944768 0.520486
0.533 3.928327 0.505569
0.538 3.911814 0.491409
0.543 3.896373 0.478145
0.548 3.882209 0.465466
0.553 3.868409 0.453520
0.558 3.855414 0.442082
0.563 3.842651 0.431331
0.568 3.830056 0.421003
0.573 3.818398 0.411061
0.578 3.806755 0.401543
0.583 3.795637 0.392588
0.588 3.784778 0.384000
0.593 3.774465 0.375855
0.598 3.763960 0.367892
0.603 3.754679 0.360332
0.608 3.746684 0.353108
0.613 3.737916 0.346024
0.618 3.728635 0.339318
0.623 3.720290 0.332713
0.628 3.711636 0.326506
0.633 3.703204 0.320481
0.638 3.696445 0.314607
0.643 3.689772 0.309148
0.648 3.682369 0.303620
0.653 3.674885 0.298312
0.658 3.667872 0.293488
0.663 3.662160 0.288473
0.668 3.656088 0.283851
0.673 3.649423 0.279316
0.678 3.642784 0.274910
0.683 3.637677 0.270677
0.688 3.632040 0.266577
0.693 3.626246 0.262599
0.698 3.619992 0.258905
0.703 3.614855 0.255214
0.708 3.611011 0.251717
0.713 3.605212 0.248314
0.718 3.600589 0.245031
0.723 3.596381 0.241853
0.728 3.591124 0.238851
0.733 3.587228 0.235882
0.738 3.583216 0.233176
0.743 3.578468 0.230448
0.748 3.575198 0.227902
0.753 3.570814 0.225453
0.758 3.568091 0.222802
0.763 3.564352 0.220308
0.768 3.561523 0.218227
0.773 3.558870 0.215686
0.778 3.556336 0.213161
0.783 3.553887 0.210921
0.788 3.551549 0.208549
0.793 3.549329 0.206143
0.798 3.547136 0.203484
0.803 3.545078 0.200968
0.808 3.543126 0.198738
0.813 3.541251 0.196109
0.818 3.539365 0.193196
0.823 3.537543 0.190902
0.828 3.535800 0.188451
0.833 3.534219 0.185907
0.838 3.532643 0.183550
0.843 3.531112 0.181240
0.848 3.529674 0.178830
0.853 3.528257 0.176512
0.858 3.526911 0.174622
0.863 3.525652 0.172742
0.868 3.524503 0.170858
0.873 3.523390 0.169094
0.878 3.522314 0.167247
0.883 3.521267 0.165423
0.888 3.520297 0.163625
0.893 3.519384 0.161753
0.898 3.518515 0.159711
0.903 3.517714 0.157930
0.908 3.517031 0.156239
0.913 3.516394 0.154419
0.918 3.515882 0.152488
0.923 3.515481 0.150594
0.928 3.515142 0.148689
0.933 3.514951 0.146715
0.938 3.514862 0.144725
0.943 3.514815 0.142642
0.948 3.514876 0.140391
0.953 3.514982 0.138120
0.958 3.515106 0.135809
0.963 3.515238 0.133249
0.968 3.515375 0.130608
0.973 3.515471 0.127855
0.978 3.515406 0.124758
0.983 3.515276 0.121538
0.988 3.515080 0.118363
0.993 3.514510 0.115061
0.998 3.513797 0.111676
1.003 3.513052 0.108276
1.008 3.512029 0.104986
1.013 3.510837 0.101794
1.018 3.509655 0.098623
1.023 3.508457 0.095555
1.028 3.507231 0.092645
1.033 3.506074 0.089742
1.038 3.505086 0.086847
1.043 3.504494 0.084248
1.048 3.504281 0.081573
1.053 3.504362 0.078843
1.058 3.505281 0.075856
1.063 3.507293 0.072286
1.068 3.509734 0.068261
1.073 3.512083 0.063804
1.078 3.513700 0.058145
1.083 3.513912 0.048698
1.088 3.513919 0.035014
1.093 3.510442 0.022280
1.098 3.504500 0.012725
1.103 3.496939 0.007016
1.108 3.488965 0.004269
1.113 3.480602 0.002609
1.118 3.472122 0.001562
1.123 3.463767 0.000933
1.128 3.457088 0.000609
1.133 3.450865 0.000397
1.138 3.445009 0.000255
1.143 3.439548 0.000159
1.148 3.434767 0.000107
1.153 3.430171 0.000070
1.158 3.425695 0.000045
1.163 3.421795 0.000031
1.168 3.418000 0.000021
1.173 3.414308 0.000013
1.178 3.410864 0.000009
1.183 3.407532 0.000006
1.188 3.404297 0.000004
1.193 3.401124 0.000003
1.198 3.398047 0.000002
1.203 3.395082 0.000001
1.208 3.392157 0.000001
1.213 3.389284 0.000001
1.218 3.386517 0.000000
1.223 3.383821 0.000000
1.228 3.381162 0.000000
1.233 3.378564 0.000000
1.238 3.376028 0.000000
1.243 3.373575 0.000000
1.248 3.371148 0.000000
1.253 3.368735 0.000000
1.258 3.366433 0.000000
1.263 3.364151 0.000000
1.268 3.361906 0.000000
1.273 3.359698 0.000000
1.278 3.357517 0.000000
1.283 3.355415 0.000000
1.288 3.353330 0.000000
1.293 3.351271 0.000000
1.298 3.349235 0.000000
1.303 3.347280 0.000000
1.308 3.345338 0.000000
1.313 3.343418 0.000000
1.318 3.341533 0.000000
1.323 3.339684 0.000000
1.328 3.337881 0.000000
1.333 3.336109 0.000000
1.338 3.334356 0.000000
1.343 3.332613 0.000000
1.348 3.330923 0.000000
1.353 3.329255 0.000000
1.358 3.327605 0.000000
1.363 3.325963 0.000000
1.368 3.324362 0.000000
1.373 3.322777 0.000000
1.378 3.321223 0.000000
1.383 3.319683 0.000000
1.388 3.318163 0.000000
1.393 3.316655 0.000000
1.398 3.315179 0.000000
1.403 3.313734 0.000000
1.408 3.312297 0.000000
1.413 3.310874 0.000000
1.418 3.309466 0.000000
1.423 3.308114 0.000000
1.428 3.306762 0.000000
1.433 3.305448 0.000000
1.438 3.304135 0.000000
1.443 3.302843 0.000000
1.448 3.301558 0.000000
1.453 3.300294 0.000000
1.458 3.299052 0.000000
1.463 3.297813 0.000000
1.468 3.296589 0.000000
1.473 3.295366 0.000000
1.478 3.294193 0.000000
1.483 3.293030 0.000000
1.488 3.291877 0.000000
1.493 3.290738 0.000000
1.498 3.289599 0.000000
1.503 3.288497 0.000000
1.508 3.287394 0.000000
1.513 3.286315 0.000000
1.518 3.285255 0.000000
1.523 3.284195 0.000000
1.528 3.283154 0.000000
1.533 3.282112 0.000000
1.538 3.281093 0.000000
1.543 3.280094 0.000000
1.548 3.279095 0.000000
1.553 3.278112 0.000000
1.558 3.277130 0.000000
1.563 3.276159 0.000000
1.568 3.275217 0.000000
1.573 3.274274 0.000000
1.578 3.273352 0.000000
1.583 3.272442 0.000000
1.588 3.271532 0.000000
1.593 3.270640 0.000000
1.598 3.269750 0.000000
1.603 3.268864 0.000000
1.608 3.268010 0.000000
1.613 3.267156 0.000000
1.618 3.266307 0.000000
1.623 3.265466 0.000000
1.628 3.264626 0.000000
1.633 3.263800 0.000000
1.638 3.262993 0.000000
1.643 3.262186 0.000000
1.648 3.261389 0.000000
1.653 3.260603 0.000000
1.658 3.259816 0.000000
1.663 3.259041 0.000000
1.668 3.258275 0.000000
1.673 3.257508 0.000000
1.678 3.256758 0.000000
1.683 3.256022 0.000000
1.688 3.255286 0.000000
1.693 3.254555 0.000000
1.698 3.253831 0.000000
1.703 3.253108 0.000000
1.708 3.252396 0.000000
1.713 3.251714 0.000000
1.718 3.251032 0.000000
1.723 3.250351 0.000000
1.728 3.249686 0.000000
1.733 3.249021 0.000000
1.738 3.248356 0.000000
1.743 3.247705 0.000000
1.748 3.247057 0.000000
1.753 3.246409 0.000000
1.758 3.245770 0.000000
1.763 3.245140 0.000000
1.768 3.244510 0.000000
1.773 3.243882 0.000000
1.778 3.243264 0.000000
1.783 3.242646 0.000000
1.788 3.242028 0.000000
1.793 3.241435 0.000000
1.798 3.240856 0.000000
1.803 3.240276 0.000000
1.808 3.239698 0.000000
1.813 3.239130 0.000000
1.818 3.238563 0.000000
1.823 3.237995 0.000000
1.828 3.237439 0.000000
1.833 3.236892 0.000000
1.838 3.236345 0.000000
1.843 3.235798 0.000000
1.848 3.235268 0.000000
1.853 3.234739 0.000000
1.858 3.234210 0.000000
1.863 3.233683 0.000000
1.868 3.233167 0.000000
1.873 3.232650 0.000000
1.878 3.232134 0.000000
1.883 3.231625 0.000000
1.888 3.231134 0.000000
1.893 3.230642 0.000000
1.898 3.230150 0.000000
1.903 3.229662 0.000000
1.908 3.229180 0.000000
1.913 3.228697 0.000000
1.918 3.228214 0.000000
1.923 3.227742 0.000000
1.928 3.227282 0.000000
1.933 3.226821 0.000000
1.938 3.226361 0.000000
1.943 3.225906 0.000000
1.948 3.225460 0.000000