0.253 2.436697 3.436450
0.258 2.783103 3.442512
0.263 3.218673 3.338790
0.268 3.567140 2.999403
0.273 3.677804 2.609220
0.278 3.650719 2.317073
0.283 3.583644 2.115111
0.288 3.507784 1.973757
0.293 3.432353 1.877051
0.298 3.363872 1.812824
0.303 3.306555 1.774069
0.308 3.261438 1.751446
0.313 3.226722 1.740548
0.318 3.200773 1.738322
0.323 3.183909 1.741493
0.328 3.174078 1.749584
0.333 3.168818 1.762528
0.338 3.170366 1.778660
0.343 3.178294 1.799096
0.348 3.190620 1.822736
0.353 3.209722 1.850085
0.358 3.236772 1.881366
0.363 3.271489 1.915988
0.368 3.322541 1.953493
0.373 3.389226 1.980374
0.378 3.451002 1.993578
0.383 3.504661 2.020838
0.388 3.585180 2.075119
0.393 3.721528 2.121438
0.398 3.893673 2.118577
0.403 4.063499 2.073450
0.408 4.237829 1.989417
0.413 4.399612 1.839324
0.418 4.499672 1.637129
0.423 4.520340 1.434419
0.428 4.489932 1.267308
0.433 4.441795 1.139423
0.438 4.388539 1.039716
0.443 4.337458 0.959410
0.448 4.290112 0.893898
0.453 4.244677 0.839221
0.458 4.203036 0.792761
0.463 4.165400 0.752562
0.468 4.130429 0.717464
0.473 4.098961 0.686264
0.478 4.069342 0.657963
0.483 4.042564 0.632228
0.488 4.017058 0.608573
0.493 3.993285 0.586635
0.498 3.970445 0.566352
0.503 3.949187 0.547527
0.508 3.929355 0.529934
0.513 3.909816 0.513437
0.518 3.891762 0.498022
0.523 3.874708 0.483600
0.528 3.858036 0.470067
0.533 3.841787 0.457359
0.538 3.826441 0.445319
0.543 3.812308 0.434086
0.548 3.798486 0.423425
0.553 3.785314 0.413276
0.558 3.772682 0.403608
0.563 3.760517 0.394561
0.568 3.748839 0.385940
0.573 3.737607 0.377809
0.578 3.726714 0.369917
0.583 3.716299 0.362516
0.588 3.706217 0.355373
0.593 3.696956 0.348552
0.598 3.687360 0.342022
0.603 3.678674 0.335719
0.608 3.670730 0.329745
0.613 3.662784 0.324016
0.618 3.654833 0.318503
0.623 3.646994 0.313169
0.628 3.639376 0.307915
0.633 3.632232 0.303114
0.638 3.625647 0.298249
0.643 3.619398 0.293685
0.648 3.613038 0.289226
0.653 3.606772 0.284935
0.658 3.600466 0.280788
0.663 3.594524 0.276780
0.668 3.589488 0.272948
0.673 3.584036 0.269189
0.678 3.578912 0.265585
0.683 3.573492 0.262095
0.688 3.568914 0.258731
0.693 3.564470 0.255446
0.698 3.559707 0.252304
0.703 3.555124 0.249216
0.708 3.551510 0.246343
0.713 3.547303 0.243484
0.718 3.542972 0.240726
0.723 3.540074 0.237999
0.728 3.536341 0.235142
0.733 3.533290 0.232770
0.738 3.530453 0.230072
0.743 3.527737 0.227362
0.748 3.525119 0.224852
0.753 3.522637 0.222310
0.758 3.520248 0.219635
0.763 3.517980 0.216885
0.768 3.515846 0.214349
0.773 3.513826 0.211773
0.778 3.511813 0.208817
0.783 3.509875 0.206265
0.788 3.508004 0.203689
0.793 3.506325 0.201028
0.798 3.504669 0.198515
0.803 3.503107 0.196000
0.808 3.501618 0.193415
0.813 3.500181 0.191072
0.818 3.498817 0.188893
0.823 3.497590 0.186690
0.828 3.496459 0.184545
0.833 3.495368 0.182402
0.838 3.494320 0.180241
0.843 3.493349 0.178086
0.848 3.492488 0.175873
0.853 3.491679 0.173573
0.858 3.491003 0.171524
0.863 3.490424 0.169373
0.868 3.489955 0.167127
0.873 3.489667 0.164852
0.878 3.489454 0.162568
0.883 3.489453 0.160169
0.888 3.489570 0.157725
0.893 3.489773 0.155111
0.898 3.490111 0.152276
0.903 3.490482 0.149409
0.908 3.490871 0.146236
0.913 3.491272 0.142826
0.918 3.491629 0.139288
0.923 3.491760 0.135270
0.928 3.491817 0.131104
0.933 3.491643 0.126906
0.938 3.490962 0.122499
0.943 3.490200 0.118033
0.948 3.489142 0.113661
0.953 3.487680 0.109438
0.958 3.486183 0.105256
0.963 3.484607 0.101304
0.968 3.482931 0.097642
0.973 3.481339 0.094005
0.978 3.480026 0.090642
0.983 3.479132 0.087578
0.988 3.478531 0.084493
0.993 3.478785 0.081166
0.998 3.480533 0.077057
1.003 3.482711 0.072333
1.008 3.484757 0.066901
1.013 3.486267 0.059048
1.018 3.487211 0.044961
1.023 3.486238 0.028932
1.028 3.480778 0.014654
1.033 3.472166 0.007735
1.038 3.463194 0.004268
1.043 3.453782 0.002358
1.048 3.444072 0.001292
1.053 3.434320 0.000723
1.058 3.426963 0.000453
1.063 3.420156 0.000281
1.068 3.413809 0.000173
1.073 3.407863 0.000103
1.078 3.402798 0.000068
1.083 3.397843 0.000044
1.088 3.393121 0.000028
1.093 3.388903 0.000018
1.098 3.384829 0.000012
1.103 3.380908 0.000008
1.108 3.377153 0.000005
1.113 3.373660 0.000003
1.118 3.370203 0.000002
1.123 3.366796 0.000001
1.128 3.363631 0.000001
1.133 3.360490 0.000001
1.138 3.357381 0.000000
1.143 3.354446 0.000000
1.148 3.351577 0.000000
1.153 3.348763 0.000000
1.158 3.346021 0.000000
1.163 3.343354 0.000000
1.168 3.340792 0.000000
1.173 3.338252 0.000000
1.178 3.335747 0.000000
1.183 3.333355 0.000000
1.188 3.330996 0.000000
1.193 3.328663 0.000000
1.198 3.326392 0.000000
1.203 3.324153 0.000000
1.208 3.322003 0.000000
1.213 3.319863 0.000000
1.218 3.317734 0.000000
1.223 3.315701 0.000000
1.228 3.313697 0.000000
1.233 3.311723 0.000000
1.238 3.309767 0.000000
1.243 3.307876 0.000000
1.248 3.306019 0.000000
1.253 3.304217 0.000000
1.258 3.302428 0.000000
1.263 3.300651 0.000000
1.268 3.298933 0.000000
1.273 3.297243 0.000000
1.278 3.295568 0.000000
1.283 3.293898 0.000000
1.288 3.292284 0.000000
1.293 3.290679 0.000000
1.298 3.289117 0.000000
1.303 3.287559 0.000000
1.308 3.286029 0.000000
1.313 3.284501 0.000000
1.318 3.283040 0.000000
1.323 3.281585 0.000000
1.328 3.280144 0.000000
1.333 3.278705 0.000000
1.338 3.277333 0.000000
1.343 3.275979 0.000000
1.348 3.274652 0.000000
1.353 3.273337 0.000000
1.358 3.272037 0.000000
1.363 3.270749 0.000000
1.368 3.269478 0.000000
1.373 3.268237 0.000000
1.378 3.266997 0.000000
1.383 3.265769 0.000000
1.388 3.264540 0.000000
1.393 3.263376 0.000000
1.398 3.262219 0.000000
1.403 3.261075 0.000000
1.408 3.259938 0.000000
1.413 3.258813 0.000000
1.418 3.257717 0.000000
1.423 3.256620 0.000000
1.428 3.255567 0.000000
1.433 3.254516 0.000000
1.438 3.253474 0.000000
1.443 3.252438 0.000000
1.448 3.251407 0.000000
1.453 3.250419 0.000000
1.458 3.249432 0.000000
1.463 3.248452 0.000000
1.468 3.247478 0.000000
1.473 3.246506 0.000000
1.478 3.245575 0.000000
1.483 3.244645 0.000000
1.488 3.243732 0.000000
1.493 3.242836 0.000000
1.498 3.241941 0.000000
1.503 3.241060 0.000000
1.508 3.240182 0.000000
1.513 3.239311 0.000000
1.518 3.238473 0.000000
1.523 3.237635 0.000000
1.528 3.236801 0.000000
1.533 3.235973 0.000000
1.538 3.235144 0.000000
1.543 3.234342 0.000000
1.548 3.233549 0.000000
1.553 3.232757 0.000000
1.558 3.231982 0.000000
1.563 3.231210 0.000000
1.568 3.230438 0.000000
1.573 3.229684 0.000000
1.578 3.228930 0.000000
1.583 3.228181 0.000000
1.588 3.227460 0.000000
1.593 3.226739 0.000000
1.598 3.226020 0.000000
1.603 3.225307 0.000000
1.608 3.224595 0.000000
1.613 3.223889 0.000000
1.618 3.223226 0.000000
1.623 3.222562 0.000000
1.628 3.221900 0.000000
1.633 3.221252 0.000000
1.638 3.220604 0.000000
1.643 3.219957 0.000000
1.648 3.219323 0.000000
1.653 3.218690 0.000000
1.658 3.218057 0.000000
1.663 3.217437 0.000000
1.668 3.216822 0.000000
1.673 3.216207 0.000000
1.678 3.215596 0.000000
1.683 3.214989 0.000000
1.688 3.214383 0.000000
1.693 3.213781 0.000000
1.698 3.213220 0.000000
1.703 3.212659 0.000000
1.708 3.212098 0.000000
1.713 3.211544 0.000000
1.718 3.210993 0.000000
1.723 3.210441 0.000000
1.728 3.209894 0.000000
1.733 3.209364 0.000000
1.738 3.208834 0.000000
1.743 3.208304 0.000000
1.748 3.207786 0.000000
1.753 3.207275 0.000000
1.758 3.206763 0.000000
1.763 3.206251 0.000000
1.768 3.205750 0.000000
1.773 3.205248 0.000000
1.778 3.204747 0.000000
1.783 3.204255 0.000000
1.788 3.203781 0.000000
1.793 3.203307 0.000000
1.798 3.202832 0.000000
1.803 3.202362 0.000000
1.808 3.201894 0.000000
1.813 3.201427 0.000000
1.818 3.200959 0.000000
1.823 3.200509 0.000000
1.828 3.200065 0.000000
1.833 3.199621 0.000000
1.838 3.199178 0.000000
1.843 3.198745 0.000000
1.848 3.198315 0.000000
1.853 3.197886 0.000000
1.858 3.197456 0.000000
1.863 3.197035 0.000000
1.868 3.196617 0.000000
1.873 3.196199 0.000000
1.878 3.195781 0.000000
1.883 3.195377 0.000000
1.888 3.194981 0.000000
1.893 3.194585 0.000000
1.898 3.194189 0.000000
1.903 3.193796 0.000000
1.908 3.193405 0.000000
1.913 3.193015 0.000000
1.918 3.192624 0.000000
1.923 3.192237 0.000000
1.928 3.191870 0.000000
1.933 3.191502 0.000000
1.938 3.191135 0.000000
1.943 3.190768 0.000000
1.948 3.190407 0.000000