0.253 2.170878 3.305672
0.258 2.444206 3.350623
0.263 2.765827 3.353714
0.268 3.102889 3.217093
0.273 3.337990 2.979427
0.278 3.460881 2.732495
0.283 3.511097 2.512155
0.288 3.519064 2.325038
0.293 3.499525 2.173714
0.298 3.460804 2.052765
0.303 3.412971 1.963953
0.308 3.367556 1.903043
0.313 3.326208 1.858382
0.318 3.291474 1.829062
0.323 3.265434 1.812820
0.328 3.243545 1.803333
0.333 3.227725 1.800644
0.338 3.221724 1.804073
0.343 3.217656 1.813850
0.348 3.220356 1.820884
0.353 3.224874 1.834328
0.358 3.237898 1.850456
0.363 3.253556 1.867266
0.368 3.272565 1.885588
0.373 3.299224 1.909379
0.378 3.329936 1.935083
0.383 3.368592 1.963903
0.388 3.425306 1.995743
0.393 3.500559 2.017647
0.398 3.586692 2.007733
0.403 3.643878 1.977845
0.408 3.675388 1.965330
0.413 3.711673 1.991094
0.418 3.786231 2.035676
0.423 3.918781 2.074087
0.428 4.083360 2.059915
0.433 4.245696 2.000987
0.438 4.401931 1.893099
0.443 4.522296 1.730930
0.448 4.581901 1.543753
0.453 4.579091 1.373763
0.458 4.546021 1.233513
0.463 4.498129 1.124710
0.468 4.449192 1.038983
0.473 4.403145 0.967746
0.478 4.359159 0.910996
0.483 4.319286 0.862322
0.488 4.282279 0.820735
0.493 4.249689 0.784340
0.498 4.219072 0.752087
0.503 4.189839 0.723319
0.508 4.164313 0.697238
0.513 4.140002 0.673334
0.518 4.118424 0.651034
0.523 4.096068 0.630263
0.528 4.076672 0.611009
0.533 4.059627 0.592578
0.538 4.040439 0.575333
0.543 4.023985 0.559192
0.548 4.009250 0.543700
0.553 3.992832 0.528948
0.558 3.979350 0.515010
0.563 3.966302 0.501571
0.568 3.953126 0.488642
0.573 3.939728 0.476515
0.578 3.927201 0.464769
0.583 3.915440 0.453442
0.588 3.905440 0.442770
0.593 3.894231 0.432501
0.598 3.883241 0.422509
0.603 3.872501 0.412776
0.608 3.862239 0.403283
0.613 3.851789 0.394514
0.618 3.844144 0.385922
0.623 3.836148 0.377507
0.628 3.826537 0.369474
0.633 3.817138 0.361573
0.638 3.807908 0.354202
0.643 3.802590 0.347007
0.648 3.794517 0.339849
0.653 3.785589 0.332934
0.658 3.776921 0.326336
0.663 3.769775 0.319802
0.668 3.764140 0.313703
0.673 3.756335 0.307799
0.678 3.748163 0.301795
0.683 3.743922 0.296374
0.688 3.736883 0.290781
0.693 3.729324 0.285248
0.698 3.723910 0.280566
0.703 3.718667 0.275431
0.708 3.711062 0.270583
0.713 3.706178 0.265979
0.718 3.700721 0.261502
0.723 3.693974 0.257151
0.728 3.689350 0.252996
0.733 3.683909 0.248882
0.738 3.677536 0.244968
0.743 3.673218 0.241356
0.748 3.667988 0.237718
0.753 3.661559 0.234211
0.758 3.658745 0.230909
0.763 3.653034 0.227763
0.768 3.648342 0.224626
0.773 3.644602 0.221607
0.778 3.637994 0.218832
0.783 3.636000 0.216079
0.788 3.630011 0.213435
0.793 3.627576 0.211162
0.798 3.622253 0.208710
0.803 3.619392 0.206497
0.808 3.614671 0.204399
0.813 3.612810 0.202095
0.818 3.608700 0.199620
0.823 3.605947 0.198053
0.828 3.603423 0.196081
0.833 3.601104 0.193673
0.838 3.598840 0.191528
0.843 3.596659 0.189651
0.848 3.594560 0.187495
0.853 3.592610 0.185571
0.858 3.590609 0.183113
0.863 3.588677 0.180669
0.868 3.586848 0.178541
0.873 3.585118 0.176641
0.878 3.583441 0.174147
0.883 3.581725 0.171239
0.888 3.580058 0.169106
0.893 3.578455 0.167098
0.898 3.576958 0.164743
0.903 3.575540 0.162431
0.908 3.574093 0.160391
0.913 3.572667 0.158353
0.918 3.571329 0.156203
0.923 3.570004 0.154045
0.928 3.568716 0.152362
0.933 3.567506 0.150918
0.938 3.566377 0.149426
0.943 3.565297 0.147962
0.948 3.564226 0.146628
0.953 3.563188 0.145290
0.958 3.562159 0.143733
0.963 3.561185 0.142501
0.968 3.560267 0.141058
0.973 3.559342 0.139611
0.978 3.558446 0.137941
0.983 3.557593 0.136529
0.988 3.556811 0.135404
0.993 3.556094 0.134075
0.998 3.555414 0.132660
1.003 3.554808 0.131184
1.008 3.554280 0.129775
1.013 3.553790 0.128370
1.018 3.553374 0.126936
1.023 3.553031 0.125513
1.028 3.552723 0.124074
1.033 3.552451 0.122552
1.038 3.552240 0.120971
1.043 3.552054 0.119404
1.048 3.551889 0.117870
1.053 3.551727 0.116287
1.058 3.551564 0.114645
1.063 3.551404 0.112949
1.068 3.551220 0.111179
1.073 3.550973 0.109270
1.078 3.550648 0.107212
1.083 3.550309 0.105160
1.088 3.549913 0.103204
1.093 3.549341 0.101169
1.098 3.548701 0.099084
1.103 3.548065 0.096959
1.108 3.547370 0.094872
1.113 3.546567 0.092865
1.118 3.545750 0.090908
1.123 3.544958 0.088952
1.128 3.544205 0.086973
1.133 3.543490 0.085014
1.138 3.542840 0.083033
1.143 3.542301 0.081036
1.148 3.541934 0.079013
1.153 3.541817 0.077058
1.158 3.542105 0.074917
1.163 3.542685 0.072745
1.168 3.543559 0.070484
1.173 3.545104 0.067985
1.178 3.547328 0.065154
1.183 3.549921 0.062058
1.188 3.552509 0.058702
1.193 3.554559 0.054967
1.198 3.555403 0.048600
1.203 3.554713 0.041164
1.208 3.553477 0.031535
1.213 3.550489 0.022530
1.218 3.546002 0.014689
1.223 3.540017 0.009428
1.228 3.533639 0.006209
1.233 3.527050 0.004009
1.238 3.520270 0.002572
1.243 3.513500 0.001716
1.248 3.507127 0.001116
1.253 3.501356 0.000739
1.258 3.496034 0.000514
1.263 3.490955 0.000344
1.268 3.486180 0.000224
1.273 3.481929 0.000154
1.278 3.477848 0.000104
1.283 3.473958 0.000071
1.288 3.470395 0.000049
1.293 3.466983 0.000033
1.298 3.463768 0.000023
1.303 3.460668 0.000016
1.308 3.457664 0.000011
1.313 3.454782 0.000008
1.318 3.451927 0.000005
1.323 3.449117 0.000004
1.328 3.446386 0.000003
1.333 3.443707 0.000002
1.338 3.441074 0.000001
1.343 3.438465 0.000001
1.348 3.435939 0.000001
1.353 3.433450 0.000000
1.358 3.431004 0.000000
1.363 3.428599 0.000000
1.368 3.426212 0.000000
1.373 3.423914 0.000000
1.378 3.421629 0.000000
1.383 3.419381 0.000000
1.388 3.417157 0.000000
1.393 3.414992 0.000000
1.398 3.412851 0.000000
1.403 3.410739 0.000000
1.408 3.408658 0.000000
1.413 3.406602 0.000000
1.418 3.404592 0.000000
1.423 3.402606 0.000000
1.428 3.400646 0.000000
1.433 3.398696 0.000000
1.438 3.396803 0.000000
1.443 3.394927 0.000000
1.448 3.393083 0.000000
1.453 3.391247 0.000000
1.458 3.389455 0.000000
1.463 3.387676 0.000000
1.468 3.385940 0.000000
1.473 3.384219 0.000000
1.478 3.382522 0.000000
1.483 3.380836 0.000000
1.488 3.379184 0.000000
1.493 3.377555 0.000000
1.498 3.375941 0.000000
1.503 3.374346 0.000000
1.508 3.372765 0.000000
1.513 3.371218 0.000000
1.518 3.369675 0.000000
1.523 3.368169 0.000000
1.528 3.366663 0.000000
1.533 3.365187 0.000000
1.538 3.363715 0.000000
1.543 3.362274 0.000000
1.548 3.360851 0.000000
1.553 3.359439 0.000000
1.558 3.358046 0.000000
1.563 3.356654 0.000000
1.568 3.355314 0.000000
1.573 3.353973 0.000000
1.578 3.352657 0.000000
1.583 3.351352 0.000000
1.588 3.350056 0.000000
1.593 3.348782 0.000000
1.598 3.347508 0.000000
1.603 3.346266 0.000000
1.608 3.345029 0.000000
1.613 3.343803 0.000000
1.618 3.342592 0.000000
1.623 3.341381 0.000000
1.628 3.340211 0.000000
1.633 3.339046 0.000000
1.638 3.337891 0.000000
1.643 3.336752 0.000000
1.648 3.335614 0.000000
1.653 3.334502 0.000000
1.658 3.333397 0.000000
1.663 3.332297 0.000000
1.668 3.331227 0.000000
1.673 3.330158 0.000000
1.678 3.329100 0.000000
1.683 3.328055 0.000000
1.688 3.327009 0.000000
1.693 3.325992 0.000000
1.698 3.324982 0.000000
1.703 3.323972 0.000000
1.708 3.322984 0.000000
1.713 3.321996 0.000000
1.718 3.321015 0.000000
1.723 3.320060 0.000000
1.728 3.319105 0.000000
1.733 3.318162 0.000000
1.738 3.317236 0.000000
1.743 3.316310 0.000000
1.748 3.315396 0.000000
1.753 3.314493 0.000000
1.758 3.313590 0.000000
1.763 3.312705 0.000000
1.768 3.311833 0.000000
1.773 3.310961 0.000000
1.778 3.310100 0.000000
1.783 3.309247 0.000000
1.788 3.308394 0.000000
1.793 3.307555 0.000000
1.798 3.306731 0.000000
1.803 3.305906 0.000000
1.808 3.305091 0.000000
1.813 3.304288 0.000000
1.818 3.303486 0.000000
1.823 3.302689 0.000000
1.828 3.301909 0.000000
1.833 3.301128 0.000000
1.838 3.300350 0.000000
1.843 3.299595 0.000000
1.848 3.298841 0.000000
1.853 3.298087 0.000000
1.858 3.297346 0.000000
1.863 3.296609 0.000000
1.868 3.295872 0.000000
1.873 3.295150 0.000000
1.878 3.294444 0.000000
1.883 3.293738 0.000000
1.888 3.293035 0.000000
1.893 3.292348 0.000000
1.898 3.291661 0.000000
1.903 3.290974 0.000000
1.908 3.290300 0.000000
1.913 3.289633 0.000000
1.918 3.288965 0.000000
1.923 3.288300 0.000000
1.928 3.287652 0.000000
1.933 3.287003 0.000000
1.938 3.286354 0.000000
1.943 3.285715 0.000000
1.948 3.285082 0.000000