0.253 2.309328 3.374219
0.258 2.617657 3.400160
0.263 2.995628 3.353680
0.268 3.349127 3.120946
0.273 3.530532 2.800541
0.278 3.578582 2.518147
0.283 3.566788 2.300850
0.288 3.527272 2.132721
0.293 3.473582 2.006592
0.298 3.414691 1.916426
0.303 3.360377 1.854272
0.308 3.312968 1.812454
0.313 3.272831 1.787839
0.318 3.243633 1.774960
0.323 3.219354 1.769511
0.328 3.204548 1.769762
0.333 3.196814 1.775514
0.338 3.191795 1.786625
0.343 3.195719 1.799716
0.348 3.202527 1.815318
0.353 3.214208 1.835116
0.358 3.231784 1.857341
0.363 3.256082 1.882262
0.368 3.285702 1.910751
0.373 3.325559 1.944024
0.378 3.382902 1.978293
0.383 3.458527 1.996893
0.388 3.528590 1.990506
0.393 3.573131 1.988151
0.398 3.619569 2.018193
0.403 3.708541 2.068274
0.408 3.854870 2.102640
0.413 4.023822 2.082294
0.418 4.189191 2.022223
0.423 4.354908 1.913807
0.428 4.485566 1.744135
0.433 4.547865 1.545833
0.438 4.543949 1.365822
0.443 4.506976 1.220471
0.448 4.455549 1.108051
0.453 4.406088 1.020152
0.458 4.357664 0.948398
0.463 4.314181 0.889400
0.468 4.271606 0.839742
0.473 4.232894 0.796988
0.478 4.197850 0.759717
0.483 4.165394 0.726827
0.488 4.136355 0.697540
0.493 4.108918 0.670991
0.498 4.084371 0.646424
0.503 4.059640 0.623788
0.508 4.038404 0.602811
0.513 4.018011 0.583108
0.518 3.997663 0.564757
0.523 3.978867 0.547460
0.528 3.962076 0.531247
0.533 3.943954 0.515871
0.538 3.928368 0.501328
0.543 3.913463 0.487642
0.548 3.898789 0.474571
0.553 3.884479 0.462236
0.558 3.870415 0.450443
0.563 3.858819 0.439380
0.568 3.846033 0.428791
0.573 3.833530 0.418595
0.578 3.823055 0.408754
0.583 3.811232 0.399521
0.588 3.800890 0.390557
0.593 3.790420 0.382038
0.598 3.779997 0.373949
0.603 3.769933 0.365991
0.608 3.760186 0.358547
0.613 3.751798 0.351294
0.618 3.744084 0.344237
0.623 3.734793 0.337584
0.628 3.726733 0.330986
0.633 3.718355 0.324786
0.638 3.709951 0.318761
0.643 3.702971 0.312862
0.648 3.696654 0.307405
0.653 3.689343 0.301848
0.658 3.681860 0.296527
0.663 3.674890 0.291708
0.668 3.669472 0.286666
0.673 3.663200 0.282033
0.678 3.656449 0.277495
0.683 3.649827 0.273075
0.688 3.645187 0.268808
0.693 3.639294 0.264668
0.698 3.633221 0.260688
0.703 3.627604 0.257000
0.708 3.622655 0.253275
0.713 3.617925 0.249761
0.718 3.612059 0.246333
0.723 3.608179 0.243148
0.728 3.603531 0.239891
0.733 3.597705 0.236911
0.738 3.594714 0.233959
0.743 3.589919 0.231185
0.748 3.585802 0.228505
0.753 3.582319 0.226019
0.758 3.577454 0.223539
0.763 3.575043 0.221069
0.768 3.571177 0.218363
0.773 3.568207 0.216385
0.778 3.565495 0.214057
0.783 3.562975 0.211404
0.788 3.560520 0.209240
0.793 3.558124 0.206780
0.798 3.555941 0.204641
0.803 3.553735 0.202045
0.808 3.551634 0.199435
0.813 3.549652 0.197136
0.818 3.547776 0.194833
0.823 3.545912 0.192002
0.828 3.544074 0.189301
0.833 3.542298 0.187135
0.838 3.540636 0.184607
0.843 3.539088 0.182119
0.848 3.537530 0.179861
0.853 3.536038 0.177552
0.858 3.534624 0.175145
0.863 3.533236 0.173007
0.868 3.531918 0.171199
0.873 3.530697 0.169360
0.878 3.529568 0.167550
0.883 3.528463 0.165883
0.888 3.527397 0.164034
0.893 3.526358 0.162317
0.898 3.525402 0.160552
0.903 3.524489 0.158731
0.908 3.523616 0.156735
0.913 3.522814 0.155047
0.918 3.522121 0.153421
0.923 3.521473 0.151664
0.928 3.520942 0.149796
0.933 3.520517 0.147968
0.938 3.520151 0.146136
0.943 3.519920 0.144241
0.948 3.519790 0.142334
0.953 3.519701 0.140347
0.958 3.519703 0.138213
0.963 3.519762 0.136036
0.968 3.519841 0.133851
0.973 3.519926 0.131480
0.978 3.520018 0.128988
0.983 3.520085 0.126407
0.988 3.520041 0.123583
0.993 3.519887 0.120540
0.998 3.519693 0.117513
1.003 3.519258 0.114455
1.008 3.518581 0.111287
1.013 3.517877 0.108065
1.018 3.517024 0.104900
1.023 3.515918 0.101855
1.028 3.514781 0.098856
1.033 3.513666 0.095859
1.038 3.512508 0.093052
1.043 3.511387 0.090286
1.048 3.510384 0.087510
1.053 3.509628 0.084852
1.058 3.509259 0.082302
1.063 3.509226 0.079690
1.068 3.509508 0.076999
1.073 3.510867 0.073972
1.078 3.513133 0.070336
1.083 3.515656 0.066340
1.088 3.517915 0.061864
1.093 3.519177 0.055392
1.098 3.519164 0.045465
1.103 3.518998 0.032536
1.108 3.514857 0.020440
1.113 3.508689 0.011977
1.118 3.501274 0.006797
1.123 3.493500 0.004091
1.128 3.485308 0.002557
1.133 3.477057 0.001562
1.138 3.469070 0.000948
1.143 3.462513 0.000616
1.148 3.456441 0.000407
1.153 3.450714 0.000263
1.158 3.445345 0.000164
1.163 3.440667 0.000111
1.168 3.436152 0.000073
1.173 3.431761 0.000048
1.178 3.427922 0.000033
1.183 3.424190 0.000022
1.188 3.420559 0.000014
1.193 3.417174 0.000010
1.198 3.413889 0.000007
1.203 3.410701 0.000004
1.208 3.407575 0.000003
1.213 3.404530 0.000002
1.218 3.401602 0.000001
1.223 3.398712 0.000001
1.228 3.395863 0.000001
1.233 3.393127 0.000000
1.238 3.390451 0.000000
1.243 3.387815 0.000000
1.248 3.385242 0.000000
1.253 3.382711 0.000000
1.258 3.380280 0.000000
1.263 3.377869 0.000000
1.268 3.375472 0.000000
1.273 3.373175 0.000000
1.278 3.370899 0.000000
1.283 3.368672 0.000000
1.288 3.366468 0.000000
1.293 3.364303 0.000000
1.298 3.362194 0.000000
1.303 3.360121 0.000000
1.308 3.358070 0.000000
1.313 3.356026 0.000000
1.318 3.354077 0.000000
1.323 3.352135 0.000000
1.328 3.350226 0.000000
1.333 3.348331 0.000000
1.338 3.346491 0.000000
1.343 3.344672 0.000000
1.348 3.342906 0.000000
1.353 3.341150 0.000000
1.358 3.339415 0.000000
1.363 3.337706 0.000000
1.368 3.336042 0.000000
1.373 3.334388 0.000000
1.378 3.332751 0.000000
1.383 3.331134 0.000000
1.388 3.329554 0.000000
1.393 3.327987 0.000000
1.398 3.326451 0.000000
1.403 3.324922 0.000000
1.408 3.323418 0.000000
1.413 3.321919 0.000000
1.418 3.320476 0.000000
1.423 3.319034 0.000000
1.428 3.317613 0.000000
1.433 3.316193 0.000000
1.438 3.314824 0.000000
1.443 3.313474 0.000000
1.448 3.312142 0.000000
1.453 3.310829 0.000000
1.458 3.309524 0.000000
1.463 3.308240 0.000000
1.468 3.306956 0.000000
1.473 3.305713 0.000000
1.478 3.304471 0.000000
1.483 3.303241 0.000000
1.488 3.302019 0.000000
1.493 3.300813 0.000000
1.498 3.299649 0.000000
1.503 3.298485 0.000000
1.508 3.297342 0.000000
1.513 3.296203 0.000000
1.518 3.295078 0.000000
1.523 3.293975 0.000000
1.528 3.292872 0.000000
1.533 3.291808 0.000000
1.538 3.290745 0.000000
1.543 3.289692 0.000000
1.548 3.288649 0.000000
1.553 3.287607 0.000000
1.558 3.286600 0.000000
1.563 3.285600 0.000000
1.568 3.284603 0.000000
1.573 3.283620 0.000000
1.578 3.282637 0.000000
1.583 3.281676 0.000000
1.588 3.280732 0.000000
1.593 3.279787 0.000000
1.598 3.278872 0.000000
1.603 3.277960 0.000000
1.608 3.277050 0.000000
1.613 3.276158 0.000000
1.618 3.275266 0.000000
1.623 3.274387 0.000000
1.628 3.273530 0.000000
1.633 3.272674 0.000000
1.638 3.271825 0.000000
1.643 3.270982 0.000000
1.648 3.270140 0.000000
1.653 3.269318 0.000000
1.658 3.268508 0.000000
1.663 3.267698 0.000000
1.668 3.266903 0.000000
1.673 3.266114 0.000000
1.678 3.265325 0.000000
1.683 3.264551 0.000000
1.688 3.263783 0.000000
1.693 3.263014 0.000000
1.698 3.262265 0.000000
1.703 3.261526 0.000000
1.708 3.260788 0.000000
1.713 3.260056 0.000000
1.718 3.259330 0.000000
1.723 3.258605 0.000000
1.728 3.257894 0.000000
1.733 3.257208 0.000000
1.738 3.256523 0.000000
1.743 3.255840 0.000000
1.748 3.255172 0.000000
1.753 3.254504 0.000000
1.758 3.253836 0.000000
1.763 3.253183 0.000000
1.768 3.252532 0.000000
1.773 3.251881 0.000000
1.778 3.251240 0.000000
1.783 3.250607 0.000000
1.788 3.249975 0.000000
1.793 3.249344 0.000000
1.798 3.248723 0.000000
1.803 3.248103 0.000000
1.808 3.247483 0.000000
1.813 3.246886 0.000000
1.818 3.246303 0.000000
1.823 3.245720 0.000000
1.828 3.245138 0.000000
1.833 3.244567 0.000000
1.838 3.243997 0.000000
1.843 3.243426 0.000000
1.848 3.242865 0.000000
1.853 3.242315 0.000000
1.858 3.241766 0.000000
1.863 3.241216 0.000000
1.868 3.240680 0.000000
1.873 3.240148 0.000000
1.878 3.239616 0.000000
1.883 3.239085 0.000000
1.888 3.238566 0.000000
1.893 3.238046 0.000000
1.898 3.237527 0.000000
1.903 3.237012 0.000000
1.908 3.236517 0.000000
1.913 3.236022 0.000000
1.918 3.235527 0.000000
1.923 3.235035 0.000000
1.928 3.234549 0.000000
1.933 3.234064 0.000000
1.938 3.233579 0.000000
1.943 3.233099 0.000000
1.948 3.232635 0.000000