0.253 1.882213 3.181138
0.254 1.926971 3.203132
0.255 1.964111 3.219854
0.256 2.000540 3.234253
0.257 2.041596 3.248578
0.258 2.084231 3.262893
0.259 2.126394 3.277179
0.260 2.167544 3.291370
0.261 2.215905 3.305352
0.262 2.258712 3.319025
0.263 2.306063 3.324390
0.264 2.354887 3.335466
0.265 2.404398 3.336109
0.266 2.461003 3.340845
0.267 2.511985 3.339229
0.268 2.560906 3.335216
0.269 2.614703 3.330382
0.270 2.665948 3.322596
0.271 2.718779 3.310420
0.272 2.768315 3.296196
0.273 2.819999 3.281801
0.274 2.866845 3.261674
0.275 2.917476 3.241133
0.276 2.962206 3.220637
0.277 3.004843 3.194047
0.278 3.046163 3.168926
0.279 3.086891 3.137063
0.280 3.127075 3.111667
0.281 3.166495 3.080726
0.282 3.198705 3.046160
0.283 3.229898 3.009370
0.284 3.263328 2.977142
0.285 3.290146 2.941427
0.286 3.315112 2.906100
0.287 3.339764 2.869219
0.288 3.363184 2.832219
0.289 3.380658 2.797379
0.290 3.397585 2.762851
0.291 3.417131 2.725941
0.292 3.429415 2.690690
0.293 3.440808 2.652804
0.294 3.451999 2.617979
0.295 3.462167 2.585727
0.296 3.467078 2.551201
0.297 3.470761 2.521907
0.298 3.476864 2.488174
0.299 3.481674 2.459529
0.300 3.484606 2.425946
0.301 3.483626 2.397817
0.302 3.482287 2.371187
0.303 3.480937 2.345117
0.304 3.479622 2.319203
0.305 3.478347 2.293448
0.306 3.475033 2.275213
0.307 3.468292 2.251240
0.308 3.465342 2.232920
0.309 3.457360 2.209634
0.310 3.454502 2.189739
0.311 3.446492 2.168787
0.312 3.443456 2.153945
0.313 3.437658 2.136531
0.314 3.432509 2.120185
0.315 3.423655 2.107085
0.316 3.417164 2.094656
0.317 3.412416 2.082345
0.318 3.408611 2.070106
0.319 3.402219 2.057938
0.320 3.393780 2.045825
0.321 3.388938 2.033774
0.322 3.382086 2.021780
0.323 3.374516 2.015148
0.324 3.369750 2.006500
0.325 3.361779 1.997641
0.326 3.359938 1.991521
0.327 3.352910 1.981079
0.328 3.348596 1.976318
0.329 3.341193 1.969353
0.330 3.339160 1.963023
0.331 3.332392 1.958870
0.332 3.329574 1.951646
0.333 3.325234 1.949506
0.334 3.320303 1.944292
0.335 3.318275 1.941045
0.336 3.311054 1.938749
0.337 3.309377 1.932573
0.338 3.303551 1.931581
0.339 3.300089 1.930832
0.340 3.298773 1.923959
0.341 3.295664 1.922679
0.342 3.290707 1.922296
0.343 3.288890 1.922334
0.344 3.288497 1.922393
0.345 3.288234 1.922456
0.346 3.284646 1.919189
0.347 3.279657 1.914514
0.348 3.278609 1.913774
0.349 3.278210 1.913679
0.350 3.278001 1.913770
0.351 3.277803 1.913867
0.352 3.277616 1.913971
0.353 3.277438 1.914080
0.354 3.277270 1.914195
0.355 3.277108 1.914312
0.356 3.276955 1.914435
0.357 3.276816 1.914567
0.358 3.276685 1.914719
0.359 3.276559 1.920734
0.360 3.276440 1.923099
0.361 3.276330 1.924221
0.362 3.276229 1.924377
0.363 3.276136 1.924539
0.364 3.276223 1.924705
0.365 3.281312 1.924877
0.366 3.284294 1.925744
0.367 3.284867 1.932333
0.368 3.284867 1.933821
0.369 3.287720 1.934697
0.370 3.292450 1.934907
0.371 3.293567 1.935113
0.372 3.293784 1.935760
0.373 3.294493 1.941370
0.374 3.300625 1.944123
0.375 3.302316 1.944999
0.376 3.305025 1.945303
0.377 3.310397 1.948283
0.378 3.311468 1.953416
0.379 3.316208 1.954779
0.380 3.319794 1.955345
0.381 3.321294 1.955894
0.382 3.326844 1.961524
0.383 3.329530 1.964416
0.384 3.331537 1.965351
0.385 3.337225 1.967681
0.386 3.340989 1.973405
0.387 3.347183 1.974798
0.388 3.348387 1.975713
0.389 3.352705 1.979722
0.390 3.356631 1.983738
0.391 3.362979 1.985426
0.392 3.366750 1.986437
0.393 3.373078 1.991988
0.394 3.376424 1.994685
0.395 3.382797 1.996765
0.396 3.385829 2.003226
0.397 3.394264 2.004817
0.398 3.402126 2.007059
0.399 3.406136 2.013147
0.400 3.412251 2.015257
0.401 3.416079 2.018356
0.402 3.424291 2.023773
0.403 3.433578 2.028166
0.404 3.440261 2.033874
0.405 3.445378 2.035290
0.406 3.453910 2.039765
0.407 3.463215 2.044157
0.408 3.468699 2.049891
0.409 3.474800 2.054021
0.410 3.483255 2.059892
0.411 3.492551 2.064093
0.412 3.502137 2.069972
0.413 3.516335 2.074088
0.414 3.528935 2.080400
0.415 3.539573 2.084081
0.416 3.549410 2.090533
0.417 3.563873 2.094095
0.418 3.576378 2.100320
0.419 3.592249 2.104027
0.420 3.609907 2.110156
0.421 3.623037 2.113203
0.422 3.638805 2.114688
0.423 3.656292 2.115385
0.424 3.674647 2.115827
0.425 3.693087 2.116249
0.426 3.712021 2.111805
0.427 3.735036 2.109174
0.428 3.756018 2.103562
0.429 3.775317 2.096051
0.430 3.793883 2.087857
0.431 3.807681 2.079065
0.432 3.822807 2.066325
0.433 3.835343 2.055012
0.434 3.849809 2.045327
0.435 3.863116 2.032762
0.436 3.873425 2.020987
0.437 3.879674 2.008127
0.438 3.885119 1.995581
0.439 3.890013 1.986109
0.440 3.891842 1.974568
0.441 3.895673 1.962114
0.442 3.900657 1.955228
0.443 3.902549 1.951184
0.444 3.903839 1.944051
0.445 3.904539 1.938629
0.446 3.905241 1.936898
0.447 3.905963 1.936728
0.448 3.906720 1.937253
0.449 3.907525 1.937887
0.450 3.909008 1.939170
0.451 3.914479 1.944426
0.452 3.918293 1.947984
0.453 3.925172 1.954541
0.454 3.933107 1.962391
0.455 3.938801 1.971143
0.456 3.948288 1.980147
0.457 3.960291 1.985987
0.458 3.973284 1.990831
0.459 3.990199 1.998749
0.460 4.007564 2.006978
0.461 4.025468 2.015677
0.462 4.044374 2.024438
0.463 4.068299 2.032782
0.464 4.093630 2.036379
0.465 4.119694 2.041873
0.466 4.145989 2.045459
0.467 4.176045 2.046650
0.468 4.208576 2.044228
0.469 4.241622 2.038560
0.470 4.274726 2.031285
0.471 4.307739 2.023436
0.472 4.340646 2.011752
0.473 4.373457 1.997317
0.474 4.404808 1.980613
0.475 4.432788 1.959942
0.476 4.462903 1.937312
0.477 4.492039 1.914267
0.478 4.518583 1.888939
0.479 4.543213 1.859840
0.480 4.564260 1.828814
0.481 4.582918 1.797328
0.482 4.601169 1.765437
0.483 4.617500 1.733155
0.484 4.630958 1.700484
0.485 4.644180 1.667519
0.486 4.655959 1.634396
0.487 4.660075 1.601192
0.488 4.666243 1.568009
0.489 4.669921 1.535207
0.490 4.670281 1.505091
0.491 4.670141 1.477852
0.492 4.668988 1.446308
0.493 4.663469 1.420035
0.494 4.660000 1.394905
0.495 4.655611 1.369861
0.496 4.647786 1.344928
0.497 4.640116 1.320174
0.498 4.633418 1.295712
0.499 4.630581 1.272148
0.500 4.624900 1.252251
0.501 4.616866 1.231946
0.502 4.608797 1.210400
0.503 4.600736 1.193737
0.504 4.592577 1.177196
0.505 4.583659 1.160787
0.506 4.571760 1.144465
0.507 4.559731 1.128195
0.508 4.551405 1.112402
0.509 4.543380 1.097239
0.510 4.535367 1.086451
0.511 4.527370 1.073562
0.512 4.519388 1.061351
0.513 4.511421 1.049569
0.514 4.503469 1.036789
0.515 4.495532 1.025427
0.516 4.487612 1.013387
0.517 4.479709 1.001294
0.518 4.471824 0.992510
0.519 4.463958 0.983930
0.520 4.456107 0.974813
0.521 4.448274 0.965627
0.522 4.440461 0.956842
0.523 4.433017 0.948255
0.524 4.426163 0.940149
0.525 4.422945 0.932154
0.526 4.417920 0.924258
0.527 4.410754 0.916657
0.528 4.403053 0.909360
0.529 4.395369 0.902221
0.530 4.387789 0.895188
0.531 4.380692 0.888378
0.532 4.374473 0.882026
0.533 4.372070 0.875697
0.534 4.366190 0.869391
0.535 4.358834 0.863124
0.536 4.351718 0.856925
0.537 4.345899 0.850899
0.538 4.342259 0.845191
0.539 4.337601 0.839705
0.540 4.330711 0.834252
0.541 4.325167 0.828827
0.542 4.321569 0.823437
0.543 4.317182 0.818104
0.544 4.310216 0.812936
0.545 4.303894 0.808167
0.546 4.301876 0.803017
0.547 4.297189 0.798200
0.548 4.293222 0.793542
0.549 4.289324 0.788948
0.550 4.283948 0.784375
0.551 4.277294 0.779821
0.552 4.273170 0.775327
0.553 4.269738 0.771011
0.554 4.265657 0.766862
0.555 4.261407 0.762750
0.556 4.259205 0.758448
0.557 4.253264 0.754531
0.558 4.250783 0.750311
0.559 4.247054 0.746267
0.560 4.242042 0.742498
0.561 4.240203 0.738756
0.562 4.234940 0.735025
0.563 4.231618 0.731304
0.564 4.228244 0.727597
0.565 4.223828 0.723903
0.566 4.220643 0.720222
0.567 4.216788 0.716549
0.568 4.213055 0.712886
0.569 4.209500 0.709249
0.570 4.205891 0.705670
0.571 4.202471 0.702319
0.572 4.200551 0.699020
0.573 4.199036 0.695661
0.574 4.196432 0.692117
0.575 4.191686 0.688737
0.576 4.188555 0.685533
0.577 4.185402 0.682350
0.578 4.180157 0.678998
0.579 4.178326 0.676029
0.580 4.174480 0.673045
0.581 4.170404 0.669946
0.582 4.169686 0.666566
0.583 4.168492 0.663639
0.584 4.165099 0.660754
0.585 4.160348 0.657852
0.586 4.159441 0.654924
0.587 4.158311 0.651699
0.588 4.155704 0.648544
0.589 4.150672 0.645672
0.590 4.149338 0.642855
0.591 4.148169 0.640047
0.592 4.146422 0.637245
0.593 4.141345 0.634453
0.594 4.138594 0.631665
0.595 4.135804 0.628884
0.596 4.131158 0.626110
0.597 4.129345 0.623371
0.598 4.128044 0.620666
0.599 4.126911 0.617997
0.600 4.122408 0.615673
0.601 4.119555 0.613174
0.602 4.118079 0.610527
0.603 4.116981 0.607805
0.604 4.113777 0.605109
0.605 4.109833 0.602435
0.606 4.108648 0.599809
0.607 4.107860 0.597420
0.608 4.107175 0.595088
0.609 4.106110 0.592520
0.610 4.102644 0.589934
0.611 4.098732 0.587407
0.612 4.097416 0.585167
0.613 4.096287 0.582710
0.614 4.094644 0.580151
0.615 4.089977 0.577587
0.616 4.087602 0.575288
0.617 4.086515 0.573099
0.618 4.085471 0.570579
0.619 4.082251 0.568291
0.620 4.077490 0.566171
0.621 4.077187 0.563658
0.622 4.076676 0.561336
0.623 4.075929 0.559232
0.624 4.074539 0.556795
0.625 4.072138 0.554440
0.626 4.067856 0.552319
0.627 4.066628 0.549975
0.628 4.066284 0.547606
0.629 4.065410 0.545463
0.630 4.063770 0.543234
0.631 4.061563 0.540942
0.632 4.058294 0.538912
0.633 4.055849 0.536831
0.634 4.054926 0.534646
0.635 4.052599 0.532452
0.636 4.049819 0.530276
0.637 4.047339 0.528271
0.638 4.045845 0.526164
0.639 4.045429 0.523944
0.640 4.044576 0.521833
0.641 4.043162 0.519770
0.642 4.039588 0.517831
0.643 4.037141 0.515872
0.644 4.035741 0.513896
0.645 4.035005 0.511666
0.646 4.034333 0.509447
0.647 4.033398 0.507500
0.648 4.030778 0.505585
0.649 4.026346 0.503703
0.650 4.025234 0.501780
0.651 4.024978 0.499840
0.652 4.024137 0.497831
0.653 4.022893 0.495757
0.654 4.020948 0.493567
0.655 4.018285 0.491593
0.656 4.015222 0.489738
0.657 4.014770 0.487888
0.658 4.014539 0.486040
0.659 4.014127 0.484199
0.660 4.013516 0.482361
0.661 4.012626 0.480528
0.662 4.010031 0.478698
0.663 4.006542 0.476870
0.664 4.005172 0.475047
0.665 4.004114 0.473226
0.666 4.003406 0.471411
0.667 4.002550 0.469598
0.668 4.001377 0.467791
0.669 3.998896 0.465987
0.670 3.995210 0.464185
0.671 3.993961 0.462387
0.672 3.993698 0.460590
0.673 3.992895 0.458800
0.674 3.991900 0.457012
0.675 3.989111 0.455230
0.676 3.986570 0.453449
0.677 3.984862 0.451672
0.678 3.983740 0.449898
0.679 3.983573 0.448127
0.680 3.983118 0.446359
0.681 3.982400 0.444596
0.682 3.981390 0.442836
0.683 3.980225 0.441079
0.684 3.977308 0.439330
0.685 3.973885 0.437584
0.686 3.973211 0.435899
0.687 3.972888 0.434221
0.688 3.972068 0.432722
0.689 3.971073 0.431219
0.690 3.968077 0.429644
0.691 3.965361 0.428046
0.692 3.964157 0.426320
0.693 3.963189 0.424608
0.694 3.963038 0.422945
0.695 3.962691 0.421300
0.696 3.961850 0.419700
0.697 3.960683 0.418159
0.698 3.958856 0.416738
0.699 3.956825 0.415224
0.700 3.954441 0.413546
0.701 3.952932 0.411885
0.702 3.952789 0.410250
0.703 3.952442 0.408720
0.704 3.951793 0.407344
0.705 3.951083 0.405888
0.706 3.950282 0.404316
0.707 3.948421 0.402750
0.708 3.944949 0.401192
0.709 3.942654 0.399697
0.710 3.942309 0.398305
0.711 3.941819 0.396840
0.712 3.941055 0.395235
0.713 3.939621 0.393698
0.714 3.936627 0.392322
0.715 3.934158 0.390910
0.716 3.933311 0.389386
0.717 3.932579 0.387859
0.718 3.932383 0.386320
0.719 3.932129 0.384803
0.720 3.931340 0.383491
0.721 3.930543 0.382179
0.722 3.928145 0.380802
0.723 3.925746 0.379425
0.724 3.924220 0.377986
0.725 3.922790 0.376539
0.726 3.922387 0.375263
0.727 3.922266 0.374032
0.728 3.921701 0.372629
0.729 3.920905 0.371135
0.730 3.919510 0.369734
0.731 3.917553 0.368421
0.732 3.915649 0.367103
0.733 3.913839 0.365777
0.734 3.912359 0.364426
0.735 3.912244 0.362971
0.736 3.912118 0.361521
0.737 3.911333 0.360305
0.738 3.910548 0.359090
0.739 3.909037 0.357709
0.740 3.907370 0.356293
0.741 3.905503 0.354946
0.742 3.903512 0.353642
0.743 3.902044 0.352359
0.744 3.901364 0.351108
0.745 3.900652 0.349873
0.746 3.899779 0.348715
0.747 3.898907 0.347557
0.748 3.896260 0.346172
0.749 3.893461 0.344769
0.750 3.892446 0.343445
0.751 3.892342 0.342163
0.752 3.892007 0.340899
0.753 3.891311 0.339664
0.754 3.890591 0.338439
0.755 3.889669 0.337298
0.756 3.888747 0.336157
0.757 3.886465 0.334883
0.758 3.883846 0.333576
0.759 3.882456 0.332370
0.760 3.882358 0.331271
0.761 3.882157 0.330173
0.762 3.881403 0.329079
0.763 3.880649 0.327985
0.764 3.879590 0.326693
0.765 3.878461 0.325357
0.766 3.876823 0.324156
0.767 3.874578 0.323116
0.768 3.872516 0.322072
0.769 3.872418 0.320979
0.770 3.872321 0.319886
0.771 3.871780 0.318788
0.772 3.871047 0.317687
0.773 3.870077 0.316533
0.774 3.868544 0.315251
0.775 3.867010 0.313969
0.776 3.865290 0.312913
0.777 3.863544 0.311887
0.778 3.862512 0.310864
0.779 3.862365 0.309842
0.780 3.862218 0.308820
0.781 3.861516 0.307801
0.782 3.860814 0.306782
0.783 3.859386 0.305766
0.784 3.857329 0.304752
0.785 3.855328 0.303734
0.786 3.854233 0.302660
0.787 3.853138 0.301586
0.788 3.852476 0.300491
0.789 3.852150 0.299381
0.790 3.851810 0.298266
0.791 3.851209 0.297067
0.792 3.850607 0.295869
0.793 3.848915 0.294777
0.794 3.846242 0.293780
0.795 3.843569 0.292784
0.796 3.843233 0.291848
0.797 3.842935 0.290912
0.798 3.842532 0.290030
0.799 3.841988 0.289220
0.800 3.841445 0.288409
0.801 3.840963 0.287535
0.802 3.840491 0.286650
0.803 3.839446 0.285739
0.804 3.836750 0.284753
0.805 3.834054 0.283767
0.806 3.833061 0.282783
0.807 3.832989 0.281800
0.808 3.832903 0.280818
0.809 3.832205 0.279839
0.810 3.831508 0.278860
0.811 3.830597 0.277895
0.812 3.829337 0.276953
0.813 3.828077 0.276011
0.814 3.826529 0.275079
0.815 3.824869 0.274151
0.816 3.823266 0.273232
0.817 3.823013 0.272523
0.818 3.822759 0.271814
0.819 3.822391 0.271031
0.820 3.821807 0.270107
0.821 3.821224 0.269184
0.822 3.819531 0.268260
0.823 3.817193 0.267337
0.824 3.814855 0.266414
0.825 3.814246 0.265684
0.826 3.813828 0.264976
0.827 3.813384 0.264238
0.828 3.812790 0.263336
0.829 3.812197 0.262434
0.830 3.811663 0.261528
0.831 3.811224 0.260614
0.832 3.810786 0.259700
0.833 3.809176 0.258929
0.834 3.806772 0.258255
0.835 3.804369 0.257582
0.836 3.803774 0.256728
0.837 3.803660 0.255826
0.838 3.803546 0.254924
0.839 3.802936 0.254272
0.840 3.802308 0.253629
0.841 3.801535 0.252972
0.842 3.799719 0.252209
0.843 3.797902 0.251447
0.844 3.796335 0.250675
0.845 3.795481 0.249880
0.846 3.794626 0.249084
0.847 3.793896 0.248307
0.848 3.793369 0.247563
0.849 3.792843 0.246818
0.850 3.792391 0.246062
0.851 3.792020 0.245293
0.852 3.791649 0.244523
0.853 3.790181 0.243823
0.854 3.787820 0.243180
0.855 3.785459 0.242536
0.856 3.784458 0.241885
0.857 3.784331 0.241229
0.858 3.784204 0.240573
0.859 3.783772 0.239862
0.860 3.783173 0.239121
0.861 3.782574 0.238379
0.862 3.781176 0.237788
0.863 3.779369 0.237272
0.864 3.777563 0.236757
0.865 3.776482 0.236081
0.866 3.775778 0.235321
0.867 3.775074 0.234561
0.868 3.774426 0.233884
0.869 3.773811 0.233255
0.870 3.773196 0.232626
0.871 3.772668 0.232009
0.872 3.772200 0.231399
0.873 3.771733 0.230789
0.874 3.770466 0.230179
0.875 3.768453 0.229569
0.876 3.766439 0.228959
0.877 3.765265 0.228360
0.878 3.765217 0.227776
0.879 3.765169 0.227192
0.880 3.764956 0.226632
0.881 3.764389 0.226125
0.882 3.763821 0.225618
0.883 3.763301 0.225078
0.884 3.762998 0.224393
0.885 3.762695 0.223708
0.886 3.762346 0.223029
0.887 3.760211 0.222567
0.888 3.758076 0.222106
0.889 3.755940 0.221645
0.890 3.755376 0.221165
0.891 3.755099 0.220683
0.892 3.754821 0.220200
0.893 3.754428 0.219707
0.894 3.753971 0.219208
0.895 3.753514 0.218709
0.896 3.752328 0.218138
0.897 3.750131 0.217466
0.898 3.747933 0.216795
0.899 3.746103 0.216161
0.900 3.746060 0.215707
0.901 3.746018 0.215253
0.902 3.745975 0.214799
0.903 3.745431 0.214347
0.904 3.744830 0.213895
0.905 3.744229 0.213442
0.906 3.743150 0.212991
0.907 3.741757 0.212540
0.908 3.740364 0.212090
0.909 3.739120 0.211639
0.910 3.738257 0.211191
0.911 3.737395 0.210742
0.912 3.736532 0.210293
0.913 3.736373 0.209846
0.914 3.736260 0.209399
0.915 3.736147 0.208952
0.916 3.735793 0.208506
0.917 3.735255 0.208060
0.918 3.734717 0.207615
0.919 3.733985 0.207172
0.920 3.732334 0.206742
0.921 3.730684 0.206312
0.922 3.729033 0.205882
0.923 3.728246 0.205477
0.924 3.727740 0.205080
0.925 3.727234 0.204683
0.926 3.726808 0.204329
0.927 3.726559 0.204068
0.928 3.726310 0.203808
0.929 3.726061 0.203548
0.930 3.725663 0.203158
0.931 3.725236 0.202742
0.932 3.724809 0.202327
0.933 3.723841 0.201922
0.934 3.721828 0.201539
0.935 3.719814 0.201156
0.936 3.717801 0.200774
0.937 3.717405 0.200453
0.938 3.717371 0.200147
0.939 3.717338 0.199840
0.940 3.717197 0.199530
0.941 3.716764 0.199210
0.942 3.716332 0.198890
0.943 3.715899 0.198569
0.944 3.715573 0.198189
0.945 3.715296 0.197782
0.946 3.715018 0.197376
0.947 3.714603 0.196987
0.948 3.712705 0.196793
0.949 3.710808 0.196600
0.950 3.708910 0.196407
0.951 3.707858 0.196114
0.952 3.707827 0.195702
0.953 3.707795 0.195290
0.954 3.707764 0.194878
0.955 3.707572 0.194593
0.956 3.707338 0.194342
0.957 3.707105 0.194090
0.958 3.706855 0.193821
0.959 3.706467 0.193395
0.960 3.706080 0.192969
0.961 3.705693 0.192542
0.962 3.705036 0.192126
0.963 3.703951 0.191723
0.964 3.702866 0.191321
0.965 3.701782 0.190919
0.966 3.701093 0.190592
0.967 3.700627 0.190308
0.968 3.700161 0.190024
0.969 3.699695 0.189740
0.970 3.699282 0.189602
0.971 3.698876 0.189486
0.972 3.698471 0.189370
0.973 3.698066 0.189250
0.974 3.697665 0.189058
0.975 3.697264 0.188866
0.976 3.696863 0.188674
0.977 3.696464 0.188450
0.978 3.696069 0.188119
0.979 3.695675 0.187789
0.980 3.695280 0.187458
0.981 3.694892 0.187135
0.982 3.694514 0.186826
0.983 3.694137 0.186516
0.984 3.693759 0.186207
0.985 3.693402 0.185836
0.986 3.693069 0.185394
0.987 3.692736 0.184952
0.988 3.692403 0.184511
0.989 3.692064 0.184124
0.990 3.691721 0.183786
0.991 3.691377 0.183449
0.992 3.691033 0.183111
0.993 3.690687 0.182832
0.994 3.690339 0.182598
0.995 3.689992 0.182363
0.996 3.689645 0.182128
0.997 3.689307 0.181887
0.998 3.688977 0.181641
0.999 3.688646 0.181395
1.000 3.688316 0.181149
1.001 3.687988 0.180863
1.002 3.687663 0.180547
1.003 3.687338 0.180230
1.004 3.687013 0.179914
1.005 3.686692 0.179591
1.006 3.686376 0.179260
1.007 3.686060 0.178930
1.008 3.685743 0.178600
1.009 3.685438 0.178305
1.010 3.685148 0.178057
1.011 3.684858 0.177810
1.012 3.684568 0.177562
1.013 3.684279 0.177308
1.014 3.683992 0.177037
1.015 3.683706 0.176767
1.016 3.683420 0.176497
1.017 3.683129 0.176202
1.018 3.682811 0.175762
1.019 3.682493 0.175323
1.020 3.682175 0.174883
1.021 3.681857 0.174443
1.022 3.681554 0.174068
1.023 3.681251 0.173697
1.024 3.680949 0.173326
1.025 3.680646 0.172955
1.026 3.680344 0.172550
1.027 3.680042 0.172134
1.028 3.679740 0.171717
1.029 3.679437 0.171300
1.030 3.679135 0.170919
1.031 3.678833 0.170580
1.032 3.678531 0.170240
1.033 3.678230 0.169900
1.034 3.677934 0.169565
1.035 3.677666 0.169251
1.036 3.677398 0.168937
1.037 3.677130 0.168622
1.038 3.676863 0.168308
1.039 3.676591 0.168080
1.040 3.676319 0.167868
1.041 3.676047 0.167656
1.042 3.675776 0.167444
1.043 3.675513 0.167169
1.044 3.675261 0.166824
1.045 3.675008 0.166479
1.046 3.674756 0.166134
1.047 3.674504 0.165786
1.048 3.674252 0.165386
1.049 3.674000 0.164985
1.050 3.673748 0.164585
1.051 3.673496 0.164185
1.052 3.673231 0.163719
1.053 3.672960 0.163214
1.054 3.672689 0.162709
1.055 3.672418 0.162203
1.056 3.672148 0.161701
1.057 3.671886 0.161216
1.058 3.671623 0.160730
1.059 3.671361 0.160244
1.060 3.671099 0.159759
1.061 3.670838 0.159365
1.062 3.670579 0.159025
1.063 3.670319 0.158684
1.064 3.670060 0.158344
1.065 3.669800 0.158011
1.066 3.669543 0.157764
1.067 3.669286 0.157517
1.068 3.669029 0.157270
1.069 3.668772 0.157024
1.070 3.668521 0.156745
1.071 3.668278 0.156431
1.072 3.668035 0.156117
1.073 3.667792 0.155803
1.074 3.667549 0.155489
1.075 3.667312 0.155114
1.076 3.667075 0.154727
1.077 3.666839 0.154341
1.078 3.666603 0.153954
1.079 3.666369 0.153573
1.080 3.666150 0.153219
1.081 3.665931 0.152866
1.082 3.665712 0.152513
1.083 3.665493 0.152160
1.084 3.665275 0.151798
1.085 3.665058 0.151425
1.086 3.664841 0.151052
1.087 3.664624 0.150679
1.088 3.664407 0.150306
1.089 3.664176 0.149967
1.090 3.663938 0.149643
1.091 3.663700 0.149319
1.092 3.663462 0.148996
1.093 3.663225 0.148672
1.094 3.662999 0.148418
1.095 3.662776 0.148172
1.096 3.662552 0.147926
1.097 3.662329 0.147681
1.098 3.662104 0.147432
1.099 3.661867 0.147104
1.100 3.661629 0.146775
1.101 3.661391 0.146447
1.102 3.661153 0.146119
1.103 3.660918 0.145794
1.104 3.660695 0.145486
1.105 3.660473 0.145178
1.106 3.660250 0.144869
1.107 3.660028 0.144561
1.108 3.659810 0.144247
1.109 3.659608 0.143914
1.110 3.659405 0.143581
1.111 3.659203 0.143248
1.112 3.659001 0.142915
1.113 3.658795 0.142587
1.114 3.658579 0.142276
1.115 3.658363 0.141965
1.116 3.658147 0.141654
1.117 3.657931 0.141343
1.118 3.657716 0.141046
1.119 3.657504 0.140795
1.120 3.657292 0.140544
1.121 3.657080 0.140292
1.122 3.656868 0.140041
1.123 3.656658 0.139806
1.124 3.656459 0.139651
1.125 3.656259 0.139495
1.126 3.656059 0.139339
1.127 3.655860 0.139184
1.128 3.655661 0.139028
1.129 3.655469 0.138873
1.130 3.655277 0.138718
1.131 3.655085 0.138563
1.132 3.654893 0.138409
1.133 3.654701 0.138254
1.134 3.654517 0.138089
1.135 3.654333 0.137922
1.136 3.654149 0.137756
1.137 3.653965 0.137590
1.138 3.653781 0.137424
1.139 3.653599 0.137253
1.140 3.653417 0.137079
1.141 3.653236 0.136905
1.142 3.653054 0.136731
1.143 3.652873 0.136557
1.144 3.652695 0.136399
1.145 3.652523 0.136260
1.146 3.652350 0.136121
1.147 3.652177 0.135982
1.148 3.652005 0.135843
1.149 3.651830 0.135705
1.150 3.651642 0.135573
1.151 3.651454 0.135441
1.152 3.651266 0.135309
1.153 3.651078 0.135177
1.154 3.650890 0.135045
1.155 3.650712 0.134916
1.156 3.650537 0.134787
1.157 3.650362 0.134659
1.158 3.650187 0.134531
1.159 3.650012 0.134402
1.160 3.649837 0.134263
1.161 3.649662 0.134108
1.162 3.649486 0.133952
1.163 3.649311 0.133797
1.164 3.649135 0.133641
1.165 3.648960 0.133486
1.166 3.648790 0.133303
1.167 3.648620 0.133119
1.168 3.648450 0.132935
1.169 3.648280 0.132751
1.170 3.648110 0.132567
1.171 3.647936 0.132418
1.172 3.647757 0.132317
1.173 3.647578 0.132216
1.174 3.647398 0.132115
1.175 3.647219 0.132014
1.176 3.647040 0.131913
1.177 3.646880 0.131798
1.178 3.646722 0.131681
1.179 3.646564 0.131564
1.180 3.646407 0.131447
1.181 3.646249 0.131330
1.182 3.646091 0.131196
1.183 3.645930 0.131014
1.184 3.645769 0.130833
1.185 3.645608 0.130651
1.186 3.645447 0.130470
1.187 3.645286 0.130289
1.188 3.645118 0.130123
1.189 3.644946 0.129968
1.190 3.644774 0.129813
1.191 3.644602 0.129658
1.192 3.644430 0.129503
1.193 3.644258 0.129348
1.194 3.644088 0.129174
1.195 3.643918 0.128998
1.196 3.643748 0.128822
1.197 3.643578 0.128646
1.198 3.643408 0.128469
1.199 3.643238 0.128290
1.200 3.643073 0.128080
1.201 3.642908 0.127871
1.202 3.642743 0.127662
1.203 3.642578 0.127453
1.204 3.642413 0.127244
1.205 3.642250 0.127070
1.206 3.642092 0.126982
1.207 3.641934 0.126895
1.208 3.641776 0.126808
1.209 3.641618 0.126720
1.210 3.641460 0.126633
1.211 3.641304 0.126549
1.212 3.641150 0.126472
1.213 3.640996 0.126396
1.214 3.640842 0.126319
1.215 3.640688 0.126242
1.216 3.640535 0.126165
1.217 3.640383 0.126060
1.218 3.640234 0.125920
1.219 3.640085 0.125781
1.220 3.639937 0.125641
1.221 3.639788 0.125502
1.222 3.639639 0.125362
1.223 3.639492 0.125211
1.224 3.639347 0.125047
1.225 3.639203 0.124882
1.226 3.639058 0.124718
1.227 3.638913 0.124553
1.228 3.638768 0.124389
1.229 3.638626 0.124229
1.230 3.638487 0.124078
1.231 3.638349 0.123927
1.232 3.638210 0.123777
1.233 3.638071 0.123626
1.234 3.637932 0.123475
1.235 3.637795 0.123329
1.236 3.637661 0.123198
1.237 3.637527 0.123067
1.238 3.637393 0.122936
1.239 3.637260 0.122805
1.240 3.637126 0.122674
1.241 3.636992 0.122547
1.242 3.636863 0.122463
1.243 3.636733 0.122379
1.244 3.636604 0.122296
1.245 3.636474 0.122212
1.246 3.636344 0.122129
1.247 3.636215 0.122045
1.248 3.636088 0.121896
1.249 3.635962 0.121734
1.250 3.635836 0.121572
1.251 3.635710 0.121411
1.252 3.635584 0.121249
1.253 3.635458 0.121088
1.254 3.635335 0.120919
1.255 3.635215 0.120745
1.256 3.635094 0.120571
1.257 3.634974 0.120397
1.258 3.634853 0.120222
1.259 3.634733 0.120048
1.260 3.634613 0.119867
1.261 3.634496 0.119651
1.262 3.634379 0.119435
1.263 3.634262 0.119219
1.264 3.634145 0.119004
1.265 3.634028 0.118788
1.266 3.633911 0.118572
1.267 3.633797 0.118448
1.268 3.633685 0.118360
1.269 3.633572 0.118271
1.270 3.633460 0.118182
1.271 3.633347 0.118094
1.272 3.633234 0.118005
1.273 3.633122 0.117905
1.274 3.633013 0.117767
1.275 3.632903 0.117628
1.276 3.632793 0.117489
1.277 3.632683 0.117350
1.278 3.632573 0.117211
1.279 3.632463 0.117072
1.280 3.632356 0.116892
1.281 3.632250 0.116690
1.282 3.632145 0.116488
1.283 3.632039 0.116287
1.284 3.631934 0.116085
1.285 3.631828 0.115883
1.286 3.631723 0.115680
1.287 3.631620 0.115434
1.288 3.631517 0.115187
1.289 3.631415 0.114940
1.290 3.631312 0.114694
1.291 3.631209 0.114447
1.292 3.631107 0.114201
1.293 3.631005 0.113995
1.294 3.630907 0.113883
1.295 3.630808 0.113771
1.296 3.630709 0.113659
1.297 3.630611 0.113547
1.298 3.630512 0.113435
1.299 3.630414 0.113323
1.300 3.630316 0.113226
1.301 3.630220 0.113144
1.302 3.630124 0.113062
1.303 3.630027 0.112980
1.304 3.629931 0.112897
1.305 3.629835 0.112815
1.306 3.629738 0.112733
1.307 3.629644 0.112648
1.308 3.629550 0.112561
1.309 3.629456 0.112474
1.310 3.629363 0.112388
1.311 3.629269 0.112301
1.312 3.629175 0.112215
1.313 3.629081 0.112128
1.314 3.628990 0.111940
1.315 3.628899 0.111717
1.316 3.628808 0.111495
1.317 3.628716 0.111272
1.318 3.628625 0.111049
1.319 3.628534 0.110827
1.320 3.628443 0.110604
1.321 3.628355 0.110423
1.322 3.628267 0.110255
1.323 3.628179 0.110087
1.324 3.628091 0.109920
1.325 3.628003 0.109752
1.326 3.627915 0.109584
1.327 3.627827 0.109416
1.328 3.627740 0.109217
1.329 3.627654 0.109002
1.330 3.627568 0.108787
1.331 3.627482 0.108573
1.332 3.627395 0.108358
1.333 3.627309 0.108143
1.334 3.627223 0.107928
1.335 3.627137 0.107716
1.336 3.627053 0.107507
1.337 3.626969 0.107297
1.338 3.626885 0.107087
1.339 3.626801 0.106877
1.340 3.626717 0.106667
1.341 3.626632 0.106458
1.342 3.626548 0.106245
1.343 3.626463 0.106025
1.344 3.626379 0.105804
1.345 3.626294 0.105584
1.346 3.626210 0.105364
1.347 3.626125 0.105144
1.348 3.626041 0.104924
1.349 3.625956 0.104704
1.350 3.625875 0.104534
1.351 3.625794 0.104364
1.352 3.625713 0.104194
1.353 3.625632 0.104024
1.354 3.625551 0.103853
1.355 3.625470 0.103683
1.356 3.625389 0.103513
1.357 3.625311 0.103349
1.358 3.625234 0.103188
1.359 3.625157 0.103027
1.360 3.625080 0.102866
1.361 3.625002 0.102705
1.362 3.624925 0.102544
1.363 3.624848 0.102384
1.364 3.624771 0.102217
1.365 3.624692 0.102021
1.366 3.624613 0.101825
1.367 3.624535 0.101629
1.368 3.624456 0.101433
1.369 3.624377 0.101237
1.370 3.624299 0.101040
1.371 3.624220 0.100844
1.372 3.624143 0.100650
1.373 3.624067 0.100457
1.374 3.623992 0.100264
1.375 3.623916 0.100071
1.376 3.623840 0.099879
1.377 3.623764 0.099686
1.378 3.623689 0.099493
1.379 3.623613 0.099300
1.380 3.623541 0.099092
1.381 3.623470 0.098883
1.382 3.623398 0.098674
1.383 3.623327 0.098466
1.384 3.623255 0.098257
1.385 3.623184 0.098048
1.386 3.623112 0.097840
1.387 3.623042 0.097635
1.388 3.622975 0.097441
1.389 3.622908 0.097247
1.390 3.622842 0.097052
1.391 3.622775 0.096858
1.392 3.622708 0.096664
1.393 3.622642 0.096470
1.394 3.622575 0.096276
1.395 3.622511 0.096101
1.396 3.622449 0.095951
1.397 3.622387 0.095800
1.398 3.622325 0.095649
1.399 3.622263 0.095498
1.400 3.622201 0.095347
1.401 3.622140 0.095197
1.402 3.622078 0.095046
1.403 3.622019 0.094858
1.404 3.621963 0.094641
1.405 3.621907 0.094424
1.406 3.621851 0.094207
1.407 3.621795 0.093990
1.408 3.621739 0.093773
1.409 3.621682 0.093556
1.410 3.621626 0.093339
1.411 3.621574 0.093149
1.412 3.621525 0.092978
1.413 3.621476 0.092808
1.414 3.621427 0.092637
1.415 3.621378 0.092467
1.416 3.621329 0.092296
1.417 3.621280 0.092126
1.418 3.621231 0.091955
1.419 3.621186 0.091772
1.420 3.621145 0.091576
1.421 3.621103 0.091380
1.422 3.621062 0.091183
1.423 3.621021 0.090987
1.424 3.620980 0.090791
1.425 3.620938 0.090595
1.426 3.620897 0.090399
1.427 3.620861 0.090194
1.428 3.620836 0.089971
1.429 3.620811 0.089749
1.430 3.620785 0.089527
1.431 3.620760 0.089305
1.432 3.620735 0.089082
1.433 3.620710 0.088860
1.434 3.620684 0.088638
1.435 3.620660 0.088414
1.436 3.620646 0.088170
1.437 3.620632 0.087927
1.438 3.620617 0.087683
1.439 3.620603 0.087439
1.440 3.620589 0.087196
1.441 3.620575 0.086952
1.442 3.620561 0.086709
1.443 3.620546 0.086465
1.444 3.620541 0.086155
1.445 3.620540 0.085820
1.446 3.620538 0.085485
1.447 3.620537 0.085149
1.448 3.620535 0.084814
1.449 3.620533 0.084479
1.450 3.620532 0.084143
1.451 3.620530 0.083808
1.452 3.620536 0.083489
1.453 3.620560 0.083217
1.454 3.620584 0.082945
1.455 3.620609 0.082672
1.456 3.620633 0.082400
1.457 3.620657 0.082128
1.458 3.620682 0.081856
1.459 3.620706 0.081583
1.460 3.620731 0.081311
1.461 3.620776 0.081050
1.462 3.620829 0.080793
1.463 3.620882 0.080537
1.464 3.620936 0.080280
1.465 3.620989 0.080024
1.466 3.621043 0.079767
1.467 3.621096 0.079510
1.468 3.621150 0.079254
1.469 3.621205 0.078995
1.470 3.621291 0.078692
1.471 3.621376 0.078388
1.472 3.621462 0.078085
1.473 3.621548 0.077782
1.474 3.621634 0.077479
1.475 3.621720 0.077175
1.476 3.621805 0.076872
1.477 3.621891 0.076569
1.478 3.621990 0.076273
1.479 3.622119 0.075995
1.480 3.622249 0.075717
1.481 3.622378 0.075439
1.482 3.622508 0.075161
1.483 3.622638 0.074883
1.484 3.622767 0.074605
1.485 3.622897 0.074327
1.486 3.623026 0.074049
1.487 3.623180 0.073724
1.488 3.623364 0.073335
1.489 3.623549 0.072947
1.490 3.623734 0.072559
1.491 3.623918 0.072170
1.492 3.624103 0.071782
1.493 3.624288 0.071394
1.494 3.624472 0.071005
1.495 3.624657 0.070617
1.496 3.624871 0.070233
1.497 3.625122 0.069855
1.498 3.625372 0.069476
1.499 3.625622 0.069098
1.500 3.625872 0.068719
1.501 3.626122 0.068340
1.502 3.626373 0.067962
1.503 3.626623 0.067583
1.504 3.626873 0.067205
1.505 3.627154 0.066813
1.506 3.627488 0.066400
1.507 3.627822 0.065986
1.508 3.628156 0.065573
1.509 3.628490 0.065160
1.510 3.628824 0.064746
1.511 3.629158 0.064333
1.512 3.629492 0.063919
1.513 3.629826 0.063506
1.514 3.630176 0.063081
1.515 3.630597 0.062603
1.516 3.631018 0.062125
1.517 3.631439 0.061646
1.518 3.631860 0.061168
1.519 3.632280 0.060690
1.520 3.632701 0.060212
1.521 3.633122 0.059734
1.522 3.633543 0.059256
1.523 3.633964 0.058778
1.524 3.634382 0.058238
1.525 3.634799 0.057690
1.526 3.635216 0.057142
1.527 3.635633 0.056593
1.528 3.636050 0.056045
1.529 3.636468 0.055497
1.530 3.636885 0.054949
1.531 3.637302 0.054400
1.532 3.637719 0.053852
1.533 3.638112 0.053284
1.534 3.638476 0.052692
1.535 3.638840 0.052101
1.536 3.639203 0.051509
1.537 3.639567 0.050918
1.538 3.639931 0.050326
1.539 3.640295 0.049734
1.540 3.640659 0.049143
1.541 3.641023 0.048551
1.542 3.641387 0.047959
1.543 3.641617 0.047248
1.544 3.641837 0.046526
1.545 3.642056 0.045804
1.546 3.642275 0.045082
1.547 3.642494 0.044360
1.548 3.642714 0.043639
1.549 3.642933 0.042917
1.550 3.643152 0.042195
1.551 3.643371 0.041473
1.552 3.643508 0.040712
1.553 3.643411 0.039843
1.554 3.643314 0.038973
1.555 3.643217 0.038104
1.556 3.643121 0.037235
1.557 3.643024 0.036365
1.558 3.642927 0.035496
1.559 3.642830 0.034626
1.560 3.642734 0.033757
1.561 3.642637 0.032887
1.562 3.642540 0.032018
1.563 3.642443 0.031149
1.564 3.642074 0.030305
1.565 3.641705 0.029462
1.566 3.641335 0.028618
1.567 3.640966 0.027775
1.568 3.640596 0.026931
1.569 3.640227 0.026088
1.570 3.639857 0.025244
1.571 3.639488 0.024401
1.572 3.639119 0.023558
1.573 3.638749 0.022714
1.574 3.638380 0.021871
1.575 3.637861 0.021119
1.576 3.637231 0.020436
1.577 3.636601 0.019753
1.578 3.635972 0.019070
1.579 3.635342 0.018387
1.580 3.634712 0.017704
1.581 3.634082 0.017021
1.582 3.633453 0.016338
1.583 3.632823 0.015655
1.584 3.632193 0.014972
1.585 3.631563 0.014289
1.586 3.630934 0.013606
1.587 3.630121 0.013131
1.588 3.629304 0.012651
1.589 3.628487 0.012096
1.590 3.627671 0.011549
1.591 3.626854 0.011008
1.592 3.626037 0.010475
1.593 3.625221 0.009948
1.594 3.624404 0.009428
1.595 3.623587 0.008915
1.596 3.622771 0.008409
1.597 3.621954 0.007909
1.598 3.621122 0.007451
1.599 3.620236 0.007130
1.600 3.619350 0.006812
1.601 3.618463 0.006498
1.602 3.617577 0.006189
1.603 3.616690 0.005883
1.604 3.615804 0.005581
1.605 3.614917 0.005284
1.606 3.614031 0.004990
1.607 3.613145 0.004700
1.608 3.612258 0.004414
1.609 3.611372 0.004131
1.610 3.610491 0.003882
1.611 3.609626 0.003716
1.612 3.608762 0.003553
1.613 3.607897 0.003392
1.614 3.607032 0.003232
1.615 3.606168 0.003075
1.616 3.605303 0.002920
1.617 3.604438 0.002767
1.618 3.603574 0.002615
1.619 3.602709 0.002466
1.620 3.601844 0.002319
1.621 3.600980 0.002173
1.622 3.600127 0.002038
1.623 3.599345 0.001953
1.624 3.598563 0.001869
1.625 3.597781 0.001787
1.626 3.597000 0.001705
1.627 3.596218 0.001624
1.628 3.595436 0.001545
1.629 3.594654 0.001466
1.630 3.593872 0.001388
1.631 3.593090 0.001312
1.632 3.592308 0.001236
1.633 3.591527 0.001162
1.634 3.590745 0.001088
1.635 3.590049 0.001039
1.636 3.589369 0.000996
1.637 3.588690 0.000952
1.638 3.588010 0.000910
1.639 3.587331 0.000868
1.640 3.586651 0.000826
1.641 3.585972 0.000785
1.642 3.585292 0.000745
1.643 3.584613 0.000705
1.644 3.583933 0.000666
1.645 3.583254 0.000627
1.646 3.582574 0.000588
1.647 3.581928 0.000556
1.648 3.581344 0.000533
1.649 3.580761 0.000511
1.650 3.580177 0.000489
1.651 3.579593 0.000468
1.652 3.579009 0.000446
1.653 3.578426 0.000425
1.654 3.577842 0.000405
1.655 3.577258 0.000384
1.656 3.576675 0.000364
1.657 3.576091 0.000344
1.658 3.575507 0.000324
1.659 3.574923 0.000305
1.660 3.574383 0.000290
1.661 3.573865 0.000278
1.662 3.573346 0.000266
1.663 3.572828 0.000254
1.664 3.572310 0.000243
1.665 3.571791 0.000231
1.666 3.571273 0.000220
1.667 3.570755 0.000209
1.668 3.570236 0.000198
1.669 3.569718 0.000187
1.670 3.569200 0.000176
1.671 3.568681 0.000165
1.672 3.568163 0.000155
1.673 3.567683 0.000148
1.674 3.567214 0.000142
1.675 3.566746 0.000136
1.676 3.566277 0.000131
1.677 3.565808 0.000125
1.678 3.565339 0.000119
1.679 3.564871 0.000114
1.680 3.564402 0.000108
1.681 3.563933 0.000103
1.682 3.563464 0.000098
1.683 3.562996 0.000092
1.684 3.562527 0.000087
1.685 3.562058 0.000082
1.686 3.561614 0.000078
1.687 3.561180 0.000075
1.688 3.560747 0.000072
1.689 3.560313 0.000069
1.690 3.559880 0.000066
1.691 3.559446 0.000063
1.692 3.559013 0.000061
1.693 3.558579 0.000058
1.694 3.558146 0.000055
1.695 3.557712 0.000052
1.696 3.557279 0.000049
1.697 3.556845 0.000047
1.698 3.556412 0.000044
1.699 3.555977 0.000042
1.700 3.555541 0.000040
1.701 3.555105 0.000039
1.702 3.554669 0.000037
1.703 3.554233 0.000036
1.704 3.553797 0.000034
1.705 3.553361 0.000033
1.706 3.552924 0.000031
1.707 3.552488 0.000030
1.708 3.552052 0.000028
1.709 3.551616 0.000027
1.710 3.551180 0.000026
1.711 3.550744 0.000024
1.712 3.550308 0.000023
1.713 3.549888 0.000022
1.714 3.549471 0.000020
1.715 3.549053 0.000019
1.716 3.548635 0.000018
1.717 3.548218 0.000017
1.718 3.547800 0.000016
1.719 3.547382 0.000015
1.720 3.546965 0.000014
1.721 3.546547 0.000013
1.722 3.546129 0.000012
1.723 3.545712 0.000011
1.724 3.545294 0.000010
1.725 3.544877 0.000009
1.726 3.544461 0.000008
1.727 3.544056 0.000007
1.728 3.543650 0.000007
1.729 3.543245 0.000006
1.730 3.542840 0.000006
1.731 3.542434 0.000005
1.732 3.542029 0.000004
1.733 3.541624 0.000004
1.734 3.541218 0.000003
1.735 3.540813 0.000003
1.736 3.540407 0.000002
1.737 3.540002 0.000002
1.738 3.539597 0.000001
1.739 3.539191 0.000000
1.740 3.538789 0.000000
1.741 3.538395 0.000000
1.742 3.538002 0.000000
1.743 3.537609 0.000000
1.744 3.537215 0.000000
1.745 3.536822 0.000000
1.746 3.536429 0.000000
1.747 3.536035 0.000000
1.748 3.535642 0.000000
1.749 3.535249 0.000000
1.750 3.534855 0.000000
1.751 3.534462 0.000000
1.752 3.534069 0.000000
1.753 3.533675 0.000000
1.754 3.533283 0.000000
1.755 3.532901 0.000000
1.756 3.532520 0.000000
1.757 3.532138 0.000000
1.758 3.531757 0.000000
1.759 3.531375 0.000000
1.760 3.530994 0.000000
1.761 3.530612 0.000000
1.762 3.530231 0.000000
1.763 3.529849 0.000000
1.764 3.529468 0.000000
1.765 3.529086 0.000000
1.766 3.528705 0.000000
1.767 3.528323 0.000000
1.768 3.527942 0.000000
1.769 3.527568 0.000000
1.770 3.527198 0.000000
1.771 3.526827 0.000000
1.772 3.526457 0.000000
1.773 3.526087 0.000000
1.774 3.525716 0.000000
1.775 3.525346 0.000000
1.776 3.524976 0.000000
1.777 3.524606 0.000000
1.778 3.524235 0.000000
1.779 3.523865 0.000000
1.780 3.523495 0.000000
1.781 3.523124 0.000000
1.782 3.522754 0.000000
1.783 3.522384 0.000000
1.784 3.522025 0.000000
1.785 3.521666 0.000000
1.786 3.521307 0.000000
1.787 3.520948 0.000000
1.788 3.520589 0.000000
1.789 3.520230 0.000000
1.790 3.519872 0.000000
1.791 3.519513 0.000000
1.792 3.519154 0.000000
1.793 3.518795 0.000000
1.794 3.518436 0.000000
1.795 3.518077 0.000000
1.796 3.517718 0.000000
1.797 3.517359 0.000000
1.798 3.517001 0.000000
1.799 3.516653 0.000000
1.800 3.516305 0.000000
1.801 3.515956 0.000000
1.802 3.515608 0.000000
1.803 3.515260 0.000000
1.804 3.514911 0.000000
1.805 3.514563 0.000000
1.806 3.514215 0.000000
1.807 3.513867 0.000000
1.808 3.513518 0.000000
1.809 3.513170 0.000000
1.810 3.512822 0.000000
1.811 3.512473 0.000000
1.812 3.512125 0.000000
1.813 3.511777 0.000000
1.814 3.511439 0.000000
1.815 3.511101 0.000000
1.816 3.510764 0.000000
1.817 3.510426 0.000000
1.818 3.510088 0.000000
1.819 3.509750 0.000000
1.820 3.509413 0.000000
1.821 3.509075 0.000000
1.822 3.508737 0.000000
1.823 3.508400 0.000000
1.824 3.508062 0.000000
1.825 3.507724 0.000000
1.826 3.507387 0.000000
1.827 3.507049 0.000000
1.828 3.506711 0.000000
1.829 3.506380 0.000000
1.830 3.506052 0.000000
1.831 3.505725 0.000000
1.832 3.505397 0.000000
1.833 3.505070 0.000000
1.834 3.504742 0.000000
1.835 3.504415 0.000000
1.836 3.504087 0.000000
1.837 3.503760 0.000000
1.838 3.503432 0.000000
1.839 3.503105 0.000000
1.840 3.502777 0.000000
1.841 3.502449 0.000000
1.842 3.502122 0.000000
1.843 3.501794 0.000000
1.844 3.501467 0.000000
1.845 3.501149 0.000000
1.846 3.500832 0.000000
1.847 3.500515 0.000000
1.848 3.500197 0.000000
1.849 3.499880 0.000000
1.850 3.499563 0.000000
1.851 3.499245 0.000000
1.852 3.498928 0.000000
1.853 3.498611 0.000000
1.854 3.498294 0.000000
1.855 3.497976 0.000000
1.856 3.497659 0.000000
1.857 3.497342 0.000000
1.858 3.497024 0.000000
1.859 3.496707 0.000000
1.860 3.496390 0.000000
1.861 3.496082 0.000000
1.862 3.495775 0.000000
1.863 3.495467 0.000000
1.864 3.495159 0.000000
1.865 3.494852 0.000000
1.866 3.494544 0.000000
1.867 3.494237 0.000000
1.868 3.493929 0.000000
1.869 3.493621 0.000000
1.870 3.493314 0.000000
1.871 3.493006 0.000000
1.872 3.492698 0.000000
1.873 3.492391 0.000000
1.874 3.492083 0.000000
1.875 3.491775 0.000000
1.876 3.491468 0.000000
1.877 3.491168 0.000000
1.878 3.490870 0.000000
1.879 3.490571 0.000000
1.880 3.490273 0.000000
1.881 3.489975 0.000000
1.882 3.489677 0.000000
1.883 3.489379 0.000000
1.884 3.489080 0.000000
1.885 3.488782 0.000000
1.886 3.488484 0.000000
1.887 3.488186 0.000000
1.888 3.487888 0.000000
1.889 3.487589 0.000000
1.890 3.487291 0.000000
1.891 3.486993 0.000000
1.892 3.486695 0.000000
1.893 3.486400 0.000000
1.894 3.486111 0.000000
1.895 3.485822 0.000000
1.896 3.485533 0.000000
1.897 3.485244 0.000000
1.898 3.484955 0.000000
1.899 3.484666 0.000000
1.900 3.484377 0.000000