0.253 2.350897 3.394604
0.258 2.670991 3.414320
0.263 3.067071 3.350601
0.268 3.422484 3.085210
0.273 3.581866 2.741153
0.278 3.606882 2.453766
0.283 3.576450 2.238939
0.288 3.522665 2.079574
0.293 3.461851 1.961569
0.298 3.399696 1.880044
0.303 3.342902 1.826438
0.308 3.295149 1.791594
0.313 3.257897 1.771236
0.318 3.229294 1.761147
0.323 3.208547 1.760470
0.328 3.194709 1.762408
0.333 3.187329 1.770200
0.338 3.185873 1.782117
0.343 3.188011 1.798183
0.348 3.198558 1.816295
0.353 3.212426 1.838260
0.358 3.231801 1.862747
0.363 3.259044 1.891416
0.368 3.292690 1.923323
0.373 3.342110 1.958146
0.378 3.408723 1.986713
0.383 3.482490 1.991068
0.388 3.533808 1.990284
0.393 3.582453 2.019705
0.398 3.668390 2.071838
0.403 3.811703 2.109681
0.408 3.981504 2.094435
0.413 4.148647 2.040252
0.418 4.317885 1.939831
0.423 4.459610 1.775556
0.428 4.533718 1.574828
0.433 4.536452 1.387098
0.438 4.501808 1.235077
0.443 4.451051 1.117820
0.448 4.400247 1.026469
0.453 4.350966 0.951789
0.458 4.306220 0.890730
0.463 4.262725 0.839474
0.468 4.223052 0.795546
0.473 4.187302 0.757318
0.478 4.153885 0.723757
0.483 4.124132 0.693846
0.488 4.096100 0.666720
0.493 4.070896 0.641717
0.498 4.045501 0.618817
0.503 4.023977 0.597469
0.508 4.002247 0.577595
0.513 3.981559 0.559139
0.518 3.963653 0.541702
0.523 3.944722 0.525295
0.528 3.927589 0.509973
0.533 3.911767 0.495422
0.538 3.894892 0.481737
0.543 3.879533 0.468871
0.548 3.865289 0.456624
0.553 3.851645 0.444894
0.558 3.838616 0.433956
0.563 3.825864 0.423480
0.568 3.813605 0.413421
0.573 3.801829 0.403746
0.578 3.790350 0.394725
0.583 3.779350 0.386045
0.588 3.769177 0.377731
0.593 3.758599 0.369789
0.598 3.749665 0.362136
0.603 3.740899 0.354914
0.608 3.731747 0.347843
0.613 3.722314 0.341073
0.618 3.713639 0.334511
0.623 3.704924 0.328264
0.628 3.696440 0.322240
0.633 3.689893 0.316393
0.638 3.682862 0.310934
0.643 3.675357 0.305439
0.648 3.667863 0.300142
0.653 3.660814 0.295316
0.658 3.654854 0.290328
0.663 3.648810 0.285716
0.668 3.642327 0.281189
0.673 3.635682 0.276800
0.678 3.630091 0.272600
0.683 3.624603 0.268523
0.688 3.619193 0.264560
0.693 3.613080 0.260856
0.698 3.607110 0.257198
0.703 3.603655 0.253679
0.708 3.598280 0.250333
0.713 3.593172 0.246982
0.718 3.588993 0.243856
0.723 3.584396 0.240832
0.728 3.579527 0.237864
0.733 3.576272 0.235190
0.738 3.571579 0.232451
0.743 3.567554 0.229875
0.748 3.564424 0.227405
0.753 3.560842 0.224589
0.758 3.557622 0.222350
0.763 3.554817 0.220029
0.768 3.552203 0.217357
0.773 3.549668 0.215021
0.778 3.547202 0.212545
0.783 3.544933 0.210283
0.788 3.542666 0.207649
0.793 3.540520 0.204993
0.798 3.538493 0.202641
0.803 3.536577 0.200220
0.808 3.534660 0.197307
0.813 3.532791 0.194732
0.818 3.530991 0.192393
0.823 3.529326 0.189819
0.828 3.527744 0.187321
0.833 3.526168 0.185015
0.838 3.524700 0.182597
0.843 3.523263 0.180177
0.848 3.521884 0.178138
0.853 3.520584 0.176215
0.858 3.519409 0.174263
0.863 3.518287 0.172393
0.868 3.517201 0.170544
0.873 3.516148 0.168608
0.878 3.515159 0.166781
0.883 3.514246 0.164841
0.888 3.513380 0.162768
0.893 3.512576 0.160886
0.898 3.511904 0.159131
0.903 3.511277 0.157248
0.908 3.510783 0.155252
0.913 3.510405 0.153288
0.918 3.510093 0.151310
0.923 3.509946 0.149254
0.928 3.509894 0.147178
0.933 3.509891 0.144998
0.938 3.510011 0.142626
0.943 3.510165 0.140255
0.948 3.510338 0.137776
0.953 3.510518 0.135056
0.958 3.510703 0.132262
0.963 3.510797 0.129258
0.968 3.510743 0.125945
0.973 3.510645 0.122551
0.978 3.510356 0.119175
0.983 3.509703 0.115642
0.988 3.508985 0.112045
0.993 3.508152 0.108480
0.998 3.506957 0.105063
1.003 3.505707 0.101698
1.008 3.504474 0.098346
1.013 3.503167 0.095247
1.018 3.501885 0.092212
1.023 3.500726 0.089173
1.028 3.499854 0.086349
1.033 3.499388 0.083624
1.038 3.499227 0.080858
1.043 3.499603 0.077935
1.048 3.501325 0.074477
1.053 3.503667 0.070418
1.058 3.506027 0.065947
1.063 3.507869 0.060773
1.068 3.508521 0.051762
1.073 3.508726 0.038320
1.078 3.506219 0.024878
1.083 3.500666 0.013813
1.088 3.492950 0.007527
1.093 3.484794 0.004570
1.098 3.476285 0.002718
1.103 3.467574 0.001589
1.108 3.458838 0.000946
1.113 3.451934 0.000614
1.118 3.445524 0.000393
1.123 3.439510 0.000250
1.128 3.433956 0.000158
1.133 3.429031 0.000104
1.138 3.424345 0.000068
1.143 3.419787 0.000044
1.148 3.415792 0.000030
1.153 3.411924 0.000020
1.158 3.408157 0.000013
1.163 3.404653 0.000009
1.168 3.401263 0.000006
1.173 3.397978 0.000004
1.178 3.394756 0.000003
1.183 3.391639 0.000002
1.188 3.388634 0.000001
1.193 3.385672 0.000001
1.198 3.382769 0.000001
1.203 3.379969 0.000000
1.208 3.377250 0.000000
1.213 3.374566 0.000000
1.218 3.371941 0.000000
1.223 3.369393 0.000000
1.228 3.366918 0.000000
1.233 3.364472 0.000000
1.238 3.362052 0.000000
1.243 3.359733 0.000000
1.248 3.357441 0.000000
1.253 3.355178 0.000000
1.258 3.352964 0.000000
1.263 3.350767 0.000000
1.268 3.348668 0.000000
1.273 3.346575 0.000000
1.278 3.344503 0.000000
1.283 3.342475 0.000000
1.288 3.340511 0.000000
1.293 3.338566 0.000000
1.298 3.336635 0.000000
1.303 3.334758 0.000000
1.308 3.332901 0.000000
1.313 3.331110 0.000000
1.318 3.329331 0.000000
1.323 3.327580 0.000000
1.328 3.325830 0.000000
1.333 3.324157 0.000000
1.338 3.322485 0.000000
1.343 3.320837 0.000000
1.348 3.319191 0.000000
1.353 3.317602 0.000000
1.358 3.316015 0.000000
1.363 3.314471 0.000000
1.368 3.312927 0.000000
1.373 3.311414 0.000000
1.378 3.309902 0.000000
1.383 3.308447 0.000000
1.388 3.307000 0.000000
1.393 3.305569 0.000000
1.398 3.304142 0.000000
1.403 3.302761 0.000000
1.408 3.301409 0.000000
1.413 3.300073 0.000000
1.418 3.298759 0.000000
1.423 3.297450 0.000000
1.428 3.296165 0.000000
1.433 3.294879 0.000000
1.438 3.293635 0.000000
1.443 3.292393 0.000000
1.448 3.291162 0.000000
1.453 3.289937 0.000000
1.458 3.288734 0.000000
1.463 3.287572 0.000000
1.468 3.286410 0.000000
1.473 3.285270 0.000000
1.478 3.284131 0.000000
1.483 3.283013 0.000000
1.488 3.281912 0.000000
1.493 3.280816 0.000000
1.498 3.279757 0.000000
1.503 3.278698 0.000000
1.508 3.277651 0.000000
1.513 3.276611 0.000000
1.518 3.275576 0.000000
1.523 3.274579 0.000000
1.528 3.273582 0.000000
1.533 3.272594 0.000000
1.538 3.271613 0.000000
1.543 3.270632 0.000000
1.548 3.269690 0.000000
1.553 3.268749 0.000000
1.558 3.267819 0.000000
1.563 3.266911 0.000000
1.568 3.266004 0.000000
1.573 3.265108 0.000000
1.578 3.264220 0.000000
1.583 3.263332 0.000000
1.588 3.262475 0.000000
1.593 3.261624 0.000000
1.598 3.260773 0.000000
1.603 3.259935 0.000000
1.608 3.259097 0.000000
1.613 3.258265 0.000000
1.618 3.257460 0.000000
1.623 3.256656 0.000000
1.628 3.255857 0.000000
1.633 3.255073 0.000000
1.638 3.254289 0.000000
1.643 3.253512 0.000000
1.648 3.252748 0.000000
1.653 3.251984 0.000000
1.658 3.251231 0.000000
1.663 3.250498 0.000000
1.668 3.249764 0.000000
1.673 3.249034 0.000000
1.678 3.248313 0.000000
1.683 3.247591 0.000000
1.688 3.246876 0.000000
1.693 3.246197 0.000000
1.698 3.245519 0.000000
1.703 3.244840 0.000000
1.708 3.244178 0.000000
1.713 3.243516 0.000000
1.718 3.242855 0.000000
1.723 3.242205 0.000000
1.728 3.241560 0.000000
1.733 3.240915 0.000000
1.738 3.240277 0.000000
1.743 3.239650 0.000000
1.748 3.239023 0.000000
1.753 3.238397 0.000000
1.758 3.237781 0.000000
1.763 3.237165 0.000000
1.768 3.236549 0.000000
1.773 3.235959 0.000000
1.778 3.235383 0.000000
1.783 3.234807 0.000000
1.788 3.234232 0.000000
1.793 3.233668 0.000000
1.798 3.233103 0.000000
1.803 3.232539 0.000000
1.808 3.231986 0.000000
1.813 3.231442 0.000000
1.818 3.230899 0.000000
1.823 3.230355 0.000000
1.828 3.229829 0.000000
1.833 3.229303 0.000000
1.838 3.228778 0.000000
1.843 3.228255 0.000000
1.848 3.227741 0.000000
1.853 3.227227 0.000000
1.858 3.226714 0.000000
1.863 3.226211 0.000000
1.868 3.225722 0.000000
1.873 3.225234 0.000000
1.878 3.224745 0.000000
1.883 3.224262 0.000000
1.888 3.223782 0.000000
1.893 3.223302 0.000000
1.898 3.222823 0.000000
1.903 3.222357 0.000000
1.908 3.221899 0.000000
1.913 3.221442 0.000000
1.918 3.220985 0.000000
1.923 3.220536 0.000000
1.928 3.220093 0.000000
1.933 3.219650 0.000000
1.938 3.219208 0.000000
1.943 3.218771 0.000000
1.948 3.218340 0.000000