0.253 1.862076 3.174748
0.254 1.905524 3.198001
0.255 1.940787 3.214563
0.256 1.976039 3.229468
0.257 2.016456 3.244296
0.258 2.058553 3.259095
0.259 2.099782 3.273854
0.260 2.139181 3.288537
0.261 2.186634 3.303071
0.262 2.228786 3.317400
0.263 2.273821 3.322957
0.264 2.321379 3.335782
0.265 2.369413 3.337719
0.266 2.424774 3.343727
0.267 2.474354 3.343502
0.268 2.521938 3.341163
0.269 2.573094 3.338186
0.270 2.624929 3.334575
0.271 2.675587 3.322430
0.272 2.726023 3.310125
0.273 2.775905 3.300212
0.274 2.824691 3.282399
0.275 2.873568 3.264104
0.276 2.921132 3.245813
0.277 2.964548 3.223390
0.278 3.006768 3.200467
0.279 3.048553 3.170366
0.280 3.089929 3.145945
0.281 3.130901 3.117300
0.282 3.164791 3.086622
0.283 3.200242 3.047910
0.284 3.233527 3.016876
0.285 3.263022 2.985383
0.286 3.289576 2.948601
0.287 3.315518 2.910782
0.288 3.341344 2.876584
0.289 3.360137 2.842238
0.290 3.380874 2.805238
0.291 3.400134 2.769882
0.292 3.415611 2.737199
0.293 3.427998 2.697536
0.294 3.440143 2.663838
0.295 3.452240 2.627946
0.296 3.458620 2.594127
0.297 3.466374 2.563548
0.298 3.470306 2.532101
0.299 3.474780 2.500494
0.300 3.482704 2.471110
0.301 3.482734 2.438006
0.302 3.481979 2.410620
0.303 3.481126 2.384318
0.304 3.480292 2.358158
0.305 3.479480 2.332129
0.306 3.478694 2.309152
0.307 3.472266 2.289240
0.308 3.468323 2.264864
0.309 3.464017 2.247136
0.310 3.457765 2.222500
0.311 3.455837 2.205354
0.312 3.447354 2.184098
0.313 3.445543 2.170168
0.314 3.437464 2.150045
0.315 3.433015 2.135803
0.316 3.425716 2.123003
0.317 3.418077 2.110512
0.318 3.414942 2.098095
0.319 3.410318 2.085740
0.320 3.404882 2.073439
0.321 3.396125 2.061190
0.322 3.391333 2.048991
0.323 3.384887 2.036844
0.324 3.376817 2.031438
0.325 3.372907 2.021802
0.326 3.364776 2.013173
0.327 3.363631 2.006946
0.328 3.356101 1.995979
0.329 3.352195 1.991769
0.330 3.344535 1.984382
0.331 3.343201 1.978266
0.332 3.336271 1.973901
0.333 3.333503 1.966365
0.334 3.329982 1.964423
0.335 3.323990 1.959682
0.336 3.322678 1.955498
0.337 3.315318 1.953814
0.338 3.313485 1.946685
0.339 3.308961 1.945796
0.340 3.304026 1.945313
0.341 3.303003 1.938873
0.342 3.301185 1.936529
0.343 3.294646 1.936175
0.344 3.293157 1.936165
0.345 3.292775 1.936200
0.346 3.292610 1.936238
0.347 3.291474 1.935302
0.348 3.283891 1.927916
0.349 3.282955 1.927173
0.350 3.282604 1.927012
0.351 3.282463 1.927058
0.352 3.282337 1.927117
0.353 3.282218 1.927180
0.354 3.282105 1.927246
0.355 3.281999 1.927316
0.356 3.281896 1.927388
0.357 3.281798 1.927462
0.358 3.281707 1.927541
0.359 3.281623 1.927625
0.360 3.281543 1.929830
0.361 3.281467 1.936119
0.362 3.281395 1.937043
0.363 3.281329 1.937403
0.364 3.281268 1.937501
0.365 3.281211 1.937602
0.366 3.281687 1.937706
0.367 3.288927 1.937815
0.368 3.290273 1.940636
0.369 3.290437 1.946338
0.370 3.290425 1.947308
0.371 3.295399 1.947702
0.372 3.299072 1.947826
0.373 3.299668 1.947954
0.374 3.299746 1.948924
0.375 3.301270 1.955486
0.376 3.307831 1.957371
0.377 3.308878 1.957891
0.378 3.312203 1.958062
0.379 3.317635 1.961838
0.380 3.318292 1.966886
0.381 3.323531 1.967723
0.382 3.327206 1.968074
0.383 3.328277 1.968541
0.384 3.334360 1.974662
0.385 3.337002 1.977432
0.386 3.338663 1.978036
0.387 3.345048 1.979740
0.388 3.347717 1.986737
0.389 3.354875 1.987582
0.390 3.356221 1.988278
0.391 3.359297 1.991066
0.392 3.364865 1.996734
0.393 3.369463 1.997940
0.394 3.374744 1.998430
0.395 3.379786 2.002897
0.396 3.384558 2.007291
0.397 3.390235 2.008219
0.398 3.394209 2.013754
0.399 3.400603 2.017340
0.400 3.409573 2.018417
0.401 3.413582 2.024451
0.402 3.420410 2.027579
0.403 3.423594 2.029016
0.404 3.430623 2.035589
0.405 3.439669 2.038355
0.406 3.449409 2.045716
0.407 3.452783 2.047590
0.408 3.459989 2.048343
0.409 3.469240 2.055218
0.410 3.478774 2.057770
0.411 3.481809 2.065150
0.412 3.489360 2.067676
0.413 3.498376 2.074988
0.414 3.507886 2.077876
0.415 3.518581 2.084833
0.416 3.534085 2.088048
0.417 3.545299 2.094967
0.418 3.555425 2.098074
0.419 3.565630 2.105111
0.420 3.581089 2.108070
0.421 3.592853 2.115161
0.422 3.609990 2.117957
0.423 3.628123 2.124647
0.424 3.640469 2.126775
0.425 3.656528 2.127676
0.426 3.674481 2.128103
0.427 3.692945 2.128376
0.428 3.711447 2.128636
0.429 3.730288 2.123629
0.430 3.753630 2.120566
0.431 3.775244 2.115203
0.432 3.794281 2.107113
0.433 3.812819 2.098579
0.434 3.827006 2.089876
0.435 3.841086 2.077512
0.436 3.855248 2.064216
0.437 3.868279 2.054840
0.438 3.883156 2.043355
0.439 3.893035 2.029468
0.440 3.900654 2.017664
0.441 3.903918 2.002702
0.442 3.910571 1.993306
0.443 3.912787 1.983116
0.444 3.913744 1.968190
0.445 3.920317 1.959584
0.446 3.923109 1.955611
0.447 3.924155 1.949528
0.448 3.924677 1.942058
0.449 3.925102 1.938480
0.450 3.925539 1.937934
0.451 3.925990 1.938032
0.452 3.926466 1.938395
0.453 3.926974 1.938793
0.454 3.929804 1.941496
0.455 3.935347 1.946903
0.456 3.937798 1.949190
0.457 3.946117 1.957295
0.458 3.953732 1.965558
0.459 3.958200 1.974304
0.460 3.969537 1.983176
0.461 3.981201 1.987719
0.462 3.994481 1.992517
0.463 4.011498 2.000692
0.464 4.028781 2.009060
0.465 4.046371 2.017700
0.466 4.065003 2.026369
0.467 4.089014 2.034978
0.468 4.114352 2.037645
0.469 4.140135 2.043057
0.470 4.166070 2.046953
0.471 4.195356 2.047802
0.472 4.228154 2.045490
0.473 4.261316 2.039406
0.474 4.294517 2.031828
0.475 4.327639 2.023825
0.476 4.360670 2.011806
0.477 4.393613 1.996762
0.478 4.424933 1.979461
0.479 4.452434 1.957870
0.480 4.482897 1.934477
0.481 4.511572 1.910841
0.482 4.537513 1.884477
0.483 4.561446 1.854190
0.484 4.581062 1.822525
0.485 4.598850 1.790577
0.486 4.616374 1.758390
0.487 4.631232 1.725961
0.488 4.643558 1.693305
0.489 4.657297 1.660506
0.490 4.665436 1.627636
0.491 4.669807 1.594750
0.492 4.675033 1.561956
0.493 4.677382 1.530382
0.494 4.677499 1.501759
0.495 4.677210 1.473445
0.496 4.674505 1.443853
0.497 4.669533 1.418392
0.498 4.666074 1.393722
0.499 4.660729 1.369129
0.500 4.652877 1.344635
0.501 4.645204 1.320284
0.502 4.639603 1.296176
0.503 4.636338 1.273734
0.504 4.630396 1.254093
0.505 4.622418 1.233822
0.506 4.614431 1.213219
0.507 4.606444 1.196941
0.508 4.598328 1.180750
0.509 4.589308 1.164647
0.510 4.577368 1.148605
0.511 4.565213 1.132623
0.512 4.557268 1.116953
0.513 4.549350 1.101711
0.514 4.541444 1.092050
0.515 4.533553 1.078974
0.516 4.525677 1.067130
0.517 4.517817 1.055704
0.518 4.509971 1.042966
0.519 4.502141 1.031974
0.520 4.494326 1.020126
0.521 4.486526 1.007769
0.522 4.478744 0.999192
0.523 4.470978 0.990945
0.524 4.463227 0.982078
0.525 4.455493 0.973026
0.526 4.447778 0.964413
0.527 4.440273 0.955946
0.528 4.433114 0.947951
0.529 4.429512 0.940134
0.530 4.425636 0.932376
0.531 4.418867 0.924833
0.532 4.411252 0.917648
0.533 4.403652 0.910658
0.534 4.396070 0.903728
0.535 4.388809 0.897004
0.536 4.382199 0.890698
0.537 4.379000 0.884520
0.538 4.375095 0.878360
0.539 4.367863 0.872223
0.540 4.360510 0.866121
0.541 4.353561 0.860082
0.542 4.349957 0.854430
0.543 4.346005 0.849014
0.544 4.340190 0.843682
0.545 4.333725 0.838371
0.546 4.328977 0.833082
0.547 4.327099 0.827820
0.548 4.320141 0.822619
0.549 4.313319 0.817867
0.550 4.309366 0.813008
0.551 4.306596 0.808065
0.552 4.301394 0.803439
0.553 4.298603 0.798946
0.554 4.294130 0.794472
0.555 4.288087 0.790011
0.556 4.282266 0.785573
0.557 4.278310 0.781192
0.558 4.275486 0.777017
0.559 4.270603 0.773068
0.560 4.267548 0.768948
0.561 4.264281 0.764860
0.562 4.258448 0.761037
0.563 4.257584 0.756754
0.564 4.252362 0.752946
0.565 4.248554 0.749277
0.566 4.246210 0.745625
0.567 4.240715 0.741981
0.568 4.238288 0.738348
0.569 4.234540 0.734727
0.570 4.230419 0.731115
0.571 4.227408 0.727511
0.572 4.223499 0.723917
0.573 4.219843 0.720331
0.574 4.216367 0.716768
0.575 4.212991 0.713246
0.576 4.209237 0.709965
0.577 4.207658 0.706769
0.578 4.206420 0.703489
0.579 4.204089 0.699990
0.580 4.199093 0.696654
0.581 4.196153 0.693530
0.582 4.193266 0.690425
0.583 4.187770 0.687088
0.584 4.186138 0.684186
0.585 4.182469 0.681299
0.586 4.177647 0.678317
0.587 4.177201 0.674942
0.588 4.176497 0.672008
0.589 4.173796 0.669198
0.590 4.167940 0.666379
0.591 4.167147 0.663543
0.592 4.166431 0.660436
0.593 4.164967 0.657200
0.594 4.159555 0.654381
0.595 4.157332 0.651606
0.596 4.156382 0.648851
0.597 4.155681 0.646103
0.598 4.151010 0.643362
0.599 4.147288 0.640626
0.600 4.145662 0.637894
0.601 4.140810 0.635171
0.602 4.137728 0.632463
0.603 4.136390 0.629770
0.604 4.135693 0.627117
0.605 4.132609 0.624707
0.606 4.128195 0.622432
0.607 4.126746 0.619853
0.608 4.125774 0.617213
0.609 4.124564 0.614539
0.610 4.119835 0.611888
0.611 4.117320 0.609260
0.612 4.116204 0.606699
0.613 4.115833 0.604504
0.614 4.115286 0.602105
0.615 4.114261 0.599571
0.616 4.109417 0.596985
0.617 4.106612 0.594637
0.618 4.105437 0.592473
0.619 4.104790 0.589946
0.620 4.102055 0.587403
0.621 4.097013 0.584843
0.622 4.095791 0.582725
0.623 4.094982 0.580488
0.624 4.094334 0.577976
0.625 4.089975 0.575837
0.626 4.085756 0.573694
0.627 4.085545 0.571184
0.628 4.085174 0.568972
0.629 4.084683 0.566918
0.630 4.083554 0.564452
0.631 4.080847 0.562164
0.632 4.076127 0.560101
0.633 4.075207 0.557753
0.634 4.074975 0.555413
0.635 4.074433 0.553321
0.636 4.073033 0.551104
0.637 4.071035 0.548800
0.638 4.067447 0.546823
0.639 4.064754 0.544804
0.640 4.064181 0.542657
0.641 4.062176 0.540473
0.642 4.059444 0.538272
0.643 4.056680 0.536327
0.644 4.054759 0.534296
0.645 4.054501 0.532095
0.646 4.054028 0.529968
0.647 4.053444 0.527880
0.648 4.049781 0.525976
0.649 4.046667 0.524071
0.650 4.045157 0.522151
0.651 4.044299 0.520019
0.652 4.043915 0.517734
0.653 4.043361 0.515756
0.654 4.042154 0.513837
0.655 4.037280 0.511981
0.656 4.034383 0.510113
0.657 4.034256 0.508226
0.658 4.033862 0.506284
0.659 4.033340 0.504317
0.660 4.031666 0.502121
0.661 4.029618 0.499973
0.662 4.026192 0.498141
0.663 4.024103 0.496311
0.664 4.023983 0.494485
0.665 4.023778 0.492663
0.666 4.023522 0.490843
0.667 4.023017 0.489029
0.668 4.022320 0.487216
0.669 4.018618 0.485409
0.670 4.015523 0.483603
0.671 4.014349 0.481800
0.672 4.013487 0.480001
0.673 4.013048 0.478205
0.674 4.012331 0.476413
0.675 4.011429 0.474624
0.676 4.008076 0.472838
0.677 4.003973 0.471054
0.678 4.003497 0.469275
0.679 4.003309 0.467496
0.680 4.002772 0.465724
0.681 4.001771 0.463953
0.682 3.998922 0.462186
0.683 3.996384 0.460422
0.684 3.994491 0.458661
0.685 3.993384 0.456902
0.686 3.993280 0.455146
0.687 3.992992 0.453394
0.688 3.992547 0.451645
0.689 3.991796 0.449899
0.690 3.990869 0.448156
0.691 3.987862 0.446418
0.692 3.984039 0.444684
0.693 3.983077 0.442984
0.694 3.982878 0.441293
0.695 3.982412 0.439786
0.696 3.981899 0.438312
0.697 3.979005 0.436781
0.698 3.975849 0.435244
0.699 3.974421 0.433540
0.700 3.973104 0.431824
0.701 3.972971 0.430150
0.702 3.972877 0.428476
0.703 3.972363 0.426873
0.704 3.971842 0.425270
0.705 3.970111 0.423900
0.706 3.968368 0.422532
0.707 3.965692 0.420859
0.708 3.963002 0.419182
0.709 3.962828 0.417532
0.710 3.962739 0.415882
0.711 3.962356 0.414529
0.712 3.961955 0.413194
0.713 3.961425 0.411640
0.714 3.960880 0.410061
0.715 3.957514 0.408499
0.716 3.953633 0.406941
0.717 3.952617 0.405544
0.718 3.952404 0.404192
0.719 3.952007 0.402650
0.720 3.951533 0.401029
0.721 3.949369 0.399580
0.722 3.946157 0.398238
0.723 3.944133 0.396799
0.724 3.943221 0.395270
0.725 3.942628 0.393735
0.726 3.942506 0.392190
0.727 3.942282 0.390716
0.728 3.941794 0.389425
0.729 3.941024 0.388123
0.730 3.938543 0.386752
0.731 3.936063 0.385380
0.732 3.934461 0.383940
0.733 3.932867 0.382499
0.734 3.932531 0.381251
0.735 3.932456 0.380043
0.736 3.932108 0.378645
0.737 3.931615 0.377145
0.738 3.930443 0.375740
0.739 3.928485 0.374445
0.740 3.926507 0.373143
0.741 3.924470 0.371824
0.742 3.922526 0.370499
0.743 3.922455 0.369045
0.744 3.922384 0.367592
0.745 3.921973 0.366350
0.746 3.921487 0.365156
0.747 3.920337 0.363831
0.748 3.918701 0.362411
0.749 3.916867 0.361027
0.750 3.914617 0.359720
0.751 3.912465 0.358416
0.752 3.912044 0.357179
0.753 3.911624 0.355942
0.754 3.910984 0.354786
0.755 3.910278 0.353654
0.756 3.908409 0.352390
0.757 3.905252 0.350981
0.758 3.902604 0.349593
0.759 3.902539 0.348306
0.760 3.902475 0.347019
0.761 3.902103 0.345788
0.762 3.901672 0.344567
0.763 3.901066 0.343397
0.764 3.900285 0.342275
0.765 3.899183 0.341122
0.766 3.896223 0.339787
0.767 3.893262 0.338451
0.768 3.892560 0.337321
0.769 3.892499 0.336249
0.770 3.892278 0.335179
0.771 3.891813 0.334112
0.772 3.891347 0.333044
0.773 3.890298 0.331677
0.774 3.889249 0.330309
0.775 3.887320 0.329138
0.776 3.884769 0.328106
0.777 3.882611 0.327070
0.778 3.882550 0.326006
0.779 3.882490 0.324943
0.780 3.882149 0.323868
0.781 3.881696 0.322787
0.782 3.880967 0.321647
0.783 3.879437 0.320336
0.784 3.877907 0.319024
0.785 3.876028 0.317942
0.786 3.874052 0.316925
0.787 3.872627 0.315908
0.788 3.872536 0.314894
0.789 3.872445 0.313880
0.790 3.872085 0.312868
0.791 3.871651 0.311857
0.792 3.870756 0.310848
0.793 3.868588 0.309841
0.794 3.866420 0.308833
0.795 3.864939 0.307801
0.796 3.863716 0.306758
0.797 3.862671 0.305705
0.798 3.862469 0.304604
0.799 3.862268 0.303503
0.800 3.861964 0.302329
0.801 3.861593 0.301107
0.802 3.861180 0.299888
0.803 3.858236 0.298897
0.804 3.855292 0.297907
0.805 3.853437 0.296932
0.806 3.853135 0.295980
0.807 3.852834 0.295027
0.808 3.852506 0.294203
0.809 3.852170 0.293411
0.810 3.851841 0.292609
0.811 3.851550 0.291747
0.812 3.851259 0.290885
0.813 3.849600 0.289965
0.814 3.846561 0.288985
0.815 3.843521 0.288005
0.816 3.842952 0.287029
0.817 3.842908 0.286052
0.818 3.842812 0.285077
0.819 3.842381 0.284104
0.820 3.841951 0.283131
0.821 3.841167 0.282168
0.822 3.839907 0.281220
0.823 3.838648 0.280271
0.824 3.836950 0.279329
0.825 3.835065 0.278391
0.826 3.833181 0.277452
0.827 3.832946 0.276770
0.828 3.832790 0.276101
0.829 3.832594 0.275380
0.830 3.832234 0.274447
0.831 3.831874 0.273513
0.832 3.830608 0.272580
0.833 3.828046 0.271648
0.834 3.825483 0.270716
0.835 3.824211 0.269945
0.836 3.823762 0.269277
0.837 3.823314 0.268609
0.838 3.822930 0.267744
0.839 3.822564 0.266828
0.840 3.822198 0.265911
0.841 3.821892 0.264992
0.842 3.821589 0.264072
0.843 3.821053 0.263179
0.844 3.818325 0.262530
0.845 3.815597 0.261882
0.846 3.813452 0.261175
0.847 3.813382 0.260262
0.848 3.813311 0.259349
0.849 3.813139 0.258529
0.850 3.812751 0.257903
0.851 3.812364 0.257277
0.852 3.811346 0.256604
0.853 3.809405 0.255862
0.854 3.807463 0.255120
0.855 3.805985 0.254350
0.856 3.805032 0.253549
0.857 3.804078 0.252748
0.858 3.803446 0.251974
0.859 3.803122 0.251225
0.860 3.802797 0.250476
0.861 3.802524 0.249719
0.862 3.802295 0.248955
0.863 3.802067 0.248191
0.864 3.800527 0.247502
0.865 3.797855 0.246878
0.866 3.795182 0.246254
0.867 3.793852 0.245613
0.868 3.793773 0.244958
0.869 3.793695 0.244303
0.870 3.793478 0.243603
0.871 3.793109 0.242852
0.872 3.792739 0.242102
0.873 3.791714 0.241459
0.874 3.789762 0.240969
0.875 3.787809 0.240478
0.876 3.786244 0.239899
0.877 3.785460 0.239140
0.878 3.784676 0.238381
0.879 3.783984 0.237651
0.880 3.783604 0.237019
0.881 3.783225 0.236387
0.882 3.782845 0.235758
0.883 3.782455 0.235167
0.884 3.782065 0.234576
0.885 3.781674 0.233985
0.886 3.779475 0.233375
0.887 3.777178 0.232764
0.888 3.774881 0.232153
0.889 3.774344 0.231565
0.890 3.774314 0.230985
0.891 3.774284 0.230405
0.892 3.774069 0.229882
0.893 3.773719 0.229400
0.894 3.773369 0.228918
0.895 3.773075 0.228356
0.896 3.772878 0.227652
0.897 3.772682 0.226948
0.898 3.772215 0.226275
0.899 3.769785 0.225822
0.900 3.767354 0.225370
0.901 3.764923 0.224918
0.902 3.764426 0.224455
0.903 3.764255 0.223990
0.904 3.764084 0.223525
0.905 3.763851 0.223055
0.906 3.763570 0.222581
0.907 3.763288 0.222107
0.908 3.762456 0.221578
0.909 3.760002 0.220888
0.910 3.757548 0.220199
0.911 3.755094 0.219509
0.912 3.754864 0.219043
0.913 3.754838 0.218598
0.914 3.754812 0.218153
0.915 3.754595 0.217709
0.916 3.754225 0.217265
0.917 3.753855 0.216821
0.918 3.753299 0.216378
0.919 3.751811 0.215936
0.920 3.750323 0.215494
0.921 3.748835 0.215052
0.922 3.747735 0.214612
0.923 3.746761 0.214172
0.924 3.745787 0.213732
0.925 3.745099 0.213292
0.926 3.745030 0.212854
0.927 3.744960 0.212415
0.928 3.744891 0.211977
0.929 3.744598 0.211540
0.930 3.744267 0.211103
0.931 3.743936 0.210666
0.932 3.743068 0.210233
0.933 3.741262 0.209806
0.934 3.739456 0.209379
0.935 3.737650 0.208952
0.936 3.736898 0.208544
0.937 3.736334 0.208138
0.938 3.735770 0.207732
0.939 3.735331 0.207380
0.940 3.735178 0.207149
0.941 3.735025 0.206918
0.942 3.734872 0.206688
0.943 3.734638 0.206330
0.944 3.734376 0.205926
0.945 3.734113 0.205523
0.946 3.733572 0.205121
0.947 3.731320 0.204725
0.948 3.729068 0.204330
0.949 3.726816 0.203935
0.950 3.725714 0.203596
0.951 3.725694 0.203309
0.952 3.725673 0.203022
0.953 3.725652 0.202736
0.954 3.725419 0.202423
0.955 3.725153 0.202107
0.956 3.724887 0.201791
0.957 3.724638 0.201458
0.958 3.724468 0.201050
0.959 3.724297 0.200642
0.960 3.724126 0.200234
0.961 3.723017 0.199935
0.962 3.720868 0.199757
0.963 3.718718 0.199579
0.964 3.716569 0.199401
0.965 3.715989 0.199052
0.966 3.715969 0.198642
0.967 3.715950 0.198232
0.968 3.715931 0.197822
0.969 3.715791 0.197602
0.970 3.715647 0.197388
0.971 3.715504 0.197174
0.972 3.715331 0.196924
0.973 3.715022 0.196505
0.974 3.714712 0.196086
0.975 3.714403 0.195667
0.976 3.713798 0.195249
0.977 3.712635 0.194834
0.978 3.711472 0.194420
0.979 3.710310 0.194005
0.980 3.709488 0.193643
0.981 3.709020 0.193334
0.982 3.708553 0.193025
0.983 3.708085 0.192716
0.984 3.707661 0.192544
0.985 3.707264 0.192463
0.986 3.706868 0.192382
0.987 3.706471 0.192301
0.988 3.706078 0.192157
0.989 3.705687 0.191984
0.990 3.705296 0.191811
0.991 3.704904 0.191638
0.992 3.704513 0.191362
0.993 3.704122 0.191048
0.994 3.703731 0.190734
0.995 3.703339 0.190420
0.996 3.702960 0.190129
0.997 3.702585 0.189845
0.998 3.702211 0.189561
0.999 3.701836 0.189277
1.000 3.701500 0.188870
1.001 3.701178 0.188421
1.002 3.700855 0.187971
1.003 3.700533 0.187521
1.004 3.700202 0.187144
1.005 3.699868 0.186798
1.006 3.699533 0.186452
1.007 3.699198 0.186105
1.008 3.698858 0.185830
1.009 3.698515 0.185600
1.010 3.698171 0.185369
1.011 3.697828 0.185138
1.012 3.697496 0.184918
1.013 3.697177 0.184709
1.014 3.696857 0.184501
1.015 3.696537 0.184292
1.016 3.696217 0.184045
1.017 3.695897 0.183731
1.018 3.695576 0.183416
1.019 3.695256 0.183102
1.020 3.694936 0.182782
1.021 3.694622 0.182440
1.022 3.694308 0.182097
1.023 3.693994 0.181755
1.024 3.693679 0.181412
1.025 3.693398 0.181186
1.026 3.693118 0.180964
1.027 3.692838 0.180741
1.028 3.692557 0.180519
1.029 3.692280 0.180282
1.030 3.692004 0.180039
1.031 3.691728 0.179795
1.032 3.691452 0.179552
1.033 3.691160 0.179225
1.034 3.690847 0.178789
1.035 3.690534 0.178352
1.036 3.690221 0.177915
1.037 3.689910 0.177486
1.038 3.689615 0.177128
1.039 3.689321 0.176769
1.040 3.689026 0.176410
1.041 3.688731 0.176052
1.042 3.688435 0.175649
1.043 3.688138 0.175233
1.044 3.687841 0.174816
1.045 3.687544 0.174400
1.046 3.687246 0.174010
1.047 3.686947 0.173669
1.048 3.686647 0.173329
1.049 3.686348 0.172988
1.050 3.686048 0.172647
1.051 3.685784 0.172326
1.052 3.685524 0.172006
1.053 3.685263 0.171687
1.054 3.685002 0.171367
1.055 3.684738 0.171110
1.056 3.684469 0.170927
1.057 3.684199 0.170745
1.058 3.683930 0.170562
1.059 3.683661 0.170379
1.060 3.683415 0.170057
1.061 3.683169 0.169728
1.062 3.682924 0.169398
1.063 3.682678 0.169069
1.064 3.682434 0.168723
1.065 3.682192 0.168354
1.066 3.681950 0.167985
1.067 3.681708 0.167616
1.068 3.681466 0.167247
1.069 3.681203 0.166771
1.070 3.680936 0.166271
1.071 3.680668 0.165772
1.072 3.680401 0.165272
1.073 3.680136 0.164772
1.074 3.679881 0.164268
1.075 3.679625 0.163764
1.076 3.679370 0.163260
1.077 3.679114 0.162756
1.078 3.678860 0.162334
1.079 3.678605 0.161984
1.080 3.678351 0.161634
1.081 3.678097 0.161284
1.082 3.677843 0.160934
1.083 3.677589 0.160689
1.084 3.677335 0.160467
1.085 3.677081 0.160244
1.086 3.676828 0.160022
1.087 3.676575 0.159793
1.088 3.676336 0.159498
1.089 3.676098 0.159203
1.090 3.675859 0.158908
1.091 3.675620 0.158612
1.092 3.675383 0.158292
1.093 3.675148 0.157909
1.094 3.674914 0.157526
1.095 3.674680 0.157144
1.096 3.674445 0.156761
1.097 3.674221 0.156398
1.098 3.674007 0.156059
1.099 3.673794 0.155720
1.100 3.673581 0.155381
1.101 3.673368 0.155042
1.102 3.673156 0.154681
1.103 3.672947 0.154303
1.104 3.672737 0.153925
1.105 3.672527 0.153548
1.106 3.672317 0.153170
1.107 3.672091 0.152829
1.108 3.671857 0.152507
1.109 3.671623 0.152184
1.110 3.671389 0.151862
1.111 3.671155 0.151539
1.112 3.670934 0.151285
1.113 3.670717 0.151058
1.114 3.670500 0.150831
1.115 3.670284 0.150604
1.116 3.670067 0.150377
1.117 3.669836 0.150084
1.118 3.669599 0.149763
1.119 3.669361 0.149441
1.120 3.669124 0.149120
1.121 3.668887 0.148798
1.122 3.668661 0.148495
1.123 3.668442 0.148200
1.124 3.668222 0.147906
1.125 3.668003 0.147612
1.126 3.667783 0.147318
1.127 3.667577 0.147007
1.128 3.667381 0.146684
1.129 3.667186 0.146361
1.130 3.666990 0.146038
1.131 3.666794 0.145715
1.132 3.666592 0.145393
1.133 3.666379 0.145074
1.134 3.666166 0.144755
1.135 3.665953 0.144436
1.136 3.665740 0.144117
1.137 3.665528 0.143812
1.138 3.665320 0.143557
1.139 3.665112 0.143302
1.140 3.664904 0.143047
1.141 3.664696 0.142793
1.142 3.664488 0.142538
1.143 3.664289 0.142387
1.144 3.664090 0.142238
1.145 3.663891 0.142090
1.146 3.663693 0.141941
1.147 3.663494 0.141793
1.148 3.663302 0.141649
1.149 3.663113 0.141507
1.150 3.662924 0.141365
1.151 3.662735 0.141224
1.152 3.662546 0.141082
1.153 3.662359 0.140934
1.154 3.662178 0.140776
1.155 3.661996 0.140618
1.156 3.661814 0.140460
1.157 3.661632 0.140302
1.158 3.661450 0.140144
1.159 3.661272 0.139977
1.160 3.661095 0.139809
1.161 3.660917 0.139642
1.162 3.660739 0.139475
1.163 3.660562 0.139307
1.164 3.660389 0.139160
1.165 3.660221 0.139029
1.166 3.660053 0.138898
1.167 3.659885 0.138768
1.168 3.659717 0.138637
1.169 3.659549 0.138506
1.170 3.659362 0.138373
1.171 3.659174 0.138239
1.172 3.658987 0.138106
1.173 3.658800 0.137972
1.174 3.658613 0.137839
1.175 3.658434 0.137721
1.176 3.658262 0.137618
1.177 3.658091 0.137516
1.178 3.657919 0.137414
1.179 3.657748 0.137311
1.180 3.657576 0.137209
1.181 3.657404 0.137065
1.182 3.657232 0.136917
1.183 3.657060 0.136770
1.184 3.656888 0.136622
1.185 3.656716 0.136474
1.186 3.656545 0.136315
1.187 3.656378 0.136123
1.188 3.656210 0.135931
1.189 3.656043 0.135739
1.190 3.655875 0.135547
1.191 3.655708 0.135355
1.192 3.655533 0.135225
1.193 3.655352 0.135143
1.194 3.655171 0.135060
1.195 3.654990 0.134978
1.196 3.654809 0.134895
1.197 3.654628 0.134813
1.198 3.654469 0.134716
1.199 3.654315 0.134616
1.200 3.654162 0.134516
1.201 3.654008 0.134416
1.202 3.653855 0.134316
1.203 3.653701 0.134216
1.204 3.653544 0.134036
1.205 3.653387 0.133856
1.206 3.653229 0.133676
1.207 3.653072 0.133496
1.208 3.652915 0.133316
1.209 3.652756 0.133142
1.210 3.652585 0.133011
1.211 3.652414 0.132880
1.212 3.652243 0.132748
1.213 3.652072 0.132617
1.214 3.651901 0.132486
1.215 3.651731 0.132348
1.216 3.651562 0.132181
1.217 3.651392 0.132015
1.218 3.651223 0.131848
1.219 3.651053 0.131682
1.220 3.650884 0.131515
1.221 3.650716 0.131336
1.222 3.650551 0.131111
1.223 3.650387 0.130886
1.224 3.650223 0.130661
1.225 3.650058 0.130435
1.226 3.649894 0.130210
1.227 3.649731 0.130010
1.228 3.649572 0.129936
1.229 3.649414 0.129861
1.230 3.649256 0.129786
1.231 3.649097 0.129712
1.232 3.648939 0.129637
1.233 3.648781 0.129563
1.234 3.648627 0.129502
1.235 3.648473 0.129441
1.236 3.648319 0.129379
1.237 3.648165 0.129318
1.238 3.648011 0.129257
1.239 3.647856 0.129196
1.240 3.647707 0.129073
1.241 3.647557 0.128944
1.242 3.647408 0.128814
1.243 3.647259 0.128685
1.244 3.647110 0.128556
1.245 3.646960 0.128426
1.246 3.646814 0.128279
1.247 3.646668 0.128123
1.248 3.646523 0.127967
1.249 3.646378 0.127810
1.250 3.646232 0.127654
1.251 3.646087 0.127498
1.252 3.645944 0.127347
1.253 3.645804 0.127204
1.254 3.645664 0.127061
1.255 3.645523 0.126918
1.256 3.645383 0.126775
1.257 3.645243 0.126632
1.258 3.645103 0.126490
1.259 3.644968 0.126368
1.260 3.644832 0.126247
1.261 3.644697 0.126125
1.262 3.644561 0.126004
1.263 3.644425 0.125882
1.264 3.644290 0.125761
1.265 3.644157 0.125672
1.266 3.644025 0.125605
1.267 3.643894 0.125539
1.268 3.643762 0.125472
1.269 3.643631 0.125405
1.270 3.643499 0.125338
1.271 3.643368 0.125260
1.272 3.643240 0.125104
1.273 3.643112 0.124948
1.274 3.642984 0.124792
1.275 3.642856 0.124637
1.276 3.642728 0.124481
1.277 3.642600 0.124325
1.278 3.642475 0.124160
1.279 3.642352 0.123988
1.280 3.642229 0.123816
1.281 3.642106 0.123645
1.282 3.641983 0.123473
1.283 3.641860 0.123301
1.284 3.641736 0.123129
1.285 3.641617 0.122912
1.286 3.641497 0.122692
1.287 3.641377 0.122472
1.288 3.641258 0.122252
1.289 3.641138 0.122032
1.290 3.641018 0.121812
1.291 3.640900 0.121632
1.292 3.640784 0.121560
1.293 3.640669 0.121488
1.294 3.640553 0.121416
1.295 3.640437 0.121344
1.296 3.640322 0.121273
1.297 3.640206 0.121201
1.298 3.640092 0.121100
1.299 3.639980 0.120971
1.300 3.639867 0.120842
1.301 3.639754 0.120713
1.302 3.639641 0.120584
1.303 3.639529 0.120455
1.304 3.639416 0.120326
1.305 3.639306 0.120147
1.306 3.639197 0.119945
1.307 3.639089 0.119743
1.308 3.638980 0.119542
1.309 3.638871 0.119340
1.310 3.638763 0.119138
1.311 3.638654 0.118936
1.312 3.638548 0.118694
1.313 3.638442 0.118441
1.314 3.638336 0.118187
1.315 3.638231 0.117934
1.316 3.638125 0.117680
1.317 3.638020 0.117427
1.318 3.637914 0.117173
1.319 3.637811 0.117041
1.320 3.637710 0.116939
1.321 3.637608 0.116837
1.322 3.637506 0.116736
1.323 3.637404 0.116634
1.324 3.637303 0.116532
1.325 3.637201 0.116430
1.326 3.637101 0.116353
1.327 3.637002 0.116285
1.328 3.636903 0.116216
1.329 3.636804 0.116147
1.330 3.636705 0.116079
1.331 3.636606 0.116010
1.332 3.636507 0.115941
1.333 3.636410 0.115869
1.334 3.636314 0.115795
1.335 3.636218 0.115720
1.336 3.636123 0.115646
1.337 3.636027 0.115572
1.338 3.635931 0.115497
1.339 3.635835 0.115423
1.340 3.635740 0.115284
1.341 3.635647 0.115056
1.342 3.635554 0.114828
1.343 3.635461 0.114600
1.344 3.635369 0.114372
1.345 3.635276 0.114144
1.346 3.635183 0.113916
1.347 3.635090 0.113697
1.348 3.635001 0.113532
1.349 3.634912 0.113367
1.350 3.634822 0.113203
1.351 3.634733 0.113038
1.352 3.634644 0.112873
1.353 3.634554 0.112708
1.354 3.634465 0.112544
1.355 3.634377 0.112338
1.356 3.634290 0.112122
1.357 3.634204 0.111906
1.358 3.634117 0.111689
1.359 3.634030 0.111473
1.360 3.633943 0.111257
1.361 3.633856 0.111040
1.362 3.633770 0.110826
1.363 3.633686 0.110616
1.364 3.633602 0.110406
1.365 3.633518 0.110196
1.366 3.633434 0.109986
1.367 3.633350 0.109776
1.368 3.633266 0.109567
1.369 3.633182 0.109357
1.370 3.633099 0.109140
1.371 3.633016 0.108922
1.372 3.632933 0.108704
1.373 3.632851 0.108485
1.374 3.632768 0.108267
1.375 3.632686 0.108049
1.376 3.632603 0.107831
1.377 3.632521 0.107624
1.378 3.632442 0.107460
1.379 3.632364 0.107296
1.380 3.632285 0.107132
1.381 3.632206 0.106968
1.382 3.632127 0.106804
1.383 3.632048 0.106640
1.384 3.631969 0.106476
1.385 3.631893 0.106316
1.386 3.631818 0.106160
1.387 3.631743 0.106004
1.388 3.631668 0.105848
1.389 3.631594 0.105692
1.390 3.631519 0.105536
1.391 3.631444 0.105380
1.392 3.631369 0.105224
1.393 3.631295 0.105039
1.394 3.631221 0.104845
1.395 3.631147 0.104650
1.396 3.631073 0.104455
1.397 3.630999 0.104261
1.398 3.630926 0.104066
1.399 3.630852 0.103872
1.400 3.630778 0.103677
1.401 3.630707 0.103486
1.402 3.630636 0.103296
1.403 3.630566 0.103106
1.404 3.630495 0.102916
1.405 3.630425 0.102726
1.406 3.630355 0.102536
1.407 3.630284 0.102345
1.408 3.630214 0.102155
1.409 3.630147 0.101950
1.410 3.630081 0.101744
1.411 3.630015 0.101537
1.412 3.629949 0.101331
1.413 3.629883 0.101124
1.414 3.629817 0.100918
1.415 3.629751 0.100711
1.416 3.629685 0.100505
1.417 3.629624 0.100312
1.418 3.629563 0.100121
1.419 3.629502 0.099929
1.420 3.629441 0.099738
1.421 3.629380 0.099547
1.422 3.629320 0.099356
1.423 3.629259 0.099165
1.424 3.629198 0.098974
1.425 3.629141 0.098818
1.426 3.629085 0.098675
1.427 3.629030 0.098533
1.428 3.628974 0.098390
1.429 3.628918 0.098247
1.430 3.628863 0.098105
1.431 3.628807 0.097962
1.432 3.628751 0.097819
1.433 3.628699 0.097638
1.434 3.628649 0.097418
1.435 3.628599 0.097198
1.436 3.628549 0.096978
1.437 3.628500 0.096758
1.438 3.628450 0.096537
1.439 3.628400 0.096317
1.440 3.628350 0.096097
1.441 3.628302 0.095886
1.442 3.628259 0.095720
1.443 3.628216 0.095554
1.444 3.628173 0.095388
1.445 3.628131 0.095222
1.446 3.628088 0.095056
1.447 3.628045 0.094890
1.448 3.628002 0.094724
1.449 3.627960 0.094558
1.450 3.627923 0.094372
1.451 3.627888 0.094178
1.452 3.627853 0.093984
1.453 3.627818 0.093789
1.454 3.627783 0.093595
1.455 3.627748 0.093401
1.456 3.627713 0.093207
1.457 3.627678 0.093013
1.458 3.627646 0.092814
1.459 3.627624 0.092596
1.460 3.627603 0.092377
1.461 3.627581 0.092159
1.462 3.627560 0.091941
1.463 3.627538 0.091723
1.464 3.627516 0.091505
1.465 3.627495 0.091286
1.466 3.627473 0.091068
1.467 3.627458 0.090836
1.468 3.627447 0.090593
1.469 3.627436 0.090351
1.470 3.627425 0.090108
1.471 3.627414 0.089866
1.472 3.627403 0.089624
1.473 3.627393 0.089381
1.474 3.627382 0.089139
1.475 3.627371 0.088896
1.476 3.627371 0.088565
1.477 3.627372 0.088218
1.478 3.627374 0.087872
1.479 3.627375 0.087525
1.480 3.627377 0.087179
1.481 3.627378 0.086832
1.482 3.627380 0.086486
1.483 3.627382 0.086139
1.484 3.627384 0.085795
1.485 3.627407 0.085523
1.486 3.627430 0.085252
1.487 3.627453 0.084980
1.488 3.627476 0.084709
1.489 3.627499 0.084437
1.490 3.627522 0.084166
1.491 3.627545 0.083894
1.492 3.627568 0.083623
1.493 3.627593 0.083353
1.494 3.627641 0.083105
1.495 3.627689 0.082856
1.496 3.627737 0.082607
1.497 3.627784 0.082358
1.498 3.627832 0.082110
1.499 3.627880 0.081861
1.500 3.627928 0.081612
1.501 3.627976 0.081363
1.502 3.628024 0.081113
1.503 3.628101 0.080815
1.504 3.628177 0.080517
1.505 3.628254 0.080219
1.506 3.628330 0.079922
1.507 3.628407 0.079624
1.508 3.628483 0.079326
1.509 3.628560 0.079028
1.510 3.628636 0.078730
1.511 3.628713 0.078432
1.512 3.628823 0.078161
1.513 3.628938 0.077893
1.514 3.629054 0.077625
1.515 3.629169 0.077357
1.516 3.629284 0.077089
1.517 3.629399 0.076821
1.518 3.629514 0.076553
1.519 3.629630 0.076285
1.520 3.629745 0.076017
1.521 3.629890 0.075677
1.522 3.630055 0.075290
1.523 3.630221 0.074903
1.524 3.630386 0.074515
1.525 3.630551 0.074128
1.526 3.630716 0.073741
1.527 3.630882 0.073354
1.528 3.631047 0.072966
1.529 3.631212 0.072579
1.530 3.631391 0.072195
1.531 3.631619 0.071823
1.532 3.631847 0.071451
1.533 3.632075 0.071079
1.534 3.632303 0.070707
1.535 3.632531 0.070335
1.536 3.632759 0.069963
1.537 3.632987 0.069591
1.538 3.633215 0.069219
1.539 3.633443 0.068847
1.540 3.633729 0.068450
1.541 3.634039 0.068042
1.542 3.634348 0.067634
1.543 3.634658 0.067227
1.544 3.634967 0.066819
1.545 3.635276 0.066412
1.546 3.635586 0.066004
1.547 3.635895 0.065596
1.548 3.636205 0.065189
1.549 3.636522 0.064775
1.550 3.636920 0.064303
1.551 3.637318 0.063831
1.552 3.637716 0.063359
1.553 3.638114 0.062888
1.554 3.638512 0.062416
1.555 3.638910 0.061944
1.556 3.639308 0.061472
1.557 3.639706 0.061000
1.558 3.640104 0.060528
1.559 3.640512 0.060032
1.560 3.640940 0.059491
1.561 3.641368 0.058950
1.562 3.641796 0.058409
1.563 3.642224 0.057868
1.564 3.642652 0.057326
1.565 3.643081 0.056785
1.566 3.643509 0.056244
1.567 3.643937 0.055703
1.568 3.644365 0.055162
1.569 3.644783 0.054604
1.570 3.645191 0.054030
1.571 3.645599 0.053455
1.572 3.646007 0.052881
1.573 3.646415 0.052306
1.574 3.646823 0.051732
1.575 3.647231 0.051157
1.576 3.647639 0.050583
1.577 3.648046 0.050008
1.578 3.648454 0.049434
1.579 3.648804 0.048799
1.580 3.649095 0.048101
1.581 3.649385 0.047404
1.582 3.649676 0.046707
1.583 3.649966 0.046010
1.584 3.650257 0.045313
1.585 3.650547 0.044615
1.586 3.650838 0.043918
1.587 3.651128 0.043221
1.588 3.651419 0.042524
1.589 3.651604 0.041776
1.590 3.651613 0.040945
1.591 3.651622 0.040114
1.592 3.651631 0.039283
1.593 3.651640 0.038451
1.594 3.651649 0.037620
1.595 3.651658 0.036789
1.596 3.651668 0.035957
1.597 3.651677 0.035126
1.598 3.651686 0.034295
1.599 3.651695 0.033464
1.600 3.651664 0.032633
1.601 3.651390 0.031803
1.602 3.651115 0.030973
1.603 3.650840 0.030143
1.604 3.650565 0.029314
1.605 3.650290 0.028484
1.606 3.650016 0.027654
1.607 3.649741 0.026824
1.608 3.649466 0.025995
1.609 3.649191 0.025165
1.610 3.648917 0.024335
1.611 3.648642 0.023505
1.612 3.648153 0.022765
1.613 3.647590 0.022054
1.614 3.647028 0.021343
1.615 3.646465 0.020633
1.616 3.645902 0.019922
1.617 3.645340 0.019212
1.618 3.644777 0.018501
1.619 3.644215 0.017791
1.620 3.643652 0.017080
1.621 3.643089 0.016370
1.622 3.642527 0.015659
1.623 3.641923 0.014986
1.624 3.641139 0.014473
1.625 3.640355 0.013960
1.626 3.639571 0.013447
1.627 3.638787 0.012934
1.628 3.638003 0.012421
1.629 3.637219 0.011908
1.630 3.636435 0.011395
1.631 3.635651 0.010882
1.632 3.634867 0.010369
1.633 3.634083 0.009822
1.634 3.633299 0.009246
1.635 3.632469 0.008762
1.636 3.631588 0.008382
1.637 3.630707 0.008007
1.638 3.629825 0.007637
1.639 3.628944 0.007271
1.640 3.628062 0.006911
1.641 3.627181 0.006555
1.642 3.626299 0.006203
1.643 3.625418 0.005856
1.644 3.624536 0.005514
1.645 3.623655 0.005176
1.646 3.622773 0.004843
1.647 3.621895 0.004588
1.648 3.621019 0.004391
1.649 3.620144 0.004198
1.650 3.619268 0.004006
1.651 3.618392 0.003817
1.652 3.617516 0.003631
1.653 3.616641 0.003447
1.654 3.615765 0.003265
1.655 3.614889 0.003086
1.656 3.614013 0.002909
1.657 3.613138 0.002734
1.658 3.612262 0.002562
1.659 3.611425 0.002425
1.660 3.610627 0.002324
1.661 3.609829 0.002224
1.662 3.609031 0.002125
1.663 3.608233 0.002027
1.664 3.607435 0.001930
1.665 3.606637 0.001835
1.666 3.605839 0.001741
1.667 3.605041 0.001649
1.668 3.604243 0.001557
1.669 3.603445 0.001467
1.670 3.602647 0.001377
1.671 3.601875 0.001298
1.672 3.601179 0.001244
1.673 3.600483 0.001191
1.674 3.599788 0.001139
1.675 3.599092 0.001088
1.676 3.598397 0.001037
1.677 3.597701 0.000986
1.678 3.597006 0.000937
1.679 3.596310 0.000888
1.680 3.595614 0.000840
1.681 3.594919 0.000792
1.682 3.594223 0.000745
1.683 3.593528 0.000698
1.684 3.592914 0.000668
1.685 3.592319 0.000640
1.686 3.591724 0.000613
1.687 3.591128 0.000587
1.688 3.590533 0.000560
1.689 3.589937 0.000535
1.690 3.589342 0.000509
1.691 3.588747 0.000484
1.692 3.588151 0.000459
1.693 3.587556 0.000434
1.694 3.586961 0.000410
1.695 3.586365 0.000386
1.696 3.585785 0.000364
1.697 3.585261 0.000349
1.698 3.584737 0.000335
1.699 3.584214 0.000320
1.700 3.583690 0.000306
1.701 3.583167 0.000292
1.702 3.582643 0.000278
1.703 3.582119 0.000264
1.704 3.581596 0.000251
1.705 3.581072 0.000237
1.706 3.580549 0.000224
1.707 3.580025 0.000211
1.708 3.579501 0.000198
1.709 3.579000 0.000188
1.710 3.578533 0.000180
1.711 3.578065 0.000173
1.712 3.577598 0.000166
1.713 3.577130 0.000159
1.714 3.576663 0.000152
1.715 3.576196 0.000145
1.716 3.575728 0.000138
1.717 3.575261 0.000131
1.718 3.574793 0.000124
1.719 3.574326 0.000118
1.720 3.573858 0.000111
1.721 3.573391 0.000105
1.722 3.572939 0.000099
1.723 3.572510 0.000096
1.724 3.572082 0.000092
1.725 3.571653 0.000088
1.726 3.571224 0.000084
1.727 3.570796 0.000081
1.728 3.570367 0.000077
1.729 3.569939 0.000073
1.730 3.569510 0.000070
1.731 3.569081 0.000066
1.732 3.568653 0.000063
1.733 3.568224 0.000060
1.734 3.567796 0.000056
1.735 3.567366 0.000053
1.736 3.566931 0.000051
1.737 3.566497 0.000049
1.738 3.566062 0.000047
1.739 3.565627 0.000045
1.740 3.565193 0.000043
1.741 3.564758 0.000041
1.742 3.564323 0.000040
1.743 3.563889 0.000038
1.744 3.563454 0.000036
1.745 3.563019 0.000034
1.746 3.562585 0.000032
1.747 3.562150 0.000031
1.748 3.561715 0.000029
1.749 3.561296 0.000027
1.750 3.560880 0.000026
1.751 3.560465 0.000024
1.752 3.560049 0.000023
1.753 3.559634 0.000022
1.754 3.559218 0.000020
1.755 3.558803 0.000019
1.756 3.558387 0.000018
1.757 3.557972 0.000016
1.758 3.557556 0.000015
1.759 3.557141 0.000014
1.760 3.556725 0.000013
1.761 3.556310 0.000011
1.762 3.555897 0.000010
1.763 3.555493 0.000009
1.764 3.555089 0.000009
1.765 3.554686 0.000008
1.766 3.554282 0.000007
1.767 3.553878 0.000006
1.768 3.553475 0.000005
1.769 3.553071 0.000005
1.770 3.552667 0.000004
1.771 3.552264 0.000003
1.772 3.551860 0.000003
1.773 3.551456 0.000002
1.774 3.551053 0.000001
1.775 3.550649 0.000000
1.776 3.550250 0.000000
1.777 3.549858 0.000000
1.778 3.549465 0.000000
1.779 3.549073 0.000000
1.780 3.548681 0.000000
1.781 3.548289 0.000000
1.782 3.547897 0.000000
1.783 3.547505 0.000000
1.784 3.547113 0.000000
1.785 3.546721 0.000000
1.786 3.546329 0.000000
1.787 3.545937 0.000000
1.788 3.545545 0.000000
1.789 3.545153 0.000000
1.790 3.544764 0.000000
1.791 3.544384 0.000000
1.792 3.544003 0.000000
1.793 3.543623 0.000000
1.794 3.543242 0.000000
1.795 3.542861 0.000000
1.796 3.542481 0.000000
1.797 3.542100 0.000000
1.798 3.541720 0.000000
1.799 3.541339 0.000000
1.800 3.540959 0.000000
1.801 3.540578 0.000000
1.802 3.540197 0.000000
1.803 3.539817 0.000000
1.804 3.539437 0.000000
1.805 3.539067 0.000000
1.806 3.538697 0.000000
1.807 3.538328 0.000000
1.808 3.537958 0.000000
1.809 3.537588 0.000000
1.810 3.537219 0.000000
1.811 3.536849 0.000000
1.812 3.536479 0.000000
1.813 3.536110 0.000000
1.814 3.535740 0.000000
1.815 3.535370 0.000000
1.816 3.535001 0.000000
1.817 3.534631 0.000000
1.818 3.534261 0.000000
1.819 3.533897 0.000000
1.820 3.533539 0.000000
1.821 3.533180 0.000000
1.822 3.532821 0.000000
1.823 3.532462 0.000000
1.824 3.532103 0.000000
1.825 3.531745 0.000000
1.826 3.531386 0.000000
1.827 3.531027 0.000000
1.828 3.530668 0.000000
1.829 3.530310 0.000000
1.830 3.529951 0.000000
1.831 3.529592 0.000000
1.832 3.529233 0.000000
1.833 3.528874 0.000000
1.834 3.528524 0.000000
1.835 3.528175 0.000000
1.836 3.527827 0.000000
1.837 3.527479 0.000000
1.838 3.527130 0.000000
1.839 3.526782 0.000000
1.840 3.526433 0.000000
1.841 3.526085 0.000000
1.842 3.525736 0.000000
1.843 3.525388 0.000000
1.844 3.525040 0.000000
1.845 3.524691 0.000000
1.846 3.524343 0.000000
1.847 3.523994 0.000000
1.848 3.523646 0.000000
1.849 3.523306 0.000000
1.850 3.522968 0.000000
1.851 3.522630 0.000000
1.852 3.522291 0.000000
1.853 3.521953 0.000000
1.854 3.521615 0.000000
1.855 3.521277 0.000000
1.856 3.520939 0.000000
1.857 3.520601 0.000000
1.858 3.520262 0.000000
1.859 3.519924 0.000000
1.860 3.519586 0.000000
1.861 3.519248 0.000000
1.862 3.518910 0.000000
1.863 3.518572 0.000000
1.864 3.518239 0.000000
1.865 3.517911 0.000000
1.866 3.517583 0.000000
1.867 3.517255 0.000000
1.868 3.516926 0.000000
1.869 3.516598 0.000000
1.870 3.516270 0.000000
1.871 3.515942 0.000000
1.872 3.515613 0.000000
1.873 3.515285 0.000000
1.874 3.514957 0.000000
1.875 3.514629 0.000000
1.876 3.514300 0.000000
1.877 3.513972 0.000000
1.878 3.513644 0.000000
1.879 3.513317 0.000000
1.880 3.512999 0.000000
1.881 3.512680 0.000000
1.882 3.512362 0.000000
1.883 3.512044 0.000000
1.884 3.511725 0.000000
1.885 3.511407 0.000000
1.886 3.511089 0.000000
1.887 3.510770 0.000000
1.888 3.510452 0.000000
1.889 3.510134 0.000000
1.890 3.509815 0.000000
1.891 3.509497 0.000000
1.892 3.509179 0.000000
1.893 3.508860 0.000000
1.894 3.508542 0.000000
1.895 3.508227 0.000000
1.896 3.507918 0.000000
1.897 3.507609 0.000000
1.898 3.507301 0.000000
1.899 3.506992 0.000000
1.900 3.506683 0.000000