0.253 2.480956 3.457906
0.258 2.842034 3.456472
0.263 3.298240 3.328119
0.268 3.640321 2.948766
0.273 3.720617 2.538743
0.278 3.666721 2.246653
0.283 3.581825 2.052896
0.288 3.495031 1.922322
0.293 3.413568 1.836750
0.298 3.343818 1.782249
0.303 3.287569 1.750298
0.308 3.243499 1.733950
0.313 3.211023 1.727493
0.318 3.188014 1.729093
0.323 3.172548 1.734477
0.328 3.163513 1.746081
0.333 3.160471 1.760984
0.338 3.163766 1.779196
0.343 3.172596 1.802241
0.348 3.187897 1.828528
0.353 3.210292 1.859268
0.358 3.240770 1.893842
0.363 3.283662 1.931745
0.368 3.341542 1.966876
0.373 3.405930 1.990212
0.378 3.462745 2.020456
0.383 3.541703 2.075130
0.388 3.674870 2.126423
0.393 3.847821 2.130109
0.398 4.018977 2.089512
0.403 4.195140 2.012611
0.408 4.365839 1.871500
0.413 4.479900 1.670254
0.418 4.511006 1.460431
0.423 4.483894 1.285868
0.428 4.436660 1.151282
0.433 4.382722 1.046815
0.438 4.330705 0.963739
0.443 4.282011 0.895810
0.448 4.235560 0.839299
0.453 4.192901 0.791466
0.458 4.154201 0.750194
0.463 4.118526 0.714292
0.468 4.085961 0.682390
0.473 4.055734 0.653525
0.478 4.027911 0.627391
0.483 4.001734 0.603344
0.488 3.977766 0.581169
0.493 3.954299 0.560703
0.498 3.932293 0.541672
0.503 3.911884 0.523969
0.508 3.891852 0.507503
0.513 3.873693 0.492129
0.518 3.855107 0.477783
0.523 3.838260 0.464357
0.528 3.822237 0.451781
0.533 3.807032 0.439916
0.538 3.792377 0.428843
0.543 3.777808 0.418377
0.548 3.764543 0.408452
0.553 3.751235 0.399183
0.558 3.739006 0.390363
0.563 3.727418 0.381983
0.568 3.715694 0.374057
0.573 3.705094 0.366517
0.578 3.695077 0.359393
0.583 3.685073 0.352511
0.588 3.674993 0.346008
0.593 3.666071 0.339739
0.598 3.657304 0.333766
0.603 3.648891 0.328071
0.608 3.640578 0.322539
0.613 3.632639 0.317272
0.618 3.624954 0.312075
0.623 3.617757 0.307303
0.628 3.611008 0.302507
0.633 3.604567 0.297980
0.638 3.598165 0.293566
0.643 3.591988 0.289328
0.648 3.585800 0.285202
0.653 3.579827 0.281235
0.658 3.574274 0.277441
0.663 3.568844 0.273714
0.668 3.564230 0.270130
0.673 3.559035 0.266662
0.678 3.554028 0.263229
0.683 3.549381 0.259987
0.688 3.545376 0.256800
0.693 3.540898 0.253735
0.698 3.536725 0.250748
0.703 3.533094 0.247863
0.708 3.529207 0.245073
0.713 3.525788 0.242136
0.718 3.522477 0.239508
0.723 3.519503 0.236835
0.728 3.516687 0.233986
0.733 3.513978 0.231391
0.738 3.511370 0.228719
0.743 3.508915 0.226033
0.748 3.506563 0.223234
0.753 3.504371 0.220587
0.758 3.502288 0.217956
0.763 3.500229 0.215020
0.768 3.498251 0.212397
0.773 3.496345 0.209751
0.778 3.494633 0.207052
0.783 3.492957 0.204473
0.788 3.491396 0.201874
0.793 3.489893 0.199248
0.798 3.488458 0.196856
0.803 3.487098 0.194532
0.808 3.485916 0.192198
0.813 3.484796 0.189939
0.818 3.483729 0.187569
0.823 3.482708 0.185324
0.828 3.481814 0.182985
0.833 3.481011 0.180576
0.838 3.480302 0.178272
0.843 3.479744 0.175996
0.848 3.479266 0.173624
0.853 3.479005 0.171183
0.858 3.478831 0.168742
0.863 3.478881 0.166170
0.868 3.479090 0.163526
0.873 3.479385 0.160723
0.878 3.479843 0.157636
0.883 3.480335 0.154492
0.888 3.480849 0.150967
0.893 3.481378 0.147187
0.898 3.481818 0.143200
0.903 3.482011 0.138690
0.908 3.482132 0.134086
0.913 3.481820 0.129347
0.918 3.481073 0.124416
0.923 3.480238 0.119472
0.928 3.478838 0.114709
0.933 3.477195 0.110044
0.938 3.475537 0.105451
0.943 3.473665 0.101394
0.948 3.471799 0.097413
0.953 3.470132 0.093594
0.958 3.468931 0.090326
0.963 3.467979 0.087089
0.968 3.467754 0.083656
0.973 3.469305 0.079381
0.978 3.471326 0.074375
0.983 3.473289 0.068581
0.988 3.474977 0.060167
0.993 3.476330 0.044353
0.998 3.474662 0.027202
1.003 3.468388 0.013268
1.008 3.459290 0.006240
1.013 3.449780 0.003429
1.018 3.439715 0.001855
1.023 3.429453 0.000998
1.028 3.419832 0.000547
1.033 3.412230 0.000315
1.038 3.405417 0.000197
1.043 3.399050 0.000120
1.048 3.393215 0.000072
1.053 3.387996 0.000044
1.058 3.382924 0.000029
1.063 3.378320 0.000019
1.068 3.374010 0.000012
1.073 3.369811 0.000008
1.078 3.365888 0.000005
1.083 3.362138 0.000003
1.088 3.358541 0.000002
1.093 3.355003 0.000001
1.098 3.351644 0.000001
1.103 3.348401 0.000001
1.108 3.345191 0.000000
1.113 3.342119 0.000000
1.118 3.339136 0.000000
1.123 3.336259 0.000000
1.128 3.333430 0.000000
1.133 3.330648 0.000000
1.138 3.328040 0.000000
1.143 3.325446 0.000000
1.148 3.322864 0.000000
1.153 3.320427 0.000000
1.158 3.318018 0.000000
1.163 3.315649 0.000000
1.168 3.313330 0.000000
1.173 3.311039 0.000000
1.178 3.308863 0.000000
1.183 3.306694 0.000000
1.188 3.304536 0.000000
1.193 3.302468 0.000000
1.198 3.300445 0.000000
1.203 3.298448 0.000000
1.208 3.296468 0.000000
1.213 3.294560 0.000000
1.218 3.292689 0.000000
1.223 3.290875 0.000000
1.228 3.289075 0.000000
1.233 3.287284 0.000000
1.238 3.285563 0.000000
1.243 3.283865 0.000000
1.248 3.282182 0.000000
1.253 3.280502 0.000000
1.258 3.278889 0.000000
1.263 3.277281 0.000000
1.268 3.275716 0.000000
1.273 3.274156 0.000000
1.278 3.272620 0.000000
1.283 3.271097 0.000000
1.288 3.269639 0.000000
1.293 3.268183 0.000000
1.298 3.266738 0.000000
1.303 3.265303 0.000000
1.308 3.263949 0.000000
1.313 3.262596 0.000000
1.318 3.261282 0.000000
1.323 3.259968 0.000000
1.328 3.258678 0.000000
1.333 3.257390 0.000000
1.338 3.256140 0.000000
1.343 3.254900 0.000000
1.348 3.253666 0.000000
1.353 3.252437 0.000000
1.358 3.251238 0.000000
1.363 3.250084 0.000000
1.368 3.248934 0.000000
1.373 3.247799 0.000000
1.378 3.246665 0.000000
1.383 3.245567 0.000000
1.388 3.244473 0.000000
1.393 3.243406 0.000000
1.398 3.242362 0.000000
1.403 3.241319 0.000000
1.408 3.240287 0.000000
1.413 3.239255 0.000000
1.418 3.238262 0.000000
1.423 3.237281 0.000000
1.428 3.236303 0.000000
1.433 3.235332 0.000000
1.438 3.234361 0.000000
1.443 3.233429 0.000000
1.448 3.232505 0.000000
1.453 3.231591 0.000000
1.458 3.230703 0.000000
1.463 3.229814 0.000000
1.468 3.228937 0.000000
1.473 3.228064 0.000000
1.478 3.227196 0.000000
1.483 3.226365 0.000000
1.488 3.225534 0.000000
1.493 3.224707 0.000000
1.498 3.223884 0.000000
1.503 3.223060 0.000000
1.508 3.222264 0.000000
1.513 3.221478 0.000000
1.518 3.220693 0.000000
1.523 3.219926 0.000000
1.528 3.219159 0.000000
1.533 3.218396 0.000000
1.538 3.217648 0.000000
1.543 3.216900 0.000000
1.548 3.216160 0.000000
1.553 3.215446 0.000000
1.558 3.214732 0.000000
1.563 3.214021 0.000000
1.568 3.213314 0.000000
1.573 3.212607 0.000000
1.578 3.211917 0.000000
1.583 3.211262 0.000000
1.588 3.210607 0.000000
1.593 3.209957 0.000000
1.598 3.209317 0.000000
1.603 3.208677 0.000000
1.608 3.208040 0.000000
1.613 3.207415 0.000000
1.618 3.206789 0.000000
1.623 3.206164 0.000000
1.628 3.205556 0.000000
1.633 3.204947 0.000000
1.638 3.204339 0.000000
1.643 3.203737 0.000000
1.648 3.203136 0.000000
1.653 3.202535 0.000000
1.658 3.201959 0.000000
1.663 3.201407 0.000000
1.668 3.200854 0.000000
1.673 3.200303 0.000000
1.678 3.199759 0.000000
1.683 3.199215 0.000000
1.688 3.198671 0.000000
1.693 3.198143 0.000000
1.698 3.197621 0.000000
1.703 3.197098 0.000000
1.708 3.196580 0.000000
1.713 3.196076 0.000000
1.718 3.195571 0.000000
1.723 3.195067 0.000000
1.728 3.194569 0.000000
1.733 3.194074 0.000000
1.738 3.193579 0.000000
1.743 3.193085 0.000000
1.748 3.192618 0.000000
1.753 3.192152 0.000000
1.758 3.191686 0.000000
1.763 3.191221 0.000000
1.768 3.190760 0.000000
1.773 3.190299 0.000000
1.778 3.189838 0.000000
1.783 3.189389 0.000000
1.788 3.188953 0.000000
1.793 3.188516 0.000000
1.798 3.188080 0.000000
1.803 3.187652 0.000000
1.808 3.187230 0.000000
1.813 3.186807 0.000000
1.818 3.186385 0.000000
1.823 3.185969 0.000000
1.828 3.185558 0.000000
1.833 3.185146 0.000000
1.838 3.184735 0.000000
1.843 3.184336 0.000000
1.848 3.183948 0.000000
1.853 3.183559 0.000000
1.858 3.183170 0.000000
1.863 3.182783 0.000000
1.868 3.182399 0.000000
1.873 3.182015 0.000000
1.878 3.181631 0.000000
1.883 3.181250 0.000000
1.888 3.180890 0.000000
1.893 3.180530 0.000000
1.898 3.180170 0.000000
1.903 3.179810 0.000000
1.908 3.179457 0.000000
1.913 3.179106 0.000000
1.918 3.178755 0.000000
1.923 3.178403 0.000000
1.928 3.178057 0.000000
1.933 3.177717 0.000000
1.938 3.177378 0.000000
1.943 3.177039 0.000000
1.948 3.176699 0.000000