0.253 2.078367 3.259415
0.258 2.331212 3.315914
0.263 2.618535 3.341915
0.268 2.936869 3.262075
0.273 3.192065 3.080667
0.278 3.358004 2.867589
0.283 3.450938 2.653748
0.288 3.495508 2.463499
0.293 3.498314 2.297078
0.298 3.478997 2.158540
0.303 3.443630 2.054740
0.308 3.401923 1.972072
0.313 3.362669 1.917590
0.318 3.325777 1.877992
0.323 3.295679 1.849999
0.328 3.272277 1.833210
0.333 3.252812 1.826547
0.338 3.240969 1.822139
0.343 3.236792 1.824799
0.348 3.233842 1.834473
0.353 3.238171 1.839853
0.358 3.243800 1.850663
0.363 3.257030 1.867363
0.368 3.271673 1.881094
0.373 3.291744 1.900121
0.378 3.315660 1.918743
0.383 3.345498 1.941154
0.388 3.382031 1.966555
0.393 3.431191 1.995853
0.398 3.495961 2.025390
0.403 3.578814 2.032817
0.408 3.663193 2.006848
0.413 3.714314 1.968221
0.418 3.738521 1.947625
0.423 3.765487 1.967203
0.428 3.825980 2.009386
0.433 3.940732 2.049669
0.438 4.099007 2.049690
0.443 4.262116 1.998695
0.448 4.414353 1.898140
0.453 4.534674 1.745127
0.458 4.600666 1.566336
0.463 4.604893 1.398316
0.468 4.575481 1.258003
0.473 4.534413 1.148403
0.478 4.483944 1.060957
0.483 4.439507 0.989409
0.488 4.395733 0.932129
0.493 4.359069 0.883322
0.498 4.321676 0.841793
0.503 4.288097 0.805184
0.508 4.256250 0.772890
0.513 4.229262 0.744062
0.518 4.203539 0.718079
0.523 4.180259 0.694307
0.528 4.157502 0.672136
0.533 4.138946 0.651433
0.538 4.117447 0.632170
0.543 4.100114 0.614110
0.548 4.084929 0.596673
0.553 4.066337 0.580336
0.558 4.051875 0.565084
0.563 4.039231 0.550277
0.568 4.023924 0.535964
0.573 4.009087 0.522489
0.578 3.997424 0.509472
0.583 3.984937 0.496970
0.588 3.972975 0.485062
0.593 3.961700 0.473517
0.598 3.950656 0.462408
0.603 3.939408 0.451398
0.608 3.932508 0.441241
0.613 3.923003 0.431308
0.618 3.912529 0.421600
0.623 3.902886 0.412084
0.628 3.893108 0.402757
0.633 3.883542 0.394207
0.638 3.877881 0.385713
0.643 3.869195 0.377280
0.648 3.859766 0.369452
0.653 3.850531 0.361573
0.658 3.845416 0.353949
0.663 3.837630 0.346749
0.668 3.828470 0.339632
0.673 3.823442 0.332628
0.678 3.815533 0.326031
0.683 3.807879 0.319346
0.688 3.799649 0.312905
0.693 3.795474 0.306852
0.698 3.788109 0.301078
0.703 3.780103 0.295059
0.708 3.776563 0.289681
0.713 3.769125 0.284234
0.718 3.762932 0.278500
0.723 3.758104 0.273788
0.728 3.750787 0.268797
0.733 3.745702 0.263754
0.738 3.740669 0.259242
0.743 3.733395 0.254788
0.748 3.729339 0.250247
0.753 3.723597 0.246027
0.758 3.717829 0.241992
0.763 3.713416 0.237965
0.768 3.706963 0.234102
0.773 3.703167 0.230579
0.778 3.697822 0.227052
0.783 3.690550 0.223651
0.788 3.689060 0.220400
0.793 3.682147 0.217149
0.798 3.679641 0.214366
0.803 3.673424 0.211185
0.808 3.670290 0.208507
0.813 3.664693 0.205882
0.818 3.662053 0.203277
0.823 3.656466 0.200850
0.828 3.654047 0.198749
0.833 3.648393 0.196434
0.838 3.646126 0.194435
0.843 3.640850 0.192490
0.848 3.639312 0.190529
0.853 3.635581 0.188026
0.858 3.632416 0.186303
0.863 3.630012 0.184927
0.868 3.627679 0.182969
0.873 3.625577 0.180596
0.878 3.623477 0.178780
0.883 3.621450 0.177029
0.888 3.619506 0.175022
0.893 3.617712 0.173352
0.898 3.615845 0.171022
0.903 3.614013 0.168676
0.908 3.612259 0.166551
0.913 3.610606 0.164840
0.918 3.609043 0.162839
0.923 3.607452 0.160247
0.928 3.605860 0.157533
0.933 3.604293 0.155687
0.938 3.602811 0.153776
0.943 3.601419 0.151551
0.948 3.600094 0.149352
0.953 3.598732 0.147414
0.958 3.597363 0.145588
0.963 3.596060 0.143622
0.968 3.594812 0.141564
0.973 3.593565 0.139719
0.978 3.592360 0.138394
0.983 3.591245 0.137161
0.988 3.590186 0.135870
0.993 3.589154 0.134621
0.998 3.588119 0.133487
1.003 3.587118 0.132424
1.008 3.586121 0.131065
1.013 3.585146 0.129999
1.018 3.584254 0.128898
1.023 3.583357 0.127614
1.028 3.582444 0.126315
1.033 3.581561 0.124820
1.038 3.580714 0.123713
1.043 3.579923 0.122844
1.048 3.579189 0.121753
1.053 3.578480 0.120595
1.058 3.577821 0.119339
1.063 3.577220 0.118136
1.068 3.576665 0.116979
1.073 3.576143 0.115807
1.078 3.575671 0.114635
1.083 3.575248 0.113493
1.088 3.574851 0.112325
1.093 3.574481 0.111092
1.098 3.574147 0.109842
1.103 3.573833 0.108599
1.108 3.573543 0.107416
1.113 3.573263 0.106240
1.118 3.572975 0.105060
1.123 3.572689 0.103855
1.128 3.572406 0.102594
1.133 3.572104 0.101283
1.138 3.571772 0.099899
1.143 3.571378 0.098400
1.148 3.570964 0.096879
1.153 3.570546 0.095461
1.158 3.570054 0.094046
1.163 3.569486 0.092592
1.168 3.568898 0.091093
1.173 3.568314 0.089567
1.178 3.567712 0.088067
1.183 3.567072 0.086622
1.188 3.566431 0.085227
1.193 3.565808 0.083851
1.198 3.565233 0.082418
1.203 3.564717 0.080942
1.208 3.564263 0.079421
1.213 3.563884 0.077874
1.218 3.563607 0.076308
1.223 3.563473 0.074696
1.228 3.563559 0.073068
1.233 3.563991 0.071250
1.238 3.564694 0.069367
1.243 3.565641 0.067436
1.248 3.566853 0.065416
1.253 3.568595 0.063183
1.258 3.570932 0.060713
1.263 3.573525 0.058072
1.268 3.576157 0.055252
1.273 3.578601 0.052215
1.278 3.579582 0.047083
1.283 3.579226 0.040765
1.288 3.577924 0.034007
1.293 3.576058 0.026719
1.298 3.572534 0.019766
1.303 3.568217 0.013869
1.308 3.563044 0.009214
1.313 3.557401 0.006410
1.318 3.551634 0.004313
1.323 3.545755 0.002864
1.328 3.539905 0.001962
1.333 3.534227 0.001300
1.338 3.528952 0.000897
1.343 3.523978 0.000627
1.348 3.519182 0.000426
1.353 3.514784 0.000293
1.358 3.510665 0.000198
1.363 3.506792 0.000135
1.368 3.503193 0.000096
1.373 3.499720 0.000066
1.378 3.496523 0.000046
1.383 3.493473 0.000032
1.388 3.490525 0.000022
1.393 3.487746 0.000016
1.398 3.485002 0.000011
1.403 3.482332 0.000008
1.408 3.479691 0.000005
1.413 3.477082 0.000004
1.418 3.474539 0.000003
1.423 3.472020 0.000002
1.428 3.469552 0.000001
1.433 3.467098 0.000001
1.438 3.464709 0.000001
1.443 3.462342 0.000000
1.448 3.460019 0.000000
1.453 3.457724 0.000000
1.458 3.455456 0.000000
1.463 3.453234 0.000000
1.468 3.451038 0.000000
1.473 3.448877 0.000000
1.478 3.446727 0.000000
1.483 3.444631 0.000000
1.488 3.442546 0.000000
1.493 3.440506 0.000000
1.498 3.438473 0.000000
1.503 3.436486 0.000000
1.508 3.434503 0.000000
1.513 3.432573 0.000000
1.518 3.430647 0.000000
1.523 3.428758 0.000000
1.528 3.426872 0.000000
1.533 3.425038 0.000000
1.538 3.423209 0.000000
1.543 3.421416 0.000000
1.548 3.419631 0.000000
1.553 3.417880 0.000000
1.558 3.416143 0.000000
1.563 3.414436 0.000000
1.568 3.412748 0.000000
1.573 3.411077 0.000000
1.578 3.409427 0.000000
1.583 3.407789 0.000000
1.588 3.406186 0.000000
1.593 3.404585 0.000000
1.598 3.403020 0.000000
1.603 3.401455 0.000000
1.608 3.399923 0.000000
1.613 3.398400 0.000000
1.618 3.396897 0.000000
1.623 3.395413 0.000000
1.628 3.393936 0.000000
1.633 3.392487 0.000000
1.638 3.391039 0.000000
1.643 3.389625 0.000000
1.648 3.388218 0.000000
1.653 3.386827 0.000000
1.658 3.385453 0.000000
1.663 3.384082 0.000000
1.668 3.382751 0.000000
1.673 3.381420 0.000000
1.678 3.380110 0.000000
1.683 3.378813 0.000000
1.688 3.377520 0.000000
1.693 3.376255 0.000000
1.698 3.374990 0.000000
1.703 3.373746 0.000000
1.708 3.372515 0.000000
1.713 3.371285 0.000000
1.718 3.370085 0.000000
1.723 3.368884 0.000000
1.728 3.367699 0.000000
1.733 3.366536 0.000000
1.738 3.365373 0.000000
1.743 3.364232 0.000000
1.748 3.363097 0.000000
1.753 3.361965 0.000000
1.758 3.360861 0.000000
1.763 3.359758 0.000000
1.768 3.358666 0.000000
1.773 3.357594 0.000000
1.778 3.356522 0.000000
1.783 3.355467 0.000000
1.788 3.354422 0.000000
1.793 3.353377 0.000000
1.798 3.352357 0.000000
1.803 3.351344 0.000000
1.808 3.350330 0.000000
1.813 3.349339 0.000000
1.818 3.348350 0.000000
1.823 3.347362 0.000000
1.828 3.346402 0.000000
1.833 3.345443 0.000000
1.838 3.344486 0.000000
1.843 3.343553 0.000000
1.848 3.342621 0.000000
1.853 3.341691 0.000000
1.858 3.340783 0.000000
1.863 3.339876 0.000000
1.868 3.338970 0.000000
1.873 3.338090 0.000000
1.878 3.337210 0.000000
1.883 3.336330 0.000000
1.888 3.335471 0.000000
1.893 3.334612 0.000000
1.898 3.333754 0.000000
1.903 3.332916 0.000000
1.908 3.332084 0.000000
1.913 3.331251 0.000000
1.918 3.330432 0.000000
1.923 3.329622 0.000000
1.928 3.328812 0.000000
1.933 3.328011 0.000000
1.938 3.327223 0.000000
1.943 3.326436 0.000000
1.948 3.325650 0.000000