0.253 2.060481 3.250436
0.258 2.309580 3.309085
0.263 2.590591 3.338941
0.268 2.904483 3.268977
0.273 3.163188 3.098678
0.278 3.336093 2.892254
0.283 3.437632 2.681241
0.288 3.489361 2.489707
0.293 3.497615 2.320607
0.298 3.481735 2.179983
0.303 3.448623 2.072975
0.308 3.408675 1.987105
0.313 3.369819 1.930411
0.318 3.332277 1.886710
0.323 3.302668 1.858340
0.328 3.277963 1.840209
0.333 3.257544 1.830761
0.338 3.244633 1.825990
0.343 3.240411 1.828240
0.348 3.237445 1.835550
0.353 3.240079 1.841529
0.358 3.247444 1.852485
0.363 3.258279 1.865520
0.368 3.273503 1.882045
0.373 3.290064 1.896624
0.378 3.313782 1.916289
0.383 3.342139 1.937334
0.388 3.377691 1.962056
0.393 3.418563 1.990772
0.398 3.479084 2.019405
0.403 3.557937 2.037380
0.408 3.650910 2.022553
0.413 3.714881 1.982292
0.418 3.743924 1.948575
0.423 3.762171 1.951342
0.428 3.805395 1.987347
0.433 3.894156 2.029646
0.438 4.035453 2.054587
0.443 4.200520 2.023864
0.448 4.357271 1.943447
0.453 4.493556 1.812406
0.458 4.586117 1.642629
0.463 4.614027 1.466669
0.468 4.593752 1.317225
0.473 4.558729 1.192729
0.478 4.508398 1.097060
0.483 4.464060 1.021669
0.488 4.420273 0.958042
0.493 4.379917 0.906001
0.498 4.341600 0.861454
0.503 4.307115 0.823139
0.508 4.276814 0.789400
0.513 4.248141 0.759148
0.518 4.220733 0.732050
0.523 4.197205 0.707392
0.528 4.174685 0.684947
0.533 4.151725 0.663455
0.538 4.134352 0.643732
0.543 4.114897 0.625219
0.548 4.099048 0.607592
0.553 4.082489 0.590970
0.558 4.066189 0.575172
0.563 4.050665 0.560114
0.568 4.038150 0.545772
0.573 4.023806 0.531920
0.578 4.011778 0.518782
0.583 3.999999 0.505990
0.588 3.988088 0.493755
0.593 3.976515 0.481880
0.598 3.965291 0.470620
0.603 3.954525 0.459873
0.608 3.943636 0.449035
0.613 3.934725 0.439005
0.618 3.924760 0.429181
0.623 3.916173 0.419554
0.628 3.907912 0.410117
0.633 3.897937 0.400912
0.638 3.888183 0.392398
0.643 3.881327 0.384039
0.648 3.874513 0.375732
0.653 3.865188 0.367886
0.658 3.855745 0.360068
0.663 3.850560 0.352504
0.668 3.843576 0.345352
0.673 3.834417 0.338296
0.678 3.828643 0.331312
0.683 3.821341 0.324742
0.688 3.813975 0.318044
0.693 3.805687 0.311644
0.698 3.801617 0.305590
0.703 3.794295 0.299839
0.708 3.786459 0.293820
0.713 3.782964 0.288452
0.718 3.775336 0.283030
0.723 3.769566 0.277267
0.728 3.764577 0.272497
0.733 3.757219 0.267598
0.738 3.753039 0.262533
0.743 3.747022 0.258005
0.748 3.740516 0.253511
0.753 3.736387 0.249005
0.758 3.729782 0.244757
0.763 3.725524 0.240718
0.768 3.720152 0.236617
0.773 3.713365 0.232875
0.778 3.710297 0.229219
0.783 3.703760 0.225772
0.788 3.698667 0.222284
0.793 3.694947 0.218976
0.798 3.690320 0.215829
0.803 3.685999 0.212974
0.808 3.680698 0.209900
0.813 3.677496 0.207082
0.818 3.670384 0.204478
0.823 3.669089 0.201894
0.828 3.663250 0.199367
0.833 3.660685 0.197257
0.838 3.655716 0.194953
0.843 3.652966 0.193024
0.848 3.647755 0.190984
0.853 3.644918 0.189122
0.858 3.642904 0.186876
0.863 3.638735 0.184606
0.868 3.636177 0.183337
0.873 3.633812 0.181665
0.878 3.631637 0.179518
0.883 3.629564 0.177353
0.888 3.627521 0.175800
0.893 3.625534 0.173796
0.898 3.623702 0.172088
0.903 3.621903 0.170153
0.908 3.620073 0.167843
0.913 3.618280 0.165551
0.918 3.616577 0.163547
0.923 3.614977 0.161902
0.928 3.613448 0.159814
0.933 3.611861 0.157085
0.938 3.610299 0.154537
0.943 3.608762 0.152824
0.948 3.607314 0.150858
0.953 3.605954 0.148667
0.958 3.604647 0.146513
0.963 3.603300 0.144639
0.968 3.601946 0.142833
0.973 3.600667 0.140883
0.978 3.599432 0.138850
0.983 3.598200 0.137049
0.988 3.597008 0.135770
0.993 3.595906 0.134576
0.998 3.594860 0.133324
1.003 3.593837 0.132109
1.008 3.592808 0.130992
1.013 3.591814 0.130000
1.018 3.590826 0.128699
1.023 3.589854 0.127611
1.028 3.588958 0.126598
1.033 3.588075 0.125338
1.038 3.587160 0.124130
1.043 3.586273 0.122691
1.048 3.585420 0.121481
1.053 3.584614 0.120632
1.058 3.583864 0.119653
1.063 3.583141 0.118573
1.068 3.582461 0.117362
1.073 3.581828 0.116172
1.078 3.581261 0.115059
1.083 3.580715 0.113940
1.088 3.580212 0.112807
1.093 3.579755 0.111698
1.098 3.579335 0.110601
1.103 3.578937 0.109450
1.108 3.578568 0.108258
1.113 3.578225 0.107069
1.118 3.577902 0.105911
1.123 3.577597 0.104796
1.128 3.577295 0.103688
1.133 3.576987 0.102576
1.138 3.576682 0.101432
1.143 3.576375 0.100234
1.148 3.576048 0.098989
1.153 3.575691 0.097674
1.158 3.575274 0.096250
1.163 3.574846 0.094822
1.168 3.574418 0.093533
1.173 3.573910 0.092211
1.178 3.573340 0.090855
1.183 3.572763 0.089451
1.188 3.572189 0.088030
1.193 3.571601 0.086636
1.198 3.570990 0.085293
1.203 3.570382 0.083997
1.208 3.569791 0.082719
1.213 3.569248 0.081382
1.218 3.568768 0.079992
1.223 3.568351 0.078554
1.228 3.568004 0.077084
1.233 3.567748 0.075602
1.238 3.567654 0.074064
1.243 3.567745 0.072498
1.248 3.568133 0.070779
1.253 3.568803 0.068954
1.258 3.569707 0.067099
1.263 3.570902 0.065153
1.268 3.572538 0.063023
1.273 3.574642 0.060714
1.278 3.577140 0.058233
1.283 3.579836 0.055580
1.288 3.582301 0.052670
1.293 3.583897 0.048759
1.298 3.584408 0.042918
1.303 3.583342 0.036682
1.308 3.581509 0.029708
1.313 3.578909 0.022975
1.318 3.575207 0.016619
1.323 3.570365 0.011689
1.328 3.565158 0.007881
1.333 3.559606 0.005384
1.338 3.553923 0.003719
1.343 3.548222 0.002465
1.348 3.542549 0.001671
1.353 3.537222 0.001152
1.358 3.532089 0.000778
1.363 3.527307 0.000554
1.368 3.522762 0.000382
1.373 3.518435 0.000251
1.378 3.514565 0.000178
1.383 3.510826 0.000122
1.388 3.507317 0.000086
1.393 3.504021 0.000060
1.398 3.500871 0.000041
1.403 3.497951 0.000030
1.408 3.495091 0.000020
1.413 3.492374 0.000014
1.418 3.489699 0.000010
1.423 3.487067 0.000007
1.428 3.484481 0.000005
1.433 3.481910 0.000003
1.438 3.479420 0.000003
1.443 3.476942 0.000002
1.448 3.474507 0.000001
1.453 3.472099 0.000001
1.458 3.469736 0.000001
1.463 3.467407 0.000000
1.468 3.465108 0.000000
1.473 3.462846 0.000000
1.478 3.460601 0.000000
1.483 3.458410 0.000000
1.488 3.456233 0.000000
1.493 3.454097 0.000000
1.498 3.451966 0.000000
1.503 3.449895 0.000000
1.508 3.447826 0.000000
1.513 3.445807 0.000000
1.518 3.443790 0.000000
1.523 3.441821 0.000000
1.528 3.439853 0.000000
1.533 3.437938 0.000000
1.538 3.436024 0.000000
1.543 3.434150 0.000000
1.548 3.432277 0.000000
1.553 3.430455 0.000000
1.558 3.428636 0.000000
1.563 3.426854 0.000000
1.568 3.425078 0.000000
1.573 3.423337 0.000000
1.578 3.421609 0.000000
1.583 3.419909 0.000000
1.588 3.418228 0.000000
1.593 3.416562 0.000000
1.598 3.414919 0.000000
1.603 3.413286 0.000000
1.608 3.411689 0.000000
1.613 3.410092 0.000000
1.618 3.408532 0.000000
1.623 3.406973 0.000000
1.628 3.405443 0.000000
1.633 3.403926 0.000000
1.638 3.402424 0.000000
1.643 3.400944 0.000000
1.648 3.399468 0.000000
1.653 3.398023 0.000000
1.658 3.396579 0.000000
1.663 3.395164 0.000000
1.668 3.393761 0.000000
1.673 3.392368 0.000000
1.678 3.390998 0.000000
1.683 3.389629 0.000000
1.688 3.388295 0.000000
1.693 3.386966 0.000000
1.698 3.385651 0.000000
1.703 3.384357 0.000000
1.708 3.383062 0.000000
1.713 3.381796 0.000000
1.718 3.380533 0.000000
1.723 3.379282 0.000000
1.728 3.378053 0.000000
1.733 3.376824 0.000000
1.738 3.375619 0.000000
1.743 3.374420 0.000000
1.748 3.373227 0.000000
1.753 3.372064 0.000000
1.758 3.370902 0.000000
1.763 3.369753 0.000000
1.768 3.368619 0.000000
1.773 3.367485 0.000000
1.778 3.366376 0.000000
1.783 3.365273 0.000000
1.788 3.364171 0.000000
1.793 3.363099 0.000000
1.798 3.362027 0.000000
1.803 3.360962 0.000000
1.808 3.359917 0.000000
1.813 3.358873 0.000000
1.818 3.357841 0.000000
1.823 3.356827 0.000000
1.828 3.355813 0.000000
1.833 3.354813 0.000000
1.838 3.353823 0.000000
1.843 3.352834 0.000000
1.848 3.351863 0.000000
1.853 3.350902 0.000000
1.858 3.349942 0.000000
1.863 3.349000 0.000000
1.868 3.348066 0.000000
1.873 3.347132 0.000000
1.878 3.346215 0.000000
1.883 3.345307 0.000000
1.888 3.344399 0.000000
1.893 3.343506 0.000000
1.898 3.342625 0.000000
1.903 3.341743 0.000000
1.908 3.340872 0.000000
1.913 3.340013 0.000000
1.918 3.339154 0.000000
1.923 3.338302 0.000000
1.928 3.337468 0.000000
1.933 3.336634 0.000000
1.938 3.335802 0.000000
1.943 3.334991 0.000000
1.948 3.334179 0.000000