0.253 2.572266 3.501866
0.258 2.966283 3.483837
0.263 3.465622 3.296432
0.268 3.781634 2.830054
0.273 3.793574 2.386723
0.278 3.684907 2.103854
0.283 3.566631 1.932484
0.288 3.460865 1.826549
0.293 3.372513 1.763226
0.298 3.302219 1.727898
0.303 3.248254 1.710203
0.308 3.208730 1.703934
0.313 3.180371 1.705373
0.318 3.161210 1.712077
0.323 3.149150 1.723513
0.328 3.143382 1.739719
0.333 3.143808 1.760238
0.338 3.150641 1.785360
0.343 3.164630 1.814980
0.348 3.186283 1.848648
0.353 3.216598 1.886258
0.358 3.258300 1.927496
0.363 3.311745 1.968448
0.368 3.371259 2.012499
0.373 3.449391 2.073015
0.378 3.578545 2.134541
0.383 3.751651 2.152340
0.388 3.926837 2.119696
0.393 4.104780 2.055850
0.398 4.289465 1.934455
0.403 4.430742 1.740321
0.408 4.486828 1.519592
0.413 4.472263 1.326590
0.418 4.425958 1.177622
0.423 4.371291 1.063915
0.428 4.317320 0.973869
0.433 4.265793 0.900566
0.438 4.217290 0.840035
0.443 4.172475 0.789199
0.448 4.131432 0.745609
0.453 4.093902 0.707974
0.458 4.059395 0.674568
0.463 4.027565 0.644702
0.468 3.998122 0.617555
0.473 3.970716 0.592847
0.478 3.944845 0.570125
0.483 3.920322 0.549201
0.488 3.897354 0.529958
0.493 3.875375 0.512152
0.498 3.854523 0.495654
0.503 3.834784 0.480414
0.508 3.815956 0.466310
0.513 3.797935 0.453205
0.518 3.781014 0.440967
0.523 3.764913 0.429596
0.528 3.749354 0.418972
0.533 3.734762 0.409021
0.538 3.720583 0.399740
0.543 3.707242 0.391014
0.548 3.694654 0.382799
0.553 3.682436 0.375075
0.558 3.670954 0.367780
0.563 3.659998 0.360864
0.568 3.649530 0.354315
0.573 3.639536 0.348090
0.578 3.629983 0.342162
0.583 3.620888 0.336521
0.588 3.612172 0.331109
0.593 3.603988 0.325960
0.598 3.596169 0.320962
0.603 3.588579 0.316238
0.608 3.581465 0.311610
0.613 3.574623 0.307182
0.618 3.568054 0.302888
0.623 3.561798 0.298754
0.628 3.555724 0.294740
0.633 3.549927 0.290853
0.638 3.544334 0.287088
0.643 3.538973 0.283407
0.648 3.534000 0.279840
0.653 3.529233 0.276367
0.658 3.524612 0.272955
0.663 3.520096 0.269648
0.668 3.515769 0.266407
0.673 3.511820 0.263241
0.678 3.508064 0.260146
0.683 3.504331 0.257123
0.688 3.500848 0.254075
0.693 3.497546 0.251177
0.698 3.494490 0.248251
0.703 3.491545 0.245320
0.708 3.488712 0.242471
0.713 3.486044 0.239656
0.718 3.483477 0.236780
0.723 3.481153 0.233939
0.728 3.478917 0.231164
0.733 3.476767 0.228291
0.738 3.474689 0.225491
0.743 3.472678 0.222731
0.748 3.470890 0.219948
0.753 3.469173 0.217209
0.758 3.467597 0.214465
0.763 3.466072 0.211729
0.768 3.464631 0.209098
0.773 3.463302 0.206460
0.778 3.462177 0.203829
0.783 3.461098 0.201199
0.788 3.460079 0.198572
0.793 3.459173 0.195928
0.798 3.458435 0.193254
0.803 3.457800 0.190596
0.808 3.457345 0.187928
0.813 3.456999 0.185201
0.818 3.456926 0.182394
0.823 3.456958 0.179539
0.828 3.457331 0.176479
0.833 3.457803 0.173326
0.838 3.458475 0.169795
0.843 3.459243 0.166097
0.848 3.460040 0.161934
0.853 3.460861 0.157359
0.858 3.461568 0.152511
0.863 3.461967 0.147008
0.868 3.462250 0.141396
0.873 3.461793 0.135484
0.878 3.460990 0.129415
0.883 3.459776 0.123461
0.888 3.457878 0.117711
0.893 3.455904 0.112031
0.898 3.453643 0.106998
0.903 3.451267 0.102257
0.908 3.449069 0.097777
0.913 3.447346 0.094094
0.918 3.445802 0.090485
0.923 3.445654 0.086508
0.928 3.447165 0.081209
0.933 3.448802 0.075158
0.938 3.450934 0.067763
0.943 3.453178 0.052019
0.948 3.453460 0.031807
0.953 3.447293 0.014009
0.958 3.437176 0.006229
0.963 3.426709 0.003000
0.968 3.415587 0.001427
0.973 3.404173 0.000672
0.978 3.393682 0.000324
0.983 3.385551 0.000164
0.988 3.378287 0.000091
0.993 3.371566 0.000051
0.998 3.365538 0.000029
1.003 3.360012 0.000017
1.008 3.354562 0.000010
1.013 3.349888 0.000006
1.018 3.345329 0.000004
1.023 3.340919 0.000002
1.028 3.336747 0.000001
1.033 3.332900 0.000001
1.038 3.329106 0.000001
1.043 3.325405 0.000000
1.048 3.321980 0.000000
1.053 3.318582 0.000000
1.058 3.315278 0.000000
1.063 3.312127 0.000000
1.068 3.309107 0.000000
1.073 3.306136 0.000000
1.078 3.303209 0.000000
1.083 3.300500 0.000000
1.088 3.297808 0.000000
1.093 3.295127 0.000000
1.098 3.292610 0.000000
1.103 3.290128 0.000000
1.108 3.287684 0.000000
1.113 3.285304 0.000000
1.118 3.282968 0.000000
1.123 3.280740 0.000000
1.128 3.278519 0.000000
1.133 3.276303 0.000000
1.138 3.274234 0.000000
1.143 3.272180 0.000000
1.148 3.270142 0.000000
1.153 3.268162 0.000000
1.158 3.266221 0.000000
1.163 3.264373 0.000000
1.168 3.262540 0.000000
1.173 3.260724 0.000000
1.178 3.258946 0.000000
1.183 3.257233 0.000000
1.188 3.255527 0.000000
1.193 3.253827 0.000000
1.198 3.252182 0.000000
1.203 3.250556 0.000000
1.208 3.248976 0.000000
1.213 3.247401 0.000000
1.218 3.245852 0.000000
1.223 3.244313 0.000000
1.228 3.242851 0.000000
1.233 3.241390 0.000000
1.238 3.239935 0.000000
1.243 3.238501 0.000000
1.248 3.237150 0.000000
1.253 3.235806 0.000000
1.258 3.234496 0.000000
1.263 3.233189 0.000000
1.268 3.231903 0.000000
1.273 3.230623 0.000000
1.278 3.229387 0.000000
1.283 3.228152 0.000000
1.288 3.226922 0.000000
1.293 3.225692 0.000000
1.298 3.224536 0.000000
1.303 3.223392 0.000000
1.308 3.222260 0.000000
1.313 3.221132 0.000000
1.318 3.220025 0.000000
1.323 3.218941 0.000000
1.328 3.217869 0.000000
1.333 3.216837 0.000000
1.338 3.215806 0.000000
1.343 3.214782 0.000000
1.348 3.213759 0.000000
1.353 3.212771 0.000000
1.358 3.211803 0.000000
1.363 3.210837 0.000000
1.368 3.209876 0.000000
1.373 3.208916 0.000000
1.378 3.207997 0.000000
1.383 3.207087 0.000000
1.388 3.206192 0.000000
1.393 3.205319 0.000000
1.398 3.204447 0.000000
1.403 3.203586 0.000000
1.408 3.202726 0.000000
1.413 3.201883 0.000000
1.418 3.201069 0.000000
1.423 3.200255 0.000000
1.428 3.199444 0.000000
1.433 3.198634 0.000000
1.438 3.197830 0.000000
1.443 3.197060 0.000000
1.448 3.196290 0.000000
1.453 3.195529 0.000000
1.458 3.194777 0.000000
1.463 3.194026 0.000000
1.468 3.193287 0.000000
1.473 3.192552 0.000000
1.478 3.191817 0.000000
1.483 3.191117 0.000000
1.488 3.190418 0.000000
1.493 3.189721 0.000000
1.498 3.189026 0.000000
1.503 3.188331 0.000000
1.508 3.187648 0.000000
1.513 3.187012 0.000000
1.518 3.186376 0.000000
1.523 3.185743 0.000000
1.528 3.185121 0.000000
1.533 3.184498 0.000000
1.538 3.183879 0.000000
1.543 3.183269 0.000000
1.548 3.182659 0.000000
1.553 3.182052 0.000000
1.558 3.181459 0.000000
1.563 3.180865 0.000000
1.568 3.180272 0.000000
1.573 3.179683 0.000000
1.578 3.179095 0.000000
1.583 3.178506 0.000000
1.588 3.177963 0.000000
1.593 3.177429 0.000000
1.598 3.176895 0.000000
1.603 3.176364 0.000000
1.608 3.175837 0.000000
1.613 3.175309 0.000000
1.618 3.174786 0.000000
1.623 3.174280 0.000000
1.628 3.173774 0.000000
1.633 3.173268 0.000000
1.638 3.172777 0.000000
1.643 3.172289 0.000000
1.648 3.171801 0.000000
1.653 3.171316 0.000000
1.658 3.170836 0.000000
1.663 3.170356 0.000000
1.668 3.169875 0.000000
1.673 3.169420 0.000000
1.678 3.168971 0.000000
1.683 3.168521 0.000000
1.688 3.168073 0.000000
1.693 3.167626 0.000000
1.698 3.167179 0.000000
1.703 3.166733 0.000000
1.708 3.166299 0.000000
1.713 3.165878 0.000000
1.718 3.165458 0.000000
1.723 3.165038 0.000000
1.728 3.164626 0.000000
1.733 3.164219 0.000000
1.738 3.163812 0.000000
1.743 3.163405 0.000000
1.748 3.163007 0.000000
1.753 3.162609 0.000000
1.758 3.162212 0.000000
1.763 3.161815 0.000000
1.768 3.161439 0.000000
1.773 3.161066 0.000000
1.778 3.160694 0.000000
1.783 3.160321 0.000000
1.788 3.159950 0.000000
1.793 3.159580 0.000000
1.798 3.159209 0.000000
1.803 3.158838 0.000000
1.808 3.158485 0.000000
1.813 3.158140 0.000000
1.818 3.157796 0.000000
1.823 3.157451 0.000000
1.828 3.157110 0.000000
1.833 3.156773 0.000000
1.838 3.156436 0.000000
1.843 3.156099 0.000000
1.848 3.155763 0.000000
1.853 3.155437 0.000000
1.858 3.155112 0.000000
1.863 3.154786 0.000000
1.868 3.154461 0.000000
1.873 3.154146 0.000000
1.878 3.153838 0.000000
1.883 3.153531 0.000000
1.888 3.153223 0.000000
1.893 3.152915 0.000000
1.898 3.152609 0.000000
1.903 3.152303 0.000000
1.908 3.151997 0.000000
1.913 3.151691 0.000000
1.918 3.151395 0.000000
1.923 3.151114 0.000000
1.928 3.150833 0.000000
1.933 3.150552 0.000000
1.938 3.150270 0.000000
1.943 3.149991 0.000000
1.948 3.149713 0.000000