0.253 2.190007 3.315195
0.258 2.467822 3.357660
0.263 2.796898 3.354959
0.268 3.136937 3.205867
0.273 3.366583 2.956678
0.278 3.479207 2.703438
0.283 3.521431 2.482919
0.288 3.522328 2.297715
0.293 3.498188 2.149555
0.298 3.455990 2.033536
0.303 3.405951 1.947028
0.308 3.361804 1.889573
0.313 3.318533 1.847878
0.318 3.285637 1.820937
0.323 3.258328 1.805555
0.328 3.236458 1.798920
0.333 3.223477 1.796686
0.338 3.217633 1.800684
0.343 3.213655 1.810826
0.348 3.216396 1.822154
0.353 3.224416 1.834690
0.358 3.236728 1.848798
0.363 3.253572 1.868826
0.368 3.273912 1.889322
0.373 3.300583 1.912369
0.378 3.335133 1.939830
0.383 3.379376 1.970173
0.388 3.440354 2.002149
0.393 3.520993 2.014914
0.398 3.598415 1.996573
0.403 3.642751 1.970882
0.408 3.674432 1.976398
0.413 3.725822 2.014861
0.418 3.826030 2.060350
0.423 3.979763 2.078639
0.428 4.145801 2.043286
0.433 4.306842 1.964353
0.438 4.453014 1.831437
0.443 4.552577 1.652887
0.448 4.582147 1.466660
0.453 4.559948 1.309012
0.458 4.521534 1.180894
0.463 4.470017 1.082114
0.468 4.423282 1.004386
0.473 4.377292 0.939757
0.478 4.337357 0.886124
0.483 4.297425 0.840804
0.488 4.261446 0.801290
0.493 4.227998 0.766640
0.498 4.197698 0.735850
0.503 4.171442 0.708205
0.508 4.146456 0.683167
0.513 4.121235 0.659665
0.518 4.100619 0.638094
0.523 4.080248 0.617973
0.528 4.060990 0.598966
0.533 4.042138 0.581192
0.538 4.024426 0.564587
0.543 4.009423 0.548553
0.548 3.993578 0.533379
0.553 3.977184 0.519001
0.558 3.963733 0.505249
0.563 3.950351 0.492216
0.568 3.937338 0.479645
0.573 3.924877 0.467699
0.578 3.912812 0.456363
0.583 3.901250 0.445256
0.588 3.889818 0.434852
0.593 3.878521 0.424743
0.598 3.867485 0.414908
0.603 3.857669 0.405322
0.608 3.848126 0.396475
0.613 3.840121 0.387711
0.618 3.830737 0.379211
0.623 3.820878 0.371217
0.628 3.811210 0.363269
0.633 3.803173 0.355745
0.638 3.796728 0.348528
0.643 3.788237 0.341390
0.648 3.779332 0.334456
0.653 3.770729 0.327824
0.658 3.763865 0.321304
0.663 3.757761 0.315184
0.668 3.749827 0.309253
0.673 3.741746 0.303256
0.678 3.737274 0.297827
0.683 3.730244 0.292219
0.688 3.722541 0.286722
0.693 3.716873 0.282021
0.698 3.711772 0.276893
0.703 3.704485 0.272097
0.708 3.698967 0.267498
0.713 3.693760 0.262983
0.718 3.687324 0.258651
0.723 3.681691 0.254531
0.728 3.676915 0.250471
0.733 3.670899 0.246509
0.738 3.665445 0.242929
0.743 3.660829 0.239258
0.748 3.655206 0.235736
0.753 3.651234 0.232479
0.758 3.646442 0.229413
0.763 3.640964 0.226177
0.768 3.637299 0.223263
0.773 3.631927 0.220466
0.778 3.628538 0.217693
0.783 3.624031 0.215177
0.788 3.619855 0.212714
0.793 3.616363 0.210468
0.798 3.611328 0.208202
0.803 3.608851 0.206086
0.808 3.605630 0.203498
0.813 3.602125 0.201411
0.818 3.599528 0.199734
0.823 3.597060 0.197499
0.828 3.594764 0.195039
0.833 3.592508 0.193198
0.838 3.590310 0.190932
0.843 3.588303 0.189031
0.848 3.586284 0.186701
0.853 3.584293 0.184204
0.858 3.582400 0.181896
0.863 3.580612 0.179959
0.868 3.578917 0.177697
0.873 3.577175 0.174810
0.878 3.575474 0.172335
0.883 3.573824 0.170405
0.888 3.572275 0.168053
0.893 3.570836 0.165684
0.898 3.569374 0.163554
0.903 3.567920 0.161520
0.908 3.566557 0.159350
0.913 3.565218 0.157121
0.918 3.563913 0.155348
0.923 3.562676 0.153854
0.928 3.561530 0.152320
0.933 3.560439 0.150805
0.938 3.559360 0.149410
0.943 3.558314 0.148031
0.948 3.557280 0.146433
0.953 3.556300 0.145147
0.958 3.555378 0.143649
0.963 3.554454 0.142146
0.968 3.553561 0.140427
0.973 3.552713 0.139019
0.978 3.551951 0.137820
0.983 3.551241 0.136434
0.988 3.550578 0.134948
0.993 3.549996 0.133426
0.998 3.549496 0.131976
1.003 3.549033 0.130509
1.008 3.548655 0.129014
1.013 3.548349 0.127537
1.018 3.548074 0.126010
1.023 3.547851 0.124392
1.028 3.547676 0.122735
1.033 3.547528 0.121112
1.038 3.547395 0.119485
1.043 3.547260 0.117774
1.048 3.547130 0.116005
1.053 3.546991 0.114169
1.058 3.546800 0.112218
1.063 3.546531 0.110103
1.068 3.546218 0.107916
1.073 3.545876 0.105805
1.078 3.545370 0.103665
1.083 3.544735 0.101464
1.088 3.544095 0.099206
1.093 3.543427 0.096958
1.098 3.542602 0.094798
1.103 3.541740 0.092706
1.108 3.540896 0.090630
1.113 3.540092 0.088519
1.118 3.539312 0.086461
1.123 3.538588 0.084382
1.128 3.537965 0.082292
1.133 3.537510 0.080166
1.138 3.537321 0.078148
1.143 3.537533 0.075954
1.148 3.538034 0.073725
1.153 3.538835 0.071408
1.158 3.540354 0.068842
1.163 3.542588 0.065913
1.168 3.545185 0.062704
1.173 3.547745 0.059212
1.178 3.549659 0.055289
1.183 3.550296 0.048390
1.188 3.549602 0.040280
1.193 3.548505 0.030347
1.198 3.544945 0.021005
1.203 3.539965 0.013521
1.208 3.533807 0.008253
1.213 3.527147 0.005532
1.218 3.520309 0.003582
1.223 3.513335 0.002246
1.228 3.506370 0.001486
1.233 3.500118 0.000984
1.238 3.494331 0.000646
1.243 3.488971 0.000444
1.248 3.483953 0.000298
1.253 3.479200 0.000191
1.258 3.474974 0.000132
1.263 3.470915 0.000090
1.268 3.466990 0.000060
1.273 3.463490 0.000042
1.278 3.460104 0.000029
1.283 3.456832 0.000019
1.288 3.453757 0.000014
1.293 3.450744 0.000009
1.298 3.447830 0.000006
1.303 3.444957 0.000004
1.308 3.442106 0.000003
1.313 3.439394 0.000002
1.318 3.436698 0.000001
1.323 3.434035 0.000001
1.328 3.431441 0.000001
1.333 3.428887 0.000000
1.338 3.426408 0.000000
1.343 3.423946 0.000000
1.348 3.421534 0.000000
1.353 3.419165 0.000000
1.358 3.416855 0.000000
1.363 3.414572 0.000000
1.368 3.412303 0.000000
1.373 3.410106 0.000000
1.378 3.407924 0.000000
1.383 3.405795 0.000000
1.388 3.403674 0.000000
1.393 3.401603 0.000000
1.398 3.399549 0.000000
1.403 3.397550 0.000000
1.408 3.395564 0.000000
1.413 3.393600 0.000000
1.418 3.391667 0.000000
1.423 3.389781 0.000000
1.428 3.387912 0.000000
1.433 3.386066 0.000000
1.438 3.384244 0.000000
1.443 3.382456 0.000000
1.448 3.380693 0.000000
1.453 3.378966 0.000000
1.458 3.377251 0.000000
1.463 3.375558 0.000000
1.468 3.373881 0.000000
1.473 3.372247 0.000000
1.478 3.370619 0.000000
1.483 3.369018 0.000000
1.488 3.367418 0.000000
1.493 3.365866 0.000000
1.498 3.364314 0.000000
1.503 3.362798 0.000000
1.508 3.361287 0.000000
1.513 3.359799 0.000000
1.518 3.358322 0.000000
1.523 3.356868 0.000000
1.528 3.355442 0.000000
1.533 3.354021 0.000000
1.538 3.352623 0.000000
1.543 3.351226 0.000000
1.548 3.349877 0.000000
1.553 3.348534 0.000000
1.558 3.347211 0.000000
1.563 3.345904 0.000000
1.568 3.344603 0.000000
1.573 3.343327 0.000000
1.578 3.342051 0.000000
1.583 3.340804 0.000000
1.588 3.339566 0.000000
1.593 3.338336 0.000000
1.598 3.337124 0.000000
1.603 3.335911 0.000000
1.608 3.334738 0.000000
1.613 3.333573 0.000000
1.618 3.332415 0.000000
1.623 3.331277 0.000000
1.628 3.330138 0.000000
1.633 3.329024 0.000000
1.638 3.327919 0.000000
1.643 3.326819 0.000000
1.648 3.325750 0.000000
1.653 3.324681 0.000000
1.658 3.323624 0.000000
1.663 3.322579 0.000000
1.668 3.321534 0.000000
1.673 3.320518 0.000000
1.678 3.319509 0.000000
1.683 3.318501 0.000000
1.688 3.317514 0.000000
1.693 3.316526 0.000000
1.698 3.315548 0.000000
1.703 3.314594 0.000000
1.708 3.313641 0.000000
1.713 3.312701 0.000000
1.718 3.311777 0.000000
1.723 3.310853 0.000000
1.728 3.309942 0.000000
1.733 3.309041 0.000000
1.738 3.308139 0.000000
1.743 3.307259 0.000000
1.748 3.306389 0.000000
1.753 3.305519 0.000000
1.758 3.304662 0.000000
1.763 3.303811 0.000000
1.768 3.302959 0.000000
1.773 3.302127 0.000000
1.778 3.301304 0.000000
1.783 3.300482 0.000000
1.788 3.299672 0.000000
1.793 3.298872 0.000000
1.798 3.298071 0.000000
1.803 3.297281 0.000000
1.808 3.296502 0.000000
1.813 3.295722 0.000000
1.818 3.294952 0.000000
1.823 3.294200 0.000000
1.828 3.293447 0.000000
1.833 3.292696 0.000000
1.838 3.291960 0.000000
1.843 3.291225 0.000000
1.848 3.290489 0.000000
1.853 3.289778 0.000000
1.858 3.289075 0.000000
1.863 3.288372 0.000000
1.868 3.287677 0.000000
1.873 3.286992 0.000000
1.878 3.286308 0.000000
1.883 3.285624 0.000000
1.888 3.284958 0.000000
1.893 3.284292 0.000000
1.898 3.283627 0.000000
1.903 3.282971 0.000000
1.908 3.282324 0.000000
1.913 3.281678 0.000000
1.918 3.281031 0.000000
1.923 3.280399 0.000000
1.928 3.279768 0.000000
1.933 3.279136 0.000000
1.938 3.278516 0.000000
1.943 3.277914 0.000000
1.948 3.277313 0.000000