0.253 2.503431 3.468766
0.258 2.872270 3.463400
0.263 3.339011 3.321492
0.268 3.676291 2.921268
0.273 3.740820 2.501906
0.278 3.673090 2.211334
0.283 3.579559 2.022455
0.288 3.487429 1.897498
0.293 3.404061 1.817663
0.298 3.333720 1.767938
0.303 3.277579 1.739800
0.308 3.234853 1.725975
0.313 3.203259 1.721633
0.318 3.181163 1.724237
0.323 3.166710 1.731249
0.328 3.158217 1.743795
0.333 3.156797 1.759867
0.338 3.160516 1.780501
0.343 3.170696 1.804834
0.348 3.187026 1.832855
0.353 3.211766 1.865345
0.358 3.244236 1.901269
0.363 3.290926 1.940617
0.368 3.351593 1.973609
0.373 3.411245 2.000756
0.378 3.475085 2.045025
0.383 3.578058 2.105355
0.388 3.736266 2.139983
0.393 3.911022 2.120246
0.398 4.083173 2.065759
0.403 4.263822 1.965045
0.408 4.418036 1.792672
0.413 4.496683 1.578740
0.418 4.498334 1.379684
0.423 4.459416 1.221715
0.428 4.406401 1.100665
0.433 4.353386 1.006247
0.438 4.301759 0.929871
0.443 4.253707 0.866802
0.448 4.208760 0.814153
0.453 4.167591 0.769143
0.458 4.129852 0.730300
0.463 4.095585 0.696061
0.468 4.063786 0.665591
0.473 4.034788 0.637812
0.478 4.006881 0.612615
0.483 3.981754 0.589354
0.488 3.957359 0.567896
0.493 3.934687 0.548128
0.498 3.913249 0.529748
0.503 3.892616 0.512623
0.508 3.873176 0.496700
0.513 3.854838 0.481884
0.518 3.837119 0.468076
0.523 3.820015 0.455177
0.528 3.804034 0.443036
0.533 3.788966 0.431723
0.538 3.774400 0.421061
0.543 3.760577 0.410989
0.548 3.747120 0.401528
0.553 3.734538 0.392615
0.558 3.722464 0.384170
0.563 3.710535 0.376179
0.568 3.699534 0.368603
0.573 3.689021 0.361433
0.578 3.678815 0.354568
0.583 3.668800 0.348048
0.588 3.659448 0.341773
0.593 3.650505 0.335829
0.598 3.641842 0.330130
0.603 3.633450 0.324619
0.608 3.625446 0.319385
0.613 3.617790 0.314230
0.618 3.610482 0.309468
0.623 3.603664 0.304710
0.628 3.597118 0.300205
0.633 3.590681 0.295817
0.638 3.584514 0.291604
0.643 3.578374 0.287496
0.648 3.572408 0.283549
0.653 3.566703 0.279768
0.658 3.561255 0.276060
0.663 3.556728 0.272472
0.668 3.551683 0.269014
0.673 3.546741 0.265578
0.678 3.541827 0.262329
0.683 3.537943 0.259124
0.688 3.533766 0.256061
0.693 3.529456 0.253038
0.698 3.525689 0.250127
0.703 3.522296 0.247283
0.708 3.518694 0.244319
0.713 3.515508 0.241693
0.718 3.512574 0.238877
0.723 3.509749 0.236069
0.728 3.507028 0.233381
0.733 3.504468 0.230722
0.738 3.501977 0.227921
0.743 3.499701 0.225135
0.748 3.497522 0.222509
0.753 3.495441 0.219718
0.758 3.493389 0.216839
0.763 3.491425 0.214257
0.768 3.489589 0.211525
0.773 3.487892 0.208847
0.778 3.486260 0.206239
0.783 3.484734 0.203577
0.788 3.483258 0.201027
0.793 3.481855 0.198633
0.798 3.480599 0.196222
0.803 3.479470 0.193851
0.808 3.478387 0.191462
0.813 3.477353 0.189094
0.818 3.476416 0.186694
0.823 3.475617 0.184249
0.828 3.474888 0.181818
0.833 3.474334 0.179466
0.838 3.473856 0.177030
0.843 3.473590 0.174508
0.848 3.473434 0.171987
0.853 3.473503 0.169331
0.858 3.473757 0.166584
0.863 3.474092 0.163698
0.868 3.474613 0.160480
0.873 3.475170 0.157196
0.878 3.475751 0.153500
0.883 3.476348 0.149528
0.888 3.476837 0.145312
0.893 3.477075 0.140560
0.898 3.477226 0.135720
0.903 3.476865 0.130700
0.908 3.476090 0.125493
0.913 3.475218 0.120296
0.918 3.473624 0.115329
0.923 3.471908 0.110415
0.928 3.470109 0.105727
0.933 3.468117 0.101515
0.938 3.466165 0.097366
0.943 3.464511 0.093600
0.948 3.463276 0.090262
0.953 3.462292 0.086912
0.958 3.462666 0.083189
0.963 3.464460 0.078345
0.968 3.466390 0.072868
0.973 3.468374 0.066442
0.978 3.469958 0.054510
0.983 3.471549 0.036027
0.988 3.466365 0.018867
0.993 3.457950 0.009302
0.998 3.448386 0.004538
1.003 3.438395 0.002290
1.008 3.427889 0.001150
1.013 3.417311 0.000639
1.018 3.409061 0.000369
1.023 3.401779 0.000215
1.028 3.395043 0.000126
1.033 3.388783 0.000073
1.038 3.383435 0.000047
1.043 3.378220 0.000030
1.048 3.373271 0.000018
1.053 3.368847 0.000012
1.058 3.364561 0.000008
1.063 3.360462 0.000005
1.068 3.356553 0.000003
1.073 3.352896 0.000002
1.078 3.349286 0.000001
1.083 3.345790 0.000001
1.088 3.342498 0.000001
1.093 3.339240 0.000000
1.098 3.336072 0.000000
1.103 3.333032 0.000000
1.108 3.330112 0.000000
1.113 3.327234 0.000000
1.118 3.324401 0.000000
1.123 3.321746 0.000000
1.128 3.319124 0.000000
1.133 3.316517 0.000000
1.138 3.314030 0.000000
1.143 3.311592 0.000000
1.148 3.309204 0.000000
1.153 3.306856 0.000000
1.158 3.304543 0.000000
1.163 3.302342 0.000000
1.168 3.300157 0.000000
1.173 3.297984 0.000000
1.178 3.295888 0.000000
1.183 3.293856 0.000000
1.188 3.291846 0.000000
1.193 3.289849 0.000000
1.198 3.287932 0.000000
1.203 3.286048 0.000000
1.208 3.284228 0.000000
1.213 3.282421 0.000000
1.218 3.280624 0.000000
1.223 3.278895 0.000000
1.228 3.277193 0.000000
1.233 3.275505 0.000000
1.238 3.273819 0.000000
1.243 3.272203 0.000000
1.248 3.270592 0.000000
1.253 3.269025 0.000000
1.258 3.267462 0.000000
1.263 3.265923 0.000000
1.268 3.264401 0.000000
1.273 3.262942 0.000000
1.278 3.261485 0.000000
1.283 3.260037 0.000000
1.288 3.258609 0.000000
1.293 3.257255 0.000000
1.298 3.255907 0.000000
1.303 3.254593 0.000000
1.308 3.253281 0.000000
1.313 3.251993 0.000000
1.318 3.250706 0.000000
1.323 3.249463 0.000000
1.328 3.248224 0.000000
1.333 3.246992 0.000000
1.338 3.245762 0.000000
1.343 3.244578 0.000000
1.348 3.243426 0.000000
1.353 3.242282 0.000000
1.358 3.241149 0.000000
1.363 3.240020 0.000000
1.368 3.238928 0.000000
1.373 3.237837 0.000000
1.378 3.236784 0.000000
1.383 3.235742 0.000000
1.388 3.234706 0.000000
1.393 3.233676 0.000000
1.398 3.232649 0.000000
1.403 3.231670 0.000000
1.408 3.230692 0.000000
1.413 3.229720 0.000000
1.418 3.228751 0.000000
1.423 3.227790 0.000000
1.428 3.226869 0.000000
1.433 3.225948 0.000000
1.438 3.225050 0.000000
1.443 3.224165 0.000000
1.448 3.223282 0.000000
1.453 3.222412 0.000000
1.458 3.221542 0.000000
1.463 3.220693 0.000000
1.468 3.219866 0.000000
1.473 3.219039 0.000000
1.478 3.218218 0.000000
1.483 3.217398 0.000000
1.488 3.216583 0.000000
1.493 3.215801 0.000000
1.498 3.215019 0.000000
1.503 3.214245 0.000000
1.508 3.213482 0.000000
1.513 3.212720 0.000000
1.518 3.211967 0.000000
1.523 3.211223 0.000000
1.528 3.210478 0.000000
1.533 3.209758 0.000000
1.538 3.209048 0.000000
1.543 3.208338 0.000000
1.548 3.207633 0.000000
1.553 3.206929 0.000000
1.558 3.206224 0.000000
1.563 3.205567 0.000000
1.568 3.204916 0.000000
1.573 3.204266 0.000000
1.578 3.203628 0.000000
1.583 3.202992 0.000000
1.588 3.202357 0.000000
1.593 3.201732 0.000000
1.598 3.201110 0.000000
1.603 3.200488 0.000000
1.608 3.199877 0.000000
1.613 3.199272 0.000000
1.618 3.198667 0.000000
1.623 3.198066 0.000000
1.628 3.197468 0.000000
1.633 3.196870 0.000000
1.638 3.196280 0.000000
1.643 3.195732 0.000000
1.648 3.195184 0.000000
1.653 3.194636 0.000000
1.658 3.194094 0.000000
1.663 3.193554 0.000000
1.668 3.193014 0.000000
1.673 3.192483 0.000000
1.678 3.191964 0.000000
1.683 3.191446 0.000000
1.688 3.190928 0.000000
1.693 3.190426 0.000000
1.698 3.189926 0.000000
1.703 3.189425 0.000000
1.708 3.188929 0.000000
1.713 3.188437 0.000000
1.718 3.187946 0.000000
1.723 3.187454 0.000000
1.728 3.186986 0.000000
1.733 3.186524 0.000000
1.738 3.186061 0.000000
1.743 3.185599 0.000000
1.748 3.185142 0.000000
1.753 3.184684 0.000000
1.758 3.184227 0.000000
1.763 3.183777 0.000000
1.768 3.183344 0.000000
1.773 3.182912 0.000000
1.778 3.182479 0.000000
1.783 3.182053 0.000000
1.788 3.181634 0.000000
1.793 3.181215 0.000000
1.798 3.180797 0.000000
1.803 3.180383 0.000000
1.808 3.179975 0.000000
1.813 3.179567 0.000000
1.818 3.179159 0.000000
1.823 3.178762 0.000000
1.828 3.178377 0.000000
1.833 3.177992 0.000000
1.838 3.177607 0.000000
1.843 3.177224 0.000000
1.848 3.176843 0.000000
1.853 3.176462 0.000000
1.858 3.176081 0.000000
1.863 3.175703 0.000000
1.868 3.175346 0.000000
1.873 3.174990 0.000000
1.878 3.174634 0.000000
1.883 3.174277 0.000000
1.888 3.173928 0.000000
1.893 3.173580 0.000000
1.898 3.173232 0.000000
1.903 3.172884 0.000000
1.908 3.172541 0.000000
1.913 3.172205 0.000000
1.918 3.171869 0.000000
1.923 3.171533 0.000000
1.928 3.171197 0.000000
1.933 3.170875 0.000000
1.938 3.170556 0.000000
1.943 3.170237 0.000000
1.948 3.169918 0.000000