0.253 1.902876 3.187682
0.254 1.949017 3.208389
0.255 1.988079 3.225249
0.256 2.025784 3.239111
0.257 2.067771 3.252911
0.258 2.110763 3.266720
0.259 2.153836 3.280512
0.260 2.196621 3.294186
0.261 2.246091 3.307571
0.262 2.290441 3.320053
0.263 2.339298 3.325444
0.264 2.389596 3.334522
0.265 2.440822 3.334392
0.266 2.498539 3.337463
0.267 2.550966 3.334286
0.268 2.601298 3.328475
0.269 2.657061 3.321575
0.270 2.708352 3.309794
0.271 2.762252 3.296141
0.272 2.811883 3.280871
0.273 2.863309 3.261894
0.274 2.910399 3.239318
0.275 2.959861 3.216401
0.276 3.004300 3.193426
0.277 3.045650 3.164463
0.278 3.085923 3.135554
0.279 3.125468 3.103641
0.280 3.164283 3.074989
0.281 3.200373 3.042275
0.282 3.232784 3.003643
0.283 3.261615 2.968827
0.284 3.291433 2.935639
0.285 3.316748 2.897898
0.286 3.340178 2.860008
0.287 3.363459 2.824780
0.288 3.382154 2.788952
0.289 3.400392 2.751440
0.290 3.417097 2.715779
0.291 3.431884 2.681756
0.292 3.442651 2.643735
0.293 3.452922 2.608453
0.294 3.463138 2.573348
0.295 3.469045 2.539736
0.296 3.474457 2.508526
0.297 3.477578 2.476831
0.298 3.480244 2.446215
0.299 3.486034 2.415518
0.300 3.485619 2.384841
0.301 3.483849 2.357092
0.302 3.481945 2.331104
0.303 3.480090 2.305303
0.304 3.478289 2.279686
0.305 3.476490 2.259293
0.306 3.468908 2.237124
0.307 3.464748 2.216127
0.308 3.457518 2.195609
0.309 3.453170 2.173547
0.310 3.447113 2.154415
0.311 3.441862 2.137435
0.312 3.437308 2.121720
0.313 3.430840 2.104282
0.314 3.421821 2.090509
0.315 3.416250 2.078139
0.316 3.410085 2.065937
0.317 3.406094 2.053823
0.318 3.399670 2.041794
0.319 3.391555 2.029829
0.320 3.386263 2.017935
0.321 3.379289 2.006107
0.322 3.371930 1.998478
0.323 3.366337 1.990581
0.324 3.358691 1.981708
0.325 3.356115 1.975550
0.326 3.349575 1.965687
0.327 3.344775 1.960377
0.328 3.337633 1.953833
0.329 3.334980 1.947368
0.330 3.328319 1.943401
0.331 3.325461 1.936656
0.332 3.320337 1.934233
0.333 3.316331 1.928649
0.334 3.313267 1.926102
0.335 3.307313 1.922660
0.336 3.304880 1.918103
0.337 3.298442 1.916887
0.338 3.295718 1.915258
0.339 3.294417 1.909745
0.340 3.289760 1.908417
0.341 3.286306 1.908109
0.342 3.284421 1.908183
0.343 3.284044 1.908268
0.344 3.283680 1.908358
0.345 3.277971 1.903095
0.346 3.274939 1.900502
0.347 3.273981 1.899973
0.348 3.273647 1.900061
0.349 3.273360 1.900193
0.350 3.273090 1.900334
0.351 3.272834 1.900484
0.352 3.272592 1.900641
0.353 3.272361 1.900803
0.354 3.272139 1.900972
0.355 3.271935 1.901151
0.356 3.271747 1.901342
0.357 3.271567 1.904218
0.358 3.271396 1.908380
0.359 3.271236 1.910565
0.360 3.271090 1.910897
0.361 3.270957 1.911122
0.362 3.270831 1.911353
0.363 3.273685 1.911592
0.364 3.277837 1.911862
0.365 3.279140 1.916949
0.366 3.279187 1.919657
0.367 3.280530 1.921320
0.368 3.285495 1.921652
0.369 3.287262 1.921940
0.370 3.287674 1.922399
0.371 3.287862 1.927018
0.372 3.293051 1.930472
0.373 3.295505 1.931756
0.374 3.297926 1.932230
0.375 3.302985 1.934690
0.376 3.304493 1.939647
0.377 3.308851 1.941543
0.378 3.312267 1.942327
0.379 3.314181 1.942964
0.380 3.319268 1.948206
0.381 3.321961 1.951190
0.382 3.324431 1.952430
0.383 3.329293 1.955282
0.384 3.334139 1.959942
0.385 3.338994 1.961914
0.386 3.340618 1.962994
0.387 3.345642 1.967820
0.388 3.349036 1.970839
0.389 3.355612 1.972772
0.390 3.358752 1.974172
0.391 3.364859 1.979470
0.392 3.369138 1.982137
0.393 3.374469 1.985536
0.394 3.379569 1.990321
0.395 3.387502 1.992495
0.396 3.393229 1.996930
0.397 3.399258 2.001000
0.398 3.403203 2.003295
0.399 3.409688 2.008730
0.400 3.417800 2.011981
0.401 3.427378 2.019210
0.402 3.431837 2.021514
0.403 3.438912 2.023848
0.404 3.447733 2.029492
0.405 3.455762 2.033622
0.406 3.460601 2.039651
0.407 3.468514 2.043821
0.408 3.477198 2.049746
0.409 3.486768 2.054302
0.410 3.499092 2.059593
0.411 3.512341 2.065047
0.412 3.523595 2.069697
0.413 3.533662 2.075431
0.414 3.546843 2.079841
0.415 3.559743 2.085485
0.416 3.574723 2.089871
0.417 3.591846 2.095626
0.418 3.605627 2.099312
0.419 3.621169 2.101409
0.420 3.638192 2.102378
0.421 3.656426 2.103000
0.422 3.674788 2.103595
0.423 3.693793 2.099681
0.424 3.716406 2.097378
0.425 3.736949 2.091655
0.426 3.756430 2.084687
0.427 3.774532 2.076787
0.428 3.788466 2.067889
0.429 3.804250 2.055087
0.430 3.816235 2.045314
0.431 3.831206 2.035384
0.432 3.843155 2.022661
0.433 3.852929 2.011683
0.434 3.858586 1.998384
0.435 3.865124 1.987942
0.436 3.868699 1.978156
0.437 3.870765 1.965550
0.438 3.876360 1.956422
0.439 3.879818 1.951181
0.440 3.882211 1.945362
0.441 3.883276 1.939605
0.442 3.884257 1.936339
0.443 3.885263 1.935362
0.444 3.886315 1.935941
0.445 3.887435 1.936824
0.446 3.888623 1.937743
0.447 3.893289 1.942112
0.448 3.898020 1.946497
0.449 3.904010 1.952049
0.450 3.911981 1.959470
0.451 3.918747 1.968148
0.452 3.927187 1.977280
0.453 3.939199 1.984182
0.454 3.952070 1.989366
0.455 3.968861 1.996998
0.456 3.986307 2.005077
0.457 4.004546 2.013841
0.458 4.023751 2.022691
0.459 4.047677 2.030716
0.460 4.073060 2.035255
0.461 4.099454 2.040728
0.462 4.126116 2.044219
0.463 4.156797 2.045583
0.464 4.189223 2.043046
0.465 4.222232 2.037695
0.466 4.255267 2.030584
0.467 4.288197 2.022851
0.468 4.321008 2.011426
0.469 4.353715 1.997502
0.470 4.385076 1.981301
0.471 4.413437 1.961382
0.472 4.443422 1.939469
0.473 4.472841 1.916986
0.474 4.499953 1.892517
0.475 4.525215 1.864461
0.476 4.547457 1.834066
0.477 4.567015 1.803041
0.478 4.586019 1.771452
0.479 4.603674 1.739342
0.480 4.618169 1.706682
0.481 4.631504 1.673565
0.482 4.645726 1.640191
0.483 4.650433 1.606664
0.484 4.656931 1.573093
0.485 4.661301 1.539780
0.486 4.662691 1.508718
0.487 4.662742 1.479803
0.488 4.661732 1.449361
0.489 4.657611 1.421248
0.490 4.653645 1.395372
0.491 4.649391 1.369856
0.492 4.642236 1.344463
0.493 4.634574 1.319274
0.494 4.627600 1.294422
0.495 4.624330 1.270267
0.496 4.618755 1.249794
0.497 4.610893 1.228986
0.498 4.602748 1.207466
0.499 4.594607 1.189958
0.500 4.586361 1.173050
0.501 4.577128 1.156315
0.502 4.565524 1.139695
0.503 4.553844 1.123141
0.504 4.545128 1.107184
0.505 4.536992 1.092092
0.506 4.528871 1.080450
0.507 4.520765 1.067538
0.508 4.512674 1.055041
0.509 4.504598 1.042890
0.510 4.496537 1.030006
0.511 4.488492 1.018368
0.512 4.480464 1.006029
0.513 4.472455 0.994346
0.514 4.464467 0.985350
0.515 4.456497 0.976411
0.516 4.448545 0.967045
0.517 4.440612 0.957739
0.518 4.432760 0.948796
0.519 4.425402 0.940091
0.520 4.418931 0.931849
0.521 4.415924 0.923675
0.522 4.409731 0.915657
0.523 4.402181 0.908002
0.524 4.394393 0.900586
0.525 4.386625 0.893307
0.526 4.379194 0.886205
0.527 4.372510 0.879395
0.528 4.367154 0.872881
0.529 4.364153 0.866394
0.530 4.356823 0.859939
0.531 4.349373 0.853547
0.532 4.342716 0.847276
0.533 4.338097 0.841291
0.534 4.333650 0.835552
0.535 4.327836 0.829936
0.536 4.321343 0.824357
0.537 4.316549 0.818817
0.538 4.313296 0.813332
0.539 4.306694 0.807959
0.540 4.300344 0.802904
0.541 4.296171 0.797819
0.542 4.292742 0.792730
0.543 4.287871 0.787904
0.544 4.284422 0.783182
0.545 4.279024 0.778494
0.546 4.272796 0.773829
0.547 4.267809 0.769219
0.548 4.264014 0.764733
0.549 4.260217 0.760427
0.550 4.255488 0.756247
0.551 4.252697 0.751895
0.552 4.247935 0.747750
0.553 4.244072 0.743553
0.554 4.241205 0.739322
0.555 4.235513 0.735451
0.556 4.233239 0.731618
0.557 4.228750 0.727793
0.558 4.224801 0.723980
0.559 4.221602 0.720182
0.560 4.217035 0.716404
0.561 4.213642 0.712642
0.562 4.209786 0.708888
0.563 4.205971 0.705144
0.564 4.202386 0.701429
0.565 4.198517 0.697800
0.566 4.195377 0.694377
0.567 4.193272 0.690979
0.568 4.191400 0.687525
0.569 4.188491 0.683936
0.570 4.183943 0.680515
0.571 4.180680 0.677236
0.572 4.177199 0.673969
0.573 4.172335 0.670615
0.574 4.170205 0.667568
0.575 4.166226 0.664479
0.576 4.162899 0.661268
0.577 4.161865 0.657900
0.578 4.160110 0.654961
0.579 4.156198 0.651994
0.580 4.152577 0.648999
0.581 4.151425 0.645974
0.582 4.149754 0.642654
0.583 4.146268 0.639574
0.584 4.142420 0.636661
0.585 4.141024 0.633786
0.586 4.139469 0.630924
0.587 4.136321 0.628070
0.588 4.131681 0.625222
0.589 4.129423 0.622382
0.590 4.125732 0.619551
0.591 4.122188 0.616739
0.592 4.120667 0.613965
0.593 4.119102 0.611267
0.594 4.116333 0.608704
0.595 4.112193 0.606282
0.596 4.110610 0.603578
0.597 4.109053 0.600837
0.598 4.107102 0.598079
0.599 4.102947 0.595364
0.600 4.100932 0.592705
0.601 4.099866 0.590138
0.602 4.099028 0.587777
0.603 4.097667 0.585218
0.604 4.095281 0.582612
0.605 4.091092 0.580011
0.606 4.089248 0.577645
0.607 4.087791 0.575219
0.608 4.086329 0.572629
0.609 4.082381 0.570059
0.610 4.079276 0.567627
0.611 4.077978 0.565407
0.612 4.076533 0.562914
0.613 4.073975 0.560516
0.614 4.069606 0.558330
0.615 4.068645 0.555863
0.616 4.068030 0.553463
0.617 4.066981 0.551288
0.618 4.065327 0.548872
0.619 4.063002 0.546471
0.620 4.059187 0.544287
0.621 4.057843 0.541934
0.622 4.057373 0.539545
0.623 4.056147 0.537350
0.624 4.054213 0.535105
0.625 4.051775 0.532830
0.626 4.048861 0.530744
0.627 4.046653 0.528598
0.628 4.045356 0.526374
0.629 4.042694 0.524177
0.630 4.039970 0.522017
0.631 4.037795 0.519951
0.632 4.036649 0.517773
0.633 4.036041 0.515539
0.634 4.034720 0.513450
0.635 4.032544 0.511405
0.636 4.029151 0.509424
0.637 4.027413 0.507400
0.638 4.026192 0.505331
0.639 4.025325 0.503069
0.640 4.024235 0.500957
0.641 4.022922 0.498993
0.642 4.019372 0.497076
0.643 4.016081 0.495154
0.644 4.015794 0.493170
0.645 4.015051 0.491153
0.646 4.013871 0.489102
0.647 4.011895 0.486959
0.648 4.009681 0.484836
0.649 4.007008 0.482957
0.650 4.005396 0.481082
0.651 4.005124 0.479209
0.652 4.004626 0.477343
0.653 4.004035 0.475480
0.654 4.002786 0.473626
0.655 4.000948 0.471774
0.656 3.997691 0.469926
0.657 3.995685 0.468081
0.658 3.994664 0.466239
0.659 3.993665 0.464403
0.660 3.992642 0.462569
0.661 3.991181 0.460744
0.662 3.989186 0.458920
0.663 3.985946 0.457101
0.664 3.984223 0.455284
0.665 3.983854 0.453470
0.666 3.982849 0.451662
0.667 3.981631 0.449856
0.668 3.978973 0.448059
0.669 3.976441 0.446262
0.670 3.974932 0.444470
0.671 3.973863 0.442680
0.672 3.973629 0.440893
0.673 3.972986 0.439111
0.674 3.971977 0.437333
0.675 3.970683 0.435560
0.676 3.969265 0.433790
0.677 3.966496 0.432031
0.678 3.963518 0.430274
0.679 3.963065 0.428612
0.680 3.962509 0.426970
0.681 3.961346 0.425450
0.682 3.959725 0.423904
0.683 3.956902 0.422291
0.684 3.954766 0.420628
0.685 3.953682 0.418891
0.686 3.953038 0.417198
0.687 3.952825 0.415548
0.688 3.952028 0.413931
0.689 3.950845 0.412334
0.690 3.949155 0.410820
0.691 3.947238 0.409344
0.692 3.945216 0.407714
0.693 3.943162 0.406038
0.694 3.942654 0.404410
0.695 3.942452 0.402791
0.696 3.941619 0.401349
0.697 3.940707 0.399929
0.698 3.939643 0.398376
0.699 3.938568 0.396813
0.700 3.935600 0.395257
0.701 3.932570 0.393702
0.702 3.932060 0.392267
0.703 3.931573 0.390832
0.704 3.930498 0.389246
0.705 3.929419 0.387659
0.706 3.926661 0.386248
0.707 3.923903 0.384836
0.708 3.923108 0.383319
0.709 3.922332 0.381801
0.710 3.922039 0.380270
0.711 3.921763 0.378739
0.712 3.920709 0.377392
0.713 3.919600 0.376058
0.714 3.917428 0.374681
0.715 3.915120 0.373300
0.716 3.913684 0.371861
0.717 3.912429 0.370410
0.718 3.911997 0.369109
0.719 3.911826 0.367855
0.720 3.911012 0.366444
0.721 3.909892 0.364959
0.722 3.908285 0.363562
0.723 3.906329 0.362230
0.724 3.904559 0.360898
0.725 3.902994 0.359565
0.726 3.901929 0.358189
0.727 3.901767 0.356735
0.728 3.901391 0.355330
0.729 3.900286 0.354093
0.730 3.899133 0.352842
0.731 3.897434 0.351431
0.732 3.895734 0.350020
0.733 3.894024 0.348713
0.734 3.892312 0.347414
0.735 3.891171 0.346140
0.736 3.890214 0.344875
0.737 3.889203 0.343656
0.738 3.888152 0.342471
0.739 3.886584 0.341206
0.740 3.884171 0.339809
0.741 3.882146 0.338433
0.742 3.881999 0.337156
0.743 3.881852 0.335880
0.744 3.880913 0.334629
0.745 3.879932 0.333379
0.746 3.878886 0.332193
0.747 3.877815 0.331031
0.748 3.876194 0.329817
0.749 3.873944 0.328542
0.750 3.872126 0.327297
0.751 3.871989 0.326170
0.752 3.871851 0.325043
0.753 3.870855 0.323920
0.754 3.869794 0.322798
0.755 3.868635 0.321562
0.756 3.867423 0.320261
0.757 3.865974 0.319046
0.758 3.864061 0.317998
0.759 3.862181 0.316948
0.760 3.862043 0.315824
0.761 3.861905 0.314699
0.762 3.861153 0.313578
0.763 3.860121 0.312457
0.764 3.858917 0.311293
0.765 3.857380 0.310043
0.766 3.855844 0.308794
0.767 3.854346 0.307757
0.768 3.852849 0.306724
0.769 3.852132 0.305694
0.770 3.851924 0.304664
0.771 3.851549 0.303635
0.772 3.850559 0.302610
0.773 3.849569 0.301584
0.774 3.847815 0.300561
0.775 3.845879 0.299540
0.776 3.844326 0.298485
0.777 3.843369 0.297378
0.778 3.842413 0.296271
0.779 3.841931 0.295152
0.780 3.841472 0.294033
0.781 3.840817 0.292887
0.782 3.839969 0.291715
0.783 3.839064 0.290549
0.784 3.836685 0.289548
0.785 3.834306 0.288547
0.786 3.833085 0.287592
0.787 3.832790 0.286676
0.788 3.832468 0.285764
0.789 3.831701 0.284934
0.790 3.830934 0.284104
0.791 3.830223 0.283231
0.792 3.829558 0.282321
0.793 3.828869 0.281410
0.794 3.826544 0.280418
0.795 3.824220 0.279426
0.796 3.822938 0.278436
0.797 3.822837 0.277448
0.798 3.822736 0.276460
0.799 3.821834 0.275474
0.800 3.820850 0.274489
0.801 3.819776 0.273521
0.802 3.818517 0.272587
0.803 3.817258 0.271653
0.804 3.815883 0.270733
0.805 3.814466 0.269818
0.806 3.813176 0.268922
0.807 3.812818 0.268171
0.808 3.812459 0.267420
0.809 3.811873 0.266590
0.810 3.811049 0.265678
0.811 3.810226 0.264767
0.812 3.808329 0.263854
0.813 3.806235 0.262941
0.814 3.804450 0.262058
0.815 3.804066 0.261307
0.816 3.803682 0.260555
0.817 3.803071 0.259737
0.818 3.802234 0.258852
0.819 3.801396 0.257967
0.820 3.800762 0.257064
0.821 3.800178 0.256156
0.822 3.799472 0.255266
0.823 3.797419 0.254566
0.824 3.795367 0.253867
0.825 3.793972 0.253102
0.826 3.793810 0.252212
0.827 3.793649 0.251323
0.828 3.793057 0.250570
0.829 3.792171 0.249909
0.830 3.791284 0.249248
0.831 3.789746 0.248486
0.832 3.788065 0.247703
0.833 3.786415 0.246919
0.834 3.785669 0.246129
0.835 3.784923 0.245340
0.836 3.784178 0.244562
0.837 3.783435 0.243823
0.838 3.782692 0.243083
0.839 3.782035 0.242330
0.840 3.781511 0.241556
0.841 3.780987 0.240781
0.842 3.779645 0.240068
0.843 3.777623 0.239404
0.844 3.775601 0.238741
0.845 3.774829 0.238082
0.846 3.774650 0.237425
0.847 3.774470 0.236768
0.848 3.773763 0.236053
0.849 3.772916 0.235323
0.850 3.772070 0.234593
0.851 3.770514 0.234029
0.852 3.768867 0.233487
0.853 3.767219 0.232945
0.854 3.766561 0.232194
0.855 3.765945 0.231434
0.856 3.765326 0.230676
0.857 3.764456 0.230052
0.858 3.763587 0.229427
0.859 3.762732 0.228803
0.860 3.762183 0.228173
0.861 3.761633 0.227543
0.862 3.761017 0.226915
0.863 3.759311 0.226307
0.864 3.757606 0.225699
0.865 3.755981 0.225092
0.866 3.755913 0.224504
0.867 3.755844 0.223917
0.868 3.755762 0.223330
0.869 3.754959 0.222796
0.870 3.754156 0.222262
0.871 3.753354 0.221728
0.872 3.752924 0.221068
0.873 3.752507 0.220405
0.874 3.752089 0.219741
0.875 3.750421 0.219250
0.876 3.748607 0.218780
0.877 3.746793 0.218309
0.878 3.746118 0.217814
0.879 3.745725 0.217312
0.880 3.745332 0.216810
0.881 3.744765 0.216292
0.882 3.744120 0.215767
0.883 3.743474 0.215242
0.884 3.742133 0.214648
0.885 3.740215 0.213998
0.886 3.738297 0.213348
0.887 3.737096 0.212770
0.888 3.737035 0.212307
0.889 3.736975 0.211844
0.890 3.736755 0.211381
0.891 3.735905 0.210920
0.892 3.735055 0.210459
0.893 3.734204 0.209997
0.894 3.732917 0.209538
0.895 3.731627 0.209078
0.896 3.730338 0.208619
0.897 3.729469 0.208161
0.898 3.728728 0.207703
0.899 3.727987 0.207246
0.900 3.727544 0.206789
0.901 3.727384 0.206333
0.902 3.727225 0.205878
0.903 3.726923 0.205422
0.904 3.726162 0.204968
0.905 3.725400 0.204513
0.906 3.724639 0.204059
0.907 3.723205 0.203625
0.908 3.721725 0.203192
0.909 3.720244 0.202759
0.910 3.719396 0.202354
0.911 3.718954 0.201967
0.912 3.718512 0.201580
0.913 3.718093 0.201218
0.914 3.717741 0.200926
0.915 3.717389 0.200634
0.916 3.717036 0.200342
0.917 3.716460 0.199930
0.918 3.715856 0.199502
0.919 3.715251 0.199074
0.920 3.714089 0.198674
0.921 3.712337 0.198305
0.922 3.710584 0.197936
0.923 3.708937 0.197570
0.924 3.708889 0.197242
0.925 3.708841 0.196915
0.926 3.708793 0.196587
0.927 3.708399 0.196262
0.928 3.707786 0.195938
0.929 3.707173 0.195613
0.930 3.706590 0.195278
0.931 3.706197 0.194873
0.932 3.705804 0.194468
0.933 3.705411 0.194063
0.934 3.704241 0.193781
0.935 3.702619 0.193572
0.936 3.700998 0.193362
0.937 3.699539 0.193131
0.938 3.699495 0.192717
0.939 3.699450 0.192303
0.940 3.699406 0.191889
0.941 3.699205 0.191542
0.942 3.698873 0.191250
0.943 3.698542 0.190959
0.944 3.698211 0.190667
0.945 3.697744 0.190239
0.946 3.697272 0.189806
0.947 3.696801 0.189373
0.948 3.696142 0.188956
0.949 3.695144 0.188568
0.950 3.694145 0.188180
0.951 3.693147 0.187791
0.952 3.692532 0.187497
0.953 3.692068 0.187240
0.954 3.691604 0.186984
0.955 3.691142 0.186732
0.956 3.690728 0.186579
0.957 3.690314 0.186426
0.958 3.689900 0.186274
0.959 3.689487 0.186099
0.960 3.689076 0.185886
0.961 3.688665 0.185673
0.962 3.688254 0.185460
0.963 3.687852 0.185161
0.964 3.687454 0.184813
0.965 3.687057 0.184464
0.966 3.686659 0.184115
0.967 3.686277 0.183777
0.968 3.685897 0.183441
0.969 3.685517 0.183104
0.970 3.685141 0.182758
0.971 3.684797 0.182325
0.972 3.684452 0.181893
0.973 3.684108 0.181460
0.974 3.683761 0.181057
0.975 3.683408 0.180728
0.976 3.683055 0.180400
0.977 3.682702 0.180071
0.978 3.682349 0.179783
0.979 3.681998 0.179545
0.980 3.681646 0.179306
0.981 3.681295 0.179068
0.982 3.680949 0.178802
0.983 3.680608 0.178515
0.984 3.680266 0.178229
0.985 3.679924 0.177942
0.986 3.679591 0.177635
0.987 3.679261 0.177317
0.988 3.678931 0.176999
0.989 3.678601 0.176681
0.990 3.678280 0.176364
0.991 3.677962 0.176048
0.992 3.677644 0.175732
0.993 3.677326 0.175415
0.994 3.677022 0.175131
0.995 3.676721 0.174857
0.996 3.676421 0.174582
0.997 3.676121 0.174307
0.998 3.675823 0.174013
0.999 3.675525 0.173714
1.000 3.675228 0.173415
1.001 3.674931 0.173115
1.002 3.674614 0.172709
1.003 3.674291 0.172266
1.004 3.673969 0.171824
1.005 3.673646 0.171381
1.006 3.673332 0.170979
1.007 3.673021 0.170595
1.008 3.672711 0.170210
1.009 3.672400 0.169826
1.010 3.672091 0.169423
1.011 3.671784 0.169006
1.012 3.671476 0.168590
1.013 3.671168 0.168174
1.014 3.670863 0.167794
1.015 3.670559 0.167456
1.016 3.670255 0.167118
1.017 3.669951 0.166781
1.018 3.669656 0.166452
1.019 3.669381 0.166144
1.020 3.669106 0.165835
1.021 3.668831 0.165527
1.022 3.668556 0.165226
1.023 3.668281 0.164982
1.024 3.668007 0.164739
1.025 3.667732 0.164496
1.026 3.667457 0.164253
1.027 3.667196 0.163906
1.028 3.666936 0.163545
1.029 3.666677 0.163184
1.030 3.666417 0.162822
1.031 3.666156 0.162417
1.032 3.665894 0.161984
1.033 3.665631 0.161550
1.034 3.665369 0.161117
1.035 3.665103 0.160660
1.036 3.664827 0.160150
1.037 3.664552 0.159639
1.038 3.664277 0.159129
1.039 3.664002 0.158618
1.040 3.663733 0.158152
1.041 3.663463 0.157687
1.042 3.663194 0.157222
1.043 3.662925 0.156757
1.044 3.662658 0.156372
1.045 3.662393 0.156044
1.046 3.662128 0.155715
1.047 3.661864 0.155386
1.048 3.661599 0.155067
1.049 3.661339 0.154794
1.050 3.661078 0.154521
1.051 3.660818 0.154248
1.052 3.660557 0.153975
1.053 3.660306 0.153658
1.054 3.660059 0.153324
1.055 3.659812 0.152990
1.056 3.659564 0.152656
1.057 3.659319 0.152309
1.058 3.659081 0.151918
1.059 3.658843 0.151528
1.060 3.658605 0.151137
1.061 3.658368 0.150747
1.062 3.658139 0.150372
1.063 3.657913 0.150005
1.064 3.657688 0.149637
1.065 3.657463 0.149269
1.066 3.657238 0.148901
1.067 3.657014 0.148534
1.068 3.656789 0.148166
1.069 3.656565 0.147799
1.070 3.656341 0.147431
1.071 3.656107 0.147087
1.072 3.655865 0.146763
1.073 3.655624 0.146438
1.074 3.655382 0.146114
1.075 3.655141 0.145789
1.076 3.654909 0.145518
1.077 3.654678 0.145252
1.078 3.654447 0.144986
1.079 3.654216 0.144721
1.080 3.653984 0.144440
1.081 3.653746 0.144105
1.082 3.653508 0.143771
1.083 3.653270 0.143436
1.084 3.653032 0.143101
1.085 3.652800 0.142772
1.086 3.652575 0.142449
1.087 3.652350 0.142125
1.088 3.652124 0.141802
1.089 3.651899 0.141479
1.090 3.651685 0.141141
1.091 3.651476 0.140798
1.092 3.651266 0.140455
1.093 3.651057 0.140112
1.094 3.650848 0.139768
1.095 3.650630 0.139463
1.096 3.650411 0.139161
1.097 3.650192 0.138859
1.098 3.649974 0.138557
1.099 3.649755 0.138259
1.100 3.649539 0.138012
1.101 3.649323 0.137766
1.102 3.649107 0.137519
1.103 3.648891 0.137272
1.104 3.648677 0.137040
1.105 3.648477 0.136876
1.106 3.648277 0.136713
1.107 3.648077 0.136550
1.108 3.647877 0.136387
1.109 3.647678 0.136223
1.110 3.647483 0.136054
1.111 3.647289 0.135885
1.112 3.647094 0.135716
1.113 3.646899 0.135547
1.114 3.646707 0.135376
1.115 3.646521 0.135202
1.116 3.646335 0.135027
1.117 3.646149 0.134852
1.118 3.645964 0.134678
1.119 3.645778 0.134502
1.120 3.645592 0.134321
1.121 3.645407 0.134141
1.122 3.645221 0.133960
1.123 3.645036 0.133780
1.124 3.644852 0.133604
1.125 3.644674 0.133455
1.126 3.644497 0.133307
1.127 3.644320 0.133159
1.128 3.644143 0.133011
1.129 3.643965 0.132863
1.130 3.643777 0.132733
1.131 3.643588 0.132603
1.132 3.643399 0.132474
1.133 3.643210 0.132344
1.134 3.643021 0.132214
1.135 3.642842 0.132061
1.136 3.642663 0.131904
1.137 3.642485 0.131748
1.138 3.642306 0.131591
1.139 3.642128 0.131434
1.140 3.641949 0.131273
1.141 3.641771 0.131109
1.142 3.641592 0.130946
1.143 3.641413 0.130782
1.144 3.641234 0.130618
1.145 3.641058 0.130450
1.146 3.640886 0.130275
1.147 3.640713 0.130099
1.148 3.640541 0.129924
1.149 3.640369 0.129748
1.150 3.640197 0.129576
1.151 3.640020 0.129455
1.152 3.639843 0.129333
1.153 3.639666 0.129212
1.154 3.639489 0.129090
1.155 3.639311 0.128969
1.156 3.639145 0.128838
1.157 3.638983 0.128702
1.158 3.638822 0.128567
1.159 3.638660 0.128432
1.160 3.638498 0.128297
1.161 3.638336 0.128148
1.162 3.638171 0.127965
1.163 3.638006 0.127783
1.164 3.637841 0.127600
1.165 3.637677 0.127417
1.166 3.637512 0.127235
1.167 3.637340 0.127054
1.168 3.637167 0.126873
1.169 3.636995 0.126692
1.170 3.636822 0.126511
1.171 3.636649 0.126330
1.172 3.636477 0.126147
1.173 3.636306 0.125961
1.174 3.636136 0.125775
1.175 3.635965 0.125588
1.176 3.635795 0.125402
1.177 3.635624 0.125215
1.178 3.635458 0.125026
1.179 3.635292 0.124835
1.180 3.635127 0.124644
1.181 3.634961 0.124453
1.182 3.634795 0.124262
1.183 3.634631 0.124083
1.184 3.634474 0.123981
1.185 3.634317 0.123880
1.186 3.634159 0.123779
1.187 3.634002 0.123677
1.188 3.633845 0.123576
1.189 3.633690 0.123478
1.190 3.633536 0.123384
1.191 3.633383 0.123290
1.192 3.633230 0.123196
1.193 3.633077 0.123102
1.194 3.632923 0.123008
1.195 3.632774 0.122874
1.196 3.632626 0.122723
1.197 3.632478 0.122573
1.198 3.632330 0.122422
1.199 3.632183 0.122272
1.200 3.632035 0.122122
1.201 3.631891 0.121950
1.202 3.631747 0.121776
1.203 3.631603 0.121603
1.204 3.631459 0.121429
1.205 3.631315 0.121256
1.206 3.631172 0.121084
1.207 3.631035 0.120925
1.208 3.630898 0.120765
1.209 3.630761 0.120606
1.210 3.630625 0.120446
1.211 3.630488 0.120287
1.212 3.630352 0.120131
1.213 3.630220 0.119990
1.214 3.630089 0.119848
1.215 3.629957 0.119707
1.216 3.629825 0.119566
1.217 3.629693 0.119424
1.218 3.629563 0.119293
1.219 3.629436 0.119191
1.220 3.629309 0.119089
1.221 3.629182 0.118987
1.222 3.629055 0.118885
1.223 3.628928 0.118783
1.224 3.628801 0.118665
1.225 3.628678 0.118498
1.226 3.628554 0.118330
1.227 3.628431 0.118163
1.228 3.628307 0.117995
1.229 3.628184 0.117828
1.230 3.628061 0.117659
1.231 3.627944 0.117482
1.232 3.627826 0.117306
1.233 3.627709 0.117129
1.234 3.627592 0.116952
1.235 3.627475 0.116776
1.236 3.627358 0.116598
1.237 3.627244 0.116387
1.238 3.627130 0.116176
1.239 3.627016 0.115965
1.240 3.626903 0.115755
1.241 3.626789 0.115544
1.242 3.626675 0.115333
1.243 3.626565 0.115208
1.244 3.626456 0.115101
1.245 3.626347 0.114994
1.246 3.626238 0.114887
1.247 3.626129 0.114780
1.248 3.626020 0.114673
1.249 3.625912 0.114542
1.250 3.625806 0.114393
1.251 3.625699 0.114243
1.252 3.625593 0.114094
1.253 3.625486 0.113944
1.254 3.625380 0.113795
1.255 3.625274 0.113632
1.256 3.625173 0.113431
1.257 3.625071 0.113229
1.258 3.624969 0.113028
1.259 3.624867 0.112826
1.260 3.624765 0.112625
1.261 3.624663 0.112423
1.262 3.624564 0.112189
1.263 3.624465 0.111951
1.264 3.624366 0.111713
1.265 3.624266 0.111474
1.266 3.624167 0.111236
1.267 3.624068 0.110997
1.268 3.623971 0.110807
1.269 3.623876 0.110684
1.270 3.623781 0.110561
1.271 3.623686 0.110439
1.272 3.623591 0.110316
1.273 3.623496 0.110193
1.274 3.623401 0.110070
1.275 3.623308 0.109970
1.276 3.623215 0.109873
1.277 3.623122 0.109776
1.278 3.623029 0.109679
1.279 3.622936 0.109581
1.280 3.622843 0.109484
1.281 3.622750 0.109386
1.282 3.622659 0.109286
1.283 3.622568 0.109187
1.284 3.622477 0.109087
1.285 3.622386 0.108987
1.286 3.622295 0.108887
1.287 3.622204 0.108787
1.288 3.622114 0.108610
1.289 3.622025 0.108394
1.290 3.621936 0.108178
1.291 3.621848 0.107962
1.292 3.621759 0.107746
1.293 3.621670 0.107530
1.294 3.621581 0.107314
1.295 3.621495 0.107141
1.296 3.621409 0.106970
1.297 3.621323 0.106799
1.298 3.621237 0.106629
1.299 3.621151 0.106458
1.300 3.621065 0.106287
1.301 3.620979 0.106110
1.302 3.620894 0.105898
1.303 3.620808 0.105686
1.304 3.620723 0.105474
1.305 3.620638 0.105261
1.306 3.620552 0.105049
1.307 3.620467 0.104837
1.308 3.620382 0.104625
1.309 3.620298 0.104416
1.310 3.620213 0.104207
1.311 3.620129 0.103998
1.312 3.620045 0.103789
1.313 3.619961 0.103580
1.314 3.619877 0.103370
1.315 3.619792 0.103157
1.316 3.619705 0.102935
1.317 3.619619 0.102714
1.318 3.619532 0.102492
1.319 3.619446 0.102271
1.320 3.619359 0.102049
1.321 3.619273 0.101827
1.322 3.619188 0.101621
1.323 3.619105 0.101444
1.324 3.619021 0.101268
1.325 3.618938 0.101091
1.326 3.618855 0.100915
1.327 3.618772 0.100738
1.328 3.618689 0.100562
1.329 3.618607 0.100388
1.330 3.618527 0.100222
1.331 3.618448 0.100056
1.332 3.618368 0.099891
1.333 3.618289 0.099725
1.334 3.618209 0.099559
1.335 3.618129 0.099393
1.336 3.618050 0.099225
1.337 3.617966 0.099028
1.338 3.617882 0.098830
1.339 3.617798 0.098633
1.340 3.617715 0.098435
1.341 3.617631 0.098238
1.342 3.617547 0.098041
1.343 3.617463 0.097843
1.344 3.617382 0.097647
1.345 3.617300 0.097452
1.346 3.617219 0.097257
1.347 3.617137 0.097061
1.348 3.617056 0.096866
1.349 3.616974 0.096671
1.350 3.616893 0.096475
1.351 3.616813 0.096272
1.352 3.616736 0.096062
1.353 3.616658 0.095851
1.354 3.616581 0.095640
1.355 3.616503 0.095430
1.356 3.616426 0.095219
1.357 3.616349 0.095009
1.358 3.616272 0.094800
1.359 3.616199 0.094603
1.360 3.616126 0.094406
1.361 3.616053 0.094209
1.362 3.615980 0.094012
1.363 3.615907 0.093815
1.364 3.615834 0.093618
1.365 3.615761 0.093421
1.366 3.615691 0.093248
1.367 3.615622 0.093089
1.368 3.615553 0.092930
1.369 3.615485 0.092770
1.370 3.615416 0.092611
1.371 3.615348 0.092451
1.372 3.615279 0.092292
1.373 3.615211 0.092129
1.374 3.615148 0.091916
1.375 3.615085 0.091703
1.376 3.615022 0.091490
1.377 3.614959 0.091277
1.378 3.614896 0.091064
1.379 3.614833 0.090851
1.380 3.614770 0.090638
1.381 3.614710 0.090441
1.382 3.614654 0.090266
1.383 3.614598 0.090091
1.384 3.614542 0.089916
1.385 3.614486 0.089741
1.386 3.614430 0.089566
1.387 3.614374 0.089391
1.388 3.614319 0.089216
1.389 3.614268 0.089025
1.390 3.614220 0.088828
1.391 3.614172 0.088630
1.392 3.614123 0.088432
1.393 3.614075 0.088234
1.394 3.614027 0.088036
1.395 3.613979 0.087838
1.396 3.613930 0.087640
1.397 3.613899 0.087417
1.398 3.613869 0.087191
1.399 3.613840 0.086965
1.400 3.613811 0.086739
1.401 3.613782 0.086513
1.402 3.613752 0.086287
1.403 3.613723 0.086061
1.404 3.613694 0.085835
1.405 3.613676 0.085591
1.406 3.613658 0.085347
1.407 3.613640 0.085103
1.408 3.613622 0.084858
1.409 3.613604 0.084614
1.410 3.613586 0.084370
1.411 3.613568 0.084126
1.412 3.613550 0.083881
1.413 3.613545 0.083563
1.414 3.613540 0.083241
1.415 3.613535 0.082919
1.416 3.613530 0.082597
1.417 3.613525 0.082275
1.418 3.613519 0.081953
1.419 3.613514 0.081631
1.420 3.613509 0.081309
1.421 3.613531 0.081030
1.422 3.613557 0.080758
1.423 3.613583 0.080486
1.424 3.613608 0.080213
1.425 3.613634 0.079941
1.426 3.613660 0.079669
1.427 3.613686 0.079397
1.428 3.613712 0.079124
1.429 3.613760 0.078857
1.430 3.613820 0.078593
1.431 3.613880 0.078328
1.432 3.613939 0.078064
1.433 3.613999 0.077799
1.434 3.614058 0.077535
1.435 3.614118 0.077270
1.436 3.614178 0.077006
1.437 3.614252 0.076724
1.438 3.614348 0.076415
1.439 3.614444 0.076107
1.440 3.614539 0.075799
1.441 3.614635 0.075490
1.442 3.614731 0.075182
1.443 3.614827 0.074873
1.444 3.614923 0.074565
1.445 3.615020 0.074257
1.446 3.615165 0.073968
1.447 3.615311 0.073680
1.448 3.615456 0.073392
1.449 3.615601 0.073103
1.450 3.615747 0.072815
1.451 3.615892 0.072527
1.452 3.616037 0.072238
1.453 3.616183 0.071950
1.454 3.616361 0.071607
1.455 3.616567 0.071219
1.456 3.616773 0.070830
1.457 3.616979 0.070442
1.458 3.617185 0.070054
1.459 3.617390 0.069665
1.460 3.617596 0.069277
1.461 3.617802 0.068889
1.462 3.618008 0.068501
1.463 3.618280 0.068116
1.464 3.618554 0.067731
1.465 3.618829 0.067346
1.466 3.619103 0.066962
1.467 3.619377 0.066577
1.468 3.619651 0.066192
1.469 3.619926 0.065808
1.470 3.620200 0.065423
1.471 3.620499 0.065029
1.472 3.620860 0.064610
1.473 3.621220 0.064192
1.474 3.621581 0.063773
1.475 3.621941 0.063355
1.476 3.622301 0.062936
1.477 3.622662 0.062517
1.478 3.623022 0.062099
1.479 3.623383 0.061680
1.480 3.623787 0.061229
1.481 3.624232 0.060745
1.482 3.624677 0.060262
1.483 3.625123 0.059778
1.484 3.625568 0.059294
1.485 3.626013 0.058811
1.486 3.626458 0.058327
1.487 3.626904 0.057844
1.488 3.627349 0.057360
1.489 3.627768 0.056832
1.490 3.628172 0.056278
1.491 3.628575 0.055724
1.492 3.628979 0.055169
1.493 3.629382 0.054615
1.494 3.629785 0.054061
1.495 3.630189 0.053506
1.496 3.630592 0.052952
1.497 3.630996 0.052398
1.498 3.631342 0.051809
1.499 3.631655 0.051200
1.500 3.631968 0.050591
1.501 3.632281 0.049983
1.502 3.632595 0.049374
1.503 3.632908 0.048765
1.504 3.633221 0.048156
1.505 3.633534 0.047547
1.506 3.633847 0.046938
1.507 3.634068 0.046257
1.508 3.634206 0.045509
1.509 3.634344 0.044762
1.510 3.634483 0.044015
1.511 3.634621 0.043268
1.512 3.634759 0.042521
1.513 3.634898 0.041774
1.514 3.635036 0.041027
1.515 3.635174 0.040280
1.516 3.635205 0.039482
1.517 3.635000 0.038572
1.518 3.634795 0.037663
1.519 3.634591 0.036753
1.520 3.634386 0.035844
1.521 3.634181 0.034934
1.522 3.633976 0.034025
1.523 3.633771 0.033115
1.524 3.633567 0.032206
1.525 3.633362 0.031296
1.526 3.633157 0.030387
1.527 3.632943 0.029479
1.528 3.632476 0.028621
1.529 3.632010 0.027762
1.530 3.631543 0.026904
1.531 3.631077 0.026045
1.532 3.630610 0.025187
1.533 3.630144 0.024328
1.534 3.629677 0.023470
1.535 3.629211 0.022611
1.536 3.628745 0.021753
1.537 3.628278 0.020894
1.538 3.627812 0.020036
1.539 3.627208 0.019297
1.540 3.626509 0.018641
1.541 3.625810 0.017985
1.542 3.625111 0.017329
1.543 3.624412 0.016673
1.544 3.623713 0.016017
1.545 3.623013 0.015324
1.546 3.622314 0.014568
1.547 3.621615 0.013821
1.548 3.620916 0.013084
1.549 3.620217 0.012356
1.550 3.619518 0.011638
1.551 3.618671 0.011143
1.552 3.617820 0.010659
1.553 3.616969 0.010182
1.554 3.616118 0.009711
1.555 3.615267 0.009246
1.556 3.614416 0.008787
1.557 3.613565 0.008334
1.558 3.612714 0.007887
1.559 3.611863 0.007445
1.560 3.611012 0.007010
1.561 3.610161 0.006580
1.562 3.609302 0.006183
1.563 3.608409 0.005914
1.564 3.607517 0.005649
1.565 3.606624 0.005387
1.566 3.605731 0.005128
1.567 3.604839 0.004873
1.568 3.603946 0.004621
1.569 3.603053 0.004373
1.570 3.602161 0.004127
1.571 3.601268 0.003885
1.572 3.600375 0.003646
1.573 3.599483 0.003411
1.574 3.598598 0.003197
1.575 3.597743 0.003059
1.576 3.596889 0.002924
1.577 3.596034 0.002790
1.578 3.595179 0.002657
1.579 3.594325 0.002527
1.580 3.593470 0.002398
1.581 3.592615 0.002271
1.582 3.591761 0.002145
1.583 3.590906 0.002021
1.584 3.590052 0.001899
1.585 3.589197 0.001779
1.586 3.588346 0.001662
1.587 3.587580 0.001592
1.588 3.586813 0.001523
1.589 3.586046 0.001455
1.590 3.585280 0.001388
1.591 3.584513 0.001322
1.592 3.583747 0.001256
1.593 3.582980 0.001192
1.594 3.582214 0.001128
1.595 3.581447 0.001065
1.596 3.580681 0.001003
1.597 3.579914 0.000942
1.598 3.579148 0.000881
1.599 3.578452 0.000838
1.600 3.577788 0.000803
1.601 3.577124 0.000768
1.602 3.576460 0.000734
1.603 3.575796 0.000700
1.604 3.575131 0.000667
1.605 3.574467 0.000634
1.606 3.573803 0.000601
1.607 3.573139 0.000569
1.608 3.572475 0.000537
1.609 3.571811 0.000506
1.610 3.571147 0.000475
1.611 3.570496 0.000446
1.612 3.569924 0.000428
1.613 3.569351 0.000410
1.614 3.568778 0.000393
1.615 3.568206 0.000375
1.616 3.567633 0.000358
1.617 3.567060 0.000341
1.618 3.566488 0.000325
1.619 3.565915 0.000308
1.620 3.565342 0.000292
1.621 3.564770 0.000276
1.622 3.564197 0.000260
1.623 3.563624 0.000245
1.624 3.563075 0.000232
1.625 3.562562 0.000222
1.626 3.562048 0.000212
1.627 3.561534 0.000203
1.628 3.561021 0.000193
1.629 3.560507 0.000184
1.630 3.559993 0.000175
1.631 3.559480 0.000166
1.632 3.558966 0.000157
1.633 3.558452 0.000148
1.634 3.557939 0.000140
1.635 3.557425 0.000131
1.636 3.556911 0.000123
1.637 3.556417 0.000116
1.638 3.555947 0.000111
1.639 3.555476 0.000107
1.640 3.555005 0.000102
1.641 3.554534 0.000098
1.642 3.554064 0.000094
1.643 3.553593 0.000089
1.644 3.553122 0.000085
1.645 3.552651 0.000081
1.646 3.552181 0.000077
1.647 3.551710 0.000072
1.648 3.551239 0.000068
1.649 3.550768 0.000064
1.650 3.550307 0.000061
1.651 3.549868 0.000059
1.652 3.549429 0.000056
1.653 3.548990 0.000054
1.654 3.548551 0.000052
1.655 3.548112 0.000050
1.656 3.547673 0.000047
1.657 3.547234 0.000045
1.658 3.546795 0.000043
1.659 3.546356 0.000041
1.660 3.545917 0.000039
1.661 3.545478 0.000037
1.662 3.545039 0.000035
1.663 3.544600 0.000033
1.664 3.544161 0.000031
1.665 3.543723 0.000030
1.666 3.543285 0.000029
1.667 3.542847 0.000028
1.668 3.542408 0.000027
1.669 3.541970 0.000026
1.670 3.541532 0.000024
1.671 3.541094 0.000023
1.672 3.540656 0.000022
1.673 3.540217 0.000021
1.674 3.539779 0.000020
1.675 3.539341 0.000019
1.676 3.538903 0.000018
1.677 3.538471 0.000017
1.678 3.538050 0.000016
1.679 3.537630 0.000015
1.680 3.537210 0.000014
1.681 3.536789 0.000014
1.682 3.536369 0.000013
1.683 3.535948 0.000012
1.684 3.535528 0.000011
1.685 3.535108 0.000010
1.686 3.534687 0.000010
1.687 3.534267 0.000009
1.688 3.533846 0.000008
1.689 3.533426 0.000007
1.690 3.533006 0.000007
1.691 3.532592 0.000006
1.692 3.532185 0.000006
1.693 3.531777 0.000005
1.694 3.531369 0.000005
1.695 3.530961 0.000004
1.696 3.530554 0.000004
1.697 3.530146 0.000003
1.698 3.529738 0.000003
1.699 3.529331 0.000002
1.700 3.528923 0.000002
1.701 3.528515 0.000001
1.702 3.528108 0.000001
1.703 3.527700 0.000001
1.704 3.527292 0.000000
1.705 3.526891 0.000000
1.706 3.526496 0.000000
1.707 3.526100 0.000000
1.708 3.525705 0.000000
1.709 3.525310 0.000000
1.710 3.524915 0.000000
1.711 3.524520 0.000000
1.712 3.524124 0.000000
1.713 3.523729 0.000000
1.714 3.523334 0.000000
1.715 3.522939 0.000000
1.716 3.522543 0.000000
1.717 3.522148 0.000000
1.718 3.521753 0.000000
1.719 3.521361 0.000000
1.720 3.520978 0.000000
1.721 3.520595 0.000000
1.722 3.520212 0.000000
1.723 3.519829 0.000000
1.724 3.519446 0.000000
1.725 3.519063 0.000000
1.726 3.518680 0.000000
1.727 3.518297 0.000000
1.728 3.517914 0.000000
1.729 3.517531 0.000000
1.730 3.517148 0.000000
1.731 3.516765 0.000000
1.732 3.516382 0.000000
1.733 3.515999 0.000000
1.734 3.515624 0.000000
1.735 3.515253 0.000000
1.736 3.514882 0.000000
1.737 3.514510 0.000000
1.738 3.514139 0.000000
1.739 3.513767 0.000000
1.740 3.513396 0.000000
1.741 3.513024 0.000000
1.742 3.512653 0.000000
1.743 3.512281 0.000000
1.744 3.511910 0.000000
1.745 3.511539 0.000000
1.746 3.511167 0.000000
1.747 3.510796 0.000000
1.748 3.510424 0.000000
1.749 3.510064 0.000000
1.750 3.509704 0.000000
1.751 3.509345 0.000000
1.752 3.508985 0.000000
1.753 3.508625 0.000000
1.754 3.508266 0.000000
1.755 3.507906 0.000000
1.756 3.507547 0.000000
1.757 3.507187 0.000000
1.758 3.506827 0.000000
1.759 3.506468 0.000000
1.760 3.506108 0.000000
1.761 3.505748 0.000000
1.762 3.505389 0.000000
1.763 3.505029 0.000000
1.764 3.504680 0.000000
1.765 3.504331 0.000000
1.766 3.503982 0.000000
1.767 3.503633 0.000000
1.768 3.503285 0.000000
1.769 3.502936 0.000000
1.770 3.502587 0.000000
1.771 3.502238 0.000000
1.772 3.501890 0.000000
1.773 3.501541 0.000000
1.774 3.501192 0.000000
1.775 3.500843 0.000000
1.776 3.500495 0.000000
1.777 3.500146 0.000000
1.778 3.499797 0.000000
1.779 3.499456 0.000000
1.780 3.499118 0.000000
1.781 3.498780 0.000000
1.782 3.498443 0.000000
1.783 3.498105 0.000000
1.784 3.497767 0.000000
1.785 3.497430 0.000000
1.786 3.497092 0.000000
1.787 3.496754 0.000000
1.788 3.496416 0.000000
1.789 3.496079 0.000000
1.790 3.495741 0.000000
1.791 3.495403 0.000000
1.792 3.495066 0.000000
1.793 3.494728 0.000000
1.794 3.494391 0.000000
1.795 3.494064 0.000000
1.796 3.493737 0.000000
1.797 3.493409 0.000000
1.798 3.493082 0.000000
1.799 3.492755 0.000000
1.800 3.492427 0.000000
1.801 3.492100 0.000000
1.802 3.491773 0.000000
1.803 3.491446 0.000000
1.804 3.491118 0.000000
1.805 3.490791 0.000000
1.806 3.490464 0.000000
1.807 3.490136 0.000000
1.808 3.489809 0.000000
1.809 3.489482 0.000000
1.810 3.489158 0.000000
1.811 3.488841 0.000000
1.812 3.488524 0.000000
1.813 3.488207 0.000000
1.814 3.487891 0.000000
1.815 3.487574 0.000000
1.816 3.487257 0.000000
1.817 3.486940 0.000000
1.818 3.486624 0.000000
1.819 3.486307 0.000000
1.820 3.485990 0.000000
1.821 3.485674 0.000000
1.822 3.485357 0.000000
1.823 3.485040 0.000000
1.824 3.484723 0.000000
1.825 3.484407 0.000000
1.826 3.484092 0.000000
1.827 3.483785 0.000000
1.828 3.483478 0.000000
1.829 3.483171 0.000000
1.830 3.482865 0.000000
1.831 3.482558 0.000000
1.832 3.482251 0.000000
1.833 3.481944 0.000000
1.834 3.481637 0.000000
1.835 3.481330 0.000000
1.836 3.481024 0.000000
1.837 3.480717 0.000000
1.838 3.480410 0.000000
1.839 3.480103 0.000000
1.840 3.479796 0.000000
1.841 3.479489 0.000000
1.842 3.479183 0.000000
1.843 3.478884 0.000000
1.844 3.478587 0.000000
1.845 3.478289 0.000000
1.846 3.477992 0.000000
1.847 3.477695 0.000000
1.848 3.477398 0.000000
1.849 3.477101 0.000000
1.850 3.476804 0.000000
1.851 3.476506 0.000000
1.852 3.476209 0.000000
1.853 3.475912 0.000000
1.854 3.475615 0.000000
1.855 3.475318 0.000000
1.856 3.475021 0.000000
1.857 3.474724 0.000000
1.858 3.474426 0.000000
1.859 3.474131 0.000000
1.860 3.473843 0.000000
1.861 3.473556 0.000000
1.862 3.473268 0.000000
1.863 3.472980 0.000000
1.864 3.472693 0.000000
1.865 3.472405 0.000000
1.866 3.472118 0.000000
1.867 3.471830 0.000000
1.868 3.471543 0.000000
1.869 3.471255 0.000000
1.870 3.470968 0.000000
1.871 3.470680 0.000000
1.872 3.470393 0.000000
1.873 3.470105 0.000000
1.874 3.469818 0.000000
1.875 3.469530 0.000000
1.876 3.469244 0.000000
1.877 3.468965 0.000000
1.878 3.468687 0.000000
1.879 3.468409 0.000000
1.880 3.468130 0.000000
1.881 3.467852 0.000000
1.882 3.467573 0.000000
1.883 3.467295 0.000000
1.884 3.467017 0.000000
1.885 3.466738 0.000000
1.886 3.466460 0.000000
1.887 3.466181 0.000000
1.888 3.465903 0.000000
1.889 3.465625 0.000000
1.890 3.465346 0.000000
1.891 3.465068 0.000000
1.892 3.464789 0.000000
1.893 3.464511 0.000000
1.894 3.464240 0.000000
1.895 3.463971 0.000000
1.896 3.463702 0.000000
1.897 3.463432 0.000000
1.898 3.463163 0.000000
1.899 3.462894 0.000000
1.900 3.462625 0.000000