0.253 2.288870 3.364162
0.258 2.591635 3.393078
0.263 2.960979 3.354720
0.268 3.312583 3.137283
0.273 3.504137 2.828904
0.278 3.563439 2.550055
0.283 3.560725 2.331640
0.288 3.528814 2.160551
0.293 3.478837 2.029508
0.298 3.423101 1.936062
0.303 3.368442 1.868582
0.308 3.321615 1.824680
0.313 3.281540 1.797218
0.318 3.250365 1.781057
0.323 3.227133 1.774193
0.328 3.209377 1.773660
0.333 3.201447 1.778741
0.338 3.196200 1.789367
0.343 3.197303 1.801804
0.348 3.204266 1.816034
0.353 3.216545 1.834499
0.358 3.231233 1.854606
0.363 3.253832 1.879188
0.368 3.283744 1.906919
0.373 3.318286 1.937247
0.378 3.370366 1.970915
0.383 3.440360 1.997223
0.388 3.518303 1.994868
0.393 3.570499 1.983880
0.398 3.611176 1.998083
0.403 3.676282 2.043960
0.408 3.795853 2.089274
0.413 3.960813 2.093043
0.418 4.127531 2.049870
0.423 4.292929 1.965167
0.428 4.442296 1.820533
0.433 4.536096 1.630404
0.438 4.556881 1.439284
0.443 4.528577 1.279965
0.448 4.485779 1.155397
0.453 4.433341 1.058333
0.458 4.384849 0.979204
0.463 4.337501 0.916576
0.468 4.295455 0.863266
0.473 4.255699 0.817992
0.478 4.220355 0.778642
0.483 4.187429 0.744221
0.488 4.156478 0.713597
0.493 4.128530 0.685975
0.498 4.102430 0.660537
0.503 4.079004 0.637217
0.508 4.056071 0.615623
0.513 4.035237 0.595359
0.518 4.014710 0.576485
0.523 3.995927 0.558909
0.528 3.979203 0.542184
0.533 3.960946 0.526349
0.538 3.945188 0.511518
0.543 3.930360 0.497348
0.548 3.914558 0.483943
0.553 3.900009 0.471332
0.558 3.886204 0.459252
0.563 3.872780 0.447615
0.568 3.861358 0.436775
0.573 3.848706 0.426336
0.578 3.836244 0.416263
0.583 3.826112 0.406522
0.588 3.815190 0.397475
0.593 3.805935 0.388668
0.598 3.795910 0.380141
0.603 3.785709 0.372032
0.608 3.775926 0.364186
0.613 3.766297 0.356776
0.618 3.756849 0.349510
0.623 3.749855 0.342515
0.628 3.740600 0.335856
0.633 3.733160 0.329296
0.638 3.725060 0.323103
0.643 3.716676 0.317082
0.648 3.709475 0.311158
0.653 3.703506 0.305704
0.658 3.696276 0.300124
0.663 3.688784 0.294785
0.668 3.681867 0.289976
0.673 3.676691 0.284912
0.678 3.670254 0.280263
0.683 3.663403 0.275727
0.688 3.656808 0.271292
0.693 3.652505 0.266995
0.698 3.646507 0.262805
0.703 3.640223 0.258859
0.708 3.635292 0.255143
0.713 3.630131 0.251418
0.718 3.624678 0.247839
0.723 3.619822 0.244461
0.728 3.615682 0.241305
0.733 3.610149 0.237973
0.738 3.605301 0.235011
0.743 3.601945 0.232079
0.748 3.596336 0.229226
0.753 3.593402 0.226687
0.758 3.588845 0.224097
0.763 3.584709 0.221647
0.768 3.581589 0.219315
0.773 3.578218 0.216596
0.778 3.574854 0.214409
0.783 3.572113 0.212342
0.788 3.569565 0.209811
0.793 3.567104 0.207421
0.798 3.564730 0.205264
0.803 3.562472 0.202985
0.808 3.560316 0.200642
0.813 3.558176 0.198029
0.818 3.556156 0.195550
0.823 3.554243 0.193401
0.828 3.552421 0.190913
0.833 3.550568 0.187945
0.838 3.548776 0.185639
0.843 3.547057 0.183346
0.848 3.545470 0.180847
0.853 3.543938 0.178435
0.858 3.542403 0.176249
0.863 3.540958 0.173939
0.868 3.539555 0.171567
0.873 3.538193 0.169603
0.878 3.536911 0.167855
0.883 3.535717 0.166064
0.888 3.534603 0.164328
0.893 3.533510 0.162732
0.898 3.532449 0.160905
0.903 3.531424 0.159283
0.908 3.530475 0.157558
0.913 3.529562 0.155789
0.918 3.528685 0.153838
0.923 3.527879 0.152232
0.928 3.527176 0.150671
0.933 3.526515 0.148980
0.938 3.525964 0.147173
0.943 3.525516 0.145406
0.948 3.525122 0.143646
0.953 3.524851 0.141828
0.958 3.524680 0.140001
0.963 3.524550 0.138109
0.968 3.524500 0.136083
0.973 3.524509 0.133997
0.978 3.524544 0.131933
0.983 3.524587 0.129727
0.988 3.524635 0.127395
0.993 3.524676 0.124981
0.998 3.524632 0.122382
1.003 3.524476 0.119550
1.008 3.524283 0.116657
1.013 3.523963 0.113823
1.018 3.523341 0.110858
1.023 3.522649 0.107831
1.028 3.521921 0.104799
1.033 3.520943 0.101873
1.038 3.519852 0.099034
1.043 3.518780 0.096209
1.048 3.517712 0.093440
1.053 3.516634 0.090793
1.058 3.515626 0.088149
1.063 3.514766 0.085492
1.068 3.514201 0.083031
1.073 3.514042 0.080519
1.078 3.514189 0.077964
1.083 3.514756 0.075283
1.088 3.516468 0.072187
1.093 3.518875 0.068554
1.098 3.521399 0.064595
1.103 3.523516 0.060131
1.108 3.524496 0.053105
1.113 3.524324 0.043046
1.118 3.523991 0.030787
1.123 3.519457 0.019266
1.128 3.513208 0.011544
1.133 3.505956 0.006710
1.138 3.498377 0.004032
1.143 3.490378 0.002565
1.148 3.482352 0.001590
1.153 3.474636 0.000976
1.158 3.468198 0.000636
1.163 3.462243 0.000424
1.168 3.456616 0.000276
1.173 3.451337 0.000173
1.178 3.446726 0.000118
1.183 3.442279 0.000078
1.188 3.437958 0.000051
1.193 3.434167 0.000035
1.198 3.430486 0.000024
1.203 3.426912 0.000015
1.208 3.423576 0.000011
1.213 3.420329 0.000007
1.218 3.417189 0.000005
1.223 3.414105 0.000003
1.228 3.411083 0.000002
1.233 3.408193 0.000002
1.238 3.405335 0.000001
1.243 3.402503 0.000001
1.248 3.399798 0.000001
1.253 3.397137 0.000000
1.258 3.394529 0.000000
1.263 3.391972 0.000000
1.268 3.389443 0.000000
1.273 3.387032 0.000000
1.278 3.384635 0.000000
1.283 3.382261 0.000000
1.288 3.379958 0.000000
1.293 3.377691 0.000000
1.298 3.375476 0.000000
1.303 3.373273 0.000000
1.308 3.371124 0.000000
1.313 3.369005 0.000000
1.318 3.366944 0.000000
1.323 3.364899 0.000000
1.328 3.362869 0.000000
1.333 3.360901 0.000000
1.338 3.358966 0.000000
1.343 3.357059 0.000000
1.348 3.355160 0.000000
1.353 3.353320 0.000000
1.358 3.351489 0.000000
1.363 3.349724 0.000000
1.368 3.347965 0.000000
1.373 3.346235 0.000000
1.378 3.344506 0.000000
1.383 3.342846 0.000000
1.388 3.341187 0.000000
1.393 3.339556 0.000000
1.398 3.337925 0.000000
1.403 3.336345 0.000000
1.408 3.334769 0.000000
1.413 3.333231 0.000000
1.418 3.331699 0.000000
1.423 3.330191 0.000000
1.428 3.328692 0.000000
1.433 3.327228 0.000000
1.438 3.325788 0.000000
1.443 3.324358 0.000000
1.448 3.322942 0.000000
1.453 3.321541 0.000000
1.458 3.320191 0.000000
1.463 3.318842 0.000000
1.468 3.317529 0.000000
1.473 3.316216 0.000000
1.478 3.314925 0.000000
1.483 3.313642 0.000000
1.488 3.312376 0.000000
1.493 3.311134 0.000000
1.498 3.309894 0.000000
1.503 3.308673 0.000000
1.508 3.307452 0.000000
1.513 3.306269 0.000000
1.518 3.305104 0.000000
1.523 3.303946 0.000000
1.528 3.302806 0.000000
1.533 3.301666 0.000000
1.538 3.300554 0.000000
1.543 3.299450 0.000000
1.548 3.298358 0.000000
1.553 3.297294 0.000000
1.558 3.296230 0.000000
1.563 3.295182 0.000000
1.568 3.294139 0.000000
1.573 3.293101 0.000000
1.578 3.292099 0.000000
1.583 3.291097 0.000000
1.588 3.290104 0.000000
1.593 3.289119 0.000000
1.598 3.288135 0.000000
1.603 3.287183 0.000000
1.608 3.286237 0.000000
1.613 3.285294 0.000000
1.618 3.284380 0.000000
1.623 3.283465 0.000000
1.628 3.282558 0.000000
1.633 3.281664 0.000000
1.638 3.280770 0.000000
1.643 3.279895 0.000000
1.648 3.279036 0.000000
1.653 3.278177 0.000000
1.658 3.277328 0.000000
1.663 3.276484 0.000000
1.668 3.275640 0.000000
1.673 3.274820 0.000000
1.678 3.274008 0.000000
1.683 3.273196 0.000000
1.688 3.272400 0.000000
1.693 3.271609 0.000000
1.698 3.270818 0.000000
1.703 3.270044 0.000000
1.708 3.269273 0.000000
1.713 3.268503 0.000000
1.718 3.267754 0.000000
1.723 3.267012 0.000000
1.728 3.266271 0.000000
1.733 3.265538 0.000000
1.738 3.264810 0.000000
1.743 3.264083 0.000000
1.748 3.263371 0.000000
1.753 3.262682 0.000000
1.758 3.261993 0.000000
1.763 3.261308 0.000000
1.768 3.260637 0.000000
1.773 3.259966 0.000000
1.778 3.259295 0.000000
1.783 3.258639 0.000000
1.788 3.257985 0.000000
1.793 3.257331 0.000000
1.798 3.256687 0.000000
1.803 3.256052 0.000000
1.808 3.255417 0.000000
1.813 3.254782 0.000000
1.818 3.254160 0.000000
1.823 3.253538 0.000000
1.828 3.252915 0.000000
1.833 3.252313 0.000000
1.838 3.251727 0.000000
1.843 3.251140 0.000000
1.848 3.250554 0.000000
1.853 3.249980 0.000000
1.858 3.249407 0.000000
1.863 3.248833 0.000000
1.868 3.248267 0.000000
1.873 3.247714 0.000000
1.878 3.247161 0.000000
1.883 3.246608 0.000000
1.888 3.246066 0.000000
1.893 3.245532 0.000000
1.898 3.244997 0.000000
1.903 3.244462 0.000000
1.908 3.243938 0.000000
1.913 3.243416 0.000000
1.918 3.242894 0.000000
1.923 3.242372 0.000000
1.928 3.241874 0.000000
1.933 3.241376 0.000000
1.938 3.240877 0.000000
1.943 3.240380 0.000000
1.948 3.239892 0.000000