0.253 2.549084 3.490746
0.258 2.934381 3.477081
0.263 3.422645 3.305655
0.268 3.746723 2.861966
0.273 3.777421 2.425774
0.278 3.682314 2.139681
0.283 3.572065 1.962227
0.288 3.470344 1.849704
0.293 3.383240 1.780583
0.298 3.312838 1.740777
0.303 3.257907 1.719508
0.308 3.217500 1.710849
0.313 3.188160 1.710243
0.318 3.167651 1.715613
0.323 3.155059 1.725717
0.328 3.148522 1.740435
0.333 3.147868 1.759843
0.338 3.153982 1.783218
0.343 3.166265 1.810906
0.348 3.186244 1.842759
0.353 3.214387 1.878475
0.358 3.253339 1.918046
0.363 3.305346 1.957841
0.368 3.364845 1.994331
0.373 3.429603 2.042262
0.378 3.530955 2.106631
0.383 3.687363 2.147756
0.388 3.864196 2.133429
0.393 4.037512 2.083698
0.398 4.220976 1.992100
0.403 4.386449 1.827169
0.408 4.479151 1.611928
0.413 4.490087 1.404576
0.418 4.453940 1.238142
0.423 4.401185 1.111347
0.428 4.347184 1.012997
0.433 4.294604 0.933496
0.438 4.245236 0.868088
0.443 4.199164 0.813727
0.448 4.156807 0.767391
0.453 4.118034 0.727527
0.458 4.082761 0.692529
0.463 4.050170 0.661372
0.468 4.020121 0.633133
0.473 3.991872 0.607526
0.478 3.965650 0.583914
0.483 3.940805 0.562272
0.488 3.917342 0.542315
0.493 3.895384 0.523806
0.498 3.874010 0.506674
0.503 3.854402 0.490837
0.508 3.835007 0.476120
0.513 3.816991 0.462413
0.518 3.799815 0.449654
0.523 3.783622 0.437732
0.528 3.767811 0.426650
0.533 3.752523 0.416246
0.538 3.738543 0.406457
0.543 3.724960 0.397313
0.548 3.712109 0.388688
0.553 3.699835 0.380587
0.558 3.688065 0.372879
0.563 3.676879 0.365635
0.568 3.666184 0.358749
0.573 3.655947 0.352190
0.578 3.646159 0.345954
0.583 3.636772 0.340017
0.588 3.627825 0.334354
0.593 3.619239 0.328906
0.598 3.611071 0.323729
0.603 3.603408 0.318675
0.608 3.595883 0.313936
0.613 3.588900 0.309263
0.618 3.582147 0.304806
0.623 3.575625 0.300479
0.628 3.569410 0.296317
0.633 3.563312 0.292271
0.638 3.557470 0.288363
0.643 3.551821 0.284591
0.648 3.546405 0.280902
0.653 3.541582 0.277327
0.658 3.536769 0.273864
0.663 3.532097 0.270443
0.668 3.527426 0.267158
0.673 3.523072 0.263928
0.678 3.519168 0.260808
0.683 3.515322 0.257749
0.688 3.511391 0.254756
0.693 3.508028 0.251754
0.698 3.504614 0.248872
0.703 3.501524 0.246036
0.708 3.498586 0.243105
0.713 3.495771 0.240329
0.718 3.493061 0.237533
0.723 3.490505 0.234716
0.728 3.488121 0.231869
0.733 3.485870 0.229130
0.738 3.483733 0.226331
0.743 3.481629 0.223447
0.748 3.479619 0.220766
0.753 3.477735 0.217994
0.758 3.476006 0.215260
0.763 3.474367 0.212567
0.768 3.472824 0.209841
0.773 3.471348 0.207218
0.778 3.469932 0.204671
0.783 3.468722 0.202110
0.788 3.467605 0.199587
0.793 3.466550 0.197006
0.798 3.465537 0.194493
0.803 3.464698 0.191921
0.808 3.463953 0.189297
0.813 3.463362 0.186760
0.818 3.462892 0.184176
0.823 3.462593 0.181511
0.828 3.462493 0.178800
0.833 3.462535 0.176014
0.838 3.462883 0.173052
0.843 3.463307 0.169990
0.848 3.463935 0.166549
0.853 3.464630 0.162986
0.858 3.465352 0.158971
0.863 3.466095 0.154599
0.868 3.466716 0.149950
0.873 3.467057 0.144702
0.878 3.467288 0.139357
0.883 3.466845 0.133746
0.888 3.466049 0.127973
0.893 3.464939 0.122288
0.898 3.463139 0.116813
0.903 3.461256 0.111398
0.908 3.459162 0.106473
0.913 3.456915 0.101935
0.918 3.454752 0.097452
0.923 3.453129 0.093842
0.928 3.451699 0.090340
0.933 3.451090 0.086622
0.938 3.452473 0.081864
0.943 3.454217 0.076226
0.948 3.456150 0.069606
0.953 3.458180 0.059095
0.958 3.460228 0.038976
0.963 3.455654 0.020364
0.968 3.447123 0.009480
0.973 3.437076 0.004331
0.978 3.426589 0.002053
0.983 3.415514 0.000964
0.988 3.404353 0.000505
0.993 3.395828 0.000277
0.998 3.388325 0.000153
1.003 3.381403 0.000086
1.008 3.374975 0.000047
1.013 3.369508 0.000029
1.018 3.364127 0.000018
1.023 3.359121 0.000011
1.028 3.354570 0.000007
1.033 3.350136 0.000004
1.038 3.345957 0.000003
1.043 3.341988 0.000002
1.048 3.338216 0.000001
1.053 3.334508 0.000001
1.058 3.331000 0.000001
1.063 3.327626 0.000000
1.068 3.324282 0.000000
1.073 3.321111 0.000000
1.078 3.318037 0.000000
1.083 3.315063 0.000000
1.088 3.312153 0.000000
1.093 3.309325 0.000000
1.098 3.306648 0.000000
1.103 3.303988 0.000000
1.108 3.301373 0.000000
1.113 3.298888 0.000000
1.118 3.296444 0.000000
1.123 3.294025 0.000000
1.128 3.291678 0.000000
1.133 3.289394 0.000000
1.138 3.287180 0.000000
1.143 3.284976 0.000000
1.148 3.282803 0.000000
1.153 3.280751 0.000000
1.158 3.278712 0.000000
1.163 3.276685 0.000000
1.168 3.274733 0.000000
1.173 3.272808 0.000000
1.178 3.270978 0.000000
1.183 3.269154 0.000000
1.188 3.267344 0.000000
1.193 3.265587 0.000000
1.198 3.263878 0.000000
1.203 3.262178 0.000000
1.208 3.260482 0.000000
1.213 3.258851 0.000000
1.218 3.257229 0.000000
1.223 3.255655 0.000000
1.228 3.254085 0.000000
1.233 3.252540 0.000000
1.238 3.251011 0.000000
1.243 3.249549 0.000000
1.248 3.248089 0.000000
1.253 3.246637 0.000000
1.258 3.245209 0.000000
1.263 3.243856 0.000000
1.268 3.242513 0.000000
1.273 3.241201 0.000000
1.278 3.239893 0.000000
1.283 3.238607 0.000000
1.288 3.237325 0.000000
1.293 3.236088 0.000000
1.298 3.234851 0.000000
1.303 3.233621 0.000000
1.308 3.232391 0.000000
1.313 3.231228 0.000000
1.318 3.230082 0.000000
1.323 3.228946 0.000000
1.328 3.227816 0.000000
1.333 3.226704 0.000000
1.338 3.225617 0.000000
1.343 3.224537 0.000000
1.348 3.223501 0.000000
1.353 3.222466 0.000000
1.358 3.221438 0.000000
1.363 3.220413 0.000000
1.368 3.219413 0.000000
1.373 3.218442 0.000000
1.378 3.217471 0.000000
1.383 3.216508 0.000000
1.388 3.215544 0.000000
1.393 3.214613 0.000000
1.398 3.213699 0.000000
1.403 3.212792 0.000000
1.408 3.211915 0.000000
1.413 3.211038 0.000000
1.418 3.210171 0.000000
1.423 3.209308 0.000000
1.428 3.208449 0.000000
1.433 3.207631 0.000000
1.438 3.206813 0.000000
1.443 3.205997 0.000000
1.448 3.205183 0.000000
1.453 3.204369 0.000000
1.458 3.203589 0.000000
1.463 3.202815 0.000000
1.468 3.202044 0.000000
1.473 3.201289 0.000000
1.478 3.200534 0.000000
1.483 3.199785 0.000000
1.488 3.199047 0.000000
1.493 3.198308 0.000000
1.498 3.197591 0.000000
1.503 3.196888 0.000000
1.508 3.196186 0.000000
1.513 3.195487 0.000000
1.518 3.194789 0.000000
1.523 3.194091 0.000000
1.528 3.193438 0.000000
1.533 3.192797 0.000000
1.538 3.192156 0.000000
1.543 3.191527 0.000000
1.548 3.190900 0.000000
1.553 3.190273 0.000000
1.558 3.189656 0.000000
1.563 3.189042 0.000000
1.568 3.188428 0.000000
1.573 3.187826 0.000000
1.578 3.187228 0.000000
1.583 3.186631 0.000000
1.588 3.186037 0.000000
1.593 3.185445 0.000000
1.598 3.184853 0.000000
1.603 3.184278 0.000000
1.608 3.183739 0.000000
1.613 3.183201 0.000000
1.618 3.182662 0.000000
1.623 3.182130 0.000000
1.628 3.181598 0.000000
1.633 3.181066 0.000000
1.638 3.180548 0.000000
1.643 3.180038 0.000000
1.648 3.179528 0.000000
1.653 3.179022 0.000000
1.658 3.178530 0.000000
1.663 3.178038 0.000000
1.668 3.177546 0.000000
1.673 3.177059 0.000000
1.678 3.176575 0.000000
1.683 3.176091 0.000000
1.688 3.175612 0.000000
1.693 3.175159 0.000000
1.698 3.174705 0.000000
1.703 3.174251 0.000000
1.708 3.173799 0.000000
1.713 3.173349 0.000000
1.718 3.172898 0.000000
1.723 3.172448 0.000000
1.728 3.172018 0.000000
1.733 3.171594 0.000000
1.738 3.171169 0.000000
1.743 3.170745 0.000000
1.748 3.170334 0.000000
1.753 3.169923 0.000000
1.758 3.169512 0.000000
1.763 3.169101 0.000000
1.768 3.168701 0.000000
1.773 3.168300 0.000000
1.778 3.167899 0.000000
1.783 3.167501 0.000000
1.788 3.167124 0.000000
1.793 3.166747 0.000000
1.798 3.166370 0.000000
1.803 3.165993 0.000000
1.808 3.165619 0.000000
1.813 3.165245 0.000000
1.818 3.164871 0.000000
1.823 3.164497 0.000000
1.828 3.164144 0.000000
1.833 3.163796 0.000000
1.838 3.163447 0.000000
1.843 3.163099 0.000000
1.848 3.162755 0.000000
1.853 3.162414 0.000000
1.858 3.162073 0.000000
1.863 3.161733 0.000000
1.868 3.161394 0.000000
1.873 3.161065 0.000000
1.878 3.160736 0.000000
1.883 3.160407 0.000000
1.888 3.160078 0.000000
1.893 3.159762 0.000000
1.898 3.159450 0.000000
1.903 3.159139 0.000000
1.908 3.158827 0.000000
1.913 3.158516 0.000000
1.918 3.158207 0.000000
1.923 3.157897 0.000000
1.928 3.157588 0.000000
1.933 3.157279 0.000000
1.938 3.156981 0.000000
1.943 3.156696 0.000000
1.948 3.156411 0.000000