0.253 1.832840 3.165449
0.254 1.874450 3.190537
0.255 1.906975 3.206819
0.256 1.940473 3.222434
0.257 1.980217 3.237978
0.258 2.021573 3.253466
0.259 2.061129 3.268897
0.260 2.097951 3.284267
0.261 2.144394 3.299565
0.262 2.186226 3.314785
0.263 2.227255 3.321185
0.264 2.273276 3.335042
0.265 2.319240 3.339670
0.266 2.370650 3.345087
0.267 2.420548 3.349049
0.268 2.466045 3.348727
0.269 2.512893 3.348295
0.270 2.566183 3.347801
0.271 2.612458 3.338004
0.272 2.665528 3.331237
0.273 2.710566 3.325834
0.274 2.763986 3.310719
0.275 2.808903 3.295529
0.276 2.861561 3.280370
0.277 2.905218 3.264651
0.278 2.948524 3.240481
0.279 2.991612 3.217484
0.280 3.034514 3.191060
0.281 3.077222 3.169137
0.282 3.118481 3.140328
0.283 3.152326 3.106117
0.284 3.185773 3.073092
0.285 3.222602 3.044474
0.286 3.250621 3.008462
0.287 3.278379 2.975749
0.288 3.306024 2.939968
0.289 3.332346 2.903198
0.290 3.351220 2.870121
0.291 3.371014 2.836133
0.292 3.394118 2.798902
0.293 3.407746 2.765751
0.294 3.421226 2.725262
0.295 3.434640 2.693623
0.296 3.448009 2.659556
0.297 3.452597 2.623573
0.298 3.461026 2.595403
0.299 3.467883 2.561522
0.300 3.471506 2.531767
0.301 3.480427 2.500810
0.302 3.480410 2.468526
0.303 3.480293 2.441855
0.304 3.480164 2.415402
0.305 3.480038 2.389051
0.306 3.479915 2.362789
0.307 3.479796 2.340411
0.308 3.472908 2.320351
0.309 3.469748 2.295065
0.310 3.466393 2.278162
0.311 3.459674 2.252628
0.312 3.459432 2.235710
0.313 3.449730 2.213154
0.314 3.449332 2.200039
0.315 3.442009 2.180052
0.316 3.438720 2.164715
0.317 3.429382 2.151985
0.318 3.423502 2.139350
0.319 3.419282 2.126765
0.320 3.417359 2.114221
0.321 3.409282 2.101719
0.322 3.402932 2.089259
0.323 3.399121 2.076838
0.324 3.389699 2.064459
0.325 3.385433 2.055746
0.326 3.379072 2.049608
0.327 3.371388 2.038084
0.328 3.369093 2.034166
0.329 3.365975 2.022939
0.330 3.359146 2.015969
0.331 3.351676 2.008533
0.332 3.349042 2.005552
0.333 3.347176 1.996132
0.334 3.339101 1.992224
0.335 3.338950 1.986167
0.336 3.331104 1.986028
0.337 3.329020 1.976525
0.338 3.327010 1.976164
0.339 3.319107 1.972368
0.340 3.318946 1.966323
0.341 3.311504 1.966233
0.342 3.309031 1.965581
0.343 3.308904 1.956967
0.344 3.305925 1.956349
0.345 3.299119 1.956306
0.346 3.298926 1.956309
0.347 3.298879 1.956314
0.348 3.298854 1.956320
0.349 3.297306 1.954803
0.350 3.289052 1.946578
0.351 3.288910 1.946465
0.352 3.288856 1.946439
0.353 3.288834 1.946446
0.354 3.288815 1.946455
0.355 3.288797 1.946464
0.356 3.288780 1.946474
0.357 3.288764 1.946485
0.358 3.288748 1.946495
0.359 3.288733 1.946506
0.360 3.288719 1.946518
0.361 3.288706 1.946531
0.362 3.288694 1.946545
0.363 3.288682 1.955228
0.364 3.288671 1.956388
0.365 3.288661 1.956494
0.366 3.288651 1.956509
0.367 3.288643 1.956524
0.368 3.288679 1.956539
0.369 3.294502 1.956555
0.370 3.298421 1.956573
0.371 3.298514 1.963865
0.372 3.298519 1.966390
0.373 3.299080 1.966528
0.374 3.307725 1.966553
0.375 3.308349 1.966572
0.376 3.308406 1.966591
0.377 3.308412 1.969168
0.378 3.311804 1.976217
0.379 3.318124 1.976514
0.380 3.318286 1.976581
0.381 3.323321 1.976685
0.382 3.328098 1.982273
0.383 3.328194 1.986434
0.384 3.334571 1.986553
0.385 3.338022 1.986605
0.386 3.338502 1.986994
0.387 3.345542 1.994039
0.388 3.347978 1.996495
0.389 3.349151 1.996591
0.390 3.356575 1.997370
0.391 3.358810 2.005309
0.392 3.366317 2.006502
0.393 3.367847 2.006629
0.394 3.369797 2.008530
0.395 3.377279 2.016015
0.396 3.379637 2.016538
0.397 3.386899 2.016643
0.398 3.389325 2.018283
0.399 3.396694 2.025600
0.400 3.399333 2.026581
0.401 3.406630 2.029232
0.402 3.409399 2.036431
0.403 3.419244 2.036567
0.404 3.427276 2.038497
0.405 3.430026 2.045689
0.406 3.437270 2.046586
0.407 3.439874 2.049131
0.408 3.448836 2.056382
0.409 3.458586 2.058903
0.410 3.466905 2.066309
0.411 3.469412 2.066557
0.412 3.478052 2.067778
0.413 3.487723 2.075219
0.414 3.496808 2.077173
0.415 3.498832 2.084933
0.416 3.506938 2.086762
0.417 3.516483 2.094643
0.418 3.526080 2.096984
0.419 3.536693 2.104418
0.420 3.553035 2.107143
0.421 3.564570 2.114381
0.422 3.574191 2.117154
0.423 3.583722 2.123834
0.424 3.599481 2.126943
0.425 3.612444 2.132863
0.426 3.627807 2.136387
0.427 3.646499 2.141830
0.428 3.660419 2.146317
0.429 3.674189 2.146504
0.430 3.692740 2.146585
0.431 3.711331 2.146631
0.432 3.729916 2.146671
0.433 3.748461 2.144290
0.434 3.769095 2.138042
0.435 3.795117 2.136518
0.436 3.813664 2.127497
0.437 3.832122 2.118447
0.438 3.850484 2.109358
0.439 3.862269 2.099586
0.440 3.877279 2.084795
0.441 3.889755 2.072434
0.442 3.903640 2.063139
0.443 3.917887 2.050296
0.444 3.927057 2.036018
0.445 3.933573 2.023847
0.446 3.935524 2.007758
0.447 3.942590 1.998708
0.448 3.944221 1.988475
0.449 3.944354 1.972687
0.450 3.951210 1.962601
0.451 3.954254 1.959037
0.452 3.954412 1.954171
0.453 3.954511 1.945470
0.454 3.954575 1.939929
0.455 3.954639 1.939694
0.456 3.954706 1.939679
0.457 3.954775 1.939727
0.458 3.954848 1.939785
0.459 3.954926 1.939845
0.460 3.960713 1.945613
0.461 3.964951 1.949828
0.462 3.968642 1.953491
0.463 3.977280 1.962095
0.464 3.983759 1.970722
0.465 3.985991 1.979383
0.466 4.001531 1.987710
0.467 4.012574 1.990335
0.468 4.026353 1.995535
0.469 4.043464 2.004040
0.470 4.060589 2.012564
0.471 4.077725 2.021110
0.472 4.096034 2.029641
0.473 4.120437 2.038149
0.474 4.145837 2.039802
0.475 4.171258 2.044989
0.476 4.196667 2.049500
0.477 4.224698 2.049645
0.478 4.258152 2.047391
0.479 4.291612 2.040488
0.480 4.325020 2.032262
0.481 4.358358 2.023974
0.482 4.391630 2.011149
0.483 4.424829 1.995046
0.484 4.456006 1.976642
0.485 4.482497 1.953260
0.486 4.514125 1.928690
0.487 4.541557 1.904129
0.488 4.566528 1.875789
0.489 4.589261 1.843445
0.490 4.606164 1.810843
0.491 4.622735 1.778238
0.492 4.639196 1.745654
0.493 4.651527 1.713086
0.494 4.662123 1.680542
0.495 4.677562 1.648039
0.496 4.678082 1.615570
0.497 4.684304 1.583160
0.498 4.688031 1.550861
0.499 4.688069 1.521056
0.500 4.688055 1.496161
0.501 4.687961 1.464203
0.502 4.681497 1.438659
0.503 4.678245 1.414543
0.504 4.675050 1.390527
0.505 4.667488 1.366566
0.506 4.659570 1.342662
0.507 4.651711 1.318818
0.508 4.648603 1.295064
0.509 4.644779 1.274634
0.510 4.637826 1.255905
0.511 4.629948 1.234602
0.512 4.622084 1.216372
0.513 4.614228 1.200624
0.514 4.606344 1.184914
0.515 4.596646 1.169242
0.516 4.584391 1.153606
0.517 4.573059 1.138015
0.518 4.565278 1.122500
0.519 4.557513 1.108083
0.520 4.549761 1.099504
0.521 4.542024 1.085880
0.522 4.534303 1.074822
0.523 4.526598 1.063910
0.524 4.518907 1.051018
0.525 4.511232 1.040934
0.526 4.503570 1.028924
0.527 4.495922 1.016598
0.528 4.488288 1.008358
0.529 4.480669 1.000539
0.530 4.473065 0.992030
0.531 4.465477 0.983216
0.532 4.457904 0.974829
0.533 4.450372 0.966556
0.534 4.442899 0.958736
0.535 4.438687 0.951181
0.536 4.436357 0.943645
0.537 4.430159 0.936206
0.538 4.422670 0.929181
0.539 4.415198 0.922431
0.540 4.407740 0.915702
0.541 4.400327 0.909095
0.542 4.393251 0.902825
0.543 4.388360 0.896868
0.544 4.387572 0.890922
0.545 4.380529 0.884989
0.546 4.373204 0.879071
0.547 4.365901 0.873170
0.548 4.360615 0.867483
0.549 4.357383 0.862105
0.550 4.353745 0.856958
0.551 4.346483 0.851824
0.552 4.340583 0.846702
0.553 4.337775 0.841591
0.554 4.334527 0.836492
0.555 4.327311 0.831496
0.556 4.320166 0.827120
0.557 4.318522 0.822209
0.558 4.314642 0.817535
0.559 4.310251 0.813101
0.560 4.307691 0.808770
0.561 4.303412 0.804449
0.562 4.296755 0.800137
0.563 4.291271 0.795835
0.564 4.287582 0.791607
0.565 4.285290 0.787542
0.566 4.279798 0.783809
0.567 4.277479 0.779766
0.568 4.274094 0.775838
0.569 4.268206 0.772166
0.570 4.268075 0.767932
0.571 4.262615 0.764242
0.572 4.258763 0.760699
0.573 4.257091 0.757173
0.574 4.251398 0.753653
0.575 4.248959 0.750141
0.576 4.245662 0.746634
0.577 4.241283 0.743134
0.578 4.238541 0.739641
0.579 4.234916 0.736155
0.580 4.231227 0.732675
0.581 4.227740 0.729201
0.582 4.224724 0.725740
0.583 4.220798 0.722475
0.584 4.218121 0.719353
0.585 4.218024 0.716359
0.586 4.216117 0.712923
0.587 4.212138 0.709586
0.588 4.207752 0.706400
0.589 4.206464 0.703530
0.590 4.201415 0.700292
0.591 4.197732 0.697222
0.592 4.196950 0.694485
0.593 4.190658 0.691718
0.594 4.188058 0.688596
0.595 4.187982 0.685341
0.596 4.187864 0.682630
0.597 4.183033 0.679922
0.598 4.178367 0.677215
0.599 4.178015 0.674511
0.600 4.177868 0.671299
0.601 4.175414 0.668223
0.602 4.169478 0.665478
0.603 4.168357 0.662797
0.604 4.167873 0.660124
0.605 4.167752 0.657455
0.606 4.162206 0.654793
0.607 4.158930 0.652134
0.608 4.157591 0.649478
0.609 4.152271 0.646830
0.610 4.149129 0.644186
0.611 4.147894 0.641547
0.612 4.147789 0.638920
0.613 4.145032 0.636561
0.614 4.139922 0.634441
0.615 4.138564 0.631950
0.616 4.137813 0.629399
0.617 4.137710 0.626785
0.618 4.132846 0.624179
0.619 4.129313 0.621579
0.620 4.128045 0.618985
0.621 4.127822 0.616834
0.622 4.127753 0.614634
0.623 4.127653 0.612162
0.624 4.123705 0.609615
0.625 4.119159 0.607133
0.626 4.118156 0.605092
0.627 4.117689 0.602791
0.628 4.117567 0.600310
0.629 4.112007 0.597757
0.630 4.108463 0.595437
0.631 4.107833 0.593453
0.632 4.107632 0.591055
0.633 4.106400 0.588664
0.634 4.100433 0.586723
0.635 4.097838 0.584458
0.636 4.097754 0.581952
0.637 4.097683 0.579979
0.638 4.097428 0.577878
0.639 4.096756 0.575423
0.640 4.093003 0.573284
0.641 4.087728 0.571302
0.642 4.087705 0.568910
0.643 4.087662 0.566647
0.644 4.087581 0.564627
0.645 4.086402 0.562406
0.646 4.084697 0.560087
0.647 4.080548 0.558210
0.648 4.077640 0.556268
0.649 4.077554 0.554177
0.650 4.075928 0.552015
0.651 4.073318 0.549807
0.652 4.070215 0.547914
0.653 4.067645 0.545994
0.654 4.067607 0.543821
0.655 4.067545 0.541689
0.656 4.067457 0.539605
0.657 4.064533 0.537698
0.658 4.060562 0.535857
0.659 4.058872 0.534017
0.660 4.057589 0.532069
0.661 4.057531 0.529771
0.662 4.057459 0.527659
0.663 4.057372 0.525754
0.664 4.053489 0.523910
0.665 4.048008 0.522092
0.666 4.047572 0.520274
0.667 4.047545 0.518443
0.668 4.047466 0.516533
0.669 4.046910 0.514512
0.670 4.045403 0.512268
0.671 4.042625 0.510258
0.672 4.038699 0.508460
0.673 4.037533 0.506665
0.674 4.037514 0.504873
0.675 4.037479 0.503084
0.676 4.037438 0.501297
0.677 4.037355 0.499514
0.678 4.036532 0.497732
0.679 4.032535 0.495955
0.680 4.029437 0.494179
0.681 4.028160 0.492406
0.682 4.027441 0.490636
0.683 4.027375 0.488869
0.684 4.027041 0.487104
0.685 4.026515 0.485341
0.686 4.023122 0.483582
0.687 4.018446 0.481824
0.688 4.017448 0.480070
0.689 4.017423 0.478318
0.690 4.017349 0.476569
0.691 4.017268 0.474822
0.692 4.014459 0.473079
0.693 4.011549 0.471337
0.694 4.009404 0.469599
0.695 4.007432 0.467862
0.696 4.007417 0.466129
0.697 4.007394 0.464398
0.698 4.007328 0.462670
0.699 4.007175 0.460944
0.700 4.006579 0.459221
0.701 4.005281 0.457499
0.702 4.000909 0.455782
0.703 3.997397 0.454067
0.704 3.997367 0.452360
0.705 3.997328 0.450707
0.706 3.997251 0.449265
0.707 3.996551 0.447815
0.708 3.993177 0.446332
0.709 3.990121 0.444812
0.710 3.988650 0.443115
0.711 3.987375 0.441419
0.712 3.987361 0.439732
0.713 3.987341 0.438052
0.714 3.987262 0.436449
0.715 3.987135 0.434855
0.716 3.985511 0.433562
0.717 3.983887 0.432268
0.718 3.980832 0.430607
0.719 3.977721 0.428931
0.720 3.977342 0.427263
0.721 3.977328 0.425596
0.722 3.977278 0.424239
0.723 3.977218 0.422964
0.724 3.977069 0.421475
0.725 3.976879 0.419888
0.726 3.974280 0.418317
0.727 3.969838 0.416759
0.728 3.967319 0.415316
0.729 3.967287 0.414022
0.730 3.967244 0.412625
0.731 3.967173 0.410983
0.732 3.966625 0.409389
0.733 3.963115 0.408096
0.734 3.959605 0.406803
0.735 3.958530 0.405276
0.736 3.957527 0.403743
0.737 3.957302 0.402195
0.738 3.957284 0.400643
0.739 3.957233 0.399266
0.740 3.957160 0.398006
0.741 3.956106 0.396707
0.742 3.953516 0.395345
0.743 3.951056 0.393971
0.744 3.949238 0.392538
0.745 3.947421 0.391106
0.746 3.947293 0.389915
0.747 3.947282 0.388740
0.748 3.947228 0.387336
0.749 3.947154 0.385829
0.750 3.946274 0.384425
0.751 3.944319 0.383156
0.752 3.942304 0.381882
0.753 3.939956 0.380575
0.754 3.937609 0.379268
0.755 3.937285 0.377836
0.756 3.937274 0.376385
0.757 3.937228 0.375096
0.758 3.937156 0.373932
0.759 3.936707 0.372704
0.760 3.935116 0.371280
0.761 3.933526 0.369857
0.762 3.931005 0.368537
0.763 3.928401 0.367226
0.764 3.927251 0.365970
0.765 3.927188 0.364754
0.766 3.927038 0.363564
0.767 3.926563 0.362469
0.768 3.926088 0.361373
0.769 3.922953 0.360010
0.770 3.919309 0.358596
0.771 3.917303 0.357237
0.772 3.917293 0.355946
0.773 3.917281 0.354659
0.774 3.917216 0.353461
0.775 3.917152 0.352262
0.776 3.916759 0.351130
0.777 3.916172 0.350037
0.778 3.915031 0.348890
0.779 3.911604 0.347516
0.780 3.908177 0.346143
0.781 3.907299 0.345023
0.782 3.907290 0.343991
0.783 3.907264 0.342959
0.784 3.907194 0.341930
0.785 3.907125 0.340901
0.786 3.906359 0.339566
0.787 3.905419 0.338156
0.788 3.903861 0.336865
0.789 3.900892 0.335847
0.790 3.897922 0.334828
0.791 3.897301 0.333808
0.792 3.897292 0.332788
0.793 3.897267 0.331759
0.794 3.897199 0.330707
0.795 3.897132 0.329655
0.796 3.896015 0.328388
0.797 3.894493 0.327037
0.798 3.892847 0.325742
0.799 3.890557 0.324736
0.800 3.888267 0.323731
0.801 3.887305 0.322728
0.802 3.887292 0.321726
0.803 3.887278 0.320724
0.804 3.887214 0.319725
0.805 3.887149 0.318726
0.806 3.886230 0.317729
0.807 3.883912 0.316733
0.808 3.881594 0.315738
0.809 3.879968 0.314740
0.810 3.878570 0.313742
0.811 3.877318 0.312735
0.812 3.877288 0.311649
0.813 3.877258 0.310562
0.814 3.877217 0.309402
0.815 3.877161 0.308149
0.816 3.877105 0.306896
0.817 3.874561 0.305850
0.818 3.871249 0.304868
0.819 3.868138 0.303887
0.820 3.867834 0.302914
0.821 3.867529 0.301940
0.822 3.867314 0.301040
0.823 3.867264 0.300276
0.824 3.867213 0.299513
0.825 3.867167 0.298709
0.826 3.867124 0.297880
0.827 3.867080 0.297051
0.828 3.864039 0.296100
0.829 3.860534 0.295131
0.830 3.857365 0.294162
0.831 3.857358 0.293196
0.832 3.857351 0.292230
0.833 3.857327 0.291265
0.834 3.857263 0.290302
0.835 3.857198 0.289340
0.836 3.856538 0.288380
0.837 3.855280 0.287423
0.838 3.854023 0.286467
0.839 3.852138 0.285513
0.840 3.849949 0.284561
0.841 3.847760 0.283609
0.842 3.847362 0.282937
0.843 3.847339 0.282323
0.844 3.847316 0.281708
0.845 3.847263 0.280775
0.846 3.847209 0.279829
0.847 3.846937 0.278883
0.848 3.844071 0.277941
0.849 3.841205 0.276998
0.850 3.838750 0.276112
0.851 3.838260 0.275501
0.852 3.837769 0.274889
0.853 3.837387 0.274197
0.854 3.837333 0.273262
0.855 3.837278 0.272327
0.856 3.837204 0.271394
0.857 3.837087 0.270469
0.858 3.836970 0.269544
0.859 3.835820 0.268724
0.860 3.832654 0.268110
0.861 3.829488 0.267496
0.862 3.827436 0.266772
0.863 3.827425 0.265846
0.864 3.827415 0.264920
0.865 3.827388 0.264106
0.866 3.827330 0.263505
0.867 3.827272 0.262903
0.868 3.826561 0.262266
0.869 3.824452 0.261553
0.870 3.822343 0.260840
0.871 3.820510 0.260101
0.872 3.819422 0.259295
0.873 3.818333 0.258488
0.874 3.817452 0.257692
0.875 3.817404 0.256938
0.876 3.817355 0.256184
0.877 3.817308 0.255431
0.878 3.817274 0.254676
0.879 3.817240 0.253921
0.880 3.817206 0.253166
0.881 3.814134 0.252568
0.882 3.811040 0.251971
0.883 3.807947 0.251374
0.884 3.807495 0.250729
0.885 3.807483 0.250077
0.886 3.807472 0.249424
0.887 3.807430 0.248696
0.888 3.807375 0.247934
0.889 3.807320 0.247173
0.890 3.806183 0.246569
0.891 3.804036 0.246113
0.892 3.801889 0.245658
0.893 3.800134 0.245108
0.894 3.799241 0.244352
0.895 3.798349 0.243595
0.896 3.797528 0.242850
0.897 3.797471 0.242214
0.898 3.797415 0.241578
0.899 3.797358 0.240943
0.900 3.797111 0.240366
0.901 3.796826 0.239802
0.902 3.796541 0.239238
0.903 3.794917 0.238647
0.904 3.792237 0.238035
0.905 3.789558 0.237423
0.906 3.787577 0.236822
0.907 3.787573 0.236248
0.908 3.787569 0.235673
0.909 3.787564 0.235099
0.910 3.787515 0.234645
0.911 3.787463 0.234199
0.912 3.787411 0.233753
0.913 3.787359 0.233140
0.914 3.787308 0.232411
0.915 3.787257 0.231683
0.916 3.786597 0.231018
0.917 3.783769 0.230579
0.918 3.780941 0.230140
0.919 3.778113 0.229701
0.920 3.777590 0.229261
0.921 3.777564 0.228822
0.922 3.777539 0.228383
0.923 3.777507 0.227943
0.924 3.777465 0.227503
0.925 3.777423 0.227064
0.926 3.777381 0.226624
0.927 3.774715 0.225924
0.928 3.771917 0.225211
0.929 3.769119 0.224497
0.930 3.767658 0.223918
0.931 3.767654 0.223486
0.932 3.767650 0.223053
0.933 3.767646 0.222621
0.934 3.767592 0.222190
0.935 3.767537 0.221759
0.936 3.767482 0.221328
0.937 3.766722 0.220898
0.938 3.765108 0.220469
0.939 3.763495 0.220040
0.940 3.761881 0.219611
0.941 3.760708 0.219183
0.942 3.759584 0.218755
0.943 3.758461 0.218328
0.944 3.757692 0.217901
0.945 3.757682 0.217475
0.946 3.757672 0.217049
0.947 3.757661 0.216623
0.948 3.757623 0.216198
0.949 3.757574 0.215774
0.950 3.757525 0.215350
0.951 3.757325 0.214926
0.952 3.755312 0.214504
0.953 3.753299 0.214083
0.954 3.751286 0.213661
0.955 3.749840 0.213242
0.956 3.749198 0.212825
0.957 3.748556 0.212408
0.958 3.747914 0.211991
0.959 3.747719 0.211738
0.960 3.747696 0.211548
0.961 3.747673 0.211358
0.962 3.747651 0.211167
0.963 3.747612 0.210781
0.964 3.747573 0.210395
0.965 3.747533 0.210009
0.966 3.746855 0.209616
0.967 3.744284 0.209205
0.968 3.741713 0.208794
0.969 3.739142 0.208383
0.970 3.737788 0.208043
0.971 3.737784 0.207784
0.972 3.737781 0.207525
0.973 3.737778 0.207265
0.974 3.737751 0.206972
0.975 3.737711 0.206663
0.976 3.737672 0.206353
0.977 3.737632 0.206043
0.978 3.737605 0.205651
0.979 3.737579 0.205242
0.980 3.737554 0.204833
0.981 3.737529 0.204424
0.982 3.735144 0.204257
0.983 3.732657 0.204100
0.984 3.730171 0.203944
0.985 3.727832 0.203772
0.986 3.727829 0.203366
0.987 3.727826 0.202959
0.988 3.727823 0.202553
0.989 3.727818 0.202178
0.990 3.727797 0.202015
0.991 3.727775 0.201852
0.992 3.727754 0.201689
0.993 3.727702 0.201485
0.994 3.727500 0.201076
0.995 3.727297 0.200667
0.996 3.727094 0.200258
0.997 3.726707 0.199846
0.998 3.725441 0.199415
0.999 3.724175 0.198985
1.000 3.722910 0.198555
1.001 3.721761 0.198137
1.002 3.721293 0.197796
1.003 3.720824 0.197454
1.004 3.720356 0.197112
1.005 3.719895 0.196797
1.006 3.719511 0.196763
1.007 3.719127 0.196728
1.008 3.718744 0.196694
1.009 3.718360 0.196660
1.010 3.717982 0.196514
1.011 3.717605 0.196368
1.012 3.717227 0.196221
1.013 3.716850 0.196075
1.014 3.716465 0.195803
1.015 3.716079 0.195513
1.016 3.715693 0.195222
1.017 3.715307 0.194932
1.018 3.714932 0.194671
1.019 3.714562 0.194422
1.020 3.714192 0.194173
1.021 3.713821 0.193925
1.022 3.713484 0.193567
1.023 3.713177 0.193108
1.024 3.712870 0.192648
1.025 3.712563 0.192189
1.026 3.712252 0.191760
1.027 3.711930 0.191404
1.028 3.711608 0.191048
1.029 3.711287 0.190691
1.030 3.710964 0.190339
1.031 3.710627 0.190113
1.032 3.710290 0.189888
1.033 3.709954 0.189663
1.034 3.709617 0.189438
1.035 3.709303 0.189262
1.036 3.708999 0.189104
1.037 3.708694 0.188946
1.038 3.708389 0.188788
1.039 3.708081 0.188570
1.040 3.707768 0.188259
1.041 3.707455 0.187948
1.042 3.707141 0.187637
1.043 3.706828 0.187324
1.044 3.706517 0.186966
1.045 3.706207 0.186608
1.046 3.705896 0.186250
1.047 3.705585 0.185891
1.048 3.705302 0.185638
1.049 3.705036 0.185450
1.050 3.704769 0.185262
1.051 3.704503 0.185075
1.052 3.704238 0.184884
1.053 3.703976 0.184678
1.054 3.703715 0.184472
1.055 3.703454 0.184265
1.056 3.703193 0.184059
1.057 3.702901 0.183699
1.058 3.702595 0.183267
1.059 3.702289 0.182835
1.060 3.701984 0.182403
1.061 3.701681 0.181986
1.062 3.701398 0.181645
1.063 3.701115 0.181304
1.064 3.700831 0.180964
1.065 3.700548 0.180623
1.066 3.700261 0.180237
1.067 3.699972 0.179822
1.068 3.699683 0.179407
1.069 3.699394 0.178992
1.070 3.699105 0.178576
1.071 3.698810 0.178235
1.072 3.698514 0.177893
1.073 3.698218 0.177551
1.074 3.697922 0.177209
1.075 3.697643 0.176873
1.076 3.697392 0.176547
1.077 3.697142 0.176222
1.078 3.696891 0.175896
1.079 3.696640 0.175570
1.080 3.696380 0.175369
1.081 3.696116 0.175225
1.082 3.695851 0.175082
1.083 3.695586 0.174939
1.084 3.695321 0.174796
1.085 3.695085 0.174495
1.086 3.694849 0.174188
1.087 3.694614 0.173881
1.088 3.694379 0.173573
1.089 3.694145 0.173262
1.090 3.693916 0.172936
1.091 3.693688 0.172609
1.092 3.693460 0.172283
1.093 3.693232 0.171957
1.094 3.692991 0.171566
1.095 3.692730 0.171076
1.096 3.692468 0.170585
1.097 3.692207 0.170094
1.098 3.691945 0.169603
1.099 3.691693 0.169093
1.100 3.691447 0.168566
1.101 3.691201 0.168039
1.102 3.690956 0.167512
1.103 3.690710 0.166985
1.104 3.690464 0.166565
1.105 3.690218 0.166202
1.106 3.689971 0.165840
1.107 3.689725 0.165477
1.108 3.689479 0.165115
1.109 3.689231 0.164876
1.110 3.688982 0.164687
1.111 3.688734 0.164498
1.112 3.688485 0.164308
1.113 3.688237 0.164119
1.114 3.688000 0.163871
1.115 3.687768 0.163601
1.116 3.687536 0.163332
1.117 3.687304 0.163063
1.118 3.687071 0.162794
1.119 3.686840 0.162448
1.120 3.686609 0.162072
1.121 3.686377 0.161696
1.122 3.686146 0.161320
1.123 3.685915 0.160944
1.124 3.685701 0.160604
1.125 3.685496 0.160285
1.126 3.685291 0.159966
1.127 3.685087 0.159646
1.128 3.684882 0.159327
1.129 3.684680 0.158974
1.130 3.684480 0.158592
1.131 3.684280 0.158209
1.132 3.684080 0.157826
1.133 3.683881 0.157443
1.134 3.683671 0.157084
1.135 3.683443 0.156764
1.136 3.683215 0.156444
1.137 3.682986 0.156124
1.138 3.682758 0.155804
1.139 3.682534 0.155503
1.140 3.682327 0.155302
1.141 3.682120 0.155100
1.142 3.681913 0.154899
1.143 3.681706 0.154698
1.144 3.681499 0.154497
1.145 3.681267 0.154197
1.146 3.681031 0.153885
1.147 3.680795 0.153574
1.148 3.680560 0.153262
1.149 3.680324 0.152951
1.150 3.680101 0.152661
1.151 3.679886 0.152387
1.152 3.679671 0.152112
1.153 3.679456 0.151838
1.154 3.679241 0.151563
1.155 3.679032 0.151280
1.156 3.678846 0.150971
1.157 3.678660 0.150662
1.158 3.678474 0.150353
1.159 3.678288 0.150044
1.160 3.678102 0.149735
1.161 3.677898 0.149410
1.162 3.677689 0.149081
1.163 3.677481 0.148752
1.164 3.677272 0.148424
1.165 3.677064 0.148095
1.166 3.676858 0.147792
1.167 3.676656 0.147533
1.168 3.676454 0.147274
1.169 3.676252 0.147015
1.170 3.676050 0.146756
1.171 3.675848 0.146497
1.172 3.675650 0.146342
1.173 3.675453 0.146203
1.174 3.675256 0.146064
1.175 3.675059 0.145926
1.176 3.674862 0.145787
1.177 3.674668 0.145653
1.178 3.674484 0.145529
1.179 3.674299 0.145405
1.180 3.674115 0.145281
1.181 3.673930 0.145157
1.182 3.673746 0.145033
1.183 3.673565 0.144894
1.184 3.673387 0.144747
1.185 3.673208 0.144600
1.186 3.673030 0.144453
1.187 3.672851 0.144307
1.188 3.672672 0.144160
1.189 3.672501 0.144002
1.190 3.672329 0.143843
1.191 3.672157 0.143685
1.192 3.671985 0.143527
1.193 3.671813 0.143369
1.194 3.671644 0.143222
1.195 3.671483 0.143103
1.196 3.671322 0.142984
1.197 3.671160 0.142865
1.198 3.670999 0.142747
1.199 3.670837 0.142628
1.200 3.670664 0.142500
1.201 3.670479 0.142365
1.202 3.670294 0.142230
1.203 3.670108 0.142094
1.204 3.669923 0.141959
1.205 3.669738 0.141824
1.206 3.669566 0.141735
1.207 3.669399 0.141667
1.208 3.669233 0.141600
1.209 3.669066 0.141533
1.210 3.668900 0.141465
1.211 3.668733 0.141398
1.212 3.668566 0.141275
1.213 3.668399 0.141138
1.214 3.668233 0.141001
1.215 3.668066 0.140864
1.216 3.667899 0.140727
1.217 3.667732 0.140590
1.218 3.667568 0.140399
1.219 3.667404 0.140198
1.220 3.667240 0.139996
1.221 3.667076 0.139795
1.222 3.666912 0.139593
1.223 3.666748 0.139392
1.224 3.666569 0.139311
1.225 3.666386 0.139254
1.226 3.666203 0.139197
1.227 3.666021 0.139139
1.228 3.665838 0.139082
1.229 3.665655 0.139025
1.230 3.665499 0.138953
1.231 3.665352 0.138875
1.232 3.665204 0.138798
1.233 3.665057 0.138720
1.234 3.664909 0.138643
1.235 3.664762 0.138566
1.236 3.664611 0.138424
1.237 3.664459 0.138247
1.238 3.664308 0.138069
1.239 3.664156 0.137891
1.240 3.664004 0.137714
1.241 3.663852 0.137536
1.242 3.663693 0.137394
1.243 3.663524 0.137294
1.244 3.663355 0.137195
1.245 3.663187 0.137096
1.246 3.663018 0.136997
1.247 3.662849 0.136898
1.248 3.662680 0.136788
1.249 3.662513 0.136635
1.250 3.662345 0.136482
1.251 3.662177 0.136329
1.252 3.662009 0.136176
1.253 3.661841 0.136023
1.254 3.661673 0.135869
1.255 3.661510 0.135635
1.256 3.661347 0.135389
1.257 3.661184 0.135143
1.258 3.661021 0.134897
1.259 3.660858 0.134651
1.260 3.660695 0.134406
1.261 3.660535 0.134254
1.262 3.660377 0.134197
1.263 3.660218 0.134139
1.264 3.660060 0.134082
1.265 3.659902 0.134024
1.266 3.659744 0.133967
1.267 3.659586 0.133910
1.268 3.659432 0.133870
1.269 3.659278 0.133830
1.270 3.659124 0.133789
1.271 3.658970 0.133749
1.272 3.658816 0.133709
1.273 3.658662 0.133669
1.274 3.658511 0.133587
1.275 3.658361 0.133472
1.276 3.658212 0.133356
1.277 3.658063 0.133241
1.278 3.657913 0.133126
1.279 3.657764 0.133010
1.280 3.657614 0.132895
1.281 3.657469 0.132751
1.282 3.657323 0.132607
1.283 3.657178 0.132462
1.284 3.657032 0.132317
1.285 3.656887 0.132173
1.286 3.656741 0.132028
1.287 3.656597 0.131888
1.288 3.656456 0.131756
1.289 3.656314 0.131624
1.290 3.656173 0.131492
1.291 3.656031 0.131361
1.292 3.655890 0.131229
1.293 3.655748 0.131097
1.294 3.655609 0.130980
1.295 3.655472 0.130871
1.296 3.655335 0.130763
1.297 3.655197 0.130654
1.298 3.655060 0.130546
1.299 3.654923 0.130437
1.300 3.654785 0.130329
1.301 3.654651 0.130273
1.302 3.654517 0.130228
1.303 3.654384 0.130184
1.304 3.654250 0.130139
1.305 3.654116 0.130095
1.306 3.653982 0.130051
1.307 3.653849 0.130006
1.308 3.653719 0.129863
1.309 3.653589 0.129715
1.310 3.653459 0.129567
1.311 3.653329 0.129420
1.312 3.653199 0.129272
1.313 3.653069 0.129124
1.314 3.652939 0.128976
1.315 3.652812 0.128808
1.316 3.652686 0.128640
1.317 3.652560 0.128472
1.318 3.652434 0.128304
1.319 3.652308 0.128137
1.320 3.652182 0.127969
1.321 3.652055 0.127799
1.322 3.651933 0.127575
1.323 3.651810 0.127351
1.324 3.651687 0.127126
1.325 3.651564 0.126902
1.326 3.651442 0.126678
1.327 3.651319 0.126453
1.328 3.651196 0.126229
1.329 3.651077 0.126170
1.330 3.650958 0.126121
1.331 3.650839 0.126071
1.332 3.650720 0.126022
1.333 3.650601 0.125973
1.334 3.650482 0.125923
1.335 3.650363 0.125874
1.336 3.650246 0.125772
1.337 3.650130 0.125657
1.338 3.650014 0.125541
1.339 3.649898 0.125426
1.340 3.649782 0.125310
1.341 3.649666 0.125195
1.342 3.649550 0.125079
1.343 3.649436 0.124916
1.344 3.649324 0.124715
1.345 3.649212 0.124514
1.346 3.649099 0.124313
1.347 3.648987 0.124112
1.348 3.648874 0.123911
1.349 3.648762 0.123710
1.350 3.648651 0.123494
1.351 3.648541 0.123233
1.352 3.648432 0.122971
1.353 3.648323 0.122710
1.354 3.648214 0.122448
1.355 3.648105 0.122187
1.356 3.647996 0.121925
1.357 3.647886 0.121664
1.358 3.647780 0.121550
1.359 3.647675 0.121462
1.360 3.647570 0.121374
1.361 3.647464 0.121286
1.362 3.647359 0.121197
1.363 3.647253 0.121109
1.364 3.647148 0.121021
1.365 3.647044 0.120947
1.366 3.646941 0.120897
1.367 3.646839 0.120847
1.368 3.646737 0.120796
1.369 3.646635 0.120746
1.370 3.646533 0.120696
1.371 3.646431 0.120645
1.372 3.646329 0.120595
1.373 3.646230 0.120538
1.374 3.646131 0.120480
1.375 3.646033 0.120422
1.376 3.645934 0.120364
1.377 3.645836 0.120306
1.378 3.645738 0.120248
1.379 3.645639 0.120190
1.380 3.645541 0.120100
1.381 3.645447 0.119866
1.382 3.645352 0.119632
1.383 3.645257 0.119398
1.384 3.645162 0.119164
1.385 3.645067 0.118930
1.386 3.644972 0.118695
1.387 3.644877 0.118461
1.388 3.644784 0.118261
1.389 3.644693 0.118101
1.390 3.644602 0.117941
1.391 3.644511 0.117781
1.392 3.644420 0.117621
1.393 3.644329 0.117460
1.394 3.644238 0.117300
1.395 3.644147 0.117140
1.396 3.644059 0.116943
1.397 3.643971 0.116726
1.398 3.643884 0.116508
1.399 3.643796 0.116290
1.400 3.643709 0.116073
1.401 3.643622 0.115855
1.402 3.643534 0.115637
1.403 3.643447 0.115420
1.404 3.643363 0.115208
1.405 3.643279 0.114999
1.406 3.643196 0.114790
1.407 3.643112 0.114581
1.408 3.643029 0.114372
1.409 3.642945 0.114163
1.410 3.642861 0.113953
1.411 3.642778 0.113744
1.412 3.642697 0.113531
1.413 3.642618 0.113316
1.414 3.642538 0.113101
1.415 3.642458 0.112886
1.416 3.642379 0.112672
1.417 3.642299 0.112457
1.418 3.642219 0.112242
1.419 3.642139 0.112027
1.420 3.642062 0.111852
1.421 3.641987 0.111697
1.422 3.641911 0.111541
1.423 3.641835 0.111386
1.424 3.641760 0.111231
1.425 3.641684 0.111075
1.426 3.641608 0.110920
1.427 3.641533 0.110765
1.428 3.641459 0.110613
1.429 3.641388 0.110464
1.430 3.641316 0.110315
1.431 3.641245 0.110166
1.432 3.641174 0.110017
1.433 3.641103 0.109868
1.434 3.641031 0.109719
1.435 3.640960 0.109570
1.436 3.640889 0.109412
1.437 3.640822 0.109220
1.438 3.640755 0.109028
1.439 3.640687 0.108837
1.440 3.640620 0.108645
1.441 3.640552 0.108454
1.442 3.640485 0.108262
1.443 3.640418 0.108070
1.444 3.640350 0.107879
1.445 3.640286 0.107692
1.446 3.640223 0.107506
1.447 3.640160 0.107321
1.448 3.640097 0.107135
1.449 3.640034 0.106949
1.450 3.639971 0.106763
1.451 3.639908 0.106578
1.452 3.639844 0.106392
1.453 3.639783 0.106199
1.454 3.639725 0.105997
1.455 3.639666 0.105794
1.456 3.639608 0.105591
1.457 3.639549 0.105389
1.458 3.639491 0.105186
1.459 3.639432 0.104983
1.460 3.639374 0.104781
1.461 3.639316 0.104578
1.462 3.639262 0.104389
1.463 3.639209 0.104203
1.464 3.639156 0.104016
1.465 3.639103 0.103830
1.466 3.639050 0.103644
1.467 3.638997 0.103458
1.468 3.638944 0.103271
1.469 3.638891 0.103085
1.470 3.638839 0.102907
1.471 3.638792 0.102776
1.472 3.638744 0.102644
1.473 3.638697 0.102513
1.474 3.638650 0.102381
1.475 3.638602 0.102250
1.476 3.638555 0.102118
1.477 3.638508 0.101987
1.478 3.638461 0.101856
1.479 3.638416 0.101689
1.480 3.638374 0.101466
1.481 3.638333 0.101243
1.482 3.638292 0.101020
1.483 3.638251 0.100797
1.484 3.638209 0.100573
1.485 3.638168 0.100350
1.486 3.638127 0.100127
1.487 3.638086 0.099904
1.488 3.638048 0.099713
1.489 3.638014 0.099554
1.490 3.637979 0.099395
1.491 3.637945 0.099235
1.492 3.637911 0.099076
1.493 3.637876 0.098917
1.494 3.637842 0.098758
1.495 3.637808 0.098598
1.496 3.637773 0.098439
1.497 3.637743 0.098264
1.498 3.637716 0.098073
1.499 3.637690 0.097883
1.500 3.637664 0.097692
1.501 3.637637 0.097502
1.502 3.637611 0.097311
1.503 3.637584 0.097121
1.504 3.637558 0.096931
1.505 3.637531 0.096740
1.506 3.637509 0.096541
1.507 3.637492 0.096329
1.508 3.637475 0.096117
1.509 3.637459 0.095905
1.510 3.637442 0.095693
1.511 3.637425 0.095481
1.512 3.637408 0.095269
1.513 3.637392 0.095058
1.514 3.637375 0.094846
1.515 3.637360 0.094628
1.516 3.637354 0.094388
1.517 3.637347 0.094148
1.518 3.637341 0.093909
1.519 3.637334 0.093669
1.520 3.637328 0.093429
1.521 3.637322 0.093190
1.522 3.637315 0.092950
1.523 3.637309 0.092710
1.524 3.637302 0.092471
1.525 3.637307 0.092122
1.526 3.637312 0.091763
1.527 3.637318 0.091404
1.528 3.637324 0.091045
1.529 3.637329 0.090685
1.530 3.637335 0.090326
1.531 3.637341 0.089967
1.532 3.637346 0.089608
1.533 3.637352 0.089248
1.534 3.637365 0.088932
1.535 3.637386 0.088663
1.536 3.637407 0.088394
1.537 3.637429 0.088125
1.538 3.637450 0.087856
1.539 3.637471 0.087587
1.540 3.637492 0.087318
1.541 3.637513 0.087049
1.542 3.637535 0.086780
1.543 3.637556 0.086511
1.544 3.637595 0.086271
1.545 3.637635 0.086034
1.546 3.637675 0.085796
1.547 3.637715 0.085559
1.548 3.637755 0.085322
1.549 3.637795 0.085084
1.550 3.637836 0.084847
1.551 3.637876 0.084610
1.552 3.637916 0.084372
1.553 3.637962 0.084122
1.554 3.638026 0.083833
1.555 3.638090 0.083543
1.556 3.638154 0.083254
1.557 3.638218 0.082965
1.558 3.638282 0.082676
1.559 3.638347 0.082387
1.560 3.638411 0.082097
1.561 3.638475 0.081808
1.562 3.638539 0.081519
1.563 3.638618 0.081247
1.564 3.638713 0.080993
1.565 3.638809 0.080740
1.566 3.638905 0.080486
1.567 3.639001 0.080233
1.568 3.639097 0.079979
1.569 3.639193 0.079725
1.570 3.639288 0.079472
1.571 3.639384 0.079218
1.572 3.639480 0.078965
1.573 3.639600 0.078639
1.574 3.639739 0.078256
1.575 3.639878 0.077872
1.576 3.640017 0.077488
1.577 3.640156 0.077105
1.578 3.640295 0.076721
1.579 3.640434 0.076337
1.580 3.640573 0.075953
1.581 3.640712 0.075570
1.582 3.640852 0.075186
1.583 3.641021 0.074814
1.584 3.641219 0.074452
1.585 3.641417 0.074090
1.586 3.641615 0.073729
1.587 3.641813 0.073367
1.588 3.642011 0.073006
1.589 3.642209 0.072644
1.590 3.642407 0.072283
1.591 3.642605 0.071921
1.592 3.642803 0.071560
1.593 3.643028 0.071186
1.594 3.643303 0.070788
1.595 3.643579 0.070390
1.596 3.643855 0.069992
1.597 3.644131 0.069594
1.598 3.644407 0.069196
1.599 3.644682 0.068798
1.600 3.644958 0.068400
1.601 3.645234 0.068002
1.602 3.645510 0.067605
1.603 3.645789 0.067204
1.604 3.646155 0.066743
1.605 3.646521 0.066282
1.606 3.646887 0.065821
1.607 3.647253 0.065360
1.608 3.647619 0.064899
1.609 3.647985 0.064437
1.610 3.648351 0.063976
1.611 3.648717 0.063515
1.612 3.649083 0.063054
1.613 3.649449 0.062593
1.614 3.649859 0.062091
1.615 3.650299 0.061562
1.616 3.650739 0.061033
1.617 3.651179 0.060504
1.618 3.651618 0.059975
1.619 3.652058 0.059446
1.620 3.652498 0.058917
1.621 3.652938 0.058388
1.622 3.653378 0.057859
1.623 3.653818 0.057330
1.624 3.654258 0.056801
1.625 3.654721 0.056252
1.626 3.655184 0.055703
1.627 3.655646 0.055153
1.628 3.656109 0.054604
1.629 3.656572 0.054055
1.630 3.657034 0.053506
1.631 3.657497 0.052957
1.632 3.657960 0.052408
1.633 3.658422 0.051859
1.634 3.658885 0.051310
1.635 3.659322 0.050725
1.636 3.659703 0.050064
1.637 3.660084 0.049402
1.638 3.660465 0.048741
1.639 3.660846 0.048080
1.640 3.661227 0.047418
1.641 3.661608 0.046757
1.642 3.661989 0.046096
1.643 3.662370 0.045434
1.644 3.662751 0.044773
1.645 3.663132 0.044111
1.646 3.663414 0.043397
1.647 3.663578 0.042619
1.648 3.663743 0.041842
1.649 3.663907 0.041065
1.650 3.664071 0.040287
1.651 3.664236 0.039510
1.652 3.664400 0.038732
1.653 3.664564 0.037955
1.654 3.664729 0.037177
1.655 3.664893 0.036400
1.656 3.665057 0.035623
1.657 3.665133 0.034835
1.658 3.664997 0.034023
1.659 3.664860 0.033211
1.660 3.664724 0.032400
1.661 3.664587 0.031588
1.662 3.664451 0.030776
1.663 3.664314 0.029964
1.664 3.664178 0.029152
1.665 3.664041 0.028341
1.666 3.663905 0.027529
1.667 3.663769 0.026717
1.668 3.663632 0.025905
1.669 3.663174 0.025151
1.670 3.662709 0.024398
1.671 3.662243 0.023645
1.672 3.661778 0.022892
1.673 3.661313 0.022140
1.674 3.660847 0.021387
1.675 3.660382 0.020634
1.676 3.659917 0.019881
1.677 3.659452 0.019128
1.678 3.658986 0.018375
1.679 3.658521 0.017623
1.680 3.657918 0.016959
1.681 3.657180 0.016381
1.682 3.656442 0.015804
1.683 3.655704 0.015226
1.684 3.654966 0.014649
1.685 3.654228 0.014072
1.686 3.653490 0.013494
1.687 3.652752 0.012917
1.688 3.652014 0.012339
1.689 3.651276 0.011762
1.690 3.650537 0.011185
1.691 3.649799 0.010607
1.692 3.648940 0.010204
1.693 3.648064 0.009824
1.694 3.647187 0.009445
1.695 3.646311 0.009066
1.696 3.645434 0.008687
1.697 3.644557 0.008308
1.698 3.643681 0.007929
1.699 3.642804 0.007550
1.700 3.641928 0.007171
1.701 3.641051 0.006792
1.702 3.640175 0.006412
1.703 3.639297 0.006007
1.704 3.638402 0.005755
1.705 3.637508 0.005505
1.706 3.636613 0.005259
1.707 3.635719 0.005016
1.708 3.634824 0.004776
1.709 3.633930 0.004539
1.710 3.633035 0.004305
1.711 3.632141 0.004074
1.712 3.631246 0.003847
1.713 3.630352 0.003622
1.714 3.629457 0.003400
1.715 3.628572 0.003192
1.716 3.627747 0.003060
1.717 3.626923 0.002930
1.718 3.626099 0.002801
1.719 3.625275 0.002674
1.720 3.624451 0.002549
1.721 3.623627 0.002425
1.722 3.622803 0.002303
1.723 3.621979 0.002183
1.724 3.621155 0.002064
1.725 3.620331 0.001946
1.726 3.619507 0.001831
1.727 3.618683 0.001716
1.728 3.617961 0.001646
1.729 3.617240 0.001576
1.730 3.616518 0.001507
1.731 3.615797 0.001439
1.732 3.615076 0.001372
1.733 3.614354 0.001306
1.734 3.613633 0.001241
1.735 3.612912 0.001176
1.736 3.612190 0.001113
1.737 3.611469 0.001050
1.738 3.610748 0.000988
1.739 3.610026 0.000927
1.740 3.609379 0.000883
1.741 3.608765 0.000847
1.742 3.608151 0.000811
1.743 3.607536 0.000776
1.744 3.606922 0.000741
1.745 3.606308 0.000707
1.746 3.605693 0.000673
1.747 3.605079 0.000640
1.748 3.604465 0.000607
1.749 3.603850 0.000574
1.750 3.603236 0.000542
1.751 3.602622 0.000511
1.752 3.602025 0.000482
1.753 3.601492 0.000462
1.754 3.600959 0.000443
1.755 3.600426 0.000424
1.756 3.599893 0.000405
1.757 3.599361 0.000387
1.758 3.598828 0.000369
1.759 3.598295 0.000351
1.760 3.597762 0.000333
1.761 3.597229 0.000315
1.762 3.596696 0.000298
1.763 3.596163 0.000281
1.764 3.595630 0.000264
1.765 3.595134 0.000251
1.766 3.594667 0.000241
1.767 3.594200 0.000231
1.768 3.593733 0.000221
1.769 3.593267 0.000212
1.770 3.592800 0.000202
1.771 3.592333 0.000193
1.772 3.591866 0.000184
1.773 3.591399 0.000175
1.774 3.590932 0.000166
1.775 3.590466 0.000157
1.776 3.589999 0.000148
1.777 3.589532 0.000139
1.778 3.589097 0.000133
1.779 3.588674 0.000128
1.780 3.588252 0.000122
1.781 3.587829 0.000117
1.782 3.587406 0.000112
1.783 3.586984 0.000107
1.784 3.586561 0.000102
1.785 3.586139 0.000097
1.786 3.585716 0.000093
1.787 3.585293 0.000088
1.788 3.584871 0.000083
1.789 3.584448 0.000079
1.790 3.584026 0.000074
1.791 3.583595 0.000071
1.792 3.583162 0.000068
1.793 3.582728 0.000065
1.794 3.582294 0.000063
1.795 3.581860 0.000060
1.796 3.581427 0.000057
1.797 3.580993 0.000055
1.798 3.580559 0.000052
1.799 3.580125 0.000050
1.800 3.579692 0.000047
1.801 3.579258 0.000045
1.802 3.578824 0.000042
1.803 3.578390 0.000040
1.804 3.577966 0.000038
1.805 3.577552 0.000036
1.806 3.577139 0.000034
1.807 3.576725 0.000032
1.808 3.576312 0.000030
1.809 3.575898 0.000028
1.810 3.575485 0.000026
1.811 3.575071 0.000024
1.812 3.574658 0.000023
1.813 3.574244 0.000021
1.814 3.573831 0.000019
1.815 3.573417 0.000017
1.816 3.573003 0.000016
1.817 3.572590 0.000014
1.818 3.572188 0.000013
1.819 3.571786 0.000012
1.820 3.571383 0.000011
1.821 3.570981 0.000010
1.822 3.570579 0.000009
1.823 3.570177 0.000007
1.824 3.569774 0.000006
1.825 3.569372 0.000005
1.826 3.568970 0.000004
1.827 3.568567 0.000003
1.828 3.568165 0.000002
1.829 3.567763 0.000001
1.830 3.567360 0.000001
1.831 3.566963 0.000000
1.832 3.566572 0.000000
1.833 3.566180 0.000000
1.834 3.565789 0.000000
1.835 3.565398 0.000000
1.836 3.565006 0.000000
1.837 3.564615 0.000000
1.838 3.564224 0.000000
1.839 3.563832 0.000000
1.840 3.563441 0.000000
1.841 3.563050 0.000000
1.842 3.562658 0.000000
1.843 3.562267 0.000000
1.844 3.561876 0.000000
1.845 3.561491 0.000000
1.846 3.561111 0.000000
1.847 3.560730 0.000000
1.848 3.560350 0.000000
1.849 3.559970 0.000000
1.850 3.559589 0.000000
1.851 3.559209 0.000000
1.852 3.558828 0.000000
1.853 3.558448 0.000000
1.854 3.558068 0.000000
1.855 3.557687 0.000000
1.856 3.557307 0.000000
1.857 3.556927 0.000000
1.858 3.556546 0.000000
1.859 3.556172 0.000000
1.860 3.555802 0.000000
1.861 3.555432 0.000000
1.862 3.555062 0.000000
1.863 3.554692 0.000000
1.864 3.554322 0.000000
1.865 3.553952 0.000000
1.866 3.553583 0.000000
1.867 3.553213 0.000000
1.868 3.552843 0.000000
1.869 3.552473 0.000000
1.870 3.552103 0.000000
1.871 3.551733 0.000000
1.872 3.551363 0.000000
1.873 3.550997 0.000000
1.874 3.550637 0.000000
1.875 3.550277 0.000000
1.876 3.549918 0.000000
1.877 3.549558 0.000000
1.878 3.549198 0.000000
1.879 3.548839 0.000000
1.880 3.548479 0.000000
1.881 3.548119 0.000000
1.882 3.547760 0.000000
1.883 3.547400 0.000000
1.884 3.547041 0.000000
1.885 3.546681 0.000000
1.886 3.546321 0.000000
1.887 3.545962 0.000000
1.888 3.545610 0.000000
1.889 3.545261 0.000000
1.890 3.544911 0.000000
1.891 3.544561 0.000000
1.892 3.544212 0.000000
1.893 3.543862 0.000000
1.894 3.543512 0.000000
1.895 3.543163 0.000000
1.896 3.542813 0.000000
1.897 3.542463 0.000000
1.898 3.542114 0.000000
1.899 3.541764 0.000000
1.900 3.541414 0.000000