0.253 1.945810 3.201237
0.254 1.994957 3.219284
0.255 2.038002 3.236346
0.256 2.078046 3.249033
0.257 2.122488 3.261712
0.258 2.166550 3.274440
0.259 2.211197 3.287165
0.260 2.257190 3.299709
0.261 2.309230 3.311767
0.262 2.357813 3.321907
0.263 2.408909 3.326296
0.264 2.462806 3.332656
0.265 2.518076 3.330401
0.266 2.578230 3.329508
0.267 2.633412 3.322399
0.268 2.687076 3.312319
0.269 2.744970 3.300604
0.270 2.798176 3.282488
0.271 2.852734 3.262868
0.272 2.903598 3.242675
0.273 2.953332 3.216852
0.274 3.001413 3.189051
0.275 3.047097 3.161142
0.276 3.089397 3.130434
0.277 3.128302 3.099040
0.278 3.166022 3.063048
0.279 3.202660 3.030051
0.280 3.238145 2.996044
0.281 3.268560 2.957776
0.282 3.295252 2.918670
0.283 3.322784 2.882061
0.284 3.347300 2.844612
0.285 3.367943 2.805729
0.286 3.388394 2.768435
0.287 3.406409 2.731658
0.288 3.421390 2.694194
0.289 3.436133 2.657321
0.290 3.449477 2.621984
0.291 3.458420 2.585712
0.292 3.466595 2.548880
0.293 3.474717 2.514720
0.294 3.480094 2.481458
0.295 3.482548 2.449313
0.296 3.484355 2.418474
0.297 3.486704 2.387588
0.298 3.489766 2.357400
0.299 3.488099 2.327345
0.300 3.485113 2.300171
0.301 3.482060 2.274574
0.302 3.479092 2.249231
0.303 3.476216 2.224360
0.304 3.471892 2.204461
0.305 3.465094 2.182332
0.306 3.459079 2.163003
0.307 3.452337 2.141528
0.308 3.446649 2.122322
0.309 3.440020 2.103423
0.310 3.434426 2.087668
0.311 3.428049 2.071183
0.312 3.419683 2.055521
0.313 3.413172 2.043112
0.314 3.405812 2.031152
0.315 3.399964 2.019307
0.316 3.394769 2.007590
0.317 3.386768 1.995956
0.318 3.380135 1.984410
0.319 3.373457 1.972952
0.320 3.365983 1.963836
0.321 3.359015 1.957102
0.322 3.352086 1.948408
0.323 3.347898 1.942163
0.324 3.342486 1.933268
0.325 3.336533 1.927128
0.326 3.329625 1.921127
0.327 3.326208 1.915001
0.328 3.319976 1.910699
0.329 3.316610 1.904920
0.330 3.310995 1.902128
0.331 3.307383 1.897552
0.332 3.302522 1.894809
0.333 3.298468 1.890648
0.334 3.294204 1.887659
0.335 3.289719 1.886447
0.336 3.286062 1.883008
0.337 3.284263 1.879711
0.338 3.280246 1.878702
0.339 3.276048 1.878786
0.340 3.275164 1.878920
0.341 3.274566 1.879065
0.342 3.271605 1.876834
0.343 3.266927 1.872873
0.344 3.265042 1.871688
0.345 3.264416 1.871752
0.346 3.263947 1.871966
0.347 3.263507 1.872196
0.348 3.263090 1.872440
0.349 3.262696 1.872697
0.350 3.262321 1.872963
0.351 3.261963 1.873240
0.352 3.261636 1.873537
0.353 3.261333 1.873867
0.354 3.261043 1.876916
0.355 3.260770 1.880323
0.356 3.260517 1.882865
0.357 3.260287 1.883224
0.358 3.260075 1.883596
0.359 3.260032 1.883979
0.360 3.263481 1.884380
0.361 3.267071 1.886168
0.362 3.267425 1.889728
0.363 3.267353 1.893382
0.364 3.270656 1.894137
0.365 3.273971 1.894604
0.366 3.274990 1.895087
0.367 3.275063 1.897620
0.368 3.277671 1.902020
0.369 3.281415 1.904327
0.370 3.283707 1.905160
0.371 3.287772 1.907027
0.372 3.290200 1.911420
0.373 3.293799 1.914282
0.374 3.297158 1.915428
0.375 3.299708 1.916420
0.376 3.303896 1.921019
0.377 3.306693 1.924295
0.378 3.310024 1.925834
0.379 3.313461 1.929420
0.380 3.319266 1.932941
0.381 3.322809 1.935887
0.382 3.325547 1.937485
0.383 3.328989 1.941303
0.384 3.334654 1.945242
0.385 3.339068 1.946849
0.386 3.344219 1.950270
0.387 3.348819 1.954399
0.388 3.353848 1.957503
0.389 3.358874 1.961847
0.390 3.365513 1.965345
0.391 3.372271 1.968861
0.392 3.377999 1.973353
0.393 3.382443 1.976744
0.394 3.388391 1.981097
0.395 3.395883 1.985023
0.396 3.404706 1.991388
0.397 3.410545 1.994849
0.398 3.417296 1.998466
0.399 3.425978 2.002803
0.400 3.433054 2.008836
0.401 3.439611 2.012867
0.402 3.446749 2.018890
0.403 3.455907 2.023549
0.404 3.466167 2.029144
0.405 3.478500 2.034568
0.406 3.491012 2.039926
0.407 3.501895 2.045204
0.408 3.513167 2.050532
0.409 3.526058 2.055649
0.410 3.540027 2.060904
0.411 3.555953 2.066187
0.412 3.570807 2.070798
0.413 3.585791 2.074112
0.414 3.602062 2.075554
0.415 3.620045 2.076567
0.416 3.638191 2.076889
0.417 3.657045 2.074796
0.418 3.678280 2.071960
0.419 3.699356 2.067530
0.420 3.718537 2.061130
0.421 3.735145 2.053792
0.422 3.750408 2.044652
0.423 3.763841 2.034283
0.424 3.777929 2.024382
0.425 3.791537 2.014142
0.426 3.803102 2.003691
0.427 3.811501 1.992230
0.428 3.817802 1.981290
0.429 3.822557 1.971691
0.430 3.825976 1.961304
0.431 3.830744 1.952306
0.432 3.834980 1.945872
0.433 3.838554 1.940892
0.434 3.840211 1.936692
0.435 3.841848 1.933360
0.436 3.843540 1.932977
0.437 3.845321 1.934237
0.438 3.847231 1.935736
0.439 3.850196 1.938222
0.440 3.855226 1.942729
0.441 3.861029 1.947863
0.442 3.868705 1.954672
0.443 3.876788 1.962628
0.444 3.885101 1.971990
0.445 3.896345 1.980524
0.446 3.909457 1.986973
0.447 3.925882 1.993925
0.448 3.943561 2.001731
0.449 3.962574 2.010671
0.450 3.982859 2.019656
0.451 4.006363 2.027359
0.452 4.032141 2.033456
0.453 4.059410 2.038384
0.454 4.087686 2.042054
0.455 4.118549 2.042911
0.456 4.150998 2.040608
0.457 4.184037 2.035776
0.458 4.217019 2.028783
0.459 4.249863 2.021108
0.460 4.282554 2.010313
0.461 4.315130 1.997063
0.462 4.346545 1.981628
0.463 4.375534 1.962852
0.464 4.405556 1.942170
0.465 4.435340 1.920697
0.466 4.463480 1.897545
0.467 4.489866 1.871155
0.468 4.513976 1.841938
0.469 4.535373 1.811782
0.470 4.555929 1.780770
0.471 4.575857 1.749011
0.472 4.592037 1.716309
0.473 4.606927 1.682877
0.474 4.620930 1.649004
0.475 4.630519 1.614857
0.476 4.637472 1.580564
0.477 4.643370 1.546364
0.478 4.646796 1.513058
0.479 4.647489 1.482407
0.480 4.646965 1.452094
0.481 4.644360 1.421530
0.482 4.640195 1.394201
0.483 4.635935 1.367689
0.484 4.629815 1.341324
0.485 4.622242 1.315201
0.486 4.615377 1.289516
0.487 4.610718 1.264716
0.488 4.605431 1.242656
0.489 4.597711 1.221071
0.490 4.589434 1.199582
0.491 4.581122 1.180675
0.492 4.572675 1.162973
0.493 4.562902 1.145535
0.494 4.551414 1.128286
0.495 4.540341 1.111136
0.496 4.531356 1.094848
0.497 4.522990 1.079952
0.498 4.514644 1.067052
0.499 4.506312 1.053775
0.500 4.497996 1.040804
0.501 4.489695 1.027845
0.502 4.481408 1.014771
0.503 4.473139 1.002520
0.504 4.464889 0.989748
0.505 4.456662 0.979015
0.506 4.448460 0.969537
0.507 4.440279 0.959822
0.508 4.432117 0.950005
0.509 4.423978 0.940461
0.510 4.416272 0.931268
0.511 4.409650 0.922405
0.512 4.404456 0.913772
0.513 4.399165 0.905298
0.514 4.391673 0.897122
0.515 4.383687 0.889277
0.516 4.375721 0.881575
0.517 4.367853 0.874059
0.518 4.361126 0.866863
0.519 4.355603 0.859978
0.520 4.351126 0.853139
0.521 4.344235 0.846341
0.522 4.336728 0.839625
0.523 4.330210 0.833078
0.524 4.325283 0.826804
0.525 4.320344 0.820769
0.526 4.313900 0.814846
0.527 4.307629 0.808979
0.528 4.303261 0.803172
0.529 4.298472 0.797446
0.530 4.291699 0.791906
0.531 4.286045 0.786566
0.532 4.281867 0.781227
0.533 4.277660 0.776012
0.534 4.273072 0.770978
0.535 4.268460 0.766019
0.536 4.262241 0.761102
0.537 4.256233 0.756222
0.538 4.252355 0.751457
0.539 4.248073 0.746893
0.540 4.243722 0.742414
0.541 4.239701 0.737939
0.542 4.235748 0.733479
0.543 4.230820 0.729127
0.544 4.227664 0.724713
0.545 4.223005 0.720580
0.546 4.219103 0.716535
0.547 4.215210 0.712513
0.548 4.210675 0.708503
0.549 4.207329 0.704512
0.550 4.202879 0.700558
0.551 4.198934 0.696621
0.552 4.194924 0.692695
0.553 4.190955 0.688783
0.554 4.187369 0.684901
0.555 4.182939 0.681170
0.556 4.180363 0.677618
0.557 4.178059 0.674015
0.558 4.175287 0.670346
0.559 4.171671 0.666679
0.560 4.167587 0.663175
0.561 4.163953 0.659729
0.562 4.159950 0.656319
0.563 4.155936 0.652968
0.564 4.152866 0.649720
0.565 4.149199 0.646396
0.566 4.146977 0.643026
0.567 4.144833 0.639766
0.568 4.141871 0.636673
0.569 4.138102 0.633519
0.570 4.136031 0.630301
0.571 4.133815 0.627016
0.572 4.130893 0.623736
0.573 4.127162 0.620700
0.574 4.125127 0.617694
0.575 4.122925 0.614705
0.576 4.119987 0.611728
0.577 4.115596 0.608763
0.578 4.112434 0.605805
0.579 4.109106 0.602858
0.580 4.105756 0.599932
0.581 4.104076 0.597075
0.582 4.101695 0.594330
0.583 4.098696 0.591660
0.584 4.095237 0.589038
0.585 4.093506 0.586199
0.586 4.091247 0.583345
0.587 4.088448 0.580508
0.588 4.084950 0.577729
0.589 4.083656 0.575058
0.590 4.082443 0.572457
0.591 4.080974 0.569899
0.592 4.078545 0.567205
0.593 4.075422 0.564567
0.594 4.072434 0.561982
0.595 4.070681 0.559470
0.596 4.068400 0.556837
0.597 4.065613 0.554216
0.598 4.062237 0.551647
0.599 4.060441 0.549267
0.600 4.058362 0.546807
0.601 4.055919 0.544282
0.602 4.052645 0.541938
0.603 4.050989 0.539493
0.604 4.050224 0.537009
0.605 4.048516 0.534684
0.606 4.046237 0.532254
0.607 4.043630 0.529801
0.608 4.040848 0.527485
0.609 4.039617 0.525086
0.610 4.038790 0.522675
0.611 4.036792 0.520368
0.612 4.034162 0.518104
0.613 4.031403 0.515864
0.614 4.029343 0.513642
0.615 4.027249 0.511365
0.616 4.025005 0.509076
0.617 4.021904 0.506902
0.618 4.019761 0.504713
0.619 4.018290 0.502509
0.620 4.017339 0.500234
0.621 4.015779 0.498054
0.622 4.013626 0.495968
0.623 4.010680 0.493898
0.624 4.008448 0.491793
0.625 4.007429 0.489631
0.626 4.006089 0.487415
0.627 4.004508 0.485239
0.628 4.002367 0.483243
0.629 3.999733 0.481268
0.630 3.996926 0.479300
0.631 3.996457 0.477210
0.632 3.995351 0.475099
0.633 3.993426 0.472961
0.634 3.990977 0.470854
0.635 3.988567 0.468789
0.636 3.986755 0.466862
0.637 3.985725 0.464940
0.638 3.985282 0.463020
0.639 3.984370 0.461111
0.640 3.983114 0.459207
0.641 3.981075 0.457311
0.642 3.978595 0.455419
0.643 3.975853 0.453529
0.644 3.974945 0.451646
0.645 3.973875 0.449766
0.646 3.972252 0.447893
0.647 3.970342 0.446027
0.648 3.968249 0.444165
0.649 3.966013 0.442310
0.650 3.964127 0.440457
0.651 3.963523 0.438607
0.652 3.962209 0.436763
0.653 3.960218 0.434925
0.654 3.957767 0.433095
0.655 3.955299 0.431267
0.656 3.954230 0.429444
0.657 3.953389 0.427624
0.658 3.953005 0.425807
0.659 3.951878 0.423997
0.660 3.950229 0.422191
0.661 3.948308 0.420393
0.662 3.946328 0.418598
0.663 3.944287 0.416821
0.664 3.942633 0.415088
0.665 3.941893 0.413462
0.666 3.940555 0.411866
0.667 3.938654 0.410298
0.668 3.936367 0.408638
0.669 3.933932 0.406942
0.670 3.932989 0.405189
0.671 3.932226 0.403447
0.672 3.931878 0.401830
0.673 3.931072 0.400222
0.674 3.929137 0.398636
0.675 3.927122 0.397046
0.676 3.925013 0.395450
0.677 3.923389 0.393809
0.678 3.922068 0.392139
0.679 3.921505 0.390538
0.680 3.921176 0.388959
0.681 3.919795 0.387439
0.682 3.918297 0.385924
0.683 3.916620 0.384386
0.684 3.914887 0.382846
0.685 3.912839 0.381298
0.686 3.911113 0.379757
0.687 3.910318 0.378233
0.688 3.909181 0.376702
0.689 3.907420 0.375161
0.690 3.905452 0.373643
0.691 3.903222 0.372156
0.692 3.901826 0.370662
0.693 3.901209 0.369160
0.694 3.900688 0.367654
0.695 3.900235 0.366144
0.696 3.898914 0.364717
0.697 3.897097 0.363337
0.698 3.895085 0.361951
0.699 3.892981 0.360562
0.700 3.891760 0.359125
0.701 3.890899 0.357668
0.702 3.890463 0.356324
0.703 3.890183 0.355021
0.704 3.888747 0.353598
0.705 3.886910 0.352133
0.706 3.884992 0.350739
0.707 3.883044 0.349369
0.708 3.881772 0.348017
0.709 3.880753 0.346673
0.710 3.880263 0.345254
0.711 3.879996 0.343805
0.712 3.878699 0.342467
0.713 3.876887 0.341185
0.714 3.875103 0.339833
0.715 3.873337 0.338437
0.716 3.871950 0.337104
0.717 3.870863 0.335819
0.718 3.869540 0.334529
0.719 3.867970 0.333236
0.720 3.866451 0.331963
0.721 3.865006 0.330722
0.722 3.863529 0.329439
0.723 3.861978 0.328061
0.724 3.860689 0.326706
0.725 3.860449 0.325446
0.726 3.860098 0.324184
0.727 3.858488 0.322905
0.728 3.856877 0.321626
0.729 3.855465 0.320419
0.730 3.854063 0.319216
0.731 3.852644 0.318015
0.732 3.851220 0.316814
0.733 3.850567 0.315622
0.734 3.850341 0.314434
0.735 3.849397 0.313250
0.736 3.847654 0.312069
0.737 3.846010 0.310878
0.738 3.844614 0.309659
0.739 3.843238 0.308455
0.740 3.842067 0.307392
0.741 3.840896 0.306329
0.742 3.840558 0.305153
0.743 3.840332 0.303962
0.744 3.839135 0.302789
0.745 3.837439 0.301627
0.746 3.835809 0.300460
0.747 3.834271 0.299287
0.748 3.832836 0.298137
0.749 3.831897 0.297090
0.750 3.830958 0.296043
0.751 3.830563 0.295000
0.752 3.830222 0.293956
0.753 3.829068 0.292915
0.754 3.827441 0.291876
0.755 3.825802 0.290838
0.756 3.824144 0.289804
0.757 3.822520 0.288765
0.758 3.821876 0.287588
0.759 3.821232 0.286411
0.760 3.820508 0.285262
0.761 3.819753 0.284126
0.762 3.818753 0.283000
0.763 3.817358 0.281890
0.764 3.815952 0.280784
0.765 3.814236 0.279774
0.766 3.812519 0.278765
0.767 3.811762 0.277848
0.768 3.811475 0.276975
0.769 3.810902 0.276103
0.770 3.809640 0.275231
0.771 3.808378 0.274359
0.772 3.807267 0.273407
0.773 3.806172 0.272447
0.774 3.804883 0.271465
0.775 3.803394 0.270463
0.776 3.802003 0.269461
0.777 3.801836 0.268462
0.778 3.801669 0.267464
0.779 3.800578 0.266467
0.780 3.798958 0.265472
0.781 3.797405 0.264491
0.782 3.796152 0.263579
0.783 3.794898 0.262666
0.784 3.793919 0.261774
0.785 3.793049 0.260889
0.786 3.792244 0.260015
0.787 3.791653 0.259172
0.788 3.791063 0.258329
0.789 3.789912 0.257457
0.790 3.788555 0.256574
0.791 3.787158 0.255691
0.792 3.785616 0.254805
0.793 3.784074 0.253918
0.794 3.783377 0.253060
0.795 3.783069 0.252216
0.796 3.782614 0.251371
0.797 3.781234 0.250526
0.798 3.779853 0.249680
0.799 3.778742 0.248810
0.800 3.777835 0.247920
0.801 3.776927 0.247031
0.802 3.775670 0.246274
0.803 3.774410 0.245519
0.804 3.773542 0.244723
0.805 3.773276 0.243865
0.806 3.773010 0.243007
0.807 3.771811 0.242273
0.808 3.770349 0.241575
0.809 3.768900 0.240857
0.810 3.767531 0.240029
0.811 3.766162 0.239200
0.812 3.765226 0.238399
0.813 3.764725 0.237627
0.814 3.764225 0.236854
0.815 3.763119 0.236122
0.816 3.761892 0.235397
0.817 3.760719 0.234664
0.818 3.759854 0.233880
0.819 3.758989 0.233097
0.820 3.757948 0.232348
0.821 3.756692 0.231642
0.822 3.755436 0.230936
0.823 3.754878 0.230267
0.824 3.754581 0.229611
0.825 3.754285 0.228955
0.826 3.752898 0.228252
0.827 3.751499 0.227548
0.828 3.750127 0.226868
0.829 3.748843 0.226269
0.830 3.747558 0.225670
0.831 3.746672 0.224998
0.832 3.746254 0.224240
0.833 3.745836 0.223483
0.834 3.744739 0.222822
0.835 3.743302 0.222209
0.836 3.741865 0.221597
0.837 3.741030 0.220933
0.838 3.740297 0.220261
0.839 3.739558 0.219591
0.840 3.738551 0.218990
0.841 3.737544 0.218388
0.842 3.736692 0.217788
0.843 3.736579 0.217195
0.844 3.736466 0.216602
0.845 3.735984 0.216009
0.846 3.734656 0.215416
0.847 3.733328 0.214823
0.848 3.732272 0.214222
0.849 3.731598 0.213609
0.850 3.730924 0.212995
0.851 3.730043 0.212444
0.852 3.728958 0.211954
0.853 3.727873 0.211465
0.854 3.727039 0.210945
0.855 3.726389 0.210402
0.856 3.725738 0.209860
0.857 3.724825 0.209292
0.858 3.723756 0.208710
0.859 3.722687 0.208128
0.860 3.721478 0.207533
0.861 3.720197 0.206932
0.862 3.718916 0.206331
0.863 3.718423 0.205810
0.864 3.718323 0.205328
0.865 3.718223 0.204847
0.866 3.717265 0.204367
0.867 3.715857 0.203887
0.868 3.714448 0.203407
0.869 3.713263 0.202928
0.870 3.712213 0.202450
0.871 3.711162 0.201973
0.872 3.710446 0.201496
0.873 3.709982 0.201020
0.874 3.709518 0.200545
0.875 3.709153 0.200070
0.876 3.708888 0.199596
0.877 3.708624 0.199123
0.878 3.707963 0.198649
0.879 3.706700 0.198177
0.880 3.705438 0.197704
0.881 3.704223 0.197241
0.882 3.703132 0.196803
0.883 3.702041 0.196365
0.884 3.701058 0.195937
0.885 3.700761 0.195575
0.886 3.700464 0.195212
0.887 3.700168 0.194850
0.888 3.699591 0.194487
0.889 3.699006 0.194125
0.890 3.698422 0.193762
0.891 3.697508 0.193327
0.892 3.696505 0.192873
0.893 3.695502 0.192418
0.894 3.694411 0.192032
0.895 3.693256 0.191695
0.896 3.692100 0.191359
0.897 3.691314 0.191010
0.898 3.691235 0.190636
0.899 3.691155 0.190263
0.900 3.690993 0.189893
0.901 3.689976 0.189561
0.902 3.688958 0.189228
0.903 3.687940 0.188896
0.904 3.687217 0.188510
0.905 3.686564 0.188111
0.906 3.685911 0.187712
0.907 3.685088 0.187389
0.908 3.684097 0.187143
0.909 3.683106 0.186897
0.910 3.682275 0.186621
0.911 3.682202 0.186205
0.912 3.682128 0.185789
0.913 3.682054 0.185373
0.914 3.681589 0.184985
0.915 3.681038 0.184604
0.916 3.680488 0.184222
0.917 3.679888 0.183811
0.918 3.679228 0.183365
0.919 3.678567 0.182918
0.920 3.677901 0.182475
0.921 3.677102 0.182120
0.922 3.676303 0.181765
0.923 3.675504 0.181410
0.924 3.674915 0.181154
0.925 3.674458 0.180960
0.926 3.674001 0.180766
0.927 3.673548 0.180566
0.928 3.673115 0.180329
0.929 3.672682 0.180092
0.930 3.672249 0.179855
0.931 3.671817 0.179603
0.932 3.671386 0.179344
0.933 3.670954 0.179085
0.934 3.670528 0.178803
0.935 3.670126 0.178415
0.936 3.669723 0.178028
0.937 3.669320 0.177640
0.938 3.668930 0.177247
0.939 3.668546 0.176850
0.940 3.668162 0.176454
0.941 3.667780 0.176056
0.942 3.667412 0.175645
0.943 3.667043 0.175235
0.944 3.666675 0.174825
0.945 3.666304 0.174466
0.946 3.665932 0.174160
0.947 3.665559 0.173854
0.948 3.665186 0.173548
0.949 3.664825 0.173295
0.950 3.664466 0.173050
0.951 3.664108 0.172804
0.952 3.663747 0.172526
0.953 3.663382 0.172149
0.954 3.663016 0.171772
0.955 3.662651 0.171396
0.956 3.662301 0.171051
0.957 3.661962 0.170731
0.958 3.661623 0.170411
0.959 3.661284 0.170091
0.960 3.660961 0.169803
0.961 3.660641 0.169520
0.962 3.660320 0.169237
0.963 3.659999 0.168946
0.964 3.659677 0.168611
0.965 3.659354 0.168275
0.966 3.659032 0.167940
0.967 3.658710 0.167594
0.968 3.658389 0.167230
0.969 3.658068 0.166866
0.970 3.657748 0.166502
0.971 3.657420 0.166088
0.972 3.657088 0.165642
0.973 3.656756 0.165195
0.974 3.656423 0.164749
0.975 3.656095 0.164330
0.976 3.655767 0.163917
0.977 3.655440 0.163505
0.978 3.655113 0.163093
0.979 3.654794 0.162680
0.980 3.654475 0.162266
0.981 3.654157 0.161853
0.982 3.653840 0.161445
0.983 3.653533 0.161113
0.984 3.653226 0.160781
0.985 3.652918 0.160450
0.986 3.652614 0.160124
0.987 3.652324 0.159832
0.988 3.652034 0.159539
0.989 3.651744 0.159246
0.990 3.651456 0.158949
0.991 3.651177 0.158635
0.992 3.650897 0.158322
0.993 3.650618 0.158008
0.994 3.650340 0.157673
0.995 3.650066 0.157276
0.996 3.649791 0.156878
0.997 3.649517 0.156481
0.998 3.649239 0.156056
0.999 3.648954 0.155549
1.000 3.648669 0.155042
1.001 3.648384 0.154535
1.002 3.648100 0.154025
1.003 3.647818 0.153505
1.004 3.647535 0.152984
1.005 3.647253 0.152464
1.006 3.646970 0.151960
1.007 3.646686 0.151545
1.008 3.646402 0.151130
1.009 3.646118 0.150715
1.010 3.645835 0.150306
1.011 3.645559 0.150005
1.012 3.645283 0.149704
1.013 3.645007 0.149403
1.014 3.644732 0.149101
1.015 3.644464 0.148773
1.016 3.644197 0.148442
1.017 3.643931 0.148111
1.018 3.643664 0.147780
1.019 3.643405 0.147413
1.020 3.643149 0.147035
1.021 3.642893 0.146657
1.022 3.642637 0.146280
1.023 3.642390 0.145891
1.024 3.642149 0.145494
1.025 3.641909 0.145097
1.026 3.641668 0.144700
1.027 3.641429 0.144302
1.028 3.641191 0.143902
1.029 3.640953 0.143502
1.030 3.640715 0.143102
1.031 3.640477 0.142705
1.032 3.640237 0.142352
1.033 3.639997 0.142000
1.034 3.639757 0.141647
1.035 3.639517 0.141294
1.036 3.639270 0.140963
1.037 3.639021 0.140638
1.038 3.638772 0.140314
1.039 3.638523 0.139989
1.040 3.638275 0.139670
1.041 3.638029 0.139360
1.042 3.637783 0.139050
1.043 3.637537 0.138740
1.044 3.637292 0.138429
1.045 3.637054 0.138080
1.046 3.636817 0.137732
1.047 3.636580 0.137384
1.048 3.636342 0.137035
1.049 3.636109 0.136682
1.050 3.635879 0.136327
1.051 3.635648 0.135971
1.052 3.635418 0.135616
1.053 3.635188 0.135259
1.054 3.634964 0.134894
1.055 3.634739 0.134530
1.056 3.634515 0.134165
1.057 3.634291 0.133800
1.058 3.634067 0.133492
1.059 3.633843 0.133213
1.060 3.633619 0.132934
1.061 3.633395 0.132655
1.062 3.633171 0.132381
1.063 3.632947 0.132146
1.064 3.632723 0.131911
1.065 3.632499 0.131676
1.066 3.632274 0.131442
1.067 3.632064 0.131237
1.068 3.631863 0.131058
1.069 3.631663 0.130878
1.070 3.631463 0.130699
1.071 3.631263 0.130519
1.072 3.631063 0.130320
1.073 3.630863 0.130120
1.074 3.630663 0.129920
1.075 3.630463 0.129720
1.076 3.630266 0.129522
1.077 3.630077 0.129328
1.078 3.629888 0.129135
1.079 3.629699 0.128941
1.080 3.629510 0.128748
1.081 3.629318 0.128554
1.082 3.629125 0.128359
1.083 3.628931 0.128164
1.084 3.628738 0.127969
1.085 3.628544 0.127774
1.086 3.628357 0.127602
1.087 3.628170 0.127434
1.088 3.627983 0.127266
1.089 3.627796 0.127098
1.090 3.627609 0.126934
1.091 3.627420 0.126810
1.092 3.627230 0.126685
1.093 3.627041 0.126561
1.094 3.626851 0.126437
1.095 3.626663 0.126285
1.096 3.626478 0.126064
1.097 3.626293 0.125843
1.098 3.626108 0.125622
1.099 3.625923 0.125401
1.100 3.625738 0.125197
1.101 3.625552 0.125015
1.102 3.625366 0.124833
1.103 3.625181 0.124652
1.104 3.624995 0.124470
1.105 3.624814 0.124303
1.106 3.624638 0.124149
1.107 3.624462 0.123995
1.108 3.624285 0.123841
1.109 3.624109 0.123687
1.110 3.623936 0.123525
1.111 3.623765 0.123357
1.112 3.623595 0.123189
1.113 3.623424 0.123021
1.114 3.623253 0.122853
1.115 3.623083 0.122680
1.116 3.622912 0.122503
1.117 3.622742 0.122327
1.118 3.622572 0.122150
1.119 3.622402 0.121974
1.120 3.622230 0.121793
1.121 3.622058 0.121609
1.122 3.621885 0.121425
1.123 3.621713 0.121241
1.124 3.621540 0.121057
1.125 3.621367 0.120846
1.126 3.621193 0.120607
1.127 3.621020 0.120367
1.128 3.620846 0.120128
1.129 3.620672 0.119888
1.130 3.620499 0.119660
1.131 3.620329 0.119451
1.132 3.620159 0.119242
1.133 3.619988 0.119033
1.134 3.619818 0.118824
1.135 3.619649 0.118626
1.136 3.619483 0.118478
1.137 3.619318 0.118331
1.138 3.619152 0.118183
1.139 3.618987 0.118036
1.140 3.618821 0.117888
1.141 3.618666 0.117755
1.142 3.618512 0.117622
1.143 3.618357 0.117489
1.144 3.618203 0.117356
1.145 3.618048 0.117223
1.146 3.617896 0.117090
1.147 3.617746 0.116958
1.148 3.617595 0.116825
1.149 3.617444 0.116692
1.150 3.617293 0.116560
1.151 3.617145 0.116411
1.152 3.617000 0.116237
1.153 3.616855 0.116062
1.154 3.616710 0.115888
1.155 3.616565 0.115713
1.156 3.616421 0.115539
1.157 3.616280 0.115346
1.158 3.616139 0.115153
1.159 3.615998 0.114960
1.160 3.615858 0.114768
1.161 3.615717 0.114575
1.162 3.615581 0.114391
1.163 3.615450 0.114213
1.164 3.615318 0.114034
1.165 3.615186 0.113856
1.166 3.615055 0.113678
1.167 3.614924 0.113502
1.168 3.614798 0.113337
1.169 3.614672 0.113173
1.170 3.614547 0.113009
1.171 3.614421 0.112845
1.172 3.614295 0.112681
1.173 3.614173 0.112529
1.174 3.614052 0.112385
1.175 3.613932 0.112241
1.176 3.613811 0.112097
1.177 3.613691 0.111954
1.178 3.613571 0.111809
1.179 3.613454 0.111629
1.180 3.613337 0.111449
1.181 3.613220 0.111269
1.182 3.613103 0.111088
1.183 3.612986 0.110908
1.184 3.612872 0.110728
1.185 3.612763 0.110547
1.186 3.612654 0.110366
1.187 3.612545 0.110185
1.188 3.612436 0.110005
1.189 3.612327 0.109824
1.190 3.612220 0.109631
1.191 3.612115 0.109433
1.192 3.612010 0.109235
1.193 3.611904 0.109037
1.194 3.611799 0.108840
1.195 3.611693 0.108642
1.196 3.611593 0.108492
1.197 3.611493 0.108343
1.198 3.611393 0.108194
1.199 3.611293 0.108045
1.200 3.611193 0.107896
1.201 3.611093 0.107742
1.202 3.610996 0.107569
1.203 3.610898 0.107397
1.204 3.610800 0.107224
1.205 3.610702 0.107051
1.206 3.610604 0.106878
1.207 3.610508 0.106696
1.208 3.610416 0.106497
1.209 3.610323 0.106298
1.210 3.610231 0.106099
1.211 3.610138 0.105900
1.212 3.610046 0.105700
1.213 3.609954 0.105493
1.214 3.609864 0.105276
1.215 3.609774 0.105058
1.216 3.609684 0.104841
1.217 3.609594 0.104624
1.218 3.609504 0.104406
1.219 3.609416 0.104222
1.220 3.609330 0.104074
1.221 3.609245 0.103927
1.222 3.609159 0.103779
1.223 3.609073 0.103632
1.224 3.608988 0.103484
1.225 3.608903 0.103344
1.226 3.608818 0.103213
1.227 3.608733 0.103082
1.228 3.608648 0.102951
1.229 3.608563 0.102819
1.230 3.608479 0.102688
1.231 3.608394 0.102557
1.232 3.608310 0.102427
1.233 3.608226 0.102297
1.234 3.608141 0.102167
1.235 3.608057 0.102037
1.236 3.607973 0.101907
1.237 3.607889 0.101761
1.238 3.607806 0.101562
1.239 3.607723 0.101363
1.240 3.607641 0.101164
1.241 3.607558 0.100965
1.242 3.607475 0.100765
1.243 3.607392 0.100567
1.244 3.607311 0.100391
1.245 3.607230 0.100215
1.246 3.607149 0.100039
1.247 3.607068 0.099862
1.248 3.606987 0.099686
1.249 3.606906 0.099510
1.250 3.606824 0.099312
1.251 3.606742 0.099107
1.252 3.606659 0.098902
1.253 3.606576 0.098697
1.254 3.606494 0.098492
1.255 3.606411 0.098287
1.256 3.606328 0.098082
1.257 3.606245 0.097876
1.258 3.606162 0.097670
1.259 3.606078 0.097464
1.260 3.605995 0.097258
1.261 3.605912 0.097053
1.262 3.605828 0.096846
1.263 3.605738 0.096623
1.264 3.605648 0.096399
1.265 3.605557 0.096176
1.266 3.605467 0.095953
1.267 3.605377 0.095729
1.268 3.605286 0.095506
1.269 3.605198 0.095302
1.270 3.605110 0.095112
1.271 3.605023 0.094922
1.272 3.604935 0.094732
1.273 3.604848 0.094543
1.274 3.604760 0.094353
1.275 3.604673 0.094164
1.276 3.604588 0.093988
1.277 3.604504 0.093812
1.278 3.604419 0.093636
1.279 3.604335 0.093460
1.280 3.604250 0.093284
1.281 3.604166 0.093108
1.282 3.604076 0.092921
1.283 3.603982 0.092723
1.284 3.603887 0.092524
1.285 3.603792 0.092325
1.286 3.603697 0.092127
1.287 3.603602 0.091928
1.288 3.603507 0.091729
1.289 3.603413 0.091530
1.290 3.603318 0.091331
1.291 3.603224 0.091131
1.292 3.603130 0.090932
1.293 3.603036 0.090732
1.294 3.602941 0.090533
1.295 3.602847 0.090332
1.296 3.602757 0.090119
1.297 3.602666 0.089906
1.298 3.602575 0.089693
1.299 3.602484 0.089480
1.300 3.602394 0.089267
1.301 3.602303 0.089054
1.302 3.602213 0.088844
1.303 3.602126 0.088642
1.304 3.602039 0.088440
1.305 3.601952 0.088238
1.306 3.601865 0.088036
1.307 3.601777 0.087835
1.308 3.601690 0.087633
1.309 3.601604 0.087440
1.310 3.601521 0.087262
1.311 3.601437 0.087084
1.312 3.601353 0.086905
1.313 3.601269 0.086727
1.314 3.601185 0.086549
1.315 3.601102 0.086371
1.316 3.601020 0.086183
1.317 3.600941 0.085981
1.318 3.600862 0.085780
1.319 3.600784 0.085578
1.320 3.600705 0.085377
1.321 3.600626 0.085175
1.322 3.600547 0.084974
1.323 3.600471 0.084780
1.324 3.600400 0.084596
1.325 3.600328 0.084412
1.326 3.600257 0.084227
1.327 3.600185 0.084043
1.328 3.600114 0.083859
1.329 3.600042 0.083675
1.330 3.599973 0.083486
1.331 3.599909 0.083286
1.332 3.599845 0.083085
1.333 3.599781 0.082885
1.334 3.599716 0.082685
1.335 3.599652 0.082484
1.336 3.599588 0.082284
1.337 3.599527 0.082079
1.338 3.599489 0.081846
1.339 3.599451 0.081613
1.340 3.599412 0.081380
1.341 3.599374 0.081147
1.342 3.599336 0.080914
1.343 3.599297 0.080680
1.344 3.599259 0.080447
1.345 3.599231 0.080205
1.346 3.599205 0.079962
1.347 3.599178 0.079718
1.348 3.599152 0.079475
1.349 3.599126 0.079231
1.350 3.599099 0.078988
1.351 3.599073 0.078744
1.352 3.599054 0.078477
1.353 3.599040 0.078190
1.354 3.599027 0.077902
1.355 3.599014 0.077615
1.356 3.599001 0.077328
1.357 3.598987 0.077041
1.358 3.598974 0.076754
1.359 3.598967 0.076470
1.360 3.598996 0.076200
1.361 3.599025 0.075930
1.362 3.599054 0.075661
1.363 3.599083 0.075391
1.364 3.599111 0.075121
1.365 3.599140 0.074851
1.366 3.599169 0.074582
1.367 3.599228 0.074305
1.368 3.599301 0.074024
1.369 3.599375 0.073743
1.370 3.599449 0.073463
1.371 3.599522 0.073182
1.372 3.599596 0.072901
1.373 3.599670 0.072620
1.374 3.599747 0.072337
1.375 3.599866 0.072019
1.376 3.599985 0.071701
1.377 3.600104 0.071384
1.378 3.600223 0.071066
1.379 3.600342 0.070749
1.380 3.600460 0.070431
1.381 3.600579 0.070114
1.382 3.600725 0.069799
1.383 3.600906 0.069489
1.384 3.601087 0.069179
1.385 3.601268 0.068869
1.386 3.601449 0.068559
1.387 3.601631 0.068249
1.388 3.601812 0.067939
1.389 3.601993 0.067629
1.390 3.602224 0.067269
1.391 3.602478 0.066884
1.392 3.602732 0.066500
1.393 3.602986 0.066116
1.394 3.603240 0.065731
1.395 3.603494 0.065347
1.396 3.603748 0.064963
1.397 3.604003 0.064578
1.398 3.604319 0.064185
1.399 3.604648 0.063789
1.400 3.604976 0.063394
1.401 3.605305 0.062999
1.402 3.605633 0.062604
1.403 3.605962 0.062209
1.404 3.606290 0.061813
1.405 3.606619 0.061418
1.406 3.607031 0.060994
1.407 3.607451 0.060568
1.408 3.607870 0.060142
1.409 3.608290 0.059716
1.410 3.608710 0.059289
1.411 3.609129 0.058863
1.412 3.609549 0.058437
1.413 3.609969 0.058010
1.414 3.610460 0.057525
1.415 3.610958 0.057034
1.416 3.611457 0.056542
1.417 3.611956 0.056051
1.418 3.612454 0.055559
1.419 3.612953 0.055068
1.420 3.613452 0.054576
1.421 3.613950 0.054085
1.422 3.614343 0.053536
1.423 3.614709 0.052973
1.424 3.615076 0.052410
1.425 3.615442 0.051847
1.426 3.615809 0.051284
1.427 3.616175 0.050722
1.428 3.616542 0.050159
1.429 3.616909 0.049596
1.430 3.617168 0.048984
1.431 3.617356 0.048341
1.432 3.617545 0.047698
1.433 3.617734 0.047054
1.434 3.617922 0.046411
1.435 3.618111 0.045768
1.436 3.618300 0.045124
1.437 3.618488 0.044481
1.438 3.618601 0.043789
1.439 3.618545 0.042990
1.440 3.618488 0.042191
1.441 3.618432 0.041392
1.442 3.618376 0.040593
1.443 3.618320 0.039794
1.444 3.618264 0.038995
1.445 3.618208 0.038196
1.446 3.618151 0.037397
1.447 3.617751 0.036417
1.448 3.617322 0.035421
1.449 3.616893 0.034426
1.450 3.616463 0.033430
1.451 3.616034 0.032434
1.452 3.615605 0.031439
1.453 3.615175 0.030443
1.454 3.614746 0.029448
1.455 3.614317 0.028452
1.456 3.613887 0.027456
1.457 3.613458 0.026461
1.458 3.612872 0.025533
1.459 3.612203 0.024640
1.460 3.611534 0.023747
1.461 3.610865 0.022854
1.462 3.610197 0.021962
1.463 3.609528 0.020947
1.464 3.608859 0.019919
1.465 3.608190 0.018905
1.466 3.607522 0.017904
1.467 3.606853 0.016916
1.468 3.606184 0.015941
1.469 3.605478 0.015038
1.470 3.604633 0.014363
1.471 3.603789 0.013696
1.472 3.602944 0.013039
1.473 3.602099 0.012390
1.474 3.601255 0.011749
1.475 3.600410 0.011116
1.476 3.599565 0.010492
1.477 3.598721 0.009876
1.478 3.597876 0.009268
1.479 3.597031 0.008668
1.480 3.596187 0.008076
1.481 3.595295 0.007627
1.482 3.594370 0.007278
1.483 3.593445 0.006934
1.484 3.592520 0.006593
1.485 3.591594 0.006258
1.486 3.590669 0.005926
1.487 3.589744 0.005599
1.488 3.588819 0.005277
1.489 3.587894 0.004958
1.490 3.586969 0.004644
1.491 3.586044 0.004334
1.492 3.585119 0.004028
1.493 3.584207 0.003823
1.494 3.583298 0.003648
1.495 3.582389 0.003476
1.496 3.581480 0.003305
1.497 3.580571 0.003137
1.498 3.579663 0.002972
1.499 3.578754 0.002808
1.500 3.577845 0.002647
1.501 3.576936 0.002487
1.502 3.576027 0.002330
1.503 3.575119 0.002175
1.504 3.574210 0.002021
1.505 3.573357 0.001919
1.506 3.572520 0.001831
1.507 3.571683 0.001745
1.508 3.570846 0.001659
1.509 3.570009 0.001575
1.510 3.569172 0.001492
1.511 3.568335 0.001410
1.512 3.567498 0.001329
1.513 3.566661 0.001249
1.514 3.565823 0.001170
1.515 3.564986 0.001092
1.516 3.564149 0.001015
1.517 3.563370 0.000958
1.518 3.562632 0.000915
1.519 3.561894 0.000873
1.520 3.561156 0.000832
1.521 3.560419 0.000790
1.522 3.559681 0.000750
1.523 3.558943 0.000710
1.524 3.558205 0.000670
1.525 3.557467 0.000631
1.526 3.556729 0.000593
1.527 3.555991 0.000555
1.528 3.555253 0.000517
1.529 3.554535 0.000483
1.530 3.553900 0.000463
1.531 3.553265 0.000442
1.532 3.552630 0.000422
1.533 3.551995 0.000403
1.534 3.551360 0.000383
1.535 3.550725 0.000364
1.536 3.550090 0.000345
1.537 3.549455 0.000326
1.538 3.548820 0.000308
1.539 3.548185 0.000289
1.540 3.547550 0.000271
1.541 3.546915 0.000254
1.542 3.546329 0.000240
1.543 3.545777 0.000230
1.544 3.545225 0.000220
1.545 3.544672 0.000211
1.546 3.544120 0.000201
1.547 3.543568 0.000191
1.548 3.543016 0.000182
1.549 3.542463 0.000172
1.550 3.541911 0.000163
1.551 3.541359 0.000154
1.552 3.540806 0.000145
1.553 3.540254 0.000136
1.554 3.539702 0.000128
1.555 3.539186 0.000121
1.556 3.538680 0.000116
1.557 3.538173 0.000110
1.558 3.537667 0.000105
1.559 3.537161 0.000099
1.560 3.536655 0.000094
1.561 3.536149 0.000089
1.562 3.535643 0.000083
1.563 3.535136 0.000078
1.564 3.534630 0.000073
1.565 3.534124 0.000068
1.566 3.533618 0.000063
1.567 3.533112 0.000059
1.568 3.532628 0.000056
1.569 3.532151 0.000053
1.570 3.531675 0.000051
1.571 3.531198 0.000049
1.572 3.530721 0.000047
1.573 3.530245 0.000044
1.574 3.529768 0.000042
1.575 3.529291 0.000040
1.576 3.528815 0.000038
1.577 3.528338 0.000036
1.578 3.527861 0.000034
1.579 3.527384 0.000032
1.580 3.526908 0.000030
1.581 3.526444 0.000028
1.582 3.525992 0.000027
1.583 3.525539 0.000026
1.584 3.525087 0.000025
1.585 3.524635 0.000024
1.586 3.524183 0.000023
1.587 3.523731 0.000022
1.588 3.523279 0.000021
1.589 3.522826 0.000020
1.590 3.522374 0.000019
1.591 3.521922 0.000018
1.592 3.521470 0.000017
1.593 3.521018 0.000016
1.594 3.520566 0.000015
1.595 3.520122 0.000015
1.596 3.519677 0.000014
1.597 3.519233 0.000014
1.598 3.518789 0.000013
1.599 3.518345 0.000012
1.600 3.517900 0.000012
1.601 3.517456 0.000011
1.602 3.517012 0.000011
1.603 3.516568 0.000010
1.604 3.516123 0.000010
1.605 3.515679 0.000009
1.606 3.515235 0.000009
1.607 3.514791 0.000008
1.608 3.514352 0.000008
1.609 3.513924 0.000008
1.610 3.513497 0.000007
1.611 3.513069 0.000007
1.612 3.512641 0.000006
1.613 3.512214 0.000006
1.614 3.511786 0.000006
1.615 3.511358 0.000005
1.616 3.510930 0.000005
1.617 3.510503 0.000005
1.618 3.510075 0.000004
1.619 3.509647 0.000004
1.620 3.509219 0.000003
1.621 3.508792 0.000003
1.622 3.508370 0.000003
1.623 3.507955 0.000003
1.624 3.507541 0.000002
1.625 3.507127 0.000002
1.626 3.506713 0.000002
1.627 3.506299 0.000002
1.628 3.505885 0.000002
1.629 3.505471 0.000001
1.630 3.505057 0.000001
1.631 3.504643 0.000001
1.632 3.504229 0.000001
1.633 3.503815 0.000001
1.634 3.503401 0.000000
1.635 3.502987 0.000000
1.636 3.502576 0.000000
1.637 3.502175 0.000000
1.638 3.501774 0.000000
1.639 3.501374 0.000000
1.640 3.500973 0.000000
1.641 3.500572 0.000000
1.642 3.500172 0.000000
1.643 3.499771 0.000000
1.644 3.499370 0.000000
1.645 3.498970 0.000000
1.646 3.498569 0.000000
1.647 3.498168 0.000000
1.648 3.497768 0.000000
1.649 3.497367 0.000000
1.650 3.496966 0.000000
1.651 3.496576 0.000000
1.652 3.496189 0.000000
1.653 3.495801 0.000000
1.654 3.495413 0.000000
1.655 3.495026 0.000000
1.656 3.494638 0.000000
1.657 3.494251 0.000000
1.658 3.493863 0.000000
1.659 3.493476 0.000000
1.660 3.493088 0.000000
1.661 3.492700 0.000000
1.662 3.492313 0.000000
1.663 3.491925 0.000000
1.664 3.491538 0.000000
1.665 3.491152 0.000000
1.666 3.490776 0.000000
1.667 3.490401 0.000000
1.668 3.490026 0.000000
1.669 3.489650 0.000000
1.670 3.489275 0.000000
1.671 3.488899 0.000000
1.672 3.488524 0.000000
1.673 3.488149 0.000000
1.674 3.487773 0.000000
1.675 3.487398 0.000000
1.676 3.487023 0.000000
1.677 3.486647 0.000000
1.678 3.486272 0.000000
1.679 3.485897 0.000000
1.680 3.485523 0.000000
1.681 3.485161 0.000000
1.682 3.484798 0.000000
1.683 3.484435 0.000000
1.684 3.484073 0.000000
1.685 3.483710 0.000000
1.686 3.483348 0.000000
1.687 3.482985 0.000000
1.688 3.482623 0.000000
1.689 3.482260 0.000000
1.690 3.481897 0.000000
1.691 3.481535 0.000000
1.692 3.481172 0.000000
1.693 3.480810 0.000000
1.694 3.480447 0.000000
1.695 3.480085 0.000000
1.696 3.479733 0.000000
1.697 3.479382 0.000000
1.698 3.479031 0.000000
1.699 3.478680 0.000000
1.700 3.478328 0.000000
1.701 3.477977 0.000000
1.702 3.477626 0.000000
1.703 3.477275 0.000000
1.704 3.476924 0.000000
1.705 3.476573 0.000000
1.706 3.476222 0.000000
1.707 3.475871 0.000000
1.708 3.475520 0.000000
1.709 3.475169 0.000000
1.710 3.474818 0.000000
1.711 3.474472 0.000000
1.712 3.474133 0.000000
1.713 3.473793 0.000000
1.714 3.473454 0.000000
1.715 3.473115 0.000000
1.716 3.472776 0.000000
1.717 3.472437 0.000000
1.718 3.472097 0.000000
1.719 3.471758 0.000000
1.720 3.471419 0.000000
1.721 3.471080 0.000000
1.722 3.470740 0.000000
1.723 3.470401 0.000000
1.724 3.470062 0.000000
1.725 3.469723 0.000000
1.726 3.469383 0.000000
1.727 3.469051 0.000000
1.728 3.468723 0.000000
1.729 3.468395 0.000000
1.730 3.468067 0.000000
1.731 3.467738 0.000000
1.732 3.467410 0.000000
1.733 3.467082 0.000000
1.734 3.466753 0.000000
1.735 3.466425 0.000000
1.736 3.466097 0.000000
1.737 3.465769 0.000000
1.738 3.465440 0.000000
1.739 3.465112 0.000000
1.740 3.464784 0.000000
1.741 3.464456 0.000000
1.742 3.464127 0.000000
1.743 3.463806 0.000000
1.744 3.463489 0.000000
1.745 3.463172 0.000000
1.746 3.462855 0.000000
1.747 3.462538 0.000000
1.748 3.462221 0.000000
1.749 3.461904 0.000000
1.750 3.461587 0.000000
1.751 3.461270 0.000000
1.752 3.460953 0.000000
1.753 3.460636 0.000000
1.754 3.460319 0.000000
1.755 3.460002 0.000000
1.756 3.459685 0.000000
1.757 3.459368 0.000000
1.758 3.459051 0.000000
1.759 3.458736 0.000000
1.760 3.458429 0.000000
1.761 3.458123 0.000000
1.762 3.457816 0.000000
1.763 3.457510 0.000000
1.764 3.457203 0.000000
1.765 3.456896 0.000000
1.766 3.456590 0.000000
1.767 3.456283 0.000000
1.768 3.455977 0.000000
1.769 3.455670 0.000000
1.770 3.455364 0.000000
1.771 3.455057 0.000000
1.772 3.454751 0.000000
1.773 3.454444 0.000000
1.774 3.454138 0.000000
1.775 3.453831 0.000000
1.776 3.453529 0.000000
1.777 3.453233 0.000000
1.778 3.452937 0.000000
1.779 3.452641 0.000000
1.780 3.452344 0.000000
1.781 3.452048 0.000000
1.782 3.451752 0.000000
1.783 3.451455 0.000000
1.784 3.451159 0.000000
1.785 3.450863 0.000000
1.786 3.450566 0.000000
1.787 3.450270 0.000000
1.788 3.449974 0.000000
1.789 3.449677 0.000000
1.790 3.449381 0.000000
1.791 3.449085 0.000000
1.792 3.448788 0.000000
1.793 3.448497 0.000000
1.794 3.448211 0.000000
1.795 3.447925 0.000000
1.796 3.447639 0.000000
1.797 3.447353 0.000000
1.798 3.447067 0.000000
1.799 3.446780 0.000000
1.800 3.446494 0.000000
1.801 3.446208 0.000000
1.802 3.445922 0.000000
1.803 3.445636 0.000000
1.804 3.445350 0.000000
1.805 3.445064 0.000000
1.806 3.444778 0.000000
1.807 3.444492 0.000000
1.808 3.444206 0.000000
1.809 3.443920 0.000000
1.810 3.443635 0.000000
1.811 3.443358 0.000000
1.812 3.443082 0.000000
1.813 3.442805 0.000000
1.814 3.442529 0.000000
1.815 3.442252 0.000000
1.816 3.441976 0.000000
1.817 3.441699 0.000000
1.818 3.441423 0.000000
1.819 3.441146 0.000000
1.820 3.440870 0.000000
1.821 3.440593 0.000000
1.822 3.440317 0.000000
1.823 3.440040 0.000000
1.824 3.439764 0.000000
1.825 3.439487 0.000000
1.826 3.439211 0.000000
1.827 3.438934 0.000000
1.828 3.438662 0.000000
1.829 3.438395 0.000000
1.830 3.438128 0.000000
1.831 3.437861 0.000000
1.832 3.437594 0.000000
1.833 3.437327 0.000000
1.834 3.437061 0.000000
1.835 3.436794 0.000000
1.836 3.436527 0.000000
1.837 3.436260 0.000000
1.838 3.435993 0.000000
1.839 3.435726 0.000000
1.840 3.435459 0.000000
1.841 3.435193 0.000000
1.842 3.434926 0.000000
1.843 3.434659 0.000000
1.844 3.434392 0.000000
1.845 3.434125 0.000000
1.846 3.433862 0.000000
1.847 3.433604 0.000000
1.848 3.433346 0.000000
1.849 3.433088 0.000000
1.850 3.432830 0.000000
1.851 3.432572 0.000000
1.852 3.432314 0.000000
1.853 3.432056 0.000000
1.854 3.431798 0.000000
1.855 3.431540 0.000000
1.856 3.431282 0.000000
1.857 3.431024 0.000000
1.858 3.430766 0.000000
1.859 3.430509 0.000000
1.860 3.430251 0.000000
1.861 3.429993 0.000000
1.862 3.429735 0.000000
1.863 3.429477 0.000000
1.864 3.429219 0.000000
1.865 3.428970 0.000000
1.866 3.428722 0.000000
1.867 3.428473 0.000000
1.868 3.428225 0.000000
1.869 3.427976 0.000000
1.870 3.427728 0.000000
1.871 3.427479 0.000000
1.872 3.427230 0.000000
1.873 3.426982 0.000000
1.874 3.426733 0.000000
1.875 3.426485 0.000000
1.876 3.426236 0.000000
1.877 3.425988 0.000000
1.878 3.425739 0.000000
1.879 3.425490 0.000000
1.880 3.425242 0.000000
1.881 3.424993 0.000000
1.882 3.424745 0.000000
1.883 3.424498 0.000000
1.884 3.424258 0.000000
1.885 3.424018 0.000000
1.886 3.423778 0.000000
1.887 3.423538 0.000000
1.888 3.423297 0.000000
1.889 3.423057 0.000000
1.890 3.422817 0.000000
1.891 3.422577 0.000000
1.892 3.422336 0.000000
1.893 3.422096 0.000000
1.894 3.421856 0.000000
1.895 3.421616 0.000000
1.896 3.421376 0.000000
1.897 3.421135 0.000000
1.898 3.420895 0.000000
1.899 3.420655 0.000000
1.900 3.420415 0.000000