0.253 2.133252 3.286898
0.258 2.398015 3.336636
0.263 2.705349 3.349775
0.268 3.035701 3.237325
0.273 3.279549 3.022282
0.278 3.421586 2.788613
0.283 3.488430 2.569541
0.288 3.511108 2.381376
0.293 3.500029 2.222127
0.298 3.469064 2.094459
0.303 3.426015 1.999291
0.308 3.382321 1.930346
0.313 3.342201 1.879770
0.318 3.306609 1.847450
0.323 3.277746 1.827333
0.328 3.254499 1.814855
0.333 3.240117 1.812936
0.338 3.229700 1.811128
0.343 3.225508 1.815224
0.348 3.222750 1.825250
0.353 3.232119 1.836618
0.358 3.240396 1.848982
0.363 3.255072 1.866622
0.368 3.271001 1.882782
0.373 3.294439 1.903627
0.378 3.321979 1.926288
0.383 3.359045 1.953466
0.388 3.405701 1.982950
0.393 3.468326 2.013830
0.398 3.550171 2.023814
0.403 3.631324 2.000980
0.408 3.678690 1.969193
0.413 3.705809 1.959968
0.418 3.743148 1.988445
0.423 3.823203 2.033569
0.428 3.957970 2.068287
0.433 4.122858 2.048530
0.438 4.282817 1.982667
0.443 4.434092 1.866752
0.448 4.545076 1.701291
0.453 4.594116 1.516459
0.458 4.585096 1.354335
0.463 4.550549 1.219606
0.468 4.501525 1.115221
0.473 4.454284 1.033528
0.478 4.409013 0.964394
0.483 4.366199 0.909301
0.488 4.326909 0.862045
0.493 4.290770 0.821596
0.498 4.259017 0.786114
0.503 4.228933 0.754539
0.508 4.200029 0.726378
0.513 4.175567 0.700746
0.518 4.151521 0.677352
0.523 4.129741 0.655467
0.528 4.108949 0.634843
0.533 4.089894 0.615866
0.538 4.072451 0.597681
0.543 4.054207 0.580669
0.548 4.038313 0.564770
0.553 4.024572 0.549374
0.558 4.008920 0.534636
0.563 3.993324 0.520720
0.568 3.980809 0.507341
0.573 3.967947 0.494585
0.578 3.955466 0.482354
0.583 3.943695 0.470595
0.588 3.932137 0.459410
0.593 3.920687 0.448318
0.598 3.910858 0.438026
0.603 3.899913 0.427991
0.608 3.889933 0.418201
0.613 3.882378 0.408632
0.618 3.872180 0.399441
0.623 3.862353 0.390720
0.628 3.852604 0.382308
0.633 3.845397 0.374120
0.638 3.836833 0.366155
0.643 3.828936 0.358464
0.648 3.819741 0.351125
0.653 3.812251 0.343921
0.658 3.806355 0.336852
0.663 3.797694 0.330066
0.668 3.789339 0.323448
0.673 3.781521 0.316908
0.678 3.776792 0.310853
0.683 3.769206 0.305002
0.688 3.760969 0.298990
0.693 3.757101 0.293584
0.698 3.749994 0.288045
0.703 3.742850 0.282429
0.708 3.737961 0.277788
0.713 3.731759 0.272648
0.718 3.723978 0.267675
0.723 3.720347 0.263163
0.728 3.714237 0.258684
0.733 3.707136 0.254329
0.738 3.703803 0.250083
0.743 3.697345 0.245925
0.748 3.690988 0.242092
0.753 3.687759 0.238277
0.758 3.681015 0.234764
0.763 3.675918 0.231203
0.768 3.672289 0.227840
0.773 3.666695 0.224580
0.778 3.663182 0.221663
0.783 3.657252 0.218446
0.788 3.653860 0.215665
0.793 3.648526 0.212956
0.798 3.645330 0.210268
0.803 3.640485 0.207821
0.808 3.636927 0.205517
0.813 3.632625 0.203276
0.818 3.628817 0.201124
0.823 3.624888 0.199109
0.828 3.622965 0.196804
0.833 3.618770 0.194415
0.838 3.616131 0.192987
0.843 3.613665 0.191086
0.848 3.611404 0.188739
0.853 3.609204 0.186628
0.858 3.607075 0.184861
0.863 3.605001 0.182684
0.868 3.603122 0.180948
0.873 3.601178 0.178589
0.878 3.599272 0.176171
0.883 3.597456 0.173974
0.888 3.595743 0.172161
0.893 3.594118 0.170000
0.898 3.592447 0.167209
0.903 3.590804 0.164623
0.908 3.589200 0.162820
0.913 3.587677 0.160641
0.918 3.586278 0.158354
0.923 3.584885 0.156157
0.928 3.583469 0.154261
0.933 3.582092 0.152248
0.938 3.580798 0.150130
0.943 3.579504 0.148110
0.948 3.578247 0.146590
0.953 3.577085 0.145239
0.958 3.575987 0.143829
0.963 3.574927 0.142462
0.968 3.573871 0.141227
0.973 3.572848 0.139985
0.978 3.571830 0.138487
0.983 3.570861 0.137364
0.988 3.569953 0.136042
0.993 3.569032 0.134690
0.998 3.568129 0.133144
1.003 3.567264 0.131673
1.008 3.566455 0.130631
1.013 3.565711 0.129479
1.018 3.564997 0.128220
1.023 3.564349 0.126829
1.028 3.563767 0.125484
1.033 3.563236 0.124188
1.038 3.562747 0.122873
1.043 3.562324 0.121548
1.048 3.561960 0.120252
1.053 3.561621 0.118906
1.058 3.561322 0.117488
1.063 3.561063 0.116048
1.068 3.560829 0.114635
1.073 3.560612 0.113251
1.078 3.560395 0.111838
1.083 3.560178 0.110385
1.088 3.559964 0.108881
1.093 3.559730 0.107313
1.098 3.559450 0.105640
1.103 3.559101 0.103833
1.108 3.558731 0.102001
1.113 3.558342 0.100280
1.118 3.557819 0.098517
1.123 3.557205 0.096709
1.128 3.556593 0.094845
1.133 3.555968 0.092985
1.138 3.555259 0.091189
1.143 3.554518 0.089454
1.148 3.553786 0.087748
1.153 3.553089 0.086013
1.158 3.552439 0.084259
1.163 3.551843 0.082485
1.168 3.551323 0.080686
1.173 3.550920 0.078867
1.178 3.550687 0.077022
1.183 3.550684 0.075191
1.188 3.551074 0.073165
1.193 3.551759 0.071108
1.198 3.552720 0.068969
1.203 3.554208 0.066636
1.208 3.556300 0.064041
1.213 3.558842 0.061195
1.218 3.561516 0.058144
1.223 3.563974 0.054809
1.228 3.565127 0.049693
1.233 3.564822 0.042765
1.238 3.563656 0.034880
1.243 3.561967 0.026491
1.248 3.557996 0.018522
1.253 3.552955 0.012481
1.258 3.547212 0.007990
1.263 3.541048 0.005383
1.268 3.534711 0.003601
1.273 3.528309 0.002322
1.278 3.521924 0.001546
1.283 3.516127 0.001047
1.288 3.510650 0.000698
1.293 3.505548 0.000486
1.298 3.500760 0.000330
1.303 3.496193 0.000213
1.308 3.492149 0.000150
1.313 3.488250 0.000103
1.318 3.484492 0.000070
1.323 3.481111 0.000049
1.328 3.477837 0.000033
1.333 3.474732 0.000023
1.338 3.471758 0.000016
1.343 3.468855 0.000011
1.348 3.466066 0.000008
1.353 3.463296 0.000005
1.358 3.460569 0.000004
1.363 3.457912 0.000003
1.368 3.455299 0.000002
1.373 3.452732 0.000001
1.378 3.450184 0.000001
1.383 3.447714 0.000001
1.388 3.445272 0.000000
1.393 3.442876 0.000000
1.398 3.440514 0.000000
1.403 3.438176 0.000000
1.408 3.435905 0.000000
1.413 3.433653 0.000000
1.418 3.431443 0.000000
1.423 3.429240 0.000000
1.428 3.427108 0.000000
1.433 3.424985 0.000000
1.438 3.422905 0.000000
1.443 3.420840 0.000000
1.448 3.418813 0.000000
1.453 3.416809 0.000000
1.458 3.414847 0.000000
1.463 3.412899 0.000000
1.468 3.410975 0.000000
1.473 3.409077 0.000000
1.478 3.407221 0.000000
1.483 3.405379 0.000000
1.488 3.403564 0.000000
1.493 3.401765 0.000000
1.498 3.400003 0.000000
1.503 3.398255 0.000000
1.508 3.396547 0.000000
1.513 3.394845 0.000000
1.518 3.393173 0.000000
1.523 3.391503 0.000000
1.528 3.389885 0.000000
1.533 3.388266 0.000000
1.538 3.386678 0.000000
1.543 3.385095 0.000000
1.548 3.383542 0.000000
1.553 3.382005 0.000000
1.558 3.380485 0.000000
1.563 3.378987 0.000000
1.568 3.377496 0.000000
1.573 3.376033 0.000000
1.578 3.374570 0.000000
1.583 3.373149 0.000000
1.588 3.371732 0.000000
1.593 3.370333 0.000000
1.598 3.368948 0.000000
1.603 3.367573 0.000000
1.608 3.366236 0.000000
1.613 3.364899 0.000000
1.618 3.363590 0.000000
1.623 3.362288 0.000000
1.628 3.360999 0.000000
1.633 3.359728 0.000000
1.638 3.358458 0.000000
1.643 3.357221 0.000000
1.648 3.355986 0.000000
1.653 3.354763 0.000000
1.658 3.353556 0.000000
1.663 3.352349 0.000000
1.668 3.351180 0.000000
1.673 3.350015 0.000000
1.678 3.348859 0.000000
1.683 3.347722 0.000000
1.688 3.346584 0.000000
1.693 3.345469 0.000000
1.698 3.344364 0.000000
1.703 3.343260 0.000000
1.708 3.342189 0.000000
1.713 3.341119 0.000000
1.718 3.340056 0.000000
1.723 3.339010 0.000000
1.728 3.337965 0.000000
1.733 3.336938 0.000000
1.738 3.335927 0.000000
1.743 3.334915 0.000000
1.748 3.333921 0.000000
1.753 3.332932 0.000000
1.758 3.331943 0.000000
1.763 3.330984 0.000000
1.768 3.330027 0.000000
1.773 3.329071 0.000000
1.778 3.328142 0.000000
1.783 3.327213 0.000000
1.788 3.326287 0.000000
1.793 3.325382 0.000000
1.798 3.324478 0.000000
1.803 3.323576 0.000000
1.808 3.322701 0.000000
1.813 3.321826 0.000000
1.818 3.320952 0.000000
1.823 3.320097 0.000000
1.828 3.319241 0.000000
1.833 3.318386 0.000000
1.838 3.317558 0.000000
1.843 3.316730 0.000000
1.848 3.315902 0.000000
1.853 3.315093 0.000000
1.858 3.314287 0.000000
1.863 3.313482 0.000000
1.868 3.312691 0.000000
1.873 3.311908 0.000000
1.878 3.311124 0.000000
1.883 3.310352 0.000000
1.888 3.309594 0.000000
1.893 3.308836 0.000000
1.898 3.308080 0.000000
1.903 3.307340 0.000000
1.908 3.306600 0.000000
1.913 3.305860 0.000000
1.918 3.305143 0.000000
1.923 3.304432 0.000000
1.928 3.303721 0.000000
1.933 3.303017 0.000000
1.938 3.302325 0.000000
1.943 3.301634 0.000000
1.948 3.300943 0.000000