0.253 2.372012 3.404931
0.258 2.698330 3.421390
0.263 3.103945 3.348543
0.268 3.458782 3.065600
0.273 3.606790 2.709916
0.278 3.619656 2.420450
0.283 3.579808 2.208113
0.288 3.519766 2.052936
0.293 3.455312 1.939463
0.298 3.390770 1.862177
0.303 3.335107 1.812895
0.308 3.286742 1.780565
0.313 3.249978 1.762772
0.318 3.221431 1.755642
0.323 3.202632 1.755615
0.328 3.189636 1.758915
0.333 3.182564 1.769545
0.338 3.181509 1.782044
0.343 3.186131 1.798223
0.348 3.196388 1.817826
0.353 3.210792 1.840695
0.358 3.232619 1.866757
0.363 3.261127 1.896475
0.368 3.298611 1.930222
0.373 3.353166 1.966047
0.378 3.424787 1.988245
0.383 3.490687 1.990762
0.388 3.537883 2.001894
0.393 3.599753 2.045061
0.398 3.711734 2.096333
0.403 3.874450 2.113493
0.408 4.043965 2.079135
0.413 4.212897 2.007503
0.418 4.377939 1.879698
0.423 4.496587 1.692647
0.428 4.537142 1.489698
0.433 4.517889 1.316387
0.438 4.475513 1.178629
0.443 4.422518 1.073267
0.448 4.372286 0.988842
0.453 4.323301 0.921128
0.458 4.278959 0.864240
0.463 4.237223 0.816228
0.468 4.199597 0.774771
0.473 4.164805 0.738715
0.478 4.132730 0.706695
0.483 4.103682 0.677969
0.488 4.075462 0.651647
0.493 4.050730 0.627559
0.498 4.027186 0.605368
0.503 4.005802 0.584606
0.508 3.984129 0.565327
0.513 3.963683 0.547307
0.518 3.945778 0.530456
0.523 3.926969 0.514545
0.528 3.910187 0.499578
0.533 3.894280 0.485530
0.538 3.878608 0.472245
0.543 3.863232 0.459720
0.548 3.848184 0.447782
0.553 3.835884 0.436646
0.558 3.822093 0.426006
0.563 3.808973 0.415818
0.568 3.797343 0.406034
0.573 3.785319 0.396913
0.578 3.774549 0.388139
0.583 3.764557 0.379726
0.588 3.753751 0.371690
0.593 3.744243 0.364024
0.598 3.734851 0.356738
0.603 3.725338 0.349690
0.608 3.715991 0.342865
0.613 3.706984 0.336344
0.618 3.698280 0.330060
0.623 3.689822 0.324046
0.628 3.683310 0.318221
0.633 3.675923 0.312762
0.638 3.668311 0.307305
0.643 3.660797 0.302017
0.648 3.653720 0.297193
0.653 3.647552 0.292234
0.658 3.641487 0.287631
0.663 3.635098 0.283117
0.668 3.628520 0.278743
0.673 3.622528 0.274574
0.678 3.616988 0.270508
0.683 3.611956 0.266577
0.688 3.606081 0.262858
0.693 3.600142 0.259194
0.698 3.596278 0.255691
0.703 3.591182 0.252379
0.708 3.585787 0.248986
0.713 3.581207 0.245903
0.718 3.577544 0.242855
0.723 3.572414 0.239917
0.728 3.568729 0.237155
0.733 3.564992 0.234500
0.738 3.560315 0.231880
0.743 3.557667 0.229269
0.748 3.553829 0.226503
0.753 3.550862 0.224368
0.758 3.548099 0.221817
0.763 3.545487 0.219147
0.768 3.542958 0.216824
0.773 3.540527 0.214343
0.778 3.538244 0.211896
0.783 3.535990 0.209194
0.788 3.533888 0.206622
0.793 3.531888 0.204304
0.798 3.529962 0.201584
0.803 3.528040 0.198702
0.808 3.526189 0.196375
0.813 3.524435 0.193817
0.818 3.522827 0.191245
0.823 3.521223 0.188867
0.828 3.519703 0.186450
0.833 3.518249 0.183949
0.838 3.516841 0.181760
0.843 3.515509 0.179777
0.848 3.514285 0.177762
0.853 3.513155 0.175792
0.858 3.512059 0.173911
0.863 3.510998 0.171881
0.868 3.509989 0.170023
0.873 3.509075 0.168010
0.878 3.508211 0.165912
0.883 3.507408 0.163925
0.888 3.506739 0.162101
0.893 3.506121 0.160156
0.898 3.505643 0.158093
0.903 3.505287 0.156056
0.908 3.505002 0.154003
0.913 3.504896 0.151863
0.918 3.504884 0.149698
0.923 3.504934 0.147407
0.928 3.505106 0.144925
0.933 3.505310 0.142447
0.938 3.505533 0.139791
0.943 3.505765 0.136909
0.948 3.505989 0.133934
0.953 3.506092 0.130695
0.958 3.506055 0.127163
0.963 3.505962 0.123599
0.968 3.505570 0.119979
0.973 3.504868 0.116221
0.978 3.504122 0.112416
0.983 3.503115 0.108707
0.988 3.501828 0.105121
0.993 3.500526 0.101570
0.998 3.499197 0.098141
1.003 3.497803 0.094940
1.008 3.496468 0.091759
1.013 3.495329 0.088633
1.018 3.494609 0.085847
1.023 3.494235 0.083019
1.028 3.494161 0.080126
1.033 3.495297 0.076870
1.038 3.497476 0.072845
1.043 3.499841 0.068382
1.048 3.501885 0.063291
1.053 3.502993 0.055334
1.058 3.503392 0.042570
1.063 3.502197 0.028339
1.068 3.497211 0.015271
1.073 3.489279 0.008717
1.078 3.481012 0.005000
1.083 3.472386 0.002883
1.088 3.463440 0.001640
1.093 3.454459 0.001003
1.098 3.447064 0.000629
1.103 3.440428 0.000394
1.108 3.434226 0.000247
1.113 3.428576 0.000159
1.118 3.423466 0.000102
1.123 3.418680 0.000066
1.128 3.414041 0.000043
1.133 3.409917 0.000029
1.138 3.405967 0.000019
1.143 3.402129 0.000012
1.148 3.398546 0.000008
1.153 3.395087 0.000006
1.158 3.391751 0.000004
1.163 3.388476 0.000003
1.168 3.385306 0.000002
1.173 3.382263 0.000001
1.178 3.379259 0.000001
1.183 3.376318 0.000001
1.188 3.373486 0.000000
1.193 3.370738 0.000000
1.198 3.368027 0.000000
1.203 3.365373 0.000000
1.208 3.362807 0.000000
1.213 3.360311 0.000000
1.218 3.357844 0.000000
1.223 3.355412 0.000000
1.228 3.353075 0.000000
1.233 3.350769 0.000000
1.238 3.348490 0.000000
1.243 3.346266 0.000000
1.248 3.344064 0.000000
1.253 3.341953 0.000000
1.258 3.339851 0.000000
1.263 3.337764 0.000000
1.268 3.335742 0.000000
1.273 3.333768 0.000000
1.278 3.331818 0.000000
1.283 3.329877 0.000000
1.288 3.328005 0.000000
1.293 3.326144 0.000000
1.298 3.324359 0.000000
1.303 3.322579 0.000000
1.308 3.320822 0.000000
1.313 3.319084 0.000000
1.318 3.317407 0.000000
1.323 3.315736 0.000000
1.328 3.314082 0.000000
1.333 3.312448 0.000000
1.338 3.310855 0.000000
1.343 3.309276 0.000000
1.348 3.307729 0.000000
1.353 3.306190 0.000000
1.358 3.304674 0.000000
1.363 3.303172 0.000000
1.368 3.301723 0.000000
1.373 3.300275 0.000000
1.378 3.298846 0.000000
1.383 3.297416 0.000000
1.388 3.296062 0.000000
1.393 3.294708 0.000000
1.398 3.293387 0.000000
1.403 3.292072 0.000000
1.408 3.290775 0.000000
1.413 3.289488 0.000000
1.418 3.288219 0.000000
1.423 3.286977 0.000000
1.428 3.285736 0.000000
1.433 3.284510 0.000000
1.438 3.283284 0.000000
1.443 3.282111 0.000000
1.448 3.280949 0.000000
1.453 3.279799 0.000000
1.458 3.278660 0.000000
1.463 3.277524 0.000000
1.468 3.276423 0.000000
1.473 3.275323 0.000000
1.478 3.274251 0.000000
1.483 3.273194 0.000000
1.488 3.272140 0.000000
1.493 3.271101 0.000000
1.498 3.270061 0.000000
1.503 3.269053 0.000000
1.508 3.268058 0.000000
1.513 3.267065 0.000000
1.518 3.266086 0.000000
1.523 3.265106 0.000000
1.528 3.264149 0.000000
1.533 3.263211 0.000000
1.538 3.262273 0.000000
1.543 3.261366 0.000000
1.548 3.260461 0.000000
1.553 3.259561 0.000000
1.558 3.258675 0.000000
1.563 3.257789 0.000000
1.568 3.256922 0.000000
1.573 3.256074 0.000000
1.578 3.255226 0.000000
1.583 3.254387 0.000000
1.588 3.253551 0.000000
1.593 3.252715 0.000000
1.598 3.251909 0.000000
1.603 3.251108 0.000000
1.608 3.250306 0.000000
1.613 3.249525 0.000000
1.618 3.248744 0.000000
1.623 3.247964 0.000000
1.628 3.247203 0.000000
1.633 3.246441 0.000000
1.638 3.245683 0.000000
1.643 3.244952 0.000000
1.648 3.244222 0.000000
1.653 3.243493 0.000000
1.658 3.242773 0.000000
1.663 3.242054 0.000000
1.668 3.241334 0.000000
1.673 3.240658 0.000000
1.678 3.239983 0.000000
1.683 3.239308 0.000000
1.688 3.238646 0.000000
1.693 3.237988 0.000000
1.698 3.237330 0.000000
1.703 3.236681 0.000000
1.708 3.236039 0.000000
1.713 3.235396 0.000000
1.718 3.234760 0.000000
1.723 3.234136 0.000000
1.728 3.233512 0.000000
1.733 3.232887 0.000000
1.738 3.232274 0.000000
1.743 3.231660 0.000000
1.748 3.231046 0.000000
1.753 3.230456 0.000000
1.758 3.229884 0.000000
1.763 3.229312 0.000000
1.768 3.228740 0.000000
1.773 3.228179 0.000000
1.778 3.227617 0.000000
1.783 3.227056 0.000000
1.788 3.226506 0.000000
1.793 3.225966 0.000000
1.798 3.225426 0.000000
1.803 3.224885 0.000000
1.808 3.224362 0.000000
1.813 3.223840 0.000000
1.818 3.223317 0.000000
1.823 3.222798 0.000000
1.828 3.222287 0.000000
1.833 3.221776 0.000000
1.838 3.221266 0.000000
1.843 3.220767 0.000000
1.848 3.220282 0.000000
1.853 3.219797 0.000000
1.858 3.219312 0.000000
1.863 3.218833 0.000000
1.868 3.218356 0.000000
1.873 3.217879 0.000000
1.878 3.217402 0.000000
1.883 3.216941 0.000000
1.888 3.216487 0.000000
1.893 3.216033 0.000000
1.898 3.215579 0.000000
1.903 3.215135 0.000000
1.908 3.214696 0.000000
1.913 3.214256 0.000000
1.918 3.213817 0.000000
1.923 3.213384 0.000000
1.928 3.212957 0.000000
1.933 3.212529 0.000000
1.938 3.212102 0.000000
1.943 3.211683 0.000000
1.948 3.211277 0.000000