0.253 1.979454 3.211816
0.254 2.031083 3.227794
0.255 2.077238 3.244928
0.256 2.118811 3.256636
0.257 2.165306 3.268408
0.258 2.210833 3.280262
0.259 2.256875 3.292113
0.260 2.304892 3.303704
0.261 2.359188 3.314617
0.262 2.411239 3.323206
0.263 2.464370 3.326014
0.264 2.521290 3.330709
0.265 2.579570 3.325957
0.266 2.642310 3.322175
0.267 2.699370 3.311361
0.268 2.755652 3.297359
0.269 2.815344 3.280979
0.270 2.868973 3.258632
0.271 2.925141 3.235035
0.272 2.974328 3.209117
0.273 3.024501 3.178064
0.274 3.070106 3.145955
0.275 3.115263 3.113887
0.276 3.154097 3.079174
0.277 3.190834 3.043239
0.278 3.226193 3.003539
0.279 3.260081 2.969276
0.280 3.291904 2.930766
0.281 3.317598 2.889740
0.282 3.342050 2.849273
0.283 3.366690 2.812461
0.284 3.386152 2.772359
0.285 3.404331 2.732908
0.286 3.422115 2.695487
0.287 3.435075 2.658123
0.288 3.448087 2.620240
0.289 3.460808 2.583280
0.290 3.469087 2.548565
0.291 3.475669 2.510690
0.292 3.482068 2.476034
0.293 3.487738 2.443481
0.294 3.489015 2.410049
0.295 3.488775 2.380137
0.296 3.490193 2.348673
0.297 3.492457 2.319503
0.298 3.490434 2.289044
0.299 3.486513 2.261651
0.300 3.482502 2.236343
0.301 3.478604 2.211349
0.302 3.474831 2.186796
0.303 3.470239 2.166659
0.304 3.462466 2.145405
0.305 3.456100 2.125935
0.306 3.448461 2.105131
0.307 3.442362 2.086025
0.308 3.434963 2.067531
0.309 3.429080 2.052348
0.310 3.422119 2.036161
0.311 3.413348 2.021194
0.312 3.406376 2.009207
0.313 3.398847 1.997523
0.314 3.393224 1.985991
0.315 3.387072 1.974587
0.316 3.378382 1.963285
0.317 3.371670 1.952092
0.318 3.365137 1.941051
0.319 3.356850 1.933479
0.320 3.349483 1.926241
0.321 3.343795 1.918881
0.322 3.338724 1.911869
0.323 3.333702 1.904273
0.324 3.326072 1.897952
0.325 3.320561 1.892254
0.326 3.315940 1.888035
0.327 3.310619 1.882409
0.328 3.306525 1.877901
0.329 3.301709 1.875137
0.330 3.297366 1.871120
0.331 3.293002 1.868426
0.332 3.288225 1.864612
0.333 3.284317 1.862923
0.334 3.279346 1.860934
0.335 3.277788 1.857013
0.336 3.274413 1.855747
0.337 3.269115 1.855865
0.338 3.268072 1.856044
0.339 3.267285 1.856237
0.340 3.264745 1.854660
0.341 3.259560 1.850419
0.342 3.257728 1.849509
0.343 3.257035 1.849727
0.344 3.256423 1.850014
0.345 3.255851 1.850325
0.346 3.255309 1.850654
0.347 3.254799 1.850999
0.348 3.254310 1.851356
0.349 3.253849 1.851731
0.350 3.253437 1.852138
0.351 3.253045 1.852969
0.352 3.252671 1.855879
0.353 3.252323 1.860455
0.354 3.252006 1.861364
0.355 3.251718 1.861851
0.356 3.251457 1.862353
0.357 3.252381 1.862878
0.358 3.256860 1.863704
0.359 3.258187 1.866389
0.360 3.258143 1.871027
0.361 3.259316 1.872629
0.362 3.263346 1.873245
0.363 3.265071 1.873883
0.364 3.265198 1.875253
0.365 3.266144 1.879942
0.366 3.270643 1.883015
0.367 3.272745 1.884068
0.368 3.276177 1.885458
0.369 3.279301 1.889878
0.370 3.281942 1.893241
0.371 3.286051 1.894521
0.372 3.288192 1.895610
0.373 3.292071 1.900079
0.374 3.295192 1.903691
0.375 3.297808 1.905510
0.376 3.302015 1.908722
0.377 3.307284 1.912977
0.378 3.310734 1.915357
0.379 3.312986 1.917209
0.380 3.317426 1.922089
0.381 3.322782 1.925442
0.382 3.327036 1.927064
0.383 3.332140 1.931063
0.384 3.337124 1.935365
0.385 3.341834 1.938732
0.386 3.347472 1.943148
0.387 3.354385 1.946578
0.388 3.360542 1.950760
0.389 3.365170 1.955441
0.390 3.370581 1.958528
0.391 3.376971 1.962902
0.392 3.386177 1.969143
0.393 3.392866 1.973713
0.394 3.398685 1.977130
0.395 3.407151 1.981562
0.396 3.415027 1.987405
0.397 3.421365 1.991821
0.398 3.428098 1.997793
0.399 3.437333 2.003007
0.400 3.447359 2.008311
0.401 3.459319 2.014426
0.402 3.472306 2.019411
0.403 3.482736 2.025486
0.404 3.494040 2.030262
0.405 3.507227 2.035770
0.406 3.521060 2.041365
0.407 3.536862 2.046148
0.408 3.552064 2.051557
0.409 3.566384 2.054039
0.410 3.583650 2.055469
0.411 3.601586 2.056782
0.412 3.619640 2.056493
0.413 3.638875 2.053883
0.414 3.660844 2.051227
0.415 3.680573 2.046144
0.416 3.698051 2.039475
0.417 3.713759 2.031941
0.418 3.727191 2.022549
0.419 3.741262 2.012588
0.420 3.755066 2.004040
0.421 3.767314 1.993902
0.422 3.777100 1.983904
0.423 3.782484 1.972971
0.424 3.788405 1.963983
0.425 3.792260 1.955275
0.426 3.796525 1.946044
0.427 3.801928 1.940237
0.428 3.805322 1.937199
0.429 3.807495 1.933285
0.430 3.809723 1.930762
0.431 3.812056 1.931913
0.432 3.814555 1.933883
0.433 3.817325 1.936036
0.434 3.821705 1.939732
0.435 3.828130 1.945333
0.436 3.835577 1.951652
0.437 3.843905 1.958919
0.438 3.853310 1.968367
0.439 3.863488 1.977914
0.440 3.876956 1.985434
0.441 3.893195 1.991850
0.442 3.911178 1.999531
0.443 3.930934 2.008660
0.444 3.951666 2.017709
0.445 3.974949 2.025844
0.446 4.001593 2.032178
0.447 4.029585 2.037157
0.448 4.058744 2.040595
0.449 4.089913 2.041030
0.450 4.122548 2.038846
0.451 4.155622 2.033966
0.452 4.188610 2.027058
0.453 4.221441 2.019046
0.454 4.254115 2.008900
0.455 4.286625 1.996151
0.456 4.318231 1.981245
0.457 4.347709 1.963130
0.458 4.377730 1.943133
0.459 4.407881 1.922302
0.460 4.436698 1.899900
0.461 4.463846 1.874404
0.462 4.489060 1.845955
0.463 4.511831 1.816362
0.464 4.533565 1.785720
0.465 4.554494 1.754045
0.466 4.572141 1.721310
0.467 4.588378 1.687681
0.468 4.602806 1.653437
0.469 4.614338 1.618805
0.470 4.622733 1.583939
0.471 4.629652 1.548979
0.472 4.633783 1.514527
0.473 4.635183 1.482987
0.474 4.635218 1.451391
0.475 4.632895 1.420280
0.476 4.629491 1.391623
0.477 4.625462 1.364241
0.478 4.619385 1.337092
0.479 4.611872 1.310201
0.480 4.604992 1.283814
0.481 4.600006 1.258424
0.482 4.594864 1.235513
0.483 4.586789 1.213595
0.484 4.578417 1.191537
0.485 4.569974 1.172211
0.486 4.561374 1.153874
0.487 4.551151 1.135878
0.488 4.539488 1.118133
0.489 4.528924 1.100515
0.490 4.519984 1.084030
0.491 4.511443 1.069416
0.492 4.502921 1.055592
0.493 4.494412 1.042073
0.494 4.485920 1.028681
0.495 4.477442 1.015038
0.496 4.468979 1.002033
0.497 4.460534 0.988926
0.498 4.452111 0.976459
0.499 4.443717 0.966253
0.500 4.435350 0.956305
0.501 4.427003 0.945991
0.502 4.418679 0.935914
0.503 4.410384 0.926184
0.504 4.403031 0.916870
0.505 4.397454 0.907808
0.506 4.392040 0.898894
0.507 4.384823 0.890285
0.508 4.376792 0.882043
0.509 4.368669 0.873976
0.510 4.360573 0.866102
0.511 4.353448 0.858550
0.512 4.347732 0.851280
0.513 4.342331 0.844139
0.514 4.335779 0.837050
0.515 4.328176 0.830040
0.516 4.321257 0.823201
0.517 4.316089 0.816644
0.518 4.311409 0.810365
0.519 4.304145 0.804178
0.520 4.297697 0.798068
0.521 4.293688 0.792037
0.522 4.287912 0.786104
0.523 4.281255 0.780388
0.524 4.275858 0.774783
0.525 4.271305 0.769259
0.526 4.266814 0.763882
0.527 4.262194 0.758659
0.528 4.256976 0.753502
0.529 4.250213 0.748400
0.530 4.244582 0.743342
0.531 4.241078 0.738444
0.532 4.236152 0.733770
0.533 4.231894 0.729094
0.534 4.227692 0.724456
0.535 4.223186 0.719871
0.536 4.218868 0.715308
0.537 4.214695 0.710860
0.538 4.210290 0.706629
0.539 4.206244 0.702439
0.540 4.201847 0.698266
0.541 4.197685 0.694112
0.542 4.193652 0.689988
0.543 4.189330 0.685898
0.544 4.185194 0.681830
0.545 4.180898 0.677774
0.546 4.177241 0.673742
0.547 4.172928 0.669843
0.548 4.169308 0.666106
0.549 4.167494 0.662447
0.550 4.164393 0.658572
0.551 4.160325 0.654811
0.552 4.156530 0.651189
0.553 4.152555 0.647598
0.554 4.148381 0.644040
0.555 4.144504 0.640632
0.556 4.140656 0.637222
0.557 4.137639 0.633741
0.558 4.135187 0.630300
0.559 4.132601 0.626964
0.560 4.128846 0.623763
0.561 4.126007 0.620467
0.562 4.123689 0.617094
0.563 4.120875 0.613722
0.564 4.117385 0.610422
0.565 4.114406 0.607296
0.566 4.112227 0.604192
0.567 4.109352 0.601107
0.568 4.105778 0.598036
0.569 4.101790 0.594978
0.570 4.098240 0.591929
0.571 4.095000 0.588895
0.572 4.092386 0.585908
0.573 4.090485 0.582997
0.574 4.087112 0.580256
0.575 4.083986 0.577498
0.576 4.081420 0.574661
0.577 4.079487 0.571714
0.578 4.076183 0.568778
0.579 4.073133 0.565918
0.580 4.070887 0.563143
0.581 4.069899 0.560470
0.582 4.068102 0.557779
0.583 4.065413 0.555044
0.584 4.062310 0.552320
0.585 4.059502 0.549704
0.586 4.057405 0.547046
0.587 4.054837 0.544360
0.588 4.051748 0.541668
0.589 4.049121 0.539101
0.590 4.046854 0.536583
0.591 4.044425 0.534070
0.592 4.041278 0.531527
0.593 4.038839 0.529046
0.594 4.037226 0.526559
0.595 4.036366 0.524059
0.596 4.034110 0.521612
0.597 4.031272 0.519142
0.598 4.028300 0.516668
0.599 4.026386 0.514245
0.600 4.025348 0.511808
0.601 4.024095 0.509377
0.602 4.021455 0.506980
0.603 4.018264 0.504735
0.604 4.015647 0.502481
0.605 4.014306 0.500149
0.606 4.011690 0.497783
0.607 4.008714 0.495497
0.608 4.005458 0.493341
0.609 4.004308 0.491048
0.610 4.003239 0.488743
0.611 4.001983 0.486441
0.612 3.999280 0.484341
0.613 3.996515 0.482237
0.614 3.993871 0.480097
0.615 3.992852 0.477848
0.616 3.991674 0.475607
0.617 3.989803 0.473410
0.618 3.987143 0.471358
0.619 3.984536 0.469342
0.620 3.982509 0.467336
0.621 3.981511 0.465207
0.622 3.980554 0.463027
0.623 3.978006 0.460818
0.624 3.975237 0.458710
0.625 3.972397 0.456669
0.626 3.971312 0.454706
0.627 3.970455 0.452746
0.628 3.969868 0.450790
0.629 3.968704 0.448846
0.630 3.967057 0.446908
0.631 3.964359 0.444980
0.632 3.961925 0.443057
0.633 3.959714 0.441136
0.634 3.959024 0.439222
0.635 3.957698 0.437314
0.636 3.955549 0.435412
0.637 3.953020 0.433521
0.638 3.950604 0.431634
0.639 3.949193 0.429753
0.640 3.948102 0.427875
0.641 3.947302 0.425999
0.642 3.944907 0.424135
0.643 3.942312 0.422275
0.644 3.939874 0.420424
0.645 3.938366 0.418577
0.646 3.937670 0.416732
0.647 3.937134 0.414893
0.648 3.936350 0.413056
0.649 3.934166 0.411231
0.650 3.931862 0.409410
0.651 3.929422 0.407595
0.652 3.927898 0.405798
0.653 3.926674 0.404016
0.654 3.925693 0.402423
0.655 3.924223 0.400827
0.656 3.921704 0.399222
0.657 3.919428 0.397526
0.658 3.917325 0.395764
0.659 3.916496 0.393994
0.660 3.915921 0.392238
0.661 3.915459 0.390652
0.662 3.914313 0.389070
0.663 3.911749 0.387496
0.664 3.909348 0.385857
0.665 3.907080 0.384164
0.666 3.906024 0.382496
0.667 3.905324 0.380834
0.668 3.904882 0.379290
0.669 3.904164 0.377738
0.670 3.902185 0.376149
0.671 3.900131 0.374586
0.672 3.897948 0.373071
0.673 3.896300 0.371543
0.674 3.895085 0.370006
0.675 3.893986 0.368426
0.676 3.892931 0.366829
0.677 3.890745 0.365317
0.678 3.888427 0.363814
0.679 3.886648 0.362267
0.680 3.885093 0.360731
0.681 3.884613 0.359247
0.682 3.884096 0.357761
0.683 3.883494 0.356272
0.684 3.882129 0.354814
0.685 3.879717 0.353399
0.686 3.877563 0.351996
0.687 3.875636 0.350603
0.688 3.874591 0.349169
0.689 3.874063 0.347710
0.690 3.873647 0.346335
0.691 3.873275 0.344994
0.692 3.871260 0.343571
0.693 3.868822 0.342128
0.694 3.866816 0.340722
0.695 3.864880 0.339323
0.696 3.864211 0.337968
0.697 3.863656 0.336616
0.698 3.863294 0.335177
0.699 3.862941 0.333735
0.700 3.860543 0.332417
0.701 3.858147 0.331098
0.702 3.856328 0.329719
0.703 3.854546 0.328343
0.704 3.853990 0.327073
0.705 3.853388 0.325801
0.706 3.851302 0.324486
0.707 3.849222 0.323172
0.708 3.847447 0.321886
0.709 3.845673 0.320600
0.710 3.844852 0.319241
0.711 3.844035 0.317882
0.712 3.843696 0.316634
0.713 3.843376 0.315390
0.714 3.841390 0.314094
0.715 3.839249 0.312793
0.716 3.837506 0.311548
0.717 3.835828 0.310312
0.718 3.834904 0.309156
0.719 3.834183 0.308021
0.720 3.833759 0.306815
0.721 3.833459 0.305580
0.722 3.831924 0.304349
0.723 3.829606 0.303121
0.724 3.827676 0.301935
0.725 3.826127 0.300789
0.726 3.824969 0.299672
0.727 3.824431 0.298598
0.728 3.823953 0.297480
0.729 3.823652 0.296235
0.730 3.823130 0.294996
0.731 3.820873 0.293800
0.732 3.818616 0.292605
0.733 3.817049 0.291497
0.734 3.815512 0.290392
0.735 3.814822 0.289326
0.736 3.814359 0.288270
0.737 3.813902 0.287216
0.738 3.813449 0.286164
0.739 3.812292 0.285113
0.740 3.810126 0.284065
0.741 3.808112 0.283018
0.742 3.806692 0.281975
0.743 3.805272 0.280933
0.744 3.804876 0.279702
0.745 3.804498 0.278468
0.746 3.803652 0.277298
0.747 3.802646 0.276150
0.748 3.801216 0.275049
0.749 3.799359 0.273996
0.750 3.797670 0.272951
0.751 3.796521 0.271937
0.752 3.795373 0.270924
0.753 3.795060 0.270084
0.754 3.794782 0.269252
0.755 3.793560 0.268371
0.756 3.791880 0.267466
0.757 3.790281 0.266525
0.758 3.788823 0.265523
0.759 3.787401 0.264521
0.760 3.786629 0.263512
0.761 3.785858 0.262504
0.762 3.785482 0.261498
0.763 3.785259 0.260494
0.764 3.784313 0.259490
0.765 3.782154 0.258488
0.766 3.780008 0.257488
0.767 3.778763 0.256596
0.768 3.777518 0.255704
0.769 3.776812 0.254835
0.770 3.776411 0.253979
0.771 3.775915 0.253108
0.772 3.775128 0.252189
0.773 3.774341 0.251270
0.774 3.772692 0.250405
0.775 3.770883 0.249550
0.776 3.769389 0.248692
0.777 3.768323 0.247830
0.778 3.767257 0.246969
0.779 3.767006 0.246048
0.780 3.766764 0.245126
0.781 3.765661 0.244265
0.782 3.763819 0.243456
0.783 3.762026 0.242642
0.784 3.760844 0.241770
0.785 3.759662 0.240899
0.786 3.758837 0.240069
0.787 3.758258 0.239267
0.788 3.757701 0.238464
0.789 3.757346 0.237635
0.790 3.756991 0.236806
0.791 3.755709 0.236035
0.792 3.753758 0.235306
0.793 3.751850 0.234571
0.794 3.750751 0.233707
0.795 3.749652 0.232842
0.796 3.748962 0.232033
0.797 3.748673 0.231276
0.798 3.748384 0.230520
0.799 3.746823 0.229808
0.800 3.745185 0.229098
0.801 3.743723 0.228360
0.802 3.742568 0.227571
0.803 3.741413 0.226782
0.804 3.740688 0.226030
0.805 3.740092 0.225290
0.806 3.739527 0.224564
0.807 3.739131 0.223911
0.808 3.738735 0.223258
0.809 3.737561 0.222591
0.810 3.735694 0.221912
0.811 3.733827 0.221233
0.812 3.732751 0.220583
0.813 3.731781 0.219936
0.814 3.730969 0.219266
0.815 3.730723 0.218513
0.816 3.730477 0.217759
0.817 3.729332 0.217088
0.818 3.727412 0.216487
0.819 3.725492 0.215887
0.820 3.724437 0.215198
0.821 3.723550 0.214492
0.822 3.722721 0.213800
0.823 3.722317 0.213206
0.824 3.721913 0.212612
0.825 3.721606 0.212017
0.826 3.721456 0.211420
0.827 3.721305 0.210824
0.828 3.720125 0.210199
0.829 3.718350 0.209558
0.830 3.716575 0.208917
0.831 3.715561 0.208339
0.832 3.714669 0.207770
0.833 3.713808 0.207206
0.834 3.713354 0.206702
0.835 3.712901 0.206197
0.836 3.712338 0.205674
0.837 3.711468 0.205098
0.838 3.710598 0.204522
0.839 3.709485 0.203923
0.840 3.708055 0.203294
0.841 3.706625 0.202664
0.842 3.705606 0.202077
0.843 3.704878 0.201521
0.844 3.704149 0.200964
0.845 3.703849 0.200451
0.846 3.703715 0.199955
0.847 3.703580 0.199460
0.848 3.701988 0.198965
0.849 3.700104 0.198471
0.850 3.698219 0.197977
0.851 3.697302 0.197485
0.852 3.696461 0.196993
0.853 3.695621 0.196501
0.854 3.695397 0.196011
0.855 3.695174 0.195522
0.856 3.694944 0.195032
0.857 3.694589 0.194544
0.858 3.694235 0.194057
0.859 3.693764 0.193569
0.860 3.692073 0.193083
0.861 3.690383 0.192596
0.862 3.688787 0.192114
0.863 3.688035 0.191673
0.864 3.687284 0.191232
0.865 3.686586 0.190800
0.866 3.686416 0.190460
0.867 3.686246 0.190119
0.868 3.686037 0.189774
0.869 3.685254 0.189352
0.870 3.684471 0.188930
0.871 3.683681 0.188507
0.872 3.682337 0.188031
0.873 3.680993 0.187555
0.874 3.679649 0.187079
0.875 3.678971 0.186762
0.876 3.678336 0.186455
0.877 3.677700 0.186148
0.878 3.677512 0.185753
0.879 3.677405 0.185341
0.880 3.677298 0.184929
0.881 3.676274 0.184571
0.882 3.674910 0.184233
0.883 3.673546 0.183894
0.884 3.672471 0.183524
0.885 3.671595 0.183132
0.886 3.670720 0.182739
0.887 3.670032 0.182397
0.888 3.669590 0.182120
0.889 3.669148 0.181843
0.890 3.668791 0.181532
0.891 3.668692 0.181115
0.892 3.668594 0.180699
0.893 3.668468 0.180281
0.894 3.667730 0.179823
0.895 3.666992 0.179364
0.896 3.666254 0.178906
0.897 3.665448 0.178449
0.898 3.664626 0.177992
0.899 3.663805 0.177535
0.900 3.663094 0.177152
0.901 3.662471 0.176827
0.902 3.661848 0.176502
0.903 3.661273 0.176230
0.904 3.660824 0.176091
0.905 3.660375 0.175953
0.906 3.659925 0.175815
0.907 3.659478 0.175510
0.908 3.659031 0.175201
0.909 3.658584 0.174892
0.910 3.658136 0.174590
0.911 3.657689 0.174292
0.912 3.657241 0.173993
0.913 3.656806 0.173658
0.914 3.656401 0.173238
0.915 3.655995 0.172818
0.916 3.655590 0.172398
0.917 3.655203 0.171952
0.918 3.654817 0.171505
0.919 3.654432 0.171058
0.920 3.654045 0.170641
0.921 3.653657 0.170252
0.922 3.653270 0.169863
0.923 3.652882 0.169485
0.924 3.652493 0.169200
0.925 3.652105 0.168915
0.926 3.651716 0.168630
0.927 3.651344 0.168367
0.928 3.650980 0.168116
0.929 3.650616 0.167864
0.930 3.650249 0.167576
0.931 3.649864 0.167122
0.932 3.649479 0.166668
0.933 3.649095 0.166214
0.934 3.648737 0.165851
0.935 3.648392 0.165530
0.936 3.648046 0.165210
0.937 3.647704 0.164900
0.938 3.647383 0.164646
0.939 3.647062 0.164393
0.940 3.646740 0.164140
0.941 3.646407 0.163807
0.942 3.646067 0.163420
0.943 3.645727 0.163034
0.944 3.645386 0.162646
0.945 3.645046 0.162228
0.946 3.644707 0.161809
0.947 3.644367 0.161390
0.948 3.644027 0.160960
0.949 3.643688 0.160512
0.950 3.643349 0.160064
0.951 3.643010 0.159616
0.952 3.642670 0.159178
0.953 3.642329 0.158743
0.954 3.641988 0.158309
0.955 3.641649 0.157876
0.956 3.641323 0.157467
0.957 3.640996 0.157058
0.958 3.640670 0.156649
0.959 3.640351 0.156274
0.960 3.640042 0.155949
0.961 3.639734 0.155624
0.962 3.639426 0.155299
0.963 3.639121 0.155006
0.964 3.638819 0.154729
0.965 3.638517 0.154451
0.966 3.638215 0.154173
0.967 3.637932 0.153805
0.968 3.637649 0.153431
0.969 3.637367 0.153058
0.970 3.637084 0.152676
0.971 3.636798 0.152249
0.972 3.636512 0.151822
0.973 3.636225 0.151395
0.974 3.635933 0.150920
0.975 3.635629 0.150350
0.976 3.635326 0.149781
0.977 3.635023 0.149212
0.978 3.634727 0.148664
0.979 3.634440 0.148138
0.980 3.634152 0.147612
0.981 3.633865 0.147085
0.982 3.633572 0.146658
0.983 3.633276 0.146288
0.984 3.632981 0.145919
0.985 3.632685 0.145549
0.986 3.632398 0.145248
0.987 3.632114 0.144972
0.988 3.631830 0.144696
0.989 3.631546 0.144421
0.990 3.631272 0.144062
0.991 3.631001 0.143681
0.992 3.630730 0.143301
0.993 3.630459 0.142920
0.994 3.630195 0.142511
0.995 3.629933 0.142097
0.996 3.629670 0.141682
0.997 3.629408 0.141268
0.998 3.629163 0.140864
0.999 3.628922 0.140463
1.000 3.628680 0.140062
1.001 3.628439 0.139661
1.002 3.628192 0.139240
1.003 3.627944 0.138814
1.004 3.627696 0.138388
1.005 3.627448 0.137963
1.006 3.627196 0.137602
1.007 3.626944 0.137264
1.008 3.626691 0.136926
1.009 3.626439 0.136589
1.010 3.626185 0.136260
1.011 3.625931 0.135937
1.012 3.625676 0.135614
1.013 3.625422 0.135292
1.014 3.625165 0.134956
1.015 3.624907 0.134608
1.016 3.624649 0.134260
1.017 3.624391 0.133912
1.018 3.624141 0.133560
1.019 3.623906 0.133202
1.020 3.623670 0.132843
1.021 3.623435 0.132484
1.022 3.623199 0.132122
1.023 3.622965 0.131739
1.024 3.622731 0.131357
1.025 3.622497 0.130975
1.026 3.622264 0.130593
1.027 3.622027 0.130211
1.028 3.621791 0.129829
1.029 3.621555 0.129448
1.030 3.621318 0.129066
1.031 3.621088 0.128767
1.032 3.620861 0.128510
1.033 3.620633 0.128252
1.034 3.620406 0.127995
1.035 3.620178 0.127750
1.036 3.619947 0.127526
1.037 3.619717 0.127303
1.038 3.619487 0.127080
1.039 3.619258 0.126857
1.040 3.619059 0.126664
1.041 3.618860 0.126471
1.042 3.618661 0.126278
1.043 3.618462 0.126086
1.044 3.618259 0.125871
1.045 3.618056 0.125644
1.046 3.617852 0.125417
1.047 3.617648 0.125190
1.048 3.617447 0.124968
1.049 3.617256 0.124759
1.050 3.617066 0.124550
1.051 3.616875 0.124341
1.052 3.616684 0.124133
1.053 3.616486 0.123925
1.054 3.616287 0.123719
1.055 3.616087 0.123512
1.056 3.615887 0.123305
1.057 3.615689 0.123105
1.058 3.615495 0.122920
1.059 3.615301 0.122735
1.060 3.615106 0.122551
1.061 3.614912 0.122366
1.062 3.614722 0.122232
1.063 3.614533 0.122113
1.064 3.614344 0.121994
1.065 3.614155 0.121876
1.066 3.613966 0.121723
1.067 3.613776 0.121446
1.068 3.613586 0.121170
1.069 3.613396 0.120893
1.070 3.613206 0.120617
1.071 3.613016 0.120389
1.072 3.612825 0.120192
1.073 3.612634 0.119996
1.074 3.612443 0.119799
1.075 3.612253 0.119603
1.076 3.612073 0.119466
1.077 3.611895 0.119332
1.078 3.611716 0.119198
1.079 3.611537 0.119064
1.080 3.611362 0.118908
1.081 3.611198 0.118700
1.082 3.611033 0.118492
1.083 3.610869 0.118284
1.084 3.610705 0.118076
1.085 3.610534 0.117866
1.086 3.610357 0.117654
1.087 3.610180 0.117442
1.088 3.610003 0.117229
1.089 3.609826 0.117017
1.090 3.609648 0.116827
1.091 3.609470 0.116643
1.092 3.609292 0.116458
1.093 3.609113 0.116274
1.094 3.608935 0.116090
1.095 3.608761 0.115802
1.096 3.608588 0.115511
1.097 3.608414 0.115221
1.098 3.608240 0.114931
1.099 3.608067 0.114649
1.100 3.607898 0.114421
1.101 3.607729 0.114194
1.102 3.607560 0.113966
1.103 3.607390 0.113738
1.104 3.607222 0.113539
1.105 3.607058 0.113431
1.106 3.606894 0.113322
1.107 3.606729 0.113214
1.108 3.606565 0.113106
1.109 3.606404 0.112982
1.110 3.606253 0.112822
1.111 3.606102 0.112662
1.112 3.605951 0.112502
1.113 3.605799 0.112342
1.114 3.605649 0.112180
1.115 3.605502 0.112013
1.116 3.605354 0.111847
1.117 3.605206 0.111681
1.118 3.605059 0.111514
1.119 3.604913 0.111340
1.120 3.604771 0.111144
1.121 3.604630 0.110949
1.122 3.604489 0.110754
1.123 3.604348 0.110559
1.124 3.604207 0.110361
1.125 3.604070 0.110153
1.126 3.603933 0.109944
1.127 3.603796 0.109735
1.128 3.603659 0.109526
1.129 3.603523 0.109319
1.130 3.603396 0.109125
1.131 3.603270 0.108931
1.132 3.603144 0.108738
1.133 3.603018 0.108544
1.134 3.602892 0.108350
1.135 3.602772 0.108166
1.136 3.602652 0.107983
1.137 3.602532 0.107799
1.138 3.602413 0.107616
1.139 3.602293 0.107433
1.140 3.602178 0.107251
1.141 3.602064 0.107071
1.142 3.601950 0.106891
1.143 3.601837 0.106711
1.144 3.601723 0.106530
1.145 3.601611 0.106345
1.146 3.601500 0.106155
1.147 3.601390 0.105965
1.148 3.601279 0.105774
1.149 3.601169 0.105584
1.150 3.601060 0.105395
1.151 3.600959 0.105211
1.152 3.600858 0.105028
1.153 3.600757 0.104845
1.154 3.600656 0.104661
1.155 3.600555 0.104478
1.156 3.600457 0.104293
1.157 3.600360 0.104109
1.158 3.600263 0.103924
1.159 3.600165 0.103739
1.160 3.600068 0.103554
1.161 3.599973 0.103369
1.162 3.599882 0.103183
1.163 3.599790 0.102997
1.164 3.599699 0.102812
1.165 3.599608 0.102626
1.166 3.599517 0.102441
1.167 3.599427 0.102249
1.168 3.599337 0.102056
1.169 3.599248 0.101863
1.170 3.599158 0.101671
1.171 3.599069 0.101478
1.172 3.598982 0.101284
1.173 3.598898 0.101088
1.174 3.598815 0.100893
1.175 3.598732 0.100697
1.176 3.598648 0.100501
1.177 3.598565 0.100306
1.178 3.598483 0.100109
1.179 3.598401 0.099911
1.180 3.598320 0.099714
1.181 3.598238 0.099517
1.182 3.598157 0.099320
1.183 3.598077 0.099129
1.184 3.598000 0.098960
1.185 3.597923 0.098792
1.186 3.597847 0.098623
1.187 3.597770 0.098455
1.188 3.597694 0.098286
1.189 3.597617 0.098122
1.190 3.597540 0.097961
1.191 3.597463 0.097800
1.192 3.597386 0.097639
1.193 3.597310 0.097478
1.194 3.597233 0.097317
1.195 3.597155 0.097160
1.196 3.597078 0.097003
1.197 3.597000 0.096847
1.198 3.596923 0.096690
1.199 3.596845 0.096534
1.200 3.596768 0.096377
1.201 3.596691 0.096194
1.202 3.596614 0.096012
1.203 3.596538 0.095830
1.204 3.596461 0.095647
1.205 3.596384 0.095465
1.206 3.596307 0.095283
1.207 3.596232 0.095103
1.208 3.596156 0.094923
1.209 3.596080 0.094743
1.210 3.596004 0.094564
1.211 3.595928 0.094384
1.212 3.595851 0.094199
1.213 3.595772 0.094002
1.214 3.595692 0.093805
1.215 3.595613 0.093608
1.216 3.595533 0.093411
1.217 3.595454 0.093215
1.218 3.595373 0.093016
1.219 3.595291 0.092815
1.220 3.595209 0.092613
1.221 3.595127 0.092412
1.222 3.595046 0.092210
1.223 3.594964 0.092009
1.224 3.594878 0.091800
1.225 3.594785 0.091577
1.226 3.594692 0.091354
1.227 3.594599 0.091130
1.228 3.594506 0.090907
1.229 3.594412 0.090684
1.230 3.594320 0.090466
1.231 3.594229 0.090266
1.232 3.594138 0.090065
1.233 3.594048 0.089865
1.234 3.593957 0.089664
1.235 3.593866 0.089464
1.236 3.593776 0.089265
1.237 3.593687 0.089082
1.238 3.593599 0.088898
1.239 3.593510 0.088714
1.240 3.593422 0.088530
1.241 3.593333 0.088346
1.242 3.593245 0.088162
1.243 3.593142 0.087965
1.244 3.593038 0.087767
1.245 3.592933 0.087568
1.246 3.592829 0.087370
1.247 3.592725 0.087172
1.248 3.592621 0.086973
1.249 3.592516 0.086773
1.250 3.592411 0.086571
1.251 3.592306 0.086369
1.252 3.592201 0.086168
1.253 3.592096 0.085966
1.254 3.591991 0.085764
1.255 3.591887 0.085558
1.256 3.591784 0.085345
1.257 3.591682 0.085131
1.258 3.591580 0.084917
1.259 3.591478 0.084704
1.260 3.591376 0.084490
1.261 3.591274 0.084276
1.262 3.591175 0.084071
1.263 3.591075 0.083866
1.264 3.590976 0.083661
1.265 3.590877 0.083457
1.266 3.590777 0.083252
1.267 3.590678 0.083047
1.268 3.590580 0.082848
1.269 3.590483 0.082654
1.270 3.590386 0.082460
1.271 3.590289 0.082267
1.272 3.590192 0.082073
1.273 3.590095 0.081879
1.274 3.589998 0.081685
1.275 3.589906 0.081496
1.276 3.589813 0.081306
1.277 3.589721 0.081117
1.278 3.589629 0.080928
1.279 3.589536 0.080738
1.280 3.589444 0.080549
1.281 3.589354 0.080359
1.282 3.589269 0.080168
1.283 3.589184 0.079977
1.284 3.589099 0.079786
1.285 3.589014 0.079595
1.286 3.588929 0.079404
1.287 3.588843 0.079214
1.288 3.588764 0.079015
1.289 3.588685 0.078814
1.290 3.588607 0.078614
1.291 3.588529 0.078413
1.292 3.588451 0.078212
1.293 3.588372 0.078011
1.294 3.588295 0.077809
1.295 3.588249 0.077571
1.296 3.588203 0.077334
1.297 3.588156 0.077096
1.298 3.588110 0.076859
1.299 3.588064 0.076621
1.300 3.588017 0.076384
1.301 3.587974 0.076145
1.302 3.587940 0.075905
1.303 3.587906 0.075664
1.304 3.587872 0.075423
1.305 3.587838 0.075183
1.306 3.587804 0.074942
1.307 3.587770 0.074701
1.308 3.587741 0.074456
1.309 3.587721 0.074203
1.310 3.587700 0.073950
1.311 3.587679 0.073697
1.312 3.587659 0.073444
1.313 3.587638 0.073191
1.314 3.587617 0.072939
1.315 3.587620 0.072680
1.316 3.587651 0.072415
1.317 3.587683 0.072150
1.318 3.587714 0.071885
1.319 3.587746 0.071620
1.320 3.587777 0.071355
1.321 3.587809 0.071090
1.322 3.587863 0.070812
1.323 3.587949 0.070519
1.324 3.588035 0.070226
1.325 3.588121 0.069933
1.326 3.588207 0.069640
1.327 3.588293 0.069347
1.328 3.588378 0.069054
1.329 3.588483 0.068750
1.330 3.588622 0.068427
1.331 3.588760 0.068104
1.332 3.588899 0.067781
1.333 3.589038 0.067457
1.334 3.589177 0.067134
1.335 3.589316 0.066811
1.336 3.589468 0.066487
1.337 3.589681 0.066160
1.338 3.589893 0.065833
1.339 3.590106 0.065506
1.340 3.590318 0.065179
1.341 3.590531 0.064851
1.342 3.590743 0.064524
1.343 3.590955 0.064197
1.344 3.591247 0.063823
1.345 3.591543 0.063445
1.346 3.591839 0.063068
1.347 3.592135 0.062691
1.348 3.592431 0.062314
1.349 3.592727 0.061936
1.350 3.593023 0.061559
1.351 3.593368 0.061167
1.352 3.593743 0.060765
1.353 3.594119 0.060364
1.354 3.594494 0.059963
1.355 3.594869 0.059561
1.356 3.595244 0.059160
1.357 3.595619 0.058759
1.358 3.596016 0.058351
1.359 3.596486 0.057922
1.360 3.596956 0.057492
1.361 3.597426 0.057063
1.362 3.597896 0.056633
1.363 3.598366 0.056203
1.364 3.598837 0.055774
1.365 3.599307 0.055344
1.366 3.599831 0.054867
1.367 3.600374 0.054373
1.368 3.600917 0.053878
1.369 3.601460 0.053384
1.370 3.602003 0.052890
1.371 3.602546 0.052396
1.372 3.603089 0.051902
1.373 3.603593 0.051395
1.374 3.603922 0.050829
1.375 3.604252 0.050264
1.376 3.604581 0.049698
1.377 3.604910 0.049133
1.378 3.605239 0.048567
1.379 3.605568 0.048001
1.380 3.605898 0.047436
1.381 3.606090 0.046815
1.382 3.606163 0.046146
1.383 3.606235 0.045478
1.384 3.606308 0.044809
1.385 3.606381 0.044140
1.386 3.606453 0.043471
1.387 3.606526 0.042802
1.388 3.606598 0.042133
1.389 3.606426 0.041328
1.390 3.606191 0.040489
1.391 3.605957 0.039650
1.392 3.605722 0.038811
1.393 3.605488 0.037971
1.394 3.605253 0.037132
1.395 3.605018 0.036293
1.396 3.604784 0.035454
1.397 3.604186 0.034393
1.398 3.603579 0.033327
1.399 3.602973 0.032262
1.400 3.602366 0.031196
1.401 3.601760 0.030130
1.402 3.601153 0.029064
1.403 3.600547 0.027999
1.404 3.599940 0.026866
1.405 3.599333 0.025623
1.406 3.598727 0.024396
1.407 3.598120 0.023185
1.408 3.597347 0.022094
1.409 3.596519 0.021052
1.410 3.595690 0.020023
1.411 3.594861 0.019008
1.412 3.594032 0.018006
1.413 3.593203 0.017017
1.414 3.592374 0.016041
1.415 3.591545 0.015078
1.416 3.590716 0.014127
1.417 3.589887 0.013189
1.418 3.589058 0.012263
1.419 3.588184 0.011458
1.420 3.587223 0.010877
1.421 3.586263 0.010304
1.422 3.585302 0.009738
1.423 3.584341 0.009179
1.424 3.583380 0.008628
1.425 3.582419 0.008084
1.426 3.581458 0.007547
1.427 3.580497 0.007018
1.428 3.579536 0.006495
1.429 3.578575 0.005979
1.430 3.577615 0.005470
1.431 3.576636 0.005144
1.432 3.575650 0.004885
1.433 3.574665 0.004629
1.434 3.573679 0.004376
1.435 3.572694 0.004126
1.436 3.571708 0.003880
1.437 3.570723 0.003637
1.438 3.569738 0.003397
1.439 3.568752 0.003161
1.440 3.567767 0.002927
1.441 3.566781 0.002697
1.442 3.565796 0.002470
1.443 3.564869 0.002348
1.444 3.563945 0.002234
1.445 3.563021 0.002122
1.446 3.562097 0.002011
1.447 3.561173 0.001901
1.448 3.560249 0.001793
1.449 3.559325 0.001686
1.450 3.558401 0.001580
1.451 3.557478 0.001476
1.452 3.556554 0.001374
1.453 3.555630 0.001272
1.454 3.554706 0.001172
1.455 3.553876 0.001115
1.456 3.553051 0.001059
1.457 3.552225 0.001004
1.458 3.551399 0.000950
1.459 3.550574 0.000897
1.460 3.549748 0.000845
1.461 3.548922 0.000793
1.462 3.548097 0.000741
1.463 3.547271 0.000691
1.464 3.546445 0.000641
1.465 3.545619 0.000592
1.466 3.544794 0.000543
1.467 3.544052 0.000512
1.468 3.543334 0.000487
1.469 3.542616 0.000462
1.470 3.541899 0.000437
1.471 3.541181 0.000413
1.472 3.540463 0.000389
1.473 3.539746 0.000365
1.474 3.539028 0.000342
1.475 3.538310 0.000319
1.476 3.537592 0.000296
1.477 3.536875 0.000273
1.478 3.536157 0.000251
1.479 3.535479 0.000234
1.480 3.534865 0.000223
1.481 3.534251 0.000212
1.482 3.533637 0.000202
1.483 3.533022 0.000192
1.484 3.532408 0.000182
1.485 3.531794 0.000172
1.486 3.531180 0.000162
1.487 3.530566 0.000152
1.488 3.529952 0.000142
1.489 3.529338 0.000133
1.490 3.528723 0.000124
1.491 3.528109 0.000114
1.492 3.527554 0.000108
1.493 3.527016 0.000103
1.494 3.526478 0.000099
1.495 3.525940 0.000094
1.496 3.525402 0.000089
1.497 3.524864 0.000084
1.498 3.524326 0.000080
1.499 3.523788 0.000075
1.500 3.523250 0.000070
1.501 3.522712 0.000066
1.502 3.522174 0.000062
1.503 3.521636 0.000057
1.504 3.521098 0.000053
1.505 3.520594 0.000050
1.506 3.520092 0.000047
1.507 3.519590 0.000044
1.508 3.519089 0.000041
1.509 3.518587 0.000038
1.510 3.518085 0.000036
1.511 3.517583 0.000033
1.512 3.517081 0.000030
1.513 3.516579 0.000028
1.514 3.516077 0.000025
1.515 3.515576 0.000022
1.516 3.515074 0.000020
1.517 3.514572 0.000017
1.518 3.514088 0.000016
1.519 3.513605 0.000015
1.520 3.513122 0.000015
1.521 3.512639 0.000014
1.522 3.512157 0.000013
1.523 3.511674 0.000012
1.524 3.511191 0.000012
1.525 3.510709 0.000011
1.526 3.510226 0.000010
1.527 3.509743 0.000009
1.528 3.509260 0.000009
1.529 3.508778 0.000008
1.530 3.508295 0.000007
1.531 3.507825 0.000007
1.532 3.507361 0.000006
1.533 3.506897 0.000006
1.534 3.506433 0.000006
1.535 3.505970 0.000006
1.536 3.505506 0.000005
1.537 3.505042 0.000005
1.538 3.504579 0.000005
1.539 3.504115 0.000005
1.540 3.503651 0.000005
1.541 3.503188 0.000004
1.542 3.502724 0.000004
1.543 3.502260 0.000004
1.544 3.501798 0.000004
1.545 3.501348 0.000003
1.546 3.500898 0.000003
1.547 3.500447 0.000003
1.548 3.499997 0.000003
1.549 3.499547 0.000003
1.550 3.499097 0.000003
1.551 3.498646 0.000003
1.552 3.498196 0.000003
1.553 3.497746 0.000002
1.554 3.497295 0.000002
1.555 3.496845 0.000002
1.556 3.496395 0.000002
1.557 3.495944 0.000002
1.558 3.495500 0.000002
1.559 3.495066 0.000002
1.560 3.494631 0.000002
1.561 3.494196 0.000002
1.562 3.493761 0.000002
1.563 3.493327 0.000001
1.564 3.492892 0.000001
1.565 3.492457 0.000001
1.566 3.492022 0.000001
1.567 3.491588 0.000001
1.568 3.491153 0.000001
1.569 3.490718 0.000001
1.570 3.490283 0.000001
1.571 3.489849 0.000001
1.572 3.489420 0.000001
1.573 3.488999 0.000001
1.574 3.488579 0.000001
1.575 3.488159 0.000001
1.576 3.487738 0.000000
1.577 3.487318 0.000000
1.578 3.486898 0.000000
1.579 3.486478 0.000000
1.580 3.486057 0.000000
1.581 3.485637 0.000000
1.582 3.485217 0.000000
1.583 3.484796 0.000000
1.584 3.484376 0.000000
1.585 3.483956 0.000000
1.586 3.483537 0.000000
1.587 3.483131 0.000000
1.588 3.482725 0.000000
1.589 3.482319 0.000000
1.590 3.481913 0.000000
1.591 3.481507 0.000000
1.592 3.481101 0.000000
1.593 3.480695 0.000000
1.594 3.480288 0.000000
1.595 3.479882 0.000000
1.596 3.479476 0.000000
1.597 3.479070 0.000000
1.598 3.478664 0.000000
1.599 3.478258 0.000000
1.600 3.477852 0.000000
1.601 3.477454 0.000000
1.602 3.477062 0.000000
1.603 3.476670 0.000000
1.604 3.476277 0.000000
1.605 3.475885 0.000000
1.606 3.475493 0.000000
1.607 3.475100 0.000000
1.608 3.474708 0.000000
1.609 3.474316 0.000000
1.610 3.473923 0.000000
1.611 3.473531 0.000000
1.612 3.473139 0.000000
1.613 3.472746 0.000000
1.614 3.472354 0.000000
1.615 3.471962 0.000000
1.616 3.471580 0.000000
1.617 3.471201 0.000000
1.618 3.470821 0.000000
1.619 3.470441 0.000000
1.620 3.470062 0.000000
1.621 3.469682 0.000000
1.622 3.469303 0.000000
1.623 3.468923 0.000000
1.624 3.468543 0.000000
1.625 3.468164 0.000000
1.626 3.467784 0.000000
1.627 3.467405 0.000000
1.628 3.467025 0.000000
1.629 3.466645 0.000000
1.630 3.466266 0.000000
1.631 3.465897 0.000000
1.632 3.465531 0.000000
1.633 3.465165 0.000000
1.634 3.464799 0.000000
1.635 3.464433 0.000000
1.636 3.464067 0.000000
1.637 3.463701 0.000000
1.638 3.463335 0.000000
1.639 3.462969 0.000000
1.640 3.462603 0.000000
1.641 3.462237 0.000000
1.642 3.461871 0.000000
1.643 3.461505 0.000000
1.644 3.461139 0.000000
1.645 3.460773 0.000000
1.646 3.460413 0.000000
1.647 3.460059 0.000000
1.648 3.459705 0.000000
1.649 3.459351 0.000000
1.650 3.458997 0.000000
1.651 3.458643 0.000000
1.652 3.458289 0.000000
1.653 3.457935 0.000000
1.654 3.457581 0.000000
1.655 3.457227 0.000000
1.656 3.456873 0.000000
1.657 3.456519 0.000000
1.658 3.456165 0.000000
1.659 3.455811 0.000000
1.660 3.455457 0.000000
1.661 3.455103 0.000000
1.662 3.454759 0.000000
1.663 3.454418 0.000000
1.664 3.454076 0.000000
1.665 3.453735 0.000000
1.666 3.453393 0.000000
1.667 3.453052 0.000000
1.668 3.452710 0.000000
1.669 3.452369 0.000000
1.670 3.452027 0.000000
1.671 3.451686 0.000000
1.672 3.451344 0.000000
1.673 3.451002 0.000000
1.674 3.450661 0.000000
1.675 3.450319 0.000000
1.676 3.449978 0.000000
1.677 3.449636 0.000000
1.678 3.449306 0.000000
1.679 3.448975 0.000000
1.680 3.448645 0.000000
1.681 3.448315 0.000000
1.682 3.447985 0.000000
1.683 3.447655 0.000000
1.684 3.447325 0.000000
1.685 3.446995 0.000000
1.686 3.446665 0.000000
1.687 3.446334 0.000000
1.688 3.446004 0.000000
1.689 3.445674 0.000000
1.690 3.445344 0.000000
1.691 3.445014 0.000000
1.692 3.444684 0.000000
1.693 3.444354 0.000000
1.694 3.444032 0.000000
1.695 3.443714 0.000000
1.696 3.443396 0.000000
1.697 3.443077 0.000000
1.698 3.442759 0.000000
1.699 3.442441 0.000000
1.700 3.442122 0.000000
1.701 3.441804 0.000000
1.702 3.441486 0.000000
1.703 3.441168 0.000000
1.704 3.440849 0.000000
1.705 3.440531 0.000000
1.706 3.440213 0.000000
1.707 3.439895 0.000000
1.708 3.439576 0.000000
1.709 3.439258 0.000000
1.710 3.438942 0.000000
1.711 3.438634 0.000000
1.712 3.438327 0.000000
1.713 3.438019 0.000000
1.714 3.437712 0.000000
1.715 3.437405 0.000000
1.716 3.437097 0.000000
1.717 3.436790 0.000000
1.718 3.436482 0.000000
1.719 3.436175 0.000000
1.720 3.435868 0.000000
1.721 3.435560 0.000000
1.722 3.435253 0.000000
1.723 3.434946 0.000000
1.724 3.434638 0.000000
1.725 3.434331 0.000000
1.726 3.434023 0.000000
1.727 3.433719 0.000000
1.728 3.433422 0.000000
1.729 3.433126 0.000000
1.730 3.432829 0.000000
1.731 3.432532 0.000000
1.732 3.432235 0.000000
1.733 3.431939 0.000000
1.734 3.431642 0.000000
1.735 3.431345 0.000000
1.736 3.431049 0.000000
1.737 3.430752 0.000000
1.738 3.430455 0.000000
1.739 3.430158 0.000000
1.740 3.429862 0.000000
1.741 3.429565 0.000000
1.742 3.429268 0.000000
1.743 3.428972 0.000000
1.744 3.428676 0.000000
1.745 3.428390 0.000000
1.746 3.428104 0.000000
1.747 3.427818 0.000000
1.748 3.427532 0.000000
1.749 3.427246 0.000000
1.750 3.426960 0.000000
1.751 3.426674 0.000000
1.752 3.426388 0.000000
1.753 3.426102 0.000000
1.754 3.425816 0.000000
1.755 3.425530 0.000000
1.756 3.425244 0.000000
1.757 3.424958 0.000000
1.758 3.424672 0.000000
1.759 3.424386 0.000000
1.760 3.424100 0.000000
1.761 3.423814 0.000000
1.762 3.423533 0.000000
1.763 3.423257 0.000000
1.764 3.422980 0.000000
1.765 3.422704 0.000000
1.766 3.422428 0.000000
1.767 3.422152 0.000000
1.768 3.421876 0.000000
1.769 3.421600 0.000000
1.770 3.421324 0.000000
1.771 3.421048 0.000000
1.772 3.420772 0.000000
1.773 3.420496 0.000000
1.774 3.420220 0.000000
1.775 3.419944 0.000000
1.776 3.419668 0.000000
1.777 3.419392 0.000000
1.778 3.419116 0.000000
1.779 3.418840 0.000000
1.780 3.418569 0.000000
1.781 3.418303 0.000000
1.782 3.418037 0.000000
1.783 3.417771 0.000000
1.784 3.417505 0.000000
1.785 3.417239 0.000000
1.786 3.416973 0.000000
1.787 3.416707 0.000000
1.788 3.416441 0.000000
1.789 3.416175 0.000000
1.790 3.415909 0.000000
1.791 3.415643 0.000000
1.792 3.415377 0.000000
1.793 3.415111 0.000000
1.794 3.414845 0.000000
1.795 3.414579 0.000000
1.796 3.414313 0.000000
1.797 3.414047 0.000000
1.798 3.413784 0.000000
1.799 3.413527 0.000000
1.800 3.413270 0.000000
1.801 3.413014 0.000000
1.802 3.412757 0.000000
1.803 3.412500 0.000000
1.804 3.412243 0.000000
1.805 3.411986 0.000000
1.806 3.411729 0.000000
1.807 3.411473 0.000000
1.808 3.411216 0.000000
1.809 3.410959 0.000000
1.810 3.410702 0.000000
1.811 3.410445 0.000000
1.812 3.410189 0.000000
1.813 3.409932 0.000000
1.814 3.409675 0.000000
1.815 3.409418 0.000000
1.816 3.409161 0.000000
1.817 3.408911 0.000000
1.818 3.408664 0.000000
1.819 3.408417 0.000000
1.820 3.408170 0.000000
1.821 3.407923 0.000000
1.822 3.407676 0.000000
1.823 3.407429 0.000000
1.824 3.407182 0.000000
1.825 3.406935 0.000000
1.826 3.406688 0.000000
1.827 3.406441 0.000000
1.828 3.406194 0.000000
1.829 3.405947 0.000000
1.830 3.405700 0.000000
1.831 3.405453 0.000000
1.832 3.405206 0.000000
1.833 3.404959 0.000000
1.834 3.404712 0.000000
1.835 3.404465 0.000000
1.836 3.404223 0.000000
1.837 3.403985 0.000000
1.838 3.403746 0.000000
1.839 3.403508 0.000000
1.840 3.403270 0.000000
1.841 3.403031 0.000000
1.842 3.402793 0.000000
1.843 3.402555 0.000000
1.844 3.402316 0.000000
1.845 3.402078 0.000000
1.846 3.401839 0.000000
1.847 3.401601 0.000000
1.848 3.401363 0.000000
1.849 3.401124 0.000000
1.850 3.400886 0.000000
1.851 3.400647 0.000000
1.852 3.400409 0.000000
1.853 3.400171 0.000000
1.854 3.399932 0.000000
1.855 3.399695 0.000000
1.856 3.399465 0.000000
1.857 3.399236 0.000000
1.858 3.399006 0.000000
1.859 3.398777 0.000000
1.860 3.398547 0.000000
1.861 3.398318 0.000000
1.862 3.398088 0.000000
1.863 3.397859 0.000000
1.864 3.397629 0.000000
1.865 3.397400 0.000000
1.866 3.397170 0.000000
1.867 3.396941 0.000000
1.868 3.396711 0.000000
1.869 3.396482 0.000000
1.870 3.396252 0.000000
1.871 3.396023 0.000000
1.872 3.395793 0.000000
1.873 3.395564 0.000000
1.874 3.395334 0.000000
1.875 3.395107 0.000000
1.876 3.394885 0.000000
1.877 3.394664 0.000000
1.878 3.394443 0.000000
1.879 3.394222 0.000000
1.880 3.394001 0.000000
1.881 3.393780 0.000000
1.882 3.393559 0.000000
1.883 3.393338 0.000000
1.884 3.393117 0.000000
1.885 3.392896 0.000000
1.886 3.392675 0.000000
1.887 3.392454 0.000000
1.888 3.392233 0.000000
1.889 3.392012 0.000000
1.890 3.391790 0.000000
1.891 3.391569 0.000000
1.892 3.391348 0.000000
1.893 3.391127 0.000000
1.894 3.390906 0.000000
1.895 3.390685 0.000000
1.896 3.390472 0.000000
1.897 3.390259 0.000000
1.898 3.390046 0.000000
1.899 3.389833 0.000000
1.900 3.389621 0.000000