0.253 2.393349 3.415348
0.258 2.726121 3.428448
0.263 3.141516 3.345950
0.268 3.494857 3.044763
0.273 3.631205 2.677194
0.278 3.630946 2.386275
0.283 3.581974 2.177443
0.288 3.516476 2.025785
0.293 3.448295 1.917779
0.298 3.381812 1.845098
0.303 3.325881 1.799604
0.308 3.278212 1.771139
0.313 3.242559 1.754803
0.318 3.214843 1.749013
0.323 3.195318 1.749586
0.328 3.184491 1.755593
0.333 3.177748 1.766987
0.338 3.177384 1.780914
0.343 3.183358 1.797347
0.348 3.193762 1.818854
0.353 3.210261 1.842757
0.358 3.233452 1.871116
0.363 3.264573 1.902274
0.368 3.305956 1.937465
0.373 3.363650 1.971632
0.378 3.436222 1.988464
0.383 3.493658 1.994006
0.388 3.544862 2.021037
0.393 3.627051 2.074228
0.398 3.767119 2.115849
0.403 3.938185 2.106597
0.408 4.106718 2.057060
0.413 4.278863 1.965089
0.418 4.431071 1.807223
0.423 4.517346 1.605282
0.428 4.528706 1.409918
0.433 4.496299 1.250095
0.438 4.446486 1.128243
0.443 4.394388 1.033051
0.448 4.344223 0.955445
0.453 4.298190 0.892217
0.458 4.253741 0.839290
0.463 4.213092 0.794129
0.468 4.176443 0.754941
0.473 4.142175 0.720626
0.478 4.111676 0.690091
0.483 4.082747 0.662362
0.488 4.056742 0.636969
0.493 4.031421 0.613738
0.498 4.008733 0.592066
0.503 3.986368 0.571980
0.508 3.965868 0.553350
0.513 3.946728 0.535817
0.518 3.927712 0.519404
0.523 3.910372 0.504008
0.528 3.892799 0.489478
0.533 3.876650 0.475887
0.538 3.861545 0.462996
0.543 3.846811 0.450842
0.548 3.833180 0.439411
0.553 3.819464 0.428599
0.558 3.805845 0.418270
0.563 3.793994 0.408375
0.568 3.781572 0.399148
0.573 3.770626 0.390262
0.578 3.759705 0.381761
0.583 3.748578 0.373679
0.588 3.738591 0.365973
0.593 3.728658 0.358623
0.598 3.718913 0.351566
0.603 3.709509 0.344729
0.608 3.700343 0.338209
0.613 3.691634 0.331895
0.618 3.683507 0.325907
0.623 3.676602 0.320101
0.628 3.668958 0.314633
0.633 3.661232 0.309215
0.638 3.653691 0.303938
0.643 3.646590 0.299118
0.648 3.640253 0.294189
0.653 3.634144 0.289597
0.658 3.627780 0.285100
0.663 3.621322 0.280751
0.668 3.614987 0.276601
0.673 3.609396 0.272546
0.678 3.604489 0.268652
0.683 3.598887 0.264914
0.688 3.593133 0.261244
0.693 3.588537 0.257766
0.698 3.584026 0.254470
0.703 3.578907 0.251094
0.708 3.573513 0.247993
0.713 3.570161 0.244926
0.718 3.565701 0.242030
0.723 3.561330 0.239199
0.728 3.557831 0.236516
0.733 3.553530 0.233909
0.738 3.550604 0.231153
0.743 3.546989 0.228585
0.748 3.544074 0.226262
0.753 3.541358 0.223571
0.758 3.538736 0.221050
0.763 3.536197 0.218566
0.768 3.533829 0.216167
0.773 3.531501 0.213509
0.778 3.529301 0.210807
0.783 3.527222 0.208373
0.788 3.525258 0.205864
0.793 3.523291 0.202912
0.798 3.521390 0.200382
0.803 3.519558 0.197906
0.808 3.517890 0.195289
0.813 3.516269 0.192801
0.818 3.514699 0.190385
0.823 3.513225 0.187879
0.828 3.511782 0.185490
0.833 3.510413 0.183438
0.838 3.509142 0.181366
0.843 3.507997 0.179318
0.848 3.506887 0.177373
0.853 3.505817 0.175251
0.858 3.504796 0.173331
0.863 3.503867 0.171269
0.868 3.503006 0.169143
0.873 3.502204 0.167048
0.878 3.501535 0.165154
0.883 3.500928 0.163142
0.888 3.500460 0.161016
0.893 3.500126 0.158902
0.898 3.499867 0.156773
0.903 3.499800 0.154548
0.908 3.499828 0.152293
0.913 3.499931 0.149891
0.918 3.500156 0.147294
0.923 3.500414 0.144692
0.928 3.500690 0.141866
0.933 3.500975 0.138814
0.938 3.501240 0.135654
0.943 3.501356 0.132176
0.948 3.501338 0.128421
0.953 3.501251 0.124675
0.958 3.500750 0.120796
0.963 3.500009 0.116798
0.968 3.499221 0.112793
0.973 3.498031 0.108932
0.978 3.496657 0.105167
0.983 3.495295 0.101425
0.988 3.493843 0.097951
0.993 3.492374 0.094625
0.998 3.491017 0.091302
1.003 3.489962 0.088254
1.008 3.489318 0.085364
1.013 3.488989 0.082434
1.018 3.489419 0.079282
1.023 3.491224 0.075456
1.028 3.493513 0.071050
1.033 3.495731 0.066149
1.038 3.497305 0.059576
1.043 3.497889 0.047897
1.048 3.498386 0.032786
1.053 3.493378 0.018676
1.058 3.486009 0.010274
1.063 3.477642 0.005564
1.068 3.468931 0.003105
1.073 3.459745 0.001786
1.078 3.450519 0.001081
1.083 3.442491 0.000652
1.088 3.435587 0.000399
1.093 3.429249 0.000254
1.098 3.423419 0.000163
1.103 3.418078 0.000102
1.108 3.413185 0.000065
1.113 3.408463 0.000043
1.118 3.404177 0.000029
1.123 3.400136 0.000018
1.128 3.396228 0.000012
1.133 3.392549 0.000008
1.138 3.389006 0.000005
1.143 3.385619 0.000004
1.148 3.382287 0.000002
1.153 3.379053 0.000002
1.158 3.375969 0.000001
1.163 3.372923 0.000001
1.168 3.369935 0.000000
1.173 3.367069 0.000000
1.178 3.364287 0.000000
1.183 3.361545 0.000000
1.188 3.358863 0.000000
1.193 3.356271 0.000000
1.198 3.353753 0.000000
1.203 3.351264 0.000000
1.208 3.348813 0.000000
1.213 3.346458 0.000000
1.218 3.344138 0.000000
1.223 3.341840 0.000000
1.228 3.339605 0.000000
1.233 3.337395 0.000000
1.238 3.335271 0.000000
1.243 3.333157 0.000000
1.248 3.331057 0.000000
1.253 3.329035 0.000000
1.258 3.327052 0.000000
1.263 3.325096 0.000000
1.268 3.323148 0.000000
1.273 3.321274 0.000000
1.278 3.319417 0.000000
1.283 3.317627 0.000000
1.288 3.315845 0.000000
1.293 3.314081 0.000000
1.298 3.312353 0.000000
1.303 3.310671 0.000000
1.308 3.309001 0.000000
1.313 3.307341 0.000000
1.318 3.305716 0.000000
1.323 3.304119 0.000000
1.328 3.302548 0.000000
1.333 3.300997 0.000000
1.338 3.299462 0.000000
1.343 3.297942 0.000000
1.348 3.296456 0.000000
1.353 3.295005 0.000000
1.358 3.293561 0.000000
1.363 3.292128 0.000000
1.368 3.290719 0.000000
1.373 3.289365 0.000000
1.378 3.288018 0.000000
1.383 3.286702 0.000000
1.388 3.285387 0.000000
1.393 3.284100 0.000000
1.398 3.282813 0.000000
1.403 3.281560 0.000000
1.408 3.280318 0.000000
1.413 3.279083 0.000000
1.418 3.277856 0.000000
1.423 3.276644 0.000000
1.428 3.275484 0.000000
1.433 3.274324 0.000000
1.438 3.273184 0.000000
1.443 3.272046 0.000000
1.448 3.270928 0.000000
1.453 3.269829 0.000000
1.458 3.268735 0.000000
1.463 3.267680 0.000000
1.468 3.266625 0.000000
1.473 3.265581 0.000000
1.478 3.264543 0.000000
1.483 3.263514 0.000000
1.488 3.262522 0.000000
1.493 3.261529 0.000000
1.498 3.260547 0.000000
1.503 3.259569 0.000000
1.508 3.258595 0.000000
1.513 3.257659 0.000000
1.518 3.256723 0.000000
1.523 3.255804 0.000000
1.528 3.254902 0.000000
1.533 3.254001 0.000000
1.538 3.253114 0.000000
1.543 3.252230 0.000000
1.548 3.251351 0.000000
1.553 3.250506 0.000000
1.558 3.249661 0.000000
1.563 3.248821 0.000000
1.568 3.247987 0.000000
1.573 3.247153 0.000000
1.578 3.246339 0.000000
1.583 3.245540 0.000000
1.588 3.244741 0.000000
1.593 3.243957 0.000000
1.598 3.243178 0.000000
1.603 3.242400 0.000000
1.608 3.241636 0.000000
1.613 3.240877 0.000000
1.618 3.240118 0.000000
1.623 3.239386 0.000000
1.628 3.238658 0.000000
1.633 3.237931 0.000000
1.638 3.237212 0.000000
1.643 3.236495 0.000000
1.648 3.235777 0.000000
1.653 3.235094 0.000000
1.658 3.234423 0.000000
1.663 3.233752 0.000000
1.668 3.233090 0.000000
1.673 3.232435 0.000000
1.678 3.231780 0.000000
1.683 3.231132 0.000000
1.688 3.230493 0.000000
1.693 3.229854 0.000000
1.698 3.229217 0.000000
1.703 3.228596 0.000000
1.708 3.227975 0.000000
1.713 3.227354 0.000000
1.718 3.226741 0.000000
1.723 3.226130 0.000000
1.728 3.225518 0.000000
1.733 3.224927 0.000000
1.738 3.224358 0.000000
1.743 3.223789 0.000000
1.748 3.223221 0.000000
1.753 3.222663 0.000000
1.758 3.222104 0.000000
1.763 3.221546 0.000000
1.768 3.220998 0.000000
1.773 3.220461 0.000000
1.778 3.219924 0.000000
1.783 3.219387 0.000000
1.788 3.218867 0.000000
1.793 3.218348 0.000000
1.798 3.217829 0.000000
1.803 3.217313 0.000000
1.808 3.216805 0.000000
1.813 3.216297 0.000000
1.818 3.215789 0.000000
1.823 3.215294 0.000000
1.828 3.214813 0.000000
1.833 3.214331 0.000000
1.838 3.213850 0.000000
1.843 3.213373 0.000000
1.848 3.212899 0.000000
1.853 3.212426 0.000000
1.858 3.211952 0.000000
1.863 3.211495 0.000000
1.868 3.211045 0.000000
1.873 3.210594 0.000000
1.878 3.210143 0.000000
1.883 3.209704 0.000000
1.888 3.209268 0.000000
1.893 3.208831 0.000000
1.898 3.208395 0.000000
1.903 3.207967 0.000000
1.908 3.207543 0.000000
1.913 3.207118 0.000000
1.918 3.206694 0.000000
1.923 3.206281 0.000000
1.928 3.205878 0.000000
1.933 3.205475 0.000000
1.938 3.205072 0.000000
1.943 3.204671 0.000000
1.948 3.204274 0.000000