0.253 2.228901 3.334512
0.258 2.516121 3.371816
0.263 2.860764 3.355873
0.268 3.205714 3.180929
0.273 3.422323 2.908397
0.278 3.514441 2.643852
0.283 3.538865 2.423403
0.288 3.527285 2.243202
0.293 3.492033 2.099468
0.298 3.443300 1.993828
0.303 3.393242 1.915642
0.308 3.345716 1.863019
0.313 3.303866 1.827222
0.318 3.271304 1.803783
0.323 3.245616 1.792646
0.328 3.227494 1.790160
0.333 3.214942 1.789232
0.338 3.209228 1.794220
0.343 3.205577 1.805106
0.348 3.212705 1.817457
0.353 3.221291 1.833203
0.358 3.233973 1.850945
0.363 3.252522 1.871962
0.368 3.276791 1.894317
0.373 3.307016 1.921545
0.378 3.343577 1.950760
0.383 3.398072 1.983438
0.388 3.470903 2.007635
0.393 3.552850 2.000892
0.398 3.607878 1.979844
0.403 3.642267 1.979334
0.408 3.691281 2.015314
0.413 3.788113 2.063040
0.418 3.938738 2.087259
0.423 4.105846 2.056828
0.428 4.268494 1.984165
0.433 4.422140 1.859310
0.438 4.532563 1.682766
0.443 4.572110 1.491328
0.448 4.555361 1.327150
0.453 4.516840 1.192954
0.458 4.465177 1.090128
0.463 4.417631 1.009407
0.468 4.370855 0.942486
0.473 4.329778 0.887119
0.478 4.288973 0.840431
0.483 4.252141 0.799872
0.488 4.218207 0.764394
0.493 4.187260 0.732920
0.498 4.160018 0.704729
0.503 4.134018 0.679220
0.508 4.108854 0.655388
0.513 4.086967 0.633383
0.518 4.066281 0.613055
0.523 4.047072 0.593775
0.528 4.027198 0.575761
0.533 4.010101 0.558950
0.538 3.994338 0.542862
0.543 3.976953 0.527580
0.548 3.962460 0.513210
0.553 3.948557 0.499410
0.558 3.934037 0.486251
0.563 3.920187 0.473889
0.568 3.906780 0.461968
0.573 3.893413 0.450450
0.578 3.884002 0.439722
0.583 3.872185 0.429351
0.588 3.860839 0.419299
0.593 3.850849 0.409550
0.598 3.840013 0.400201
0.603 3.829713 0.391339
0.608 3.819430 0.382805
0.613 3.810170 0.374625
0.618 3.800630 0.366675
0.623 3.793201 0.358976
0.628 3.784884 0.351673
0.633 3.775657 0.344571
0.638 3.766765 0.337600
0.643 3.758272 0.330904
0.648 3.751965 0.324417
0.653 3.744903 0.318261
0.658 3.736676 0.312277
0.663 3.728879 0.306295
0.668 3.723870 0.300854
0.673 3.716805 0.295237
0.678 3.709220 0.289821
0.683 3.702781 0.285064
0.688 3.697858 0.279956
0.693 3.691051 0.275240
0.698 3.684489 0.270676
0.703 3.679284 0.266135
0.708 3.673929 0.261850
0.713 3.667022 0.257708
0.718 3.661761 0.253705
0.723 3.657564 0.249801
0.728 3.651051 0.246193
0.733 3.645306 0.242587
0.738 3.642289 0.239177
0.743 3.636029 0.235828
0.748 3.632130 0.232719
0.753 3.627548 0.229545
0.758 3.621459 0.226679
0.763 3.619138 0.223838
0.768 3.613359 0.221107
0.773 3.610486 0.218687
0.778 3.605759 0.216197
0.783 3.601968 0.213867
0.788 3.598349 0.211659
0.793 3.595597 0.209111
0.798 3.591842 0.206808
0.803 3.589171 0.205077
0.808 3.586630 0.202789
0.813 3.584265 0.200270
0.818 3.581948 0.198343
0.823 3.579687 0.195984
0.828 3.577634 0.194029
0.833 3.575551 0.191580
0.838 3.573525 0.189047
0.843 3.571607 0.186745
0.848 3.569796 0.184746
0.853 3.568047 0.182213
0.858 3.566267 0.179295
0.863 3.564537 0.177115
0.868 3.562885 0.174925
0.873 3.561351 0.172501
0.878 3.559876 0.170146
0.883 3.558381 0.168060
0.888 3.556942 0.165880
0.893 3.555582 0.163593
0.898 3.554234 0.161532
0.903 3.552951 0.159924
0.908 3.551753 0.158314
0.913 3.550636 0.156689
0.918 3.549541 0.155153
0.923 3.548480 0.153702
0.928 3.547434 0.152001
0.933 3.546440 0.150610
0.938 3.545509 0.149014
0.943 3.544589 0.147401
0.948 3.543702 0.145588
0.953 3.542872 0.144145
0.958 3.542138 0.142796
0.963 3.541443 0.141295
0.968 3.540823 0.139672
0.973 3.540303 0.138067
0.978 3.539835 0.136504
0.983 3.539437 0.134904
0.988 3.539151 0.133284
0.993 3.538912 0.131660
0.998 3.538710 0.129950
1.003 3.538583 0.128144
1.008 3.538491 0.126337
1.013 3.538419 0.124547
1.018 3.538350 0.122658
1.023 3.538284 0.120687
1.028 3.538214 0.118644
1.033 3.538086 0.116470
1.038 3.537865 0.114102
1.043 3.537596 0.111650
1.048 3.537288 0.109270
1.053 3.536765 0.106835
1.058 3.536101 0.104332
1.063 3.535439 0.101775
1.068 3.534694 0.099260
1.073 3.533776 0.096843
1.078 3.532832 0.094479
1.083 3.531914 0.092113
1.088 3.531016 0.089779
1.093 3.530143 0.087494
1.098 3.529348 0.085200
1.103 3.528697 0.082883
1.108 3.528291 0.080658
1.113 3.528255 0.078388
1.118 3.528548 0.076042
1.123 3.529147 0.073623
1.128 3.530472 0.070961
1.133 3.532612 0.067890
1.138 3.535172 0.064481
1.143 3.537700 0.060756
1.148 3.539548 0.056531
1.153 3.540069 0.049058
1.158 3.539502 0.039793
1.163 3.538620 0.029100
1.168 3.534282 0.019009
1.173 3.528516 0.011945
1.178 3.521861 0.007225
1.183 3.514844 0.004568
1.188 3.507514 0.002966
1.193 3.500138 0.001869
1.198 3.492788 0.001159
1.203 3.486693 0.000789
1.208 3.480914 0.000526
1.213 3.475426 0.000345
1.218 3.470407 0.000229
1.223 3.465797 0.000152
1.228 3.461471 0.000100
1.233 3.457372 0.000069
1.238 3.453560 0.000047
1.243 3.449961 0.000031
1.248 3.446571 0.000022
1.253 3.443292 0.000015
1.258 3.440132 0.000010
1.263 3.437114 0.000007
1.268 3.434131 0.000005
1.273 3.431192 0.000003
1.278 3.428359 0.000002
1.283 3.425578 0.000002
1.288 3.422845 0.000001
1.293 3.420156 0.000001
1.298 3.417543 0.000001
1.303 3.414990 0.000000
1.308 3.412464 0.000000
1.313 3.410000 0.000000
1.318 3.407564 0.000000
1.323 3.405214 0.000000
1.328 3.402884 0.000000
1.333 3.400574 0.000000
1.338 3.398332 0.000000
1.343 3.396117 0.000000
1.348 3.393951 0.000000
1.353 3.391795 0.000000
1.358 3.389693 0.000000
1.363 3.387609 0.000000
1.368 3.385587 0.000000
1.373 3.383575 0.000000
1.378 3.381585 0.000000
1.383 3.379634 0.000000
1.388 3.377728 0.000000
1.393 3.375843 0.000000
1.398 3.373975 0.000000
1.403 3.372143 0.000000
1.408 3.370337 0.000000
1.413 3.368570 0.000000
1.418 3.366829 0.000000
1.423 3.365107 0.000000
1.428 3.363400 0.000000
1.433 3.361726 0.000000
1.438 3.360081 0.000000
1.443 3.358451 0.000000
1.448 3.356838 0.000000
1.453 3.355243 0.000000
1.458 3.353681 0.000000
1.463 3.352128 0.000000
1.468 3.350609 0.000000
1.473 3.349091 0.000000
1.478 3.347605 0.000000
1.483 3.346119 0.000000
1.488 3.344680 0.000000
1.493 3.343248 0.000000
1.498 3.341833 0.000000
1.503 3.340428 0.000000
1.508 3.339045 0.000000
1.513 3.337700 0.000000
1.518 3.336357 0.000000
1.523 3.335048 0.000000
1.528 3.333738 0.000000
1.533 3.332452 0.000000
1.538 3.331173 0.000000
1.543 3.329909 0.000000
1.548 3.328669 0.000000
1.553 3.327429 0.000000
1.558 3.326212 0.000000
1.563 3.324996 0.000000
1.568 3.323806 0.000000
1.573 3.322641 0.000000
1.578 3.321477 0.000000
1.583 3.320337 0.000000
1.588 3.319198 0.000000
1.593 3.318076 0.000000
1.598 3.316971 0.000000
1.603 3.315867 0.000000
1.608 3.314798 0.000000
1.613 3.313730 0.000000
1.618 3.312671 0.000000
1.623 3.311626 0.000000
1.628 3.310582 0.000000
1.633 3.309564 0.000000
1.638 3.308557 0.000000
1.643 3.307551 0.000000
1.648 3.306564 0.000000
1.653 3.305578 0.000000
1.658 3.304601 0.000000
1.663 3.303649 0.000000
1.668 3.302698 0.000000
1.673 3.301762 0.000000
1.678 3.300841 0.000000
1.683 3.299921 0.000000
1.688 3.299015 0.000000
1.693 3.298116 0.000000
1.698 3.297217 0.000000
1.703 3.296344 0.000000
1.708 3.295478 0.000000
1.713 3.294612 0.000000
1.718 3.293761 0.000000
1.723 3.292912 0.000000
1.728 3.292063 0.000000
1.733 3.291241 0.000000
1.738 3.290422 0.000000
1.743 3.289603 0.000000
1.748 3.288802 0.000000
1.753 3.288005 0.000000
1.758 3.287208 0.000000
1.763 3.286427 0.000000
1.768 3.285651 0.000000
1.773 3.284876 0.000000
1.778 3.284117 0.000000
1.783 3.283369 0.000000
1.788 3.282621 0.000000
1.793 3.281880 0.000000
1.798 3.281147 0.000000
1.803 3.280414 0.000000
1.808 3.279688 0.000000
1.813 3.278990 0.000000
1.818 3.278293 0.000000
1.823 3.277595 0.000000
1.828 3.276913 0.000000
1.833 3.276234 0.000000
1.838 3.275555 0.000000
1.843 3.274885 0.000000
1.848 3.274224 0.000000
1.853 3.273562 0.000000
1.858 3.272903 0.000000
1.863 3.272260 0.000000
1.868 3.271618 0.000000
1.873 3.270976 0.000000
1.878 3.270342 0.000000
1.883 3.269714 0.000000
1.888 3.269086 0.000000
1.893 3.268458 0.000000
1.898 3.267862 0.000000
1.903 3.267266 0.000000
1.908 3.266671 0.000000
1.913 3.266080 0.000000
1.918 3.265498 0.000000
1.923 3.264917 0.000000
1.928 3.264335 0.000000
1.933 3.263767 0.000000
1.938 3.263205 0.000000
1.943 3.262644 0.000000
1.948 3.262082 0.000000