0.253 1.934873 3.197790
0.254 1.983237 3.216513
0.255 2.025269 3.233534
0.256 2.064758 3.246528
0.257 2.108557 3.259497
0.258 2.152263 3.272504
0.259 2.196501 3.285506
0.260 2.241710 3.298348
0.261 2.293125 3.310760
0.262 2.340551 3.321450
0.263 2.391104 3.326258
0.264 2.444013 3.333100
0.265 2.498169 3.331451
0.266 2.557699 3.331664
0.267 2.612219 3.325639
0.268 2.664948 3.316716
0.269 2.722343 3.306318
0.270 2.775117 3.289591
0.271 2.829446 3.271503
0.272 2.880188 3.253053
0.273 2.930262 3.228798
0.274 2.978403 3.202356
0.275 3.024851 3.175726
0.276 3.067993 3.146871
0.277 3.107553 3.116795
0.278 3.145974 3.082041
0.279 3.183416 3.049431
0.280 3.219859 3.016695
0.281 3.251317 2.980040
0.282 3.279485 2.940629
0.283 3.308198 2.904235
0.284 3.333634 2.868019
0.285 3.355394 2.829897
0.286 3.376626 2.792090
0.287 3.396790 2.754827
0.288 3.411925 2.718323
0.289 3.426682 2.682160
0.290 3.442023 2.645856
0.291 3.452095 2.609955
0.292 3.460943 2.573101
0.293 3.469613 2.537703
0.294 3.476242 2.504961
0.295 3.480362 2.472295
0.296 3.481723 2.441361
0.297 3.484037 2.410381
0.298 3.488488 2.380059
0.299 3.488121 2.349632
0.300 3.485568 2.321179
0.301 3.482794 2.295415
0.302 3.480093 2.269887
0.303 3.477473 2.244595
0.304 3.474817 2.223492
0.305 3.467887 2.202217
0.306 3.462075 2.181417
0.307 3.455452 2.161021
0.308 3.449544 2.139919
0.309 3.443224 2.120533
0.310 3.437218 2.103737
0.311 3.432037 2.088160
0.312 3.425225 2.071463
0.313 3.417017 2.058229
0.314 3.409934 2.046093
0.315 3.404048 2.034122
0.316 3.398941 2.022271
0.317 3.392803 2.010510
0.318 3.384394 1.998828
0.319 3.377832 1.987234
0.320 3.372310 1.975891
0.321 3.363863 1.969480
0.322 3.356719 1.960909
0.323 3.351911 1.954254
0.324 3.347160 1.946235
0.325 3.342287 1.938863
0.326 3.334319 1.931710
0.327 3.329825 1.926482
0.328 3.325267 1.921627
0.329 3.320164 1.915675
0.330 3.316765 1.910931
0.331 3.311280 1.908144
0.332 3.308080 1.903861
0.333 3.302477 1.901533
0.334 3.299033 1.896594
0.335 3.294145 1.894633
0.336 3.290018 1.893705
0.337 3.287882 1.888724
0.338 3.284603 1.886672
0.339 3.280576 1.886188
0.340 3.277831 1.886295
0.341 3.277280 1.886419
0.342 3.276748 1.886551
0.343 3.271740 1.882196
0.344 3.268326 1.879422
0.345 3.267126 1.878848
0.346 3.266658 1.879000
0.347 3.266242 1.879195
0.348 3.265852 1.879405
0.349 3.265482 1.879627
0.350 3.265133 1.879860
0.351 3.264798 1.880102
0.352 3.264481 1.880353
0.353 3.264193 1.880624
0.354 3.263923 1.880938
0.355 3.263665 1.885141
0.356 3.263422 1.888211
0.357 3.263198 1.890008
0.358 3.262994 1.890332
0.359 3.262805 1.890667
0.360 3.262962 1.891013
0.361 3.267220 1.891377
0.362 3.270262 1.893747
0.363 3.270425 1.897339
0.364 3.270422 1.900585
0.365 3.274500 1.901141
0.366 3.277419 1.901561
0.367 3.278222 1.901995
0.368 3.278278 1.905008
0.369 3.281490 1.909252
0.370 3.284980 1.911296
0.371 3.287286 1.912042
0.372 3.291612 1.914033
0.373 3.293807 1.918546
0.374 3.297625 1.921189
0.375 3.300919 1.922260
0.376 3.303279 1.923034
0.377 3.307770 1.927885
0.378 3.310514 1.931060
0.379 3.313798 1.932565
0.380 3.317386 1.936040
0.381 3.323235 1.939658
0.382 3.326867 1.942558
0.383 3.329425 1.944059
0.384 3.333256 1.948056
0.385 3.338159 1.951694
0.386 3.343161 1.953325
0.387 3.348116 1.956584
0.388 3.352730 1.960556
0.389 3.358169 1.963546
0.390 3.362190 1.968443
0.391 3.369257 1.971443
0.392 3.376219 1.974721
0.393 3.381825 1.979353
0.394 3.386509 1.982688
0.395 3.392150 1.986717
0.396 3.398993 1.990359
0.397 3.408528 1.997100
0.398 3.414548 2.000856
0.399 3.420811 2.003637
0.400 3.429169 2.008501
0.401 3.437308 2.013334
0.402 3.443128 2.018796
0.403 3.450318 2.023683
0.404 3.458876 2.029093
0.405 3.468412 2.034288
0.406 3.480630 2.039380
0.407 3.493143 2.045440
0.408 3.504763 2.049720
0.409 3.515163 2.056002
0.410 3.528261 2.060073
0.411 3.541177 2.066046
0.412 3.556540 2.070737
0.413 3.572511 2.076043
0.414 3.587080 2.079897
0.415 3.602664 2.081795
0.416 3.620040 2.082828
0.417 3.638253 2.083708
0.418 3.656453 2.082392
0.419 3.676948 2.079908
0.420 3.698344 2.076148
0.421 3.718570 2.070537
0.422 3.737258 2.063424
0.423 3.752368 2.055446
0.424 3.767771 2.044634
0.425 3.780373 2.034727
0.426 3.795082 2.024844
0.427 3.807539 2.013800
0.428 3.818076 2.003023
0.429 3.825035 1.990955
0.430 3.830971 1.980637
0.431 3.835293 1.971052
0.432 3.838574 1.960039
0.433 3.843400 1.951560
0.434 3.847216 1.946031
0.435 3.850014 1.940812
0.436 3.851482 1.936391
0.437 3.852958 1.933830
0.438 3.854480 1.933757
0.439 3.856085 1.934936
0.440 3.857815 1.936289
0.441 3.861041 1.939084
0.442 3.866205 1.943773
0.443 3.871863 1.948817
0.444 3.879613 1.955781
0.445 3.887520 1.963940
0.446 3.895634 1.973261
0.447 3.907152 1.981430
0.448 3.920184 1.987538
0.449 3.936679 1.994651
0.450 3.954286 2.002518
0.451 3.973088 2.011405
0.452 3.993103 2.020364
0.453 4.016729 2.028077
0.454 4.042362 2.033848
0.455 4.069380 2.039001
0.456 4.097192 2.042606
0.457 4.128060 2.043663
0.458 4.160495 2.041275
0.459 4.193537 2.036354
0.460 4.226527 2.029303
0.461 4.259380 2.021662
0.462 4.292089 2.010625
0.463 4.324688 1.997253
0.464 4.356080 1.981653
0.465 4.384917 1.962626
0.466 4.414917 1.941667
0.467 4.444612 1.919957
0.468 4.472509 1.896517
0.469 4.498628 1.869762
0.470 4.522323 1.840264
0.471 4.543258 1.809901
0.472 4.563423 1.778752
0.473 4.582824 1.746908
0.474 4.598661 1.714251
0.475 4.613075 1.680880
0.476 4.627080 1.647126
0.477 4.635698 1.613136
0.478 4.642356 1.579026
0.479 4.647890 1.545064
0.480 4.650856 1.512319
0.481 4.651359 1.481909
0.482 4.650656 1.451858
0.483 4.647886 1.421736
0.484 4.643639 1.394752
0.485 4.639350 1.368496
0.486 4.633083 1.342383
0.487 4.625489 1.316503
0.488 4.618614 1.291038
0.489 4.614191 1.266417
0.490 4.608839 1.244703
0.491 4.601157 1.223267
0.492 4.592912 1.201874
0.493 4.584643 1.183212
0.494 4.576246 1.165715
0.495 4.566609 1.148457
0.496 4.555139 1.131369
0.497 4.543915 1.114371
0.498 4.534949 1.098162
0.499 4.526642 1.083204
0.500 4.518353 1.070591
0.501 4.510079 1.057421
0.502 4.501820 1.044568
0.503 4.493576 1.031821
0.504 4.485347 1.018776
0.505 4.477134 1.006713
0.506 4.468941 0.993991
0.507 4.460769 0.983028
0.508 4.452622 0.973683
0.509 4.444494 0.964166
0.510 4.436385 0.954452
0.511 4.428298 0.944969
0.512 4.420525 0.935830
0.513 4.413657 0.927015
0.514 4.408249 0.918478
0.515 4.403687 0.910064
0.516 4.396416 0.901908
0.517 4.388476 0.894126
0.518 4.380554 0.886496
0.519 4.372658 0.879037
0.520 4.365741 0.871870
0.521 4.359882 0.865017
0.522 4.355462 0.858259
0.523 4.349381 0.851539
0.524 4.341903 0.844883
0.525 4.334987 0.838356
0.526 4.329555 0.832059
0.527 4.325287 0.826054
0.528 4.319204 0.820195
0.529 4.312474 0.814392
0.530 4.307806 0.808644
0.531 4.303397 0.802963
0.532 4.297328 0.797418
0.533 4.291098 0.792081
0.534 4.286390 0.786837
0.535 4.282759 0.781574
0.536 4.277901 0.776567
0.537 4.273911 0.771661
0.538 4.268106 0.766797
0.539 4.262007 0.761963
0.540 4.257224 0.757205
0.541 4.253306 0.752595
0.542 4.248999 0.748155
0.543 4.244661 0.743761
0.544 4.241224 0.739306
0.545 4.236417 0.734997
0.546 4.232698 0.730647
0.547 4.228891 0.726405
0.548 4.224156 0.722395
0.549 4.221182 0.718416
0.550 4.216265 0.714452
0.551 4.212677 0.710504
0.552 4.208778 0.706579
0.553 4.204544 0.702677
0.554 4.200820 0.698790
0.555 4.196671 0.694913
0.556 4.193055 0.691055
0.557 4.189083 0.687290
0.558 4.185428 0.683660
0.559 4.183014 0.680164
0.560 4.180896 0.676570
0.561 4.177727 0.672923
0.562 4.173880 0.669361
0.563 4.169919 0.665909
0.564 4.166617 0.662533
0.565 4.162087 0.659148
0.566 4.158764 0.655896
0.567 4.155472 0.652670
0.568 4.151817 0.649388
0.569 4.150346 0.646001
0.570 4.147985 0.642891
0.571 4.144668 0.639812
0.572 4.141077 0.636690
0.573 4.139528 0.633511
0.574 4.137193 0.630198
0.575 4.133928 0.627038
0.576 4.130422 0.624038
0.577 4.128746 0.621070
0.578 4.126524 0.618118
0.579 4.123084 0.615176
0.580 4.118844 0.612243
0.581 4.116064 0.609316
0.582 4.112432 0.606402
0.583 4.109539 0.603524
0.584 4.107861 0.600696
0.585 4.105562 0.597986
0.586 4.102282 0.595380
0.587 4.099143 0.592750
0.588 4.097450 0.589945
0.589 4.095253 0.587112
0.590 4.092288 0.584312
0.591 4.088868 0.581560
0.592 4.087785 0.578905
0.593 4.086604 0.576359
0.594 4.085124 0.573817
0.595 4.082940 0.571144
0.596 4.079537 0.568525
0.597 4.076698 0.565974
0.598 4.075022 0.563510
0.599 4.072898 0.560876
0.600 4.069994 0.558273
0.601 4.066516 0.555720
0.602 4.064886 0.553385
0.603 4.062947 0.550929
0.604 4.060609 0.548425
0.605 4.057049 0.546122
0.606 4.055477 0.543681
0.607 4.054744 0.541210
0.608 4.053209 0.538924
0.609 4.051098 0.536503
0.610 4.048597 0.534060
0.611 4.045544 0.531778
0.612 4.044258 0.529392
0.613 4.043538 0.526985
0.614 4.041743 0.524707
0.615 4.039295 0.522445
0.616 4.036574 0.520200
0.617 4.034290 0.518013
0.618 4.032236 0.515768
0.619 4.030275 0.513488
0.620 4.027224 0.511309
0.621 4.024865 0.509137
0.622 4.023186 0.506972
0.623 4.022287 0.504711
0.624 4.021021 0.502513
0.625 4.019085 0.500425
0.626 4.016213 0.498371
0.627 4.013573 0.496306
0.628 4.012485 0.494176
0.629 4.011280 0.491977
0.630 4.009983 0.489749
0.631 4.008058 0.487761
0.632 4.005585 0.485790
0.633 4.002399 0.483841
0.634 4.001481 0.481799
0.635 4.000800 0.479726
0.636 3.999069 0.477610
0.637 3.996929 0.475494
0.638 3.994478 0.473377
0.639 3.992411 0.471448
0.640 3.990836 0.469536
0.641 3.990437 0.467628
0.642 3.989756 0.465727
0.643 3.988907 0.463830
0.644 3.987113 0.461944
0.645 3.984979 0.460061
0.646 3.982102 0.458181
0.647 3.980432 0.456306
0.648 3.979543 0.454433
0.649 3.978132 0.452569
0.650 3.976571 0.450709
0.651 3.974644 0.448856
0.652 3.972420 0.447007
0.653 3.969911 0.445161
0.654 3.968958 0.443319
0.655 3.968334 0.441479
0.656 3.966546 0.439649
0.657 3.964487 0.437822
0.658 3.961876 0.436001
0.659 3.960099 0.434184
0.660 3.958914 0.432369
0.661 3.958427 0.430559
0.662 3.958006 0.428751
0.663 3.956524 0.426951
0.664 3.954940 0.425155
0.665 3.953111 0.423365
0.666 3.951045 0.421584
0.667 3.948753 0.419811
0.668 3.947632 0.418137
0.669 3.946967 0.416501
0.670 3.945345 0.414938
0.671 3.943549 0.413370
0.672 3.941011 0.411696
0.673 3.938945 0.409999
0.674 3.938059 0.408246
0.675 3.937434 0.406550
0.676 3.937121 0.404925
0.677 3.935935 0.403321
0.678 3.934198 0.401732
0.679 3.932215 0.400162
0.680 3.930155 0.398597
0.681 3.928587 0.396936
0.682 3.927107 0.395266
0.683 3.926811 0.393676
0.684 3.926362 0.392101
0.685 3.925022 0.390611
0.686 3.923636 0.389107
0.687 3.922117 0.387562
0.688 3.920321 0.386015
0.689 3.918014 0.384465
0.690 3.916404 0.382936
0.691 3.915690 0.381436
0.692 3.914531 0.379907
0.693 3.912950 0.378353
0.694 3.910913 0.376849
0.695 3.908544 0.375382
0.696 3.907256 0.373890
0.697 3.906597 0.372384
0.698 3.906109 0.370871
0.699 3.905702 0.369355
0.700 3.904428 0.367944
0.701 3.902797 0.366576
0.702 3.900781 0.365193
0.703 3.898623 0.363806
0.704 3.897346 0.362368
0.705 3.896380 0.360912
0.706 3.895941 0.359579
0.707 3.895689 0.358288
0.708 3.894426 0.356867
0.709 3.892777 0.355397
0.710 3.890918 0.354003
0.711 3.888968 0.352643
0.712 3.887539 0.351295
0.713 3.886376 0.349953
0.714 3.885781 0.348544
0.715 3.885542 0.347093
0.716 3.884532 0.345742
0.717 3.882906 0.344471
0.718 3.881220 0.343138
0.719 3.879471 0.341738
0.720 3.877920 0.340382
0.721 3.876668 0.339093
0.722 3.875369 0.337805
0.723 3.873959 0.336518
0.724 3.872564 0.335244
0.725 3.871222 0.334017
0.726 3.869848 0.332778
0.727 3.868069 0.331395
0.728 3.866290 0.330011
0.729 3.865986 0.328740
0.730 3.865770 0.327475
0.731 3.864573 0.326204
0.732 3.863128 0.324933
0.733 3.861766 0.323712
0.734 3.860451 0.322519
0.735 3.858983 0.321314
0.736 3.857340 0.320093
0.737 3.856109 0.318886
0.738 3.855906 0.317714
0.739 3.855583 0.316543
0.740 3.854018 0.315377
0.741 3.852454 0.314211
0.742 3.851079 0.312980
0.743 3.849731 0.311740
0.744 3.848370 0.310618
0.745 3.847003 0.309558
0.746 3.846123 0.308451
0.747 3.845920 0.307277
0.748 3.845494 0.306107
0.749 3.843972 0.304955
0.750 3.842450 0.303803
0.751 3.840913 0.302614
0.752 3.839375 0.301420
0.753 3.838120 0.300321
0.754 3.837033 0.299278
0.755 3.836209 0.298236
0.756 3.835904 0.297196
0.757 3.835562 0.296156
0.758 3.834102 0.295120
0.759 3.832642 0.294083
0.760 3.830989 0.293051
0.761 3.829256 0.292020
0.762 3.827904 0.290940
0.763 3.827177 0.289781
0.764 3.826452 0.288623
0.765 3.825775 0.287490
0.766 3.825097 0.286358
0.767 3.824037 0.285229
0.768 3.822786 0.284103
0.769 3.821349 0.283011
0.770 3.819457 0.282003
0.771 3.817565 0.280996
0.772 3.817112 0.280099
0.773 3.816823 0.279215
0.774 3.816120 0.278342
0.775 3.814988 0.277480
0.776 3.813867 0.276613
0.777 3.812886 0.275666
0.778 3.811904 0.274718
0.779 3.810463 0.273738
0.780 3.808753 0.272738
0.781 3.807323 0.271738
0.782 3.807173 0.270742
0.783 3.807023 0.269746
0.784 3.805948 0.268752
0.785 3.804495 0.267759
0.786 3.803087 0.266783
0.787 3.801832 0.265864
0.788 3.800577 0.264946
0.789 3.799496 0.264046
0.790 3.798481 0.263153
0.791 3.797569 0.262276
0.792 3.797040 0.261457
0.793 3.796511 0.260637
0.794 3.795514 0.259770
0.795 3.794298 0.258879
0.796 3.793019 0.257989
0.797 3.791331 0.257095
0.798 3.789642 0.256201
0.799 3.788726 0.255349
0.800 3.788398 0.254529
0.801 3.788069 0.253709
0.802 3.786844 0.252853
0.803 3.785606 0.251997
0.804 3.784530 0.251125
0.805 3.783707 0.250231
0.806 3.782885 0.249336
0.807 3.781561 0.248561
0.808 3.780091 0.247820
0.809 3.778797 0.247061
0.810 3.778559 0.246194
0.811 3.778320 0.245328
0.812 3.777552 0.244549
0.813 3.776241 0.243860
0.814 3.774930 0.243172
0.815 3.773503 0.242377
0.816 3.772051 0.241560
0.817 3.770726 0.240748
0.818 3.770161 0.239971
0.819 3.769595 0.239194
0.820 3.768794 0.238438
0.821 3.767694 0.237709
0.822 3.766595 0.236981
0.823 3.765729 0.236214
0.824 3.764954 0.235432
0.825 3.764179 0.234651
0.826 3.762729 0.233955
0.827 3.761270 0.233260
0.828 3.760084 0.232574
0.829 3.759818 0.231917
0.830 3.759553 0.231261
0.831 3.758838 0.230580
0.832 3.757585 0.229869
0.833 3.756333 0.229157
0.834 3.754995 0.228530
0.835 3.753613 0.227946
0.836 3.752232 0.227362
0.837 3.751625 0.226629
0.838 3.751154 0.225871
0.839 3.750669 0.225115
0.840 3.749382 0.224499
0.841 3.748094 0.223883
0.842 3.746908 0.223259
0.843 3.746224 0.222598
0.844 3.745539 0.221937
0.845 3.744703 0.221293
0.846 3.743511 0.220690
0.847 3.742318 0.220087
0.848 3.741573 0.219488
0.849 3.741472 0.218896
0.850 3.741370 0.218304
0.851 3.740725 0.217719
0.852 3.739535 0.217142
0.853 3.738346 0.216564
0.854 3.737490 0.215959
0.855 3.736884 0.215331
0.856 3.736278 0.214704
0.857 3.735254 0.214166
0.858 3.733975 0.213681
0.859 3.732697 0.213196
0.860 3.731872 0.212681
0.861 3.731290 0.212149
0.862 3.730707 0.211617
0.863 3.729876 0.211061
0.864 3.728919 0.210494
0.865 3.727962 0.209927
0.866 3.726684 0.209329
0.867 3.725234 0.208714
0.868 3.723783 0.208100
0.869 3.723173 0.207570
0.870 3.723084 0.207094
0.871 3.722994 0.206617
0.872 3.722244 0.206141
0.873 3.720983 0.205666
0.874 3.719722 0.205191
0.875 3.718533 0.204717
0.876 3.717419 0.204244
0.877 3.716304 0.203770
0.878 3.715416 0.203298
0.879 3.714878 0.202827
0.880 3.714341 0.202356
0.881 3.713885 0.201886
0.882 3.713648 0.201416
0.883 3.713411 0.200947
0.884 3.713058 0.200478
0.885 3.711927 0.200010
0.886 3.710797 0.199542
0.887 3.709667 0.199074
0.888 3.708474 0.198636
0.889 3.707279 0.198199
0.890 3.706084 0.197762
0.891 3.705560 0.197378
0.892 3.705224 0.197009
0.893 3.704889 0.196640
0.894 3.704446 0.196285
0.895 3.703923 0.195941
0.896 3.703400 0.195597
0.897 3.702750 0.195219
0.898 3.701852 0.194771
0.899 3.700954 0.194323
0.900 3.700023 0.193884
0.901 3.698708 0.193538
0.902 3.697394 0.193193
0.903 3.696080 0.192848
0.904 3.695761 0.192490
0.905 3.695690 0.192128
0.906 3.695618 0.191767
0.907 3.695130 0.191421
0.908 3.694219 0.191090
0.909 3.693308 0.190760
0.910 3.692453 0.190418
0.911 3.691869 0.190017
0.912 3.691284 0.189616
0.913 3.690700 0.189215
0.914 3.689647 0.188948
0.915 3.688488 0.188712
0.916 3.687329 0.188475
0.917 3.686649 0.188160
0.918 3.686583 0.187744
0.919 3.686517 0.187329
0.920 3.686436 0.186915
0.921 3.685943 0.186557
0.922 3.685451 0.186199
0.923 3.684958 0.185841
0.924 3.684394 0.185431
0.925 3.683783 0.184988
0.926 3.683173 0.184545
0.927 3.682525 0.184114
0.928 3.681673 0.183750
0.929 3.680820 0.183386
0.930 3.679968 0.183021
0.931 3.679380 0.182761
0.932 3.678921 0.182550
0.933 3.678462 0.182340
0.934 3.678008 0.182128
0.935 3.677580 0.181914
0.936 3.677152 0.181699
0.937 3.676724 0.181485
0.938 3.676297 0.181249
0.939 3.675871 0.181002
0.940 3.675445 0.180755
0.941 3.675020 0.180498
0.942 3.674619 0.180121
0.943 3.674218 0.179743
0.944 3.673816 0.179366
0.945 3.673424 0.178987
0.946 3.673041 0.178606
0.947 3.672658 0.178225
0.948 3.672275 0.177844
0.949 3.671910 0.177432
0.950 3.671548 0.177016
0.951 3.671186 0.176599
0.952 3.670823 0.176207
0.953 3.670455 0.175895
0.954 3.670087 0.175583
0.955 3.669719 0.175270
0.956 3.669357 0.174997
0.957 3.669000 0.174753
0.958 3.668643 0.174509
0.959 3.668286 0.174265
0.960 3.667927 0.173926
0.961 3.667568 0.173573
0.962 3.667209 0.173220
0.963 3.666853 0.172872
0.964 3.666516 0.172552
0.965 3.666179 0.172233
0.966 3.665843 0.171913
0.967 3.665512 0.171604
0.968 3.665192 0.171312
0.969 3.664872 0.171020
0.970 3.664552 0.170727
0.971 3.664234 0.170419
0.972 3.663917 0.170100
0.973 3.663601 0.169780
0.974 3.663284 0.169461
0.975 3.662969 0.169120
0.976 3.662654 0.168773
0.977 3.662339 0.168426
0.978 3.662024 0.168080
0.979 3.661696 0.167640
0.980 3.661366 0.167194
0.981 3.661036 0.166749
0.982 3.660706 0.166306
0.983 3.660383 0.165901
0.984 3.660060 0.165496
0.985 3.659737 0.165091
0.986 3.659415 0.164684
0.987 3.659099 0.164270
0.988 3.658784 0.163855
0.989 3.658468 0.163441
0.990 3.658154 0.163044
0.991 3.657848 0.162710
0.992 3.657542 0.162377
0.993 3.657235 0.162044
0.994 3.656934 0.161719
0.995 3.656648 0.161422
0.996 3.656362 0.161125
0.997 3.656075 0.160828
0.998 3.655791 0.160532
0.999 3.655513 0.160237
1.000 3.655235 0.159942
1.001 3.654956 0.159646
1.002 3.654680 0.159332
1.003 3.654409 0.158944
1.004 3.654138 0.158556
1.005 3.653868 0.158168
1.006 3.653596 0.157765
1.007 3.653317 0.157277
1.008 3.653038 0.156790
1.009 3.652758 0.156302
1.010 3.652479 0.155813
1.011 3.652199 0.155295
1.012 3.651918 0.154777
1.013 3.651637 0.154259
1.014 3.651357 0.153741
1.015 3.651077 0.153305
1.016 3.650796 0.152876
1.017 3.650516 0.152448
1.018 3.650236 0.152019
1.019 3.649961 0.151680
1.020 3.649688 0.151371
1.021 3.649415 0.151062
1.022 3.649142 0.150754
1.023 3.648873 0.150441
1.024 3.648608 0.150125
1.025 3.648343 0.149810
1.026 3.648077 0.149494
1.027 3.647816 0.149163
1.028 3.647562 0.148796
1.029 3.647308 0.148430
1.030 3.647054 0.148064
1.031 3.646801 0.147696
1.032 3.646561 0.147301
1.033 3.646321 0.146905
1.034 3.646081 0.146509
1.035 3.645841 0.146114
1.036 3.645605 0.145721
1.037 3.645370 0.145330
1.038 3.645135 0.144938
1.039 3.644901 0.144547
1.040 3.644666 0.144169
1.041 3.644430 0.143812
1.042 3.644194 0.143455
1.043 3.643958 0.143098
1.044 3.643722 0.142742
1.045 3.643475 0.142417
1.046 3.643227 0.142092
1.047 3.642980 0.141768
1.048 3.642733 0.141443
1.049 3.642489 0.141134
1.050 3.642247 0.140835
1.051 3.642005 0.140537
1.052 3.641762 0.140238
1.053 3.641521 0.139933
1.054 3.641283 0.139588
1.055 3.641046 0.139243
1.056 3.640808 0.138898
1.057 3.640570 0.138553
1.058 3.640338 0.138207
1.059 3.640109 0.137860
1.060 3.639880 0.137513
1.061 3.639650 0.137166
1.062 3.639422 0.136817
1.063 3.639202 0.136458
1.064 3.638981 0.136099
1.065 3.638761 0.135740
1.066 3.638540 0.135380
1.067 3.638319 0.135061
1.068 3.638096 0.134776
1.069 3.637873 0.134491
1.070 3.637651 0.134206
1.071 3.637428 0.133920
1.072 3.637206 0.133679
1.073 3.636984 0.133441
1.074 3.636761 0.133203
1.075 3.636539 0.132964
1.076 3.636323 0.132744
1.077 3.636123 0.132569
1.078 3.635923 0.132394
1.079 3.635723 0.132218
1.080 3.635523 0.132043
1.081 3.635323 0.131858
1.082 3.635124 0.131666
1.083 3.634926 0.131474
1.084 3.634727 0.131282
1.085 3.634528 0.131090
1.086 3.634338 0.130901
1.087 3.634150 0.130713
1.088 3.633962 0.130524
1.089 3.633774 0.130336
1.090 3.633585 0.130147
1.091 3.633394 0.129956
1.092 3.633202 0.129764
1.093 3.633011 0.129573
1.094 3.632819 0.129382
1.095 3.632629 0.129199
1.096 3.632445 0.129036
1.097 3.632261 0.128873
1.098 3.632076 0.128710
1.099 3.631892 0.128547
1.100 3.631705 0.128400
1.101 3.631516 0.128274
1.102 3.631327 0.128148
1.103 3.631137 0.128022
1.104 3.630948 0.127896
1.105 3.630762 0.127730
1.106 3.630578 0.127526
1.107 3.630395 0.127322
1.108 3.630212 0.127118
1.109 3.630028 0.126914
1.110 3.629844 0.126726
1.111 3.629660 0.126549
1.112 3.629476 0.126372
1.113 3.629292 0.126195
1.114 3.629108 0.126018
1.115 3.628929 0.125851
1.116 3.628754 0.125691
1.117 3.628579 0.125531
1.118 3.628404 0.125371
1.119 3.628229 0.125211
1.120 3.628055 0.125054
1.121 3.627882 0.124898
1.122 3.627710 0.124742
1.123 3.627537 0.124587
1.124 3.627364 0.124431
1.125 3.627194 0.124271
1.126 3.627026 0.124105
1.127 3.626858 0.123940
1.128 3.626690 0.123774
1.129 3.626521 0.123609
1.130 3.626353 0.123437
1.131 3.626182 0.123253
1.132 3.626012 0.123069
1.133 3.625841 0.122885
1.134 3.625671 0.122702
1.135 3.625500 0.122511
1.136 3.625326 0.122287
1.137 3.625152 0.122063
1.138 3.624978 0.121839
1.139 3.624804 0.121615
1.140 3.624631 0.121391
1.141 3.624460 0.121187
1.142 3.624290 0.120984
1.143 3.624119 0.120781
1.144 3.623949 0.120578
1.145 3.623778 0.120375
1.146 3.623611 0.120202
1.147 3.623446 0.120042
1.148 3.623280 0.119883
1.149 3.623114 0.119724
1.150 3.622949 0.119565
1.151 3.622787 0.119418
1.152 3.622631 0.119293
1.153 3.622476 0.119169
1.154 3.622321 0.119044
1.155 3.622165 0.118920
1.156 3.622010 0.118795
1.157 3.621858 0.118673
1.158 3.621707 0.118550
1.159 3.621555 0.118428
1.160 3.621404 0.118306
1.161 3.621252 0.118183
1.162 3.621104 0.118035
1.163 3.620958 0.117866
1.164 3.620812 0.117698
1.165 3.620667 0.117530
1.166 3.620521 0.117362
1.167 3.620376 0.117192
1.168 3.620234 0.117004
1.169 3.620092 0.116816
1.170 3.619950 0.116629
1.171 3.619809 0.116441
1.172 3.619667 0.116253
1.173 3.619530 0.116074
1.174 3.619397 0.115901
1.175 3.619264 0.115727
1.176 3.619131 0.115554
1.177 3.618998 0.115381
1.178 3.618865 0.115208
1.179 3.618737 0.115050
1.180 3.618610 0.114892
1.181 3.618482 0.114733
1.182 3.618355 0.114575
1.183 3.618228 0.114417
1.184 3.618102 0.114269
1.185 3.617980 0.114136
1.186 3.617857 0.114003
1.187 3.617735 0.113871
1.188 3.617613 0.113738
1.189 3.617490 0.113605
1.190 3.617371 0.113442
1.191 3.617252 0.113265
1.192 3.617133 0.113088
1.193 3.617014 0.112911
1.194 3.616895 0.112734
1.195 3.616776 0.112557
1.196 3.616665 0.112377
1.197 3.616553 0.112198
1.198 3.616442 0.112018
1.199 3.616331 0.111838
1.200 3.616219 0.111658
1.201 3.616109 0.111475
1.202 3.616001 0.111273
1.203 3.615893 0.111072
1.204 3.615785 0.110870
1.205 3.615678 0.110668
1.206 3.615570 0.110467
1.207 3.615464 0.110286
1.208 3.615361 0.110148
1.209 3.615259 0.110011
1.210 3.615156 0.109873
1.211 3.615054 0.109735
1.212 3.614951 0.109597
1.213 3.614850 0.109447
1.214 3.614749 0.109281
1.215 3.614649 0.109114
1.216 3.614549 0.108947
1.217 3.614448 0.108781
1.218 3.614348 0.108614
1.219 3.614250 0.108432
1.220 3.614155 0.108232
1.221 3.614060 0.108032
1.222 3.613965 0.107832
1.223 3.613870 0.107632
1.224 3.613775 0.107432
1.225 3.613681 0.107222
1.226 3.613588 0.106998
1.227 3.613496 0.106775
1.228 3.613403 0.106552
1.229 3.613310 0.106329
1.230 3.613218 0.106105
1.231 3.613127 0.105911
1.232 3.613039 0.105770
1.233 3.612950 0.105629
1.234 3.612862 0.105489
1.235 3.612774 0.105348
1.236 3.612686 0.105207
1.237 3.612598 0.105070
1.238 3.612511 0.104948
1.239 3.612424 0.104825
1.240 3.612337 0.104703
1.241 3.612250 0.104581
1.242 3.612162 0.104459
1.243 3.612075 0.104337
1.244 3.611989 0.104215
1.245 3.611903 0.104093
1.246 3.611817 0.103970
1.247 3.611731 0.103848
1.248 3.611644 0.103726
1.249 3.611558 0.103604
1.250 3.611473 0.103421
1.251 3.611389 0.103217
1.252 3.611304 0.103014
1.253 3.611220 0.102810
1.254 3.611135 0.102606
1.255 3.611051 0.102402
1.256 3.610967 0.102210
1.257 3.610885 0.102035
1.258 3.610803 0.101861
1.259 3.610720 0.101686
1.260 3.610638 0.101511
1.261 3.610555 0.101336
1.262 3.610473 0.101161
1.263 3.610389 0.100954
1.264 3.610306 0.100746
1.265 3.610223 0.100539
1.266 3.610139 0.100332
1.267 3.610056 0.100125
1.268 3.609972 0.099918
1.269 3.609889 0.099711
1.270 3.609805 0.099504
1.271 3.609721 0.099297
1.272 3.609638 0.099090
1.273 3.609554 0.098883
1.274 3.609471 0.098676
1.275 3.609387 0.098469
1.276 3.609298 0.098245
1.277 3.609208 0.098022
1.278 3.609119 0.097799
1.279 3.609029 0.097576
1.280 3.608940 0.097353
1.281 3.608851 0.097130
1.282 3.608763 0.096923
1.283 3.608676 0.096737
1.284 3.608590 0.096550
1.285 3.608503 0.096364
1.286 3.608417 0.096177
1.287 3.608331 0.095991
1.288 3.608244 0.095805
1.289 3.608160 0.095628
1.290 3.608077 0.095455
1.291 3.607994 0.095282
1.292 3.607910 0.095108
1.293 3.607827 0.094935
1.294 3.607744 0.094761
1.295 3.607660 0.094587
1.296 3.607568 0.094388
1.297 3.607476 0.094190
1.298 3.607384 0.093991
1.299 3.607292 0.093793
1.300 3.607200 0.093594
1.301 3.607108 0.093396
1.302 3.607017 0.093197
1.303 3.606926 0.092999
1.304 3.606835 0.092800
1.305 3.606744 0.092601
1.306 3.606653 0.092403
1.307 3.606562 0.092204
1.308 3.606471 0.092006
1.309 3.606382 0.091802
1.310 3.606295 0.091589
1.311 3.606207 0.091377
1.312 3.606120 0.091164
1.313 3.606033 0.090952
1.314 3.605946 0.090739
1.315 3.605859 0.090527
1.316 3.605773 0.090319
1.317 3.605690 0.090118
1.318 3.605606 0.089917
1.319 3.605523 0.089717
1.320 3.605439 0.089516
1.321 3.605356 0.089315
1.322 3.605272 0.089114
1.323 3.605191 0.088925
1.324 3.605111 0.088751
1.325 3.605031 0.088578
1.326 3.604951 0.088405
1.327 3.604872 0.088232
1.328 3.604792 0.088058
1.329 3.604712 0.087885
1.330 3.604634 0.087702
1.331 3.604559 0.087498
1.332 3.604485 0.087293
1.333 3.604410 0.087088
1.334 3.604336 0.086883
1.335 3.604261 0.086679
1.336 3.604186 0.086474
1.337 3.604113 0.086272
1.338 3.604045 0.086090
1.339 3.603978 0.085908
1.340 3.603911 0.085726
1.341 3.603843 0.085545
1.342 3.603776 0.085363
1.343 3.603709 0.085181
1.344 3.603641 0.084999
1.345 3.603580 0.084802
1.346 3.603520 0.084602
1.347 3.603461 0.084402
1.348 3.603401 0.084202
1.349 3.603341 0.084002
1.350 3.603281 0.083802
1.351 3.603221 0.083602
1.352 3.603174 0.083385
1.353 3.603138 0.083154
1.354 3.603102 0.082922
1.355 3.603066 0.082691
1.356 3.603030 0.082459
1.357 3.602994 0.082228
1.358 3.602958 0.081996
1.359 3.602924 0.081763
1.360 3.602900 0.081519
1.361 3.602876 0.081275
1.362 3.602852 0.081031
1.363 3.602827 0.080787
1.364 3.602803 0.080543
1.365 3.602779 0.080300
1.366 3.602755 0.080056
1.367 3.602739 0.079778
1.368 3.602728 0.079481
1.369 3.602717 0.079184
1.370 3.602706 0.078887
1.371 3.602695 0.078590
1.372 3.602684 0.078293
1.373 3.602673 0.077997
1.374 3.602665 0.077701
1.375 3.602693 0.077431
1.376 3.602721 0.077160
1.377 3.602749 0.076889
1.378 3.602777 0.076619
1.379 3.602805 0.076348
1.380 3.602833 0.076077
1.381 3.602861 0.075806
1.382 3.602906 0.075533
1.383 3.602976 0.075257
1.384 3.603046 0.074980
1.385 3.603116 0.074703
1.386 3.603186 0.074427
1.387 3.603256 0.074150
1.388 3.603326 0.073873
1.389 3.603396 0.073597
1.390 3.603494 0.073294
1.391 3.603607 0.072979
1.392 3.603720 0.072664
1.393 3.603833 0.072348
1.394 3.603945 0.072033
1.395 3.604058 0.071717
1.396 3.604171 0.071402
1.397 3.604284 0.071086
1.398 3.604445 0.070780
1.399 3.604617 0.070475
1.400 3.604789 0.070171
1.401 3.604960 0.069866
1.402 3.605132 0.069562
1.403 3.605304 0.069257
1.404 3.605475 0.068953
1.405 3.605647 0.068648
1.406 3.605882 0.068270
1.407 3.606123 0.067884
1.408 3.606364 0.067498
1.409 3.606606 0.067113
1.410 3.606847 0.066727
1.411 3.607088 0.066341
1.412 3.607329 0.065955
1.413 3.607571 0.065569
1.414 3.607877 0.065177
1.415 3.608191 0.064784
1.416 3.608505 0.064391
1.417 3.608819 0.063999
1.418 3.609133 0.063606
1.419 3.609447 0.063213
1.420 3.609762 0.062820
1.421 3.610076 0.062427
1.422 3.610461 0.062009
1.423 3.610865 0.061585
1.424 3.611269 0.061160
1.425 3.611673 0.060735
1.426 3.612077 0.060311
1.427 3.612481 0.059886
1.428 3.612885 0.059461
1.429 3.613289 0.059037
1.430 3.613740 0.058574
1.431 3.614225 0.058084
1.432 3.614710 0.057594
1.433 3.615195 0.057104
1.434 3.615679 0.056614
1.435 3.616164 0.056124
1.436 3.616649 0.055634
1.437 3.617133 0.055144
1.438 3.617586 0.054633
1.439 3.617963 0.054072
1.440 3.618340 0.053511
1.441 3.618717 0.052949
1.442 3.619094 0.052388
1.443 3.619471 0.051827
1.444 3.619848 0.051266
1.445 3.620225 0.050704
1.446 3.620603 0.050143
1.447 3.620840 0.049515
1.448 3.621063 0.048881
1.449 3.621286 0.048246
1.450 3.621508 0.047611
1.451 3.621731 0.046977
1.452 3.621954 0.046342
1.453 3.622177 0.045707
1.454 3.622400 0.045072
1.455 3.622528 0.044375
1.456 3.622525 0.043589
1.457 3.622522 0.042803
1.458 3.622519 0.042017
1.459 3.622516 0.041231
1.460 3.622512 0.040445
1.461 3.622509 0.039659
1.462 3.622506 0.038874
1.463 3.622503 0.038088
1.464 3.622194 0.037146
1.465 3.621822 0.036173
1.466 3.621450 0.035200
1.467 3.621078 0.034227
1.468 3.620706 0.033253
1.469 3.620334 0.032280
1.470 3.619962 0.031307
1.471 3.619590 0.030333
1.472 3.619218 0.029360
1.473 3.618846 0.028387
1.474 3.618474 0.027413
1.475 3.617965 0.026490
1.476 3.617348 0.025606
1.477 3.616731 0.024723
1.478 3.616114 0.023839
1.479 3.615497 0.022955
1.480 3.614880 0.022072
1.481 3.614263 0.021188
1.482 3.613646 0.020304
1.483 3.613029 0.019326
1.484 3.612412 0.018318
1.485 3.611795 0.017323
1.486 3.611158 0.016369
1.487 3.610350 0.015659
1.488 3.609543 0.014958
1.489 3.608736 0.014267
1.490 3.607928 0.013584
1.491 3.607121 0.012910
1.492 3.606314 0.012245
1.493 3.605506 0.011588
1.494 3.604699 0.010940
1.495 3.603892 0.010300
1.496 3.603084 0.009669
1.497 3.602277 0.009046
1.498 3.601423 0.008541
1.499 3.600517 0.008159
1.500 3.599611 0.007782
1.501 3.598705 0.007411
1.502 3.597799 0.007044
1.503 3.596893 0.006681
1.504 3.595987 0.006324
1.505 3.595081 0.005971
1.506 3.594175 0.005623
1.507 3.593269 0.005279
1.508 3.592364 0.004940
1.509 3.591458 0.004605
1.510 3.590553 0.004362
1.511 3.589649 0.004166
1.512 3.588744 0.003972
1.513 3.587840 0.003780
1.514 3.586936 0.003591
1.515 3.586031 0.003405
1.516 3.585127 0.003221
1.517 3.584223 0.003039
1.518 3.583318 0.002860
1.519 3.582414 0.002683
1.520 3.581510 0.002508
1.521 3.580605 0.002336
1.522 3.579743 0.002212
1.523 3.578902 0.002113
1.524 3.578061 0.002015
1.525 3.577220 0.001918
1.526 3.576379 0.001823
1.527 3.575538 0.001729
1.528 3.574696 0.001636
1.529 3.573855 0.001544
1.530 3.573014 0.001453
1.531 3.572173 0.001364
1.532 3.571332 0.001276
1.533 3.570491 0.001189
1.534 3.569696 0.001120
1.535 3.568951 0.001071
1.536 3.568206 0.001023
1.537 3.567461 0.000975
1.538 3.566716 0.000928
1.539 3.565971 0.000881
1.540 3.565227 0.000835
1.541 3.564482 0.000790
1.542 3.563737 0.000745
1.543 3.562992 0.000701
1.544 3.562247 0.000657
1.545 3.561502 0.000614
1.546 3.560767 0.000573
1.547 3.560125 0.000549
1.548 3.559483 0.000526
1.549 3.558841 0.000502
1.550 3.558199 0.000479
1.551 3.557557 0.000456
1.552 3.556914 0.000434
1.553 3.556272 0.000411
1.554 3.555630 0.000390
1.555 3.554988 0.000368
1.556 3.554346 0.000346
1.557 3.553704 0.000325
1.558 3.553062 0.000304
1.559 3.552462 0.000288
1.560 3.551905 0.000276
1.561 3.551348 0.000264
1.562 3.550791 0.000253
1.563 3.550234 0.000241
1.564 3.549676 0.000230
1.565 3.549119 0.000219
1.566 3.548562 0.000208
1.567 3.548005 0.000197
1.568 3.547448 0.000186
1.569 3.546890 0.000175
1.570 3.546333 0.000165
1.571 3.545776 0.000155
1.572 3.545254 0.000147
1.573 3.544746 0.000140
1.574 3.544238 0.000134
1.575 3.543730 0.000127
1.576 3.543222 0.000121
1.577 3.542714 0.000115
1.578 3.542207 0.000109
1.579 3.541699 0.000103
1.580 3.541191 0.000097
1.581 3.540683 0.000091
1.582 3.540175 0.000085
1.583 3.539667 0.000079
1.584 3.539159 0.000073
1.585 3.538674 0.000070
1.586 3.538199 0.000067
1.587 3.537725 0.000064
1.588 3.537250 0.000061
1.589 3.536775 0.000059
1.590 3.536300 0.000056
1.591 3.535825 0.000053
1.592 3.535350 0.000050
1.593 3.534875 0.000048
1.594 3.534400 0.000045
1.595 3.533925 0.000043
1.596 3.533450 0.000040
1.597 3.532975 0.000038
1.598 3.532512 0.000036
1.599 3.532064 0.000034
1.600 3.531615 0.000033
1.601 3.531166 0.000032
1.602 3.530718 0.000030
1.603 3.530269 0.000029
1.604 3.529820 0.000028
1.605 3.529372 0.000027
1.606 3.528923 0.000025
1.607 3.528474 0.000024
1.608 3.528026 0.000023
1.609 3.527577 0.000022
1.610 3.527128 0.000020
1.611 3.526680 0.000019
1.612 3.526237 0.000019
1.613 3.525795 0.000018
1.614 3.525352 0.000017
1.615 3.524910 0.000016
1.616 3.524467 0.000016
1.617 3.524025 0.000015
1.618 3.523582 0.000014
1.619 3.523140 0.000014
1.620 3.522697 0.000013
1.621 3.522255 0.000013
1.622 3.521812 0.000012
1.623 3.521370 0.000011
1.624 3.520927 0.000011
1.625 3.520490 0.000010
1.626 3.520065 0.000010
1.627 3.519639 0.000009
1.628 3.519213 0.000009
1.629 3.518788 0.000008
1.630 3.518362 0.000008
1.631 3.517936 0.000007
1.632 3.517511 0.000007
1.633 3.517085 0.000006
1.634 3.516659 0.000006
1.635 3.516234 0.000005
1.636 3.515808 0.000005
1.637 3.515382 0.000004
1.638 3.514957 0.000004
1.639 3.514537 0.000004
1.640 3.514124 0.000003
1.641 3.513712 0.000003
1.642 3.513300 0.000003
1.643 3.512888 0.000002
1.644 3.512475 0.000002
1.645 3.512063 0.000002
1.646 3.511651 0.000002
1.647 3.511239 0.000001
1.648 3.510826 0.000001
1.649 3.510414 0.000001
1.650 3.510002 0.000001
1.651 3.509589 0.000000
1.652 3.509177 0.000000
1.653 3.508769 0.000000
1.654 3.508369 0.000000
1.655 3.507970 0.000000
1.656 3.507571 0.000000
1.657 3.507172 0.000000
1.658 3.506773 0.000000
1.659 3.506374 0.000000
1.660 3.505975 0.000000
1.661 3.505576 0.000000
1.662 3.505177 0.000000
1.663 3.504778 0.000000
1.664 3.504378 0.000000
1.665 3.503979 0.000000
1.666 3.503580 0.000000
1.667 3.503181 0.000000
1.668 3.502793 0.000000
1.669 3.502407 0.000000
1.670 3.502021 0.000000
1.671 3.501635 0.000000
1.672 3.501249 0.000000
1.673 3.500862 0.000000
1.674 3.500476 0.000000
1.675 3.500090 0.000000
1.676 3.499704 0.000000
1.677 3.499318 0.000000
1.678 3.498931 0.000000
1.679 3.498545 0.000000
1.680 3.498159 0.000000
1.681 3.497773 0.000000
1.682 3.497389 0.000000
1.683 3.497015 0.000000
1.684 3.496641 0.000000
1.685 3.496267 0.000000
1.686 3.495892 0.000000
1.687 3.495518 0.000000
1.688 3.495144 0.000000
1.689 3.494770 0.000000
1.690 3.494396 0.000000
1.691 3.494022 0.000000
1.692 3.493647 0.000000
1.693 3.493273 0.000000
1.694 3.492899 0.000000
1.695 3.492525 0.000000
1.696 3.492151 0.000000
1.697 3.491780 0.000000
1.698 3.491419 0.000000
1.699 3.491057 0.000000
1.700 3.490695 0.000000
1.701 3.490334 0.000000
1.702 3.489972 0.000000
1.703 3.489610 0.000000
1.704 3.489249 0.000000
1.705 3.488887 0.000000
1.706 3.488525 0.000000
1.707 3.488164 0.000000
1.708 3.487802 0.000000
1.709 3.487440 0.000000
1.710 3.487079 0.000000
1.711 3.486717 0.000000
1.712 3.486357 0.000000
1.713 3.486007 0.000000
1.714 3.485656 0.000000
1.715 3.485306 0.000000
1.716 3.484956 0.000000
1.717 3.484606 0.000000
1.718 3.484255 0.000000
1.719 3.483905 0.000000
1.720 3.483555 0.000000
1.721 3.483204 0.000000
1.722 3.482854 0.000000
1.723 3.482504 0.000000
1.724 3.482153 0.000000
1.725 3.481803 0.000000
1.726 3.481453 0.000000
1.727 3.481102 0.000000
1.728 3.480760 0.000000
1.729 3.480421 0.000000
1.730 3.480083 0.000000
1.731 3.479744 0.000000
1.732 3.479405 0.000000
1.733 3.479067 0.000000
1.734 3.478728 0.000000
1.735 3.478389 0.000000
1.736 3.478051 0.000000
1.737 3.477712 0.000000
1.738 3.477373 0.000000
1.739 3.477035 0.000000
1.740 3.476696 0.000000
1.741 3.476357 0.000000
1.742 3.476019 0.000000
1.743 3.475680 0.000000
1.744 3.475352 0.000000
1.745 3.475024 0.000000
1.746 3.474696 0.000000
1.747 3.474368 0.000000
1.748 3.474040 0.000000
1.749 3.473712 0.000000
1.750 3.473385 0.000000
1.751 3.473057 0.000000
1.752 3.472729 0.000000
1.753 3.472401 0.000000
1.754 3.472073 0.000000
1.755 3.471745 0.000000
1.756 3.471417 0.000000
1.757 3.471090 0.000000
1.758 3.470762 0.000000
1.759 3.470434 0.000000
1.760 3.470116 0.000000
1.761 3.469800 0.000000
1.762 3.469483 0.000000
1.763 3.469166 0.000000
1.764 3.468849 0.000000
1.765 3.468533 0.000000
1.766 3.468216 0.000000
1.767 3.467899 0.000000
1.768 3.467582 0.000000
1.769 3.467266 0.000000
1.770 3.466949 0.000000
1.771 3.466632 0.000000
1.772 3.466315 0.000000
1.773 3.465998 0.000000
1.774 3.465682 0.000000
1.775 3.465365 0.000000
1.776 3.465055 0.000000
1.777 3.464748 0.000000
1.778 3.464442 0.000000
1.779 3.464135 0.000000
1.780 3.463829 0.000000
1.781 3.463522 0.000000
1.782 3.463216 0.000000
1.783 3.462909 0.000000
1.784 3.462603 0.000000
1.785 3.462296 0.000000
1.786 3.461990 0.000000
1.787 3.461684 0.000000
1.788 3.461377 0.000000
1.789 3.461071 0.000000
1.790 3.460764 0.000000
1.791 3.460458 0.000000
1.792 3.460151 0.000000
1.793 3.459855 0.000000
1.794 3.459558 0.000000
1.795 3.459262 0.000000
1.796 3.458966 0.000000
1.797 3.458669 0.000000
1.798 3.458373 0.000000
1.799 3.458077 0.000000
1.800 3.457780 0.000000
1.801 3.457484 0.000000
1.802 3.457187 0.000000
1.803 3.456891 0.000000
1.804 3.456595 0.000000
1.805 3.456298 0.000000
1.806 3.456002 0.000000
1.807 3.455706 0.000000
1.808 3.455409 0.000000
1.809 3.455113 0.000000
1.810 3.454827 0.000000
1.811 3.454541 0.000000
1.812 3.454254 0.000000
1.813 3.453968 0.000000
1.814 3.453682 0.000000
1.815 3.453396 0.000000
1.816 3.453109 0.000000
1.817 3.452823 0.000000
1.818 3.452537 0.000000
1.819 3.452250 0.000000
1.820 3.451964 0.000000
1.821 3.451678 0.000000
1.822 3.451391 0.000000
1.823 3.451105 0.000000
1.824 3.450819 0.000000
1.825 3.450533 0.000000
1.826 3.450246 0.000000
1.827 3.449967 0.000000
1.828 3.449691 0.000000
1.829 3.449414 0.000000
1.830 3.449137 0.000000
1.831 3.448860 0.000000
1.832 3.448583 0.000000
1.833 3.448306 0.000000
1.834 3.448030 0.000000
1.835 3.447753 0.000000
1.836 3.447476 0.000000
1.837 3.447199 0.000000
1.838 3.446922 0.000000
1.839 3.446645 0.000000
1.840 3.446369 0.000000
1.841 3.446092 0.000000
1.842 3.445815 0.000000
1.843 3.445538 0.000000
1.844 3.445263 0.000000
1.845 3.444996 0.000000
1.846 3.444728 0.000000
1.847 3.444461 0.000000
1.848 3.444194 0.000000
1.849 3.443926 0.000000
1.850 3.443659 0.000000
1.851 3.443392 0.000000
1.852 3.443124 0.000000
1.853 3.442857 0.000000
1.854 3.442590 0.000000
1.855 3.442322 0.000000
1.856 3.442055 0.000000
1.857 3.441788 0.000000
1.858 3.441520 0.000000
1.859 3.441253 0.000000
1.860 3.440986 0.000000
1.861 3.440718 0.000000
1.862 3.440453 0.000000
1.863 3.440195 0.000000
1.864 3.439936 0.000000
1.865 3.439678 0.000000
1.866 3.439419 0.000000
1.867 3.439161 0.000000
1.868 3.438902 0.000000
1.869 3.438644 0.000000
1.870 3.438385 0.000000
1.871 3.438127 0.000000
1.872 3.437868 0.000000
1.873 3.437610 0.000000
1.874 3.437351 0.000000
1.875 3.437093 0.000000
1.876 3.436834 0.000000
1.877 3.436576 0.000000
1.878 3.436317 0.000000
1.879 3.436059 0.000000
1.880 3.435800 0.000000
1.881 3.435551 0.000000
1.882 3.435301 0.000000
1.883 3.435052 0.000000
1.884 3.434803 0.000000
1.885 3.434554 0.000000
1.886 3.434304 0.000000
1.887 3.434055 0.000000
1.888 3.433806 0.000000
1.889 3.433557 0.000000
1.890 3.433307 0.000000
1.891 3.433058 0.000000
1.892 3.432809 0.000000
1.893 3.432560 0.000000
1.894 3.432310 0.000000
1.895 3.432061 0.000000
1.896 3.431812 0.000000
1.897 3.431563 0.000000
1.898 3.431313 0.000000
1.899 3.431067 0.000000
1.900 3.430826 0.000000