0.253 1.913407 3.191012
0.254 1.960268 3.211065
0.255 2.000309 3.227985
0.256 2.038627 3.241567
0.257 2.081199 3.255095
0.258 2.124373 3.268643
0.259 2.167870 3.282179
0.260 2.211431 3.295585
0.261 2.261537 3.308655
0.262 2.306881 3.320458
0.263 2.356303 3.325825
0.264 2.407416 3.334089
0.265 2.459534 3.333429
0.266 2.517822 3.335587
0.267 2.571007 3.331575
0.268 2.622044 3.324784
0.269 2.678514 3.316775
0.270 2.730032 3.303056
0.271 2.784258 3.288236
0.272 2.834019 3.272448
0.273 2.885294 3.251311
0.274 2.932670 3.227475
0.275 2.981211 3.203336
0.276 3.025431 3.178481
0.277 3.066225 3.149293
0.278 3.105906 3.118237
0.279 3.144812 3.086256
0.280 3.182886 3.056161
0.281 3.217081 3.022319
0.282 3.248513 2.982986
0.283 3.277683 2.947734
0.284 3.305597 2.914024
0.285 3.329778 2.876104
0.286 3.352496 2.837421
0.287 3.375058 2.801365
0.288 3.391870 2.766135
0.289 3.408850 2.729169
0.290 3.426518 2.691879
0.291 3.438829 2.657878
0.292 3.448979 2.619849
0.293 3.458696 2.584810
0.294 3.468343 2.551530
0.295 3.472955 2.517079
0.296 3.476332 2.486652
0.297 3.480619 2.454257
0.298 3.483841 2.424501
0.299 3.487163 2.392899
0.300 3.485811 2.363573
0.301 3.483681 2.336685
0.302 3.481514 2.310837
0.303 3.479405 2.285189
0.304 3.477360 2.259804
0.305 3.473527 2.240680
0.306 3.466966 2.217672
0.307 3.462218 2.198718
0.308 3.455200 2.176411
0.309 3.450974 2.157155
0.310 3.443665 2.137085
0.311 3.439080 2.121434
0.312 3.432675 2.104133
0.313 3.426227 2.088630
0.314 3.418989 2.075765
0.315 3.411357 2.063547
0.316 3.406767 2.051448
0.317 3.401236 2.039450
0.318 3.395396 2.027530
0.319 3.387273 2.015680
0.320 3.380543 2.003906
0.321 3.375534 1.992559
0.322 3.367066 1.986727
0.323 3.360082 1.977409
0.324 3.355612 1.971198
0.325 3.351321 1.962674
0.326 3.346047 1.955236
0.327 3.337978 1.947776
0.328 3.334088 1.943266
0.329 3.329786 1.937528
0.330 3.324486 1.931531
0.331 3.321639 1.927222
0.332 3.315496 1.924423
0.333 3.312965 1.919500
0.334 3.307087 1.917424
0.335 3.303882 1.911876
0.336 3.299413 1.909963
0.337 3.294925 1.909094
0.338 3.292518 1.904042
0.339 3.290357 1.901558
0.340 3.285612 1.900882
0.341 3.282613 1.900941
0.342 3.281962 1.901036
0.343 3.281539 1.901137
0.344 3.278312 1.898427
0.345 3.273570 1.894192
0.346 3.272024 1.893142
0.347 3.271465 1.893071
0.348 3.271130 1.893220
0.349 3.270814 1.893379
0.350 3.270516 1.893549
0.351 3.270233 1.893727
0.352 3.269965 1.893913
0.353 3.269707 1.894106
0.354 3.269467 1.894308
0.355 3.269248 1.894526
0.356 3.269040 1.896092
0.357 3.268841 1.900878
0.358 3.268655 1.903297
0.359 3.268485 1.904023
0.360 3.268329 1.904281
0.361 3.268183 1.904545
0.362 3.269939 1.904820
0.363 3.274407 1.905121
0.364 3.276219 1.909166
0.365 3.276299 1.912357
0.366 3.277076 1.914497
0.367 3.281901 1.914899
0.368 3.284035 1.915230
0.369 3.284563 1.915640
0.370 3.284596 1.919748
0.371 3.289169 1.923483
0.372 3.292032 1.925013
0.373 3.294386 1.925577
0.374 3.299223 1.927852
0.375 3.300957 1.932666
0.376 3.305143 1.934822
0.377 3.308475 1.935714
0.378 3.310576 1.936391
0.379 3.315454 1.941479
0.380 3.318153 1.944513
0.381 3.320984 1.945865
0.382 3.325288 1.948925
0.383 3.330645 1.953178
0.384 3.334918 1.955457
0.385 3.336954 1.956804
0.386 3.341866 1.961595
0.387 3.345273 1.964473
0.388 3.351439 1.966320
0.389 3.355172 1.968353
0.390 3.360785 1.973176
0.391 3.365802 1.975813
0.392 3.370265 1.979994
0.393 3.376368 1.983834
0.394 3.384039 1.986332
0.395 3.389346 1.991216
0.396 3.395707 1.994941
0.397 3.399412 1.997689
0.398 3.406233 2.002866
0.399 3.414733 2.006688
0.400 3.422821 2.013017
0.401 3.427976 2.015412
0.402 3.435653 2.019249
0.403 3.444640 2.023740
0.404 3.450986 2.029548
0.405 3.457350 2.033659
0.406 3.465080 2.039667
0.407 3.474290 2.043941
0.408 3.484249 2.049780
0.409 3.497720 2.054251
0.410 3.509779 2.060440
0.411 3.520803 2.064395
0.412 3.531525 2.070818
0.413 3.545383 2.074604
0.414 3.558169 2.080801
0.415 3.574231 2.085117
0.416 3.590328 2.090725
0.417 3.604432 2.093745
0.418 3.620596 2.095318
0.419 3.638194 2.096138
0.420 3.656493 2.096829
0.421 3.674796 2.095202
0.422 3.695339 2.092165
0.423 3.717321 2.088583
0.424 3.737469 2.082495
0.425 3.756269 2.075071
0.426 3.771683 2.067135
0.427 3.786676 2.056244
0.428 3.799906 2.045118
0.429 3.814046 2.035335
0.430 3.827586 2.023888
0.431 3.838550 2.012783
0.432 3.845820 2.000469
0.433 3.852054 1.988875
0.434 3.856536 1.979154
0.435 3.859234 1.967872
0.436 3.863981 1.957288
0.437 3.868017 1.951004
0.438 3.870814 1.945790
0.439 3.872379 1.940007
0.440 3.873506 1.936220
0.441 3.874665 1.934832
0.442 3.875863 1.935221
0.443 3.877147 1.936234
0.444 3.878511 1.937292
0.445 3.882578 1.941022
0.446 3.887601 1.945653
0.447 3.893351 1.950907
0.448 3.901247 1.958176
0.449 3.908486 1.966709
0.450 3.916667 1.975905
0.451 3.928576 1.983265
0.452 3.941490 1.988737
0.453 3.958163 1.996183
0.454 3.975655 2.004188
0.455 3.994072 2.012989
0.456 4.013451 2.021880
0.457 4.037375 2.029765
0.458 4.062813 2.034748
0.459 4.089397 2.040159
0.460 4.116244 2.043721
0.461 4.147163 2.045087
0.462 4.179603 2.042504
0.463 4.212625 2.037275
0.464 4.245637 2.030186
0.465 4.278535 2.022493
0.466 4.311306 2.011191
0.467 4.343971 1.997481
0.468 4.375338 1.981499
0.469 4.403866 1.961904
0.470 4.433838 1.940328
0.471 4.463359 1.918113
0.472 4.490742 1.894017
0.473 4.516300 1.866430
0.474 4.539066 1.836341
0.475 4.559081 1.805543
0.476 4.578468 1.774104
0.477 4.596736 1.742082
0.478 4.611719 1.709434
0.479 4.625306 1.676243
0.480 4.639590 1.642728
0.481 4.645667 1.609045
0.482 4.652084 1.575297
0.483 4.656855 1.541778
0.484 4.658805 1.510156
0.485 4.658985 1.480607
0.486 4.658037 1.450499
0.487 4.654514 1.421598
0.488 4.650363 1.395340
0.489 4.646076 1.369583
0.490 4.639295 1.343955
0.491 4.631658 1.318543
0.492 4.624729 1.293495
0.493 4.620996 1.269198
0.494 4.615498 1.248276
0.495 4.607749 1.227223
0.496 4.599570 1.205824
0.497 4.591387 1.187854
0.498 4.583090 1.170754
0.499 4.573720 1.153848
0.500 4.562197 1.137075
0.501 4.550674 1.120375
0.502 4.541836 1.104333
0.503 4.533643 1.089279
0.504 4.525467 1.077284
0.505 4.517306 1.064307
0.506 4.509159 1.051686
0.507 4.501028 1.039342
0.508 4.492912 1.026399
0.509 4.484812 1.014632
0.510 4.476729 1.002141
0.511 4.468667 0.990693
0.512 4.460626 0.981587
0.513 4.452604 0.972459
0.514 4.444600 0.962973
0.515 4.436616 0.953607
0.516 4.428772 0.944594
0.517 4.421539 0.935857
0.518 4.415380 0.927514
0.519 4.412219 0.919247
0.520 4.405453 0.911176
0.521 4.397725 0.903494
0.522 4.389893 0.896014
0.523 4.382081 0.888671
0.524 4.374779 0.881542
0.525 4.368342 0.874724
0.526 4.363462 0.868129
0.527 4.359342 0.861565
0.528 4.351957 0.855037
0.529 4.344486 0.848577
0.530 4.338154 0.842282
0.531 4.334049 0.836317
0.532 4.329055 0.830553
0.533 4.322779 0.824875
0.534 4.316844 0.819238
0.535 4.312420 0.813649
0.536 4.308363 0.808123
0.537 4.301323 0.802726
0.538 4.295409 0.797695
0.539 4.292022 0.792487
0.540 4.287810 0.787455
0.541 4.283394 0.782608
0.542 4.279224 0.777836
0.543 4.273523 0.773096
0.544 4.267175 0.768383
0.545 4.263075 0.763755
0.546 4.259234 0.759310
0.547 4.255015 0.755000
0.548 4.250891 0.750709
0.549 4.247807 0.746334
0.550 4.242342 0.742206
0.551 4.239624 0.737877
0.552 4.235318 0.733792
0.553 4.230985 0.729888
0.554 4.228061 0.726009
0.555 4.222951 0.722140
0.556 4.219890 0.718289
0.557 4.215885 0.714459
0.558 4.211794 0.710645
0.559 4.208216 0.706844
0.560 4.204138 0.703051
0.561 4.200559 0.699277
0.562 4.196731 0.695580
0.563 4.193143 0.692009
0.564 4.190390 0.688580
0.565 4.188724 0.685118
0.566 4.185947 0.681536
0.567 4.182184 0.678011
0.568 4.178054 0.674607
0.569 4.175201 0.671341
0.570 4.170568 0.667979
0.571 4.167193 0.664770
0.572 4.164260 0.661657
0.573 4.159782 0.658498
0.574 4.158460 0.655124
0.575 4.156768 0.651994
0.576 4.154004 0.649006
0.577 4.149389 0.645984
0.578 4.147932 0.642912
0.579 4.146259 0.639684
0.580 4.143714 0.636448
0.581 4.139301 0.633496
0.582 4.137485 0.630585
0.583 4.135826 0.627688
0.584 4.133572 0.624801
0.585 4.128819 0.621924
0.586 4.125858 0.619053
0.587 4.122756 0.616190
0.588 4.118573 0.613336
0.589 4.116995 0.610541
0.590 4.115289 0.607806
0.591 4.113056 0.605156
0.592 4.108994 0.602695
0.593 4.106830 0.600020
0.594 4.105157 0.597265
0.595 4.103387 0.594475
0.596 4.099538 0.591741
0.597 4.096976 0.589054
0.598 4.095860 0.586425
0.599 4.094897 0.584020
0.600 4.093471 0.581477
0.601 4.091385 0.578851
0.602 4.087374 0.576247
0.603 4.085105 0.573806
0.604 4.083543 0.571380
0.605 4.081861 0.568773
0.606 4.078381 0.566196
0.607 4.075060 0.563713
0.608 4.073654 0.561455
0.609 4.072030 0.558983
0.610 4.069642 0.556542
0.611 4.065534 0.554318
0.612 4.064304 0.551867
0.613 4.063645 0.549437
0.614 4.062439 0.547226
0.615 4.060641 0.544813
0.616 4.058289 0.542395
0.617 4.054719 0.540179
0.618 4.053369 0.537816
0.619 4.052827 0.535421
0.620 4.051417 0.533198
0.621 4.049319 0.530946
0.622 4.046766 0.528683
0.623 4.044055 0.526564
0.624 4.041934 0.524385
0.625 4.040443 0.522141
0.626 4.037619 0.519948
0.627 4.034974 0.517789
0.628 4.032959 0.515691
0.629 4.031940 0.513482
0.630 4.031147 0.511257
0.631 4.029627 0.509167
0.632 4.027150 0.507125
0.633 4.023853 0.505122
0.634 4.022479 0.503060
0.635 4.021327 0.500937
0.636 4.020330 0.498682
0.637 4.018986 0.496619
0.638 4.017395 0.494649
0.639 4.013685 0.492727
0.640 4.011291 0.490771
0.641 4.010961 0.488762
0.642 4.009875 0.486706
0.643 4.008455 0.484629
0.644 4.006215 0.482481
0.645 4.003884 0.480435
0.646 4.001415 0.478545
0.647 4.000492 0.476659
0.648 4.000170 0.474775
0.649 3.999504 0.472901
0.650 3.998584 0.471030
0.651 3.997147 0.469165
0.652 3.994657 0.467305
0.653 3.991522 0.465446
0.654 3.990336 0.463593
0.655 3.989329 0.461742
0.656 3.988184 0.459898
0.657 3.986833 0.458059
0.658 3.985221 0.456224
0.659 3.982636 0.454394
0.660 3.979632 0.452566
0.661 3.979065 0.450743
0.662 3.978461 0.448921
0.663 3.977058 0.447107
0.664 3.975129 0.445297
0.665 3.972443 0.443492
0.666 3.970561 0.441690
0.667 3.969156 0.439890
0.668 3.968701 0.438095
0.669 3.968398 0.436301
0.670 3.967237 0.434516
0.671 3.965988 0.432733
0.672 3.964436 0.430956
0.673 3.962393 0.429185
0.674 3.959625 0.427422
0.675 3.958145 0.425722
0.676 3.957624 0.424067
0.677 3.956503 0.422503
0.678 3.955165 0.420971
0.679 3.952597 0.419350
0.680 3.949903 0.417714
0.681 3.948882 0.415971
0.682 3.947979 0.414244
0.683 3.947734 0.412602
0.684 3.947188 0.410972
0.685 3.945826 0.409377
0.686 3.944237 0.407817
0.687 3.942274 0.406312
0.688 3.940350 0.404726
0.689 3.938470 0.403051
0.690 3.937517 0.401412
0.691 3.937285 0.399802
0.692 3.936530 0.398299
0.693 3.935480 0.396857
0.694 3.934312 0.395333
0.695 3.933094 0.393776
0.696 3.930676 0.392221
0.697 3.927878 0.390667
0.698 3.926878 0.389192
0.699 3.926319 0.387736
0.700 3.925192 0.386179
0.701 3.923953 0.384603
0.702 3.921518 0.383152
0.703 3.918884 0.381723
0.704 3.917897 0.380219
0.705 3.917159 0.378704
0.706 3.916785 0.377180
0.707 3.916466 0.375653
0.708 3.915327 0.374282
0.709 3.914049 0.372937
0.710 3.911954 0.371559
0.711 3.909694 0.370175
0.712 3.908308 0.368737
0.713 3.907147 0.367284
0.714 3.906708 0.365972
0.715 3.906511 0.364706
0.716 3.905558 0.363291
0.717 3.904267 0.361810
0.718 3.902565 0.360415
0.719 3.900611 0.359074
0.720 3.898935 0.357736
0.721 3.897499 0.356399
0.722 3.896614 0.355012
0.723 3.896427 0.353558
0.724 3.895876 0.352174
0.725 3.894603 0.350926
0.726 3.893235 0.349643
0.727 3.891520 0.348235
0.728 3.889817 0.346837
0.729 3.888253 0.345541
0.730 3.886689 0.344245
0.731 3.885557 0.342971
0.732 3.884455 0.341699
0.733 3.883319 0.340484
0.734 3.882174 0.339286
0.735 3.880379 0.337968
0.736 3.878170 0.336576
0.737 3.876834 0.335234
0.738 3.876664 0.333961
0.739 3.876272 0.332692
0.740 3.875142 0.331435
0.741 3.874010 0.330180
0.742 3.872860 0.329008
0.743 3.871710 0.327837
0.744 3.869836 0.326596
0.745 3.867781 0.325338
0.746 3.866798 0.324146
0.747 3.866639 0.323004
0.748 3.866144 0.321864
0.749 3.864921 0.320728
0.750 3.863695 0.319584
0.751 3.862439 0.318302
0.752 3.861182 0.317021
0.753 3.859552 0.315917
0.754 3.857814 0.314865
0.755 3.856844 0.313770
0.756 3.856685 0.312630
0.757 3.856338 0.311491
0.758 3.855148 0.310360
0.759 3.853958 0.309229
0.760 3.852468 0.308012
0.761 3.850931 0.306780
0.762 3.849485 0.305652
0.763 3.848119 0.304616
0.764 3.846960 0.303580
0.765 3.846721 0.302547
0.766 3.846482 0.301514
0.767 3.845502 0.300484
0.768 3.844361 0.299454
0.769 3.842895 0.298427
0.770 3.841025 0.297402
0.771 3.839208 0.296372
0.772 3.838325 0.295248
0.773 3.837443 0.294124
0.774 3.836789 0.293000
0.775 3.836260 0.291876
0.776 3.835628 0.290745
0.777 3.834651 0.289587
0.778 3.833673 0.288429
0.779 3.831711 0.287394
0.780 3.829488 0.286390
0.781 3.827919 0.285419
0.782 3.827626 0.284513
0.783 3.827333 0.283607
0.784 3.826524 0.282758
0.785 3.825640 0.281917
0.786 3.824801 0.281045
0.787 3.824035 0.280123
0.788 3.823268 0.279202
0.789 3.821289 0.278215
0.790 3.819162 0.277220
0.791 3.817791 0.276227
0.792 3.817674 0.275236
0.793 3.817557 0.274244
0.794 3.816580 0.273256
0.795 3.815445 0.272268
0.796 3.814274 0.271298
0.797 3.813015 0.270369
0.798 3.811757 0.269440
0.799 3.810477 0.268526
0.800 3.809189 0.267618
0.801 3.808036 0.266730
0.802 3.807623 0.265957
0.803 3.807210 0.265184
0.804 3.806496 0.264337
0.805 3.805547 0.263432
0.806 3.804597 0.262527
0.807 3.802688 0.261620
0.808 3.800724 0.260713
0.809 3.799263 0.259848
0.810 3.798896 0.259075
0.811 3.798530 0.258301
0.812 3.797763 0.257459
0.813 3.796797 0.256583
0.814 3.795831 0.255707
0.815 3.795171 0.254803
0.816 3.794510 0.253900
0.817 3.793464 0.253057
0.818 3.791598 0.252344
0.819 3.789732 0.251631
0.820 3.788906 0.250814
0.821 3.788720 0.249931
0.822 3.788534 0.249049
0.823 3.787594 0.248358
0.824 3.786572 0.247688
0.825 3.785453 0.246998
0.826 3.783846 0.246203
0.827 3.782238 0.245409
0.828 3.781007 0.244618
0.829 3.780319 0.243832
0.830 3.779631 0.243046
0.831 3.778835 0.242292
0.832 3.777977 0.241556
0.833 3.777120 0.240820
0.834 3.776475 0.240050
0.835 3.775871 0.239273
0.836 3.775224 0.238499
0.837 3.773382 0.237826
0.838 3.771540 0.237152
0.839 3.770031 0.236482
0.840 3.769824 0.235825
0.841 3.769617 0.235168
0.842 3.769136 0.234488
0.843 3.768159 0.233763
0.844 3.767183 0.233039
0.845 3.765921 0.232396
0.846 3.764358 0.231841
0.847 3.762796 0.231285
0.848 3.761828 0.230607
0.849 3.761258 0.229848
0.850 3.760688 0.229088
0.851 3.759819 0.228423
0.852 3.758815 0.227802
0.853 3.757812 0.227180
0.854 3.757121 0.226544
0.855 3.756528 0.225904
0.856 3.755935 0.225264
0.857 3.754570 0.224651
0.858 3.753028 0.224045
0.859 3.751487 0.223438
0.860 3.751183 0.222846
0.861 3.751105 0.222257
0.862 3.751026 0.221668
0.863 3.750220 0.221114
0.864 3.749293 0.220566
0.865 3.748366 0.220018
0.866 3.747820 0.219381
0.867 3.747341 0.218729
0.868 3.746863 0.218077
0.869 3.745435 0.217569
0.870 3.743792 0.217094
0.871 3.742149 0.216619
0.872 3.741414 0.216116
0.873 3.740960 0.215604
0.874 3.740507 0.215093
0.875 3.739851 0.214562
0.876 3.739106 0.214024
0.877 3.738360 0.213485
0.878 3.737007 0.212886
0.879 3.735238 0.212247
0.880 3.733470 0.211608
0.881 3.732510 0.211051
0.882 3.732440 0.210584
0.883 3.732370 0.210116
0.884 3.731994 0.209649
0.885 3.731012 0.209183
0.886 3.730030 0.208717
0.887 3.729004 0.208252
0.888 3.727770 0.207788
0.889 3.726537 0.207324
0.890 3.725303 0.206860
0.891 3.724621 0.206398
0.892 3.723945 0.205936
0.893 3.723269 0.205474
0.894 3.722976 0.205013
0.895 3.722792 0.204553
0.896 3.722607 0.204093
0.897 3.722041 0.203633
0.898 3.721161 0.203174
0.899 3.720282 0.202716
0.900 3.719252 0.202264
0.901 3.717862 0.201830
0.902 3.716473 0.201395
0.903 3.715098 0.200962
0.904 3.714690 0.200580
0.905 3.714282 0.200199
0.906 3.713874 0.199818
0.907 3.713467 0.199488
0.908 3.713060 0.199180
0.909 3.712652 0.198871
0.910 3.712133 0.198514
0.911 3.711434 0.198079
0.912 3.710735 0.197645
0.913 3.710004 0.197213
0.914 3.708392 0.196851
0.915 3.706779 0.196490
0.916 3.705167 0.196128
0.917 3.704580 0.195782
0.918 3.704525 0.195444
0.919 3.704469 0.195105
0.920 3.704245 0.194770
0.921 3.703537 0.194443
0.922 3.702828 0.194117
0.923 3.702120 0.193791
0.924 3.701623 0.193400
0.925 3.701168 0.192996
0.926 3.700714 0.192592
0.927 3.699873 0.192259
0.928 3.698399 0.192040
0.929 3.696925 0.191822
0.930 3.695451 0.191603
0.931 3.695259 0.191208
0.932 3.695208 0.190794
0.933 3.695156 0.190379
0.934 3.694973 0.190005
0.935 3.694590 0.189692
0.936 3.694207 0.189379
0.937 3.693824 0.189066
0.938 3.693326 0.188646
0.939 3.692810 0.188210
0.940 3.692293 0.187773
0.941 3.691643 0.187354
0.942 3.690691 0.186973
0.943 3.689738 0.186593
0.944 3.688786 0.186212
0.945 3.688189 0.185932
0.946 3.687726 0.185690
0.947 3.687264 0.185448
0.948 3.686806 0.185213
0.949 3.686387 0.185041
0.950 3.685969 0.184868
0.951 3.685550 0.184695
0.952 3.685132 0.184498
0.953 3.684717 0.184274
0.954 3.684301 0.184050
0.955 3.683885 0.183826
0.956 3.683483 0.183494
0.957 3.683084 0.183137
0.958 3.682685 0.182779
0.959 3.682288 0.182421
0.960 3.681907 0.182071
0.961 3.681526 0.181720
0.962 3.681145 0.181369
0.963 3.680775 0.180989
0.964 3.680425 0.180561
0.965 3.680075 0.180133
0.966 3.679725 0.179705
0.967 3.679370 0.179343
0.968 3.679012 0.179020
0.969 3.678654 0.178696
0.970 3.678296 0.178373
0.971 3.677942 0.178120
0.972 3.677589 0.177880
0.973 3.677235 0.177639
0.974 3.676882 0.177397
0.975 3.676535 0.177089
0.976 3.676188 0.176781
0.977 3.675840 0.176473
0.978 3.675496 0.176163
0.979 3.675164 0.175845
0.980 3.674831 0.175526
0.981 3.674499 0.175208
0.982 3.674171 0.174892
0.983 3.673853 0.174584
0.984 3.673534 0.174275
0.985 3.673215 0.173966
0.986 3.672902 0.173666
0.987 3.672596 0.173377
0.988 3.672290 0.173088
0.989 3.671985 0.172799
0.990 3.671680 0.172497
0.991 3.671377 0.172183
0.992 3.671074 0.171868
0.993 3.670771 0.171553
0.994 3.670457 0.171173
0.995 3.670132 0.170730
0.996 3.669807 0.170286
0.997 3.669481 0.169842
0.998 3.669162 0.169425
0.999 3.668847 0.169034
1.000 3.668532 0.168643
1.001 3.668218 0.168252
1.002 3.667905 0.167849
1.003 3.667595 0.167433
1.004 3.667284 0.167017
1.005 3.666974 0.166602
1.006 3.666666 0.166218
1.007 3.666361 0.165882
1.008 3.666057 0.165546
1.009 3.665752 0.165209
1.010 3.665455 0.164883
1.011 3.665177 0.164578
1.012 3.664898 0.164273
1.013 3.664619 0.163968
1.014 3.664341 0.163672
1.015 3.664065 0.163412
1.016 3.663789 0.163152
1.017 3.663513 0.162892
1.018 3.663238 0.162630
1.019 3.662975 0.162260
1.020 3.662712 0.161890
1.021 3.662448 0.161520
1.022 3.662185 0.161150
1.023 3.661918 0.160714
1.024 3.661650 0.160263
1.025 3.661382 0.159812
1.026 3.661115 0.159361
1.027 3.660841 0.158874
1.028 3.660564 0.158361
1.029 3.660288 0.157847
1.030 3.660011 0.157334
1.031 3.659735 0.156840
1.032 3.659462 0.156387
1.033 3.659189 0.155933
1.034 3.658916 0.155480
1.035 3.658643 0.155028
1.036 3.658376 0.154706
1.037 3.658108 0.154383
1.038 3.657841 0.154060
1.039 3.657573 0.153738
1.040 3.657309 0.153439
1.041 3.657047 0.153153
1.042 3.656785 0.152866
1.043 3.656523 0.152580
1.044 3.656264 0.152276
1.045 3.656015 0.151931
1.046 3.655765 0.151587
1.047 3.655516 0.151243
1.048 3.655266 0.150898
1.049 3.655026 0.150512
1.050 3.654788 0.150119
1.051 3.654549 0.149727
1.052 3.654310 0.149335
1.053 3.654076 0.148950
1.054 3.653848 0.148574
1.055 3.653619 0.148199
1.056 3.653391 0.147823
1.057 3.653163 0.147447
1.058 3.652935 0.147083
1.059 3.652707 0.146718
1.060 3.652478 0.146354
1.061 3.652250 0.145990
1.062 3.652016 0.145642
1.063 3.651772 0.145317
1.064 3.651529 0.144993
1.065 3.651285 0.144668
1.066 3.651042 0.144343
1.067 3.650806 0.144059
1.068 3.650571 0.143783
1.069 3.650337 0.143507
1.070 3.650103 0.143231
1.071 3.649867 0.142940
1.072 3.649629 0.142602
1.073 3.649391 0.142263
1.074 3.649153 0.141925
1.075 3.648915 0.141587
1.076 3.648684 0.141253
1.077 3.648457 0.140922
1.078 3.648231 0.140591
1.079 3.648004 0.140260
1.080 3.647777 0.139929
1.081 3.647563 0.139583
1.082 3.647350 0.139234
1.083 3.647137 0.138886
1.084 3.646924 0.138537
1.085 3.646710 0.138198
1.086 3.646490 0.137901
1.087 3.646270 0.137604
1.088 3.646050 0.137308
1.089 3.645830 0.137011
1.090 3.645610 0.136735
1.091 3.645392 0.136491
1.092 3.645174 0.136247
1.093 3.644956 0.136003
1.094 3.644738 0.135759
1.095 3.644530 0.135560
1.096 3.644330 0.135393
1.097 3.644130 0.135226
1.098 3.643930 0.135059
1.099 3.643729 0.134892
1.100 3.643532 0.134718
1.101 3.643336 0.134542
1.102 3.643140 0.134366
1.103 3.642944 0.134189
1.104 3.642748 0.134013
1.105 3.642560 0.133834
1.106 3.642373 0.133655
1.107 3.642186 0.133476
1.108 3.642000 0.133297
1.109 3.641813 0.133118
1.110 3.641626 0.132934
1.111 3.641438 0.132750
1.112 3.641251 0.132566
1.113 3.641063 0.132382
1.114 3.640876 0.132198
1.115 3.640695 0.132042
1.116 3.640516 0.131889
1.117 3.640336 0.131736
1.118 3.640157 0.131584
1.119 3.639977 0.131431
1.120 3.639789 0.131299
1.121 3.639600 0.131170
1.122 3.639411 0.131042
1.123 3.639222 0.130913
1.124 3.639033 0.130784
1.125 3.638851 0.130621
1.126 3.638671 0.130449
1.127 3.638491 0.130278
1.128 3.638311 0.130106
1.129 3.638131 0.129934
1.130 3.637951 0.129765
1.131 3.637770 0.129597
1.132 3.637589 0.129429
1.133 3.637409 0.129261
1.134 3.637228 0.129093
1.135 3.637051 0.128923
1.136 3.636878 0.128753
1.137 3.636705 0.128582
1.138 3.636532 0.128412
1.139 3.636359 0.128241
1.140 3.636185 0.128082
1.141 3.636009 0.127949
1.142 3.635833 0.127817
1.143 3.635658 0.127684
1.144 3.635482 0.127552
1.145 3.635306 0.127419
1.146 3.635143 0.127274
1.147 3.634979 0.127129
1.148 3.634815 0.126984
1.149 3.634651 0.126839
1.150 3.634487 0.126695
1.151 3.634321 0.126523
1.152 3.634155 0.126340
1.153 3.633988 0.126157
1.154 3.633821 0.125973
1.155 3.633655 0.125790
1.156 3.633486 0.125603
1.157 3.633313 0.125409
1.158 3.633139 0.125214
1.159 3.632966 0.125019
1.160 3.632793 0.124825
1.161 3.632619 0.124630
1.162 3.632449 0.124438
1.163 3.632278 0.124246
1.164 3.632108 0.124054
1.165 3.631937 0.123863
1.166 3.631767 0.123671
1.167 3.631598 0.123484
1.168 3.631433 0.123303
1.169 3.631267 0.123122
1.170 3.631101 0.122941
1.171 3.630936 0.122760
1.172 3.630770 0.122579
1.173 3.630613 0.122467
1.174 3.630456 0.122358
1.175 3.630300 0.122249
1.176 3.630143 0.122140
1.177 3.629986 0.122032
1.178 3.629831 0.121925
1.179 3.629678 0.121822
1.180 3.629525 0.121719
1.181 3.629373 0.121616
1.182 3.629220 0.121513
1.183 3.629067 0.121410
1.184 3.628918 0.121267
1.185 3.628771 0.121111
1.186 3.628624 0.120955
1.187 3.628477 0.120799
1.188 3.628329 0.120643
1.189 3.628182 0.120485
1.190 3.628039 0.120307
1.191 3.627896 0.120129
1.192 3.627753 0.119951
1.193 3.627609 0.119773
1.194 3.627466 0.119595
1.195 3.627325 0.119422
1.196 3.627190 0.119258
1.197 3.627054 0.119094
1.198 3.626918 0.118930
1.199 3.626782 0.118766
1.200 3.626647 0.118602
1.201 3.626514 0.118448
1.202 3.626383 0.118301
1.203 3.626253 0.118154
1.204 3.626123 0.118007
1.205 3.625992 0.117861
1.206 3.625862 0.117714
1.207 3.625735 0.117592
1.208 3.625609 0.117480
1.209 3.625483 0.117369
1.210 3.625358 0.117257
1.211 3.625232 0.117145
1.212 3.625107 0.117033
1.213 3.624984 0.116874
1.214 3.624862 0.116703
1.215 3.624739 0.116533
1.216 3.624617 0.116362
1.217 3.624495 0.116191
1.218 3.624373 0.116021
1.219 3.624257 0.115844
1.220 3.624141 0.115667
1.221 3.624026 0.115489
1.222 3.623910 0.115311
1.223 3.623795 0.115133
1.224 3.623679 0.114956
1.225 3.623567 0.114753
1.226 3.623455 0.114545
1.227 3.623343 0.114337
1.228 3.623231 0.114129
1.229 3.623119 0.113921
1.230 3.623007 0.113712
1.231 3.622899 0.113573
1.232 3.622792 0.113457
1.233 3.622685 0.113340
1.234 3.622578 0.113223
1.235 3.622471 0.113106
1.236 3.622364 0.112989
1.237 3.622258 0.112849
1.238 3.622154 0.112694
1.239 3.622049 0.112539
1.240 3.621944 0.112384
1.241 3.621840 0.112229
1.242 3.621735 0.112074
1.243 3.621633 0.111900
1.244 3.621533 0.111699
1.245 3.621433 0.111497
1.246 3.621333 0.111296
1.247 3.621234 0.111095
1.248 3.621134 0.110894
1.249 3.621035 0.110688
1.250 3.620937 0.110454
1.251 3.620840 0.110220
1.252 3.620743 0.109986
1.253 3.620646 0.109753
1.254 3.620549 0.109519
1.255 3.620452 0.109285
1.256 3.620358 0.109139
1.257 3.620265 0.109010
1.258 3.620173 0.108881
1.259 3.620080 0.108753
1.260 3.619987 0.108624
1.261 3.619894 0.108495
1.262 3.619802 0.108377
1.263 3.619711 0.108272
1.264 3.619619 0.108167
1.265 3.619528 0.108061
1.266 3.619437 0.107956
1.267 3.619346 0.107851
1.268 3.619255 0.107746
1.269 3.619165 0.107639
1.270 3.619075 0.107532
1.271 3.618986 0.107425
1.272 3.618896 0.107318
1.273 3.618806 0.107211
1.274 3.618717 0.107104
1.275 3.618628 0.106949
1.276 3.618541 0.106736
1.277 3.618453 0.106524
1.278 3.618366 0.106312
1.279 3.618278 0.106099
1.280 3.618191 0.105887
1.281 3.618104 0.105675
1.282 3.618018 0.105498
1.283 3.617933 0.105325
1.284 3.617848 0.105153
1.285 3.617763 0.104981
1.286 3.617678 0.104809
1.287 3.617594 0.104637
1.288 3.617509 0.104457
1.289 3.617424 0.104246
1.290 3.617339 0.104035
1.291 3.617254 0.103824
1.292 3.617169 0.103613
1.293 3.617084 0.103403
1.294 3.617000 0.103192
1.295 3.616915 0.102982
1.296 3.616831 0.102774
1.297 3.616747 0.102565
1.298 3.616663 0.102356
1.299 3.616579 0.102148
1.300 3.616495 0.101939
1.301 3.616411 0.101731
1.302 3.616325 0.101513
1.303 3.616237 0.101291
1.304 3.616150 0.101068
1.305 3.616062 0.100846
1.306 3.615975 0.100624
1.307 3.615887 0.100402
1.308 3.615800 0.100179
1.309 3.615715 0.099992
1.310 3.615631 0.099812
1.311 3.615547 0.099633
1.312 3.615463 0.099453
1.313 3.615378 0.099273
1.314 3.615294 0.099094
1.315 3.615210 0.098914
1.316 3.615129 0.098744
1.317 3.615048 0.098576
1.318 3.614967 0.098407
1.319 3.614886 0.098239
1.320 3.614806 0.098071
1.321 3.614725 0.097903
1.322 3.614644 0.097734
1.323 3.614559 0.097541
1.324 3.614472 0.097343
1.325 3.614386 0.097145
1.326 3.614299 0.096947
1.327 3.614213 0.096749
1.328 3.614127 0.096551
1.329 3.614040 0.096353
1.330 3.613955 0.096156
1.331 3.613871 0.095960
1.332 3.613786 0.095763
1.333 3.613702 0.095567
1.334 3.613617 0.095370
1.335 3.613533 0.095174
1.336 3.613448 0.094977
1.337 3.613366 0.094772
1.338 3.613285 0.094561
1.339 3.613205 0.094349
1.340 3.613124 0.094138
1.341 3.613044 0.093927
1.342 3.612963 0.093715
1.343 3.612882 0.093504
1.344 3.612803 0.093297
1.345 3.612727 0.093099
1.346 3.612651 0.092901
1.347 3.612574 0.092703
1.348 3.612498 0.092504
1.349 3.612422 0.092306
1.350 3.612345 0.092108
1.351 3.612269 0.091910
1.352 3.612197 0.091746
1.353 3.612125 0.091583
1.354 3.612053 0.091419
1.355 3.611981 0.091255
1.356 3.611909 0.091091
1.357 3.611836 0.090927
1.358 3.611764 0.090763
1.359 3.611696 0.090571
1.360 3.611629 0.090360
1.361 3.611562 0.090149
1.362 3.611495 0.089939
1.363 3.611429 0.089728
1.364 3.611362 0.089518
1.365 3.611295 0.089307
1.366 3.611229 0.089101
1.367 3.611170 0.088924
1.368 3.611110 0.088747
1.369 3.611051 0.088570
1.370 3.610991 0.088392
1.371 3.610932 0.088215
1.372 3.610872 0.088038
1.373 3.610813 0.087860
1.374 3.610757 0.087671
1.375 3.610705 0.087472
1.376 3.610653 0.087274
1.377 3.610602 0.087075
1.378 3.610550 0.086876
1.379 3.610498 0.086678
1.380 3.610446 0.086479
1.381 3.610394 0.086280
1.382 3.610360 0.086055
1.383 3.610329 0.085827
1.384 3.610298 0.085599
1.385 3.610266 0.085371
1.386 3.610235 0.085143
1.387 3.610204 0.084915
1.388 3.610172 0.084687
1.389 3.610143 0.084456
1.390 3.610123 0.084212
1.391 3.610103 0.083968
1.392 3.610083 0.083723
1.393 3.610063 0.083479
1.394 3.610043 0.083235
1.395 3.610024 0.082990
1.396 3.610004 0.082746
1.397 3.609988 0.082478
1.398 3.609981 0.082164
1.399 3.609974 0.081849
1.400 3.609967 0.081535
1.401 3.609960 0.081221
1.402 3.609953 0.080907
1.403 3.609947 0.080592
1.404 3.609940 0.080278
1.405 3.609947 0.079982
1.406 3.609973 0.079710
1.407 3.610000 0.079438
1.408 3.610026 0.079166
1.409 3.610053 0.078894
1.410 3.610080 0.078622
1.411 3.610106 0.078350
1.412 3.610133 0.078078
1.413 3.610174 0.077807
1.414 3.610237 0.077539
1.415 3.610300 0.077270
1.416 3.610363 0.077002
1.417 3.610426 0.076733
1.418 3.610489 0.076465
1.419 3.610552 0.076196
1.420 3.610615 0.075928
1.421 3.610690 0.075646
1.422 3.610791 0.075335
1.423 3.610893 0.075024
1.424 3.610994 0.074713
1.425 3.611095 0.074402
1.426 3.611196 0.074091
1.427 3.611298 0.073780
1.428 3.611399 0.073470
1.429 3.611507 0.073161
1.430 3.611661 0.072867
1.431 3.611814 0.072574
1.432 3.611968 0.072280
1.433 3.612122 0.071986
1.434 3.612276 0.071693
1.435 3.612429 0.071399
1.436 3.612583 0.071105
1.437 3.612737 0.070811
1.438 3.612944 0.070439
1.439 3.613161 0.070051
1.440 3.613378 0.069663
1.441 3.613596 0.069275
1.442 3.613813 0.068887
1.443 3.614030 0.068500
1.444 3.614247 0.068112
1.445 3.614464 0.067724
1.446 3.614713 0.067336
1.447 3.615000 0.066949
1.448 3.615287 0.066561
1.449 3.615574 0.066174
1.450 3.615861 0.065786
1.451 3.616148 0.065399
1.452 3.616435 0.065011
1.453 3.616722 0.064623
1.454 3.617009 0.064236
1.455 3.617381 0.063816
1.456 3.617756 0.063395
1.457 3.618130 0.062974
1.458 3.618505 0.062554
1.459 3.618879 0.062133
1.460 3.619254 0.061712
1.461 3.619628 0.061291
1.462 3.620003 0.060871
1.463 3.620410 0.060424
1.464 3.620868 0.059938
1.465 3.621326 0.059452
1.466 3.621784 0.058966
1.467 3.622242 0.058481
1.468 3.622700 0.057995
1.469 3.623158 0.057509
1.470 3.623616 0.057023
1.471 3.624074 0.056537
1.472 3.624488 0.056001
1.473 3.624883 0.055444
1.474 3.625279 0.054887
1.475 3.625674 0.054330
1.476 3.626070 0.053773
1.477 3.626465 0.053216
1.478 3.626861 0.052659
1.479 3.627256 0.052102
1.480 3.627652 0.051545
1.481 3.627946 0.050932
1.482 3.628230 0.050315
1.483 3.628515 0.049697
1.484 3.628800 0.049080
1.485 3.629085 0.048462
1.486 3.629370 0.047845
1.487 3.629655 0.047228
1.488 3.629940 0.046610
1.489 3.630220 0.045989
1.490 3.630314 0.045229
1.491 3.630408 0.044469
1.492 3.630502 0.043709
1.493 3.630596 0.042949
1.494 3.630690 0.042189
1.495 3.630784 0.041430
1.496 3.630878 0.040670
1.497 3.630972 0.039910
1.498 3.631057 0.039146
1.499 3.630797 0.038215
1.500 3.630537 0.037285
1.501 3.630277 0.036355
1.502 3.630017 0.035424
1.503 3.629758 0.034494
1.504 3.629498 0.033564
1.505 3.629238 0.032634
1.506 3.628978 0.031703
1.507 3.628718 0.030773
1.508 3.628458 0.029843
1.509 3.628199 0.028913
1.510 3.627747 0.028030
1.511 3.627232 0.027163
1.512 3.626716 0.026297
1.513 3.626200 0.025430
1.514 3.625684 0.024564
1.515 3.625168 0.023697
1.516 3.624652 0.022831
1.517 3.624136 0.021964
1.518 3.623620 0.021097
1.519 3.623104 0.020231
1.520 3.622588 0.019364
1.521 3.622007 0.018564
1.522 3.621273 0.017922
1.523 3.620538 0.017280
1.524 3.619804 0.016584
1.525 3.619069 0.015832
1.526 3.618335 0.015090
1.527 3.617600 0.014358
1.528 3.616866 0.013635
1.529 3.616131 0.012922
1.530 3.615397 0.012217
1.531 3.614662 0.011522
1.532 3.613927 0.010837
1.533 3.613102 0.010309
1.534 3.612234 0.009860
1.535 3.611365 0.009417
1.536 3.610496 0.008980
1.537 3.609627 0.008548
1.538 3.608758 0.008122
1.539 3.607889 0.007702
1.540 3.607020 0.007286
1.541 3.606151 0.006877
1.542 3.605282 0.006472
1.543 3.604414 0.006073
1.544 3.603545 0.005680
1.545 3.602652 0.005416
1.546 3.601756 0.005174
1.547 3.600859 0.004935
1.548 3.599963 0.004700
1.549 3.599067 0.004467
1.550 3.598171 0.004237
1.551 3.597274 0.004011
1.552 3.596378 0.003787
1.553 3.595482 0.003566
1.554 3.594586 0.003349
1.555 3.593689 0.003134
1.556 3.592793 0.002921
1.557 3.591938 0.002787
1.558 3.591088 0.002663
1.559 3.590238 0.002542
1.560 3.589388 0.002421
1.561 3.588538 0.002303
1.562 3.587688 0.002186
1.563 3.586838 0.002070
1.564 3.585988 0.001956
1.565 3.585138 0.001844
1.566 3.584288 0.001733
1.567 3.583439 0.001623
1.568 3.582589 0.001515
1.569 3.581803 0.001439
1.570 3.581044 0.001377
1.571 3.580285 0.001316
1.572 3.579526 0.001255
1.573 3.578766 0.001196
1.574 3.578007 0.001137
1.575 3.577248 0.001079
1.576 3.576489 0.001021
1.577 3.575730 0.000964
1.578 3.574971 0.000908
1.579 3.574211 0.000853
1.580 3.573452 0.000799
1.581 3.572728 0.000752
1.582 3.572072 0.000721
1.583 3.571415 0.000690
1.584 3.570758 0.000659
1.585 3.570102 0.000629
1.586 3.569445 0.000599
1.587 3.568789 0.000570
1.588 3.568132 0.000541
1.589 3.567475 0.000512
1.590 3.566819 0.000484
1.591 3.566162 0.000456
1.592 3.565506 0.000428
1.593 3.564849 0.000401
1.594 3.564262 0.000383
1.595 3.563694 0.000367
1.596 3.563127 0.000351
1.597 3.562560 0.000336
1.598 3.561992 0.000321
1.599 3.561425 0.000306
1.600 3.560857 0.000291
1.601 3.560290 0.000276
1.602 3.559723 0.000262
1.603 3.559155 0.000248
1.604 3.558588 0.000234
1.605 3.558020 0.000220
1.606 3.557454 0.000206
1.607 3.556942 0.000198
1.608 3.556431 0.000189
1.609 3.555919 0.000181
1.610 3.555407 0.000172
1.611 3.554896 0.000164
1.612 3.554384 0.000156
1.613 3.553873 0.000148
1.614 3.553361 0.000140
1.615 3.552850 0.000132
1.616 3.552338 0.000124
1.617 3.551826 0.000117
1.618 3.551315 0.000109
1.619 3.550805 0.000102
1.620 3.550333 0.000098
1.621 3.549861 0.000094
1.622 3.549389 0.000090
1.623 3.548917 0.000086
1.624 3.548445 0.000082
1.625 3.547973 0.000078
1.626 3.547501 0.000075
1.627 3.547029 0.000071
1.628 3.546557 0.000067
1.629 3.546085 0.000064
1.630 3.545613 0.000060
1.631 3.545141 0.000057
1.632 3.544669 0.000053
1.633 3.544223 0.000051
1.634 3.543781 0.000049
1.635 3.543339 0.000047
1.636 3.542896 0.000045
1.637 3.542454 0.000043
1.638 3.542012 0.000041
1.639 3.541570 0.000040
1.640 3.541128 0.000038
1.641 3.540686 0.000036
1.642 3.540244 0.000034
1.643 3.539802 0.000032
1.644 3.539360 0.000031
1.645 3.538918 0.000029
1.646 3.538477 0.000028
1.647 3.538037 0.000026
1.648 3.537598 0.000025
1.649 3.537158 0.000024
1.650 3.536719 0.000023
1.651 3.536279 0.000022
1.652 3.535840 0.000021
1.653 3.535400 0.000021
1.654 3.534961 0.000020
1.655 3.534521 0.000019
1.656 3.534082 0.000018
1.657 3.533642 0.000017
1.658 3.533203 0.000016
1.659 3.532763 0.000015
1.660 3.532339 0.000014
1.661 3.531917 0.000014
1.662 3.531495 0.000013
1.663 3.531073 0.000012
1.664 3.530651 0.000011
1.665 3.530229 0.000011
1.666 3.529807 0.000010
1.667 3.529385 0.000009
1.668 3.528963 0.000009
1.669 3.528541 0.000008
1.670 3.528119 0.000007
1.671 3.527696 0.000007
1.672 3.527274 0.000006
1.673 3.526852 0.000005
1.674 3.526443 0.000005
1.675 3.526034 0.000005
1.676 3.525625 0.000004
1.677 3.525216 0.000004
1.678 3.524807 0.000003
1.679 3.524398 0.000003
1.680 3.523989 0.000003
1.681 3.523580 0.000002
1.682 3.523171 0.000002
1.683 3.522762 0.000001
1.684 3.522353 0.000001
1.685 3.521944 0.000001
1.686 3.521535 0.000000
1.687 3.521125 0.000000
1.688 3.520728 0.000000
1.689 3.520332 0.000000
1.690 3.519935 0.000000
1.691 3.519539 0.000000
1.692 3.519143 0.000000
1.693 3.518746 0.000000
1.694 3.518350 0.000000
1.695 3.517953 0.000000
1.696 3.517557 0.000000
1.697 3.517161 0.000000
1.698 3.516764 0.000000
1.699 3.516368 0.000000
1.700 3.515972 0.000000
1.701 3.515575 0.000000
1.702 3.515186 0.000000
1.703 3.514802 0.000000
1.704 3.514418 0.000000
1.705 3.514034 0.000000
1.706 3.513651 0.000000
1.707 3.513267 0.000000
1.708 3.512883 0.000000
1.709 3.512499 0.000000
1.710 3.512115 0.000000
1.711 3.511731 0.000000
1.712 3.511347 0.000000
1.713 3.510963 0.000000
1.714 3.510579 0.000000
1.715 3.510195 0.000000
1.716 3.509812 0.000000
1.717 3.509440 0.000000
1.718 3.509067 0.000000
1.719 3.508695 0.000000
1.720 3.508323 0.000000
1.721 3.507951 0.000000
1.722 3.507578 0.000000
1.723 3.507206 0.000000
1.724 3.506834 0.000000
1.725 3.506462 0.000000
1.726 3.506089 0.000000
1.727 3.505717 0.000000
1.728 3.505345 0.000000
1.729 3.504973 0.000000
1.730 3.504601 0.000000
1.731 3.504231 0.000000
1.732 3.503871 0.000000
1.733 3.503511 0.000000
1.734 3.503150 0.000000
1.735 3.502790 0.000000
1.736 3.502430 0.000000
1.737 3.502070 0.000000
1.738 3.501710 0.000000
1.739 3.501349 0.000000
1.740 3.500989 0.000000
1.741 3.500629 0.000000
1.742 3.500269 0.000000
1.743 3.499909 0.000000
1.744 3.499548 0.000000
1.745 3.499188 0.000000
1.746 3.498830 0.000000
1.747 3.498480 0.000000
1.748 3.498131 0.000000
1.749 3.497782 0.000000
1.750 3.497433 0.000000
1.751 3.497084 0.000000
1.752 3.496735 0.000000
1.753 3.496386 0.000000
1.754 3.496036 0.000000
1.755 3.495687 0.000000
1.756 3.495338 0.000000
1.757 3.494989 0.000000
1.758 3.494640 0.000000
1.759 3.494291 0.000000
1.760 3.493942 0.000000
1.761 3.493592 0.000000
1.762 3.493252 0.000000
1.763 3.492914 0.000000
1.764 3.492577 0.000000
1.765 3.492239 0.000000
1.766 3.491901 0.000000
1.767 3.491563 0.000000
1.768 3.491225 0.000000
1.769 3.490887 0.000000
1.770 3.490549 0.000000
1.771 3.490211 0.000000
1.772 3.489873 0.000000
1.773 3.489535 0.000000
1.774 3.489197 0.000000
1.775 3.488859 0.000000
1.776 3.488522 0.000000
1.777 3.488186 0.000000
1.778 3.487858 0.000000
1.779 3.487531 0.000000
1.780 3.487204 0.000000
1.781 3.486876 0.000000
1.782 3.486549 0.000000
1.783 3.486221 0.000000
1.784 3.485894 0.000000
1.785 3.485567 0.000000
1.786 3.485239 0.000000
1.787 3.484912 0.000000
1.788 3.484584 0.000000
1.789 3.484257 0.000000
1.790 3.483930 0.000000
1.791 3.483602 0.000000
1.792 3.483275 0.000000
1.793 3.482951 0.000000
1.794 3.482634 0.000000
1.795 3.482318 0.000000
1.796 3.482001 0.000000
1.797 3.481684 0.000000
1.798 3.481368 0.000000
1.799 3.481051 0.000000
1.800 3.480734 0.000000
1.801 3.480418 0.000000
1.802 3.480101 0.000000
1.803 3.479785 0.000000
1.804 3.479468 0.000000
1.805 3.479151 0.000000
1.806 3.478835 0.000000
1.807 3.478518 0.000000
1.808 3.478201 0.000000
1.809 3.477886 0.000000
1.810 3.477579 0.000000
1.811 3.477273 0.000000
1.812 3.476966 0.000000
1.813 3.476660 0.000000
1.814 3.476353 0.000000
1.815 3.476046 0.000000
1.816 3.475740 0.000000
1.817 3.475433 0.000000
1.818 3.475127 0.000000
1.819 3.474820 0.000000
1.820 3.474513 0.000000
1.821 3.474207 0.000000
1.822 3.473900 0.000000
1.823 3.473594 0.000000
1.824 3.473287 0.000000
1.825 3.472980 0.000000
1.826 3.472680 0.000000
1.827 3.472383 0.000000
1.828 3.472087 0.000000
1.829 3.471790 0.000000
1.830 3.471493 0.000000
1.831 3.471196 0.000000
1.832 3.470900 0.000000
1.833 3.470603 0.000000
1.834 3.470306 0.000000
1.835 3.470009 0.000000
1.836 3.469712 0.000000
1.837 3.469416 0.000000
1.838 3.469119 0.000000
1.839 3.468822 0.000000
1.840 3.468525 0.000000
1.841 3.468228 0.000000
1.842 3.467932 0.000000
1.843 3.467644 0.000000
1.844 3.467357 0.000000
1.845 3.467069 0.000000
1.846 3.466782 0.000000
1.847 3.466495 0.000000
1.848 3.466208 0.000000
1.849 3.465921 0.000000
1.850 3.465634 0.000000
1.851 3.465347 0.000000
1.852 3.465060 0.000000
1.853 3.464773 0.000000
1.854 3.464486 0.000000
1.855 3.464199 0.000000
1.856 3.463912 0.000000
1.857 3.463625 0.000000
1.858 3.463338 0.000000
1.859 3.463051 0.000000
1.860 3.462772 0.000000
1.861 3.462494 0.000000
1.862 3.462216 0.000000
1.863 3.461938 0.000000
1.864 3.461660 0.000000
1.865 3.461383 0.000000
1.866 3.461105 0.000000
1.867 3.460827 0.000000
1.868 3.460549 0.000000
1.869 3.460271 0.000000
1.870 3.459994 0.000000
1.871 3.459716 0.000000
1.872 3.459438 0.000000
1.873 3.459160 0.000000
1.874 3.458882 0.000000
1.875 3.458605 0.000000
1.876 3.458327 0.000000
1.877 3.458053 0.000000
1.878 3.457784 0.000000
1.879 3.457516 0.000000
1.880 3.457247 0.000000
1.881 3.456979 0.000000
1.882 3.456710 0.000000
1.883 3.456442 0.000000
1.884 3.456173 0.000000
1.885 3.455905 0.000000
1.886 3.455636 0.000000
1.887 3.455367 0.000000
1.888 3.455099 0.000000
1.889 3.454830 0.000000
1.890 3.454562 0.000000
1.891 3.454293 0.000000
1.892 3.454025 0.000000
1.893 3.453756 0.000000
1.894 3.453488 0.000000
1.895 3.453225 0.000000
1.896 3.452965 0.000000
1.897 3.452705 0.000000
1.898 3.452445 0.000000
1.899 3.452185 0.000000
1.900 3.451926 0.000000