0.253 1.827490 3.163745
0.254 1.868772 3.189169
0.255 1.900802 3.205401
0.256 1.933953 3.221135
0.257 1.973617 3.236809
0.258 2.014843 3.252421
0.259 2.053920 3.267973
0.260 2.090398 3.283466
0.261 2.136697 3.298899
0.262 2.178547 3.314273
0.263 2.218764 3.320857
0.264 2.264540 3.334847
0.265 2.310134 3.340000
0.266 2.360754 3.345189
0.267 2.410818 3.350000
0.268 2.455909 3.350000
0.269 2.501993 3.350000
0.270 2.555579 3.350000
0.271 2.600900 3.340684
0.272 2.654588 3.335137
0.273 2.698863 3.329979
0.274 2.752947 3.315684
0.275 2.797468 3.301039
0.276 2.850662 3.286446
0.277 2.894281 3.271868
0.278 2.937742 3.247419
0.279 2.981048 3.225968
0.280 3.024200 3.199130
0.281 3.067199 3.178534
0.282 3.109534 3.149973
0.283 3.142745 3.117255
0.284 3.177030 3.083147
0.285 3.215115 3.054885
0.286 3.243279 3.020166
0.287 3.271340 2.987833
0.288 3.299311 2.950689
0.289 3.326774 2.914636
0.290 3.344954 2.882569
0.291 3.366359 2.847324
0.292 3.389971 2.809923
0.293 3.403853 2.778406
0.294 3.417549 2.737352
0.295 3.431201 2.705729
0.296 3.444806 2.670388
0.297 3.450500 2.635404
0.298 3.460000 2.606243
0.299 3.465348 2.573957
0.300 3.470430 2.542461
0.301 3.480000 2.513556
0.302 3.480000 2.479032
0.303 3.480000 2.452456
0.304 3.480000 2.425962
0.305 3.480000 2.399553
0.306 3.480000 2.373237
0.307 3.480000 2.348877
0.308 3.475426 2.330852
0.309 3.470000 2.304792
0.310 3.468924 2.288330
0.311 3.460106 2.262915
0.312 3.460000 2.243552
0.313 3.450688 2.221377
0.314 3.450000 2.207864
0.315 3.445079 2.190158
0.316 3.439737 2.172338
0.317 3.430439 2.159636
0.318 3.426973 2.146973
0.319 3.420000 2.134350
0.320 3.419492 2.121767
0.321 3.410922 2.109224
0.322 3.406718 2.096718
0.323 3.400000 2.084253
0.324 3.391826 2.071826
0.325 3.389293 2.060145
0.326 3.380000 2.057086
0.327 3.374772 2.044772
0.328 3.370000 2.039750
0.329 3.368816 2.030258
0.330 3.360543 2.020543
0.331 3.355849 2.015849
0.332 3.350000 2.009900
0.333 3.349423 2.002251
0.334 3.341051 1.998568
0.335 3.340000 1.990252
0.336 3.335617 1.990000
0.337 3.330000 1.983734
0.338 3.329452 1.980000
0.339 3.321243 1.978639
0.340 3.320000 1.970519
0.341 3.316121 1.970000
0.342 3.310000 1.969966
0.343 3.310000 1.963024
0.344 3.309206 1.960000
0.345 3.300824 1.960000
0.346 3.300000 1.960000
0.347 3.300000 1.960000
0.348 3.300000 1.960000
0.349 3.300000 1.960000
0.350 3.291964 1.951964
0.351 3.290000 1.950000
0.352 3.290000 1.950000
0.353 3.290000 1.950000
0.354 3.290000 1.950000
0.355 3.290000 1.950000
0.356 3.290000 1.950000
0.357 3.290000 1.950000
0.358 3.290000 1.950000
0.359 3.290000 1.950000
0.360 3.290000 1.950000
0.361 3.290000 1.950000
0.362 3.290000 1.950000
0.363 3.290000 1.955140
0.364 3.290000 1.960000
0.365 3.290000 1.960000
0.366 3.290000 1.960000
0.367 3.290000 1.960000
0.368 3.290000 1.960000
0.369 3.291023 1.960000
0.370 3.299569 1.960000
0.371 3.300000 1.963180
0.372 3.300000 1.970000
0.373 3.300000 1.970000
0.374 3.305101 1.970000
0.375 3.310000 1.970000
0.376 3.310000 1.970000
0.377 3.310000 1.970458
0.378 3.310167 1.977735
0.379 3.318522 1.980000
0.380 3.320000 1.980000
0.381 3.320947 1.980000
0.382 3.329507 1.980713
0.383 3.330000 1.988803
0.384 3.331625 1.990000
0.385 3.339842 1.990000
0.386 3.340000 1.990000
0.387 3.342500 1.992500
0.388 3.349818 1.999818
0.389 3.350000 2.000000
0.390 3.353545 2.000000
0.391 3.359762 2.004079
0.392 3.364109 2.010000
0.393 3.370000 2.010000
0.394 3.370000 2.010000
0.395 3.374760 2.014760
0.396 3.379924 2.019924
0.397 3.385064 2.020000
0.398 3.389984 2.020000
0.399 3.395266 2.025266
0.400 3.400117 2.030000
0.401 3.405368 2.030000
0.402 3.410131 2.035251
0.403 3.415369 2.040000
0.404 3.425250 2.040084
0.405 3.430000 2.045272
0.406 3.435162 2.050000
0.407 3.440000 2.050000
0.408 3.444942 2.054942
0.409 3.454783 2.059981
0.410 3.464601 2.064601
0.411 3.469955 2.069955
0.412 3.474165 2.070000
0.413 3.483910 2.073953
0.414 3.493633 2.080001
0.415 3.500000 2.083331
0.416 3.503246 2.089763
0.417 3.512659 2.092659
0.418 3.522290 2.099336
0.419 3.531895 2.101895
0.420 3.544003 2.108957
0.421 3.561040 2.111040
0.422 3.570578 2.118712
0.423 3.580094 2.121234
0.424 3.590470 2.128703
0.425 3.606912 2.131202
0.426 3.618505 2.138505
0.427 3.635865 2.140810
0.428 3.654669 2.147335
0.429 3.666718 2.149998
0.430 3.682157 2.150000
0.431 3.700833 2.150000
0.432 3.719472 2.150000
0.433 3.738058 2.150000
0.434 3.756607 2.146275
0.435 3.777899 2.140227
0.436 3.803572 2.138214
0.437 3.821996 2.129002
0.438 3.840374 2.119813
0.439 3.857965 2.110645
0.440 3.869614 2.100386
0.441 3.885255 2.084745
0.442 3.896730 2.073270
0.443 3.911331 2.063868
0.444 3.924884 2.050232
0.445 3.933930 2.036439
0.446 3.939977 2.024066
0.447 3.941957 2.008043
0.448 3.948682 1.999058
0.449 3.950000 1.988651
0.450 3.950000 1.972302
0.451 3.957163 1.962837
0.452 3.960000 1.959519
0.453 3.960000 1.954439
0.454 3.960000 1.945572
0.455 3.960000 1.940061
0.456 3.960000 1.940000
0.457 3.960000 1.940000
0.458 3.960000 1.940000
0.459 3.960000 1.940000
0.460 3.960000 1.940000
0.461 3.965733 1.945733
0.462 3.970090 1.950090
0.463 3.973343 1.953343
0.464 3.982018 1.962018
0.465 3.988610 1.970674
0.466 3.990868 1.979309
0.467 4.005857 1.987929
0.468 4.016897 1.990368
0.469 4.030217 1.995109
0.470 4.047340 2.003670
0.471 4.064431 2.012216
0.472 4.081486 2.020743
0.473 4.099550 2.029251
0.474 4.123222 2.037741
0.475 4.148646 2.039929
0.476 4.174014 2.044644
0.477 4.199325 2.050000
0.478 4.226096 2.050000
0.479 4.259710 2.048481
0.480 4.293249 2.041688
0.481 4.326712 2.033322
0.482 4.360106 2.024973
0.483 4.393438 2.012838
0.484 4.426702 1.996649
0.485 4.458176 1.978338
0.486 4.485071 1.955243
0.487 4.516066 1.930450
0.488 4.543982 1.905706
0.489 4.568985 1.877461
0.490 4.591748 1.845170
0.491 4.608804 1.812392
0.492 4.625167 1.779667
0.493 4.641495 1.747010
0.494 4.653817 1.714423
0.495 4.664083 1.681907
0.496 4.680000 1.649460
0.497 4.680053 1.617064
0.498 4.686274 1.584736
0.499 4.690000 1.552493
0.500 4.690000 1.522714
0.501 4.690000 1.498080
0.502 4.690000 1.466093
0.503 4.683464 1.440623
0.504 4.680211 1.416610
0.505 4.677103 1.392705
0.506 4.669617 1.368850
0.507 4.661681 1.345042
0.508 4.653758 1.321274
0.509 4.650509 1.297553
0.510 4.646860 1.277021
0.511 4.640086 1.258391
0.512 4.632227 1.237277
0.513 4.624383 1.218767
0.514 4.616554 1.203107
0.515 4.608739 1.187477
0.516 4.599339 1.171879
0.517 4.587126 1.156311
0.518 4.575387 1.140775
0.519 4.567634 1.125269
0.520 4.559896 1.110284
0.521 4.552170 1.102180
0.522 4.544461 1.088700
0.523 4.536767 1.077487
0.524 4.529088 1.066662
0.525 4.521424 1.054038
0.526 4.513774 1.043517
0.527 4.506139 1.032278
0.528 4.498517 1.019184
0.529 4.490908 1.010908
0.530 4.483314 1.003263
0.531 4.475736 0.994833
0.532 4.468173 0.986088
0.533 4.460624 0.977687
0.534 4.453090 0.969441
0.535 4.445569 0.961569
0.536 4.440393 0.954061
0.537 4.438989 0.946566
0.538 4.433084 0.939087
0.539 4.425619 0.932101
0.540 4.418168 0.925351
0.541 4.410731 0.918658
0.542 4.403307 0.912054
0.543 4.396081 0.905717
0.544 4.390000 0.899799
0.545 4.390000 0.893893
0.546 4.383643 0.887997
0.547 4.376390 0.882112
0.548 4.369046 0.876237
0.549 4.362910 0.870492
0.550 4.359780 0.865079
0.551 4.356471 0.859967
0.552 4.349807 0.854865
0.553 4.343513 0.849772
0.554 4.339705 0.844688
0.555 4.338018 0.839613
0.556 4.330781 0.834547
0.557 4.323558 0.830135
0.558 4.320484 0.825394
0.559 4.317804 0.820623
0.560 4.312581 0.816176
0.561 4.310320 0.811872
0.562 4.306399 0.807577
0.563 4.300481 0.803289
0.564 4.294210 0.799008
0.565 4.289955 0.794738
0.566 4.287781 0.790691
0.567 4.283147 0.786897
0.568 4.279594 0.783002
0.569 4.277909 0.778927
0.570 4.271203 0.775363
0.571 4.270000 0.771256
0.572 4.266554 0.767379
0.573 4.260856 0.763850
0.574 4.260107 0.760345
0.575 4.255090 0.756846
0.576 4.251439 0.753354
0.577 4.249130 0.749866
0.578 4.244408 0.746385
0.579 4.241385 0.742911
0.580 4.238153 0.739442
0.581 4.234388 0.735979
0.582 4.230840 0.732522
0.583 4.227746 0.729072
0.584 4.224257 0.725727
0.585 4.220000 0.722546
0.586 4.220000 0.719581
0.587 4.218843 0.716328
0.588 4.216171 0.712941
0.589 4.210844 0.709676
0.590 4.208998 0.706764
0.591 4.205745 0.703716
0.592 4.199983 0.700422
0.593 4.199363 0.697709
0.594 4.195220 0.694977
0.595 4.190000 0.692120
0.596 4.190000 0.688757
0.597 4.190000 0.685898
0.598 4.187910 0.683207
0.599 4.181286 0.680519
0.600 4.180171 0.677837
0.601 4.180000 0.674899
0.602 4.180000 0.671604
0.603 4.174217 0.668849
0.604 4.170772 0.666152
0.605 4.170000 0.663491
0.606 4.170000 0.660836
0.607 4.166986 0.658184
0.608 4.161620 0.655536
0.609 4.160498 0.652894
0.610 4.157005 0.650256
0.611 4.151835 0.647621
0.612 4.150575 0.644992
0.613 4.150000 0.642367
0.614 4.149866 0.639758
0.615 4.144657 0.637663
0.616 4.141384 0.635377
0.617 4.140043 0.632902
0.618 4.140000 0.630303
0.619 4.137785 0.627703
0.620 4.132608 0.625107
0.621 4.130863 0.622516
0.622 4.130000 0.620098
0.623 4.130000 0.618038
0.624 4.130000 0.615672
0.625 4.128987 0.613190
0.626 4.123631 0.610620
0.627 4.120949 0.608385
0.628 4.120000 0.606355
0.629 4.120000 0.603883
0.630 4.117588 0.601377
0.631 4.111937 0.598826
0.632 4.110459 0.596756
0.633 4.110000 0.594678
0.634 4.110000 0.592182
0.635 4.106405 0.590025
0.636 4.100325 0.588101
0.637 4.100041 0.585618
0.638 4.100000 0.583302
0.639 4.100000 0.581377
0.640 4.099598 0.579093
0.641 4.098874 0.576653
0.642 4.093446 0.574690
0.643 4.090000 0.572571
0.644 4.090000 0.570182
0.645 4.090000 0.568058
0.646 4.089976 0.566047
0.647 4.088323 0.563726
0.648 4.085823 0.561556
0.649 4.081576 0.559696
0.650 4.080000 0.557697
0.651 4.080000 0.555616
0.652 4.077612 0.553418
0.653 4.074891 0.551285
0.654 4.071666 0.549440
0.655 4.070000 0.547439
0.656 4.070000 0.545271
0.657 4.070000 0.543167
0.658 4.069970 0.541085
0.659 4.065959 0.539255
0.660 4.062542 0.537425
0.661 4.060854 0.535600
0.662 4.060000 0.533539
0.663 4.060000 0.531239
0.664 4.060000 0.529228
0.665 4.060000 0.527328
0.666 4.054727 0.525512
0.667 4.050000 0.523701
0.668 4.050000 0.521895
0.669 4.050000 0.520056
0.670 4.050000 0.518157
0.671 4.049203 0.516067
0.672 4.047741 0.513817
0.673 4.044425 0.511901
0.674 4.040411 0.510109
0.675 4.040000 0.508322
0.676 4.040000 0.506535
0.677 4.040000 0.504753
0.678 4.040000 0.502973
0.679 4.040000 0.501196
0.680 4.038579 0.499420
0.681 4.034531 0.497648
0.682 4.031810 0.495879
0.683 4.030515 0.494111
0.684 4.030000 0.492347
0.685 4.030000 0.490585
0.686 4.029673 0.488826
0.687 4.029213 0.487069
0.688 4.025249 0.485315
0.689 4.020473 0.483562
0.690 4.020000 0.481814
0.691 4.020000 0.480066
0.692 4.020000 0.478323
0.693 4.019862 0.476580
0.694 4.016918 0.474842
0.695 4.014053 0.473104
0.696 4.011863 0.471371
0.697 4.010000 0.469639
0.698 4.010000 0.467911
0.699 4.010000 0.466183
0.700 4.010000 0.464460
0.701 4.009888 0.462738
0.702 4.009351 0.461019
0.703 4.007946 0.459301
0.704 4.003477 0.457587
0.705 4.000000 0.455875
0.706 4.000000 0.454166
0.707 4.000000 0.452515
0.708 4.000000 0.451079
0.709 3.999352 0.449636
0.710 3.995940 0.448162
0.711 3.992828 0.446653
0.712 3.991330 0.444959
0.713 3.990000 0.443266
0.714 3.990000 0.441577
0.715 3.990000 0.439892
0.716 3.990000 0.438289
0.717 3.990000 0.436685
0.718 3.988419 0.435401
0.719 3.986817 0.434121
0.720 3.983782 0.432483
0.721 3.980597 0.430808
0.722 3.980000 0.429137
0.723 3.980000 0.427468
0.724 3.980000 0.426085
0.725 3.980000 0.424821
0.726 3.979925 0.423365
0.727 3.979797 0.421776
0.728 3.977638 0.420201
0.729 3.973097 0.418644
0.730 3.970000 0.417173
0.731 3.970000 0.415889
0.732 3.970000 0.414547
0.733 3.970000 0.412901
0.734 3.970000 0.411255
0.735 3.966455 0.409969
0.736 3.962894 0.408685
0.737 3.961404 0.407197
0.738 3.960386 0.405663
0.739 3.960000 0.404118
0.740 3.960000 0.402565
0.741 3.960000 0.401136
0.742 3.960000 0.399882
0.743 3.959493 0.398608
0.744 3.956883 0.397248
0.745 3.954273 0.395887
0.746 3.952387 0.394460
0.747 3.950531 0.393029
0.748 3.950000 0.391785
0.749 3.950000 0.390616
0.750 3.950000 0.389294
0.751 3.950000 0.387786
0.752 3.949649 0.386322
0.753 3.947695 0.385059
0.754 3.945740 0.383795
0.755 3.943387 0.382495
0.756 3.940985 0.381190
0.757 3.940000 0.379800
0.758 3.940000 0.378349
0.759 3.940000 0.376979
0.760 3.940000 0.375821
0.761 3.940000 0.374663
0.762 3.938507 0.373254
0.763 3.936925 0.371829
0.764 3.934693 0.370473
0.765 3.932027 0.369162
0.766 3.930000 0.367875
0.767 3.930000 0.366663
0.768 3.930000 0.365451
0.769 3.929624 0.364346
0.770 3.929190 0.363258
0.771 3.927182 0.362013
0.772 3.923453 0.360598
0.773 3.920000 0.359192
0.774 3.920000 0.357901
0.775 3.920000 0.356609
0.776 3.920000 0.355381
0.777 3.920000 0.354186
0.778 3.919877 0.353015
0.779 3.919324 0.351928
0.780 3.918771 0.350840
0.781 3.915933 0.349527
0.782 3.912425 0.348147
0.783 3.910000 0.346876
0.784 3.910000 0.345851
0.785 3.910000 0.344825
0.786 3.910000 0.343802
0.787 3.910000 0.342780
0.788 3.909694 0.341626
0.789 3.908774 0.340209
0.790 3.907855 0.338791
0.791 3.905191 0.337704
0.792 3.902149 0.336688
0.793 3.900000 0.335673
0.794 3.900000 0.334660
0.795 3.900000 0.333647
0.796 3.900000 0.332609
0.797 3.900000 0.331563
0.798 3.899712 0.330457
0.799 3.898191 0.329100
0.800 3.896670 0.327742
0.801 3.894645 0.326602
0.802 3.892301 0.325599
0.803 3.890000 0.324596
0.804 3.890000 0.323597
0.805 3.890000 0.322597
0.806 3.890000 0.321599
0.807 3.890000 0.320602
0.808 3.890000 0.319605
0.809 3.888170 0.318611
0.810 3.885826 0.317618
0.811 3.883607 0.316625
0.812 3.882179 0.315636
0.813 3.880751 0.314646
0.814 3.880000 0.313612
0.815 3.880000 0.312528
0.816 3.880000 0.311444
0.817 3.880000 0.310222
0.818 3.880000 0.308964
0.819 3.879672 0.307733
0.820 3.876296 0.306753
0.821 3.872921 0.305773
0.822 3.870718 0.304794
0.823 3.870412 0.303817
0.824 3.870107 0.302839
0.825 3.870000 0.302004
0.826 3.870000 0.301245
0.827 3.870000 0.300486
0.828 3.870000 0.299670
0.829 3.870000 0.298847
0.830 3.869544 0.298006
0.831 3.865958 0.297038
0.832 3.862371 0.296071
0.833 3.860000 0.295105
0.834 3.860000 0.294141
0.835 3.860000 0.293177
0.836 3.860000 0.292215
0.837 3.860000 0.291254
0.838 3.860000 0.290293
0.839 3.859114 0.289335
0.840 3.857857 0.288377
0.841 3.856600 0.287419
0.842 3.854497 0.286465
0.843 3.852254 0.285510
0.844 3.850012 0.284556
0.845 3.850000 0.283950
0.846 3.850000 0.283346
0.847 3.850000 0.282704
0.848 3.850000 0.281756
0.849 3.850000 0.280808
0.850 3.849399 0.279860
0.851 3.846481 0.278916
0.852 3.843562 0.277972
0.853 3.841325 0.277124
0.854 3.840827 0.276522
0.855 3.840330 0.275920
0.856 3.840000 0.275205
0.857 3.840000 0.274267
0.858 3.840000 0.273329
0.859 3.839969 0.272395
0.860 3.839884 0.271469
0.861 3.839799 0.270543
0.862 3.838494 0.269740
0.863 3.835251 0.269132
0.864 3.832009 0.268525
0.865 3.830000 0.267795
0.866 3.830000 0.266867
0.867 3.830000 0.265939
0.868 3.830000 0.265127
0.869 3.830000 0.264530
0.870 3.830000 0.263933
0.871 3.829350 0.263302
0.872 3.827212 0.262594
0.873 3.825075 0.261886
0.874 3.823177 0.261155
0.875 3.822065 0.260347
0.876 3.820954 0.259540
0.877 3.820000 0.258740
0.878 3.820000 0.257986
0.879 3.820000 0.257232
0.880 3.820000 0.256477
0.881 3.820000 0.255724
0.882 3.820000 0.254971
0.883 3.820000 0.254218
0.884 3.817175 0.253608
0.885 3.814009 0.253016
0.886 3.810842 0.252424
0.887 3.810000 0.251788
0.888 3.810000 0.251136
0.889 3.810000 0.250484
0.890 3.810000 0.249771
0.891 3.810000 0.249007
0.892 3.810000 0.248244
0.893 3.809240 0.247590
0.894 3.807059 0.247141
0.895 3.804878 0.246691
0.896 3.802851 0.246204
0.897 3.801940 0.245449
0.898 3.801029 0.244693
0.899 3.800118 0.243938
0.900 3.800000 0.243286
0.901 3.800000 0.242650
0.902 3.800000 0.242014
0.903 3.799841 0.241424
0.904 3.799575 0.240864
0.905 3.799308 0.240305
0.906 3.798302 0.239730
0.907 3.795557 0.239118
0.908 3.792812 0.238506
0.909 3.790066 0.237894
0.910 3.790000 0.237321
0.911 3.790000 0.236748
0.912 3.790000 0.236175
0.913 3.790000 0.235686
0.914 3.790000 0.235246
0.915 3.790000 0.234806
0.916 3.789993 0.234291
0.917 3.789968 0.233558
0.918 3.789942 0.232826
0.919 3.789916 0.232093
0.920 3.787420 0.231615
0.921 3.784523 0.231179
0.922 3.781626 0.230742
0.923 3.780000 0.230306
0.924 3.780000 0.229871
0.925 3.780000 0.229436
0.926 3.780000 0.229002
0.927 3.780000 0.228568
0.928 3.780000 0.228135
0.929 3.780000 0.227701
0.930 3.778521 0.227121
0.931 3.775663 0.226404
0.932 3.772806 0.225686
0.933 3.770000 0.224974
0.934 3.770000 0.224544
0.935 3.770000 0.224114
0.936 3.770000 0.223683
0.937 3.770000 0.223254
0.938 3.770000 0.222826
0.939 3.770000 0.222397
0.940 3.770000 0.221969
0.941 3.768464 0.221542
0.942 3.766829 0.221115
0.943 3.765194 0.220688
0.944 3.763733 0.220262
0.945 3.762584 0.219837
0.946 3.761434 0.219411
0.947 3.760285 0.218986
0.948 3.760000 0.218562
0.949 3.760000 0.218139
0.950 3.760000 0.217715
0.951 3.760000 0.217292
0.952 3.760000 0.216870
0.953 3.760000 0.216448
0.954 3.760000 0.216026
0.955 3.759069 0.215604
0.956 3.757020 0.215184
0.957 3.754972 0.214764
0.958 3.752923 0.214343
0.959 3.751938 0.213924
0.960 3.751282 0.213505
0.961 3.750627 0.213087
0.962 3.750000 0.212678
0.963 3.750000 0.212495
0.964 3.750000 0.212312
0.965 3.750000 0.212129
0.966 3.750000 0.211887
0.967 3.750000 0.211504
0.968 3.750000 0.211121
0.969 3.750000 0.210738
0.970 3.748644 0.210339
0.971 3.746018 0.209925
0.972 3.743391 0.209511
0.973 3.740765 0.209097
0.974 3.740000 0.208797
0.975 3.740000 0.208542
0.976 3.740000 0.208287
0.977 3.740000 0.208033
0.978 3.740000 0.207731
0.979 3.740000 0.207423
0.980 3.740000 0.207114
0.981 3.740000 0.206805
0.982 3.740000 0.206396
0.983 3.740000 0.205987
0.984 3.740000 0.205578
0.985 3.739737 0.205196
0.986 3.737193 0.205043
0.987 3.734648 0.204890
0.988 3.732104 0.204737
0.989 3.730000 0.204540
0.990 3.730000 0.204134
0.991 3.730000 0.203729
0.992 3.730000 0.203323
0.993 3.730000 0.202971
0.994 3.730000 0.202817
0.995 3.730000 0.202663
0.996 3.730000 0.202509
0.997 3.729960 0.202300
0.998 3.729776 0.201893
0.999 3.729591 0.201486
1.000 3.729407 0.201079
1.001 3.729011 0.200666
1.002 3.727728 0.200234
1.003 3.726445 0.199801
1.004 3.725161 0.199368
1.005 3.723987 0.198946
1.006 3.723519 0.198599
1.007 3.723050 0.198251
1.008 3.722582 0.197904
1.009 3.722117 0.197570
1.010 3.721736 0.197544
1.011 3.721354 0.197517
1.012 3.720973 0.197491
1.013 3.720591 0.197465
1.014 3.720216 0.197333
1.015 3.719841 0.197192
1.016 3.719466 0.197050
1.017 3.719091 0.196909
1.018 3.718709 0.196657
1.019 3.718324 0.196371
1.020 3.717939 0.196085
1.021 3.717554 0.195798
1.022 3.717178 0.195537
1.023 3.716808 0.195294
1.024 3.716439 0.195051
1.025 3.716069 0.194809
1.026 3.715722 0.194492
1.027 3.715418 0.194032
1.028 3.715114 0.193571
1.029 3.714809 0.193110
1.030 3.714504 0.192657
1.031 3.714185 0.192300
1.032 3.713865 0.191942
1.033 3.713546 0.191584
1.034 3.713227 0.191226
1.035 3.712894 0.190972
1.036 3.712559 0.190748
1.037 3.712223 0.190523
1.038 3.711887 0.190299
1.039 3.711566 0.190108
1.040 3.711265 0.189960
1.041 3.710963 0.189811
1.042 3.710661 0.189662
1.043 3.710358 0.189502
1.044 3.710046 0.189191
1.045 3.709734 0.188881
1.046 3.709422 0.188570
1.047 3.709110 0.188259
1.048 3.708799 0.187916
1.049 3.708490 0.187555
1.050 3.708180 0.187194
1.051 3.707870 0.186833
1.052 3.707570 0.186511
1.053 3.707306 0.186329
1.054 3.707042 0.186148
1.055 3.706779 0.185966
1.056 3.706515 0.185785
1.057 3.706255 0.185590
1.058 3.705996 0.185390
1.059 3.705738 0.185191
1.060 3.705479 0.184991
1.061 3.705211 0.184742
1.062 3.704906 0.184311
1.063 3.704602 0.183880
1.064 3.704297 0.183450
1.065 3.703993 0.183019
1.066 3.703704 0.182649
1.067 3.703422 0.182311
1.068 3.703141 0.181973
1.069 3.702860 0.181636
1.070 3.702578 0.181294
1.071 3.702291 0.180879
1.072 3.702003 0.180464
1.073 3.701716 0.180049
1.074 3.701428 0.179635
1.075 3.701138 0.179250
1.076 3.700843 0.178908
1.077 3.700548 0.178566
1.078 3.700252 0.178224
1.079 3.699957 0.177883
1.080 3.699696 0.177552
1.081 3.699448 0.177225
1.082 3.699199 0.176899
1.083 3.698950 0.176572
1.084 3.698701 0.176247
1.085 3.698437 0.176111
1.086 3.698174 0.175975
1.087 3.697910 0.175838
1.088 3.697646 0.175702
1.089 3.697390 0.175525
1.090 3.697156 0.175221
1.091 3.696922 0.174917
1.092 3.696689 0.174614
1.093 3.696455 0.174310
1.094 3.696225 0.174000
1.095 3.695999 0.173681
1.096 3.695774 0.173362
1.097 3.695548 0.173043
1.098 3.695323 0.172725
1.099 3.695076 0.172304
1.100 3.694816 0.171815
1.101 3.694556 0.171326
1.102 3.694296 0.170837
1.103 3.694035 0.170348
1.104 3.693787 0.169830
1.105 3.693543 0.169299
1.106 3.693299 0.168768
1.107 3.693055 0.168237
1.108 3.692812 0.167706
1.109 3.692567 0.167304
1.110 3.692322 0.166939
1.111 3.692077 0.166575
1.112 3.691832 0.166210
1.113 3.691587 0.165846
1.114 3.691340 0.165625
1.115 3.691093 0.165441
1.116 3.690845 0.165258
1.117 3.690598 0.165074
1.118 3.690350 0.164891
1.119 3.690115 0.164645
1.120 3.689884 0.164380
1.121 3.689653 0.164115
1.122 3.689422 0.163851
1.123 3.689191 0.163586
1.124 3.688961 0.163244
1.125 3.688730 0.162869
1.126 3.688499 0.162494
1.127 3.688269 0.162120
1.128 3.688038 0.161745
1.129 3.687824 0.161405
1.130 3.687621 0.161089
1.131 3.687417 0.160773
1.132 3.687214 0.160457
1.133 3.687011 0.160142
1.134 3.686810 0.159797
1.135 3.686612 0.159414
1.136 3.686414 0.159030
1.137 3.686216 0.158647
1.138 3.686018 0.158263
1.139 3.685814 0.157894
1.140 3.685587 0.157574
1.141 3.685360 0.157255
1.142 3.685133 0.156936
1.143 3.684906 0.156616
1.144 3.684679 0.156297
1.145 3.684473 0.156095
1.146 3.684268 0.155899
1.147 3.684063 0.155702
1.148 3.683858 0.155505
1.149 3.683653 0.155309
1.150 3.683428 0.155039
1.151 3.683193 0.154729
1.152 3.682958 0.154419
1.153 3.682722 0.154110
1.154 3.682487 0.153800
1.155 3.682258 0.153502
1.156 3.682044 0.153231
1.157 3.681830 0.152960
1.158 3.681616 0.152689
1.159 3.681402 0.152417
1.160 3.681187 0.152146
1.161 3.681000 0.151844
1.162 3.680815 0.151537
1.163 3.680631 0.151231
1.164 3.680447 0.150924
1.165 3.680263 0.150618
1.166 3.680068 0.150301
1.167 3.679861 0.149971
1.168 3.679653 0.149641
1.169 3.679446 0.149311
1.170 3.679238 0.148980
1.171 3.679030 0.148650
1.172 3.678829 0.148385
1.173 3.678628 0.148125
1.174 3.678427 0.147866
1.175 3.678226 0.147606
1.176 3.678026 0.147346
1.177 3.677826 0.147131
1.178 3.677629 0.146994
1.179 3.677433 0.146858
1.180 3.677236 0.146721
1.181 3.677039 0.146584
1.182 3.676843 0.146447
1.183 3.676656 0.146322
1.184 3.676472 0.146202
1.185 3.676288 0.146081
1.186 3.676105 0.145960
1.187 3.675921 0.145839
1.188 3.675738 0.145716
1.189 3.675560 0.145572
1.190 3.675382 0.145427
1.191 3.675204 0.145282
1.192 3.675026 0.145137
1.193 3.674848 0.144993
1.194 3.674672 0.144844
1.195 3.674502 0.144687
1.196 3.674331 0.144531
1.197 3.674160 0.144374
1.198 3.673989 0.144217
1.199 3.673818 0.144061
1.200 3.673654 0.143927
1.201 3.673494 0.143811
1.202 3.673333 0.143694
1.203 3.673173 0.143577
1.204 3.673013 0.143460
1.205 3.672853 0.143343
1.206 3.672674 0.143213
1.207 3.672490 0.143077
1.208 3.672305 0.142941
1.209 3.672120 0.142806
1.210 3.671936 0.142670
1.211 3.671751 0.142535
1.212 3.671583 0.142463
1.213 3.671417 0.142401
1.214 3.671251 0.142340
1.215 3.671086 0.142279
1.216 3.670920 0.142217
1.217 3.670755 0.142156
1.218 3.670589 0.142028
1.219 3.670423 0.141893
1.220 3.670257 0.141758
1.221 3.670091 0.141623
1.222 3.669925 0.141488
1.223 3.669759 0.141353
1.224 3.669596 0.141156
1.225 3.669433 0.140953
1.226 3.669270 0.140750
1.227 3.669106 0.140547
1.228 3.668943 0.140344
1.229 3.668780 0.140141
1.230 3.668601 0.140063
1.231 3.668418 0.140011
1.232 3.668235 0.139958
1.233 3.668052 0.139905
1.234 3.667869 0.139853
1.235 3.667686 0.139800
1.236 3.667529 0.139732
1.237 3.667382 0.139659
1.238 3.667236 0.139586
1.239 3.667089 0.139512
1.240 3.666943 0.139439
1.241 3.666796 0.139365
1.242 3.666647 0.139238
1.243 3.666497 0.139061
1.244 3.666346 0.138884
1.245 3.666195 0.138707
1.246 3.666044 0.138530
1.247 3.665893 0.138352
1.248 3.665738 0.138197
1.249 3.665570 0.138104
1.250 3.665401 0.138010
1.251 3.665233 0.137917
1.252 3.665065 0.137823
1.253 3.664896 0.137730
1.254 3.664728 0.137636
1.255 3.664561 0.137488
1.256 3.664393 0.137337
1.257 3.664225 0.137186
1.258 3.664058 0.137036
1.259 3.663890 0.136885
1.260 3.663723 0.136734
1.261 3.663558 0.136527
1.262 3.663395 0.136278
1.263 3.663233 0.136029
1.264 3.663070 0.135779
1.265 3.662908 0.135530
1.266 3.662745 0.135281
1.267 3.662583 0.135057
1.268 3.662425 0.135002
1.269 3.662267 0.134948
1.270 3.662109 0.134893
1.271 3.661951 0.134839
1.272 3.661793 0.134784
1.273 3.661635 0.134730
1.274 3.661480 0.134686
1.275 3.661326 0.134650
1.276 3.661172 0.134613
1.277 3.661018 0.134576
1.278 3.660864 0.134540
1.279 3.660710 0.134503
1.280 3.660557 0.134463
1.281 3.660407 0.134350
1.282 3.660258 0.134237
1.283 3.660108 0.134124
1.284 3.659959 0.134011
1.285 3.659810 0.133898
1.286 3.659660 0.133785
1.287 3.659513 0.133661
1.288 3.659367 0.133518
1.289 3.659222 0.133376
1.290 3.659076 0.133233
1.291 3.658931 0.133090
1.292 3.658785 0.132948
1.293 3.658640 0.132805
1.294 3.658497 0.132672
1.295 3.658355 0.132542
1.296 3.658214 0.132412
1.297 3.658072 0.132282
1.298 3.657930 0.132153
1.299 3.657789 0.132023
1.300 3.657647 0.131893
1.301 3.657509 0.131784
1.302 3.657372 0.131678
1.303 3.657234 0.131572
1.304 3.657096 0.131466
1.305 3.656959 0.131360
1.306 3.656821 0.131253
1.307 3.656684 0.131150
1.308 3.656550 0.131109
1.309 3.656416 0.131069
1.310 3.656282 0.131028
1.311 3.656148 0.130988
1.312 3.656014 0.130947
1.313 3.655880 0.130907
1.314 3.655746 0.130855
1.315 3.655616 0.130708
1.316 3.655486 0.130562
1.317 3.655355 0.130416
1.318 3.655225 0.130270
1.319 3.655095 0.130124
1.320 3.654965 0.129977
1.321 3.654835 0.129829
1.322 3.654708 0.129662
1.323 3.654581 0.129495
1.324 3.654455 0.129328
1.325 3.654328 0.129161
1.326 3.654201 0.128993
1.327 3.654075 0.128826
1.328 3.653948 0.128658
1.329 3.653825 0.128433
1.330 3.653702 0.128208
1.331 3.653579 0.127983
1.332 3.653455 0.127758
1.333 3.653332 0.127533
1.334 3.653209 0.127308
1.335 3.653086 0.127083
1.336 3.652966 0.127014
1.337 3.652846 0.126969
1.338 3.652727 0.126923
1.339 3.652607 0.126878
1.340 3.652487 0.126832
1.341 3.652368 0.126787
1.342 3.652248 0.126741
1.343 3.652131 0.126653
1.344 3.652014 0.126539
1.345 3.651898 0.126426
1.346 3.651781 0.126313
1.347 3.651665 0.126200
1.348 3.651548 0.126087
1.349 3.651432 0.125973
1.350 3.651317 0.125832
1.351 3.651204 0.125631
1.352 3.651091 0.125430
1.353 3.650978 0.125230
1.354 3.650865 0.125029
1.355 3.650752 0.124828
1.356 3.650639 0.124627
1.357 3.650526 0.124427
1.358 3.650416 0.124168
1.359 3.650306 0.123905
1.360 3.650197 0.123642
1.361 3.650087 0.123380
1.362 3.649977 0.123117
1.363 3.649868 0.122854
1.364 3.649758 0.122591
1.365 3.649650 0.122410
1.366 3.649544 0.122325
1.367 3.649438 0.122239
1.368 3.649332 0.122153
1.369 3.649226 0.122068
1.370 3.649120 0.121982
1.371 3.649014 0.121896
1.372 3.648908 0.121810
1.373 3.648805 0.121760
1.374 3.648702 0.121712
1.375 3.648600 0.121665
1.376 3.648497 0.121618
1.377 3.648394 0.121571
1.378 3.648292 0.121524
1.379 3.648189 0.121476
1.380 3.648087 0.121427
1.381 3.647989 0.121372
1.382 3.647890 0.121317
1.383 3.647791 0.121261
1.384 3.647692 0.121206
1.385 3.647594 0.121151
1.386 3.647495 0.121096
1.387 3.647396 0.121041
1.388 3.647299 0.120888
1.389 3.647204 0.120653
1.390 3.647109 0.120418
1.391 3.647014 0.120183
1.392 3.646918 0.119948
1.393 3.646823 0.119713
1.394 3.646728 0.119478
1.395 3.646633 0.119243
1.396 3.646541 0.119063
1.397 3.646449 0.118904
1.398 3.646358 0.118745
1.399 3.646267 0.118586
1.400 3.646176 0.118426
1.401 3.646085 0.118267
1.402 3.645993 0.118108
1.403 3.645902 0.117949
1.404 3.645814 0.117741
1.405 3.645727 0.117523
1.406 3.645640 0.117305
1.407 3.645552 0.117088
1.408 3.645465 0.116870
1.409 3.645377 0.116652
1.410 3.645290 0.116434
1.411 3.645203 0.116217
1.412 3.645119 0.116006
1.413 3.645035 0.115797
1.414 3.644952 0.115588
1.415 3.644869 0.115380
1.416 3.644785 0.115171
1.417 3.644702 0.114962
1.418 3.644618 0.114753
1.419 3.644535 0.114544
1.420 3.644455 0.114331
1.421 3.644376 0.114117
1.422 3.644297 0.113903
1.423 3.644217 0.113689
1.424 3.644138 0.113475
1.425 3.644059 0.113261
1.426 3.643980 0.113047
1.427 3.643901 0.112833
1.428 3.643824 0.112654
1.429 3.643749 0.112500
1.430 3.643674 0.112346
1.431 3.643599 0.112192
1.432 3.643524 0.112039
1.433 3.643449 0.111885
1.434 3.643373 0.111731
1.435 3.643298 0.111577
1.436 3.643225 0.111426
1.437 3.643154 0.111278
1.438 3.643083 0.111130
1.439 3.643013 0.110983
1.440 3.642942 0.110835
1.441 3.642871 0.110687
1.442 3.642800 0.110539
1.443 3.642730 0.110392
1.444 3.642659 0.110244
1.445 3.642593 0.110056
1.446 3.642526 0.109865
1.447 3.642460 0.109674
1.448 3.642394 0.109483
1.449 3.642328 0.109292
1.450 3.642261 0.109101
1.451 3.642195 0.108910
1.452 3.642129 0.108719
1.453 3.642065 0.108531
1.454 3.642003 0.108346
1.455 3.641941 0.108161
1.456 3.641879 0.107976
1.457 3.641817 0.107791
1.458 3.641755 0.107606
1.459 3.641694 0.107421
1.460 3.641632 0.107236
1.461 3.641570 0.107051
1.462 3.641512 0.106851
1.463 3.641455 0.106649
1.464 3.641398 0.106447
1.465 3.641341 0.106245
1.466 3.641284 0.106043
1.467 3.641227 0.105841
1.468 3.641170 0.105640
1.469 3.641112 0.105438
1.470 3.641057 0.105240
1.471 3.641005 0.105055
1.472 3.640953 0.104869
1.473 3.640902 0.104684
1.474 3.640850 0.104499
1.475 3.640799 0.104313
1.476 3.640747 0.104128
1.477 3.640696 0.103943
1.478 3.640644 0.103758
1.479 3.640595 0.103599
1.480 3.640549 0.103470
1.481 3.640504 0.103340
1.482 3.640458 0.103211
1.483 3.640412 0.103081
1.484 3.640366 0.102952
1.485 3.640320 0.102822
1.486 3.640274 0.102693
1.487 3.640229 0.102563
1.488 3.640187 0.102377
1.489 3.640147 0.102153
1.490 3.640107 0.101930
1.491 3.640067 0.101706
1.492 3.640028 0.101483
1.493 3.639988 0.101259
1.494 3.639948 0.101036
1.495 3.639908 0.100812
1.496 3.639869 0.100589
1.497 3.639833 0.100406
1.498 3.639800 0.100248
1.499 3.639767 0.100090
1.500 3.639734 0.099932
1.501 3.639701 0.099774
1.502 3.639668 0.099616
1.503 3.639636 0.099458
1.504 3.639603 0.099300
1.505 3.639570 0.099142
1.506 3.639541 0.098967
1.507 3.639516 0.098777
1.508 3.639491 0.098588
1.509 3.639466 0.098398
1.510 3.639441 0.098208
1.511 3.639416 0.098019
1.512 3.639391 0.097829
1.513 3.639366 0.097639
1.514 3.639341 0.097450
1.515 3.639319 0.097253
1.516 3.639303 0.097043
1.517 3.639287 0.096832
1.518 3.639271 0.096621
1.519 3.639255 0.096411
1.520 3.639239 0.096200
1.521 3.639223 0.095989
1.522 3.639207 0.095779
1.523 3.639191 0.095568
1.524 3.639176 0.095357
1.525 3.639170 0.095118
1.526 3.639164 0.094879
1.527 3.639159 0.094640
1.528 3.639153 0.094401
1.529 3.639147 0.094162
1.530 3.639141 0.093923
1.531 3.639136 0.093684
1.532 3.639130 0.093445
1.533 3.639124 0.093206
1.534 3.639126 0.092896
1.535 3.639132 0.092534
1.536 3.639138 0.092173
1.537 3.639145 0.091812
1.538 3.639151 0.091451
1.539 3.639157 0.091090
1.540 3.639164 0.090729
1.541 3.639170 0.090368
1.542 3.639176 0.090006
1.543 3.639183 0.089649
1.544 3.639204 0.089380
1.545 3.639225 0.089112
1.546 3.639246 0.088843
1.547 3.639267 0.088575
1.548 3.639288 0.088306
1.549 3.639308 0.088038
1.550 3.639329 0.087769
1.551 3.639350 0.087501
1.552 3.639371 0.087232
1.553 3.639399 0.086976
1.554 3.639437 0.086741
1.555 3.639476 0.086505
1.556 3.639515 0.086270
1.557 3.639554 0.086035
1.558 3.639593 0.085800
1.559 3.639632 0.085565
1.560 3.639671 0.085329
1.561 3.639709 0.085094
1.562 3.639748 0.084859
1.563 3.639800 0.084594
1.564 3.639862 0.084306
1.565 3.639924 0.084019
1.566 3.639986 0.083731
1.567 3.640048 0.083444
1.568 3.640110 0.083156
1.569 3.640172 0.082869
1.570 3.640234 0.082581
1.571 3.640295 0.082294
1.572 3.640357 0.082006
1.573 3.640439 0.081743
1.574 3.640532 0.081492
1.575 3.640624 0.081241
1.576 3.640717 0.080990
1.577 3.640809 0.080739
1.578 3.640902 0.080488
1.579 3.640994 0.080237
1.580 3.641087 0.079987
1.581 3.641179 0.079736
1.582 3.641272 0.079485
1.583 3.641391 0.079152
1.584 3.641525 0.078769
1.585 3.641660 0.078386
1.586 3.641794 0.078003
1.587 3.641929 0.077620
1.588 3.642063 0.077237
1.589 3.642198 0.076854
1.590 3.642333 0.076472
1.591 3.642467 0.076089
1.592 3.642602 0.075706
1.593 3.642763 0.075334
1.594 3.642956 0.074974
1.595 3.643148 0.074615
1.596 3.643341 0.074255
1.597 3.643534 0.073896
1.598 3.643727 0.073536
1.599 3.643920 0.073177
1.600 3.644112 0.072817
1.601 3.644305 0.072458
1.602 3.644498 0.072098
1.603 3.644703 0.071733
1.604 3.644973 0.071337
1.605 3.645243 0.070941
1.606 3.645513 0.070545
1.607 3.645783 0.070149
1.608 3.646052 0.069753
1.609 3.646322 0.069357
1.610 3.646592 0.068961
1.611 3.646862 0.068565
1.612 3.647132 0.068169
1.613 3.647402 0.067773
1.614 3.647737 0.067332
1.615 3.648097 0.066873
1.616 3.648458 0.066414
1.617 3.648818 0.065955
1.618 3.649178 0.065496
1.619 3.649538 0.065037
1.620 3.649899 0.064578
1.621 3.650259 0.064119
1.622 3.650619 0.063660
1.623 3.650979 0.063201
1.624 3.651352 0.062732
1.625 3.651793 0.062206
1.626 3.652235 0.061679
1.627 3.652676 0.061153
1.628 3.653118 0.060626
1.629 3.653559 0.060100
1.630 3.654001 0.059573
1.631 3.654442 0.059047
1.632 3.654884 0.058520
1.633 3.655325 0.057994
1.634 3.655767 0.057467
1.635 3.656221 0.056933
1.636 3.656693 0.056389
1.637 3.657165 0.055844
1.638 3.657636 0.055300
1.639 3.658108 0.054755
1.640 3.658579 0.054211
1.641 3.659051 0.053667
1.642 3.659522 0.053122
1.643 3.659994 0.052578
1.644 3.660465 0.052033
1.645 3.660937 0.051489
1.646 3.661365 0.050880
1.647 3.661761 0.050225
1.648 3.662157 0.049571
1.649 3.662553 0.048916
1.650 3.662949 0.048261
1.651 3.663345 0.047606
1.652 3.663741 0.046951
1.653 3.664137 0.046297
1.654 3.664533 0.045642
1.655 3.664929 0.044987
1.656 3.665325 0.044332
1.657 3.665602 0.043612
1.658 3.665795 0.042844
1.659 3.665988 0.042076
1.660 3.666182 0.041308
1.661 3.666375 0.040541
1.662 3.666568 0.039773
1.663 3.666761 0.039005
1.664 3.666954 0.038237
1.665 3.667147 0.037469
1.666 3.667340 0.036702
1.667 3.667533 0.035934
1.668 3.667594 0.035148
1.669 3.667483 0.034339
1.670 3.667372 0.033531
1.671 3.667261 0.032722
1.672 3.667150 0.031913
1.673 3.667039 0.031104
1.674 3.666928 0.030295
1.675 3.666817 0.029487
1.676 3.666706 0.028678
1.677 3.666595 0.027869
1.678 3.666485 0.027060
1.679 3.666327 0.026258
1.680 3.665880 0.025497
1.681 3.665432 0.024736
1.682 3.664985 0.023975
1.683 3.664537 0.023214
1.684 3.664090 0.022453
1.685 3.663642 0.021692
1.686 3.663195 0.020931
1.687 3.662747 0.020170
1.688 3.662300 0.019409
1.689 3.661852 0.018648
1.690 3.661405 0.017887
1.691 3.660764 0.017244
1.692 3.660034 0.016654
1.693 3.659304 0.016065
1.694 3.658574 0.015475
1.695 3.657845 0.014886
1.696 3.657115 0.014296
1.697 3.656385 0.013707
1.698 3.655655 0.013117
1.699 3.654925 0.012528
1.700 3.654196 0.011938
1.701 3.653466 0.011349
1.702 3.652725 0.010774
1.703 3.651849 0.010386
1.704 3.650973 0.009997
1.705 3.650097 0.009608
1.706 3.649221 0.009219
1.707 3.648345 0.008830
1.708 3.647469 0.008441
1.709 3.646593 0.008052
1.710 3.645717 0.007663
1.711 3.644841 0.007274
1.712 3.643965 0.006885
1.713 3.643089 0.006496
1.714 3.642206 0.006159
1.715 3.641308 0.005940
1.716 3.640409 0.005720
1.717 3.639511 0.005501
1.718 3.638613 0.005281
1.719 3.637715 0.005062
1.720 3.636816 0.004843
1.721 3.635918 0.004623
1.722 3.635020 0.004404
1.723 3.634121 0.004184
1.724 3.633223 0.003965
1.725 3.632325 0.003745
1.726 3.631452 0.003562
1.727 3.630623 0.003437
1.728 3.629794 0.003313
1.729 3.628965 0.003189
1.730 3.628135 0.003064
1.731 3.627306 0.002940
1.732 3.626477 0.002816
1.733 3.625648 0.002691
1.734 3.624818 0.002567
1.735 3.623989 0.002443
1.736 3.623160 0.002318
1.737 3.622331 0.002194
1.738 3.621530 0.002084
1.739 3.620803 0.002011
1.740 3.620077 0.001939
1.741 3.619350 0.001867
1.742 3.618624 0.001794
1.743 3.617897 0.001722
1.744 3.617171 0.001649
1.745 3.616445 0.001577
1.746 3.615718 0.001504
1.747 3.614992 0.001432
1.748 3.614265 0.001360
1.749 3.613539 0.001287
1.750 3.612812 0.001215
1.751 3.612194 0.001174
1.752 3.611576 0.001134
1.753 3.610958 0.001093
1.754 3.610340 0.001052
1.755 3.609722 0.001012
1.756 3.609104 0.000971
1.757 3.608486 0.000931
1.758 3.607868 0.000890
1.759 3.607250 0.000850
1.760 3.606632 0.000809
1.761 3.606014 0.000768
1.762 3.605395 0.000728
1.763 3.604823 0.000697
1.764 3.604289 0.000673
1.765 3.603754 0.000649
1.766 3.603219 0.000625
1.767 3.602684 0.000602
1.768 3.602149 0.000578
1.769 3.601614 0.000554
1.770 3.601079 0.000531
1.771 3.600544 0.000507
1.772 3.600009 0.000483
1.773 3.599474 0.000459
1.774 3.598940 0.000436
1.775 3.598405 0.000412
1.776 3.597933 0.000398
1.777 3.597466 0.000384
1.778 3.596999 0.000371
1.779 3.596532 0.000358
1.780 3.596065 0.000344
1.781 3.595598 0.000331
1.782 3.595131 0.000318
1.783 3.594664 0.000304
1.784 3.594197 0.000291
1.785 3.593730 0.000278
1.786 3.593264 0.000265
1.787 3.592797 0.000251
1.788 3.592335 0.000239
1.789 3.591914 0.000231
1.790 3.591492 0.000223
1.791 3.591070 0.000215
1.792 3.590649 0.000208
1.793 3.590227 0.000200
1.794 3.589805 0.000192
1.795 3.589384 0.000185
1.796 3.588962 0.000177
1.797 3.588540 0.000169
1.798 3.588119 0.000161
1.799 3.587697 0.000154
1.800 3.587275 0.000146
1.801 3.586852 0.000139
1.802 3.586418 0.000134
1.803 3.585985 0.000130
1.804 3.585551 0.000125
1.805 3.585117 0.000121
1.806 3.584683 0.000117
1.807 3.584249 0.000112
1.808 3.583816 0.000108
1.809 3.583382 0.000104
1.810 3.582948 0.000099
1.811 3.582514 0.000095
1.812 3.582081 0.000090
1.813 3.581647 0.000086
1.814 3.581213 0.000082
1.815 3.580799 0.000078
1.816 3.580385 0.000074
1.817 3.579972 0.000071
1.818 3.579559 0.000067
1.819 3.579145 0.000063
1.820 3.578732 0.000060
1.821 3.578318 0.000056
1.822 3.577905 0.000052
1.823 3.577492 0.000049
1.824 3.577078 0.000045
1.825 3.576665 0.000041
1.826 3.576252 0.000038
1.827 3.575838 0.000034
1.828 3.575431 0.000031
1.829 3.575029 0.000029
1.830 3.574627 0.000026
1.831 3.574225 0.000024
1.832 3.573822 0.000021
1.833 3.573420 0.000019
1.834 3.573018 0.000017
1.835 3.572616 0.000014
1.836 3.572214 0.000012
1.837 3.571811 0.000010
1.838 3.571409 0.000007
1.839 3.571007 0.000005
1.840 3.570605 0.000002
1.841 3.570202 0.000000
1.842 3.569811 0.000000
1.843 3.569420 0.000000
1.844 3.569028 0.000000
1.845 3.568637 0.000000
1.846 3.568246 0.000000
1.847 3.567854 0.000000
1.848 3.567463 0.000000
1.849 3.567072 0.000000
1.850 3.566680 0.000000
1.851 3.566289 0.000000
1.852 3.565898 0.000000
1.853 3.565506 0.000000
1.854 3.565115 0.000000
1.855 3.564726 0.000000
1.856 3.564345 0.000000
1.857 3.563965 0.000000
1.858 3.563584 0.000000
1.859 3.563204 0.000000
1.860 3.562823 0.000000
1.861 3.562443 0.000000
1.862 3.562062 0.000000
1.863 3.561682 0.000000
1.864 3.561301 0.000000
1.865 3.560921 0.000000
1.866 3.560540 0.000000
1.867 3.560160 0.000000
1.868 3.559779 0.000000
1.869 3.559401 0.000000
1.870 3.559031 0.000000
1.871 3.558661 0.000000
1.872 3.558291 0.000000
1.873 3.557921 0.000000
1.874 3.557551 0.000000
1.875 3.557181 0.000000
1.876 3.556811 0.000000
1.877 3.556441 0.000000
1.878 3.556070 0.000000
1.879 3.555700 0.000000
1.880 3.555330 0.000000
1.881 3.554960 0.000000
1.882 3.554590 0.000000
1.883 3.554220 0.000000
1.884 3.553860 0.000000
1.885 3.553500 0.000000
1.886 3.553140 0.000000
1.887 3.552780 0.000000
1.888 3.552420 0.000000
1.889 3.552060 0.000000
1.890 3.551701 0.000000
1.891 3.551341 0.000000
1.892 3.550981 0.000000
1.893 3.550621 0.000000
1.894 3.550261 0.000000
1.895 3.549901 0.000000
1.896 3.549541 0.000000
1.897 3.549181 0.000000
1.898 3.548827 0.000000
1.899 3.548477 0.000000
1.900 3.548127 0.000000