0.253 2.209347 3.324809
0.258 2.491791 3.364725
0.263 2.828542 3.355532
0.268 3.171110 3.193784
0.273 3.394775 2.933015
0.278 3.497075 2.673891
0.283 3.530576 2.453311
0.288 3.525088 2.270462
0.293 3.495457 2.124561
0.298 3.450466 2.014234
0.303 3.400253 1.931789
0.308 3.354427 1.876218
0.313 3.311295 1.836567
0.318 3.278004 1.812792
0.323 3.252014 1.798545
0.328 3.232045 1.794527
0.333 3.219253 1.792917
0.338 3.213469 1.797398
0.343 3.209615 1.807867
0.348 3.214039 1.819738
0.353 3.222292 1.832945
0.358 3.236087 1.850761
0.363 3.251280 1.868641
0.368 3.274814 1.891022
0.373 3.303223 1.916589
0.378 3.337890 1.944988
0.383 3.387097 1.976769
0.388 3.453805 2.005351
0.393 3.540382 2.009048
0.398 3.606999 1.987028
0.403 3.643347 1.972541
0.408 3.677438 1.992120
0.413 3.750198 2.039574
0.418 3.878683 2.079221
0.423 4.043288 2.071192
0.428 4.207429 2.018162
0.433 4.367195 1.918306
0.438 4.497883 1.760682
0.443 4.568186 1.571714
0.448 4.572037 1.394036
0.453 4.540932 1.247367
0.458 4.494594 1.134543
0.463 4.443988 1.044664
0.468 4.397151 0.971357
0.473 4.352017 0.912754
0.478 4.311490 0.862602
0.483 4.273593 0.819835
0.488 4.240129 0.782494
0.493 4.208923 0.749536
0.498 4.179306 0.720146
0.503 4.152772 0.693607
0.508 4.127552 0.669181
0.513 4.105843 0.646486
0.518 4.082373 0.625558
0.523 4.063717 0.605915
0.528 4.045234 0.587359
0.533 4.026292 0.569972
0.538 4.008403 0.553527
0.543 3.993320 0.538041
0.548 3.977696 0.523218
0.553 3.963513 0.509163
0.558 3.949222 0.495665
0.563 3.934362 0.482996
0.568 3.921594 0.470819
0.573 3.909162 0.459180
0.578 3.897007 0.447819
0.583 3.886374 0.437258
0.588 3.874688 0.427020
0.593 3.863182 0.417079
0.598 3.854783 0.407409
0.603 3.844366 0.398391
0.608 3.835093 0.389437
0.613 3.825063 0.380983
0.618 3.815404 0.372939
0.623 3.805303 0.364993
0.628 3.798398 0.357321
0.633 3.790829 0.350080
0.638 3.781949 0.342964
0.643 3.773056 0.336011
0.648 3.764511 0.329346
0.653 3.757929 0.322842
0.658 3.751348 0.316704
0.663 3.743273 0.310746
0.668 3.735318 0.304756
0.673 3.730590 0.299321
0.678 3.723550 0.293704
0.683 3.715913 0.288251
0.688 3.709830 0.283519
0.693 3.704836 0.278401
0.698 3.697829 0.273652
0.703 3.691733 0.269066
0.708 3.686753 0.264512
0.713 3.680668 0.260228
0.718 3.674053 0.256111
0.723 3.669441 0.252073
0.728 3.664297 0.248132
0.733 3.657698 0.244545
0.738 3.653239 0.240883
0.743 3.648815 0.237440
0.748 3.643222 0.234105
0.753 3.639715 0.231086
0.758 3.633871 0.227799
0.763 3.629583 0.224953
0.768 3.625666 0.222134
0.773 3.620732 0.219364
0.778 3.617551 0.216951
0.783 3.612457 0.214412
0.788 3.609511 0.212139
0.793 3.604553 0.209915
0.798 3.602529 0.207615
0.803 3.598575 0.205040
0.808 3.595666 0.203301
0.813 3.593078 0.201281
0.818 3.590691 0.198822
0.823 3.588366 0.196628
0.828 3.586124 0.194640
0.833 3.583986 0.192473
0.838 3.581964 0.190365
0.843 3.579917 0.187853
0.848 3.577951 0.185380
0.853 3.576107 0.183327
0.858 3.574359 0.181206
0.863 3.572616 0.178503
0.868 3.570877 0.175732
0.873 3.569185 0.173725
0.878 3.567574 0.171442
0.883 3.566103 0.169051
0.888 3.564635 0.166795
0.893 3.563159 0.164752
0.898 3.561761 0.162575
0.903 3.560410 0.160306
0.908 3.559086 0.158404
0.913 3.557825 0.156854
0.918 3.556656 0.155282
0.923 3.555552 0.153713
0.928 3.554464 0.152250
0.933 3.553411 0.150834
0.938 3.552372 0.149188
0.943 3.551386 0.147849
0.948 3.550458 0.146300
0.953 3.549536 0.144742
0.958 3.548646 0.142975
0.963 3.547806 0.141556
0.968 3.547060 0.140283
0.973 3.546358 0.138840
0.978 3.545712 0.137283
0.983 3.545166 0.135724
0.988 3.544681 0.134218
0.993 3.544247 0.132686
0.998 3.543913 0.131128
1.003 3.543644 0.129581
1.008 3.543406 0.127963
1.013 3.543228 0.126256
1.018 3.543092 0.124517
1.023 3.542983 0.122828
1.028 3.542882 0.121075
1.033 3.542780 0.119234
1.038 3.542682 0.117335
1.043 3.542558 0.115355
1.048 3.542357 0.113206
1.053 3.542072 0.110894
1.058 3.541768 0.108598
1.063 3.541362 0.106362
1.068 3.540760 0.104038
1.073 3.540105 0.101658
1.078 3.539436 0.099260
1.083 3.538641 0.096929
1.088 3.537748 0.094679
1.093 3.536855 0.092463
1.098 3.535995 0.090226
1.103 3.535154 0.088043
1.108 3.534356 0.085864
1.113 3.533650 0.083674
1.118 3.533104 0.081455
1.123 3.532815 0.079342
1.128 3.532914 0.077109
1.133 3.533318 0.074822
1.138 3.534028 0.072452
1.143 3.535476 0.069831
1.148 3.537682 0.066821
1.153 3.540267 0.063508
1.158 3.542807 0.059892
1.163 3.544657 0.055805
1.168 3.545189 0.048537
1.173 3.544539 0.039808
1.178 3.543585 0.029525
1.183 3.539541 0.019820
1.188 3.534130 0.012607
1.193 3.527715 0.007660
1.198 3.520876 0.004988
1.203 3.513790 0.003236
1.208 3.506618 0.002036
1.213 3.499449 0.001300
1.218 3.493303 0.000876
1.223 3.487531 0.000580
1.228 3.482082 0.000386
1.233 3.477102 0.000260
1.238 3.472433 0.000170
1.243 3.468144 0.000113
1.248 3.464087 0.000079
1.253 3.460228 0.000053
1.258 3.456674 0.000036
1.263 3.453299 0.000025
1.268 3.450018 0.000017
1.273 3.446911 0.000012
1.278 3.443897 0.000008
1.283 3.440940 0.000005
1.288 3.438044 0.000004
1.293 3.435204 0.000003
1.298 3.432457 0.000002
1.303 3.429745 0.000001
1.308 3.427050 0.000001
1.313 3.424467 0.000001
1.318 3.421911 0.000000
1.323 3.419412 0.000000
1.328 3.416951 0.000000
1.333 3.414513 0.000000
1.338 3.412168 0.000000
1.343 3.409842 0.000000
1.348 3.407553 0.000000
1.353 3.405290 0.000000
1.358 3.403092 0.000000
1.363 3.400919 0.000000
1.368 3.398775 0.000000
1.373 3.396667 0.000000
1.378 3.394580 0.000000
1.383 3.392552 0.000000
1.388 3.390541 0.000000
1.393 3.388560 0.000000
1.398 3.386584 0.000000
1.403 3.384684 0.000000
1.408 3.382788 0.000000
1.413 3.380931 0.000000
1.418 3.379076 0.000000
1.423 3.377279 0.000000
1.428 3.375483 0.000000
1.433 3.373749 0.000000
1.438 3.372015 0.000000
1.443 3.370315 0.000000
1.448 3.368615 0.000000
1.453 3.366971 0.000000
1.458 3.365332 0.000000
1.463 3.363720 0.000000
1.468 3.362112 0.000000
1.473 3.360541 0.000000
1.478 3.358984 0.000000
1.483 3.357451 0.000000
1.488 3.355936 0.000000
1.493 3.354434 0.000000
1.498 3.352953 0.000000
1.503 3.351480 0.000000
1.508 3.350052 0.000000
1.513 3.348623 0.000000
1.518 3.347219 0.000000
1.523 3.345818 0.000000
1.528 3.344454 0.000000
1.533 3.343110 0.000000
1.538 3.341778 0.000000
1.543 3.340470 0.000000
1.548 3.339162 0.000000
1.553 3.337884 0.000000
1.558 3.336607 0.000000
1.563 3.335352 0.000000
1.568 3.334113 0.000000
1.573 3.332879 0.000000
1.578 3.331664 0.000000
1.583 3.330450 0.000000
1.588 3.329270 0.000000
1.593 3.328105 0.000000
1.598 3.326944 0.000000
1.603 3.325805 0.000000
1.608 3.324666 0.000000
1.613 3.323549 0.000000
1.618 3.322444 0.000000
1.623 3.321342 0.000000
1.628 3.320274 0.000000
1.633 3.319206 0.000000
1.638 3.318148 0.000000
1.643 3.317103 0.000000
1.648 3.316058 0.000000
1.653 3.315042 0.000000
1.658 3.314034 0.000000
1.663 3.313028 0.000000
1.668 3.312041 0.000000
1.673 3.311053 0.000000
1.678 3.310077 0.000000
1.683 3.309125 0.000000
1.688 3.308172 0.000000
1.693 3.307235 0.000000
1.698 3.306312 0.000000
1.703 3.305390 0.000000
1.708 3.304482 0.000000
1.713 3.303582 0.000000
1.718 3.302682 0.000000
1.723 3.301806 0.000000
1.728 3.300938 0.000000
1.733 3.300070 0.000000
1.738 3.299216 0.000000
1.743 3.298366 0.000000
1.748 3.297516 0.000000
1.753 3.296689 0.000000
1.758 3.295868 0.000000
1.763 3.295047 0.000000
1.768 3.294243 0.000000
1.773 3.293444 0.000000
1.778 3.292645 0.000000
1.783 3.291860 0.000000
1.788 3.291083 0.000000
1.793 3.290305 0.000000
1.798 3.289542 0.000000
1.803 3.288791 0.000000
1.808 3.288041 0.000000
1.813 3.287295 0.000000
1.818 3.286561 0.000000
1.823 3.285827 0.000000
1.828 3.285093 0.000000
1.833 3.284392 0.000000
1.838 3.283692 0.000000
1.843 3.282991 0.000000
1.848 3.282303 0.000000
1.853 3.281621 0.000000
1.858 3.280939 0.000000
1.863 3.280263 0.000000
1.868 3.279599 0.000000
1.873 3.278936 0.000000
1.878 3.278272 0.000000
1.883 3.277625 0.000000
1.888 3.276980 0.000000
1.893 3.276336 0.000000
1.898 3.275696 0.000000
1.903 3.275066 0.000000
1.908 3.274436 0.000000
1.913 3.273806 0.000000
1.918 3.273199 0.000000
1.923 3.272600 0.000000
1.928 3.272001 0.000000
1.933 3.271403 0.000000
1.938 3.270819 0.000000
1.943 3.270235 0.000000
1.948 3.269651 0.000000