0.253 2.414910 3.425855
0.258 2.754376 3.435490
0.263 3.179779 3.342728
0.268 3.530879 3.022698
0.273 3.654918 2.643602
0.278 3.641261 2.351914
0.283 3.583255 2.146524
0.288 3.512498 1.999344
0.293 3.440690 1.897287
0.298 3.373588 1.829369
0.303 3.316116 1.786661
0.308 3.270216 1.760882
0.313 3.234550 1.748094
0.318 3.208565 1.743176
0.323 3.189460 1.745261
0.328 3.179323 1.752491
0.333 3.172955 1.764586
0.338 3.174791 1.779416
0.343 3.180597 1.798960
0.348 3.192601 1.820913
0.353 3.210014 1.846493
0.358 3.234243 1.875333
0.363 3.266797 1.908780
0.368 3.313232 1.945100
0.373 3.375852 1.976543
0.378 3.445079 1.989618
0.383 3.498313 2.003420
0.388 3.559628 2.045911
0.393 3.668380 2.099567
0.398 3.829583 2.123131
0.403 4.000767 2.093254
0.408 4.170804 2.027460
0.413 4.342168 1.908530
0.418 4.472115 1.725092
0.423 4.525039 1.517827
0.428 4.512479 1.335783
0.433 4.470271 1.191475
0.438 4.417103 1.081668
0.443 4.365961 0.994150
0.448 4.316133 0.923739
0.453 4.270589 0.864914
0.458 4.227813 0.815433
0.463 4.189005 0.772856
0.468 4.153269 0.735916
0.473 4.120618 0.703137
0.478 4.090570 0.673889
0.483 4.062415 0.647179
0.488 4.036521 0.622626
0.493 4.012445 0.600120
0.498 3.990019 0.579136
0.503 3.967893 0.559692
0.508 3.947800 0.541489
0.513 3.928338 0.524466
0.518 3.909765 0.508619
0.523 3.892849 0.493670
0.528 3.875069 0.479670
0.533 3.859121 0.466522
0.538 3.844090 0.454119
0.543 3.829750 0.442309
0.548 3.815954 0.431296
0.553 3.802448 0.420808
0.558 3.789819 0.410793
0.563 3.777311 0.401313
0.568 3.765657 0.392338
0.573 3.754324 0.383817
0.578 3.743208 0.375718
0.583 3.732641 0.367921
0.588 3.722430 0.360553
0.593 3.712536 0.353459
0.598 3.703033 0.346629
0.603 3.693837 0.340099
0.608 3.684990 0.333769
0.613 3.677145 0.327806
0.618 3.669702 0.322040
0.623 3.661947 0.316547
0.628 3.654125 0.311171
0.633 3.646549 0.305904
0.638 3.639427 0.301092
0.643 3.632952 0.296194
0.648 3.626781 0.291616
0.653 3.620426 0.287136
0.658 3.614078 0.282817
0.663 3.607700 0.278668
0.668 3.601829 0.274637
0.673 3.597007 0.270776
0.678 3.591472 0.267024
0.683 3.586056 0.263376
0.688 3.580822 0.259893
0.693 3.576461 0.256573
0.698 3.571896 0.253245
0.703 3.566664 0.250126
0.708 3.562697 0.247043
0.713 3.558701 0.244179
0.718 3.554048 0.241309
0.723 3.550407 0.238597
0.728 3.546932 0.235975
0.733 3.543389 0.233097
0.738 3.540155 0.230694
0.743 3.537274 0.228180
0.748 3.534566 0.225401
0.753 3.531952 0.222987
0.758 3.529418 0.220385
0.763 3.527067 0.217910
0.768 3.524745 0.215166
0.773 3.522591 0.212526
0.778 3.520538 0.210111
0.783 3.518561 0.207342
0.788 3.516599 0.204473
0.793 3.514714 0.202083
0.798 3.512940 0.199445
0.803 3.511305 0.196841
0.808 3.509685 0.194407
0.813 3.508177 0.191896
0.818 3.506708 0.189385
0.823 3.505306 0.187197
0.828 3.503983 0.185078
0.833 3.502808 0.182947
0.838 3.501686 0.180917
0.843 3.500609 0.178776
0.848 3.499573 0.176736
0.853 3.498623 0.174622
0.858 3.497766 0.172461
0.863 3.496962 0.170262
0.868 3.496289 0.168297
0.873 3.495697 0.166212
0.878 3.495231 0.164025
0.883 3.494920 0.161833
0.888 3.494686 0.159626
0.893 3.494653 0.157314
0.898 3.494725 0.154966
0.903 3.494879 0.152456
0.908 3.495160 0.149742
0.913 3.495473 0.147010
0.918 3.495804 0.144011
0.923 3.496145 0.140782
0.928 3.496454 0.137435
0.933 3.496578 0.133693
0.938 3.496593 0.129731
0.943 3.496512 0.125788
0.948 3.495869 0.121627
0.953 3.495123 0.117397
0.958 3.494239 0.113201
0.963 3.492875 0.109179
0.968 3.491442 0.105206
0.973 3.489995 0.101317
0.978 3.488421 0.097789
0.983 3.486881 0.094307
0.988 3.485498 0.090870
0.993 3.484576 0.087895
0.998 3.483980 0.084912
1.003 3.483672 0.081862
1.008 3.484885 0.078334
1.013 3.487051 0.073929
1.018 3.489271 0.069073
1.023 3.491187 0.063429
1.028 3.492188 0.053891
1.033 3.492941 0.038240
1.038 3.489695 0.023222
1.043 3.483166 0.012238
1.048 3.474710 0.006268
1.053 3.465887 0.003509
1.058 3.456514 0.002047
1.063 3.447046 0.001178
1.068 3.438228 0.000683
1.073 3.431037 0.000411
1.078 3.424566 0.000267
1.083 3.418494 0.000167
1.088 3.412874 0.000102
1.093 3.407888 0.000065
1.098 3.403061 0.000043
1.103 3.398576 0.000028
1.108 3.394438 0.000018
1.113 3.390459 0.000012
1.118 3.386668 0.000008
1.123 3.383027 0.000005
1.128 3.379588 0.000003
1.133 3.376195 0.000002
1.138 3.372881 0.000002
1.143 3.369758 0.000001
1.148 3.366665 0.000001
1.153 3.363622 0.000000
1.158 3.360722 0.000000
1.163 3.357900 0.000000
1.168 3.355123 0.000000
1.173 3.352411 0.000000
1.178 3.349787 0.000000
1.183 3.347247 0.000000
1.188 3.344733 0.000000
1.193 3.342258 0.000000
1.198 3.339885 0.000000
1.203 3.337547 0.000000
1.208 3.335231 0.000000
1.213 3.332980 0.000000
1.218 3.330758 0.000000
1.223 3.328621 0.000000
1.228 3.326495 0.000000
1.233 3.324380 0.000000
1.238 3.322355 0.000000
1.243 3.320361 0.000000
1.248 3.318397 0.000000
1.253 3.316447 0.000000
1.258 3.314564 0.000000
1.263 3.312710 0.000000
1.268 3.310913 0.000000
1.273 3.309128 0.000000
1.278 3.307358 0.000000
1.283 3.305637 0.000000
1.288 3.303950 0.000000
1.293 3.302278 0.000000
1.298 3.300613 0.000000
1.303 3.298995 0.000000
1.308 3.297394 0.000000
1.313 3.295828 0.000000
1.318 3.294274 0.000000
1.323 3.292742 0.000000
1.328 3.291218 0.000000
1.333 3.289746 0.000000
1.338 3.288292 0.000000
1.343 3.286851 0.000000
1.348 3.285414 0.000000
1.353 3.284025 0.000000
1.358 3.282671 0.000000
1.363 3.281335 0.000000
1.368 3.280020 0.000000
1.373 3.278712 0.000000
1.378 3.277425 0.000000
1.383 3.276142 0.000000
1.388 3.274900 0.000000
1.393 3.273657 0.000000
1.398 3.272428 0.000000
1.403 3.271200 0.000000
1.408 3.270013 0.000000
1.413 3.268854 0.000000
1.418 3.267701 0.000000
1.423 3.266564 0.000000
1.428 3.265427 0.000000
1.433 3.264326 0.000000
1.438 3.263228 0.000000
1.443 3.262155 0.000000
1.448 3.261102 0.000000
1.453 3.260051 0.000000
1.458 3.259014 0.000000
1.463 3.257977 0.000000
1.468 3.256972 0.000000
1.473 3.255982 0.000000
1.478 3.254994 0.000000
1.483 3.254018 0.000000
1.488 3.253041 0.000000
1.493 3.252091 0.000000
1.498 3.251158 0.000000
1.503 3.250225 0.000000
1.508 3.249327 0.000000
1.513 3.248428 0.000000
1.518 3.247536 0.000000
1.523 3.246655 0.000000
1.528 3.245773 0.000000
1.533 3.244919 0.000000
1.538 3.244078 0.000000
1.543 3.243236 0.000000
1.548 3.242404 0.000000
1.553 3.241573 0.000000
1.558 3.240748 0.000000
1.563 3.239952 0.000000
1.568 3.239156 0.000000
1.573 3.238367 0.000000
1.578 3.237591 0.000000
1.583 3.236816 0.000000
1.588 3.236049 0.000000
1.593 3.235292 0.000000
1.598 3.234536 0.000000
1.603 3.233795 0.000000
1.608 3.233071 0.000000
1.613 3.232347 0.000000
1.618 3.231628 0.000000
1.623 3.230913 0.000000
1.628 3.230198 0.000000
1.633 3.229505 0.000000
1.638 3.228838 0.000000
1.643 3.228170 0.000000
1.648 3.227508 0.000000
1.653 3.226857 0.000000
1.658 3.226206 0.000000
1.663 3.225557 0.000000
1.668 3.224921 0.000000
1.673 3.224285 0.000000
1.678 3.223649 0.000000
1.683 3.223030 0.000000
1.688 3.222412 0.000000
1.693 3.221794 0.000000
1.698 3.221182 0.000000
1.703 3.220573 0.000000
1.708 3.219964 0.000000
1.713 3.219368 0.000000
1.718 3.218804 0.000000
1.723 3.218239 0.000000
1.728 3.217674 0.000000
1.733 3.217118 0.000000
1.738 3.216563 0.000000
1.743 3.216008 0.000000
1.748 3.215461 0.000000
1.753 3.214928 0.000000
1.758 3.214394 0.000000
1.763 3.213861 0.000000
1.768 3.213342 0.000000
1.773 3.212826 0.000000
1.778 3.212311 0.000000
1.783 3.211797 0.000000
1.788 3.211293 0.000000
1.793 3.210788 0.000000
1.798 3.210283 0.000000
1.803 3.209790 0.000000
1.808 3.209312 0.000000
1.813 3.208835 0.000000
1.818 3.208357 0.000000
1.823 3.207883 0.000000
1.828 3.207413 0.000000
1.833 3.206942 0.000000
1.838 3.206471 0.000000
1.843 3.206018 0.000000
1.848 3.205571 0.000000
1.853 3.205124 0.000000
1.858 3.204677 0.000000
1.863 3.204241 0.000000
1.868 3.203808 0.000000
1.873 3.203375 0.000000
1.878 3.202942 0.000000
1.883 3.202518 0.000000
1.888 3.202096 0.000000
1.893 3.201675 0.000000
1.898 3.201254 0.000000
1.903 3.200846 0.000000
1.908 3.200446 0.000000
1.913 3.200047 0.000000
1.918 3.199647 0.000000
1.923 3.199250 0.000000
1.928 3.198856 0.000000
1.933 3.198463 0.000000
1.938 3.198069 0.000000
1.943 3.197677 0.000000
1.948 3.197306 0.000000