0.253 1.893903 3.184590
0.254 1.935589 3.205207
0.255 1.973296 3.221962
0.256 2.010360 3.236169
0.257 2.051586 3.250293
0.258 2.094350 3.264416
0.259 2.136897 3.278511
0.260 2.178775 3.292508
0.261 2.227474 3.306273
0.262 2.270634 3.319559
0.263 2.318818 3.325002
0.264 2.368125 3.335044
0.265 2.418286 3.335547
0.266 2.475240 3.339630
0.267 2.526847 3.337532
0.268 2.576321 3.332891
0.269 2.630979 3.327301
0.270 2.682263 3.317881
0.271 2.735495 3.305252
0.272 2.785068 3.290859
0.273 2.836730 3.274429
0.274 2.883578 3.253477
0.275 2.934196 3.232035
0.276 2.978489 3.210659
0.277 3.020811 3.182617
0.278 3.061769 3.156241
0.279 3.102085 3.124751
0.280 3.141794 3.097618
0.281 3.180165 3.066194
0.282 3.212511 3.029679
0.283 3.242549 2.994107
0.284 3.274341 2.961438
0.285 3.300901 2.924156
0.286 3.325213 2.888167
0.287 3.349346 2.852568
0.288 3.370877 2.815512
0.289 3.388984 2.779368
0.290 3.405365 2.744859
0.291 3.422984 2.709372
0.292 3.434849 2.672229
0.293 3.445848 2.636123
0.294 3.456667 2.600228
0.295 3.464872 2.567793
0.296 3.470840 2.534998
0.297 3.473317 2.504514
0.298 3.477953 2.472262
0.299 3.484704 2.443242
0.300 3.485185 2.410274
0.301 3.483944 2.381926
0.302 3.482381 2.355568
0.303 3.480836 2.329592
0.304 3.479330 2.303780
0.305 3.477871 2.280374
0.306 3.471843 2.260167
0.307 3.467417 2.236908
0.308 3.461961 2.218193
0.309 3.456273 2.194635
0.310 3.452181 2.176629
0.311 3.445321 2.156962
0.312 3.442067 2.142194
0.313 3.434411 2.123113
0.314 3.427933 2.108581
0.315 3.421804 2.095787
0.316 3.413616 2.083438
0.317 3.410646 2.071195
0.318 3.404053 2.059031
0.319 3.399068 2.046934
0.320 3.391140 2.034897
0.321 3.383977 2.022927
0.322 3.379741 2.011547
0.323 3.371225 2.005925
0.324 3.364279 1.996139
0.325 3.360058 1.990068
0.326 3.356330 1.981139
0.327 3.350377 1.973532
0.328 3.343035 1.966185
0.329 3.339153 1.962227
0.330 3.335326 1.954907
0.331 3.329581 1.949467
0.332 3.327445 1.945186
0.333 3.320457 1.942268
0.334 3.318395 1.936706
0.335 3.312678 1.934910
0.336 3.309264 1.929158
0.337 3.305855 1.926708
0.338 3.300120 1.925784
0.339 3.297936 1.921509
0.340 3.296490 1.918067
0.341 3.290744 1.917040
0.342 3.288521 1.916814
0.343 3.287054 1.916872
0.344 3.286720 1.916941
0.345 3.285850 1.916445
0.346 3.279553 1.910514
0.347 3.277566 1.908888
0.348 3.276729 1.908403
0.349 3.276406 1.908427
0.350 3.276169 1.908534
0.351 3.275946 1.908649
0.352 3.275734 1.908771
0.353 3.275535 1.908899
0.354 3.275344 1.909032
0.355 3.275161 1.909170
0.356 3.274990 1.909315
0.357 3.274834 1.909470
0.358 3.274686 1.913393
0.359 3.274544 1.916734
0.360 3.274411 1.918479
0.361 3.274289 1.919086
0.362 3.274177 1.919269
0.363 3.274072 1.919456
0.364 3.277802 1.919651
0.365 3.280972 1.919854
0.366 3.282501 1.925637
0.367 3.282682 1.927489
0.368 3.284384 1.929201
0.369 3.289088 1.929674
0.370 3.290676 1.929907
0.371 3.291370 1.930328
0.372 3.291552 1.935177
0.373 3.297210 1.937922
0.374 3.298744 1.939422
0.375 3.301686 1.940113
0.376 3.306873 1.942294
0.377 3.308211 1.947205
0.378 3.312670 1.949043
0.379 3.316189 1.950039
0.380 3.317956 1.950695
0.381 3.323313 1.955669
0.382 3.325819 1.958394
0.383 3.328201 1.959914
0.384 3.333578 1.962297
0.385 3.337042 1.967518
0.386 3.343144 1.968930
0.387 3.344720 1.970432
0.388 3.349368 1.974569
0.389 3.352677 1.977716
0.390 3.359096 1.979838
0.391 3.362791 1.981390
0.392 3.368936 1.986540
0.393 3.372203 1.988755
0.394 3.378766 1.991712
0.395 3.381924 1.997636
0.396 3.390551 1.998969
0.397 3.397089 2.002537
0.398 3.402169 2.007574
0.399 3.407630 2.009569
0.400 3.412408 2.013977
0.401 3.420597 2.018089
0.402 3.429236 2.023374
0.403 3.434890 2.027980
0.404 3.441860 2.029774
0.405 3.449922 2.035405
0.406 3.458996 2.038359
0.407 3.463791 2.045014
0.408 3.471175 2.048335
0.409 3.479538 2.054862
0.410 3.488380 2.058408
0.411 3.498872 2.065010
0.412 3.513299 2.068384
0.413 3.523911 2.075388
0.414 3.534970 2.078663
0.415 3.546224 2.085419
0.416 3.560462 2.089001
0.417 3.572578 2.095353
0.418 3.589280 2.099150
0.419 3.605452 2.105558
0.420 3.618849 2.107349
0.421 3.635884 2.109340
0.422 3.652957 2.110206
0.423 3.671060 2.110750
0.424 3.689464 2.109537
0.425 3.709455 2.105722
0.426 3.732411 2.103597
0.427 3.751690 2.096621
0.428 3.771319 2.089612
0.429 3.788238 2.081633
0.430 3.802215 2.071870
0.431 3.818239 2.058844
0.432 3.830611 2.049646
0.433 3.845810 2.039225
0.434 3.856617 2.025645
0.435 3.865772 2.014738
0.436 3.870981 2.000528
0.437 3.878449 1.991196
0.438 3.881110 1.980613
0.439 3.883696 1.967021
0.440 3.889524 1.958997
0.441 3.892092 1.954016
0.442 3.894050 1.946606
0.443 3.895601 1.940496
0.444 3.896413 1.937923
0.445 3.897221 1.936498
0.446 3.898051 1.936206
0.447 3.898923 1.936820
0.448 3.899850 1.937553
0.449 3.904432 1.941906
0.450 3.908447 1.945672
0.451 3.913647 1.950578
0.452 3.921989 1.958548
0.453 3.927833 1.966277
0.454 3.935187 1.975037
0.455 3.947860 1.981945
0.456 3.959100 1.987408
0.457 3.975060 1.995228
0.458 3.991933 2.003036
0.459 4.009347 2.011231
0.460 4.028038 2.019958
0.461 4.050897 2.028741
0.462 4.075207 2.032907
0.463 4.100555 2.039070
0.464 4.126742 2.043124
0.465 4.156566 2.044992
0.466 4.188172 2.043737
0.467 4.220488 2.039602
0.468 4.253323 2.033580
0.469 4.286196 2.026403
0.470 4.318970 2.016406
0.471 4.351633 2.003328
0.472 4.383562 1.988194
0.473 4.413272 1.969998
0.474 4.441189 1.948374
0.475 4.472192 1.925887
0.476 4.499916 1.902943
0.477 4.525758 1.876035
0.478 4.549234 1.845775
0.479 4.569040 1.814693
0.480 4.587703 1.783066
0.481 4.605308 1.750905
0.482 4.620839 1.718247
0.483 4.633823 1.685211
0.484 4.645229 1.651964
0.485 4.657107 1.618592
0.486 4.660032 1.585257
0.487 4.664690 1.552169
0.488 4.667396 1.520527
0.489 4.667225 1.489814
0.490 4.666078 1.462686
0.491 4.664485 1.432271
0.492 4.658881 1.406202
0.493 4.654619 1.380960
0.494 4.649437 1.355844
0.495 4.641845 1.330941
0.496 4.634895 1.306400
0.497 4.628906 1.282611
0.498 4.624399 1.260222
0.499 4.618243 1.239467
0.500 4.610138 1.220008
0.501 4.602022 1.199535
0.502 4.593684 1.182857
0.503 4.584591 1.166317
0.504 4.575049 1.149871
0.505 4.563835 1.133533
0.506 4.552600 1.117746
0.507 4.544526 1.102656
0.508 4.536465 1.087623
0.509 4.528419 1.077566
0.510 4.520388 1.064057
0.511 4.512371 1.051938
0.512 4.504370 1.040285
0.513 4.496386 1.027106
0.514 4.488418 1.016509
0.515 4.480469 1.004215
0.516 4.472538 0.993448
0.517 4.464626 0.984612
0.518 4.456730 0.975765
0.519 4.448853 0.966651
0.520 4.441106 0.957617
0.521 4.433790 0.948939
0.522 4.427031 0.940421
0.523 4.420159 0.932352
0.524 4.417111 0.924422
0.525 4.410734 0.916625
0.526 4.403204 0.909131
0.527 4.395482 0.901894
0.528 4.388081 0.894827
0.529 4.381164 0.887910
0.530 4.374575 0.881231
0.531 4.368728 0.874838
0.532 4.365867 0.868471
0.533 4.358632 0.862155
0.534 4.351852 0.855942
0.535 4.345417 0.849836
0.536 4.340126 0.843951
0.537 4.335592 0.838301
0.538 4.330649 0.832796
0.539 4.324504 0.827324
0.540 4.318660 0.821896
0.541 4.315557 0.816561
0.542 4.310017 0.811252
0.543 4.303649 0.806250
0.544 4.298923 0.801343
0.545 4.296189 0.796296
0.546 4.290786 0.791536
0.547 4.286903 0.786905
0.548 4.282334 0.782297
0.549 4.276900 0.777730
0.550 4.271444 0.773224
0.551 4.267079 0.768798
0.552 4.264270 0.764484
0.553 4.259227 0.760415
0.554 4.256104 0.756163
0.555 4.252280 0.752010
0.556 4.247255 0.748024
0.557 4.245744 0.743751
0.558 4.240010 0.739931
0.559 4.236801 0.736151
0.560 4.233370 0.732385
0.561 4.228648 0.728632
0.562 4.225990 0.724896
0.563 4.221593 0.721175
0.564 4.217832 0.717462
0.565 4.214384 0.713759
0.566 4.210613 0.710070
0.567 4.206635 0.706450
0.568 4.203668 0.702888
0.569 4.200458 0.699390
0.570 4.196999 0.695973
0.571 4.195542 0.692697
0.572 4.193198 0.689223
0.573 4.189379 0.685764
0.574 4.184976 0.682419
0.575 4.182825 0.679342
0.576 4.177954 0.676007
0.577 4.174771 0.672827
0.578 4.172657 0.669815
0.579 4.167662 0.666821
0.580 4.165798 0.663532
0.581 4.164634 0.660395
0.582 4.163076 0.657465
0.583 4.157946 0.654505
0.584 4.155633 0.651565
0.585 4.154341 0.648500
0.586 4.153250 0.645229
0.587 4.148511 0.642343
0.588 4.145667 0.639491
0.589 4.144062 0.636663
0.590 4.142716 0.633843
0.591 4.138379 0.631029
0.592 4.134718 0.628223
0.593 4.132875 0.625423
0.594 4.128618 0.622658
0.595 4.125709 0.619932
0.596 4.123899 0.617234
0.597 4.122817 0.614539
0.598 4.119527 0.612056
0.599 4.115985 0.609583
0.600 4.114009 0.606925
0.601 4.112799 0.604224
0.602 4.110686 0.601536
0.603 4.106802 0.598885
0.604 4.105164 0.596237
0.605 4.103897 0.593735
0.606 4.102822 0.591416
0.607 4.101816 0.588882
0.608 4.099239 0.586301
0.609 4.094965 0.583680
0.610 4.093241 0.581401
0.611 4.091913 0.579000
0.612 4.090970 0.576470
0.613 4.086539 0.573910
0.614 4.083481 0.571531
0.615 4.082022 0.569353
0.616 4.081128 0.566854
0.617 4.078779 0.564499
0.618 4.074390 0.562363
0.619 4.073243 0.559896
0.620 4.072389 0.557515
0.621 4.071291 0.555385
0.622 4.070149 0.552989
0.623 4.068362 0.550596
0.624 4.064457 0.548454
0.625 4.062628 0.546131
0.626 4.061824 0.543744
0.627 4.060676 0.541635
0.628 4.059233 0.539416
0.629 4.057498 0.537089
0.630 4.054052 0.535012
0.631 4.051220 0.532932
0.632 4.050089 0.530790
0.633 4.048165 0.528577
0.634 4.045889 0.526356
0.635 4.043380 0.524336
0.636 4.041631 0.522244
0.637 4.040753 0.520071
0.638 4.039811 0.517951
0.639 4.038443 0.515865
0.640 4.035350 0.513879
0.641 4.033041 0.511900
0.642 4.031387 0.509926
0.643 4.030358 0.507722
0.644 4.029447 0.505550
0.645 4.028674 0.503599
0.646 4.026133 0.501657
0.647 4.022115 0.499724
0.648 4.020951 0.497768
0.649 4.020193 0.495805
0.650 4.019163 0.493827
0.651 4.017899 0.491760
0.652 4.016367 0.489591
0.653 4.013821 0.487655
0.654 4.011042 0.485793
0.655 4.010661 0.483938
0.656 4.010144 0.482085
0.657 4.009325 0.480239
0.658 4.008485 0.478396
0.659 4.007628 0.476557
0.660 4.004945 0.474722
0.661 4.001982 0.472888
0.662 4.000548 0.471061
0.663 3.999269 0.469236
0.664 3.998351 0.467417
0.665 3.997430 0.465601
0.666 3.996507 0.463788
0.667 3.993697 0.461980
0.668 3.990233 0.460172
0.669 3.989368 0.458372
0.670 3.988618 0.456572
0.671 3.987716 0.454779
0.672 3.986324 0.452989
0.673 3.983941 0.451202
0.674 3.981940 0.449418
0.675 3.980311 0.447637
0.676 3.979396 0.445860
0.677 3.978827 0.444086
0.678 3.978003 0.442318
0.679 3.977126 0.440551
0.680 3.976204 0.438793
0.681 3.975013 0.437042
0.682 3.971729 0.435335
0.683 3.969061 0.433635
0.684 3.968351 0.431956
0.685 3.967608 0.430326
0.686 3.966804 0.428787
0.687 3.965158 0.427225
0.688 3.962523 0.425637
0.689 3.960709 0.423993
0.690 3.959551 0.422302
0.691 3.958732 0.420633
0.692 3.958105 0.418977
0.693 3.957297 0.417339
0.694 3.956417 0.415709
0.695 3.955056 0.414236
0.696 3.953555 0.412807
0.697 3.951429 0.411194
0.698 3.949172 0.409542
0.699 3.948448 0.407895
0.700 3.947958 0.406249
0.701 3.947199 0.404849
0.702 3.946410 0.403478
0.703 3.945767 0.401921
0.704 3.945138 0.400348
0.705 3.941999 0.398774
0.706 3.938652 0.397200
0.707 3.937774 0.395803
0.708 3.937111 0.394421
0.709 3.936406 0.392829
0.710 3.935696 0.391215
0.711 3.933256 0.389813
0.712 3.930575 0.388440
0.713 3.929420 0.386942
0.714 3.928559 0.385419
0.715 3.927910 0.383894
0.716 3.927319 0.382368
0.717 3.926597 0.380996
0.718 3.925826 0.379682
0.719 3.924189 0.378317
0.720 3.922092 0.376927
0.721 3.920410 0.375514
0.722 3.919047 0.374085
0.723 3.918066 0.372738
0.724 3.917519 0.371484
0.725 3.916885 0.370147
0.726 3.916094 0.368661
0.727 3.915095 0.367216
0.728 3.913414 0.365906
0.729 3.911730 0.364592
0.730 3.910014 0.363248
0.731 3.908298 0.361904
0.732 3.907711 0.360474
0.733 3.907183 0.359039
0.734 3.906464 0.357765
0.735 3.905694 0.356533
0.736 3.904522 0.355201
0.737 3.903099 0.353805
0.738 3.901336 0.352446
0.739 3.899121 0.351134
0.740 3.897251 0.349836
0.741 3.896531 0.348583
0.742 3.895811 0.347331
0.743 3.895099 0.346154
0.744 3.894388 0.344977
0.745 3.892167 0.343638
0.746 3.889550 0.342257
0.747 3.888128 0.340925
0.748 3.887672 0.339632
0.749 3.887139 0.338359
0.750 3.886427 0.337128
0.751 3.885714 0.335901
0.752 3.884954 0.334775
0.753 3.884194 0.333649
0.754 3.882157 0.332379
0.755 3.879702 0.331060
0.756 3.878157 0.329838
0.757 3.877681 0.328730
0.758 3.877168 0.327625
0.759 3.876448 0.326541
0.760 3.875728 0.325456
0.761 3.874817 0.324180
0.762 3.873867 0.322864
0.763 3.872341 0.321668
0.764 3.870220 0.320595
0.765 3.868335 0.319518
0.766 3.867879 0.318422
0.767 3.867423 0.317326
0.768 3.866778 0.316237
0.769 3.866078 0.315149
0.770 3.865127 0.313991
0.771 3.863790 0.312724
0.772 3.862452 0.311458
0.773 3.860769 0.310430
0.774 3.859086 0.309403
0.775 3.858124 0.308377
0.776 3.857661 0.307353
0.777 3.857167 0.306330
0.778 3.856515 0.305309
0.779 3.855863 0.304289
0.780 3.854344 0.303247
0.781 3.852496 0.302198
0.782 3.850832 0.301142
0.783 3.849665 0.300071
0.784 3.848498 0.299000
0.785 3.847849 0.297910
0.786 3.847331 0.296814
0.787 3.846808 0.295690
0.788 3.846276 0.294504
0.789 3.845745 0.293318
0.790 3.843652 0.292308
0.791 3.841192 0.291340
0.792 3.839292 0.290379
0.793 3.838763 0.289436
0.794 3.838233 0.288492
0.795 3.837656 0.287633
0.796 3.837063 0.286800
0.797 3.836513 0.285955
0.798 3.836126 0.285061
0.799 3.835739 0.284167
0.800 3.833997 0.283214
0.801 3.831482 0.282226
0.802 3.829079 0.281239
0.803 3.828690 0.280254
0.804 3.828300 0.279270
0.805 3.827794 0.278294
0.806 3.827148 0.277330
0.807 3.826502 0.276366
0.808 3.825465 0.275427
0.809 3.824350 0.274494
0.810 3.823127 0.273560
0.811 3.821470 0.272623
0.812 3.819812 0.271685
0.813 3.818816 0.270872
0.814 3.818365 0.270161
0.815 3.817914 0.269450
0.816 3.817399 0.268555
0.817 3.816875 0.267635
0.818 3.816041 0.266713
0.819 3.813890 0.265780
0.820 3.811738 0.264847
0.821 3.810315 0.264026
0.822 3.809663 0.263322
0.823 3.809010 0.262619
0.824 3.808408 0.261762
0.825 3.807822 0.260856
0.826 3.807240 0.259951
0.827 3.806875 0.259046
0.828 3.806510 0.258141
0.829 3.805643 0.257294
0.830 3.803365 0.256610
0.831 3.801088 0.255927
0.832 3.799737 0.255145
0.833 3.799371 0.254258
0.834 3.799006 0.253372
0.835 3.798495 0.252636
0.836 3.797919 0.251968
0.837 3.797342 0.251299
0.838 3.795820 0.250556
0.839 3.794159 0.249802
0.840 3.792523 0.249047
0.841 3.791504 0.248260
0.842 3.790485 0.247472
0.843 3.789555 0.246691
0.844 3.789014 0.245937
0.845 3.788474 0.245183
0.846 3.788004 0.244426
0.847 3.787691 0.243659
0.848 3.787378 0.242893
0.849 3.786258 0.242180
0.850 3.784016 0.241542
0.851 3.781774 0.240904
0.852 3.780490 0.240255
0.853 3.780139 0.239596
0.854 3.779789 0.238938
0.855 3.779327 0.238234
0.856 3.778783 0.237498
0.857 3.778238 0.236762
0.858 3.777000 0.236149
0.859 3.775338 0.235613
0.860 3.773675 0.235076
0.861 3.772501 0.234408
0.862 3.771595 0.233667
0.863 3.770688 0.232926
0.864 3.770001 0.232250
0.865 3.769430 0.231608
0.866 3.768859 0.230966
0.867 3.768393 0.230349
0.868 3.767987 0.229747
0.869 3.767580 0.229145
0.870 3.766280 0.228538
0.871 3.764386 0.227928
0.872 3.762491 0.227318
0.873 3.761481 0.226717
0.874 3.761213 0.226124
0.875 3.760946 0.225532
0.876 3.760551 0.224980
0.877 3.760008 0.224475
0.878 3.759465 0.223970
0.879 3.759026 0.223405
0.880 3.758767 0.222733
0.881 3.758508 0.222061
0.882 3.757807 0.221436
0.883 3.755710 0.220962
0.884 3.753612 0.220488
0.885 3.751676 0.220012
0.886 3.751283 0.219515
0.887 3.750891 0.219019
0.888 3.750499 0.218522
0.889 3.750090 0.218025
0.890 3.749680 0.217528
0.891 3.749269 0.217031
0.892 3.747653 0.216415
0.893 3.745605 0.215756
0.894 3.743556 0.215098
0.895 3.742441 0.214544
0.896 3.742177 0.214087
0.897 3.741913 0.213630
0.898 3.741566 0.213173
0.899 3.741014 0.212717
0.900 3.740463 0.212262
0.901 3.739892 0.211806
0.902 3.738607 0.211353
0.903 3.737323 0.210899
0.904 3.736038 0.210445
0.905 3.735080 0.209993
0.906 3.734236 0.209541
0.907 3.733392 0.209089
0.908 3.732789 0.208638
0.909 3.732501 0.208187
0.910 3.732212 0.207737
0.911 3.731903 0.207287
0.912 3.731411 0.206844
0.913 3.730918 0.206400
0.914 3.730426 0.205957
0.915 3.729160 0.205531
0.916 3.727627 0.205111
0.917 3.726094 0.204692
0.918 3.724914 0.204278
0.919 3.724355 0.203873
0.920 3.723797 0.203468
0.921 3.723238 0.203063
0.922 3.722877 0.202781
0.923 3.722525 0.202504
0.924 3.722173 0.202228
0.925 3.721801 0.201886
0.926 3.721412 0.201485
0.927 3.721023 0.201085
0.928 3.720538 0.200684
0.929 3.718657 0.200293
0.930 3.716776 0.199902
0.931 3.714895 0.199511
0.932 3.714002 0.199170
0.933 3.713824 0.198864
0.934 3.713646 0.198558
0.935 3.713449 0.198251
0.936 3.713002 0.197924
0.937 3.712554 0.197597
0.938 3.712106 0.197271
0.939 3.711764 0.196907
0.940 3.711513 0.196511
0.941 3.711262 0.196115
0.942 3.711011 0.195719
0.943 3.709278 0.195501
0.944 3.707498 0.195288
0.945 3.705718 0.195076
0.946 3.704573 0.194785
0.947 3.704469 0.194366
0.948 3.704365 0.193946
0.949 3.704261 0.193527
0.950 3.704024 0.193225
0.951 3.703747 0.192961
0.952 3.703469 0.192697
0.953 3.703179 0.192415
0.954 3.702790 0.192000
0.955 3.702401 0.191586
0.956 3.702012 0.191171
0.957 3.701336 0.190772
0.958 3.700294 0.190393
0.959 3.699253 0.190015
0.960 3.698211 0.189636
0.961 3.697594 0.189320
0.962 3.697128 0.189026
0.963 3.696662 0.188732
0.964 3.696197 0.188439
0.965 3.695788 0.188311
0.966 3.695379 0.188184
0.967 3.694970 0.188056
0.968 3.694563 0.187908
0.969 3.694163 0.187697
0.970 3.693762 0.187486
0.971 3.693362 0.187275
0.972 3.692965 0.187005
0.973 3.692571 0.186664
0.974 3.692177 0.186324
0.975 3.691783 0.185983
0.976 3.691398 0.185660
0.977 3.691019 0.185348
0.978 3.690640 0.185036
0.979 3.690260 0.184724
0.980 3.689914 0.184320
0.981 3.689577 0.183891
0.982 3.689239 0.183461
0.983 3.688902 0.183032
0.984 3.688558 0.182690
0.985 3.688213 0.182358
0.986 3.687868 0.182025
0.987 3.687523 0.181693
0.988 3.687172 0.181437
0.989 3.686821 0.181181
0.990 3.686470 0.180925
0.991 3.686119 0.180670
0.992 3.685788 0.180422
0.993 3.685457 0.180175
0.994 3.685126 0.179927
0.995 3.684796 0.179674
0.996 3.684471 0.179364
0.997 3.684146 0.179053
0.998 3.683821 0.178743
0.999 3.683497 0.178431
1.000 3.683178 0.178092
1.001 3.682859 0.177754
1.002 3.682540 0.177415
1.003 3.682222 0.177079
1.004 3.681928 0.176819
1.005 3.681634 0.176558
1.006 3.681339 0.176298
1.007 3.681045 0.176037
1.008 3.680755 0.175756
1.009 3.680465 0.175474
1.010 3.680175 0.175192
1.011 3.679885 0.174909
1.012 3.679569 0.174492
1.013 3.679249 0.174051
1.014 3.678929 0.173611
1.015 3.678608 0.173170
1.016 3.678300 0.172778
1.017 3.677995 0.172404
1.018 3.677691 0.172031
1.019 3.677387 0.171658
1.020 3.677083 0.171264
1.021 3.676781 0.170854
1.022 3.676478 0.170444
1.023 3.676175 0.170034
1.024 3.675873 0.169649
1.025 3.675570 0.169314
1.026 3.675268 0.168979
1.027 3.674965 0.168644
1.028 3.674666 0.168310
1.029 3.674397 0.167989
1.030 3.674128 0.167667
1.031 3.673860 0.167346
1.032 3.673591 0.167024
1.033 3.673318 0.166780
1.034 3.673044 0.166554
1.035 3.672771 0.166327
1.036 3.672497 0.166100
1.037 3.672232 0.165804
1.038 3.671976 0.165442
1.039 3.671719 0.165079
1.040 3.671463 0.164716
1.041 3.671207 0.164347
1.042 3.670952 0.163938
1.043 3.670698 0.163530
1.044 3.670443 0.163122
1.045 3.670189 0.162714
1.046 3.669919 0.162239
1.047 3.669646 0.161744
1.048 3.669372 0.161249
1.049 3.669099 0.160755
1.050 3.668829 0.160268
1.051 3.668565 0.159796
1.052 3.668301 0.159325
1.053 3.668037 0.158853
1.054 3.667773 0.158381
1.055 3.667512 0.158022
1.056 3.667251 0.157677
1.057 3.666991 0.157332
1.058 3.666730 0.156986
1.059 3.666470 0.156675
1.060 3.666212 0.156416
1.061 3.665954 0.156158
1.062 3.665696 0.155899
1.063 3.665438 0.155640
1.064 3.665193 0.155329
1.065 3.664950 0.155009
1.066 3.664707 0.154690
1.067 3.664464 0.154370
1.068 3.664222 0.154030
1.069 3.663984 0.153640
1.070 3.663747 0.153249
1.071 3.663509 0.152859
1.072 3.663272 0.152469
1.073 3.663045 0.152104
1.074 3.662823 0.151752
1.075 3.662601 0.151400
1.076 3.662379 0.151048
1.077 3.662157 0.150696
1.078 3.661937 0.150325
1.079 3.661718 0.149955
1.080 3.661498 0.149584
1.081 3.661278 0.149214
1.082 3.661053 0.148857
1.083 3.660813 0.148531
1.084 3.660573 0.148204
1.085 3.660333 0.147878
1.086 3.660094 0.147551
1.087 3.659863 0.147267
1.088 3.659638 0.147014
1.089 3.659413 0.146760
1.090 3.659189 0.146507
1.091 3.658964 0.146254
1.092 3.658729 0.145937
1.093 3.658491 0.145605
1.094 3.658253 0.145272
1.095 3.658015 0.144940
1.096 3.657777 0.144607
1.097 3.657553 0.144293
1.098 3.657329 0.143979
1.099 3.657105 0.143666
1.100 3.656881 0.143352
1.101 3.656659 0.143036
1.102 3.656455 0.142708
1.103 3.656251 0.142379
1.104 3.656046 0.142050
1.105 3.655842 0.141722
1.106 3.655635 0.141398
1.107 3.655418 0.141092
1.108 3.655201 0.140786
1.109 3.654984 0.140480
1.110 3.654766 0.140174
1.111 3.654550 0.139883
1.112 3.654339 0.139634
1.113 3.654127 0.139386
1.114 3.653915 0.139138
1.115 3.653704 0.138890
1.116 3.653495 0.138664
1.117 3.653295 0.138503
1.118 3.653095 0.138342
1.119 3.652895 0.138182
1.120 3.652694 0.138021
1.121 3.652496 0.137861
1.122 3.652304 0.137702
1.123 3.652111 0.137543
1.124 3.651919 0.137384
1.125 3.651727 0.137225
1.126 3.651536 0.137064
1.127 3.651350 0.136895
1.128 3.651165 0.136726
1.129 3.650980 0.136557
1.130 3.650795 0.136388
1.131 3.650610 0.136218
1.132 3.650427 0.136043
1.133 3.650244 0.135868
1.134 3.650061 0.135693
1.135 3.649878 0.135517
1.136 3.649695 0.135342
1.137 3.649520 0.135197
1.138 3.649346 0.135058
1.139 3.649172 0.134919
1.140 3.648998 0.134781
1.141 3.648824 0.134642
1.142 3.648642 0.134502
1.143 3.648453 0.134362
1.144 3.648265 0.134221
1.145 3.648076 0.134081
1.146 3.647888 0.133940
1.147 3.647703 0.133802
1.148 3.647527 0.133667
1.149 3.647350 0.133533
1.150 3.647174 0.133399
1.151 3.646998 0.133265
1.152 3.646821 0.133131
1.153 3.646645 0.132976
1.154 3.646469 0.132821
1.155 3.646293 0.132666
1.156 3.646117 0.132511
1.157 3.645941 0.132356
1.158 3.645768 0.132183
1.159 3.645598 0.131997
1.160 3.645429 0.131811
1.161 3.645259 0.131626
1.162 3.645089 0.131440
1.163 3.644917 0.131269
1.164 3.644738 0.131160
1.165 3.644558 0.131051
1.166 3.644379 0.130942
1.167 3.644200 0.130833
1.168 3.644020 0.130724
1.169 3.643855 0.130606
1.170 3.643696 0.130484
1.171 3.643537 0.130362
1.172 3.643378 0.130240
1.173 3.643218 0.130118
1.174 3.643059 0.129984
1.175 3.642897 0.129797
1.176 3.642734 0.129609
1.177 3.642572 0.129421
1.178 3.642410 0.129234
1.179 3.642248 0.129046
1.180 3.642080 0.128874
1.181 3.641908 0.128713
1.182 3.641735 0.128551
1.183 3.641563 0.128390
1.184 3.641391 0.128228
1.185 3.641219 0.128067
1.186 3.641049 0.127893
1.187 3.640879 0.127720
1.188 3.640709 0.127546
1.189 3.640539 0.127372
1.190 3.640369 0.127198
1.191 3.640200 0.127015
1.192 3.640035 0.126810
1.193 3.639871 0.126604
1.194 3.639706 0.126399
1.195 3.639541 0.126193
1.196 3.639377 0.125987
1.197 3.639216 0.125842
1.198 3.639058 0.125749
1.199 3.638901 0.125656
1.200 3.638743 0.125563
1.201 3.638585 0.125470
1.202 3.638428 0.125377
1.203 3.638273 0.125290
1.204 3.638120 0.125206
1.205 3.637967 0.125122
1.206 3.637813 0.125038
1.207 3.637660 0.124953
1.208 3.637506 0.124869
1.209 3.637357 0.124732
1.210 3.637209 0.124588
1.211 3.637061 0.124444
1.212 3.636913 0.124300
1.213 3.636764 0.124156
1.214 3.636616 0.124012
1.215 3.636472 0.123845
1.216 3.636328 0.123678
1.217 3.636184 0.123510
1.218 3.636040 0.123343
1.219 3.635896 0.123176
1.220 3.635752 0.123008
1.221 3.635614 0.122854
1.222 3.635476 0.122701
1.223 3.635338 0.122547
1.224 3.635201 0.122393
1.225 3.635063 0.122239
1.226 3.634925 0.122085
1.227 3.634792 0.121950
1.228 3.634659 0.121814
1.229 3.634526 0.121679
1.230 3.634393 0.121544
1.231 3.634260 0.121409
1.232 3.634127 0.121274
1.233 3.633998 0.121178
1.234 3.633870 0.121088
1.235 3.633741 0.120997
1.236 3.633613 0.120907
1.237 3.633484 0.120816
1.238 3.633356 0.120726
1.239 3.633230 0.120582
1.240 3.633105 0.120418
1.241 3.632980 0.120254
1.242 3.632856 0.120091
1.243 3.632731 0.119927
1.244 3.632606 0.119764
1.245 3.632484 0.119594
1.246 3.632365 0.119419
1.247 3.632246 0.119244
1.248 3.632127 0.119069
1.249 3.632008 0.118894
1.250 3.631888 0.118719
1.251 3.631770 0.118534
1.252 3.631654 0.118320
1.253 3.631539 0.118105
1.254 3.631423 0.117890
1.255 3.631308 0.117675
1.256 3.631192 0.117461
1.257 3.631077 0.117246
1.258 3.630965 0.117140
1.259 3.630854 0.117044
1.260 3.630742 0.116948
1.261 3.630631 0.116853
1.262 3.630520 0.116757
1.263 3.630409 0.116662
1.264 3.630299 0.116542
1.265 3.630190 0.116400
1.266 3.630082 0.116257
1.267 3.629973 0.116114
1.268 3.629865 0.115971
1.269 3.629756 0.115829
1.270 3.629648 0.115684
1.271 3.629544 0.115482
1.272 3.629440 0.115280
1.273 3.629336 0.115079
1.274 3.629231 0.114877
1.275 3.629127 0.114675
1.276 3.629023 0.114474
1.277 3.628920 0.114251
1.278 3.628819 0.114008
1.279 3.628718 0.113765
1.280 3.628617 0.113521
1.281 3.628515 0.113278
1.282 3.628414 0.113035
1.283 3.628313 0.112792
1.284 3.628215 0.112663
1.285 3.628118 0.112547
1.286 3.628021 0.112431
1.287 3.627923 0.112315
1.288 3.627826 0.112199
1.289 3.627729 0.112083
1.290 3.627632 0.111974
1.291 3.627537 0.111886
1.292 3.627442 0.111798
1.293 3.627347 0.111711
1.294 3.627252 0.111623
1.295 3.627156 0.111535
1.296 3.627061 0.111447
1.297 3.626967 0.111358
1.298 3.626874 0.111266
1.299 3.626782 0.111174
1.300 3.626689 0.111082
1.301 3.626596 0.110990
1.302 3.626503 0.110898
1.303 3.626410 0.110806
1.304 3.626319 0.110628
1.305 3.626229 0.110407
1.306 3.626139 0.110187
1.307 3.626049 0.109966
1.308 3.625958 0.109746
1.309 3.625868 0.109526
1.310 3.625778 0.109305
1.311 3.625690 0.109126
1.312 3.625603 0.108956
1.313 3.625516 0.108787
1.314 3.625428 0.108618
1.315 3.625341 0.108449
1.316 3.625254 0.108279
1.317 3.625166 0.108110
1.318 3.625080 0.107903
1.319 3.624994 0.107689
1.320 3.624908 0.107475
1.321 3.624822 0.107261
1.322 3.624736 0.107047
1.323 3.624649 0.106833
1.324 3.624563 0.106619
1.325 3.624479 0.106408
1.326 3.624394 0.106198
1.327 3.624310 0.105988
1.328 3.624225 0.105778
1.329 3.624141 0.105568
1.330 3.624056 0.105357
1.331 3.623972 0.105147
1.332 3.623887 0.104930
1.333 3.623801 0.104710
1.334 3.623716 0.104489
1.335 3.623631 0.104269
1.336 3.623546 0.104049
1.337 3.623460 0.103828
1.338 3.623375 0.103608
1.339 3.623292 0.103413
1.340 3.623210 0.103240
1.341 3.623128 0.103068
1.342 3.623046 0.102896
1.343 3.622964 0.102724
1.344 3.622883 0.102552
1.345 3.622801 0.102379
1.346 3.622720 0.102210
1.347 3.622642 0.102047
1.348 3.622563 0.101884
1.349 3.622485 0.101721
1.350 3.622406 0.101558
1.351 3.622328 0.101394
1.352 3.622249 0.101231
1.353 3.622171 0.101068
1.354 3.622091 0.100875
1.355 3.622010 0.100678
1.356 3.621929 0.100481
1.357 3.621849 0.100284
1.358 3.621768 0.100087
1.359 3.621687 0.099891
1.360 3.621607 0.099694
1.361 3.621528 0.099498
1.362 3.621450 0.099304
1.363 3.621372 0.099110
1.364 3.621294 0.098916
1.365 3.621216 0.098722
1.366 3.621138 0.098528
1.367 3.621060 0.098334
1.368 3.620982 0.098140
1.369 3.620909 0.097930
1.370 3.620835 0.097721
1.371 3.620761 0.097512
1.372 3.620688 0.097302
1.373 3.620614 0.097093
1.374 3.620540 0.096884
1.375 3.620466 0.096675
1.376 3.620395 0.096471
1.377 3.620326 0.096276
1.378 3.620257 0.096081
1.379 3.620188 0.095885
1.380 3.620119 0.095690
1.381 3.620050 0.095495
1.382 3.619980 0.095300
1.383 3.619911 0.095105
1.384 3.619846 0.094940
1.385 3.619782 0.094786
1.386 3.619717 0.094632
1.387 3.619653 0.094479
1.388 3.619589 0.094325
1.389 3.619525 0.094171
1.390 3.619460 0.094017
1.391 3.619396 0.093863
1.392 3.619337 0.093649
1.393 3.619279 0.093433
1.394 3.619220 0.093217
1.395 3.619161 0.093001
1.396 3.619103 0.092786
1.397 3.619044 0.092570
1.398 3.618985 0.092354
1.399 3.618928 0.092144
1.400 3.618876 0.091972
1.401 3.618825 0.091800
1.402 3.618773 0.091627
1.403 3.618722 0.091455
1.404 3.618670 0.091283
1.405 3.618619 0.091110
1.406 3.618567 0.090938
1.407 3.618517 0.090761
1.408 3.618474 0.090563
1.409 3.618430 0.090366
1.410 3.618387 0.090168
1.411 3.618343 0.089971
1.412 3.618300 0.089773
1.413 3.618256 0.089576
1.414 3.618213 0.089378
1.415 3.618173 0.089176
1.416 3.618146 0.088952
1.417 3.618119 0.088729
1.418 3.618093 0.088505
1.419 3.618066 0.088281
1.420 3.618040 0.088057
1.421 3.618013 0.087833
1.422 3.617986 0.087610
1.423 3.617960 0.087384
1.424 3.617945 0.087140
1.425 3.617930 0.086896
1.426 3.617914 0.086652
1.427 3.617899 0.086408
1.428 3.617883 0.086164
1.429 3.617868 0.085920
1.430 3.617853 0.085677
1.431 3.617837 0.085433
1.432 3.617833 0.085114
1.433 3.617831 0.084784
1.434 3.617828 0.084453
1.435 3.617826 0.084122
1.436 3.617824 0.083791
1.437 3.617821 0.083460
1.438 3.617819 0.083130
1.439 3.617817 0.082799
1.440 3.617830 0.082500
1.441 3.617855 0.082227
1.442 3.617881 0.081955
1.443 3.617906 0.081682
1.444 3.617932 0.081409
1.445 3.617957 0.081137
1.446 3.617983 0.080864
1.447 3.618008 0.080591
1.448 3.618038 0.080320
1.449 3.618094 0.080060
1.450 3.618151 0.079801
1.451 3.618207 0.079541
1.452 3.618263 0.079281
1.453 3.618319 0.079021
1.454 3.618376 0.078761
1.455 3.618432 0.078501
1.456 3.618488 0.078241
1.457 3.618566 0.077952
1.458 3.618656 0.077646
1.459 3.618747 0.077341
1.460 3.618837 0.077035
1.461 3.618927 0.076730
1.462 3.619017 0.076425
1.463 3.619107 0.076119
1.464 3.619197 0.075814
1.465 3.619290 0.075509
1.466 3.619426 0.075227
1.467 3.619562 0.074945
1.468 3.619698 0.074663
1.469 3.619834 0.074380
1.470 3.619970 0.074098
1.471 3.620106 0.073816
1.472 3.620242 0.073533
1.473 3.620378 0.073251
1.474 3.620534 0.072932
1.475 3.620728 0.072543
1.476 3.620921 0.072154
1.477 3.621114 0.071766
1.478 3.621307 0.071377
1.479 3.621500 0.070988
1.480 3.621693 0.070600
1.481 3.621886 0.070211
1.482 3.622079 0.069822
1.483 3.622309 0.069438
1.484 3.622568 0.069056
1.485 3.622828 0.068675
1.486 3.623088 0.068294
1.487 3.623347 0.067913
1.488 3.623607 0.067532
1.489 3.623867 0.067150
1.490 3.624126 0.066769
1.491 3.624386 0.066388
1.492 3.624699 0.065985
1.493 3.625043 0.065569
1.494 3.625388 0.065154
1.495 3.625732 0.064738
1.496 3.626076 0.064322
1.497 3.626420 0.063906
1.498 3.626765 0.063491
1.499 3.627109 0.063075
1.500 3.627453 0.062659
1.501 3.627849 0.062204
1.502 3.628279 0.061723
1.503 3.628709 0.061242
1.504 3.629138 0.060762
1.505 3.629568 0.060281
1.506 3.629997 0.059801
1.507 3.630427 0.059320
1.508 3.630856 0.058839
1.509 3.631286 0.058359
1.510 3.631707 0.057844
1.511 3.632119 0.057293
1.512 3.632530 0.056742
1.513 3.632942 0.056191
1.514 3.633354 0.055640
1.515 3.633766 0.055089
1.516 3.634178 0.054538
1.517 3.634590 0.053987
1.518 3.635001 0.053436
1.519 3.635397 0.052874
1.520 3.635742 0.052275
1.521 3.636087 0.051677
1.522 3.636432 0.051078
1.523 3.636777 0.050479
1.524 3.637122 0.049881
1.525 3.637467 0.049282
1.526 3.637812 0.048684
1.527 3.638157 0.048085
1.528 3.638502 0.047487
1.529 3.638709 0.046771
1.530 3.638899 0.046039
1.531 3.639088 0.045307
1.532 3.639277 0.044576
1.533 3.639467 0.043844
1.534 3.639656 0.043112
1.535 3.639845 0.042380
1.536 3.640035 0.041649
1.537 3.640224 0.040917
1.538 3.640178 0.040156
1.539 3.639794 0.039352
1.540 3.639410 0.038548
1.541 3.639026 0.037744
1.542 3.638642 0.036940
1.543 3.638258 0.036136
1.544 3.637874 0.035332
1.545 3.637490 0.034529
1.546 3.637106 0.033725
1.547 3.636722 0.032921
1.548 3.636338 0.032117
1.549 3.635954 0.031313
1.550 3.635570 0.030509
1.551 3.635186 0.029705
1.552 3.634802 0.028901
1.553 3.634418 0.028097
1.554 3.634034 0.027294
1.555 3.633650 0.026490
1.556 3.633266 0.025686
1.557 3.632787 0.025046
1.558 3.632190 0.024610
1.559 3.631594 0.024174
1.560 3.630997 0.023738
1.561 3.630400 0.023302
1.562 3.629803 0.022866
1.563 3.629207 0.022430
1.564 3.628610 0.021994
1.565 3.628013 0.021558
1.566 3.627417 0.021122
1.567 3.626820 0.020686
1.568 3.626223 0.020250
1.569 3.625627 0.019814
1.570 3.625030 0.019377
1.571 3.624433 0.018941
1.572 3.623836 0.018505
1.573 3.623240 0.018069
1.574 3.622643 0.017633
1.575 3.622046 0.017197
1.576 3.621450 0.016763
1.577 3.620855 0.016473
1.578 3.620261 0.016184
1.579 3.619667 0.015895
1.580 3.619073 0.015606
1.581 3.618479 0.015317
1.582 3.617885 0.015028
1.583 3.617291 0.014739
1.584 3.616696 0.014450
1.585 3.616102 0.014161
1.586 3.615508 0.013872
1.587 3.614914 0.013583
1.588 3.614320 0.013294
1.589 3.613726 0.013005
1.590 3.613132 0.012716
1.591 3.612537 0.012427
1.592 3.611943 0.012138
1.593 3.611349 0.011849
1.594 3.610755 0.011560
1.595 3.610161 0.011271
1.596 3.609569 0.010989
1.597 3.609000 0.010779
1.598 3.608431 0.010570
1.599 3.607862 0.010361
1.600 3.607293 0.010151
1.601 3.606724 0.009942
1.602 3.606155 0.009733
1.603 3.605586 0.009523
1.604 3.605017 0.009314
1.605 3.604448 0.009105
1.606 3.603879 0.008895
1.607 3.603310 0.008686
1.608 3.602741 0.008477
1.609 3.602172 0.008267
1.610 3.601603 0.008058
1.611 3.601034 0.007849
1.612 3.600465 0.007639
1.613 3.599896 0.007430
1.614 3.599327 0.007221
1.615 3.598758 0.007011
1.616 3.598189 0.006802
1.617 3.597616 0.006637
1.618 3.597043 0.006498
1.619 3.596469 0.006359
1.620 3.595895 0.006219
1.621 3.595321 0.006080
1.622 3.594747 0.005940
1.623 3.594174 0.005801
1.624 3.593600 0.005661
1.625 3.593026 0.005522
1.626 3.592452 0.005382
1.627 3.591878 0.005243
1.628 3.591305 0.005104
1.629 3.590731 0.004964
1.630 3.590157 0.004825
1.631 3.589583 0.004685
1.632 3.589009 0.004546
1.633 3.588436 0.004406
1.634 3.587862 0.004267
1.635 3.587288 0.004127
1.636 3.586714 0.003988
1.637 3.586140 0.003848
1.638 3.585579 0.003762
1.639 3.585023 0.003701
1.640 3.584468 0.003640
1.641 3.583912 0.003579
1.642 3.583357 0.003518
1.643 3.582802 0.003457
1.644 3.582246 0.003397
1.645 3.581691 0.003336
1.646 3.581135 0.003275
1.647 3.580580 0.003214
1.648 3.580024 0.003153
1.649 3.579469 0.003092
1.650 3.578913 0.003031
1.651 3.578358 0.002970
1.652 3.577802 0.002910
1.653 3.577247 0.002849
1.654 3.576691 0.002788
1.655 3.576136 0.002727
1.656 3.575580 0.002666
1.657 3.575025 0.002605
1.658 3.574469 0.002544
1.659 3.573920 0.002486
1.660 3.573406 0.002439
1.661 3.572891 0.002393
1.662 3.572377 0.002347
1.663 3.571863 0.002301
1.664 3.571348 0.002255
1.665 3.570834 0.002208
1.666 3.570320 0.002162
1.667 3.569805 0.002116
1.668 3.569291 0.002070
1.669 3.568777 0.002024
1.670 3.568262 0.001977
1.671 3.567748 0.001931
1.672 3.567234 0.001885
1.673 3.566719 0.001839
1.674 3.566205 0.001793
1.675 3.565691 0.001746
1.676 3.565177 0.001700
1.677 3.564662 0.001654
1.678 3.564148 0.001608
1.679 3.563634 0.001562
1.680 3.563119 0.001515
1.681 3.562607 0.001471
1.682 3.562137 0.001458
1.683 3.561667 0.001446
1.684 3.561196 0.001433
1.685 3.560726 0.001421
1.686 3.560255 0.001408
1.687 3.559785 0.001395
1.688 3.559314 0.001383
1.689 3.558844 0.001370
1.690 3.558373 0.001358
1.691 3.557903 0.001345
1.692 3.557432 0.001332
1.693 3.556962 0.001320
1.694 3.556491 0.001307
1.695 3.556021 0.001295
1.696 3.555551 0.001282
1.697 3.555080 0.001269
1.698 3.554610 0.001257
1.699 3.554139 0.001244
1.700 3.553669 0.001232
1.701 3.553198 0.001219
1.702 3.552728 0.001206
1.703 3.552257 0.001194
1.704 3.551803 0.001181
1.705 3.551377 0.001167
1.706 3.550952 0.001154
1.707 3.550526 0.001140
1.708 3.550100 0.001127
1.709 3.549675 0.001113
1.710 3.549249 0.001100
1.711 3.548823 0.001086
1.712 3.548397 0.001073
1.713 3.547972 0.001059
1.714 3.547546 0.001046
1.715 3.547120 0.001032
1.716 3.546695 0.001019
1.717 3.546269 0.001006
1.718 3.545843 0.000992
1.719 3.545417 0.000979
1.720 3.544992 0.000965
1.721 3.544566 0.000952
1.722 3.544140 0.000938
1.723 3.543715 0.000925
1.724 3.543289 0.000911
1.725 3.542863 0.000898
1.726 3.542437 0.000884
1.727 3.542014 0.000871
1.728 3.541623 0.000860
1.729 3.541233 0.000850
1.730 3.540843 0.000839
1.731 3.540453 0.000829
1.732 3.540063 0.000818
1.733 3.539673 0.000808
1.734 3.539283 0.000797
1.735 3.538893 0.000786
1.736 3.538503 0.000776
1.737 3.538112 0.000765
1.738 3.537722 0.000755
1.739 3.537332 0.000744
1.740 3.536942 0.000734
1.741 3.536552 0.000723
1.742 3.536162 0.000712
1.743 3.535772 0.000702
1.744 3.535382 0.000691
1.745 3.534992 0.000681
1.746 3.534601 0.000670
1.747 3.534211 0.000660
1.748 3.533821 0.000649
1.749 3.533431 0.000639
1.750 3.533041 0.000628
1.751 3.532654 0.000619
1.752 3.532294 0.000619
1.753 3.531933 0.000620
1.754 3.531573 0.000621
1.755 3.531213 0.000622
1.756 3.530853 0.000623
1.757 3.530493 0.000624
1.758 3.530133 0.000625
1.759 3.529773 0.000626
1.760 3.529412 0.000627
1.761 3.529052 0.000628
1.762 3.528692 0.000629
1.763 3.528332 0.000630
1.764 3.527972 0.000631
1.765 3.527612 0.000632
1.766 3.527252 0.000633
1.767 3.526891 0.000633
1.768 3.526531 0.000634
1.769 3.526171 0.000635
1.770 3.525811 0.000636
1.771 3.525451 0.000637
1.772 3.525091 0.000638
1.773 3.524730 0.000639
1.774 3.524370 0.000640
1.775 3.524010 0.000641
1.776 3.523661 0.000638
1.777 3.523323 0.000629
1.778 3.522986 0.000621
1.779 3.522649 0.000612
1.780 3.522312 0.000604
1.781 3.521975 0.000596
1.782 3.521637 0.000587
1.783 3.521300 0.000579
1.784 3.520963 0.000571
1.785 3.520626 0.000562
1.786 3.520288 0.000554
1.787 3.519951 0.000545
1.788 3.519614 0.000537
1.789 3.519277 0.000529
1.790 3.518939 0.000520
1.791 3.518602 0.000512
1.792 3.518265 0.000503
1.793 3.517928 0.000495
1.794 3.517591 0.000487
1.795 3.517253 0.000478
1.796 3.516916 0.000470
1.797 3.516579 0.000462
1.798 3.516242 0.000453
1.799 3.515904 0.000445
1.800 3.515567 0.000436
1.801 NaN NaN
1.802 NaN NaN
1.803 NaN NaN
1.804 NaN NaN
1.805 NaN NaN
1.806 NaN NaN
1.807 NaN NaN
1.808 NaN NaN
1.809 NaN NaN
1.810 NaN NaN
1.811 NaN NaN
1.812 NaN NaN
1.813 NaN NaN
1.814 NaN NaN
1.815 NaN NaN
1.816 NaN NaN
1.817 NaN NaN
1.818 NaN NaN
1.819 NaN NaN
1.820 NaN NaN
1.821 NaN NaN
1.822 NaN NaN
1.823 NaN NaN
1.824 NaN NaN
1.825 NaN NaN
1.826 NaN NaN
1.827 NaN NaN
1.828 NaN NaN
1.829 NaN NaN
1.830 NaN NaN
1.831 NaN NaN
1.832 NaN NaN
1.833 NaN NaN
1.834 NaN NaN
1.835 NaN NaN
1.836 NaN NaN
1.837 NaN NaN
1.838 NaN NaN
1.839 NaN NaN
1.840 NaN NaN
1.841 NaN NaN
1.842 NaN NaN
1.843 NaN NaN
1.844 NaN NaN
1.845 NaN NaN
1.846 NaN NaN
1.847 NaN NaN
1.848 NaN NaN
1.849 NaN NaN
1.850 NaN NaN
1.851 NaN NaN
1.852 NaN NaN
1.853 NaN NaN
1.854 NaN NaN
1.855 NaN NaN
1.856 NaN NaN
1.857 NaN NaN
1.858 NaN NaN
1.859 NaN NaN
1.860 NaN NaN
1.861 NaN NaN
1.862 NaN NaN
1.863 NaN NaN
1.864 NaN NaN
1.865 NaN NaN
1.866 NaN NaN
1.867 NaN NaN
1.868 NaN NaN
1.869 NaN NaN
1.870 NaN NaN
1.871 NaN NaN
1.872 NaN NaN
1.873 NaN NaN
1.874 NaN NaN
1.875 NaN NaN
1.876 NaN NaN
1.877 NaN NaN
1.878 NaN NaN
1.879 NaN NaN
1.880 NaN NaN
1.881 NaN NaN
1.882 NaN NaN
1.883 NaN NaN
1.884 NaN NaN
1.885 NaN NaN
1.886 NaN NaN
1.887 NaN NaN
1.888 NaN NaN
1.889 NaN NaN
1.890 NaN NaN
1.891 NaN NaN
1.892 NaN NaN
1.893 NaN NaN
1.894 NaN NaN
1.895 NaN NaN
1.896 NaN NaN
1.897 NaN NaN
1.898 NaN NaN
1.899 NaN NaN
1.900 NaN NaN
1.901 NaN NaN
1.902 NaN NaN
1.903 NaN NaN
1.904 NaN NaN
1.905 NaN NaN
1.906 NaN NaN
1.907 NaN NaN
1.908 NaN NaN
1.909 NaN NaN
1.910 NaN NaN
1.911 NaN NaN
1.912 NaN NaN
1.913 NaN NaN
1.914 NaN NaN
1.915 NaN NaN
1.916 NaN NaN
1.917 NaN NaN
1.918 NaN NaN
1.919 NaN NaN
1.920 NaN NaN
1.921 NaN NaN
1.922 NaN NaN
1.923 NaN NaN
1.924 NaN NaN
1.925 NaN NaN
1.926 NaN NaN
1.927 NaN NaN
1.928 NaN NaN
1.929 NaN NaN
1.930 NaN NaN
1.931 NaN NaN
1.932 NaN NaN
1.933 NaN NaN
1.934 NaN NaN
1.935 NaN NaN
1.936 NaN NaN
1.937 NaN NaN
1.938 NaN NaN
1.939 NaN NaN
1.940 NaN NaN
1.941 NaN NaN
1.942 NaN NaN
1.943 NaN NaN
1.944 NaN NaN
1.945 NaN NaN
1.946 NaN NaN
1.947 NaN NaN
1.948 NaN NaN
1.949 NaN NaN
1.950 NaN NaN