0.253 1.883535 3.181347
0.254 1.925129 3.202710
0.255 1.961945 3.219397
0.256 1.998380 3.233855
0.257 2.039225 3.248226
0.258 2.081812 3.262587
0.259 2.123918 3.276915
0.260 2.164987 3.291154
0.261 2.213195 3.305195
0.262 2.255800 3.318941
0.263 2.303094 3.324420
0.264 2.351737 3.335515
0.265 2.401108 3.336326
0.266 2.457555 3.341191
0.267 2.508454 3.339781
0.268 2.557249 3.335959
0.269 2.610960 3.331320
0.270 2.662113 3.323784
0.271 2.714932 3.311856
0.272 2.764338 3.297818
0.273 2.816228 3.283660
0.274 2.862974 3.263856
0.275 2.913809 3.243537
0.276 2.958502 3.223244
0.277 3.001356 3.196855
0.278 3.042791 3.171947
0.279 3.083650 3.140328
0.280 3.123979 3.114945
0.281 3.163548 3.084246
0.282 3.196010 3.049852
0.283 3.227363 3.013117
0.284 3.260955 2.980941
0.285 3.287921 2.945278
0.286 3.313108 2.910112
0.287 3.337886 2.873182
0.288 3.361450 2.836135
0.289 3.379170 2.801383
0.290 3.396158 2.766906
0.291 3.415869 2.729937
0.292 3.428396 2.694617
0.293 3.439914 2.656887
0.294 3.451191 2.621895
0.295 3.461469 2.589587
0.296 3.466552 2.555052
0.297 3.470445 2.525670
0.298 3.476605 2.491876
0.299 3.481343 2.463343
0.300 3.484380 2.429445
0.301 3.483687 2.401578
0.302 3.482422 2.374646
0.303 3.481116 2.348549
0.304 3.479843 2.322604
0.305 3.478607 2.296812
0.306 3.475430 2.278280
0.307 3.468844 2.254465
0.308 3.465922 2.236048
0.309 3.457918 2.212765
0.310 3.455052 2.192707
0.311 3.447024 2.171646
0.312 3.444197 2.156844
0.313 3.438193 2.139179
0.314 3.433347 2.123081
0.315 3.424336 2.109592
0.316 3.417873 2.097124
0.317 3.413217 2.084792
0.318 3.409212 2.072531
0.319 3.403019 2.060341
0.320 3.394597 2.048205
0.321 3.389782 2.036131
0.322 3.382776 2.024116
0.323 3.375493 2.017253
0.324 3.370670 2.008425
0.325 3.362476 1.999669
0.326 3.360693 1.993459
0.327 3.353514 1.983152
0.328 3.349569 1.978279
0.329 3.342100 1.971201
0.330 3.339747 1.964801
0.331 3.333269 1.960598
0.332 3.330340 1.953466
0.333 3.326046 1.951271
0.334 3.321039 1.945932
0.335 3.319030 1.942709
0.336 3.311707 1.940342
0.337 3.310234 1.934190
0.338 3.304272 1.933076
0.339 3.301009 1.932153
0.340 3.299277 1.925720
0.341 3.296371 1.924107
0.342 3.291513 1.923586
0.343 3.289668 1.923559
0.344 3.288958 1.923613
0.345 3.288702 1.923673
0.346 3.285364 1.920645
0.347 3.280604 1.916190
0.348 3.279200 1.915086
0.349 3.278680 1.914859
0.350 3.278464 1.914933
0.351 3.278269 1.915024
0.352 3.278086 1.915122
0.353 3.277911 1.915226
0.354 3.277747 1.915334
0.355 3.277589 1.915446
0.356 3.277438 1.915562
0.357 3.277298 1.915686
0.358 3.277170 1.915817
0.359 3.277047 1.921489
0.360 3.276930 1.923754
0.361 3.276820 1.925135
0.362 3.276720 1.925491
0.363 3.276627 1.925644
0.364 3.276684 1.925802
0.365 3.281502 1.925965
0.366 3.284159 1.926556
0.367 3.285326 1.933260
0.368 3.285384 1.934274
0.369 3.287986 1.935688
0.370 3.292430 1.935979
0.371 3.293790 1.936175
0.372 3.294283 1.936737
0.373 3.294817 1.942098
0.374 3.301089 1.944581
0.375 3.302142 1.945796
0.376 3.305212 1.946341
0.377 3.310519 1.948931
0.378 3.311632 1.953914
0.379 3.316342 1.955448
0.380 3.319904 1.956270
0.381 3.321436 1.956872
0.382 3.327082 1.962185
0.383 3.329550 1.964835
0.384 3.331755 1.966128
0.385 3.337484 1.968308
0.386 3.340576 1.974078
0.387 3.347054 1.975240
0.388 3.348563 1.976514
0.389 3.352778 1.980313
0.390 3.356653 1.984168
0.391 3.362505 1.985856
0.392 3.366771 1.987252
0.393 3.372934 1.992561
0.394 3.376261 1.994968
0.395 3.382863 1.997115
0.396 3.385650 2.003531
0.397 3.393922 2.005143
0.398 3.401821 2.007307
0.399 3.405761 2.013458
0.400 3.412433 2.015493
0.401 3.415785 2.018838
0.402 3.424074 2.024399
0.403 3.432565 2.027821
0.404 3.439633 2.034033
0.405 3.445047 2.035707
0.406 3.453394 2.039985
0.407 3.462323 2.044487
0.408 3.468246 2.049573
0.409 3.474245 2.054382
0.410 3.482906 2.059608
0.411 3.491632 2.064198
0.412 3.501088 2.069917
0.413 3.514846 2.074008
0.414 3.527184 2.080205
0.415 3.537960 2.084171
0.416 3.548275 2.090144
0.417 3.562356 2.094200
0.418 3.574707 2.100063
0.419 3.590144 2.103863
0.420 3.607509 2.110062
0.421 3.620598 2.113131
0.422 3.636613 2.114960
0.423 3.653903 2.116132
0.424 3.671786 2.116656
0.425 3.690180 2.117071
0.426 3.708919 2.113041
0.427 3.731640 2.110705
0.428 3.752299 2.105398
0.429 3.771853 2.098203
0.430 3.790932 2.090479
0.431 3.805320 2.081964
0.432 3.820534 2.069650
0.433 3.833963 2.058220
0.434 3.847835 2.048735
0.435 3.861593 2.036107
0.436 3.872056 2.024192
0.437 3.879171 2.011787
0.438 3.885011 1.998803
0.439 3.890545 1.989272
0.440 3.892394 1.977716
0.441 3.896234 1.964808
0.442 3.901340 1.957849
0.443 3.903065 1.953378
0.444 3.904728 1.945368
0.445 3.905810 1.939803
0.446 3.906479 1.937988
0.447 3.907157 1.936936
0.448 3.907854 1.936891
0.449 3.908588 1.937432
0.450 3.909552 1.938230
0.451 3.914823 1.943305
0.452 3.918344 1.946616
0.453 3.924409 1.952429
0.454 3.932724 1.960499
0.455 3.937955 1.968461
0.456 3.946315 1.977234
0.457 3.958771 1.983464
0.458 3.970215 1.988643
0.459 3.986645 1.996672
0.460 4.003578 2.004615
0.461 4.020963 2.012891
0.462 4.039589 2.021592
0.463 4.062719 2.030330
0.464 4.087223 2.034055
0.465 4.112571 2.040069
0.466 4.138615 2.044153
0.467 4.168282 2.045678
0.468 4.200187 2.044202
0.469 4.232601 2.039666
0.470 4.265485 2.033351
0.471 4.298397 2.026017
0.472 4.331215 2.015630
0.473 4.363926 2.002081
0.474 4.395749 1.986453
0.475 4.425014 1.967530
0.476 4.453236 1.945396
0.477 4.483909 1.922566
0.478 4.511165 1.898820
0.479 4.536643 1.871383
0.480 4.559752 1.840507
0.481 4.578412 1.809124
0.482 4.596663 1.777265
0.483 4.613767 1.744946
0.484 4.628343 1.712212
0.485 4.640439 1.679211
0.486 4.652337 1.646059
0.487 4.661460 1.612856
0.488 4.664585 1.579733
0.489 4.669022 1.547133
0.490 4.670894 1.515766
0.491 4.670474 1.486526
0.492 4.669511 1.458327
0.493 4.666582 1.429244
0.494 4.661434 1.403611
0.495 4.657240 1.378603
0.496 4.651343 1.353727
0.497 4.643837 1.329062
0.498 4.636871 1.304770
0.499 4.631473 1.281280
0.500 4.626904 1.259294
0.501 4.620309 1.239269
0.502 4.612242 1.219239
0.503 4.604151 1.199759
0.504 4.595733 1.183269
0.505 4.586803 1.166891
0.506 4.576993 1.150588
0.507 4.565564 1.134463
0.508 4.554817 1.118834
0.509 4.546795 1.103679
0.510 4.538788 1.089522
0.511 4.530794 1.079270
0.512 4.522814 1.065768
0.513 4.514850 1.053971
0.514 4.506902 1.042495
0.515 4.498971 1.029041
0.516 4.491056 1.019196
0.517 4.483159 1.006213
0.518 4.475280 0.995982
0.519 4.467418 0.987339
0.520 4.459573 0.978578
0.521 4.451745 0.969538
0.522 4.444057 0.960609
0.523 4.436751 0.952003
0.524 4.429856 0.943584
0.525 4.423170 0.935611
0.526 4.420539 0.927749
0.527 4.414103 0.920008
0.528 4.406582 0.912596
0.529 4.398902 0.905440
0.530 4.391507 0.898436
0.531 4.384515 0.891572
0.532 4.377826 0.884953
0.533 4.372038 0.878636
0.534 4.369623 0.872342
0.535 4.362421 0.866093
0.536 4.355546 0.859931
0.537 4.348955 0.853859
0.538 4.343670 0.848007
0.539 4.339349 0.842403
0.540 4.334597 0.836959
0.541 4.328260 0.831544
0.542 4.322443 0.826170
0.543 4.319442 0.820869
0.544 4.314191 0.815597
0.545 4.307677 0.810602
0.546 4.302502 0.805785
0.547 4.300309 0.800725
0.548 4.294864 0.796012
0.549 4.291027 0.791417
0.550 4.286718 0.786855
0.551 4.281404 0.782325
0.552 4.275614 0.777843
0.553 4.271047 0.773425
0.554 4.268314 0.769152
0.555 4.263660 0.765091
0.556 4.260071 0.760934
0.557 4.257052 0.756738
0.558 4.251047 0.752877
0.559 4.249782 0.748611
0.560 4.244900 0.744728
0.561 4.240890 0.740984
0.562 4.238302 0.737257
0.563 4.233043 0.733541
0.564 4.230373 0.729843
0.565 4.226478 0.726157
0.566 4.222407 0.722479
0.567 4.219171 0.718809
0.568 4.215406 0.715152
0.569 4.211528 0.711544
0.570 4.208194 0.707981
0.571 4.205283 0.704472
0.572 4.201364 0.701070
0.573 4.199742 0.697818
0.574 4.197902 0.694449
0.575 4.194978 0.690973
0.576 4.189934 0.687581
0.577 4.187526 0.684494
0.578 4.183770 0.681285
0.579 4.179120 0.677992
0.580 4.177839 0.675024
0.581 4.173318 0.672068
0.582 4.169998 0.668933
0.583 4.168932 0.665629
0.584 4.168077 0.662741
0.585 4.163962 0.659833
0.586 4.159995 0.656924
0.587 4.158745 0.654031
0.588 4.157838 0.650770
0.589 4.154662 0.647726
0.590 4.150269 0.644874
0.591 4.148734 0.642070
0.592 4.147508 0.639274
0.593 4.145021 0.636482
0.594 4.139947 0.633697
0.595 4.137976 0.630921
0.596 4.134899 0.628161
0.597 4.130627 0.625420
0.598 4.128795 0.622732
0.599 4.127542 0.620047
0.600 4.126027 0.617423
0.601 4.121705 0.615071
0.602 4.119157 0.612518
0.603 4.117545 0.609872
0.604 4.116664 0.607178
0.605 4.113227 0.604525
0.606 4.109992 0.601883
0.607 4.108594 0.599245
0.608 4.107614 0.596909
0.609 4.106735 0.594544
0.610 4.105896 0.592014
0.611 4.101988 0.589413
0.612 4.098526 0.586930
0.613 4.096946 0.584695
0.614 4.096025 0.582221
0.615 4.094018 0.579688
0.616 4.089341 0.577129
0.617 4.087306 0.574896
0.618 4.086140 0.572659
0.619 4.085417 0.570146
0.620 4.081898 0.567925
0.621 4.077874 0.565758
0.622 4.077255 0.563248
0.623 4.076457 0.560986
0.624 4.075533 0.558876
0.625 4.074471 0.556410
0.626 4.071982 0.554106
0.627 4.067825 0.551993
0.628 4.066758 0.549617
0.629 4.066021 0.547299
0.630 4.065061 0.545206
0.631 4.063574 0.542951
0.632 4.061680 0.540650
0.633 4.057965 0.538629
0.634 4.055558 0.536555
0.635 4.054611 0.534422
0.636 4.052507 0.532201
0.637 4.050128 0.530018
0.638 4.047500 0.528025
0.639 4.045972 0.525928
0.640 4.045237 0.523755
0.641 4.044443 0.521645
0.642 4.042967 0.519579
0.643 4.039723 0.517617
0.644 4.037449 0.515663
0.645 4.035789 0.513713
0.646 4.034942 0.511485
0.647 4.034186 0.509317
0.648 4.033540 0.507373
0.649 4.030838 0.505447
0.650 4.026560 0.503533
0.651 4.025480 0.501600
0.652 4.024849 0.499660
0.653 4.023987 0.497695
0.654 4.022836 0.495633
0.655 4.021315 0.493451
0.656 4.018696 0.491504
0.657 4.015635 0.489653
0.658 4.015255 0.487808
0.659 4.014851 0.485966
0.660 4.014167 0.484129
0.661 4.013467 0.482296
0.662 4.012751 0.480466
0.663 4.010234 0.478640
0.664 4.006999 0.476815
0.665 4.005481 0.474997
0.666 4.004171 0.473180
0.667 4.003403 0.471369
0.668 4.002606 0.469561
0.669 4.001759 0.467757
0.670 3.999311 0.465955
0.671 3.995630 0.464156
0.672 3.994266 0.462362
0.673 3.993661 0.460570
0.674 3.992917 0.458784
0.675 3.991990 0.456999
0.676 3.989514 0.455220
0.677 3.987233 0.453441
0.678 3.985511 0.451668
0.679 3.984296 0.449896
0.680 3.983820 0.448129
0.681 3.983205 0.446365
0.682 3.982472 0.444605
0.683 3.981653 0.442850
0.684 3.980793 0.441099
0.685 3.977859 0.439381
0.686 3.974379 0.437673
0.687 3.973493 0.435985
0.688 3.972900 0.434300
0.689 3.972229 0.432777
0.690 3.971385 0.431250
0.691 3.968622 0.429680
0.692 3.966102 0.428092
0.693 3.964888 0.426400
0.694 3.963827 0.424714
0.695 3.963303 0.423052
0.696 3.962721 0.421399
0.697 3.961985 0.419773
0.698 3.960999 0.418217
0.699 3.959481 0.416813
0.700 3.957649 0.415320
0.701 3.955238 0.413663
0.702 3.953572 0.412009
0.703 3.953163 0.410358
0.704 3.952658 0.408821
0.705 3.951998 0.407466
0.706 3.951381 0.406027
0.707 3.950835 0.404451
0.708 3.949188 0.402876
0.709 3.945643 0.401304
0.710 3.943122 0.399802
0.711 3.942568 0.398436
0.712 3.942002 0.396992
0.713 3.941409 0.395372
0.714 3.940240 0.393820
0.715 3.937411 0.392461
0.716 3.934968 0.391069
0.717 3.934081 0.389544
0.718 3.933243 0.388018
0.719 3.932749 0.386487
0.720 3.932248 0.384966
0.721 3.931604 0.383661
0.722 3.930960 0.382356
0.723 3.928858 0.380974
0.724 3.926675 0.379588
0.725 3.925111 0.378165
0.726 3.923666 0.376735
0.727 3.922931 0.375441
0.728 3.922474 0.374200
0.729 3.921898 0.372814
0.730 3.921237 0.371324
0.731 3.920108 0.369915
0.732 3.918381 0.368612
0.733 3.916625 0.367299
0.734 3.914795 0.365961
0.735 3.913119 0.364612
0.736 3.912678 0.363173
0.737 3.912236 0.361735
0.738 3.911608 0.360499
0.739 3.910965 0.359280
0.740 3.909734 0.357928
0.741 3.908284 0.356527
0.742 3.906397 0.355172
0.743 3.904107 0.353860
0.744 3.902317 0.352567
0.745 3.901715 0.351320
0.746 3.901110 0.350078
0.747 3.900444 0.348915
0.748 3.899778 0.347752
0.749 3.897383 0.346407
0.750 3.894580 0.345020
0.751 3.893100 0.343684
0.752 3.892720 0.342391
0.753 3.892282 0.341117
0.754 3.891687 0.339891
0.755 3.891092 0.338666
0.756 3.890369 0.337544
0.757 3.889643 0.336423
0.758 3.887638 0.335163
0.759 3.885008 0.333834
0.760 3.883164 0.332587
0.761 3.882767 0.331491
0.762 3.882366 0.330396
0.763 3.881765 0.329322
0.764 3.881164 0.328248
0.765 3.880332 0.326999
0.766 3.879386 0.325666
0.767 3.878031 0.324416
0.768 3.875757 0.323351
0.769 3.873482 0.322287
0.770 3.872970 0.321205
0.771 3.872589 0.320123
0.772 3.872099 0.319041
0.773 3.871515 0.317959
0.774 3.870828 0.316852
0.775 3.869460 0.315569
0.776 3.868092 0.314287
0.777 3.866422 0.313188
0.778 3.864628 0.312164
0.779 3.863217 0.311141
0.780 3.862831 0.310120
0.781 3.862445 0.309100
0.782 3.861930 0.308082
0.783 3.861385 0.307065
0.784 3.860354 0.306040
0.785 3.858423 0.304999
0.786 3.856492 0.303958
0.787 3.855185 0.302902
0.788 3.853974 0.301844
0.789 3.853050 0.300773
0.790 3.852617 0.299678
0.791 3.852185 0.298584
0.792 3.851743 0.297401
0.793 3.851299 0.296202
0.794 3.850159 0.295077
0.795 3.847545 0.294106
0.796 3.844931 0.293135
0.797 3.843957 0.292181
0.798 3.843464 0.291231
0.799 3.842971 0.290309
0.800 3.842477 0.289488
0.801 3.841983 0.288667
0.802 3.841596 0.287808
0.803 3.841273 0.286925
0.804 3.840879 0.286040
0.805 3.838184 0.285055
0.806 3.835490 0.284070
0.807 3.833781 0.283086
0.808 3.833455 0.282105
0.809 3.833130 0.281123
0.810 3.832637 0.280155
0.811 3.832098 0.279191
0.812 3.831478 0.278230
0.813 3.830339 0.277292
0.814 3.829199 0.276355
0.815 3.827771 0.275415
0.816 3.826016 0.274475
0.817 3.824260 0.273534
0.818 3.823589 0.272787
0.819 3.823212 0.272093
0.820 3.822831 0.271380
0.821 3.822394 0.270455
0.822 3.821957 0.269530
0.823 3.820847 0.268601
0.824 3.818567 0.267666
0.825 3.816287 0.266730
0.826 3.815044 0.265951
0.827 3.814417 0.265264
0.828 3.813790 0.264577
0.829 3.813283 0.263695
0.830 3.812794 0.262783
0.831 3.812321 0.261872
0.832 3.812003 0.260963
0.833 3.811684 0.260054
0.834 3.810720 0.259217
0.835 3.808280 0.258546
0.836 3.805840 0.257875
0.837 3.804453 0.257093
0.838 3.804148 0.256199
0.839 3.803843 0.255305
0.840 3.803422 0.254569
0.841 3.802941 0.253912
0.842 3.802460 0.253255
0.843 3.800956 0.252525
0.844 3.799215 0.251779
0.845 3.797473 0.251032
0.846 3.796398 0.250243
0.847 3.795363 0.249452
0.848 3.794360 0.248663
0.849 3.793909 0.247908
0.850 3.793458 0.247154
0.851 3.793035 0.246398
0.852 3.792774 0.245633
0.853 3.792513 0.244869
0.854 3.791790 0.244133
0.855 3.789393 0.243502
0.856 3.786996 0.242871
0.857 3.785160 0.242233
0.858 3.784868 0.241575
0.859 3.784576 0.240917
0.860 3.784236 0.240234
0.861 3.783782 0.239493
0.862 3.783328 0.238751
0.863 3.782475 0.238077
0.864 3.780725 0.237555
0.865 3.778975 0.237032
0.866 3.777475 0.236444
0.867 3.776567 0.235701
0.868 3.775659 0.234957
0.869 3.774865 0.234241
0.870 3.774389 0.233599
0.871 3.773914 0.232957
0.872 3.773457 0.232325
0.873 3.773074 0.231730
0.874 3.772691 0.231135
0.875 3.772083 0.230537
0.876 3.770045 0.229927
0.877 3.768007 0.229316
0.878 3.766040 0.228706
0.879 3.765817 0.228116
0.880 3.765594 0.227526
0.881 3.765371 0.226936
0.882 3.764937 0.226434
0.883 3.764485 0.225940
0.884 3.764032 0.225446
0.885 3.763761 0.224805
0.886 3.763541 0.224122
0.887 3.763321 0.223440
0.888 3.761862 0.222889
0.889 3.759629 0.222421
0.890 3.757396 0.221953
0.891 3.755981 0.221477
0.892 3.755654 0.220990
0.893 3.755328 0.220503
0.894 3.754997 0.220017
0.895 3.754655 0.219530
0.896 3.754314 0.219043
0.897 3.753972 0.218557
0.898 3.751809 0.217890
0.899 3.749623 0.217221
0.900 3.747438 0.216552
0.901 3.746691 0.216041
0.902 3.746471 0.215588
0.903 3.746251 0.215135
0.904 3.745923 0.214683
0.905 3.745463 0.214231
0.906 3.745003 0.213780
0.907 3.744412 0.213329
0.908 3.743068 0.212879
0.909 3.741723 0.212430
0.910 3.740379 0.211980
0.911 3.739403 0.211532
0.912 3.738507 0.211084
0.913 3.737611 0.210637
0.914 3.737023 0.210190
0.915 3.736782 0.209743
0.916 3.736542 0.209297
0.917 3.736286 0.208852
0.918 3.735876 0.208411
0.919 3.735466 0.207971
0.920 3.735056 0.207531
0.921 3.733811 0.207104
0.922 3.732191 0.206684
0.923 3.730570 0.206264
0.924 3.729223 0.205848
0.925 3.728648 0.205440
0.926 3.728073 0.205033
0.927 3.727498 0.204625
0.928 3.727151 0.204336
0.929 3.726857 0.204075
0.930 3.726564 0.203814
0.931 3.726261 0.203508
0.932 3.725937 0.203110
0.933 3.725613 0.202712
0.934 3.725289 0.202313
0.935 3.723576 0.201918
0.936 3.721569 0.201523
0.937 3.719561 0.201127
0.938 3.718098 0.200761
0.939 3.717950 0.200464
0.940 3.717801 0.200166
0.941 3.717653 0.199869
0.942 3.717340 0.199552
0.943 3.716967 0.199228
0.944 3.716595 0.198904
0.945 3.716246 0.198569
0.946 3.716037 0.198170
0.947 3.715829 0.197771
0.948 3.715620 0.197373
0.949 3.714500 0.197079
0.950 3.712590 0.196877
0.951 3.710680 0.196674
0.952 3.708770 0.196472
0.953 3.708491 0.196077
0.954 3.708405 0.195659
0.955 3.708318 0.195242
0.956 3.708199 0.194863
0.957 3.707968 0.194617
0.958 3.707736 0.194371
0.959 3.707505 0.194125
0.960 3.707209 0.193791
0.961 3.706854 0.193377
0.962 3.706499 0.192963
0.963 3.706144 0.192549
0.964 3.705205 0.192156
0.965 3.704122 0.191768
0.966 3.703039 0.191380
0.967 3.701985 0.190996
0.968 3.701518 0.190693
0.969 3.701051 0.190389
0.970 3.700585 0.190086
0.971 3.700134 0.189834
0.972 3.699730 0.189723
0.973 3.699325 0.189612
0.974 3.698921 0.189502
0.975 3.698520 0.189351
0.976 3.698123 0.189152
0.977 3.697727 0.188952
0.978 3.697330 0.188753
0.979 3.696936 0.188473
0.980 3.696543 0.188142
0.981 3.696151 0.187810
0.982 3.695758 0.187478
0.983 3.695376 0.187169
0.984 3.694998 0.186868
0.985 3.694620 0.186568
0.986 3.694242 0.186267
0.987 3.693902 0.185855
0.988 3.693570 0.185420
0.989 3.693238 0.184985
0.990 3.692906 0.184550
0.991 3.692566 0.184202
0.992 3.692225 0.183865
0.993 3.691884 0.183528
0.994 3.691543 0.183191
0.995 3.691195 0.182934
0.996 3.690846 0.182683
0.997 3.690497 0.182433
0.998 3.690148 0.182182
0.999 3.689820 0.181949
1.000 3.689494 0.181718
1.001 3.689167 0.181487
1.002 3.688841 0.181255
1.003 3.688518 0.180954
1.004 3.688195 0.180643
1.005 3.687872 0.180332
1.006 3.687549 0.180022
1.007 3.687230 0.179685
1.008 3.686912 0.179342
1.009 3.686595 0.178999
1.010 3.686277 0.178657
1.011 3.685980 0.178383
1.012 3.685690 0.178136
1.013 3.685401 0.177888
1.014 3.685112 0.177641
1.015 3.684825 0.177381
1.016 3.684540 0.177113
1.017 3.684255 0.176844
1.018 3.683970 0.176576
1.019 3.683671 0.176235
1.020 3.683353 0.175795
1.021 3.683035 0.175356
1.022 3.682718 0.174917
1.023 3.682404 0.174493
1.024 3.682103 0.174126
1.025 3.681802 0.173758
1.026 3.681502 0.173390
1.027 3.681201 0.173023
1.028 3.680901 0.172612
1.029 3.680600 0.172200
1.030 3.680300 0.171789
1.031 3.679999 0.171378
1.032 3.679698 0.171021
1.033 3.679397 0.170684
1.034 3.679095 0.170347
1.035 3.678793 0.170011
1.036 3.678507 0.169680
1.037 3.678241 0.169357
1.038 3.677976 0.169035
1.039 3.677710 0.168712
1.040 3.677444 0.168398
1.041 3.677172 0.168186
1.042 3.676900 0.167974
1.043 3.676627 0.167762
1.044 3.676355 0.167551
1.045 3.676096 0.167241
1.046 3.675843 0.166888
1.047 3.675591 0.166535
1.048 3.675338 0.166182
1.049 3.675086 0.165818
1.050 3.674836 0.165424
1.051 3.674586 0.165031
1.052 3.674336 0.164638
1.053 3.674086 0.164244
1.054 3.673819 0.163767
1.055 3.673547 0.163273
1.056 3.673275 0.162779
1.057 3.673004 0.162285
1.058 3.672736 0.161794
1.059 3.672475 0.161312
1.060 3.672214 0.160830
1.061 3.671953 0.160348
1.062 3.671693 0.159866
1.063 3.671434 0.159491
1.064 3.671176 0.159142
1.065 3.670917 0.158793
1.066 3.670659 0.158444
1.067 3.670401 0.158120
1.068 3.670145 0.157873
1.069 3.669889 0.157627
1.070 3.669632 0.157381
1.071 3.669376 0.157135
1.072 3.669129 0.156848
1.073 3.668887 0.156537
1.074 3.668646 0.156227
1.075 3.668405 0.155916
1.076 3.668163 0.155605
1.077 3.667926 0.155218
1.078 3.667690 0.154830
1.079 3.667453 0.154442
1.080 3.667217 0.154054
1.081 3.666985 0.153678
1.082 3.666766 0.153332
1.083 3.666547 0.152985
1.084 3.666328 0.152639
1.085 3.666110 0.152293
1.086 3.665892 0.151932
1.087 3.665676 0.151559
1.088 3.665460 0.151186
1.089 3.665243 0.150813
1.090 3.665027 0.150440
1.091 3.664794 0.150104
1.092 3.664556 0.149779
1.093 3.664318 0.149453
1.094 3.664081 0.149127
1.095 3.663843 0.148802
1.096 3.663621 0.148556
1.097 3.663399 0.148312
1.098 3.663178 0.148068
1.099 3.662956 0.147824
1.100 3.662733 0.147570
1.101 3.662495 0.147241
1.102 3.662257 0.146912
1.103 3.662020 0.146583
1.104 3.661782 0.146254
1.105 3.661547 0.145930
1.106 3.661325 0.145623
1.107 3.661102 0.145316
1.108 3.660880 0.145009
1.109 3.660657 0.144703
1.110 3.660441 0.144391
1.111 3.660240 0.144065
1.112 3.660039 0.143740
1.113 3.659838 0.143415
1.114 3.659636 0.143090
1.115 3.659431 0.142769
1.116 3.659215 0.142458
1.117 3.658999 0.142148
1.118 3.658783 0.141838
1.119 3.658568 0.141527
1.120 3.658353 0.141232
1.121 3.658143 0.140982
1.122 3.657933 0.140731
1.123 3.657723 0.140481
1.124 3.657513 0.140230
1.125 3.657305 0.139997
1.126 3.657105 0.139840
1.127 3.656905 0.139684
1.128 3.656705 0.139527
1.129 3.656506 0.139370
1.130 3.656306 0.139213
1.131 3.656115 0.139061
1.132 3.655924 0.138908
1.133 3.655733 0.138755
1.134 3.655542 0.138603
1.135 3.655351 0.138450
1.136 3.655166 0.138286
1.137 3.654982 0.138121
1.138 3.654798 0.137956
1.139 3.654614 0.137791
1.140 3.654430 0.137625
1.141 3.654248 0.137455
1.142 3.654067 0.137283
1.143 3.653886 0.137111
1.144 3.653705 0.136939
1.145 3.653524 0.136766
1.146 3.653346 0.136609
1.147 3.653175 0.136474
1.148 3.653003 0.136339
1.149 3.652831 0.136204
1.150 3.652659 0.136069
1.151 3.652486 0.135933
1.152 3.652298 0.135793
1.153 3.652110 0.135654
1.154 3.651922 0.135514
1.155 3.651734 0.135374
1.156 3.651546 0.135234
1.157 3.651367 0.135107
1.158 3.651193 0.134985
1.159 3.651018 0.134863
1.160 3.650843 0.134741
1.161 3.650668 0.134620
1.162 3.650494 0.134489
1.163 3.650319 0.134337
1.164 3.650144 0.134185
1.165 3.649970 0.134033
1.166 3.649795 0.133882
1.167 3.649621 0.133730
1.168 3.649451 0.133547
1.169 3.649282 0.133358
1.170 3.649113 0.133169
1.171 3.648944 0.132981
1.172 3.648775 0.132792
1.173 3.648603 0.132632
1.174 3.648422 0.132532
1.175 3.648242 0.132433
1.176 3.648062 0.132333
1.177 3.647882 0.132234
1.178 3.647702 0.132134
1.179 3.647539 0.132024
1.180 3.647381 0.131910
1.181 3.647224 0.131797
1.182 3.647067 0.131683
1.183 3.646910 0.131569
1.184 3.646752 0.131446
1.185 3.646592 0.131260
1.186 3.646431 0.131074
1.187 3.646271 0.130888
1.188 3.646110 0.130702
1.189 3.645950 0.130516
1.190 3.645784 0.130346
1.191 3.645613 0.130196
1.192 3.645441 0.130046
1.193 3.645269 0.129896
1.194 3.645098 0.129746
1.195 3.644926 0.129596
1.196 3.644755 0.129431
1.197 3.644586 0.129261
1.198 3.644416 0.129091
1.199 3.644246 0.128921
1.200 3.644076 0.128751
1.201 3.643906 0.128581
1.202 3.643741 0.128371
1.203 3.643577 0.128157
1.204 3.643412 0.127944
1.205 3.643248 0.127731
1.206 3.643083 0.127517
1.207 3.642919 0.127314
1.208 3.642761 0.127228
1.209 3.642603 0.127141
1.210 3.642446 0.127055
1.211 3.642288 0.126968
1.212 3.642130 0.126882
1.213 3.641973 0.126797
1.214 3.641819 0.126721
1.215 3.641665 0.126645
1.216 3.641512 0.126568
1.217 3.641358 0.126492
1.218 3.641204 0.126416
1.219 3.641052 0.126326
1.220 3.640903 0.126187
1.221 3.640754 0.126048
1.222 3.640606 0.125909
1.223 3.640457 0.125770
1.224 3.640308 0.125631
1.225 3.640160 0.125487
1.226 3.640016 0.125324
1.227 3.639872 0.125161
1.228 3.639727 0.124998
1.229 3.639583 0.124834
1.230 3.639438 0.124671
1.231 3.639294 0.124509
1.232 3.639156 0.124360
1.233 3.639017 0.124210
1.234 3.638878 0.124060
1.235 3.638740 0.123910
1.236 3.638601 0.123760
1.237 3.638462 0.123610
1.238 3.638329 0.123479
1.239 3.638195 0.123349
1.240 3.638061 0.123219
1.241 3.637927 0.123088
1.242 3.637793 0.122958
1.243 3.637659 0.122828
1.244 3.637529 0.122736
1.245 3.637399 0.122653
1.246 3.637269 0.122571
1.247 3.637140 0.122489
1.248 3.637010 0.122407
1.249 3.636880 0.122325
1.250 3.636753 0.122202
1.251 3.636627 0.122041
1.252 3.636501 0.121880
1.253 3.636375 0.121720
1.254 3.636249 0.121559
1.255 3.636123 0.121398
1.256 3.635998 0.121235
1.257 3.635878 0.121061
1.258 3.635757 0.120887
1.259 3.635636 0.120713
1.260 3.635516 0.120539
1.261 3.635395 0.120365
1.262 3.635274 0.120191
1.263 3.635157 0.119983
1.264 3.635040 0.119766
1.265 3.634922 0.119549
1.266 3.634805 0.119332
1.267 3.634688 0.119115
1.268 3.634571 0.118899
1.269 3.634456 0.118727
1.270 3.634343 0.118640
1.271 3.634230 0.118553
1.272 3.634117 0.118466
1.273 3.634004 0.118379
1.274 3.633891 0.118292
1.275 3.633778 0.118205
1.276 3.633668 0.118076
1.277 3.633558 0.117938
1.278 3.633448 0.117800
1.279 3.633338 0.117662
1.280 3.633228 0.117525
1.281 3.633118 0.117387
1.282 3.633009 0.117234
1.283 3.632903 0.117032
1.284 3.632797 0.116830
1.285 3.632691 0.116628
1.286 3.632586 0.116426
1.287 3.632480 0.116225
1.288 3.632374 0.116023
1.289 3.632270 0.115795
1.290 3.632167 0.115548
1.291 3.632064 0.115301
1.292 3.631961 0.115054
1.293 3.631858 0.114807
1.294 3.631755 0.114560
1.295 3.631653 0.114313
1.296 3.631553 0.114182
1.297 3.631454 0.114071
1.298 3.631355 0.113960
1.299 3.631256 0.113849
1.300 3.631157 0.113738
1.301 3.631058 0.113627
1.302 3.630960 0.113518
1.303 3.630863 0.113437
1.304 3.630766 0.113356
1.305 3.630670 0.113276
1.306 3.630573 0.113195
1.307 3.630477 0.113114
1.308 3.630380 0.113033
1.309 3.630284 0.112951
1.310 3.630190 0.112866
1.311 3.630096 0.112780
1.312 3.630002 0.112694
1.313 3.629908 0.112609
1.314 3.629814 0.112523
1.315 3.629720 0.112437
1.316 3.629627 0.112318
1.317 3.629535 0.112095
1.318 3.629444 0.111872
1.319 3.629353 0.111649
1.320 3.629262 0.111425
1.321 3.629171 0.111202
1.322 3.629079 0.110979
1.323 3.628989 0.110768
1.324 3.628901 0.110600
1.325 3.628813 0.110433
1.326 3.628724 0.110265
1.327 3.628636 0.110097
1.328 3.628548 0.109929
1.329 3.628460 0.109762
1.330 3.628372 0.109588
1.331 3.628286 0.109373
1.332 3.628199 0.109157
1.333 3.628113 0.108942
1.334 3.628026 0.108727
1.335 3.627940 0.108512
1.336 3.627853 0.108297
1.337 3.627767 0.108082
1.338 3.627682 0.107872
1.339 3.627598 0.107662
1.340 3.627514 0.107451
1.341 3.627429 0.107241
1.342 3.627345 0.107031
1.343 3.627260 0.106820
1.344 3.627176 0.106610
1.345 3.627091 0.106393
1.346 3.627007 0.106173
1.347 3.626923 0.105954
1.348 3.626838 0.105734
1.349 3.626754 0.105515
1.350 3.626670 0.105295
1.351 3.626585 0.105075
1.352 3.626502 0.104875
1.353 3.626422 0.104706
1.354 3.626341 0.104537
1.355 3.626260 0.104368
1.356 3.626179 0.104198
1.357 3.626099 0.104029
1.358 3.626018 0.103860
1.359 3.625937 0.103691
1.360 3.625860 0.103530
1.361 3.625783 0.103369
1.362 3.625706 0.103209
1.363 3.625628 0.103048
1.364 3.625551 0.102887
1.365 3.625474 0.102727
1.366 3.625397 0.102566
1.367 3.625319 0.102388
1.368 3.625241 0.102192
1.369 3.625162 0.101996
1.370 3.625084 0.101799
1.371 3.625006 0.101603
1.372 3.624928 0.101407
1.373 3.624849 0.101211
1.374 3.624771 0.101015
1.375 3.624696 0.100822
1.376 3.624620 0.100629
1.377 3.624545 0.100436
1.378 3.624470 0.100243
1.379 3.624395 0.100051
1.380 3.624320 0.099858
1.381 3.624244 0.099665
1.382 3.624170 0.099468
1.383 3.624099 0.099259
1.384 3.624028 0.099051
1.385 3.623957 0.098843
1.386 3.623887 0.098634
1.387 3.623816 0.098426
1.388 3.623745 0.098217
1.389 3.623674 0.098009
1.390 3.623605 0.097808
1.391 3.623539 0.097615
1.392 3.623473 0.097421
1.393 3.623407 0.097227
1.394 3.623341 0.097033
1.395 3.623275 0.096839
1.396 3.623209 0.096646
1.397 3.623143 0.096452
1.398 3.623080 0.096289
1.399 3.623019 0.096139
1.400 3.622958 0.095989
1.401 3.622896 0.095840
1.402 3.622835 0.095690
1.403 3.622774 0.095540
1.404 3.622713 0.095390
1.405 3.622652 0.095240
1.406 3.622595 0.095037
1.407 3.622540 0.094819
1.408 3.622484 0.094602
1.409 3.622429 0.094384
1.410 3.622373 0.094167
1.411 3.622318 0.093949
1.412 3.622263 0.093732
1.413 3.622207 0.093514
1.414 3.622157 0.093334
1.415 3.622109 0.093164
1.416 3.622060 0.092994
1.417 3.622012 0.092823
1.418 3.621964 0.092653
1.419 3.621915 0.092483
1.420 3.621867 0.092313
1.421 3.621819 0.092143
1.422 3.621776 0.091955
1.423 3.621736 0.091758
1.424 3.621695 0.091562
1.425 3.621655 0.091365
1.426 3.621615 0.091169
1.427 3.621574 0.090972
1.428 3.621534 0.090776
1.429 3.621494 0.090580
1.430 3.621461 0.090371
1.431 3.621436 0.090149
1.432 3.621411 0.089927
1.433 3.621387 0.089705
1.434 3.621362 0.089483
1.435 3.621337 0.089261
1.436 3.621312 0.089039
1.437 3.621287 0.088817
1.438 3.621265 0.088591
1.439 3.621251 0.088347
1.440 3.621237 0.088103
1.441 3.621224 0.087860
1.442 3.621210 0.087616
1.443 3.621196 0.087373
1.444 3.621182 0.087129
1.445 3.621169 0.086885
1.446 3.621155 0.086642
1.447 3.621152 0.086322
1.448 3.621151 0.085985
1.449 3.621150 0.085648
1.450 3.621150 0.085311
1.451 3.621149 0.084975
1.452 3.621148 0.084638
1.453 3.621147 0.084301
1.454 3.621146 0.083964
1.455 3.621154 0.083650
1.456 3.621179 0.083377
1.457 3.621204 0.083105
1.458 3.621228 0.082832
1.459 3.621253 0.082560
1.460 3.621278 0.082287
1.461 3.621302 0.082015
1.462 3.621327 0.081742
1.463 3.621352 0.081470
1.464 3.621398 0.081210
1.465 3.621452 0.080953
1.466 3.621505 0.080697
1.467 3.621558 0.080441
1.468 3.621612 0.080185
1.469 3.621665 0.079929
1.470 3.621718 0.079673
1.471 3.621771 0.079417
1.472 3.621827 0.079157
1.473 3.621913 0.078854
1.474 3.621998 0.078552
1.475 3.622083 0.078249
1.476 3.622169 0.077946
1.477 3.622254 0.077643
1.478 3.622339 0.077340
1.479 3.622425 0.077037
1.480 3.622510 0.076734
1.481 3.622608 0.076439
1.482 3.622737 0.076161
1.483 3.622865 0.075884
1.484 3.622994 0.075607
1.485 3.623123 0.075329
1.486 3.623251 0.075052
1.487 3.623380 0.074775
1.488 3.623509 0.074497
1.489 3.623637 0.074220
1.490 3.623788 0.073899
1.491 3.623971 0.073510
1.492 3.624154 0.073122
1.493 3.624337 0.072733
1.494 3.624521 0.072345
1.495 3.624704 0.071956
1.496 3.624887 0.071568
1.497 3.625070 0.071179
1.498 3.625253 0.070791
1.499 3.625462 0.070406
1.500 3.625711 0.070028
1.501 3.625959 0.069650
1.502 3.626208 0.069272
1.503 3.626456 0.068894
1.504 3.626705 0.068516
1.505 3.626953 0.068137
1.506 3.627202 0.067759
1.507 3.627450 0.067381
1.508 3.627722 0.066993
1.509 3.628054 0.066580
1.510 3.628386 0.066167
1.511 3.628718 0.065753
1.512 3.629050 0.065340
1.513 3.629382 0.064927
1.514 3.629714 0.064514
1.515 3.630046 0.064101
1.516 3.630378 0.063688
1.517 3.630715 0.063270
1.518 3.631133 0.062792
1.519 3.631552 0.062315
1.520 3.631970 0.061837
1.521 3.632388 0.061359
1.522 3.632806 0.060881
1.523 3.633225 0.060403
1.524 3.633643 0.059925
1.525 3.634061 0.059448
1.526 3.634479 0.058970
1.527 3.634897 0.058441
1.528 3.635315 0.057893
1.529 3.635733 0.057345
1.530 3.636151 0.056797
1.531 3.636569 0.056249
1.532 3.636987 0.055701
1.533 3.637405 0.055153
1.534 3.637823 0.054605
1.535 3.638241 0.054057
1.536 3.638645 0.053498
1.537 3.639013 0.052907
1.538 3.639381 0.052317
1.539 3.639749 0.051727
1.540 3.640117 0.051136
1.541 3.640485 0.050546
1.542 3.640854 0.049956
1.543 3.641222 0.049366
1.544 3.641590 0.048775
1.545 3.641958 0.048185
1.546 3.642225 0.047502
1.547 3.642451 0.046783
1.548 3.642678 0.046063
1.549 3.642904 0.045343
1.550 3.643130 0.044623
1.551 3.643356 0.043904
1.552 3.643583 0.043184
1.553 3.643809 0.042464
1.554 3.644035 0.041744
1.555 3.644248 0.041023
1.556 3.643923 0.040229
1.557 3.643598 0.039436
1.558 3.643274 0.038642
1.559 3.642949 0.037849
1.560 3.642624 0.037055
1.561 3.642300 0.036261
1.562 3.641975 0.035468
1.563 3.641650 0.034674
1.564 3.641325 0.033881
1.565 3.641001 0.033087
1.566 3.640676 0.032294
1.567 3.640351 0.031500
1.568 3.640027 0.030707
1.569 3.639702 0.029913
1.570 3.639377 0.029119
1.571 3.639052 0.028326
1.572 3.638728 0.027532
1.573 3.638375 0.026780
1.574 3.637829 0.026312
1.575 3.637284 0.025843
1.576 3.636739 0.025375
1.577 3.636194 0.024907
1.578 3.635648 0.024438
1.579 3.635103 0.023970
1.580 3.634558 0.023501
1.581 3.634013 0.023033
1.582 3.633467 0.022564
1.583 3.632922 0.022096
1.584 3.632377 0.021627
1.585 3.631831 0.021159
1.586 3.631286 0.020690
1.587 3.630741 0.020222
1.588 3.630196 0.019754
1.589 3.629650 0.019285
1.590 3.629105 0.018817
1.591 3.628560 0.018348
1.592 3.627990 0.017991
1.593 3.627414 0.017659
1.594 3.626838 0.017327
1.595 3.626262 0.016996
1.596 3.625686 0.016664
1.597 3.625111 0.016332
1.598 3.624535 0.016000
1.599 3.623959 0.015668
1.600 3.623383 0.015336
1.601 3.622807 0.015005
1.602 3.622231 0.014673
1.603 3.621656 0.014341
1.604 3.621080 0.014009
1.605 3.620504 0.013677
1.606 3.619928 0.013345
1.607 3.619352 0.013014
1.608 3.618777 0.012682
1.609 3.618201 0.012350
1.610 3.617625 0.012024
1.611 3.617044 0.011780
1.612 3.616464 0.011537
1.613 3.615884 0.011293
1.614 3.615303 0.011049
1.615 3.614723 0.010805
1.616 3.614143 0.010562
1.617 3.613562 0.010318
1.618 3.612982 0.010074
1.619 3.612402 0.009830
1.620 3.611821 0.009587
1.621 3.611241 0.009343
1.622 3.610661 0.009099
1.623 3.610080 0.008855
1.624 3.609500 0.008611
1.625 3.608920 0.008368
1.626 3.608339 0.008124
1.627 3.607759 0.007880
1.628 3.607179 0.007636
1.629 3.606598 0.007393
1.630 3.606002 0.007220
1.631 3.605404 0.007058
1.632 3.604805 0.006895
1.633 3.604206 0.006733
1.634 3.603608 0.006570
1.635 3.603009 0.006408
1.636 3.602411 0.006245
1.637 3.601812 0.006083
1.638 3.601214 0.005920
1.639 3.600615 0.005758
1.640 3.600017 0.005595
1.641 3.599418 0.005433
1.642 3.598820 0.005270
1.643 3.598221 0.005108
1.644 3.597623 0.004945
1.645 3.597024 0.004783
1.646 3.596426 0.004620
1.647 3.595827 0.004458
1.648 3.595229 0.004295
1.649 3.594634 0.004153
1.650 3.594049 0.004082
1.651 3.593465 0.004011
1.652 3.592881 0.003940
1.653 3.592297 0.003868
1.654 3.591713 0.003797
1.655 3.591129 0.003726
1.656 3.590544 0.003655
1.657 3.589960 0.003584
1.658 3.589376 0.003513
1.659 3.588792 0.003442
1.660 3.588208 0.003370
1.661 3.587624 0.003299
1.662 3.587039 0.003228
1.663 3.586455 0.003157
1.664 3.585871 0.003086
1.665 3.585287 0.003015
1.666 3.584703 0.002944
1.667 3.584119 0.002872
1.668 3.583534 0.002801
1.669 3.582954 0.002732
1.670 3.582413 0.002677
1.671 3.581873 0.002623
1.672 3.581332 0.002569
1.673 3.580791 0.002514
1.674 3.580251 0.002460
1.675 3.579710 0.002406
1.676 3.579169 0.002351
1.677 3.578629 0.002297
1.678 3.578088 0.002243
1.679 3.577547 0.002188
1.680 3.577007 0.002134
1.681 3.576466 0.002080
1.682 3.575925 0.002025
1.683 3.575384 0.001971
1.684 3.574844 0.001917
1.685 3.574303 0.001863
1.686 3.573762 0.001808
1.687 3.573222 0.001754
1.688 3.572681 0.001700
1.689 3.572140 0.001645
1.690 3.571622 0.001609
1.691 3.571130 0.001594
1.692 3.570638 0.001579
1.693 3.570146 0.001564
1.694 3.569655 0.001549
1.695 3.569163 0.001535
1.696 3.568671 0.001520
1.697 3.568179 0.001505
1.698 3.567688 0.001490
1.699 3.567196 0.001475
1.700 3.566704 0.001460
1.701 3.566212 0.001446
1.702 3.565721 0.001431
1.703 3.565229 0.001416
1.704 3.564737 0.001401
1.705 3.564245 0.001386
1.706 3.563754 0.001371
1.707 3.563262 0.001356
1.708 3.562770 0.001342
1.709 3.562278 0.001327
1.710 3.561787 0.001312
1.711 3.561310 0.001297
1.712 3.560868 0.001281
1.713 3.560427 0.001265
1.714 3.559985 0.001249
1.715 3.559544 0.001233
1.716 3.559102 0.001217
1.717 3.558660 0.001201
1.718 3.558219 0.001185
1.719 3.557777 0.001170
1.720 3.557336 0.001154
1.721 3.556894 0.001138
1.722 3.556452 0.001122
1.723 3.556011 0.001106
1.724 3.555569 0.001090
1.725 3.555128 0.001074
1.726 3.554686 0.001058
1.727 3.554244 0.001042
1.728 3.553803 0.001026
1.729 3.553361 0.001010
1.730 3.552920 0.000995
1.731 3.552478 0.000979
1.732 3.552036 0.000963
1.733 3.551619 0.000949
1.734 3.551217 0.000936
1.735 3.550815 0.000924
1.736 3.550413 0.000911
1.737 3.550011 0.000899
1.738 3.549609 0.000887
1.739 3.549207 0.000874
1.740 3.548805 0.000862
1.741 3.548403 0.000849
1.742 3.548001 0.000837
1.743 3.547599 0.000824
1.744 3.547197 0.000812
1.745 3.546795 0.000799
1.746 3.546393 0.000787
1.747 3.545991 0.000774
1.748 3.545589 0.000762
1.749 3.545187 0.000749
1.750 3.544785 0.000737
1.751 3.544383 0.000724
1.752 3.543981 0.000712
1.753 3.543579 0.000699
1.754 3.543177 0.000687
1.755 3.542787 0.000679
1.756 3.542418 0.000680
1.757 3.542049 0.000681
1.758 3.541680 0.000683
1.759 3.541311 0.000684
1.760 3.540942 0.000685
1.761 3.540573 0.000686
1.762 3.540204 0.000687
1.763 3.539835 0.000688
1.764 3.539466 0.000689
1.765 3.539097 0.000690
1.766 3.538728 0.000691
1.767 3.538359 0.000693
1.768 3.537990 0.000694
1.769 3.537621 0.000695
1.770 3.537252 0.000696
1.771 3.536883 0.000697
1.772 3.536514 0.000698
1.773 3.536145 0.000699
1.774 3.535776 0.000700
1.775 3.535407 0.000701
1.776 3.535038 0.000703
1.777 3.534669 0.000704
1.778 3.534314 0.000699
1.779 3.533970 0.000689
1.780 3.533626 0.000679
1.781 3.533282 0.000669
1.782 3.532937 0.000659
1.783 3.532593 0.000649
1.784 3.532249 0.000639
1.785 3.531905 0.000629
1.786 3.531561 0.000619
1.787 3.531217 0.000609
1.788 3.530873 0.000599
1.789 3.530528 0.000589
1.790 3.530184 0.000579
1.791 3.529840 0.000569
1.792 3.529496 0.000559
1.793 3.529152 0.000549
1.794 3.528808 0.000539
1.795 3.528463 0.000529
1.796 3.528119 0.000520
1.797 3.527775 0.000510
1.798 3.527431 0.000500
1.799 3.527087 0.000490
1.800 3.526743 0.000480
1.801 NaN NaN
1.802 NaN NaN
1.803 NaN NaN
1.804 NaN NaN
1.805 NaN NaN
1.806 NaN NaN
1.807 NaN NaN
1.808 NaN NaN
1.809 NaN NaN
1.810 NaN NaN
1.811 NaN NaN
1.812 NaN NaN
1.813 NaN NaN
1.814 NaN NaN
1.815 NaN NaN
1.816 NaN NaN
1.817 NaN NaN
1.818 NaN NaN
1.819 NaN NaN
1.820 NaN NaN
1.821 NaN NaN
1.822 NaN NaN
1.823 NaN NaN
1.824 NaN NaN
1.825 NaN NaN
1.826 NaN NaN
1.827 NaN NaN
1.828 NaN NaN
1.829 NaN NaN
1.830 NaN NaN
1.831 NaN NaN
1.832 NaN NaN
1.833 NaN NaN
1.834 NaN NaN
1.835 NaN NaN
1.836 NaN NaN
1.837 NaN NaN
1.838 NaN NaN
1.839 NaN NaN
1.840 NaN NaN
1.841 NaN NaN
1.842 NaN NaN
1.843 NaN NaN
1.844 NaN NaN
1.845 NaN NaN
1.846 NaN NaN
1.847 NaN NaN
1.848 NaN NaN
1.849 NaN NaN
1.850 NaN NaN
1.851 NaN NaN
1.852 NaN NaN
1.853 NaN NaN
1.854 NaN NaN
1.855 NaN NaN
1.856 NaN NaN
1.857 NaN NaN
1.858 NaN NaN
1.859 NaN NaN
1.860 NaN NaN
1.861 NaN NaN
1.862 NaN NaN
1.863 NaN NaN
1.864 NaN NaN
1.865 NaN NaN
1.866 NaN NaN
1.867 NaN NaN
1.868 NaN NaN
1.869 NaN NaN
1.870 NaN NaN
1.871 NaN NaN
1.872 NaN NaN
1.873 NaN NaN
1.874 NaN NaN
1.875 NaN NaN
1.876 NaN NaN
1.877 NaN NaN
1.878 NaN NaN
1.879 NaN NaN
1.880 NaN NaN
1.881 NaN NaN
1.882 NaN NaN
1.883 NaN NaN
1.884 NaN NaN
1.885 NaN NaN
1.886 NaN NaN
1.887 NaN NaN
1.888 NaN NaN
1.889 NaN NaN
1.890 NaN NaN
1.891 NaN NaN
1.892 NaN NaN
1.893 NaN NaN
1.894 NaN NaN
1.895 NaN NaN
1.896 NaN NaN
1.897 NaN NaN
1.898 NaN NaN
1.899 NaN NaN
1.900 NaN NaN
1.901 NaN NaN
1.902 NaN NaN
1.903 NaN NaN
1.904 NaN NaN
1.905 NaN NaN
1.906 NaN NaN
1.907 NaN NaN
1.908 NaN NaN
1.909 NaN NaN
1.910 NaN NaN
1.911 NaN NaN
1.912 NaN NaN
1.913 NaN NaN
1.914 NaN NaN
1.915 NaN NaN
1.916 NaN NaN
1.917 NaN NaN
1.918 NaN NaN
1.919 NaN NaN
1.920 NaN NaN
1.921 NaN NaN
1.922 NaN NaN
1.923 NaN NaN
1.924 NaN NaN
1.925 NaN NaN
1.926 NaN NaN
1.927 NaN NaN
1.928 NaN NaN
1.929 NaN NaN
1.930 NaN NaN
1.931 NaN NaN
1.932 NaN NaN
1.933 NaN NaN
1.934 NaN NaN
1.935 NaN NaN
1.936 NaN NaN
1.937 NaN NaN
1.938 NaN NaN
1.939 NaN NaN
1.940 NaN NaN
1.941 NaN NaN
1.942 NaN NaN
1.943 NaN NaN
1.944 NaN NaN
1.945 NaN NaN
1.946 NaN NaN
1.947 NaN NaN
1.948 NaN NaN
1.949 NaN NaN
1.950 NaN NaN