0.253 1.938303 3.198428
0.254 1.980498 3.215877
0.255 2.022048 3.232856
0.256 2.061511 3.245938
0.257 2.105106 3.258979
0.258 2.148637 3.272058
0.259 2.192748 3.285125
0.260 2.237873 3.298045
0.261 2.289051 3.310556
0.262 2.336223 3.321239
0.263 2.386625 3.326374
0.264 2.439241 3.333223
0.265 2.493283 3.331934
0.266 2.552414 3.332204
0.267 2.606845 3.326575
0.268 2.659461 3.317977
0.269 2.716554 3.307925
0.270 2.769483 3.291601
0.271 2.823543 3.273806
0.272 2.874566 3.255771
0.273 2.924468 3.231997
0.274 2.972935 3.205905
0.275 3.019346 3.179591
0.276 3.062800 3.151029
0.277 3.102547 3.121298
0.278 3.141161 3.086884
0.279 3.178837 3.054390
0.280 3.215514 3.021952
0.281 3.247372 2.985520
0.282 3.275769 2.946270
0.283 3.304708 2.909972
0.284 3.330393 2.873733
0.285 3.352505 2.835841
0.286 3.373937 2.798075
0.287 3.394248 2.760678
0.288 3.409864 2.724249
0.289 3.424671 2.688214
0.290 3.440179 2.651903
0.291 3.450682 2.615691
0.292 3.459734 2.579272
0.293 3.468539 2.543429
0.294 3.475180 2.510600
0.295 3.479937 2.478185
0.296 3.481406 2.446671
0.297 3.483567 2.416136
0.298 3.488124 2.385355
0.299 3.488206 2.355244
0.300 3.485797 2.326312
0.301 3.483091 2.300502
0.302 3.480459 2.274931
0.303 3.477898 2.249576
0.304 3.475337 2.227982
0.305 3.468718 2.206879
0.306 3.462996 2.186104
0.307 3.456207 2.165472
0.308 3.450557 2.144490
0.309 3.444068 2.124818
0.310 3.438454 2.108113
0.311 3.432709 2.091900
0.312 3.426573 2.075813
0.313 3.418171 2.061934
0.314 3.410968 2.049730
0.315 3.405455 2.037726
0.316 3.399600 2.025836
0.317 3.394312 2.014039
0.318 3.385696 2.002319
0.319 3.378907 1.990687
0.320 3.373704 1.979335
0.321 3.365324 1.972288
0.322 3.357866 1.964206
0.323 3.353141 1.957079
0.324 3.348210 1.949191
0.325 3.343505 1.941851
0.326 3.335757 1.934520
0.327 3.330929 1.929137
0.328 3.326405 1.924176
0.329 3.321496 1.918324
0.330 3.317700 1.913903
0.331 3.312506 1.910238
0.332 3.309243 1.906454
0.333 3.303509 1.903666
0.334 3.300448 1.899109
0.335 3.294922 1.896923
0.336 3.291643 1.895586
0.337 3.288610 1.891307
0.338 3.285326 1.888824
0.339 3.282234 1.888029
0.340 3.278750 1.888108
0.341 3.277994 1.888226
0.342 3.277472 1.888352
0.343 3.273168 1.884686
0.344 3.269530 1.881673
0.345 3.267962 1.880716
0.346 3.267365 1.880723
0.347 3.266954 1.880908
0.348 3.266568 1.881108
0.349 3.266203 1.881320
0.350 3.265858 1.881544
0.351 3.265530 1.881776
0.352 3.265216 1.882016
0.353 3.264925 1.882272
0.354 3.264659 1.882545
0.355 3.264405 1.886487
0.356 3.264163 1.888906
0.357 3.263939 1.891592
0.358 3.263734 1.891965
0.359 3.263547 1.892286
0.360 3.263694 1.892618
0.361 3.267142 1.892964
0.362 3.270263 1.895200
0.363 3.271127 1.898346
0.364 3.271159 1.901395
0.365 3.274784 1.902715
0.366 3.277357 1.903118
0.367 3.278903 1.903534
0.368 3.279059 1.906361
0.369 3.282233 1.909693
0.370 3.284523 1.912352
0.371 3.287868 1.913551
0.372 3.291625 1.915418
0.373 3.293923 1.919053
0.374 3.298074 1.922090
0.375 3.300741 1.923627
0.376 3.303789 1.924496
0.377 3.307675 1.928369
0.378 3.310669 1.931773
0.379 3.314267 1.933778
0.380 3.317437 1.937125
0.381 3.322887 1.940238
0.382 3.326736 1.943066
0.383 3.329770 1.945444
0.384 3.333683 1.948940
0.385 3.337534 1.951696
0.386 3.343107 1.954580
0.387 3.348064 1.957755
0.388 3.352319 1.960742
0.389 3.358258 1.964251
0.390 3.361560 1.969225
0.391 3.369149 1.971544
0.392 3.375215 1.975671
0.393 3.381615 1.979505
0.394 3.386314 1.983022
0.395 3.391913 1.987585
0.396 3.398752 1.990798
0.397 3.407107 1.996909
0.398 3.413685 2.001002
0.399 3.420796 2.004159
0.400 3.428112 2.009035
0.401 3.436091 2.013059
0.402 3.442451 2.019161
0.403 3.450074 2.023601
0.404 3.457676 2.028962
0.405 3.466926 2.034583
0.406 3.478992 2.038928
0.407 3.490126 2.045689
0.408 3.502430 2.049550
0.409 3.513541 2.055849
0.410 3.526203 2.060123
0.411 3.538389 2.065921
0.412 3.553823 2.070504
0.413 3.569048 2.076171
0.414 3.583727 2.079451
0.415 3.599929 2.082581
0.416 3.616104 2.083952
0.417 3.634123 2.084841
0.418 3.652345 2.083649
0.419 3.672777 2.082227
0.420 3.692700 2.078275
0.421 3.713441 2.073314
0.422 3.733106 2.067106
0.423 3.748721 2.059217
0.424 3.765102 2.048815
0.425 3.778024 2.039593
0.426 3.792432 2.029516
0.427 3.805114 2.017657
0.428 3.816138 2.007827
0.429 3.824027 1.995172
0.430 3.831780 1.985619
0.431 3.835441 1.974953
0.432 3.839746 1.963681
0.433 3.844500 1.955795
0.434 3.847517 1.949164
0.435 3.851025 1.942199
0.436 3.853191 1.938067
0.437 3.854601 1.935591
0.438 3.856042 1.933755
0.439 3.857531 1.934155
0.440 3.859128 1.935412
0.441 3.862073 1.937975
0.442 3.866397 1.941878
0.443 3.870923 1.945910
0.444 3.878981 1.953337
0.445 3.885620 1.960224
0.446 3.893466 1.968976
0.447 3.905121 1.977070
0.448 3.915886 1.984246
0.449 3.931691 1.991871
0.450 3.948402 1.999114
0.451 3.966262 2.007243
0.452 3.985935 2.016212
0.453 4.008669 2.024193
0.454 4.032657 2.030530
0.455 4.058582 2.037093
0.456 4.086197 2.039996
0.457 4.116803 2.042411
0.458 4.147779 2.041500
0.459 4.180270 2.038270
0.460 4.213168 2.032522
0.461 4.245963 2.025421
0.462 4.278627 2.015581
0.463 4.311163 2.003569
0.464 4.343013 1.989329
0.465 4.373222 1.972310
0.466 4.401806 1.952337
0.467 4.432537 1.931015
0.468 4.461202 1.908970
0.469 4.488240 1.883789
0.470 4.513153 1.855602
0.471 4.535566 1.825603
0.472 4.555896 1.794820
0.473 4.575667 1.763261
0.474 4.593011 1.730757
0.475 4.608309 1.697560
0.476 4.621329 1.663936
0.477 4.632618 1.630027
0.478 4.642241 1.595951
0.479 4.646753 1.561904
0.480 4.650645 1.528323
0.481 4.652359 1.497224
0.482 4.651888 1.466047
0.483 4.649918 1.437350
0.484 4.647200 1.408156
0.485 4.642112 1.381564
0.486 4.636849 1.355464
0.487 4.630370 1.329580
0.488 4.623322 1.304082
0.489 4.617407 1.279332
0.490 4.611855 1.256288
0.491 4.605558 1.234126
0.492 4.597945 1.213392
0.493 4.589682 1.193388
0.494 4.581317 1.174864
0.495 4.571934 1.157599
0.496 4.561735 1.140518
0.497 4.551168 1.123536
0.498 4.540675 1.107195
0.499 4.531684 1.092012
0.500 4.523403 1.077273
0.501 4.515136 1.064708
0.502 4.506883 1.051846
0.503 4.498644 1.038771
0.504 4.490421 1.026389
0.505 4.482216 1.013417
0.506 4.474028 1.001494
0.507 4.465861 0.989978
0.508 4.457717 0.979106
0.509 4.449595 0.969658
0.510 4.441492 0.960214
0.511 4.433408 0.950718
0.512 4.425551 0.941418
0.513 4.418475 0.932478
0.514 4.412257 0.923732
0.515 4.405989 0.915306
0.516 4.400940 0.907094
0.517 4.393640 0.899108
0.518 4.385732 0.891385
0.519 4.377837 0.883901
0.520 4.370726 0.876643
0.521 4.364464 0.869581
0.522 4.358231 0.862751
0.523 4.352831 0.856042
0.524 4.346991 0.849388
0.525 4.339993 0.842844
0.526 4.333880 0.836472
0.527 4.328278 0.830287
0.528 4.322644 0.824312
0.529 4.317335 0.818514
0.530 4.311975 0.812768
0.531 4.306175 0.807086
0.532 4.301126 0.801521
0.533 4.296071 0.796039
0.534 4.290323 0.790695
0.535 4.285058 0.785586
0.536 4.281971 0.780378
0.537 4.276760 0.775417
0.538 4.271709 0.770545
0.539 4.266590 0.765716
0.540 4.261492 0.760951
0.541 4.256522 0.756289
0.542 4.251937 0.751741
0.543 4.248673 0.747243
0.544 4.243686 0.742949
0.545 4.240256 0.738511
0.546 4.235874 0.734222
0.547 4.231599 0.730010
0.548 4.228504 0.725772
0.549 4.223231 0.721789
0.550 4.220172 0.717830
0.551 4.215853 0.713888
0.552 4.211876 0.709967
0.553 4.208220 0.706067
0.554 4.203815 0.702184
0.555 4.200115 0.698313
0.556 4.196397 0.694458
0.557 4.192346 0.690679
0.558 4.188690 0.686991
0.559 4.186165 0.683383
0.560 4.182682 0.679758
0.561 4.179996 0.676241
0.562 4.177222 0.672708
0.563 4.173746 0.669158
0.564 4.169028 0.665643
0.565 4.166184 0.662406
0.566 4.161949 0.659045
0.567 4.158377 0.655714
0.568 4.156129 0.652493
0.569 4.152173 0.649323
0.570 4.149641 0.646028
0.571 4.147648 0.642831
0.572 4.145408 0.639732
0.573 4.141380 0.636580
0.574 4.138922 0.633466
0.575 4.136897 0.630277
0.576 4.134606 0.627087
0.577 4.130820 0.624096
0.578 4.128337 0.621144
0.579 4.126011 0.618204
0.580 4.123254 0.615273
0.581 4.118749 0.612349
0.582 4.116056 0.609438
0.583 4.113197 0.606557
0.584 4.109884 0.603717
0.585 4.107446 0.600974
0.586 4.105422 0.598234
0.587 4.103034 0.595536
0.588 4.099674 0.592917
0.589 4.097201 0.590139
0.590 4.095112 0.587357
0.591 4.093115 0.584591
0.592 4.090188 0.581907
0.593 4.088313 0.579225
0.594 4.086679 0.576603
0.595 4.084820 0.574101
0.596 4.083074 0.571515
0.597 4.080506 0.568893
0.598 4.077091 0.566250
0.599 4.074865 0.563794
0.600 4.072995 0.561271
0.601 4.071068 0.558706
0.602 4.067451 0.556147
0.603 4.064884 0.553749
0.604 4.062923 0.551378
0.605 4.061428 0.548855
0.606 4.058695 0.546511
0.607 4.056088 0.544164
0.608 4.054875 0.541657
0.609 4.053119 0.539334
0.610 4.051318 0.537002
0.611 4.049755 0.534530
0.612 4.047228 0.532221
0.613 4.044863 0.529909
0.614 4.043528 0.527483
0.615 4.041691 0.525248
0.616 4.039752 0.523034
0.617 4.037963 0.520709
0.618 4.035216 0.518482
0.619 4.032292 0.516296
0.620 4.030332 0.514115
0.621 4.028347 0.511885
0.622 4.026349 0.509635
0.623 4.024374 0.507492
0.624 4.022632 0.505334
0.625 4.021111 0.503164
0.626 4.019463 0.501039
0.627 4.017533 0.498927
0.628 4.015127 0.496832
0.629 4.013331 0.494751
0.630 4.011704 0.492656
0.631 4.010058 0.490478
0.632 4.008592 0.488414
0.633 4.007253 0.486431
0.634 4.004441 0.484415
0.635 4.002173 0.482380
0.636 4.000953 0.480313
0.637 3.999320 0.478274
0.638 3.997554 0.476238
0.639 3.995976 0.474135
0.640 3.994198 0.472120
0.641 3.992178 0.470212
0.642 3.991244 0.468311
0.643 3.990477 0.466413
0.644 3.989056 0.464525
0.645 3.987605 0.462641
0.646 3.986119 0.460760
0.647 3.983952 0.458885
0.648 3.981694 0.457013
0.649 3.980161 0.455147
0.650 3.978603 0.453286
0.651 3.977009 0.451430
0.652 3.975650 0.449581
0.653 3.974388 0.447733
0.654 3.971913 0.445892
0.655 3.969763 0.444052
0.656 3.968506 0.442219
0.657 3.967082 0.440391
0.658 3.965516 0.438568
0.659 3.963635 0.436750
0.660 3.961712 0.434933
0.661 3.960503 0.433123
0.662 3.959359 0.431314
0.663 3.958370 0.429512
0.664 3.957103 0.427714
0.665 3.955581 0.425921
0.666 3.954294 0.424138
0.667 3.953088 0.422359
0.668 3.950744 0.420660
0.669 3.948535 0.418972
0.670 3.947301 0.417320
0.671 3.946010 0.415683
0.672 3.944613 0.414072
0.673 3.942867 0.412431
0.674 3.940818 0.410765
0.675 3.939584 0.409088
0.676 3.938683 0.407406
0.677 3.937616 0.405773
0.678 3.936514 0.404147
0.679 3.934983 0.402503
0.680 3.933471 0.400878
0.681 3.932052 0.399344
0.682 3.930590 0.397782
0.683 3.929030 0.396153
0.684 3.927772 0.394527
0.685 3.926920 0.392905
0.686 3.925786 0.391377
0.687 3.924413 0.389931
0.688 3.923280 0.388414
0.689 3.922280 0.386858
0.690 3.920220 0.385285
0.691 3.917775 0.383705
0.692 3.916381 0.382231
0.693 3.915228 0.380781
0.694 3.914002 0.379212
0.695 3.912767 0.377628
0.696 3.910794 0.376187
0.697 3.908777 0.374754
0.698 3.908027 0.373246
0.699 3.907278 0.371737
0.700 3.906247 0.370237
0.701 3.905200 0.368746
0.702 3.903857 0.367392
0.703 3.902488 0.366034
0.704 3.900780 0.364625
0.705 3.899127 0.363216
0.706 3.898138 0.361794
0.707 3.897151 0.360380
0.708 3.896198 0.359067
0.709 3.895224 0.357747
0.710 3.893847 0.356283
0.711 3.892468 0.354822
0.712 3.890998 0.353481
0.713 3.889528 0.352141
0.714 3.888325 0.350773
0.715 3.887128 0.349406
0.716 3.886186 0.347992
0.717 3.885266 0.346575
0.718 3.883984 0.345274
0.719 3.882641 0.343993
0.720 3.881335 0.342644
0.721 3.880038 0.341276
0.722 3.878346 0.339950
0.723 3.876478 0.338643
0.724 3.874970 0.337353
0.725 3.873714 0.336074
0.726 3.872619 0.334815
0.727 3.871703 0.333577
0.728 3.870489 0.332299
0.729 3.868717 0.330949
0.730 3.867148 0.329611
0.731 3.866353 0.328324
0.732 3.865532 0.327039
0.733 3.864289 0.325788
0.734 3.863047 0.324536
0.735 3.862099 0.323375
0.736 3.861188 0.322225
0.737 3.859744 0.320991
0.738 3.858090 0.319725
0.739 3.856869 0.318511
0.740 3.856039 0.317345
0.741 3.855071 0.316193
0.742 3.853814 0.315067
0.743 3.852587 0.313929
0.744 3.851619 0.312696
0.745 3.850650 0.311462
0.746 3.849286 0.310335
0.747 3.847867 0.309224
0.748 3.846842 0.308086
0.749 3.846045 0.306932
0.750 3.845089 0.305793
0.751 3.843867 0.304680
0.752 3.842648 0.303558
0.753 3.841455 0.302366
0.754 3.840263 0.301173
0.755 3.839082 0.300105
0.756 3.837904 0.299063
0.757 3.836919 0.298024
0.758 3.836111 0.296986
0.759 3.835232 0.295949
0.760 3.834093 0.294915
0.761 3.832953 0.293882
0.762 3.831525 0.292801
0.763 3.830059 0.291714
0.764 3.828866 0.290605
0.765 3.827901 0.289478
0.766 3.826947 0.288356
0.767 3.826041 0.287256
0.768 3.825135 0.286157
0.769 3.824209 0.285036
0.770 3.823279 0.283910
0.771 3.821988 0.282859
0.772 3.820229 0.281904
0.773 3.818509 0.280950
0.774 3.817813 0.280037
0.775 3.817117 0.279124
0.776 3.816208 0.278228
0.777 3.815172 0.277344
0.778 3.814204 0.276449
0.779 3.813528 0.275506
0.780 3.812851 0.274563
0.781 3.811413 0.273579
0.782 3.809720 0.272581
0.783 3.808317 0.271583
0.784 3.807635 0.270588
0.785 3.806952 0.269594
0.786 3.805906 0.268625
0.787 3.804774 0.267663
0.788 3.803685 0.266717
0.789 3.802683 0.265807
0.790 3.801680 0.264897
0.791 3.800512 0.263979
0.792 3.799306 0.263059
0.793 3.798221 0.262177
0.794 3.797431 0.261389
0.795 3.796641 0.260601
0.796 3.795755 0.259733
0.797 3.794838 0.258839
0.798 3.793794 0.257940
0.799 3.792235 0.257021
0.800 3.790676 0.256102
0.801 3.789612 0.255272
0.802 3.788846 0.254495
0.803 3.788070 0.253714
0.804 3.787042 0.252839
0.805 3.786014 0.251963
0.806 3.785180 0.251084
0.807 3.784605 0.250199
0.808 3.784029 0.249315
0.809 3.782680 0.248549
0.810 3.781146 0.247811
0.811 3.779762 0.247055
0.812 3.779121 0.246205
0.813 3.778481 0.245355
0.814 3.777651 0.244572
0.815 3.776640 0.243854
0.816 3.775628 0.243135
0.817 3.774385 0.242361
0.818 3.773095 0.241577
0.819 3.771856 0.240795
0.820 3.770913 0.240027
0.821 3.769971 0.239259
0.822 3.769026 0.238499
0.823 3.768077 0.237749
0.824 3.767129 0.237000
0.825 3.766462 0.236235
0.826 3.765913 0.235462
0.827 3.765363 0.234690
0.828 3.763876 0.234017
0.829 3.762351 0.233347
0.830 3.761004 0.232679
0.831 3.760389 0.232019
0.832 3.759774 0.231358
0.833 3.759017 0.230677
0.834 3.758061 0.229965
0.835 3.757104 0.229254
0.836 3.755963 0.228611
0.837 3.754706 0.228011
0.838 3.753448 0.227411
0.839 3.752475 0.226712
0.840 3.751577 0.225987
0.841 3.750679 0.225262
0.842 3.749681 0.224615
0.843 3.748678 0.223972
0.844 3.747721 0.223330
0.845 3.747210 0.222699
0.846 3.746699 0.222068
0.847 3.746034 0.221442
0.848 3.744801 0.220837
0.849 3.743568 0.220232
0.850 3.742575 0.219627
0.851 3.742104 0.219022
0.852 3.741634 0.218418
0.853 3.740971 0.217834
0.854 3.740017 0.217283
0.855 3.739063 0.216731
0.856 3.738347 0.216148
0.857 3.737911 0.215526
0.858 3.737475 0.214904
0.859 3.736520 0.214344
0.860 3.735046 0.213844
0.861 3.733573 0.213345
0.862 3.732507 0.212823
0.863 3.731817 0.212282
0.864 3.731127 0.211741
0.865 3.730421 0.211199
0.866 3.729698 0.210657
0.867 3.728976 0.210114
0.868 3.727907 0.209538
0.869 3.726491 0.208929
0.870 3.725076 0.208319
0.871 3.724097 0.207771
0.872 3.723632 0.207296
0.873 3.723167 0.206821
0.874 3.722502 0.206346
0.875 3.721530 0.205873
0.876 3.720558 0.205399
0.877 3.719576 0.204926
0.878 3.718568 0.204454
0.879 3.717560 0.203983
0.880 3.716635 0.203512
0.881 3.716031 0.203042
0.882 3.715427 0.202573
0.883 3.714831 0.202103
0.884 3.714322 0.201636
0.885 3.713814 0.201168
0.886 3.713306 0.200700
0.887 3.712466 0.200242
0.888 3.711598 0.199784
0.889 3.710730 0.199327
0.890 3.709669 0.198900
0.891 3.708543 0.198484
0.892 3.707417 0.198068
0.893 3.706648 0.197666
0.894 3.706167 0.197274
0.895 3.705687 0.196883
0.896 3.705160 0.196507
0.897 3.704539 0.196160
0.898 3.703919 0.195813
0.899 3.703292 0.195461
0.900 3.702606 0.195049
0.901 3.701919 0.194637
0.902 3.701233 0.194225
0.903 3.700047 0.193847
0.904 3.698753 0.193476
0.905 3.697459 0.193105
0.906 3.696687 0.192749
0.907 3.696373 0.192406
0.908 3.696059 0.192063
0.909 3.695641 0.191721
0.910 3.694851 0.191382
0.911 3.694061 0.191043
0.912 3.693271 0.190704
0.913 3.692786 0.190327
0.914 3.692343 0.189943
0.915 3.691900 0.189560
0.916 3.691080 0.189242
0.917 3.689903 0.188985
0.918 3.688726 0.188729
0.919 3.687675 0.188450
0.920 3.687491 0.188023
0.921 3.687307 0.187596
0.922 3.687123 0.187168
0.923 3.686721 0.186797
0.924 3.686230 0.186450
0.925 3.685740 0.186102
0.926 3.685234 0.185735
0.927 3.684690 0.185317
0.928 3.684145 0.184899
0.929 3.683601 0.184481
0.930 3.682812 0.184132
0.931 3.681965 0.183798
0.932 3.681118 0.183464
0.933 3.680394 0.183157
0.934 3.679934 0.182907
0.935 3.679473 0.182656
0.936 3.679012 0.182406
0.937 3.678579 0.182192
0.938 3.678152 0.181986
0.939 3.677725 0.181781
0.940 3.677300 0.181560
0.941 3.676883 0.181297
0.942 3.676465 0.181034
0.943 3.676048 0.180770
0.944 3.675644 0.180427
0.945 3.675246 0.180047
0.946 3.674848 0.179666
0.947 3.674452 0.179287
0.948 3.674068 0.178924
0.949 3.673683 0.178560
0.950 3.673299 0.178196
0.951 3.672926 0.177815
0.952 3.672566 0.177413
0.953 3.672205 0.177011
0.954 3.671845 0.176609
0.955 3.671483 0.176282
0.956 3.671121 0.175972
0.957 3.670758 0.175662
0.958 3.670396 0.175356
0.959 3.670036 0.175078
0.960 3.669675 0.174799
0.961 3.669315 0.174521
0.962 3.668958 0.174224
0.963 3.668607 0.173901
0.964 3.668256 0.173578
0.965 3.667905 0.173256
0.966 3.667567 0.172943
0.967 3.667234 0.172635
0.968 3.666902 0.172327
0.969 3.666570 0.172019
0.970 3.666245 0.171702
0.971 3.665922 0.171384
0.972 3.665598 0.171065
0.973 3.665276 0.170747
0.974 3.664960 0.170427
0.975 3.664645 0.170106
0.976 3.664330 0.169786
0.977 3.664015 0.169459
0.978 3.663703 0.169115
0.979 3.663390 0.168771
0.980 3.663078 0.168427
0.981 3.662758 0.168040
0.982 3.662428 0.167595
0.983 3.662098 0.167150
0.984 3.661768 0.166706
0.985 3.661444 0.166286
0.986 3.661124 0.165888
0.987 3.660804 0.165490
0.988 3.660485 0.165091
0.989 3.660170 0.164690
0.990 3.659857 0.164287
0.991 3.659545 0.163884
0.992 3.659233 0.163481
0.993 3.658925 0.163129
0.994 3.658619 0.162802
0.995 3.658313 0.162475
0.996 3.658008 0.162148
0.997 3.657718 0.161829
0.998 3.657436 0.161515
0.999 3.657154 0.161200
1.000 3.656871 0.160886
1.001 3.656591 0.160583
1.002 3.656313 0.160287
1.003 3.656034 0.159991
1.004 3.655755 0.159695
1.005 3.655480 0.159331
1.006 3.655208 0.158925
1.007 3.654935 0.158519
1.008 3.654663 0.158113
1.009 3.654389 0.157670
1.010 3.654114 0.157195
1.011 3.653839 0.156720
1.012 3.653564 0.156246
1.013 3.653287 0.155762
1.014 3.653005 0.155267
1.015 3.652724 0.154772
1.016 3.652442 0.154277
1.017 3.652162 0.153803
1.018 3.651884 0.153382
1.019 3.651606 0.152961
1.020 3.651329 0.152540
1.021 3.651052 0.152129
1.022 3.650781 0.151802
1.023 3.650511 0.151475
1.024 3.650240 0.151148
1.025 3.649969 0.150821
1.026 3.649705 0.150504
1.027 3.649441 0.150188
1.028 3.649177 0.149873
1.029 3.648913 0.149558
1.030 3.648658 0.149213
1.031 3.648407 0.148853
1.032 3.648156 0.148492
1.033 3.647906 0.148132
1.034 3.647659 0.147758
1.035 3.647418 0.147359
1.036 3.647177 0.146960
1.037 3.646936 0.146561
1.038 3.646695 0.146162
1.039 3.646461 0.145785
1.040 3.646226 0.145407
1.041 3.645991 0.145030
1.042 3.645757 0.144653
1.043 3.645522 0.144289
1.044 3.645287 0.143933
1.045 3.645053 0.143576
1.046 3.644818 0.143219
1.047 3.644580 0.142870
1.048 3.644332 0.142541
1.049 3.644084 0.142212
1.050 3.643837 0.141883
1.051 3.643589 0.141553
1.052 3.643350 0.141253
1.053 3.643112 0.140957
1.054 3.642874 0.140661
1.055 3.642636 0.140366
1.056 3.642398 0.140050
1.057 3.642160 0.139703
1.058 3.641923 0.139356
1.059 3.641685 0.139008
1.060 3.641447 0.138661
1.061 3.641216 0.138316
1.062 3.640987 0.137971
1.063 3.640757 0.137627
1.064 3.640528 0.137282
1.065 3.640302 0.136938
1.066 3.640084 0.136595
1.067 3.639865 0.136252
1.068 3.639647 0.135909
1.069 3.639429 0.135566
1.070 3.639208 0.135266
1.071 3.638985 0.134983
1.072 3.638762 0.134699
1.073 3.638539 0.134416
1.074 3.638317 0.134137
1.075 3.638099 0.133900
1.076 3.637881 0.133663
1.077 3.637663 0.133427
1.078 3.637444 0.133190
1.079 3.637234 0.132979
1.080 3.637033 0.132801
1.081 3.636832 0.132623
1.082 3.636631 0.132445
1.083 3.636430 0.132267
1.084 3.636232 0.132082
1.085 3.636035 0.131894
1.086 3.635838 0.131706
1.087 3.635641 0.131518
1.088 3.635444 0.131331
1.089 3.635255 0.131144
1.090 3.635065 0.130957
1.091 3.634876 0.130770
1.092 3.634687 0.130583
1.093 3.634498 0.130396
1.094 3.634307 0.130207
1.095 3.634117 0.130019
1.096 3.633926 0.129830
1.097 3.633736 0.129642
1.098 3.633548 0.129466
1.099 3.633365 0.129311
1.100 3.633182 0.129157
1.101 3.632999 0.129002
1.102 3.632816 0.128848
1.103 3.632630 0.128699
1.104 3.632440 0.128556
1.105 3.632251 0.128413
1.106 3.632061 0.128270
1.107 3.631871 0.128127
1.108 3.631685 0.127956
1.109 3.631502 0.127765
1.110 3.631319 0.127574
1.111 3.631136 0.127383
1.112 3.630953 0.127192
1.113 3.630771 0.127015
1.114 3.630588 0.126845
1.115 3.630406 0.126676
1.116 3.630223 0.126507
1.117 3.630041 0.126338
1.118 3.629864 0.126168
1.119 3.629690 0.125999
1.120 3.629517 0.125829
1.121 3.629344 0.125659
1.122 3.629170 0.125490
1.123 3.628996 0.125329
1.124 3.628822 0.125177
1.125 3.628647 0.125024
1.126 3.628473 0.124871
1.127 3.628298 0.124718
1.128 3.628127 0.124562
1.129 3.627959 0.124403
1.130 3.627791 0.124244
1.131 3.627624 0.124084
1.132 3.627456 0.123925
1.133 3.627288 0.123755
1.134 3.627118 0.123560
1.135 3.626949 0.123366
1.136 3.626779 0.123172
1.137 3.626610 0.122978
1.138 3.626440 0.122782
1.139 3.626267 0.122568
1.140 3.626093 0.122354
1.141 3.625920 0.122140
1.142 3.625747 0.121926
1.143 3.625573 0.121711
1.144 3.625403 0.121518
1.145 3.625233 0.121328
1.146 3.625063 0.121137
1.147 3.624892 0.120947
1.148 3.624722 0.120757
1.149 3.624556 0.120579
1.150 3.624391 0.120411
1.151 3.624226 0.120243
1.152 3.624062 0.120075
1.153 3.623897 0.119907
1.154 3.623735 0.119750
1.155 3.623580 0.119627
1.156 3.623425 0.119504
1.157 3.623269 0.119381
1.158 3.623114 0.119258
1.159 3.622959 0.119135
1.160 3.622807 0.119013
1.161 3.622656 0.118892
1.162 3.622504 0.118770
1.163 3.622353 0.118649
1.164 3.622202 0.118527
1.165 3.622053 0.118386
1.166 3.621907 0.118218
1.167 3.621762 0.118051
1.168 3.621616 0.117883
1.169 3.621470 0.117716
1.170 3.621324 0.117548
1.171 3.621183 0.117364
1.172 3.621042 0.117178
1.173 3.620901 0.116993
1.174 3.620760 0.116808
1.175 3.620619 0.116622
1.176 3.620481 0.116443
1.177 3.620348 0.116271
1.178 3.620215 0.116100
1.179 3.620082 0.115928
1.180 3.619949 0.115757
1.181 3.619816 0.115585
1.182 3.619687 0.115426
1.183 3.619560 0.115269
1.184 3.619432 0.115112
1.185 3.619305 0.114955
1.186 3.619177 0.114798
1.187 3.619051 0.114646
1.188 3.618928 0.114516
1.189 3.618805 0.114386
1.190 3.618683 0.114256
1.191 3.618560 0.114126
1.192 3.618438 0.113996
1.193 3.618317 0.113845
1.194 3.618198 0.113670
1.195 3.618080 0.113494
1.196 3.617961 0.113319
1.197 3.617842 0.113143
1.198 3.617724 0.112968
1.199 3.617610 0.112790
1.200 3.617498 0.112610
1.201 3.617387 0.112431
1.202 3.617275 0.112252
1.203 3.617163 0.112072
1.204 3.617052 0.111893
1.205 3.616943 0.111692
1.206 3.616835 0.111488
1.207 3.616727 0.111285
1.208 3.616620 0.111081
1.209 3.616512 0.110878
1.210 3.616404 0.110676
1.211 3.616301 0.110541
1.212 3.616198 0.110406
1.213 3.616095 0.110270
1.214 3.615991 0.110135
1.215 3.615888 0.110000
1.216 3.615786 0.109862
1.217 3.615685 0.109697
1.218 3.615584 0.109533
1.219 3.615484 0.109368
1.220 3.615383 0.109203
1.221 3.615283 0.109038
1.222 3.615183 0.108869
1.223 3.615087 0.108669
1.224 3.614992 0.108469
1.225 3.614896 0.108270
1.226 3.614800 0.108070
1.227 3.614705 0.107870
1.228 3.614609 0.107668
1.229 3.614516 0.107444
1.230 3.614423 0.107220
1.231 3.614330 0.106996
1.232 3.614237 0.106772
1.233 3.614144 0.106548
1.234 3.614051 0.106324
1.235 3.613962 0.106182
1.236 3.613874 0.106043
1.237 3.613785 0.105904
1.238 3.613696 0.105765
1.239 3.613607 0.105626
1.240 3.613518 0.105487
1.241 3.613430 0.105363
1.242 3.613343 0.105244
1.243 3.613255 0.105124
1.244 3.613167 0.105004
1.245 3.613079 0.104885
1.246 3.612992 0.104765
1.247 3.612905 0.104645
1.248 3.612818 0.104524
1.249 3.612731 0.104403
1.250 3.612644 0.104283
1.251 3.612558 0.104162
1.252 3.612471 0.104042
1.253 3.612385 0.103897
1.254 3.612300 0.103691
1.255 3.612215 0.103486
1.256 3.612130 0.103281
1.257 3.612046 0.103076
1.258 3.611961 0.102870
1.259 3.611876 0.102665
1.260 3.611793 0.102488
1.261 3.611710 0.102313
1.262 3.611627 0.102138
1.263 3.611544 0.101963
1.264 3.611461 0.101788
1.265 3.611378 0.101613
1.266 3.611295 0.101421
1.267 3.611211 0.101213
1.268 3.611127 0.101005
1.269 3.611043 0.100797
1.270 3.610960 0.100589
1.271 3.610876 0.100381
1.272 3.610792 0.100173
1.273 3.610708 0.099965
1.274 3.610624 0.099757
1.275 3.610539 0.099548
1.276 3.610455 0.099340
1.277 3.610371 0.099132
1.278 3.610287 0.098924
1.279 3.610200 0.098709
1.280 3.610111 0.098487
1.281 3.610022 0.098265
1.282 3.609933 0.098042
1.283 3.609844 0.097820
1.284 3.609755 0.097598
1.285 3.609666 0.097375
1.286 3.609579 0.097185
1.287 3.609493 0.097001
1.288 3.609407 0.096816
1.289 3.609321 0.096631
1.290 3.609235 0.096446
1.291 3.609149 0.096261
1.292 3.609064 0.096078
1.293 3.608980 0.095905
1.294 3.608896 0.095732
1.295 3.608813 0.095559
1.296 3.608729 0.095385
1.297 3.608645 0.095212
1.298 3.608562 0.095039
1.299 3.608475 0.094855
1.300 3.608384 0.094656
1.301 3.608292 0.094458
1.302 3.608201 0.094259
1.303 3.608110 0.094060
1.304 3.608019 0.093862
1.305 3.607927 0.093663
1.306 3.607837 0.093464
1.307 3.607747 0.093266
1.308 3.607657 0.093067
1.309 3.607567 0.092868
1.310 3.607477 0.092670
1.311 3.607387 0.092471
1.312 3.607297 0.092272
1.313 3.607210 0.092064
1.314 3.607123 0.091852
1.315 3.607037 0.091640
1.316 3.606951 0.091428
1.317 3.606864 0.091215
1.318 3.606778 0.091003
1.319 3.606692 0.090791
1.320 3.606608 0.090587
1.321 3.606526 0.090387
1.322 3.606444 0.090187
1.323 3.606361 0.089986
1.324 3.606279 0.089786
1.325 3.606196 0.089586
1.326 3.606114 0.089385
1.327 3.606034 0.089204
1.328 3.605956 0.089033
1.329 3.605877 0.088861
1.330 3.605798 0.088689
1.331 3.605720 0.088518
1.332 3.605641 0.088346
1.333 3.605563 0.088175
1.334 3.605487 0.087984
1.335 3.605413 0.087779
1.336 3.605340 0.087573
1.337 3.605267 0.087367
1.338 3.605193 0.087161
1.339 3.605120 0.086955
1.340 3.605047 0.086749
1.341 3.604976 0.086552
1.342 3.604909 0.086370
1.343 3.604843 0.086189
1.344 3.604777 0.086007
1.345 3.604711 0.085826
1.346 3.604645 0.085644
1.347 3.604579 0.085463
1.348 3.604513 0.085280
1.349 3.604455 0.085080
1.350 3.604397 0.084879
1.351 3.604339 0.084678
1.352 3.604280 0.084478
1.353 3.604222 0.084277
1.354 3.604164 0.084076
1.355 3.604106 0.083876
1.356 3.604064 0.083654
1.357 3.604029 0.083423
1.358 3.603994 0.083191
1.359 3.603959 0.082960
1.360 3.603924 0.082729
1.361 3.603889 0.082498
1.362 3.603854 0.082267
1.363 3.603822 0.082033
1.364 3.603799 0.081789
1.365 3.603775 0.081545
1.366 3.603752 0.081300
1.367 3.603729 0.081056
1.368 3.603706 0.080812
1.369 3.603682 0.080568
1.370 3.603659 0.080324
1.371 3.603646 0.080039
1.372 3.603636 0.079739
1.373 3.603627 0.079440
1.374 3.603617 0.079140
1.375 3.603608 0.078840
1.376 3.603598 0.078540
1.377 3.603589 0.078241
1.378 3.603585 0.077945
1.379 3.603614 0.077673
1.380 3.603642 0.077402
1.381 3.603671 0.077130
1.382 3.603700 0.076859
1.383 3.603729 0.076587
1.384 3.603758 0.076315
1.385 3.603787 0.076044
1.386 3.603834 0.075770
1.387 3.603904 0.075494
1.388 3.603973 0.075218
1.389 3.604043 0.074942
1.390 3.604113 0.074666
1.391 3.604183 0.074390
1.392 3.604253 0.074114
1.393 3.604323 0.073838
1.394 3.604421 0.073536
1.395 3.604533 0.073221
1.396 3.604646 0.072905
1.397 3.604758 0.072590
1.398 3.604870 0.072275
1.399 3.604983 0.071960
1.400 3.605095 0.071645
1.401 3.605207 0.071330
1.402 3.605366 0.071024
1.403 3.605537 0.070721
1.404 3.605707 0.070417
1.405 3.605877 0.070114
1.406 3.606047 0.069810
1.407 3.606218 0.069506
1.408 3.606388 0.069203
1.409 3.606558 0.068899
1.410 3.606787 0.068525
1.411 3.607026 0.068138
1.412 3.607265 0.067752
1.413 3.607504 0.067365
1.414 3.607743 0.066978
1.415 3.607982 0.066592
1.416 3.608221 0.066205
1.417 3.608460 0.065819
1.418 3.608757 0.065427
1.419 3.609069 0.065035
1.420 3.609380 0.064642
1.421 3.609691 0.064250
1.422 3.610003 0.063857
1.423 3.610314 0.063465
1.424 3.610625 0.063072
1.425 3.610937 0.062680
1.426 3.611308 0.062266
1.427 3.611709 0.061841
1.428 3.612109 0.061416
1.429 3.612510 0.060992
1.430 3.612910 0.060567
1.431 3.613311 0.060142
1.432 3.613712 0.059717
1.433 3.614112 0.059293
1.434 3.614548 0.058839
1.435 3.615028 0.058349
1.436 3.615508 0.057859
1.437 3.615988 0.057370
1.438 3.616468 0.056880
1.439 3.616948 0.056390
1.440 3.617428 0.055900
1.441 3.617908 0.055410
1.442 3.618377 0.054912
1.443 3.618756 0.054351
1.444 3.619134 0.053789
1.445 3.619513 0.053228
1.446 3.619892 0.052667
1.447 3.620271 0.052106
1.448 3.620649 0.051544
1.449 3.621028 0.050983
1.450 3.621407 0.050422
1.451 3.621683 0.049811
1.452 3.621914 0.049178
1.453 3.622145 0.048545
1.454 3.622376 0.047912
1.455 3.622607 0.047279
1.456 3.622838 0.046647
1.457 3.623068 0.046014
1.458 3.623299 0.045381
1.459 3.623493 0.044723
1.460 3.623503 0.043940
1.461 3.623513 0.043157
1.462 3.623523 0.042374
1.463 3.623533 0.041592
1.464 3.623543 0.040809
1.465 3.623553 0.040026
1.466 3.623563 0.039244
1.467 3.623573 0.038461
1.468 3.623255 0.037638
1.469 3.622665 0.036781
1.470 3.622075 0.035925
1.471 3.621485 0.035068
1.472 3.620895 0.034211
1.473 3.620305 0.033355
1.474 3.619715 0.032498
1.475 3.619125 0.031641
1.476 3.618535 0.030785
1.477 3.617946 0.029928
1.478 3.617356 0.029071
1.479 3.616766 0.028215
1.480 3.616176 0.027358
1.481 3.615586 0.026501
1.482 3.614996 0.025645
1.483 3.614406 0.024788
1.484 3.613816 0.023931
1.485 3.613226 0.023075
1.486 3.612636 0.022218
1.487 3.612046 0.021361
1.488 3.611456 0.020505
1.489 3.610866 0.019648
1.490 3.610276 0.018791
1.491 3.609582 0.018220
1.492 3.608802 0.017881
1.493 3.608023 0.017543
1.494 3.607244 0.017204
1.495 3.606464 0.016865
1.496 3.605685 0.016527
1.497 3.604906 0.016188
1.498 3.604127 0.015849
1.499 3.603347 0.015511
1.500 3.602568 0.015172
1.501 3.601789 0.014834
1.502 3.601009 0.014495
1.503 3.600230 0.014156
1.504 3.599451 0.013818
1.505 3.598671 0.013479
1.506 3.597892 0.013140
1.507 3.597113 0.012802
1.508 3.596334 0.012463
1.509 3.595554 0.012124
1.510 3.594775 0.011786
1.511 3.593996 0.011447
1.512 3.593216 0.011108
1.513 3.592437 0.010770
1.514 3.591658 0.010431
1.515 3.590972 0.010244
1.516 3.590306 0.010089
1.517 3.589640 0.009934
1.518 3.588974 0.009779
1.519 3.588308 0.009625
1.520 3.587641 0.009470
1.521 3.586975 0.009315
1.522 3.586309 0.009160
1.523 3.585643 0.009006
1.524 3.584977 0.008851
1.525 3.584311 0.008696
1.526 3.583645 0.008541
1.527 3.582979 0.008387
1.528 3.582313 0.008232
1.529 3.581647 0.008077
1.530 3.580981 0.007922
1.531 3.580315 0.007768
1.532 3.579649 0.007613
1.533 3.578983 0.007458
1.534 3.578317 0.007303
1.535 3.577651 0.007148
1.536 3.576985 0.006994
1.537 3.576319 0.006839
1.538 3.575652 0.006684
1.539 3.575027 0.006547
1.540 3.574484 0.006445
1.541 3.573941 0.006344
1.542 3.573398 0.006242
1.543 3.572855 0.006141
1.544 3.572313 0.006039
1.545 3.571770 0.005937
1.546 3.571227 0.005836
1.547 3.570684 0.005734
1.548 3.570141 0.005633
1.549 3.569599 0.005531
1.550 3.569056 0.005430
1.551 3.568513 0.005328
1.552 3.567970 0.005227
1.553 3.567427 0.005125
1.554 3.566884 0.005023
1.555 3.566342 0.004922
1.556 3.565799 0.004820
1.557 3.565256 0.004719
1.558 3.564713 0.004617
1.559 3.564170 0.004516
1.560 3.563627 0.004414
1.561 3.563085 0.004312
1.562 3.562542 0.004211
1.563 3.561999 0.004109
1.564 3.561457 0.004009
1.565 3.560953 0.003941
1.566 3.560449 0.003873
1.567 3.559945 0.003805
1.568 3.559441 0.003738
1.569 3.558937 0.003670
1.570 3.558433 0.003602
1.571 3.557929 0.003534
1.572 3.557425 0.003466
1.573 3.556921 0.003399
1.574 3.556417 0.003331
1.575 3.555912 0.003263
1.576 3.555408 0.003195
1.577 3.554904 0.003127
1.578 3.554400 0.003060
1.579 3.553896 0.002992
1.580 3.553392 0.002924
1.581 3.552888 0.002856
1.582 3.552384 0.002788
1.583 3.551880 0.002721
1.584 3.551376 0.002653
1.585 3.550872 0.002585
1.586 3.550368 0.002517
1.587 3.549864 0.002449
1.588 3.549360 0.002382
1.589 3.548856 0.002314
1.590 3.548352 0.002246
1.591 3.547875 0.002212
1.592 3.547403 0.002183
1.593 3.546930 0.002154
1.594 3.546457 0.002125
1.595 3.545985 0.002096
1.596 3.545512 0.002067
1.597 3.545040 0.002038
1.598 3.544567 0.002009
1.599 3.544094 0.001980
1.600 3.543622 0.001951
1.601 3.543149 0.001921
1.602 3.542677 0.001892
1.603 3.542204 0.001863
1.604 3.541731 0.001834
1.605 3.541259 0.001805
1.606 3.540786 0.001776
1.607 3.540314 0.001747
1.608 3.539841 0.001718
1.609 3.539368 0.001689
1.610 3.538896 0.001660
1.611 3.538423 0.001630
1.612 3.537951 0.001601
1.613 3.537478 0.001572
1.614 3.537005 0.001543
1.615 3.536533 0.001514
1.616 3.536060 0.001485
1.617 3.535588 0.001456
1.618 3.535144 0.001433
1.619 3.534706 0.001412
1.620 3.534268 0.001391
1.621 3.533831 0.001370
1.622 3.533393 0.001348
1.623 3.532955 0.001327
1.624 3.532517 0.001306
1.625 3.532079 0.001285
1.626 3.531641 0.001263
1.627 3.531203 0.001242
1.628 3.530765 0.001221
1.629 3.530327 0.001200
1.630 3.529889 0.001178
1.631 3.529452 0.001157
1.632 3.529014 0.001136
1.633 3.528576 0.001115
1.634 3.528138 0.001093
1.635 3.527700 0.001072
1.636 3.527262 0.001051
1.637 3.526824 0.001030
1.638 3.526386 0.001008
1.639 3.525948 0.000987
1.640 3.525510 0.000966
1.641 3.525073 0.000945
1.642 3.524635 0.000923
1.643 3.524197 0.000902
1.644 3.523759 0.000881
1.645 3.523321 0.000860
1.646 3.522908 0.000852
1.647 3.522499 0.000846
1.648 3.522090 0.000840
1.649 3.521681 0.000835
1.650 3.521271 0.000829
1.651 3.520862 0.000823
1.652 3.520453 0.000817
1.653 3.520044 0.000812
1.654 3.519635 0.000806
1.655 3.519226 0.000800
1.656 3.518816 0.000794
1.657 3.518407 0.000789
1.658 3.517998 0.000783
1.659 3.517589 0.000777
1.660 3.517180 0.000771
1.661 3.516771 0.000766
1.662 3.516361 0.000760
1.663 3.515952 0.000754
1.664 3.515543 0.000748
1.665 3.515134 0.000743
1.666 3.514725 0.000737
1.667 3.514315 0.000731
1.668 3.513906 0.000725
1.669 3.513497 0.000720
1.670 3.513088 0.000714
1.671 3.512679 0.000708
1.672 3.512270 0.000702
1.673 3.511860 0.000697
1.674 3.511451 0.000691
1.675 3.511068 0.000685
1.676 3.510688 0.000679
1.677 3.510308 0.000673
1.678 3.509927 0.000666
1.679 3.509547 0.000660
1.680 3.509166 0.000654
1.681 3.508786 0.000648
1.682 3.508405 0.000642
1.683 3.508025 0.000636
1.684 3.507644 0.000630
1.685 3.507264 0.000624
1.686 3.506884 0.000618
1.687 3.506503 0.000612
1.688 3.506123 0.000606
1.689 3.505742 0.000599
1.690 3.505362 0.000593
1.691 3.504981 0.000587
1.692 3.504601 0.000581
1.693 3.504221 0.000575
1.694 3.503840 0.000569
1.695 3.503460 0.000563
1.696 3.503079 0.000557
1.697 3.502699 0.000551
1.698 3.502318 0.000545
1.699 3.501938 0.000538
1.700 3.501557 0.000532
1.701 3.501177 0.000526
1.702 3.500797 0.000520
1.703 3.500416 0.000514
1.704 3.500036 0.000508
1.705 3.499678 0.000503
1.706 3.499321 0.000498
1.707 3.498965 0.000494
1.708 3.498609 0.000489
1.709 3.498253 0.000484
1.710 3.497896 0.000479
1.711 3.497540 0.000475
1.712 3.497184 0.000470
1.713 3.496828 0.000465
1.714 3.496472 0.000460
1.715 3.496115 0.000456
1.716 3.495759 0.000451
1.717 3.495403 0.000446
1.718 3.495047 0.000441
1.719 3.494690 0.000437
1.720 3.494334 0.000432
1.721 3.493978 0.000427
1.722 3.493622 0.000422
1.723 3.493266 0.000418
1.724 3.492909 0.000413
1.725 3.492553 0.000408
1.726 3.492197 0.000404
1.727 3.491841 0.000399
1.728 3.491484 0.000394
1.729 3.491128 0.000389
1.730 3.490772 0.000385
1.731 3.490416 0.000380
1.732 3.490059 0.000375
1.733 3.489703 0.000370
1.734 3.489347 0.000366
1.735 3.488991 0.000361
1.736 3.488652 0.000360
1.737 3.488318 0.000361
1.738 3.487983 0.000361
1.739 3.487648 0.000362
1.740 3.487313 0.000362
1.741 3.486978 0.000363
1.742 3.486643 0.000363
1.743 3.486308 0.000363
1.744 3.485973 0.000364
1.745 3.485638 0.000364
1.746 3.485304 0.000365
1.747 3.484969 0.000365
1.748 3.484634 0.000365
1.749 3.484299 0.000366
1.750 3.483964 0.000366
1.751 3.483629 0.000367
1.752 3.483294 0.000367
1.753 3.482959 0.000368
1.754 3.482625 0.000368
1.755 3.482290 0.000368
1.756 3.481955 0.000369
1.757 3.481620 0.000369
1.758 3.481285 0.000370
1.759 3.480950 0.000370
1.760 3.480615 0.000370
1.761 3.480280 0.000371
1.762 3.479945 0.000371
1.763 3.479611 0.000372
1.764 3.479276 0.000372
1.765 3.478941 0.000373
1.766 3.478606 0.000373
1.767 3.478271 0.000373
1.768 3.477947 0.000371
1.769 3.477630 0.000368
1.770 3.477313 0.000364
1.771 3.476996 0.000360
1.772 3.476679 0.000357
1.773 3.476362 0.000353
1.774 3.476045 0.000349
1.775 3.475728 0.000345
1.776 3.475411 0.000342
1.777 3.475094 0.000338
1.778 3.474777 0.000334
1.779 3.474460 0.000331
1.780 3.474143 0.000327
1.781 3.473826 0.000323
1.782 3.473509 0.000320
1.783 3.473192 0.000316
1.784 3.472875 0.000312
1.785 3.472558 0.000309
1.786 3.472241 0.000305
1.787 3.471924 0.000301
1.788 3.471607 0.000297
1.789 3.471290 0.000294
1.790 3.470974 0.000290
1.791 3.470657 0.000286
1.792 3.470340 0.000283
1.793 3.470023 0.000279
1.794 3.469706 0.000275
1.795 3.469389 0.000272
1.796 3.469072 0.000268
1.797 3.468755 0.000264
1.798 3.468438 0.000260
1.799 3.468121 0.000257
1.800 3.467804 0.000253
1.801 NaN NaN
1.802 NaN NaN
1.803 NaN NaN
1.804 NaN NaN
1.805 NaN NaN
1.806 NaN NaN
1.807 NaN NaN
1.808 NaN NaN
1.809 NaN NaN
1.810 NaN NaN
1.811 NaN NaN
1.812 NaN NaN
1.813 NaN NaN
1.814 NaN NaN
1.815 NaN NaN
1.816 NaN NaN
1.817 NaN NaN
1.818 NaN NaN
1.819 NaN NaN
1.820 NaN NaN
1.821 NaN NaN
1.822 NaN NaN
1.823 NaN NaN
1.824 NaN NaN
1.825 NaN NaN
1.826 NaN NaN
1.827 NaN NaN
1.828 NaN NaN
1.829 NaN NaN
1.830 NaN NaN
1.831 NaN NaN
1.832 NaN NaN
1.833 NaN NaN
1.834 NaN NaN
1.835 NaN NaN
1.836 NaN NaN
1.837 NaN NaN
1.838 NaN NaN
1.839 NaN NaN
1.840 NaN NaN
1.841 NaN NaN
1.842 NaN NaN
1.843 NaN NaN
1.844 NaN NaN
1.845 NaN NaN
1.846 NaN NaN
1.847 NaN NaN
1.848 NaN NaN
1.849 NaN NaN
1.850 NaN NaN
1.851 NaN NaN
1.852 NaN NaN
1.853 NaN NaN
1.854 NaN NaN
1.855 NaN NaN
1.856 NaN NaN
1.857 NaN NaN
1.858 NaN NaN
1.859 NaN NaN
1.860 NaN NaN
1.861 NaN NaN
1.862 NaN NaN
1.863 NaN NaN
1.864 NaN NaN
1.865 NaN NaN
1.866 NaN NaN
1.867 NaN NaN
1.868 NaN NaN
1.869 NaN NaN
1.870 NaN NaN
1.871 NaN NaN
1.872 NaN NaN
1.873 NaN NaN
1.874 NaN NaN
1.875 NaN NaN
1.876 NaN NaN
1.877 NaN NaN
1.878 NaN NaN
1.879 NaN NaN
1.880 NaN NaN
1.881 NaN NaN
1.882 NaN NaN
1.883 NaN NaN
1.884 NaN NaN
1.885 NaN NaN
1.886 NaN NaN
1.887 NaN NaN
1.888 NaN NaN
1.889 NaN NaN
1.890 NaN NaN
1.891 NaN NaN
1.892 NaN NaN
1.893 NaN NaN
1.894 NaN NaN
1.895 NaN NaN
1.896 NaN NaN
1.897 NaN NaN
1.898 NaN NaN
1.899 NaN NaN
1.900 NaN NaN
1.901 NaN NaN
1.902 NaN NaN
1.903 NaN NaN
1.904 NaN NaN
1.905 NaN NaN
1.906 NaN NaN
1.907 NaN NaN
1.908 NaN NaN
1.909 NaN NaN
1.910 NaN NaN
1.911 NaN NaN
1.912 NaN NaN
1.913 NaN NaN
1.914 NaN NaN
1.915 NaN NaN
1.916 NaN NaN
1.917 NaN NaN
1.918 NaN NaN
1.919 NaN NaN
1.920 NaN NaN
1.921 NaN NaN
1.922 NaN NaN
1.923 NaN NaN
1.924 NaN NaN
1.925 NaN NaN
1.926 NaN NaN
1.927 NaN NaN
1.928 NaN NaN
1.929 NaN NaN
1.930 NaN NaN
1.931 NaN NaN
1.932 NaN NaN
1.933 NaN NaN
1.934 NaN NaN
1.935 NaN NaN
1.936 NaN NaN
1.937 NaN NaN
1.938 NaN NaN
1.939 NaN NaN
1.940 NaN NaN
1.941 NaN NaN
1.942 NaN NaN
1.943 NaN NaN
1.944 NaN NaN
1.945 NaN NaN
1.946 NaN NaN
1.947 NaN NaN
1.948 NaN NaN
1.949 NaN NaN
1.950 NaN NaN