0.253 1.827418 3.163722
0.254 1.868700 3.189152
0.255 1.900724 3.205383
0.256 1.933871 3.221118
0.257 1.973534 3.236794
0.258 2.014758 3.252408
0.259 2.053829 3.267962
0.260 2.090303 3.283456
0.261 2.136600 3.298890
0.262 2.178450 3.314267
0.263 2.218657 3.320852
0.264 2.264430 3.334844
0.265 2.310020 3.340004
0.266 2.360629 3.345189
0.267 2.410695 3.350012
0.268 2.455781 3.350016
0.269 2.501855 3.350021
0.270 2.555446 3.350027
0.271 2.600754 3.340717
0.272 2.654450 3.335186
0.273 2.698721 3.330024
0.274 2.752808 3.315746
0.275 2.797323 3.301108
0.276 2.850524 3.286522
0.277 2.894143 3.271959
0.278 2.937605 3.247506
0.279 2.980914 3.226075
0.280 3.024069 3.199231
0.281 3.067072 3.178652
0.282 3.109412 3.150095
0.283 3.142623 3.117395
0.284 3.176918 3.083273
0.285 3.215020 3.055016
0.286 3.243185 3.020314
0.287 3.271250 2.987986
0.288 3.299225 2.950824
0.289 3.326704 2.914780
0.290 3.344873 2.882727
0.291 3.366300 2.847465
0.292 3.389899 2.810081
0.293 3.403803 2.778566
0.294 3.417502 2.737510
0.295 3.431157 2.705882
0.296 3.444765 2.670524
0.297 3.450473 2.635554
0.298 3.459987 2.606379
0.299 3.465311 2.574119
0.300 3.470417 2.542595
0.301 3.479995 2.513719
0.302 3.479994 2.479164
0.303 3.479996 2.452590
0.304 3.479997 2.426096
0.305 3.479999 2.399687
0.306 3.480001 2.373370
0.307 3.480002 2.348983
0.308 3.475459 2.330986
0.309 3.470002 2.304924
0.310 3.468957 2.288460
0.311 3.460112 2.263046
0.312 3.460006 2.243650
0.313 3.450727 2.221507
0.314 3.450007 2.207962
0.315 3.445121 2.190290
0.316 3.439749 2.172433
0.317 3.430476 2.159733
0.318 3.427018 2.147070
0.319 3.420008 2.134446
0.320 3.419519 2.121863
0.321 3.410949 2.109319
0.322 3.406767 2.096813
0.323 3.400010 2.084347
0.324 3.391875 2.071920
0.325 3.389343 2.060198
0.326 3.380009 2.057182
0.327 3.374824 2.044865
0.328 3.370010 2.039820
0.329 3.368851 2.030352
0.330 3.360567 2.020607
0.331 3.355895 2.015935
0.332 3.350011 2.009954
0.333 3.349446 2.002335
0.334 3.341090 1.998635
0.335 3.340012 1.990320
0.336 3.335676 1.990050
0.337 3.330011 1.983827
0.338 3.329475 1.980048
0.339 3.321283 1.978707
0.340 3.320012 1.970586
0.341 3.316171 1.970047
0.342 3.310011 1.970022
0.343 3.310013 1.963102
0.344 3.309249 1.960045
0.345 3.300847 1.960046
0.346 3.300012 1.960047
0.347 3.300014 1.960047
0.348 3.300014 1.960047
0.349 3.300015 1.960047
0.350 3.292023 1.952055
0.351 3.290013 1.950044
0.352 3.290014 1.950045
0.353 3.290015 1.950045
0.354 3.290015 1.950045
0.355 3.290015 1.950045
0.356 3.290015 1.950045
0.357 3.290015 1.950045
0.358 3.290016 1.950044
0.359 3.290016 1.950044
0.360 3.290016 1.950044
0.361 3.290016 1.950044
0.362 3.290016 1.950044
0.363 3.290017 1.955129
0.364 3.290017 1.960047
0.365 3.290017 1.960045
0.366 3.290017 1.960044
0.367 3.290017 1.960044
0.368 3.290017 1.960044
0.369 3.290975 1.960044
0.370 3.299554 1.960044
0.371 3.300020 1.963173
0.372 3.300019 1.970047
0.373 3.300019 1.970045
0.374 3.305065 1.970044
0.375 3.310022 1.970044
0.376 3.310021 1.970043
0.377 3.310020 1.970485
0.378 3.310144 1.977754
0.379 3.318475 1.980046
0.380 3.320023 1.980044
0.381 3.320915 1.980043
0.382 3.329469 1.980748
0.383 3.330024 1.988814
0.384 3.331582 1.990045
0.385 3.339816 1.990044
0.386 3.340025 1.990043
0.387 3.342449 1.992468
0.388 3.349809 1.999828
0.389 3.350026 2.000044
0.390 3.353495 2.000043
0.391 3.359772 2.004064
0.392 3.364059 2.010046
0.393 3.370029 2.010044
0.394 3.370027 2.010043
0.395 3.374708 2.014724
0.396 3.379947 2.019963
0.397 3.385013 2.020044
0.398 3.390000 2.020043
0.399 3.395215 2.025228
0.400 3.400134 2.030045
0.401 3.405316 2.030044
0.402 3.410154 2.035221
0.403 3.415318 2.040045
0.404 3.425205 2.040123
0.405 3.430035 2.045231
0.406 3.435112 2.050046
0.407 3.440035 2.050044
0.408 3.444890 2.054899
0.409 3.454733 2.060025
0.410 3.464553 2.064559
0.411 3.469992 2.069999
0.412 3.474113 2.070044
0.413 3.483860 2.073909
0.414 3.493585 2.080047
0.415 3.500041 2.083285
0.416 3.503239 2.089765
0.417 3.512609 2.092613
0.418 3.522241 2.099342
0.419 3.531847 2.101848
0.420 3.543898 2.108968
0.421 3.560925 2.111064
0.422 3.570534 2.118729
0.423 3.580048 2.121259
0.424 3.590350 2.128729
0.425 3.606804 2.131218
0.426 3.618463 2.138456
0.427 3.635727 2.140815
0.428 3.654533 2.147284
0.429 3.666678 2.150044
0.430 3.682020 2.150045
0.431 3.700697 2.150044
0.432 3.719338 2.150043
0.433 3.737925 2.150042
0.434 3.756474 2.146400
0.435 3.777725 2.140324
0.436 3.803445 2.138354
0.437 3.821868 2.129139
0.438 3.840245 2.119948
0.439 3.857917 2.110778
0.440 3.869548 2.100557
0.441 3.885124 2.084978
0.442 3.896700 2.073399
0.443 3.911218 2.064014
0.444 3.924859 2.050463
0.445 3.933903 2.036583
0.446 3.939993 2.024231
0.447 3.941924 2.008161
0.448 3.948720 1.999176
0.449 3.950075 1.988800
0.450 3.950072 1.972527
0.451 3.957186 1.962890
0.452 3.960074 1.959543
0.453 3.960072 1.954556
0.454 3.960070 1.945688
0.455 3.960069 1.940124
0.456 3.960068 1.940003
0.457 3.960068 1.940004
0.458 3.960067 1.940004
0.459 3.960066 1.940003
0.460 3.960065 1.940003
0.461 3.965728 1.945665
0.462 3.970151 1.950089
0.463 3.973292 1.953230
0.464 3.981968 1.961906
0.465 3.988606 1.970563
0.466 3.990918 1.979198
0.467 4.005686 1.987818
0.468 4.016795 1.990324
0.469 4.030048 1.994994
0.470 4.047171 2.003556
0.471 4.064263 2.012102
0.472 4.081318 2.020630
0.473 4.099358 2.029138
0.474 4.122932 2.037628
0.475 4.148358 2.039925
0.476 4.173727 2.044568
0.477 4.199038 2.050008
0.478 4.225684 2.050007
0.479 4.259300 2.048575
0.480 4.292842 2.041813
0.481 4.326308 2.033443
0.482 4.359704 2.025093
0.483 4.393038 2.013059
0.484 4.426303 1.996881
0.485 4.457817 1.978604
0.486 4.484783 1.955583
0.487 4.515672 1.930786
0.488 4.543677 1.906039
0.489 4.568703 1.877849
0.490 4.591495 1.845606
0.491 4.608629 1.812825
0.492 4.624989 1.780097
0.493 4.641317 1.747439
0.494 4.653690 1.714852
0.495 4.663979 1.682335
0.496 4.679881 1.649888
0.497 4.680021 1.617492
0.498 4.686246 1.585164
0.499 4.690005 1.552903
0.500 4.690025 1.523112
0.501 4.690026 1.498418
0.502 4.690027 1.466521
0.503 4.683572 1.440968
0.504 4.680276 1.416940
0.505 4.677170 1.393036
0.506 4.669744 1.369181
0.507 4.661807 1.345373
0.508 4.653882 1.321605
0.509 4.650561 1.297883
0.510 4.646940 1.277299
0.511 4.640214 1.258654
0.512 4.632355 1.237596
0.513 4.624512 1.218996
0.514 4.616683 1.203337
0.515 4.608869 1.187708
0.516 4.599522 1.172110
0.517 4.587323 1.156542
0.518 4.575515 1.141006
0.519 4.567762 1.125499
0.520 4.560024 1.110417
0.521 4.552298 1.102314
0.522 4.544589 1.088907
0.523 4.536895 1.077659
0.524 4.529217 1.066834
0.525 4.521553 1.054247
0.526 4.513903 1.043653
0.527 4.506268 1.032512
0.528 4.498646 1.019324
0.529 4.491038 1.011037
0.530 4.483444 1.003405
0.531 4.475866 0.994975
0.532 4.468303 0.986236
0.533 4.460754 0.977828
0.534 4.453219 0.969582
0.535 4.445697 0.961700
0.536 4.440422 0.954192
0.537 4.439097 0.946697
0.538 4.433203 0.939216
0.539 4.425751 0.932227
0.540 4.418300 0.925473
0.541 4.410862 0.918780
0.542 4.403438 0.912174
0.543 4.396201 0.905829
0.544 4.390023 0.899911
0.545 4.390025 0.894005
0.546 4.383772 0.888110
0.547 4.376522 0.882225
0.548 4.369178 0.876350
0.549 4.362979 0.870599
0.550 4.359853 0.865181
0.551 4.356545 0.860070
0.552 4.349941 0.854968
0.553 4.343622 0.849876
0.554 4.339741 0.844792
0.555 4.338153 0.839716
0.556 4.330916 0.834651
0.557 4.323691 0.830229
0.558 4.320520 0.825497
0.559 4.317915 0.820718
0.560 4.312640 0.816269
0.561 4.310380 0.811966
0.562 4.306490 0.807671
0.563 4.300618 0.803383
0.564 4.294301 0.799102
0.565 4.290014 0.794829
0.566 4.287840 0.790782
0.567 4.283260 0.786983
0.568 4.279634 0.783096
0.569 4.278041 0.779012
0.570 4.271335 0.775447
0.571 4.270026 0.771351
0.572 4.266689 0.767464
0.573 4.260893 0.763935
0.574 4.260145 0.760430
0.575 4.255208 0.756931
0.576 4.251493 0.753438
0.577 4.249233 0.749951
0.578 4.244512 0.746470
0.579 4.241455 0.742996
0.580 4.238242 0.739528
0.581 4.234473 0.736064
0.582 4.230925 0.732608
0.583 4.227821 0.729158
0.584 4.224355 0.725809
0.585 4.220036 0.722625
0.586 4.220026 0.719660
0.587 4.218901 0.716414
0.588 4.216289 0.713025
0.589 4.210961 0.709760
0.590 4.209046 0.706841
0.591 4.205874 0.703801
0.592 4.200021 0.700497
0.593 4.199401 0.697784
0.594 4.195357 0.695053
0.595 4.190025 0.692207
0.596 4.190027 0.688844
0.597 4.190028 0.685974
0.598 4.188054 0.683282
0.599 4.181429 0.680595
0.600 4.180203 0.677914
0.601 4.180028 0.674987
0.602 4.180029 0.671691
0.603 4.174352 0.668926
0.604 4.170813 0.666228
0.605 4.170028 0.663567
0.606 4.170029 0.660912
0.607 4.167116 0.658261
0.608 4.161669 0.655613
0.609 4.160548 0.652971
0.610 4.157132 0.650333
0.611 4.151886 0.647698
0.612 4.150626 0.645069
0.613 4.150029 0.642443
0.614 4.149992 0.639825
0.615 4.144782 0.637730
0.616 4.141437 0.635452
0.617 4.140096 0.632977
0.618 4.140030 0.630381
0.619 4.137912 0.627780
0.620 4.132734 0.625184
0.621 4.130915 0.622593
0.622 4.130028 0.620165
0.623 4.130029 0.618105
0.624 4.130030 0.615748
0.625 4.129121 0.613268
0.626 4.123764 0.610697
0.627 4.120997 0.608452
0.628 4.120030 0.606431
0.629 4.120031 0.603959
0.630 4.117729 0.601455
0.631 4.112077 0.598904
0.632 4.110500 0.596823
0.633 4.110031 0.594755
0.634 4.110031 0.592260
0.635 4.106556 0.590091
0.636 4.100475 0.588168
0.637 4.100072 0.585696
0.638 4.100030 0.583369
0.639 4.100031 0.581444
0.640 4.099641 0.579170
0.641 4.099016 0.576721
0.642 4.093587 0.574758
0.643 4.090029 0.572648
0.644 4.090030 0.570258
0.645 4.090031 0.568127
0.646 4.090032 0.566121
0.647 4.088389 0.563802
0.648 4.085943 0.561622
0.649 4.081695 0.559762
0.650 4.080031 0.557768
0.651 4.080033 0.555687
0.652 4.077698 0.553491
0.653 4.074991 0.551351
0.654 4.071765 0.549506
0.655 4.070031 0.547512
0.656 4.070032 0.545344
0.657 4.070033 0.543238
0.658 4.070033 0.541155
0.659 4.066077 0.539321
0.660 4.062609 0.537492
0.661 4.060921 0.535666
0.662 4.060032 0.533616
0.663 4.060033 0.531316
0.664 4.060033 0.529296
0.665 4.060034 0.527396
0.666 4.054882 0.525578
0.667 4.050031 0.523768
0.668 4.050032 0.521961
0.669 4.050032 0.520124
0.670 4.050033 0.518225
0.671 4.049269 0.516143
0.672 4.047807 0.513894
0.673 4.044547 0.511967
0.674 4.040532 0.510175
0.675 4.040032 0.508388
0.676 4.040032 0.506601
0.677 4.040033 0.504820
0.678 4.040034 0.503039
0.679 4.040035 0.501262
0.680 4.038706 0.499487
0.681 4.034657 0.497715
0.682 4.031872 0.495945
0.683 4.030578 0.494178
0.684 4.030033 0.492414
0.685 4.030034 0.490651
0.686 4.029718 0.488892
0.687 4.029259 0.487135
0.688 4.025395 0.485381
0.689 4.020618 0.483628
0.690 4.020033 0.481880
0.691 4.020034 0.480132
0.692 4.020035 0.478389
0.693 4.019967 0.476646
0.694 4.017023 0.474908
0.695 4.014139 0.473170
0.696 4.011948 0.471437
0.697 4.010033 0.469705
0.698 4.010033 0.467977
0.699 4.010034 0.466249
0.700 4.010035 0.464526
0.701 4.009937 0.462804
0.702 4.009400 0.461085
0.703 4.008091 0.459368
0.704 4.003621 0.457654
0.705 4.000033 0.455941
0.706 4.000034 0.454232
0.707 4.000035 0.452574
0.708 4.000036 0.451138
0.709 3.999473 0.449696
0.710 3.996060 0.448222
0.711 3.992900 0.446720
0.712 3.991402 0.445025
0.713 3.990033 0.443332
0.714 3.990034 0.441643
0.715 3.990035 0.439956
0.716 3.990036 0.438353
0.717 3.990037 0.436749
0.718 3.988497 0.435457
0.719 3.986894 0.434177
0.720 3.983898 0.432549
0.721 3.980713 0.430874
0.722 3.980034 0.429203
0.723 3.980035 0.427534
0.724 3.980035 0.426140
0.725 3.980036 0.424876
0.726 3.979965 0.423429
0.727 3.979838 0.421840
0.728 3.977794 0.420265
0.729 3.973252 0.418707
0.730 3.970034 0.417229
0.731 3.970035 0.415945
0.732 3.970036 0.414612
0.733 3.970036 0.412967
0.734 3.970037 0.411321
0.735 3.966587 0.410025
0.736 3.963024 0.408741
0.737 3.961466 0.407260
0.738 3.960448 0.405727
0.739 3.960035 0.404181
0.740 3.960035 0.402628
0.741 3.960036 0.401191
0.742 3.960037 0.399938
0.743 3.959602 0.398666
0.744 3.956991 0.397306
0.745 3.954381 0.395946
0.746 3.952474 0.394520
0.747 3.950617 0.393089
0.748 3.950035 0.391839
0.749 3.950035 0.390670
0.750 3.950036 0.389357
0.751 3.950037 0.387849
0.752 3.949741 0.386378
0.753 3.947786 0.385115
0.754 3.945832 0.383852
0.755 3.943491 0.382552
0.756 3.941088 0.381248
0.757 3.940035 0.379861
0.758 3.940035 0.378411
0.759 3.940036 0.377032
0.760 3.940037 0.375874
0.761 3.940037 0.374716
0.762 3.938590 0.373315
0.763 3.937007 0.371890
0.764 3.934807 0.370531
0.765 3.932140 0.369220
0.766 3.930035 0.367930
0.767 3.930036 0.366718
0.768 3.930037 0.365506
0.769 3.929674 0.364397
0.770 3.929240 0.363309
0.771 3.927329 0.362074
0.772 3.923598 0.360659
0.773 3.920034 0.359250
0.774 3.920035 0.357958
0.775 3.920035 0.356666
0.776 3.920036 0.355435
0.777 3.920036 0.354241
0.778 3.919931 0.353067
0.779 3.919378 0.351979
0.780 3.918825 0.350892
0.781 3.916076 0.349587
0.782 3.912566 0.348207
0.783 3.910034 0.346926
0.784 3.910035 0.345900
0.785 3.910035 0.344875
0.786 3.910036 0.343852
0.787 3.910037 0.342830
0.788 3.909759 0.341688
0.789 3.908840 0.340270
0.790 3.907920 0.338853
0.791 3.905322 0.337753
0.792 3.902279 0.336737
0.793 3.900034 0.335722
0.794 3.900035 0.334709
0.795 3.900035 0.333697
0.796 3.900036 0.332660
0.797 3.900037 0.331613
0.798 3.899797 0.330518
0.799 3.898276 0.329160
0.800 3.896755 0.327803
0.801 3.894756 0.326651
0.802 3.892411 0.325648
0.803 3.890065 0.324645
0.804 3.890035 0.323646
0.805 3.890035 0.322646
0.806 3.890036 0.321648
0.807 3.890036 0.320651
0.808 3.890037 0.319654
0.809 3.888283 0.318660
0.810 3.885938 0.317667
0.811 3.883689 0.316674
0.812 3.882261 0.315685
0.813 3.880832 0.314695
0.814 3.880035 0.313664
0.815 3.880035 0.312580
0.816 3.880036 0.311496
0.817 3.880036 0.310280
0.818 3.880037 0.309022
0.819 3.879822 0.307781
0.820 3.876445 0.306801
0.821 3.873068 0.305821
0.822 3.870762 0.304842
0.823 3.870457 0.303865
0.824 3.870152 0.302888
0.825 3.870035 0.302045
0.826 3.870035 0.301286
0.827 3.870036 0.300528
0.828 3.870036 0.299714
0.829 3.870037 0.298891
0.830 3.869704 0.298054
0.831 3.866116 0.297087
0.832 3.862529 0.296120
0.833 3.860034 0.295153
0.834 3.860034 0.294189
0.835 3.860034 0.293225
0.836 3.860035 0.292263
0.837 3.860035 0.291302
0.838 3.860036 0.290342
0.839 3.859194 0.289383
0.840 3.857937 0.288425
0.841 3.856680 0.287468
0.842 3.854611 0.286513
0.843 3.852368 0.285559
0.844 3.850125 0.284604
0.845 3.850034 0.283986
0.846 3.850034 0.283382
0.847 3.850035 0.282752
0.848 3.850035 0.281804
0.849 3.850036 0.280856
0.850 3.849541 0.279909
0.851 3.846621 0.278964
0.852 3.843702 0.278020
0.853 3.841376 0.277159
0.854 3.840879 0.276558
0.855 3.840382 0.275956
0.856 3.840034 0.275253
0.857 3.840034 0.274315
0.858 3.840035 0.273377
0.859 3.840007 0.272443
0.860 3.839923 0.271517
0.861 3.839838 0.270591
0.862 3.838649 0.269776
0.863 3.835406 0.269168
0.864 3.832163 0.268561
0.865 3.830033 0.267843
0.866 3.830033 0.266915
0.867 3.830033 0.265987
0.868 3.830034 0.265163
0.869 3.830034 0.264566
0.870 3.830035 0.263969
0.871 3.829466 0.263342
0.872 3.827328 0.262634
0.873 3.825190 0.261926
0.874 3.823253 0.261199
0.875 3.822141 0.260391
0.876 3.821029 0.259584
0.877 3.820033 0.258782
0.878 3.820033 0.258028
0.879 3.820034 0.257273
0.880 3.820035 0.256519
0.881 3.820035 0.255766
0.882 3.820035 0.255013
0.883 3.820035 0.254260
0.884 3.817332 0.253644
0.885 3.814165 0.253052
0.886 3.810998 0.252460
0.887 3.810032 0.251826
0.888 3.810032 0.251174
0.889 3.810033 0.250522
0.890 3.810033 0.249813
0.891 3.810034 0.249050
0.892 3.810034 0.248287
0.893 3.809361 0.247620
0.894 3.807179 0.247171
0.895 3.804998 0.246721
0.896 3.802920 0.246247
0.897 3.802009 0.245491
0.898 3.801098 0.244736
0.899 3.800186 0.243980
0.900 3.800033 0.243324
0.901 3.800033 0.242688
0.902 3.800034 0.242052
0.903 3.799886 0.241458
0.904 3.799620 0.240899
0.905 3.799353 0.240339
0.906 3.798449 0.239767
0.907 3.795703 0.239155
0.908 3.792957 0.238543
0.909 3.790210 0.237931
0.910 3.790031 0.237356
0.911 3.790031 0.236783
0.912 3.790031 0.236211
0.913 3.790032 0.235716
0.914 3.790032 0.235276
0.915 3.790033 0.234836
0.916 3.790028 0.234333
0.917 3.790002 0.233601
0.918 3.789977 0.232868
0.919 3.789951 0.232136
0.920 3.787575 0.231645
0.921 3.784678 0.231209
0.922 3.781780 0.230772
0.923 3.780031 0.230336
0.924 3.780031 0.229901
0.925 3.780032 0.229466
0.926 3.780032 0.229032
0.927 3.780032 0.228598
0.928 3.780033 0.228165
0.929 3.780033 0.227731
0.930 3.778677 0.227163
0.931 3.775819 0.226446
0.932 3.772960 0.225728
0.933 3.770102 0.225011
0.934 3.770030 0.224574
0.935 3.770030 0.224143
0.936 3.770030 0.223713
0.937 3.770031 0.223284
0.938 3.770031 0.222856
0.939 3.770032 0.222427
0.940 3.770032 0.221999
0.941 3.768568 0.221572
0.942 3.766933 0.221145
0.943 3.765297 0.220718
0.944 3.763815 0.220292
0.945 3.762665 0.219866
0.946 3.761515 0.219441
0.947 3.760366 0.219016
0.948 3.760030 0.218592
0.949 3.760030 0.218168
0.950 3.760030 0.217745
0.951 3.760030 0.217321
0.952 3.760031 0.216899
0.953 3.760031 0.216478
0.954 3.760032 0.216056
0.955 3.759194 0.215634
0.956 3.757145 0.215214
0.957 3.755096 0.214794
0.958 3.753047 0.214373
0.959 3.751997 0.213954
0.960 3.751342 0.213535
0.961 3.750686 0.213116
0.962 3.750031 0.212698
0.963 3.750029 0.212514
0.964 3.750030 0.212331
0.965 3.750030 0.212148
0.966 3.750030 0.211916
0.967 3.750031 0.211533
0.968 3.750031 0.211150
0.969 3.750032 0.210766
0.970 3.748799 0.210369
0.971 3.746172 0.209955
0.972 3.743545 0.209541
0.973 3.740918 0.209127
0.974 3.740028 0.208819
0.975 3.740028 0.208565
0.976 3.740028 0.208310
0.977 3.740029 0.208056
0.978 3.740029 0.207757
0.979 3.740029 0.207448
0.980 3.740030 0.207139
0.981 3.740030 0.206831
0.982 3.740031 0.206426
0.983 3.740031 0.206017
0.984 3.740031 0.205608
0.985 3.739892 0.205213
0.986 3.737347 0.205060
0.987 3.734801 0.204908
0.988 3.732256 0.204755
0.989 3.730027 0.204570
0.990 3.730028 0.204165
0.991 3.730028 0.203759
0.992 3.730028 0.203353
0.993 3.730028 0.202989
0.994 3.730028 0.202835
0.995 3.730028 0.202681
0.996 3.730029 0.202527
0.997 3.729998 0.202331
0.998 3.729814 0.201924
0.999 3.729630 0.201517
1.000 3.729446 0.201110
1.001 3.729105 0.200699
1.002 3.727822 0.200266
1.003 3.726538 0.199833
1.004 3.725255 0.199400
1.005 3.724039 0.198974
1.006 3.723571 0.198627
1.007 3.723102 0.198279
1.008 3.722634 0.197931
1.009 3.722165 0.197584
1.010 3.721783 0.197555
1.011 3.721402 0.197529
1.012 3.721020 0.197503
1.013 3.720639 0.197477
1.014 3.720263 0.197351
1.015 3.719888 0.197209
1.016 3.719513 0.197068
1.017 3.719138 0.196926
1.018 3.718756 0.196683
1.019 3.718372 0.196396
1.020 3.717987 0.196110
1.021 3.717602 0.195824
1.022 3.717225 0.195560
1.023 3.716855 0.195317
1.024 3.716486 0.195075
1.025 3.716116 0.194832
1.026 3.715765 0.194527
1.027 3.715461 0.194067
1.028 3.715157 0.193606
1.029 3.714853 0.193145
1.030 3.714549 0.192687
1.031 3.714230 0.192329
1.032 3.713910 0.191971
1.033 3.713591 0.191613
1.034 3.713271 0.191255
1.035 3.712940 0.190994
1.036 3.712604 0.190770
1.037 3.712269 0.190546
1.038 3.711933 0.190322
1.039 3.711610 0.190127
1.040 3.711309 0.189978
1.041 3.711007 0.189829
1.042 3.710705 0.189680
1.043 3.710403 0.189529
1.044 3.710091 0.189219
1.045 3.709779 0.188908
1.046 3.709467 0.188598
1.047 3.709155 0.188287
1.048 3.708844 0.187946
1.049 3.708534 0.187585
1.050 3.708224 0.187224
1.051 3.707914 0.186863
1.052 3.707612 0.186531
1.053 3.707348 0.186350
1.054 3.707084 0.186168
1.055 3.706821 0.185987
1.056 3.706557 0.185806
1.057 3.706297 0.185612
1.058 3.706038 0.185412
1.059 3.705780 0.185212
1.060 3.705521 0.185013
1.061 3.705255 0.184777
1.062 3.704951 0.184346
1.063 3.704646 0.183916
1.064 3.704342 0.183485
1.065 3.704038 0.183054
1.066 3.703747 0.182679
1.067 3.703466 0.182341
1.068 3.703184 0.182003
1.069 3.702903 0.181666
1.070 3.702622 0.181328
1.071 3.702334 0.180913
1.072 3.702047 0.180499
1.073 3.701760 0.180084
1.074 3.701472 0.179669
1.075 3.701182 0.179280
1.076 3.700887 0.178938
1.077 3.700592 0.178596
1.078 3.700297 0.178255
1.079 3.700002 0.177913
1.080 3.699738 0.177581
1.081 3.699489 0.177254
1.082 3.699241 0.176928
1.083 3.698992 0.176601
1.084 3.698743 0.176275
1.085 3.698480 0.176129
1.086 3.698216 0.175993
1.087 3.697953 0.175857
1.088 3.697689 0.175721
1.089 3.697431 0.175553
1.090 3.697197 0.175249
1.091 3.696963 0.174946
1.092 3.696730 0.174643
1.093 3.696496 0.174339
1.094 3.696266 0.174030
1.095 3.696040 0.173711
1.096 3.695815 0.173392
1.097 3.695589 0.173073
1.098 3.695363 0.172755
1.099 3.695119 0.172345
1.100 3.694859 0.171856
1.101 3.694599 0.171367
1.102 3.694338 0.170878
1.103 3.694078 0.170389
1.104 3.693829 0.169873
1.105 3.693585 0.169342
1.106 3.693341 0.168811
1.107 3.693097 0.168280
1.108 3.692854 0.167749
1.109 3.692609 0.167336
1.110 3.692364 0.166972
1.111 3.692119 0.166607
1.112 3.691874 0.166243
1.113 3.691629 0.165878
1.114 3.691382 0.165646
1.115 3.691135 0.165462
1.116 3.690888 0.165279
1.117 3.690640 0.165096
1.118 3.690393 0.164912
1.119 3.690157 0.164671
1.120 3.689926 0.164407
1.121 3.689695 0.164142
1.122 3.689464 0.163877
1.123 3.689233 0.163613
1.124 3.689002 0.163278
1.125 3.688772 0.162903
1.126 3.688541 0.162528
1.127 3.688310 0.162154
1.128 3.688080 0.161779
1.129 3.687863 0.161435
1.130 3.687660 0.161119
1.131 3.687457 0.160803
1.132 3.687254 0.160488
1.133 3.687051 0.160172
1.134 3.686850 0.159832
1.135 3.686652 0.159449
1.136 3.686454 0.159065
1.137 3.686256 0.158682
1.138 3.686058 0.158298
1.139 3.685856 0.157924
1.140 3.685629 0.157605
1.141 3.685402 0.157286
1.142 3.685175 0.156966
1.143 3.684948 0.156647
1.144 3.684721 0.156328
1.145 3.684513 0.156118
1.146 3.684308 0.155921
1.147 3.684103 0.155725
1.148 3.683898 0.155528
1.149 3.683693 0.155331
1.150 3.683471 0.155069
1.151 3.683235 0.154759
1.152 3.683000 0.154450
1.153 3.682765 0.154140
1.154 3.682529 0.153830
1.155 3.682299 0.153530
1.156 3.682085 0.153259
1.157 3.681871 0.152988
1.158 3.681657 0.152717
1.159 3.681442 0.152445
1.160 3.681228 0.152174
1.161 3.681039 0.151874
1.162 3.680854 0.151568
1.163 3.680670 0.151261
1.164 3.680486 0.150955
1.165 3.680302 0.150648
1.166 3.680109 0.150333
1.167 3.679901 0.150003
1.168 3.679694 0.149673
1.169 3.679486 0.149343
1.170 3.679279 0.149013
1.171 3.679071 0.148682
1.172 3.678869 0.148412
1.173 3.678668 0.148153
1.174 3.678468 0.147893
1.175 3.678267 0.147633
1.176 3.678066 0.147374
1.177 3.677866 0.147150
1.178 3.677669 0.147013
1.179 3.677473 0.146876
1.180 3.677276 0.146740
1.181 3.677079 0.146603
1.182 3.676883 0.146466
1.183 3.676695 0.146340
1.184 3.676511 0.146219
1.185 3.676327 0.146099
1.186 3.676144 0.145978
1.187 3.675960 0.145857
1.188 3.675776 0.145736
1.189 3.675598 0.145591
1.190 3.675421 0.145447
1.191 3.675243 0.145302
1.192 3.675065 0.145157
1.193 3.674887 0.145012
1.194 3.674711 0.144864
1.195 3.674540 0.144708
1.196 3.674369 0.144551
1.197 3.674198 0.144395
1.198 3.674028 0.144238
1.199 3.673857 0.144082
1.200 3.673692 0.143945
1.201 3.673531 0.143828
1.202 3.673371 0.143712
1.203 3.673211 0.143595
1.204 3.673051 0.143478
1.205 3.672891 0.143361
1.206 3.672714 0.143232
1.207 3.672529 0.143096
1.208 3.672345 0.142961
1.209 3.672160 0.142825
1.210 3.671975 0.142690
1.211 3.671790 0.142554
1.212 3.671621 0.142477
1.213 3.671455 0.142415
1.214 3.671290 0.142354
1.215 3.671124 0.142293
1.216 3.670958 0.142232
1.217 3.670793 0.142170
1.218 3.670627 0.142048
1.219 3.670461 0.141913
1.220 3.670295 0.141778
1.221 3.670129 0.141643
1.222 3.669963 0.141508
1.223 3.669798 0.141372
1.224 3.669634 0.141181
1.225 3.669471 0.140978
1.226 3.669308 0.140775
1.227 3.669145 0.140572
1.228 3.668981 0.140369
1.229 3.668818 0.140166
1.230 3.668640 0.140077
1.231 3.668457 0.140024
1.232 3.668274 0.139972
1.233 3.668091 0.139919
1.234 3.667908 0.139866
1.235 3.667726 0.139814
1.236 3.667566 0.139748
1.237 3.667419 0.139675
1.238 3.667273 0.139601
1.239 3.667126 0.139528
1.240 3.666980 0.139454
1.241 3.666833 0.139381
1.242 3.666685 0.139262
1.243 3.666534 0.139085
1.244 3.666383 0.138908
1.245 3.666232 0.138730
1.246 3.666082 0.138553
1.247 3.665931 0.138376
1.248 3.665777 0.138215
1.249 3.665608 0.138121
1.250 3.665440 0.138028
1.251 3.665272 0.137934
1.252 3.665103 0.137841
1.253 3.664935 0.137747
1.254 3.664767 0.137654
1.255 3.664599 0.137510
1.256 3.664432 0.137360
1.257 3.664264 0.137209
1.258 3.664096 0.137058
1.259 3.663929 0.136907
1.260 3.663761 0.136757
1.261 3.663596 0.136557
1.262 3.663434 0.136308
1.263 3.663271 0.136059
1.264 3.663109 0.135809
1.265 3.662946 0.135560
1.266 3.662784 0.135311
1.267 3.662621 0.135071
1.268 3.662463 0.135017
1.269 3.662305 0.134962
1.270 3.662147 0.134908
1.271 3.661989 0.134853
1.272 3.661831 0.134799
1.273 3.661673 0.134744
1.274 3.661517 0.134700
1.275 3.661363 0.134663
1.276 3.661209 0.134626
1.277 3.661056 0.134590
1.278 3.660902 0.134553
1.279 3.660748 0.134516
1.280 3.660594 0.134480
1.281 3.660444 0.134370
1.282 3.660295 0.134257
1.283 3.660146 0.134144
1.284 3.659996 0.134031
1.285 3.659847 0.133918
1.286 3.659698 0.133805
1.287 3.659549 0.133683
1.288 3.659404 0.133540
1.289 3.659259 0.133398
1.290 3.659113 0.133255
1.291 3.658968 0.133113
1.292 3.658822 0.132970
1.293 3.658677 0.132828
1.294 3.658534 0.132693
1.295 3.658392 0.132563
1.296 3.658250 0.132434
1.297 3.658109 0.132304
1.298 3.657967 0.132174
1.299 3.657825 0.132044
1.300 3.657684 0.131915
1.301 3.657545 0.131804
1.302 3.657408 0.131698
1.303 3.657270 0.131592
1.304 3.657133 0.131486
1.305 3.656995 0.131379
1.306 3.656858 0.131273
1.307 3.656720 0.131167
1.308 3.656586 0.131123
1.309 3.656452 0.131083
1.310 3.656318 0.131043
1.311 3.656184 0.131002
1.312 3.656050 0.130962
1.313 3.655916 0.130921
1.314 3.655782 0.130878
1.315 3.655652 0.130732
1.316 3.655521 0.130586
1.317 3.655391 0.130440
1.318 3.655261 0.130294
1.319 3.655130 0.130147
1.320 3.655000 0.130001
1.321 3.654870 0.129855
1.322 3.654743 0.129688
1.323 3.654617 0.129520
1.324 3.654490 0.129353
1.325 3.654363 0.129186
1.326 3.654237 0.129019
1.327 3.654110 0.128852
1.328 3.653983 0.128685
1.329 3.653860 0.128464
1.330 3.653737 0.128239
1.331 3.653613 0.128014
1.332 3.653490 0.127789
1.333 3.653367 0.127564
1.334 3.653244 0.127339
1.335 3.653121 0.127113
1.336 3.653000 0.127029
1.337 3.652881 0.126983
1.338 3.652761 0.126938
1.339 3.652641 0.126893
1.340 3.652522 0.126847
1.341 3.652402 0.126802
1.342 3.652283 0.126756
1.343 3.652165 0.126674
1.344 3.652048 0.126561
1.345 3.651932 0.126448
1.346 3.651815 0.126334
1.347 3.651699 0.126221
1.348 3.651582 0.126108
1.349 3.651466 0.125995
1.350 3.651350 0.125861
1.351 3.651237 0.125660
1.352 3.651124 0.125460
1.353 3.651012 0.125259
1.354 3.650899 0.125058
1.355 3.650786 0.124858
1.356 3.650673 0.124657
1.357 3.650560 0.124456
1.358 3.650449 0.124203
1.359 3.650340 0.123940
1.360 3.650230 0.123678
1.361 3.650120 0.123415
1.362 3.650011 0.123152
1.363 3.649901 0.122889
1.364 3.649791 0.122626
1.365 3.649683 0.122429
1.366 3.649577 0.122343
1.367 3.649471 0.122258
1.368 3.649365 0.122172
1.369 3.649259 0.122086
1.370 3.649153 0.122001
1.371 3.649047 0.121915
1.372 3.648941 0.121829
1.373 3.648837 0.121775
1.374 3.648735 0.121728
1.375 3.648632 0.121680
1.376 3.648530 0.121633
1.377 3.648427 0.121586
1.378 3.648324 0.121539
1.379 3.648222 0.121492
1.380 3.648120 0.121443
1.381 3.648021 0.121388
1.382 3.647922 0.121333
1.383 3.647823 0.121278
1.384 3.647725 0.121223
1.385 3.647626 0.121167
1.386 3.647527 0.121112
1.387 3.647428 0.121057
1.388 3.647331 0.120922
1.389 3.647236 0.120687
1.390 3.647141 0.120452
1.391 3.647046 0.120217
1.392 3.646950 0.119982
1.393 3.646855 0.119747
1.394 3.646760 0.119512
1.395 3.646665 0.119277
1.396 3.646572 0.119089
1.397 3.646481 0.118930
1.398 3.646390 0.118771
1.399 3.646298 0.118612
1.400 3.646207 0.118453
1.401 3.646116 0.118294
1.402 3.646025 0.118134
1.403 3.645934 0.117975
1.404 3.645845 0.117773
1.405 3.645758 0.117555
1.406 3.645671 0.117338
1.407 3.645583 0.117120
1.408 3.645496 0.116902
1.409 3.645408 0.116684
1.410 3.645321 0.116467
1.411 3.645234 0.116249
1.412 3.645149 0.116038
1.413 3.645066 0.115829
1.414 3.644983 0.115620
1.415 3.644899 0.115411
1.416 3.644816 0.115202
1.417 3.644732 0.114993
1.418 3.644649 0.114784
1.419 3.644566 0.114575
1.420 3.644485 0.114363
1.421 3.644406 0.114149
1.422 3.644327 0.113935
1.423 3.644248 0.113721
1.424 3.644169 0.113507
1.425 3.644089 0.113293
1.426 3.644010 0.113079
1.427 3.643931 0.112865
1.428 3.643854 0.112679
1.429 3.643779 0.112526
1.430 3.643704 0.112372
1.431 3.643629 0.112218
1.432 3.643554 0.112064
1.433 3.643478 0.111911
1.434 3.643403 0.111757
1.435 3.643328 0.111603
1.436 3.643254 0.111451
1.437 3.643183 0.111303
1.438 3.643113 0.111156
1.439 3.643042 0.111008
1.440 3.642971 0.110860
1.441 3.642901 0.110713
1.442 3.642830 0.110565
1.443 3.642759 0.110417
1.444 3.642689 0.110270
1.445 3.642622 0.110086
1.446 3.642555 0.109895
1.447 3.642489 0.109704
1.448 3.642423 0.109513
1.449 3.642357 0.109322
1.450 3.642291 0.109131
1.451 3.642224 0.108940
1.452 3.642158 0.108749
1.453 3.642093 0.108560
1.454 3.642032 0.108375
1.455 3.641970 0.108190
1.456 3.641908 0.108005
1.457 3.641846 0.107821
1.458 3.641784 0.107636
1.459 3.641722 0.107451
1.460 3.641661 0.107266
1.461 3.641599 0.107081
1.462 3.641541 0.106882
1.463 3.641484 0.106680
1.464 3.641427 0.106478
1.465 3.641369 0.106277
1.466 3.641312 0.106075
1.467 3.641255 0.105873
1.468 3.641198 0.105671
1.469 3.641141 0.105469
1.470 3.641085 0.105270
1.471 3.641033 0.105084
1.472 3.640981 0.104899
1.473 3.640930 0.104714
1.474 3.640878 0.104528
1.475 3.640827 0.104343
1.476 3.640775 0.104158
1.477 3.640724 0.103973
1.478 3.640672 0.103787
1.479 3.640623 0.103623
1.480 3.640577 0.103493
1.481 3.640531 0.103364
1.482 3.640485 0.103234
1.483 3.640439 0.103105
1.484 3.640394 0.102975
1.485 3.640348 0.102846
1.486 3.640302 0.102717
1.487 3.640256 0.102587
1.488 3.640213 0.102411
1.489 3.640174 0.102188
1.490 3.640134 0.101964
1.491 3.640094 0.101741
1.492 3.640055 0.101517
1.493 3.640015 0.101294
1.494 3.639975 0.101070
1.495 3.639935 0.100847
1.496 3.639896 0.100623
1.497 3.639859 0.100433
1.498 3.639827 0.100275
1.499 3.639794 0.100117
1.500 3.639761 0.099959
1.501 3.639728 0.099801
1.502 3.639695 0.099643
1.503 3.639662 0.099485
1.504 3.639629 0.099327
1.505 3.639596 0.099169
1.506 3.639567 0.098998
1.507 3.639542 0.098808
1.508 3.639517 0.098618
1.509 3.639492 0.098429
1.510 3.639467 0.098239
1.511 3.639442 0.098049
1.512 3.639417 0.097860
1.513 3.639392 0.097670
1.514 3.639367 0.097480
1.515 3.639344 0.097286
1.516 3.639328 0.097076
1.517 3.639312 0.096865
1.518 3.639296 0.096654
1.519 3.639280 0.096444
1.520 3.639264 0.096233
1.521 3.639248 0.096023
1.522 3.639232 0.095812
1.523 3.639216 0.095601
1.524 3.639200 0.095391
1.525 3.639194 0.095155
1.526 3.639188 0.094916
1.527 3.639182 0.094677
1.528 3.639176 0.094438
1.529 3.639171 0.094199
1.530 3.639165 0.093960
1.531 3.639159 0.093721
1.532 3.639154 0.093482
1.533 3.639148 0.093243
1.534 3.639148 0.092947
1.535 3.639154 0.092586
1.536 3.639161 0.092224
1.537 3.639167 0.091863
1.538 3.639173 0.091502
1.539 3.639180 0.091141
1.540 3.639186 0.090780
1.541 3.639192 0.090418
1.542 3.639199 0.090057
1.543 3.639205 0.089696
1.544 3.639225 0.089420
1.545 3.639246 0.089151
1.546 3.639266 0.088883
1.547 3.639287 0.088614
1.548 3.639308 0.088346
1.549 3.639329 0.088077
1.550 3.639350 0.087809
1.551 3.639371 0.087540
1.552 3.639392 0.087272
1.553 3.639417 0.087012
1.554 3.639456 0.086777
1.555 3.639495 0.086541
1.556 3.639533 0.086306
1.557 3.639572 0.086071
1.558 3.639611 0.085836
1.559 3.639650 0.085601
1.560 3.639689 0.085366
1.561 3.639728 0.085130
1.562 3.639766 0.084895
1.563 3.639816 0.084636
1.564 3.639878 0.084349
1.565 3.639939 0.084061
1.566 3.640001 0.083774
1.567 3.640063 0.083486
1.568 3.640125 0.083199
1.569 3.640187 0.082911
1.570 3.640249 0.082624
1.571 3.640311 0.082336
1.572 3.640372 0.082049
1.573 3.640451 0.081781
1.574 3.640543 0.081530
1.575 3.640636 0.081279
1.576 3.640728 0.081028
1.577 3.640821 0.080778
1.578 3.640913 0.080527
1.579 3.641005 0.080276
1.580 3.641098 0.080025
1.581 3.641190 0.079774
1.582 3.641283 0.079523
1.583 3.641396 0.079207
1.584 3.641531 0.078824
1.585 3.641665 0.078441
1.586 3.641800 0.078058
1.587 3.641934 0.077675
1.588 3.642069 0.077293
1.589 3.642203 0.076910
1.590 3.642338 0.076527
1.591 3.642472 0.076144
1.592 3.642607 0.075761
1.593 3.642760 0.075386
1.594 3.642953 0.075026
1.595 3.643146 0.074667
1.596 3.643338 0.074308
1.597 3.643531 0.073948
1.598 3.643724 0.073589
1.599 3.643917 0.073229
1.600 3.644109 0.072870
1.601 3.644302 0.072510
1.602 3.644495 0.072151
1.603 3.644690 0.071790
1.604 3.644959 0.071394
1.605 3.645229 0.070998
1.606 3.645499 0.070602
1.607 3.645769 0.070207
1.608 3.646039 0.069811
1.609 3.646309 0.069415
1.610 3.646579 0.069019
1.611 3.646849 0.068623
1.612 3.647118 0.068227
1.613 3.647388 0.067831
1.614 3.647711 0.067398
1.615 3.648071 0.066939
1.616 3.648432 0.066480
1.617 3.648792 0.066021
1.618 3.649152 0.065562
1.619 3.649512 0.065103
1.620 3.649872 0.064644
1.621 3.650233 0.064185
1.622 3.650593 0.063726
1.623 3.650953 0.063267
1.624 3.651314 0.062807
1.625 3.651756 0.062281
1.626 3.652197 0.061755
1.627 3.652639 0.061228
1.628 3.653080 0.060702
1.629 3.653522 0.060175
1.630 3.653963 0.059649
1.631 3.654405 0.059122
1.632 3.654847 0.058596
1.633 3.655288 0.058069
1.634 3.655730 0.057543
1.635 3.656180 0.057011
1.636 3.656652 0.056467
1.637 3.657124 0.055922
1.638 3.657595 0.055378
1.639 3.658067 0.054834
1.640 3.658539 0.054289
1.641 3.659010 0.053745
1.642 3.659482 0.053200
1.643 3.659954 0.052656
1.644 3.660425 0.052112
1.645 3.660897 0.051567
1.646 3.661335 0.050974
1.647 3.661731 0.050319
1.648 3.662127 0.049665
1.649 3.662524 0.049010
1.650 3.662920 0.048355
1.651 3.663316 0.047700
1.652 3.663712 0.047046
1.653 3.664108 0.046391
1.654 3.664504 0.045736
1.655 3.664901 0.045081
1.656 3.665297 0.044427
1.657 3.665603 0.043722
1.658 3.665797 0.042954
1.659 3.665992 0.042186
1.660 3.666186 0.041418
1.661 3.666380 0.040651
1.662 3.666574 0.039883
1.663 3.666768 0.039115
1.664 3.666962 0.038347
1.665 3.667157 0.037579
1.666 3.667351 0.036812
1.667 3.667545 0.036044
1.668 3.667646 0.035263
1.669 3.667536 0.034454
1.670 3.667426 0.033644
1.671 3.667316 0.032834
1.672 3.667206 0.032025
1.673 3.667096 0.031215
1.674 3.666986 0.030406
1.675 3.666875 0.029596
1.676 3.666765 0.028786
1.677 3.666655 0.027977
1.678 3.666545 0.027167
1.679 3.666429 0.026359
1.680 3.665982 0.025597
1.681 3.665534 0.024835
1.682 3.665087 0.024073
1.683 3.664640 0.023311
1.684 3.664193 0.022549
1.685 3.663745 0.021787
1.686 3.663298 0.021025
1.687 3.662851 0.020263
1.688 3.662404 0.019501
1.689 3.661956 0.018739
1.690 3.661509 0.017977
1.691 3.660898 0.017315
1.692 3.660168 0.016724
1.693 3.659438 0.016134
1.694 3.658708 0.015544
1.695 3.657978 0.014953
1.696 3.657247 0.014363
1.697 3.656517 0.013773
1.698 3.655787 0.013182
1.699 3.655057 0.012592
1.700 3.654327 0.012002
1.701 3.653597 0.011411
1.702 3.652866 0.010821
1.703 3.651993 0.010421
1.704 3.651116 0.010025
1.705 3.650240 0.009629
1.706 3.649363 0.009234
1.707 3.648486 0.008838
1.708 3.647610 0.008442
1.709 3.646733 0.008046
1.710 3.645856 0.007650
1.711 3.644980 0.007254
1.712 3.644103 0.006858
1.713 3.643226 0.006463
1.714 3.642345 0.006115
1.715 3.641446 0.005939
1.716 3.640547 0.005763
1.717 3.639648 0.005588
1.718 3.638749 0.005412
1.719 3.637850 0.005236
1.720 3.636950 0.005060
1.721 3.636051 0.004884
1.722 3.635152 0.004708
1.723 3.634253 0.004532
1.724 3.633354 0.004357
1.725 3.632455 0.004181
1.726 3.631577 0.004016
1.727 3.630747 0.003879
1.728 3.629917 0.003741
1.729 3.629087 0.003604
1.730 3.628257 0.003466
1.731 3.627427 0.003329
1.732 3.626597 0.003192
1.733 3.625768 0.003054
1.734 3.624938 0.002917
1.735 3.624108 0.002779
1.736 3.623278 0.002642
1.737 3.622448 0.002504
1.738 3.621640 0.002388
1.739 3.620913 0.002350
1.740 3.620186 0.002312
1.741 3.619459 0.002274
1.742 3.618732 0.002236
1.743 3.618005 0.002198
1.744 3.617278 0.002160
1.745 3.616551 0.002122
1.746 3.615824 0.002084
1.747 3.615097 0.002046
1.748 3.614370 0.002008
1.749 3.613643 0.001970
1.750 3.612916 0.001932
1.751 3.612292 0.001891
1.752 3.611673 0.001850
1.753 3.611055 0.001809
1.754 3.610436 0.001768
1.755 3.609818 0.001726
1.756 3.609199 0.001685
1.757 3.608581 0.001644
1.758 3.607962 0.001603
1.759 3.607344 0.001562
1.760 3.606725 0.001521
1.761 3.606107 0.001480
1.762 3.605488 0.001439
1.763 3.604912 0.001402
1.764 3.604377 0.001369
1.765 3.603842 0.001336
1.766 3.603307 0.001304
1.767 3.602772 0.001271
1.768 3.602236 0.001238
1.769 3.601701 0.001206
1.770 3.601166 0.001173
1.771 3.600631 0.001140
1.772 3.600096 0.001108
1.773 3.599560 0.001075
1.774 3.599025 0.001042
1.775 3.598490 0.001010
1.776 3.598016 0.001009
1.777 3.597549 0.001012
1.778 3.597082 0.001015
1.779 3.596615 0.001018
1.780 3.596147 0.001021
1.781 3.595680 0.001024
1.782 3.595213 0.001027
1.783 3.594746 0.001030
1.784 3.594279 0.001033
1.785 3.593812 0.001036
1.786 3.593344 0.001039
1.787 3.592877 0.001042
1.788 3.592415 0.001041
1.789 3.591996 0.001015
1.790 3.591576 0.000988
1.791 3.591157 0.000961
1.792 3.590738 0.000935
1.793 3.590318 0.000908
1.794 3.589899 0.000881
1.795 3.589479 0.000855
1.796 3.589060 0.000828
1.797 3.588641 0.000802
1.798 3.588221 0.000775
1.799 3.587802 0.000748
1.800 3.587382 0.000722
1.801 NaN NaN
1.802 NaN NaN
1.803 NaN NaN
1.804 NaN NaN
1.805 NaN NaN
1.806 NaN NaN
1.807 NaN NaN
1.808 NaN NaN
1.809 NaN NaN
1.810 NaN NaN
1.811 NaN NaN
1.812 NaN NaN
1.813 NaN NaN
1.814 NaN NaN
1.815 NaN NaN
1.816 NaN NaN
1.817 NaN NaN
1.818 NaN NaN
1.819 NaN NaN
1.820 NaN NaN
1.821 NaN NaN
1.822 NaN NaN
1.823 NaN NaN
1.824 NaN NaN
1.825 NaN NaN
1.826 NaN NaN
1.827 NaN NaN
1.828 NaN NaN
1.829 NaN NaN
1.830 NaN NaN
1.831 NaN NaN
1.832 NaN NaN
1.833 NaN NaN
1.834 NaN NaN
1.835 NaN NaN
1.836 NaN NaN
1.837 NaN NaN
1.838 NaN NaN
1.839 NaN NaN
1.840 NaN NaN
1.841 NaN NaN
1.842 NaN NaN
1.843 NaN NaN
1.844 NaN NaN
1.845 NaN NaN
1.846 NaN NaN
1.847 NaN NaN
1.848 NaN NaN
1.849 NaN NaN
1.850 NaN NaN
1.851 NaN NaN
1.852 NaN NaN
1.853 NaN NaN
1.854 NaN NaN
1.855 NaN NaN
1.856 NaN NaN
1.857 NaN NaN
1.858 NaN NaN
1.859 NaN NaN
1.860 NaN NaN
1.861 NaN NaN
1.862 NaN NaN
1.863 NaN NaN
1.864 NaN NaN
1.865 NaN NaN
1.866 NaN NaN
1.867 NaN NaN
1.868 NaN NaN
1.869 NaN NaN
1.870 NaN NaN
1.871 NaN NaN
1.872 NaN NaN
1.873 NaN NaN
1.874 NaN NaN
1.875 NaN NaN
1.876 NaN NaN
1.877 NaN NaN
1.878 NaN NaN
1.879 NaN NaN
1.880 NaN NaN
1.881 NaN NaN
1.882 NaN NaN
1.883 NaN NaN
1.884 NaN NaN
1.885 NaN NaN
1.886 NaN NaN
1.887 NaN NaN
1.888 NaN NaN
1.889 NaN NaN
1.890 NaN NaN
1.891 NaN NaN
1.892 NaN NaN
1.893 NaN NaN
1.894 NaN NaN
1.895 NaN NaN
1.896 NaN NaN
1.897 NaN NaN
1.898 NaN NaN
1.899 NaN NaN
1.900 NaN NaN
1.901 NaN NaN
1.902 NaN NaN
1.903 NaN NaN
1.904 NaN NaN
1.905 NaN NaN
1.906 NaN NaN
1.907 NaN NaN
1.908 NaN NaN
1.909 NaN NaN
1.910 NaN NaN
1.911 NaN NaN
1.912 NaN NaN
1.913 NaN NaN
1.914 NaN NaN
1.915 NaN NaN
1.916 NaN NaN
1.917 NaN NaN
1.918 NaN NaN
1.919 NaN NaN
1.920 NaN NaN
1.921 NaN NaN
1.922 NaN NaN
1.923 NaN NaN
1.924 NaN NaN
1.925 NaN NaN
1.926 NaN NaN
1.927 NaN NaN
1.928 NaN NaN
1.929 NaN NaN
1.930 NaN NaN
1.931 NaN NaN
1.932 NaN NaN
1.933 NaN NaN
1.934 NaN NaN
1.935 NaN NaN
1.936 NaN NaN
1.937 NaN NaN
1.938 NaN NaN
1.939 NaN NaN
1.940 NaN NaN
1.941 NaN NaN
1.942 NaN NaN
1.943 NaN NaN
1.944 NaN NaN
1.945 NaN NaN
1.946 NaN NaN
1.947 NaN NaN
1.948 NaN NaN
1.949 NaN NaN
1.950 NaN NaN