0.253 2.000445 3.217654
0.254 2.043702 3.230733
0.255 2.090701 3.247846
0.256 2.132711 3.259203
0.257 2.179969 3.270662
0.258 2.226150 3.282213
0.259 2.272702 3.293745
0.260 2.321436 3.304989
0.261 2.376410 3.315478
0.262 2.429652 3.323636
0.263 2.483516 3.325685
0.264 2.541563 3.329912
0.265 2.600814 3.324032
0.266 2.664521 3.319294
0.267 2.722153 3.306997
0.268 2.779340 3.291665
0.269 2.839675 3.273706
0.270 2.893260 3.249635
0.271 2.949517 3.224533
0.272 2.998409 3.196840
0.273 3.048739 3.164011
0.274 3.093411 3.130409
0.275 3.138044 3.096713
0.276 3.175809 3.060823
0.277 3.211753 3.023478
0.278 3.246149 2.982765
0.279 3.279071 2.947732
0.280 3.309730 2.907698
0.281 3.333570 2.866178
0.282 3.357176 2.825265
0.283 3.380981 2.788271
0.284 3.398704 2.747030
0.285 3.416007 2.707902
0.286 3.432533 2.670606
0.287 3.444109 2.632853
0.288 3.456817 2.594559
0.289 3.468142 2.558015
0.290 3.475107 2.523692
0.291 3.480884 2.484749
0.292 3.486662 2.451757
0.293 3.491436 2.419198
0.294 3.490906 2.385678
0.295 3.490381 2.356969
0.296 3.492111 2.324790
0.297 3.493457 2.296812
0.298 3.489900 2.265358
0.299 3.485486 2.239846
0.300 3.481183 2.214777
0.301 3.477001 2.190018
0.302 3.472926 2.165802
0.303 3.467820 2.147421
0.304 3.458567 2.125512
0.305 3.453222 2.106984
0.306 3.444022 2.085637
0.307 3.439138 2.067666
0.308 3.430126 2.049180
0.309 3.425618 2.035705
0.310 3.416571 2.018070
0.311 3.408628 2.005403
0.312 3.401780 1.993700
0.313 3.393590 1.982177
0.314 3.389555 1.970812
0.315 3.380695 1.959552
0.316 3.373091 1.948414
0.317 3.366968 1.937396
0.318 3.359137 1.927036
0.319 3.350785 1.921619
0.320 3.344586 1.912642
0.321 3.338706 1.907084
0.322 3.334520 1.898608
0.323 3.327619 1.892247
0.324 3.319871 1.885830
0.325 3.316517 1.881515
0.326 3.310204 1.876843
0.327 3.306420 1.870449
0.328 3.301391 1.869068
0.329 3.296782 1.863946
0.330 3.292897 1.861913
0.331 3.287342 1.857849
0.332 3.284192 1.855186
0.333 3.278141 1.854429
0.334 3.276053 1.850204
0.335 3.274156 1.848070
0.336 3.267980 1.847972
0.337 3.265920 1.848158
0.338 3.265056 1.848364
0.339 3.263942 1.848303
0.340 3.258341 1.843733
0.341 3.255690 1.842088
0.342 3.254714 1.842106
0.343 3.254039 1.842412
0.344 3.253409 1.842745
0.345 3.252813 1.843099
0.346 3.252253 1.843471
0.347 3.251717 1.843857
0.348 3.251211 1.844261
0.349 3.250753 1.844698
0.350 3.250323 1.845232
0.351 3.249913 1.847418
0.352 3.249533 1.852328
0.353 3.249185 1.853878
0.354 3.248868 1.854405
0.355 3.248572 1.854948
0.356 3.248646 1.855516
0.357 3.253420 1.856210
0.358 3.255027 1.858384
0.359 3.254995 1.863353
0.360 3.255452 1.865273
0.361 3.259831 1.865943
0.362 3.261683 1.866636
0.363 3.261833 1.867777
0.364 3.262484 1.872310
0.365 3.266880 1.875707
0.366 3.268966 1.876872
0.367 3.272306 1.878007
0.368 3.275642 1.882640
0.369 3.277925 1.886079
0.370 3.282201 1.887402
0.371 3.284182 1.888445
0.372 3.288238 1.893158
0.373 3.291261 1.896755
0.374 3.293560 1.898482
0.375 3.298246 1.901709
0.376 3.303243 1.906315
0.377 3.306663 1.908426
0.378 3.308310 1.909943
0.379 3.313824 1.916079
0.380 3.318653 1.918627
0.381 3.322920 1.920206
0.382 3.328301 1.924959
0.383 3.332742 1.928850
0.384 3.338144 1.932162
0.385 3.343084 1.937395
0.386 3.351152 1.939714
0.387 3.356033 1.945137
0.388 3.361320 1.949069
0.389 3.366138 1.952098
0.390 3.373765 1.957559
0.391 3.383027 1.963539
0.392 3.388343 1.967835
0.393 3.395041 1.970989
0.394 3.403839 1.976587
0.395 3.411195 1.981588
0.396 3.416978 1.986796
0.397 3.424818 1.992575
0.398 3.434263 1.997347
0.399 3.444299 2.003857
0.400 3.457745 2.008991
0.401 3.469722 2.014738
0.402 3.479750 2.020174
0.403 3.491976 2.025263
0.404 3.505317 2.031091
0.405 3.519987 2.035760
0.406 3.535944 2.041759
0.407 3.549564 2.046009
0.408 3.565720 2.047743
0.409 3.583468 2.049191
0.410 3.601322 2.050298
0.411 3.619476 2.048656
0.412 3.640692 2.046385
0.413 3.661607 2.042772
0.414 3.679902 2.036657
0.415 3.696602 2.030056
0.416 3.710515 2.021628
0.417 3.724177 2.011498
0.418 3.738255 2.002983
0.419 3.751433 1.993907
0.420 3.762405 1.984116
0.421 3.768639 1.973278
0.422 3.774789 1.964061
0.423 3.779434 1.956237
0.424 3.783395 1.946782
0.425 3.789089 1.939632
0.426 3.793287 1.936919
0.427 3.795674 1.933415
0.428 3.798100 1.930258
0.429 3.800617 1.931056
0.430 3.803334 1.933210
0.431 3.806227 1.935440
0.432 3.810331 1.938804
0.433 3.817057 1.944638
0.434 3.824398 1.950769
0.435 3.832770 1.957806
0.436 3.842638 1.967273
0.437 3.852398 1.977155
0.438 3.866083 1.985005
0.439 3.882247 1.991210
0.440 3.900397 1.998898
0.441 3.920420 2.008100
0.442 3.941160 2.017163
0.443 3.964458 2.025634
0.444 3.991614 2.031649
0.445 4.019792 2.037067
0.446 4.049213 2.040021
0.447 4.080526 2.040443
0.448 4.113223 2.038290
0.449 4.146340 2.033333
0.450 4.179335 2.026539
0.451 4.212153 2.018246
0.452 4.244830 2.007945
0.453 4.277186 1.995458
0.454 4.308899 1.980723
0.455 4.338664 1.962869
0.456 4.368760 1.943134
0.457 4.398782 1.922401
0.458 4.428155 1.900227
0.459 4.455957 1.875214
0.460 4.480803 1.846766
0.461 4.504021 1.817225
0.462 4.526127 1.786706
0.463 4.547521 1.755223
0.464 4.565497 1.722381
0.465 4.582139 1.688666
0.466 4.596909 1.654336
0.467 4.609328 1.619578
0.468 4.617613 1.584423
0.469 4.624613 1.549291
0.470 4.629663 1.514489
0.471 4.631165 1.482115
0.472 4.631139 1.450692
0.473 4.628895 1.419361
0.474 4.625685 1.390329
0.475 4.621696 1.362601
0.476 4.615625 1.335167
0.477 4.608161 1.308009
0.478 4.601304 1.281388
0.479 4.596334 1.255823
0.480 4.591073 1.232740
0.481 4.582890 1.210575
0.482 4.574487 1.188421
0.483 4.566005 1.169003
0.484 4.557342 1.150431
0.485 4.546900 1.132242
0.486 4.535179 1.114332
0.487 4.524856 1.096555
0.488 4.515941 1.080041
0.489 4.507331 1.065569
0.490 4.498750 1.051370
0.491 4.490184 1.037837
0.492 4.481630 1.024258
0.493 4.473090 1.010405
0.494 4.464568 0.997431
0.495 4.456066 0.984038
0.496 4.447584 0.971949
0.497 4.439131 0.961676
0.498 4.430709 0.951509
0.499 4.422308 0.941065
0.500 4.413928 0.930921
0.501 4.405673 0.921132
0.502 4.398558 0.911773
0.503 4.393265 0.902622
0.504 4.387393 0.893623
0.505 4.379705 0.884979
0.506 4.371550 0.876708
0.507 4.363384 0.868557
0.508 4.355243 0.860641
0.509 4.348516 0.853095
0.510 4.343232 0.845776
0.511 4.337328 0.838549
0.512 4.330131 0.831379
0.513 4.322581 0.824316
0.514 4.316376 0.817487
0.515 4.311487 0.810958
0.516 4.305527 0.804618
0.517 4.298635 0.798369
0.518 4.293049 0.792199
0.519 4.288294 0.786121
0.520 4.282037 0.780181
0.521 4.275560 0.774445
0.522 4.270756 0.768766
0.523 4.266043 0.763223
0.524 4.261541 0.757870
0.525 4.256698 0.752605
0.526 4.250425 0.747404
0.527 4.244298 0.742256
0.528 4.239603 0.737210
0.529 4.235351 0.732339
0.530 4.230509 0.727611
0.531 4.226472 0.722863
0.532 4.221798 0.718221
0.533 4.217504 0.713556
0.534 4.213079 0.709018
0.535 4.208770 0.704641
0.536 4.204513 0.700360
0.537 4.200191 0.696121
0.538 4.195852 0.691901
0.539 4.191741 0.687705
0.540 4.187474 0.683553
0.541 4.183205 0.679428
0.542 4.178897 0.675317
0.543 4.174936 0.671226
0.544 4.170902 0.667217
0.545 4.166603 0.663364
0.546 4.164507 0.659675
0.547 4.161604 0.655795
0.548 4.157776 0.651963
0.549 4.153896 0.648248
0.550 4.149985 0.644606
0.551 4.145721 0.640972
0.552 4.141833 0.637501
0.553 4.137821 0.634045
0.554 4.134588 0.630532
0.555 4.131952 0.627040
0.556 4.129329 0.623644
0.557 4.125657 0.620370
0.558 4.122734 0.617052
0.559 4.120229 0.613654
0.560 4.117369 0.610250
0.561 4.113943 0.606912
0.562 4.110934 0.603710
0.563 4.108547 0.600563
0.564 4.105599 0.597438
0.565 4.102117 0.594330
0.566 4.098313 0.591236
0.567 4.094533 0.588152
0.568 4.091263 0.585084
0.569 4.088615 0.582063
0.570 4.086297 0.579120
0.571 4.083116 0.576319
0.572 4.080037 0.573520
0.573 4.077477 0.570642
0.574 4.075102 0.567695
0.575 4.071979 0.564727
0.576 4.068983 0.561839
0.577 4.066866 0.559047
0.578 4.065356 0.556323
0.579 4.063684 0.553598
0.580 4.060801 0.550831
0.581 4.057863 0.548115
0.582 4.055123 0.545446
0.583 4.052891 0.542759
0.584 4.050022 0.540043
0.585 4.047150 0.537368
0.586 4.044497 0.534759
0.587 4.042215 0.532210
0.588 4.039410 0.529664
0.589 4.036517 0.527125
0.590 4.034065 0.524600
0.591 4.032703 0.522092
0.592 4.031138 0.519592
0.593 4.029112 0.517100
0.594 4.025994 0.514614
0.595 4.023480 0.512140
0.596 4.021549 0.509676
0.597 4.020506 0.507226
0.598 4.018556 0.504789
0.599 4.015989 0.502411
0.600 4.012727 0.500137
0.601 4.010729 0.497827
0.602 4.008629 0.495481
0.603 4.006244 0.493095
0.604 4.003031 0.490862
0.605 4.000662 0.488607
0.606 3.999080 0.486327
0.607 3.997930 0.484004
0.608 3.996008 0.481775
0.609 3.993490 0.479619
0.610 3.990771 0.477486
0.611 3.988858 0.475283
0.612 3.987491 0.473032
0.613 3.985921 0.470806
0.614 3.983699 0.468661
0.615 3.981022 0.466581
0.616 3.978821 0.464558
0.617 3.977232 0.462475
0.618 3.976184 0.460337
0.619 3.974180 0.458115
0.620 3.971748 0.455948
0.621 3.968811 0.453848
0.622 3.967051 0.451845
0.623 3.965738 0.449860
0.624 3.965031 0.447889
0.625 3.964023 0.445927
0.626 3.962664 0.443971
0.627 3.960327 0.442027
0.628 3.957921 0.440089
0.629 3.955535 0.438155
0.630 3.954320 0.436228
0.631 3.952895 0.434306
0.632 3.951217 0.432390
0.633 3.948735 0.430485
0.634 3.946312 0.428584
0.635 3.944534 0.426691
0.636 3.943258 0.424803
0.637 3.942293 0.422916
0.638 3.940236 0.421040
0.639 3.937987 0.419169
0.640 3.935406 0.417306
0.641 3.933728 0.415449
0.642 3.932465 0.413594
0.643 3.931909 0.411746
0.644 3.930935 0.409902
0.645 3.929306 0.408065
0.646 3.927045 0.406236
0.647 3.924568 0.404411
0.648 3.922933 0.402605
0.649 3.921514 0.400847
0.650 3.920499 0.399177
0.651 3.918819 0.397551
0.652 3.916784 0.395950
0.653 3.914495 0.394242
0.654 3.912459 0.392513
0.655 3.911323 0.390734
0.656 3.910508 0.389014
0.657 3.910005 0.387353
0.658 3.908501 0.385761
0.659 3.906680 0.384187
0.660 3.904154 0.382529
0.661 3.901971 0.380863
0.662 3.900683 0.379175
0.663 3.899814 0.377540
0.664 3.899338 0.375954
0.665 3.898168 0.374374
0.666 3.896760 0.372797
0.667 3.894522 0.371240
0.668 3.892377 0.369691
0.669 3.890810 0.368170
0.670 3.889440 0.366626
0.671 3.888397 0.365044
0.672 3.886866 0.363481
0.673 3.884960 0.361933
0.674 3.882953 0.360398
0.675 3.880912 0.358868
0.676 3.879847 0.357348
0.677 3.878902 0.355832
0.678 3.878351 0.354353
0.679 3.877534 0.352879
0.680 3.875831 0.351427
0.681 3.873935 0.349991
0.682 3.871715 0.348581
0.683 3.870060 0.347163
0.684 3.868964 0.345735
0.685 3.868298 0.344322
0.686 3.867892 0.342917
0.687 3.866628 0.341519
0.688 3.865051 0.340122
0.689 3.862889 0.338704
0.690 3.860610 0.337283
0.691 3.859385 0.335899
0.692 3.858249 0.334518
0.693 3.857863 0.333121
0.694 3.857400 0.331724
0.695 3.855876 0.330341
0.696 3.854265 0.328962
0.697 3.852042 0.327610
0.698 3.850012 0.326264
0.699 3.848916 0.324946
0.700 3.847774 0.323633
0.701 3.846454 0.322340
0.702 3.844959 0.321043
0.703 3.842878 0.319731
0.704 3.841003 0.318416
0.705 3.839774 0.317089
0.706 3.838735 0.315770
0.707 3.838283 0.314475
0.708 3.837628 0.313185
0.709 3.836310 0.311913
0.710 3.834834 0.310640
0.711 3.832773 0.309361
0.712 3.830877 0.308100
0.713 3.829734 0.306919
0.714 3.828691 0.305739
0.715 3.828291 0.304560
0.716 3.827816 0.303375
0.717 3.826438 0.302127
0.718 3.825053 0.300879
0.719 3.822968 0.299694
0.720 3.820882 0.298510
0.721 3.819811 0.297405
0.722 3.818819 0.296305
0.723 3.818390 0.295152
0.724 3.818071 0.293987
0.725 3.817017 0.292769
0.726 3.815695 0.291532
0.727 3.813938 0.290350
0.728 3.811909 0.289202
0.729 3.810399 0.288093
0.730 3.809437 0.287023
0.731 3.808675 0.285957
0.732 3.808291 0.284900
0.733 3.807726 0.283844
0.734 3.806383 0.282790
0.735 3.805028 0.281737
0.736 3.803134 0.280689
0.737 3.801239 0.279641
0.738 3.800215 0.278516
0.739 3.799355 0.277377
0.740 3.798635 0.276194
0.741 3.797991 0.274985
0.742 3.796965 0.273825
0.743 3.795458 0.272726
0.744 3.793942 0.271644
0.745 3.792395 0.270619
0.746 3.790848 0.269594
0.747 3.790189 0.268664
0.748 3.789538 0.267736
0.749 3.788663 0.266858
0.750 3.787710 0.265997
0.751 3.786383 0.265089
0.752 3.784658 0.264129
0.753 3.783058 0.263158
0.754 3.781932 0.262144
0.755 3.780805 0.261130
0.756 3.780352 0.260122
0.757 3.779955 0.259113
0.758 3.779098 0.258107
0.759 3.777961 0.257102
0.760 3.776596 0.256112
0.761 3.774711 0.255159
0.762 3.772827 0.254206
0.763 3.771984 0.253336
0.764 3.771165 0.252469
0.765 3.770554 0.251589
0.766 3.770063 0.250702
0.767 3.769345 0.249810
0.768 3.768028 0.248906
0.769 3.766711 0.248002
0.770 3.765202 0.247149
0.771 3.763672 0.246301
0.772 3.762611 0.245430
0.773 3.761992 0.244539
0.774 3.761338 0.243648
0.775 3.760398 0.242761
0.776 3.759458 0.241874
0.777 3.757979 0.241031
0.778 3.756263 0.240207
0.779 3.754761 0.239378
0.780 3.753858 0.238532
0.781 3.752955 0.237686
0.782 3.752499 0.236863
0.783 3.752146 0.236046
0.784 3.751541 0.235239
0.785 3.750471 0.234452
0.786 3.749402 0.233665
0.787 3.747792 0.232873
0.788 3.746104 0.232080
0.789 3.744790 0.231274
0.790 3.744094 0.230446
0.791 3.743398 0.229619
0.792 3.742598 0.228874
0.793 3.741782 0.228142
0.794 3.740704 0.227408
0.795 3.739120 0.226671
0.796 3.737535 0.225934
0.797 3.736481 0.225166
0.798 3.735563 0.224390
0.799 3.734771 0.223629
0.800 3.734386 0.222914
0.801 3.734001 0.222200
0.802 3.733189 0.221523
0.803 3.732161 0.220864
0.804 3.731092 0.220205
0.805 3.729492 0.219538
0.806 3.727892 0.218871
0.807 3.726749 0.218190
0.808 3.726139 0.217495
0.809 3.725530 0.216799
0.810 3.724696 0.216104
0.811 3.723818 0.215409
0.812 3.722787 0.214725
0.813 3.721108 0.214085
0.814 3.719430 0.213445
0.815 3.718286 0.212788
0.816 3.717613 0.212115
0.817 3.716941 0.211443
0.818 3.716690 0.210838
0.819 3.716512 0.210245
0.820 3.716238 0.209648
0.821 3.715450 0.209030
0.822 3.714661 0.208411
0.823 3.713514 0.207791
0.824 3.711915 0.207170
0.825 3.710316 0.206549
0.826 3.709349 0.205987
0.827 3.708636 0.205450
0.828 3.707924 0.204913
0.829 3.707441 0.204377
0.830 3.706967 0.203840
0.831 3.706361 0.203290
0.832 3.705204 0.202683
0.833 3.704047 0.202075
0.834 3.702868 0.201466
0.835 3.701657 0.200856
0.836 3.700446 0.200246
0.837 3.699722 0.199685
0.838 3.699322 0.199158
0.839 3.698922 0.198631
0.840 3.698227 0.198125
0.841 3.697447 0.197625
0.842 3.696667 0.197125
0.843 3.695092 0.196627
0.844 3.693461 0.196128
0.845 3.691906 0.195630
0.846 3.691347 0.195134
0.847 3.690787 0.194638
0.848 3.690292 0.194143
0.849 3.690075 0.193649
0.850 3.689858 0.193155
0.851 3.689459 0.192662
0.852 3.688605 0.192170
0.853 3.687752 0.191678
0.854 3.686678 0.191192
0.855 3.685220 0.190716
0.856 3.683762 0.190240
0.857 3.682721 0.189794
0.858 3.682251 0.189386
0.859 3.681782 0.188979
0.860 3.681367 0.188590
0.861 3.681015 0.188224
0.862 3.680663 0.187857
0.863 3.679983 0.187448
0.864 3.678939 0.186992
0.865 3.677895 0.186536
0.866 3.676799 0.186095
0.867 3.675645 0.185669
0.868 3.674490 0.185242
0.869 3.673696 0.184857
0.870 3.673350 0.184522
0.871 3.673004 0.184186
0.872 3.672585 0.183825
0.873 3.672056 0.183425
0.874 3.671527 0.183025
0.875 3.670732 0.182640
0.876 3.669402 0.182285
0.877 3.668072 0.181931
0.878 3.666884 0.181575
0.879 3.666138 0.181215
0.880 3.665393 0.180855
0.881 3.664719 0.180500
0.882 3.664516 0.180175
0.883 3.664313 0.179850
0.884 3.664110 0.179525
0.885 3.663801 0.179088
0.886 3.663491 0.178652
0.887 3.663182 0.178216
0.888 3.662437 0.177744
0.889 3.661610 0.177266
0.890 3.660783 0.176787
0.891 3.659981 0.176349
0.892 3.659192 0.175930
0.893 3.658403 0.175511
0.894 3.657736 0.175166
0.895 3.657208 0.174907
0.896 3.656681 0.174648
0.897 3.656173 0.174408
0.898 3.655725 0.174230
0.899 3.655277 0.174052
0.900 3.654829 0.173874
0.901 3.654377 0.173547
0.902 3.653924 0.173219
0.903 3.653472 0.172890
0.904 3.653028 0.172550
0.905 3.652588 0.172205
0.906 3.652147 0.171861
0.907 3.651724 0.171475
0.908 3.651323 0.171035
0.909 3.650922 0.170594
0.910 3.650523 0.170154
0.911 3.650135 0.169710
0.912 3.649746 0.169267
0.913 3.649358 0.168824
0.914 3.648965 0.168449
0.915 3.648571 0.168095
0.916 3.648176 0.167741
0.917 3.647785 0.167420
0.918 3.647399 0.167149
0.919 3.647012 0.166878
0.920 3.646626 0.166607
0.921 3.646254 0.166295
0.922 3.645882 0.165983
0.923 3.645509 0.165671
0.924 3.645133 0.165284
0.925 3.644753 0.164844
0.926 3.644372 0.164403
0.927 3.643998 0.163981
0.928 3.643657 0.163681
0.929 3.643316 0.163380
0.930 3.642975 0.163079
0.931 3.642643 0.162790
0.932 3.642315 0.162508
0.933 3.641987 0.162225
0.934 3.641656 0.161920
0.935 3.641309 0.161507
0.936 3.640963 0.161094
0.937 3.640616 0.160680
0.938 3.640270 0.160249
0.939 3.639925 0.159809
0.940 3.639580 0.159368
0.941 3.639235 0.158926
0.942 3.638893 0.158480
0.943 3.638550 0.158033
0.944 3.638208 0.157586
0.945 3.637866 0.157146
0.946 3.637525 0.156712
0.947 3.637183 0.156277
0.948 3.636842 0.155843
0.949 3.636516 0.155452
0.950 3.636192 0.155064
0.951 3.635868 0.154677
0.952 3.635548 0.154312
0.953 3.635240 0.154001
0.954 3.634932 0.153690
0.955 3.634624 0.153380
0.956 3.634320 0.153076
0.957 3.634019 0.152775
0.958 3.633719 0.152475
0.959 3.633418 0.152174
0.960 3.633132 0.151775
0.961 3.632847 0.151371
0.962 3.632563 0.150966
0.963 3.632276 0.150546
0.964 3.631981 0.150074
0.965 3.631686 0.149602
0.966 3.631391 0.149131
0.967 3.631091 0.148608
0.968 3.630786 0.148030
0.969 3.630480 0.147453
0.970 3.630175 0.146875
0.971 3.629880 0.146360
0.972 3.629588 0.145870
0.973 3.629297 0.145380
0.974 3.629005 0.144889
0.975 3.628709 0.144541
0.976 3.628412 0.144207
0.977 3.628115 0.143873
0.978 3.627819 0.143542
0.979 3.627536 0.143248
0.980 3.627252 0.142954
0.981 3.626968 0.142660
0.982 3.626687 0.142342
0.983 3.626416 0.141938
0.984 3.626146 0.141534
0.985 3.625875 0.141129
0.986 3.625608 0.140719
0.987 3.625348 0.140297
0.988 3.625088 0.139874
0.989 3.624828 0.139452
0.990 3.624575 0.139035
0.991 3.624331 0.138626
0.992 3.624087 0.138217
0.993 3.623844 0.137808
0.994 3.623596 0.137397
0.995 3.623344 0.136982
0.996 3.623091 0.136568
0.997 3.622838 0.136154
0.998 3.622584 0.135777
0.999 3.622327 0.135447
1.000 3.622071 0.135116
1.001 3.621814 0.134786
1.002 3.621557 0.134456
1.003 3.621299 0.134127
1.004 3.621042 0.133797
1.005 3.620784 0.133467
1.006 3.620527 0.133126
1.007 3.620270 0.132764
1.008 3.620013 0.132403
1.009 3.619756 0.132041
1.010 3.619506 0.131678
1.011 3.619271 0.131310
1.012 3.619036 0.130943
1.013 3.618802 0.130575
1.014 3.618567 0.130203
1.015 3.618331 0.129812
1.016 3.618095 0.129422
1.017 3.617859 0.129031
1.018 3.617623 0.128640
1.019 3.617384 0.128278
1.020 3.617146 0.127915
1.021 3.616908 0.127553
1.022 3.616669 0.127191
1.023 3.616439 0.126926
1.024 3.616210 0.126683
1.025 3.615980 0.126439
1.026 3.615751 0.126195
1.027 3.615524 0.125969
1.028 3.615298 0.125754
1.029 3.615072 0.125538
1.030 3.614846 0.125323
1.031 3.614629 0.125112
1.032 3.614429 0.124907
1.033 3.614229 0.124703
1.034 3.614030 0.124499
1.035 3.613830 0.124293
1.036 3.613627 0.124060
1.037 3.613425 0.123828
1.038 3.613222 0.123595
1.039 3.613019 0.123363
1.040 3.612824 0.123144
1.041 3.612631 0.122930
1.042 3.612438 0.122716
1.043 3.612245 0.122503
1.044 3.612049 0.122291
1.045 3.611848 0.122084
1.046 3.611647 0.121876
1.047 3.611446 0.121668
1.048 3.611245 0.121461
1.049 3.611050 0.121281
1.050 3.610854 0.121102
1.051 3.610658 0.120924
1.052 3.610463 0.120745
1.053 3.610271 0.120584
1.054 3.610082 0.120438
1.055 3.609893 0.120293
1.056 3.609704 0.120148
1.057 3.609514 0.119995
1.058 3.609323 0.119714
1.059 3.609131 0.119432
1.060 3.608939 0.119150
1.061 3.608748 0.118868
1.062 3.608557 0.118635
1.063 3.608366 0.118445
1.064 3.608176 0.118254
1.065 3.607985 0.118064
1.066 3.607795 0.117874
1.067 3.607618 0.117731
1.068 3.607441 0.117590
1.069 3.607264 0.117449
1.070 3.607087 0.117308
1.071 3.606915 0.117135
1.072 3.606750 0.116912
1.073 3.606586 0.116689
1.074 3.606422 0.116466
1.075 3.606258 0.116243
1.076 3.606082 0.116023
1.077 3.605903 0.115803
1.078 3.605723 0.115584
1.079 3.605544 0.115365
1.080 3.605365 0.115147
1.081 3.605186 0.114946
1.082 3.605006 0.114744
1.083 3.604827 0.114542
1.084 3.604648 0.114340
1.085 3.604471 0.114102
1.086 3.604298 0.113804
1.087 3.604125 0.113506
1.088 3.603952 0.113208
1.089 3.603780 0.112910
1.090 3.603610 0.112663
1.091 3.603442 0.112447
1.092 3.603274 0.112232
1.093 3.603106 0.112017
1.094 3.602938 0.111802
1.095 3.602775 0.111678
1.096 3.602613 0.111574
1.097 3.602451 0.111471
1.098 3.602289 0.111367
1.099 3.602127 0.111263
1.100 3.601978 0.111093
1.101 3.601828 0.110922
1.102 3.601679 0.110751
1.103 3.601529 0.110580
1.104 3.601380 0.110408
1.105 3.601235 0.110226
1.106 3.601089 0.110044
1.107 3.600944 0.109863
1.108 3.600798 0.109681
1.109 3.600654 0.109496
1.110 3.600514 0.109292
1.111 3.600375 0.109088
1.112 3.600236 0.108884
1.113 3.600097 0.108680
1.114 3.599958 0.108474
1.115 3.599824 0.108262
1.116 3.599690 0.108049
1.117 3.599556 0.107837
1.118 3.599422 0.107624
1.119 3.599289 0.107414
1.120 3.599166 0.107216
1.121 3.599043 0.107018
1.122 3.598920 0.106820
1.123 3.598797 0.106622
1.124 3.598674 0.106424
1.125 3.598558 0.106234
1.126 3.598441 0.106043
1.127 3.598325 0.105852
1.128 3.598208 0.105662
1.129 3.598092 0.105471
1.130 3.597981 0.105277
1.131 3.597870 0.105084
1.132 3.597759 0.104890
1.133 3.597648 0.104697
1.134 3.597538 0.104503
1.135 3.597430 0.104310
1.136 3.597324 0.104117
1.137 3.597217 0.103924
1.138 3.597110 0.103732
1.139 3.597003 0.103539
1.140 3.596903 0.103352
1.141 3.596806 0.103169
1.142 3.596708 0.102985
1.143 3.596611 0.102801
1.144 3.596514 0.102618
1.145 3.596418 0.102435
1.146 3.596324 0.102253
1.147 3.596231 0.102071
1.148 3.596137 0.101889
1.149 3.596044 0.101707
1.150 3.595951 0.101523
1.151 3.595863 0.101324
1.152 3.595776 0.101125
1.153 3.595688 0.100926
1.154 3.595600 0.100727
1.155 3.595512 0.100528
1.156 3.595426 0.100329
1.157 3.595340 0.100130
1.158 3.595255 0.099930
1.159 3.595169 0.099731
1.160 3.595083 0.099532
1.161 3.595000 0.099335
1.162 3.594920 0.099141
1.163 3.594840 0.098947
1.164 3.594761 0.098754
1.165 3.594681 0.098560
1.166 3.594601 0.098366
1.167 3.594523 0.098178
1.168 3.594445 0.097990
1.169 3.594368 0.097802
1.170 3.594290 0.097613
1.171 3.594212 0.097425
1.172 3.594137 0.097243
1.173 3.594063 0.097067
1.174 3.593990 0.096891
1.175 3.593917 0.096716
1.176 3.593844 0.096540
1.177 3.593771 0.096364
1.178 3.593697 0.096193
1.179 3.593623 0.096021
1.180 3.593549 0.095850
1.181 3.593475 0.095679
1.182 3.593401 0.095508
1.183 3.593327 0.095338
1.184 3.593252 0.095171
1.185 3.593177 0.095004
1.186 3.593102 0.094837
1.187 3.593028 0.094670
1.188 3.592953 0.094503
1.189 3.592878 0.094330
1.190 3.592804 0.094154
1.191 3.592729 0.093977
1.192 3.592655 0.093801
1.193 3.592580 0.093624
1.194 3.592506 0.093448
1.195 3.592432 0.093266
1.196 3.592358 0.093084
1.197 3.592284 0.092902
1.198 3.592209 0.092720
1.199 3.592135 0.092539
1.200 3.592060 0.092355
1.201 3.591982 0.092161
1.202 3.591903 0.091966
1.203 3.591825 0.091772
1.204 3.591746 0.091578
1.205 3.591668 0.091384
1.206 3.591588 0.091188
1.207 3.591506 0.090986
1.208 3.591424 0.090785
1.209 3.591341 0.090584
1.210 3.591259 0.090383
1.211 3.591177 0.090182
1.212 3.591089 0.089971
1.213 3.590995 0.089749
1.214 3.590901 0.089528
1.215 3.590808 0.089306
1.216 3.590714 0.089085
1.217 3.590620 0.088863
1.218 3.590527 0.088651
1.219 3.590435 0.088448
1.220 3.590343 0.088245
1.221 3.590252 0.088042
1.222 3.590160 0.087839
1.223 3.590068 0.087636
1.224 3.589977 0.087442
1.225 3.589886 0.087254
1.226 3.589795 0.087067
1.227 3.589704 0.086879
1.228 3.589613 0.086692
1.229 3.589522 0.086505
1.230 3.589423 0.086312
1.231 3.589315 0.086114
1.232 3.589208 0.085916
1.233 3.589100 0.085718
1.234 3.588993 0.085519
1.235 3.588885 0.085321
1.236 3.588777 0.085121
1.237 3.588668 0.084918
1.238 3.588559 0.084715
1.239 3.588451 0.084513
1.240 3.588342 0.084310
1.241 3.588233 0.084107
1.242 3.588125 0.083902
1.243 3.588019 0.083689
1.244 3.587913 0.083475
1.245 3.587807 0.083262
1.246 3.587701 0.083049
1.247 3.587595 0.082836
1.248 3.587489 0.082623
1.249 3.587385 0.082417
1.250 3.587281 0.082212
1.251 3.587178 0.082007
1.252 3.587074 0.081801
1.253 3.586971 0.081596
1.254 3.586867 0.081391
1.255 3.586765 0.081190
1.256 3.586664 0.080992
1.257 3.586562 0.080793
1.258 3.586461 0.080594
1.259 3.586359 0.080396
1.260 3.586258 0.080197
1.261 3.586158 0.080003
1.262 3.586061 0.079818
1.263 3.585964 0.079633
1.264 3.585867 0.079448
1.265 3.585769 0.079262
1.266 3.585672 0.079077
1.267 3.585575 0.078892
1.268 3.585485 0.078700
1.269 3.585395 0.078506
1.270 3.585305 0.078313
1.271 3.585215 0.078120
1.272 3.585125 0.077926
1.273 3.585035 0.077733
1.274 3.584948 0.077536
1.275 3.584866 0.077334
1.276 3.584784 0.077131
1.277 3.584702 0.076929
1.278 3.584620 0.076727
1.279 3.584538 0.076525
1.280 3.584456 0.076323
1.281 3.584401 0.076090
1.282 3.584353 0.075852
1.283 3.584304 0.075613
1.284 3.584255 0.075374
1.285 3.584206 0.075135
1.286 3.584158 0.074896
1.287 3.584111 0.074657
1.288 3.584075 0.074418
1.289 3.584039 0.074179
1.290 3.584002 0.073939
1.291 3.583966 0.073700
1.292 3.583930 0.073461
1.293 3.583894 0.073222
1.294 3.583865 0.072982
1.295 3.583843 0.072741
1.296 3.583822 0.072501
1.297 3.583800 0.072260
1.298 3.583778 0.072020
1.299 3.583757 0.071779
1.300 3.583735 0.071539
1.301 3.583754 0.071282
1.302 3.583788 0.071018
1.303 3.583822 0.070754
1.304 3.583856 0.070490
1.305 3.583890 0.070226
1.306 3.583924 0.069962
1.307 3.583958 0.069698
1.308 3.584043 0.069404
1.309 3.584134 0.069106
1.310 3.584226 0.068808
1.311 3.584318 0.068510
1.312 3.584410 0.068211
1.313 3.584501 0.067913
1.314 3.584593 0.067615
1.315 3.584739 0.067291
1.316 3.584887 0.066966
1.317 3.585035 0.066641
1.318 3.585183 0.066316
1.319 3.585331 0.065992
1.320 3.585479 0.065667
1.321 3.585627 0.065342
1.322 3.585851 0.065008
1.323 3.586077 0.064674
1.324 3.586302 0.064340
1.325 3.586528 0.064007
1.326 3.586753 0.063673
1.327 3.586979 0.063339
1.328 3.587204 0.063005
1.329 3.587510 0.062634
1.330 3.587823 0.062259
1.331 3.588135 0.061884
1.332 3.588448 0.061510
1.333 3.588761 0.061135
1.334 3.589073 0.060761
1.335 3.589386 0.060386
1.336 3.589762 0.059989
1.337 3.590156 0.059586
1.338 3.590549 0.059182
1.339 3.590943 0.058779
1.340 3.591336 0.058376
1.341 3.591730 0.057972
1.342 3.592123 0.057569
1.343 3.592572 0.057150
1.344 3.593061 0.056719
1.345 3.593550 0.056288
1.346 3.594039 0.055857
1.347 3.594528 0.055427
1.348 3.595017 0.054996
1.349 3.595506 0.054565
1.350 3.596014 0.054116
1.351 3.596570 0.053621
1.352 3.597127 0.053126
1.353 3.597683 0.052631
1.354 3.598240 0.052136
1.355 3.598797 0.051642
1.356 3.599353 0.051147
1.357 3.599910 0.050652
1.358 3.600244 0.050092
1.359 3.600557 0.049525
1.360 3.600870 0.048959
1.361 3.601183 0.048393
1.362 3.601496 0.047827
1.363 3.601809 0.047260
1.364 3.602122 0.046694
1.365 3.602303 0.046076
1.366 3.602331 0.045399
1.367 3.602359 0.044721
1.368 3.602387 0.044043
1.369 3.602415 0.043365
1.370 3.602443 0.042687
1.371 3.602471 0.042010
1.372 3.602499 0.041332
1.373 3.602222 0.040492
1.374 3.601921 0.039639
1.375 3.601619 0.038786
1.376 3.601318 0.037933
1.377 3.601017 0.037080
1.378 3.600716 0.036227
1.379 3.600415 0.035374
1.380 3.599954 0.034493
1.381 3.599140 0.033548
1.382 3.598326 0.032603
1.383 3.597511 0.031658
1.384 3.596697 0.030714
1.385 3.595883 0.029769
1.386 3.595068 0.028824
1.387 3.594254 0.027879
1.388 3.593440 0.026934
1.389 3.592626 0.025989
1.390 3.591811 0.025045
1.391 3.590997 0.024100
1.392 3.590183 0.023155
1.393 3.589368 0.022210
1.394 3.588554 0.021265
1.395 3.587740 0.020320
1.396 3.586925 0.019376
1.397 3.586111 0.018431
1.398 3.585297 0.017486
1.399 3.584482 0.016541
1.400 3.583668 0.015596
1.401 3.582854 0.014651
1.402 3.582039 0.013706
1.403 3.581225 0.012762
1.404 3.580411 0.011817
1.405 3.579596 0.010872
1.406 3.578782 0.009927
1.407 3.577968 0.008982
1.408 3.577002 0.008644
1.409 3.576018 0.008384
1.410 3.575033 0.008124
1.411 3.574048 0.007864
1.412 3.573063 0.007604
1.413 3.572079 0.007344
1.414 3.571094 0.007084
1.415 3.570109 0.006824
1.416 3.569124 0.006564
1.417 3.568139 0.006304
1.418 3.567155 0.006044
1.419 3.566170 0.005784
1.420 3.565185 0.005524
1.421 3.564200 0.005264
1.422 3.563215 0.005004
1.423 3.562231 0.004744
1.424 3.561246 0.004483
1.425 3.560261 0.004223
1.426 3.559276 0.003963
1.427 3.558291 0.003703
1.428 3.557307 0.003443
1.429 3.556322 0.003183
1.430 3.555337 0.002923
1.431 3.554352 0.002663
1.432 3.553368 0.002403
1.433 3.552383 0.002143
1.434 3.551398 0.001883
1.435 3.550413 0.001623
1.436 3.549507 0.001442
1.437 3.548748 0.001406
1.438 3.547989 0.001371
1.439 3.547230 0.001336
1.440 3.546471 0.001301
1.441 3.545712 0.001266
1.442 3.544953 0.001230
1.443 3.544194 0.001195
1.444 3.543435 0.001160
1.445 3.542676 0.001125
1.446 3.541917 0.001090
1.447 3.541159 0.001055
1.448 3.540400 0.001019
1.449 3.539641 0.000984
1.450 3.538882 0.000949
1.451 3.538123 0.000914
1.452 3.537364 0.000879
1.453 3.536605 0.000843
1.454 3.535846 0.000808
1.455 3.535087 0.000773
1.456 3.534328 0.000738
1.457 3.533569 0.000703
1.458 3.532810 0.000667
1.459 3.532051 0.000632
1.460 3.531292 0.000597
1.461 3.530533 0.000562
1.462 3.529774 0.000527
1.463 3.529015 0.000492
1.464 3.528256 0.000456
1.465 3.527497 0.000421
1.466 3.526877 0.000404
1.467 3.526339 0.000398
1.468 3.525801 0.000392
1.469 3.525263 0.000386
1.470 3.524725 0.000380
1.471 3.524187 0.000374
1.472 3.523649 0.000368
1.473 3.523110 0.000362
1.474 3.522572 0.000356
1.475 3.522034 0.000350
1.476 3.521496 0.000344
1.477 3.520958 0.000338
1.478 3.520420 0.000332
1.479 3.519882 0.000326
1.480 3.519344 0.000320
1.481 3.518806 0.000314
1.482 3.518267 0.000308
1.483 3.517729 0.000302
1.484 3.517191 0.000296
1.485 3.516653 0.000290
1.486 3.516115 0.000284
1.487 3.515577 0.000278
1.488 3.515039 0.000272
1.489 3.514501 0.000266
1.490 3.513962 0.000260
1.491 3.513424 0.000254
1.492 3.512886 0.000248
1.493 3.512348 0.000242
1.494 3.511810 0.000236
1.495 3.511272 0.000230
1.496 3.510734 0.000224
1.497 3.510249 0.000219
1.498 3.509791 0.000214
1.499 3.509334 0.000208
1.500 3.508876 0.000203
1.501 3.508419 0.000198
1.502 3.507962 0.000193
1.503 3.507504 0.000188
1.504 3.507047 0.000183
1.505 3.506589 0.000178
1.506 3.506132 0.000172
1.507 3.505675 0.000167
1.508 3.505217 0.000162
1.509 3.504760 0.000157
1.510 3.504302 0.000152
1.511 3.503845 0.000147
1.512 3.503388 0.000142
1.513 3.502930 0.000136
1.514 3.502473 0.000131
1.515 3.502015 0.000126
1.516 3.501558 0.000121
1.517 3.501101 0.000116
1.518 3.500643 0.000111
1.519 3.500186 0.000105
1.520 3.499728 0.000100
1.521 3.499271 0.000095
1.522 3.498814 0.000090
1.523 3.498356 0.000085
1.524 3.497899 0.000080
1.525 3.497441 0.000075
1.526 3.496984 0.000069
1.527 3.496527 0.000064
1.528 3.496069 0.000059
1.529 3.495627 0.000055
1.530 3.495214 0.000054
1.531 3.494802 0.000052
1.532 3.494389 0.000050
1.533 3.493976 0.000049
1.534 3.493564 0.000047
1.535 3.493151 0.000045
1.536 3.492738 0.000044
1.537 3.492325 0.000042
1.538 3.491913 0.000040
1.539 3.491500 0.000039
1.540 3.491087 0.000037
1.541 3.490675 0.000035
1.542 3.490262 0.000034
1.543 3.489849 0.000032
1.544 3.489436 0.000030
1.545 3.489024 0.000029
1.546 3.488611 0.000027
1.547 3.488198 0.000025
1.548 3.487786 0.000024
1.549 3.487373 0.000022
1.550 3.486960 0.000020
1.551 3.486547 0.000019
1.552 3.486135 0.000017
1.553 3.485722 0.000016
1.554 3.485309 0.000014
1.555 3.484897 0.000012
1.556 3.484484 0.000011
1.557 3.484071 0.000009
1.558 3.483658 0.000007
1.559 3.483246 0.000006
1.560 3.482833 0.000004
1.561 3.482420 0.000002
1.562 3.482008 0.000001
1.563 3.481613 0.000000
1.564 3.481231 0.000000
1.565 3.480849 0.000000
1.566 3.480466 0.000000
1.567 3.480084 0.000000
1.568 3.479701 0.000000
1.569 3.479319 0.000000
1.570 3.478937 0.000000
1.571 3.478554 0.000000
1.572 3.478172 0.000000
1.573 3.477790 0.000000
1.574 3.477407 0.000000
1.575 3.477025 0.000000
1.576 3.476642 0.000000
1.577 3.476260 0.000000
1.578 3.475878 0.000000
1.579 3.475495 0.000000
1.580 3.475113 0.000000
1.581 3.474730 0.000000
1.582 3.474348 0.000000
1.583 3.473966 0.000000
1.584 3.473583 0.000000
1.585 3.473201 0.000000
1.586 3.472819 0.000000
1.587 3.472436 0.000000
1.588 3.472054 0.000000
1.589 3.471671 0.000000
1.590 3.471289 0.000000
1.591 3.470907 0.000000
1.592 3.470524 0.000000
1.593 3.470142 0.000000
1.594 3.469759 0.000000
1.595 3.469377 0.000000
1.596 3.468995 0.000000
1.597 3.468612 0.000000
1.598 3.468236 0.000000
1.599 3.467870 0.000000
1.600 3.467505 0.000000
1.601 3.467139 0.000000
1.602 3.466774 0.000000
1.603 3.466408 0.000000
1.604 3.466043 0.000000
1.605 3.465677 0.000000
1.606 3.465312 0.000000
1.607 3.464946 0.000000
1.608 3.464581 0.000000
1.609 3.464215 0.000000
1.610 3.463850 0.000000
1.611 3.463484 0.000000
1.612 3.463119 0.000000
1.613 3.462753 0.000000
1.614 3.462388 0.000000
1.615 3.462022 0.000000
1.616 3.461657 0.000000
1.617 3.461291 0.000000
1.618 3.460926 0.000000
1.619 3.460560 0.000000
1.620 3.460195 0.000000
1.621 3.459829 0.000000
1.622 3.459464 0.000000
1.623 3.459098 0.000000
1.624 3.458733 0.000000
1.625 3.458367 0.000000
1.626 3.458002 0.000000
1.627 3.457636 0.000000
1.628 3.457271 0.000000
1.629 3.456905 0.000000
1.630 3.456539 0.000000
1.631 3.456174 0.000000
1.632 3.455808 0.000000
1.633 3.455443 0.000000
1.634 3.455077 0.000000
1.635 3.454719 0.000000
1.636 3.454370 0.000000
1.637 3.454021 0.000000
1.638 3.453672 0.000000
1.639 3.453323 0.000000
1.640 3.452974 0.000000
1.641 3.452625 0.000000
1.642 3.452276 0.000000
1.643 3.451927 0.000000
1.644 3.451578 0.000000
1.645 3.451229 0.000000
1.646 3.450880 0.000000
1.647 3.450531 0.000000
1.648 3.450182 0.000000
1.649 3.449833 0.000000
1.650 3.449484 0.000000
1.651 3.449135 0.000000
1.652 3.448786 0.000000
1.653 3.448437 0.000000
1.654 3.448088 0.000000
1.655 3.447739 0.000000
1.656 3.447390 0.000000
1.657 3.447041 0.000000
1.658 3.446692 0.000000
1.659 3.446343 0.000000
1.660 3.445994 0.000000
1.661 3.445645 0.000000
1.662 3.445296 0.000000
1.663 3.444947 0.000000
1.664 3.444598 0.000000
1.665 3.444249 0.000000
1.666 3.443900 0.000000
1.667 3.443551 0.000000
1.668 3.443202 0.000000
1.669 3.442853 0.000000
1.670 3.442504 0.000000
1.671 3.442155 0.000000
1.672 3.441806 0.000000
1.673 3.441457 0.000000
1.674 3.441121 0.000000
1.675 3.440788 0.000000
1.676 3.440455 0.000000
1.677 3.440122 0.000000
1.678 3.439789 0.000000
1.679 3.439457 0.000000
1.680 3.439124 0.000000
1.681 3.438791 0.000000
1.682 3.438458 0.000000
1.683 3.438125 0.000000
1.684 3.437792 0.000000
1.685 3.437459 0.000000
1.686 3.437126 0.000000
1.687 3.436793 0.000000
1.688 3.436460 0.000000
1.689 3.436128 0.000000
1.690 3.435795 0.000000
1.691 3.435462 0.000000
1.692 3.435129 0.000000
1.693 3.434796 0.000000
1.694 3.434463 0.000000
1.695 3.434130 0.000000
1.696 3.433797 0.000000
1.697 3.433464 0.000000
1.698 3.433131 0.000000
1.699 3.432798 0.000000
1.700 3.432466 0.000000
1.701 3.432133 0.000000
1.702 3.431800 0.000000
1.703 3.431467 0.000000
1.704 3.431134 0.000000
1.705 3.430801 0.000000
1.706 3.430468 0.000000
1.707 3.430135 0.000000
1.708 3.429802 0.000000
1.709 3.429469 0.000000
1.710 3.429137 0.000000
1.711 3.428804 0.000000
1.712 3.428471 0.000000
1.713 3.428138 0.000000
1.714 3.427810 0.000000
1.715 3.427493 0.000000
1.716 3.427176 0.000000
1.717 3.426858 0.000000
1.718 3.426541 0.000000
1.719 3.426224 0.000000
1.720 3.425907 0.000000
1.721 3.425590 0.000000
1.722 3.425273 0.000000
1.723 3.424955 0.000000
1.724 3.424638 0.000000
1.725 3.424321 0.000000
1.726 3.424004 0.000000
1.727 3.423687 0.000000
1.728 3.423370 0.000000
1.729 3.423052 0.000000
1.730 3.422735 0.000000
1.731 3.422418 0.000000
1.732 3.422101 0.000000
1.733 3.421784 0.000000
1.734 3.421467 0.000000
1.735 3.421149 0.000000
1.736 3.420832 0.000000
1.737 3.420515 0.000000
1.738 3.420198 0.000000
1.739 3.419881 0.000000
1.740 3.419564 0.000000
1.741 3.419246 0.000000
1.742 3.418929 0.000000
1.743 3.418612 0.000000
1.744 3.418295 0.000000
1.745 3.417978 0.000000
1.746 3.417660 0.000000
1.747 3.417343 0.000000
1.748 3.417026 0.000000
1.749 3.416709 0.000000
1.750 3.416392 0.000000
1.751 3.416075 0.000000
1.752 3.415757 0.000000
1.753 3.415440 0.000000
1.754 3.415123 0.000000
1.755 3.414806 0.000000
1.756 3.414489 0.000000
1.757 3.414184 0.000000
1.758 3.413882 0.000000
1.759 3.413580 0.000000
1.760 3.413279 0.000000
1.761 3.412977 0.000000
1.762 3.412675 0.000000
1.763 3.412373 0.000000
1.764 3.412071 0.000000
1.765 3.411769 0.000000
1.766 3.411468 0.000000
1.767 3.411166 0.000000
1.768 3.410864 0.000000
1.769 3.410562 0.000000
1.770 3.410260 0.000000
1.771 3.409959 0.000000
1.772 3.409657 0.000000
1.773 3.409355 0.000000
1.774 3.409053 0.000000
1.775 3.408751 0.000000
1.776 3.408449 0.000000
1.777 3.408148 0.000000
1.778 3.407846 0.000000
1.779 3.407544 0.000000
1.780 3.407242 0.000000
1.781 3.406940 0.000000
1.782 3.406639 0.000000
1.783 3.406337 0.000000
1.784 3.406035 0.000000
1.785 3.405733 0.000000
1.786 3.405431 0.000000
1.787 3.405129 0.000000
1.788 3.404828 0.000000
1.789 3.404526 0.000000
1.790 3.404224 0.000000
1.791 3.403922 0.000000
1.792 3.403620 0.000000
1.793 3.403319 0.000000
1.794 3.403017 0.000000
1.795 3.402715 0.000000
1.796 3.402413 0.000000
1.797 3.402111 0.000000
1.798 3.401810 0.000000
1.799 3.401508 0.000000
1.800 3.401206 0.000000
1.801 NaN NaN
1.802 NaN NaN
1.803 NaN NaN
1.804 NaN NaN
1.805 NaN NaN
1.806 NaN NaN
1.807 NaN NaN
1.808 NaN NaN
1.809 NaN NaN
1.810 NaN NaN
1.811 NaN NaN
1.812 NaN NaN
1.813 NaN NaN
1.814 NaN NaN
1.815 NaN NaN
1.816 NaN NaN
1.817 NaN NaN
1.818 NaN NaN
1.819 NaN NaN
1.820 NaN NaN
1.821 NaN NaN
1.822 NaN NaN
1.823 NaN NaN
1.824 NaN NaN
1.825 NaN NaN
1.826 NaN NaN
1.827 NaN NaN
1.828 NaN NaN
1.829 NaN NaN
1.830 NaN NaN
1.831 NaN NaN
1.832 NaN NaN
1.833 NaN NaN
1.834 NaN NaN
1.835 NaN NaN
1.836 NaN NaN
1.837 NaN NaN
1.838 NaN NaN
1.839 NaN NaN
1.840 NaN NaN
1.841 NaN NaN
1.842 NaN NaN
1.843 NaN NaN
1.844 NaN NaN
1.845 NaN NaN
1.846 NaN NaN
1.847 NaN NaN
1.848 NaN NaN
1.849 NaN NaN
1.850 NaN NaN
1.851 NaN NaN
1.852 NaN NaN
1.853 NaN NaN
1.854 NaN NaN
1.855 NaN NaN
1.856 NaN NaN
1.857 NaN NaN
1.858 NaN NaN
1.859 NaN NaN
1.860 NaN NaN
1.861 NaN NaN
1.862 NaN NaN
1.863 NaN NaN
1.864 NaN NaN
1.865 NaN NaN
1.866 NaN NaN
1.867 NaN NaN
1.868 NaN NaN
1.869 NaN NaN
1.870 NaN NaN
1.871 NaN NaN
1.872 NaN NaN
1.873 NaN NaN
1.874 NaN NaN
1.875 NaN NaN
1.876 NaN NaN
1.877 NaN NaN
1.878 NaN NaN
1.879 NaN NaN
1.880 NaN NaN
1.881 NaN NaN
1.882 NaN NaN
1.883 NaN NaN
1.884 NaN NaN
1.885 NaN NaN
1.886 NaN NaN
1.887 NaN NaN
1.888 NaN NaN
1.889 NaN NaN
1.890 NaN NaN
1.891 NaN NaN
1.892 NaN NaN
1.893 NaN NaN
1.894 NaN NaN
1.895 NaN NaN
1.896 NaN NaN
1.897 NaN NaN
1.898 NaN NaN
1.899 NaN NaN
1.900 NaN NaN
1.901 NaN NaN
1.902 NaN NaN
1.903 NaN NaN
1.904 NaN NaN
1.905 NaN NaN
1.906 NaN NaN
1.907 NaN NaN
1.908 NaN NaN
1.909 NaN NaN
1.910 NaN NaN
1.911 NaN NaN
1.912 NaN NaN
1.913 NaN NaN
1.914 NaN NaN
1.915 NaN NaN
1.916 NaN NaN
1.917 NaN NaN
1.918 NaN NaN
1.919 NaN NaN
1.920 NaN NaN
1.921 NaN NaN
1.922 NaN NaN
1.923 NaN NaN
1.924 NaN NaN
1.925 NaN NaN
1.926 NaN NaN
1.927 NaN NaN
1.928 NaN NaN
1.929 NaN NaN
1.930 NaN NaN
1.931 NaN NaN
1.932 NaN NaN
1.933 NaN NaN
1.934 NaN NaN
1.935 NaN NaN
1.936 NaN NaN
1.937 NaN NaN
1.938 NaN NaN
1.939 NaN NaN
1.940 NaN NaN
1.941 NaN NaN
1.942 NaN NaN
1.943 NaN NaN
1.944 NaN NaN
1.945 NaN NaN
1.946 NaN NaN
1.947 NaN NaN
1.948 NaN NaN
1.949 NaN NaN
1.950 NaN NaN