0.253 1.904564 3.187920
0.254 1.946353 3.207773
0.255 1.984979 3.224591
0.256 2.022664 3.238536
0.257 2.064437 3.252404
0.258 2.107296 3.266279
0.259 2.150280 3.280132
0.260 2.192948 3.293877
0.261 2.242200 3.307351
0.262 2.286298 3.319882
0.263 2.335026 3.325497
0.264 2.385061 3.334589
0.265 2.436093 3.334732
0.266 2.493560 3.337963
0.267 2.545871 3.335099
0.268 2.596029 3.329574
0.269 2.651620 3.322978
0.270 2.702895 3.311576
0.271 2.756679 3.298251
0.272 2.806256 3.283298
0.273 2.857811 3.264741
0.274 2.904921 3.242524
0.275 2.954599 3.219917
0.276 2.999007 3.197253
0.277 3.040679 3.168565
0.278 3.081126 3.139969
0.279 3.120855 3.108418
0.280 3.159887 3.079720
0.281 3.196176 3.047400
0.282 3.229043 3.008944
0.283 3.258036 2.974286
0.284 3.288019 2.941027
0.285 3.313760 2.903544
0.286 3.337371 2.865707
0.287 3.360838 2.830453
0.288 3.379961 2.794632
0.289 3.398335 2.757164
0.290 3.415106 2.721615
0.291 3.430165 2.687574
0.292 3.441260 2.649415
0.293 3.451701 2.614313
0.294 3.462044 2.578850
0.295 3.468058 2.545231
0.296 3.474023 2.514130
0.297 3.477154 2.482081
0.298 3.479757 2.451741
0.299 3.485702 2.420748
0.300 3.485668 2.390218
0.301 3.484019 2.362074
0.302 3.482179 2.336045
0.303 3.480388 2.310204
0.304 3.478644 2.284532
0.305 3.476945 2.263704
0.306 3.469543 2.241652
0.307 3.465578 2.220592
0.308 3.458018 2.199920
0.309 3.454137 2.177945
0.310 3.447892 2.158658
0.311 3.442976 2.141662
0.312 3.438052 2.125510
0.313 3.432023 2.108428
0.314 3.422826 2.094119
0.315 3.417341 2.081688
0.316 3.411202 2.069454
0.317 3.406972 2.057308
0.318 3.400736 2.045248
0.319 3.392908 2.033249
0.320 3.387490 2.021321
0.321 3.380283 2.009462
0.322 3.373330 2.001536
0.323 3.367665 1.993335
0.324 3.359698 1.984636
0.325 3.357207 1.978323
0.326 3.350441 1.968673
0.327 3.346171 1.963180
0.328 3.338943 1.956508
0.329 3.335821 1.949908
0.330 3.329613 1.945885
0.331 3.326495 1.939212
0.332 3.321551 1.936555
0.333 3.317387 1.931128
0.334 3.314541 1.928390
0.335 3.308288 1.925020
0.336 3.306100 1.920426
0.337 3.299325 1.919026
0.338 3.297062 1.917408
0.339 3.295095 1.912116
0.340 3.290719 1.910446
0.341 3.287706 1.909896
0.342 3.285255 1.909939
0.343 3.284711 1.910018
0.344 3.284357 1.910103
0.345 3.279310 1.905488
0.346 3.276116 1.902718
0.347 3.274798 1.901815
0.348 3.274310 1.901735
0.349 3.274029 1.901859
0.350 3.273763 1.901991
0.351 3.273512 1.902132
0.352 3.273275 1.902280
0.353 3.273049 1.902435
0.354 3.272833 1.902595
0.355 3.272628 1.902762
0.356 3.272443 1.902942
0.357 3.272268 1.905348
0.358 3.272100 1.909550
0.359 3.271942 1.911479
0.360 3.271797 1.912499
0.361 3.271664 1.912712
0.362 3.271540 1.912931
0.363 3.273974 1.913157
0.364 3.277676 1.913394
0.365 3.279570 1.917987
0.366 3.279905 1.920493
0.367 3.280927 1.922517
0.368 3.285645 1.923193
0.369 3.287467 1.923465
0.370 3.288377 1.923806
0.371 3.288458 1.928072
0.372 3.293380 1.931086
0.373 3.295265 1.932880
0.374 3.298216 1.933718
0.375 3.303147 1.935664
0.376 3.304717 1.940343
0.377 3.309056 1.942499
0.378 3.312396 1.943655
0.379 3.314437 1.944370
0.380 3.319507 1.949046
0.381 3.322044 1.951843
0.382 3.324612 1.953571
0.383 3.329611 1.956194
0.384 3.333553 1.960832
0.385 3.339026 1.962538
0.386 3.340848 1.964248
0.387 3.345925 1.968710
0.388 3.348757 1.971199
0.389 3.355552 1.973760
0.390 3.358796 1.975393
0.391 3.364761 1.980243
0.392 3.368516 1.982520
0.393 3.374643 1.986212
0.394 3.378821 1.991127
0.395 3.387105 1.992820
0.396 3.392453 1.997626
0.397 3.398911 2.001292
0.398 3.402870 2.003712
0.399 3.409266 2.009177
0.400 3.417085 2.012226
0.401 3.425990 2.018870
0.402 3.431129 2.021911
0.403 3.438581 2.024006
0.404 3.446611 2.029972
0.405 3.455007 2.033095
0.406 3.459933 2.039876
0.407 3.467981 2.043525
0.408 3.476085 2.049704
0.409 3.485270 2.054099
0.410 3.497052 2.059556
0.411 3.510147 2.064564
0.412 3.521124 2.069905
0.413 3.531952 2.074871
0.414 3.544772 2.079988
0.415 3.557410 2.085154
0.416 3.571753 2.089616
0.417 3.588481 2.095476
0.418 3.602190 2.099194
0.419 3.618045 2.101755
0.420 3.634780 2.103440
0.421 3.652331 2.104181
0.422 3.670632 2.104765
0.423 3.689390 2.101475
0.424 3.711606 2.099698
0.425 3.731573 2.094257
0.426 3.751595 2.087867
0.427 3.770806 2.080608
0.428 3.785121 2.071985
0.429 3.801244 2.059870
0.430 3.813798 2.050029
0.431 3.828382 2.040122
0.432 3.840998 2.026857
0.433 3.851396 2.016567
0.434 3.858009 2.003319
0.435 3.866114 1.992860
0.436 3.869443 1.982496
0.437 3.871951 1.969825
0.438 3.877561 1.960102
0.439 3.880778 1.954365
0.440 3.882949 1.947693
0.441 3.885078 1.940978
0.442 3.886044 1.937902
0.443 3.886988 1.936259
0.444 3.887956 1.935488
0.445 3.888973 1.936176
0.446 3.890055 1.937033
0.447 3.893956 1.940670
0.448 3.898281 1.944707
0.449 3.902932 1.949020
0.450 3.911212 1.956871
0.451 3.917494 1.964368
0.452 3.924396 1.973118
0.453 3.937059 1.980505
0.454 3.948136 1.986321
0.455 3.963799 1.994050
0.456 3.980614 2.001718
0.457 3.998076 2.009846
0.458 4.016888 2.018609
0.459 4.039627 2.027435
0.460 4.063783 2.031964
0.461 4.089169 2.038275
0.462 4.115528 2.042145
0.463 4.145645 2.044420
0.464 4.176943 2.043236
0.465 4.209239 2.039397
0.466 4.242050 2.033581
0.467 4.274892 2.026518
0.468 4.307629 2.016728
0.469 4.340250 2.004050
0.470 4.372220 1.989301
0.471 4.402223 1.971639
0.472 4.430077 1.950501
0.473 4.461209 1.928345
0.474 4.489165 1.905673
0.475 4.515375 1.879387
0.476 4.539325 1.849856
0.477 4.560051 1.819073
0.478 4.579132 1.787678
0.479 4.597277 1.755681
0.480 4.613591 1.723110
0.481 4.627423 1.690043
0.482 4.638759 1.656690
0.483 4.650571 1.623165
0.484 4.655844 1.589655
0.485 4.659943 1.556351
0.486 4.663096 1.524316
0.487 4.663665 1.493192
0.488 4.662611 1.465015
0.489 4.661265 1.435077
0.490 4.656353 1.408019
0.491 4.651805 1.382431
0.492 4.646910 1.357069
0.493 4.639468 1.331915
0.494 4.632499 1.307104
0.495 4.626303 1.282977
0.496 4.621681 1.260427
0.497 4.615777 1.238944
0.498 4.607652 1.219790
0.499 4.599514 1.198709
0.500 4.591267 1.181802
0.501 4.582020 1.165096
0.502 4.572486 1.148502
0.503 4.561478 1.131969
0.504 4.550246 1.116043
0.505 4.541878 1.100960
0.506 4.533765 1.085973
0.507 4.525665 1.074973
0.508 4.517579 1.061881
0.509 4.509508 1.049411
0.510 4.501453 1.037571
0.511 4.493415 1.024564
0.512 4.485394 1.013411
0.513 4.477391 1.001550
0.514 4.469409 0.990494
0.515 4.461445 0.981490
0.516 4.453499 0.972525
0.517 4.445570 0.963323
0.518 4.437771 0.954201
0.519 4.430459 0.945452
0.520 4.423841 0.936856
0.521 4.417025 0.928694
0.522 4.413498 0.920691
0.523 4.407012 0.912841
0.524 4.399427 0.905277
0.525 4.391662 0.897968
0.526 4.384276 0.890842
0.527 4.377459 0.883879
0.528 4.370978 0.877152
0.529 4.365205 0.870682
0.530 4.361723 0.864241
0.531 4.354454 0.857856
0.532 4.347801 0.851596
0.533 4.341552 0.845461
0.534 4.336279 0.839554
0.535 4.331532 0.833863
0.536 4.326381 0.828297
0.537 4.320414 0.822770
0.538 4.314653 0.817291
0.539 4.311385 0.811921
0.540 4.305514 0.806577
0.541 4.299300 0.801579
0.542 4.295112 0.796578
0.543 4.291761 0.791552
0.544 4.286581 0.786762
0.545 4.282442 0.782079
0.546 4.277621 0.777424
0.547 4.272114 0.772824
0.548 4.266967 0.768302
0.549 4.262886 0.763868
0.550 4.259695 0.759541
0.551 4.254495 0.755437
0.552 4.251869 0.751087
0.553 4.247213 0.746982
0.554 4.243193 0.742876
0.555 4.240616 0.738686
0.556 4.234838 0.734843
0.557 4.232419 0.731025
0.558 4.228161 0.727220
0.559 4.224120 0.723431
0.560 4.220971 0.719658
0.561 4.216422 0.715900
0.562 4.212958 0.712151
0.563 4.209334 0.708415
0.564 4.205470 0.704716
0.565 4.201561 0.701079
0.566 4.198953 0.697519
0.567 4.195417 0.694018
0.568 4.192712 0.690613
0.569 4.190815 0.687244
0.570 4.188199 0.683721
0.571 4.183492 0.680274
0.572 4.180112 0.677027
0.573 4.177026 0.673840
0.574 4.171881 0.670459
0.575 4.170149 0.667376
0.576 4.166626 0.664328
0.577 4.162775 0.661208
0.578 4.161254 0.657870
0.579 4.160038 0.654883
0.580 4.156688 0.651895
0.581 4.152559 0.648897
0.582 4.150929 0.645922
0.583 4.149632 0.642693
0.584 4.146757 0.639602
0.585 4.142568 0.636697
0.586 4.140736 0.633838
0.587 4.139094 0.630988
0.588 4.136362 0.628144
0.589 4.131498 0.625306
0.590 4.129418 0.622479
0.591 4.126294 0.619676
0.592 4.122526 0.616902
0.593 4.120467 0.614192
0.594 4.118987 0.611486
0.595 4.116885 0.608859
0.596 4.112921 0.606406
0.597 4.110614 0.603746
0.598 4.108909 0.601040
0.599 4.107670 0.598313
0.600 4.104009 0.595654
0.601 4.101574 0.592997
0.602 4.100147 0.590369
0.603 4.098889 0.588007
0.604 4.097683 0.585523
0.605 4.096038 0.582956
0.606 4.091951 0.580327
0.607 4.089413 0.577911
0.608 4.087734 0.575549
0.609 4.086630 0.573009
0.610 4.083282 0.570455
0.611 4.079550 0.567967
0.612 4.077942 0.565754
0.613 4.076751 0.563328
0.614 4.075171 0.560874
0.615 4.071075 0.558703
0.616 4.069132 0.556307
0.617 4.068233 0.553843
0.618 4.066947 0.551679
0.619 4.065683 0.549333
0.620 4.064315 0.546879
0.621 4.060672 0.544707
0.622 4.058389 0.542414
0.623 4.057487 0.539996
0.624 4.056171 0.537852
0.625 4.054679 0.535653
0.626 4.052931 0.533326
0.627 4.049800 0.531190
0.628 4.046750 0.529092
0.629 4.045425 0.526941
0.630 4.043566 0.524731
0.631 4.041369 0.522488
0.632 4.038984 0.520438
0.633 4.037148 0.518339
0.634 4.036119 0.516166
0.635 4.035020 0.514040
0.636 4.033607 0.511944
0.637 4.030674 0.509932
0.638 4.028421 0.507927
0.639 4.026774 0.505929
0.640 4.025601 0.503733
0.641 4.024538 0.501574
0.642 4.023633 0.499614
0.643 4.021089 0.497659
0.644 4.017343 0.495706
0.645 4.016253 0.493723
0.646 4.015340 0.491737
0.647 4.014133 0.489747
0.648 4.012743 0.487667
0.649 4.011201 0.485513
0.650 4.008692 0.483599
0.651 4.006354 0.481726
0.652 4.005907 0.479861
0.653 4.005235 0.477999
0.654 4.004276 0.476143
0.655 4.003285 0.474291
0.656 4.002281 0.472441
0.657 3.999399 0.470598
0.658 3.996855 0.468756
0.659 3.995397 0.466919
0.660 3.994131 0.465087
0.661 3.993055 0.463259
0.662 3.992034 0.461436
0.663 3.991032 0.459615
0.664 3.987848 0.457799
0.665 3.985089 0.455985
0.666 3.984241 0.454176
0.667 3.983307 0.452371
0.668 3.982249 0.450571
0.669 3.980433 0.448774
0.670 3.978148 0.446980
0.671 3.976475 0.445191
0.672 3.974943 0.443402
0.673 3.974275 0.441621
0.674 3.973546 0.439841
0.675 3.972519 0.438068
0.676 3.971504 0.436298
0.677 3.970515 0.434535
0.678 3.968496 0.432801
0.679 3.965418 0.431097
0.680 3.963773 0.429412
0.681 3.962941 0.427739
0.682 3.962024 0.426156
0.683 3.961082 0.424599
0.684 3.958743 0.422998
0.685 3.956261 0.421391
0.686 3.955162 0.419702
0.687 3.954106 0.418017
0.688 3.953370 0.416368
0.689 3.952573 0.414721
0.690 3.951541 0.413088
0.691 3.950379 0.411506
0.692 3.948896 0.410053
0.693 3.947192 0.408530
0.694 3.945097 0.406883
0.695 3.943646 0.405238
0.696 3.943071 0.403598
0.697 3.942330 0.402076
0.698 3.941405 0.400686
0.699 3.940587 0.399204
0.700 3.939872 0.397635
0.701 3.937845 0.396062
0.702 3.934708 0.394486
0.703 3.932887 0.393010
0.704 3.932110 0.391611
0.705 3.931302 0.390095
0.706 3.930470 0.388488
0.707 3.928691 0.387004
0.708 3.926164 0.385617
0.709 3.924552 0.384158
0.710 3.923719 0.382638
0.711 3.922957 0.381118
0.712 3.922264 0.379597
0.713 3.921470 0.378170
0.714 3.920566 0.376846
0.715 3.919199 0.375492
0.716 3.917191 0.374097
0.717 3.915444 0.372690
0.718 3.914168 0.371263
0.719 3.913069 0.369880
0.720 3.912427 0.368612
0.721 3.911731 0.367303
0.722 3.910804 0.365822
0.723 3.909812 0.364356
0.724 3.908180 0.363037
0.725 3.906547 0.361719
0.726 3.904951 0.360370
0.727 3.903355 0.359021
0.728 3.902594 0.357601
0.729 3.901974 0.356170
0.730 3.901151 0.354873
0.731 3.900248 0.353630
0.732 3.899067 0.352304
0.733 3.897673 0.350915
0.734 3.895979 0.349557
0.735 3.893844 0.348246
0.736 3.892006 0.346947
0.737 3.891161 0.345687
0.738 3.890319 0.344431
0.739 3.889560 0.343239
0.740 3.888801 0.342048
0.741 3.886646 0.340702
0.742 3.884224 0.339328
0.743 3.882982 0.338005
0.744 3.882447 0.336714
0.745 3.881793 0.335444
0.746 3.880958 0.334209
0.747 3.880128 0.332989
0.748 3.879333 0.331857
0.749 3.878538 0.330725
0.750 3.876413 0.329436
0.751 3.874144 0.328129
0.752 3.872957 0.326939
0.753 3.872399 0.325817
0.754 3.871741 0.324705
0.755 3.870896 0.323611
0.756 3.870045 0.322505
0.757 3.869090 0.321208
0.758 3.868135 0.319911
0.759 3.866433 0.318774
0.760 3.864475 0.317691
0.761 3.863114 0.316597
0.762 3.862579 0.315488
0.763 3.862020 0.314379
0.764 3.861200 0.313285
0.765 3.860379 0.312191
0.766 3.859206 0.310984
0.767 3.857902 0.309734
0.768 3.856503 0.308564
0.769 3.854937 0.307532
0.770 3.853370 0.306501
0.771 3.852805 0.305474
0.772 3.852262 0.304446
0.773 3.851590 0.303420
0.774 3.850825 0.302397
0.775 3.849891 0.301367
0.776 3.848132 0.300309
0.777 3.846372 0.299250
0.778 3.845087 0.298172
0.779 3.843966 0.297088
0.780 3.842998 0.296000
0.781 3.842390 0.294903
0.782 3.841782 0.293806
0.783 3.841160 0.292646
0.784 3.840536 0.291473
0.785 3.839296 0.290377
0.786 3.836997 0.289411
0.787 3.834698 0.288446
0.788 3.833920 0.287506
0.789 3.833352 0.286569
0.790 3.832736 0.285667
0.791 3.832040 0.284822
0.792 3.831345 0.283977
0.793 3.830855 0.283080
0.794 3.830401 0.282175
0.795 3.829356 0.281243
0.796 3.827031 0.280252
0.797 3.824705 0.279262
0.798 3.823803 0.278274
0.799 3.823345 0.277287
0.800 3.822830 0.276304
0.801 3.822071 0.275340
0.802 3.821313 0.274376
0.803 3.820354 0.273433
0.804 3.819265 0.272505
0.805 3.818174 0.271577
0.806 3.816621 0.270643
0.807 3.815068 0.269710
0.808 3.813906 0.268854
0.809 3.813376 0.268125
0.810 3.812847 0.267396
0.811 3.812253 0.266529
0.812 3.811638 0.265614
0.813 3.810897 0.264699
0.814 3.808882 0.263769
0.815 3.806867 0.262839
0.816 3.805411 0.261996
0.817 3.804732 0.261276
0.818 3.804053 0.260555
0.819 3.803367 0.259705
0.820 3.802678 0.258806
0.821 3.801995 0.257907
0.822 3.801581 0.257006
0.823 3.801167 0.256106
0.824 3.800253 0.255266
0.825 3.798147 0.254569
0.826 3.796040 0.253873
0.827 3.794859 0.253076
0.828 3.794430 0.252198
0.829 3.794001 0.251320
0.830 3.793376 0.250598
0.831 3.792699 0.249918
0.832 3.792013 0.249237
0.833 3.790438 0.248476
0.834 3.788862 0.247715
0.835 3.787407 0.246949
0.836 3.786406 0.246165
0.837 3.785404 0.245382
0.838 3.784546 0.244611
0.839 3.783911 0.243858
0.840 3.783276 0.243105
0.841 3.782790 0.242343
0.842 3.782422 0.241575
0.843 3.782054 0.240807
0.844 3.780493 0.240125
0.845 3.778416 0.239479
0.846 3.776339 0.238833
0.847 3.775631 0.238176
0.848 3.775219 0.237517
0.849 3.774808 0.236857
0.850 3.774185 0.236132
0.851 3.773545 0.235401
0.852 3.772894 0.234672
0.853 3.771325 0.234121
0.854 3.769755 0.233569
0.855 3.768236 0.233004
0.856 3.767331 0.232267
0.857 3.766426 0.231529
0.858 3.765549 0.230803
0.859 3.764878 0.230161
0.860 3.764207 0.229518
0.861 3.763571 0.228880
0.862 3.763140 0.228271
0.863 3.762709 0.227662
0.864 3.762088 0.227053
0.865 3.760345 0.226444
0.866 3.758603 0.225835
0.867 3.757043 0.225227
0.868 3.756728 0.224632
0.869 3.756414 0.224036
0.870 3.756071 0.223447
0.871 3.755433 0.222932
0.872 3.754795 0.222416
0.873 3.754166 0.221896
0.874 3.753867 0.221235
0.875 3.753567 0.220575
0.876 3.753267 0.219914
0.877 3.751403 0.219424
0.878 3.749448 0.218944
0.879 3.747493 0.218464
0.880 3.746795 0.217961
0.881 3.746334 0.217454
0.882 3.745873 0.216947
0.883 3.745397 0.216439
0.884 3.744914 0.215932
0.885 3.744432 0.215424
0.886 3.743145 0.214837
0.887 3.741241 0.214189
0.888 3.739338 0.213542
0.889 3.738065 0.212968
0.890 3.737754 0.212506
0.891 3.737444 0.212045
0.892 3.737065 0.211583
0.893 3.736416 0.211123
0.894 3.735768 0.210663
0.895 3.735119 0.210204
0.896 3.733906 0.209745
0.897 3.732685 0.209287
0.898 3.731463 0.208829
0.899 3.730564 0.208373
0.900 3.729775 0.207917
0.901 3.728986 0.207460
0.902 3.728413 0.207005
0.903 3.728074 0.206551
0.904 3.727735 0.206096
0.905 3.727350 0.205643
0.906 3.726771 0.205196
0.907 3.726191 0.204749
0.908 3.725612 0.204302
0.909 3.724275 0.203880
0.910 3.722835 0.203461
0.911 3.721395 0.203042
0.912 3.720446 0.202632
0.913 3.719905 0.202231
0.914 3.719364 0.201829
0.915 3.718847 0.201447
0.916 3.718433 0.201154
0.917 3.718019 0.200861
0.918 3.717605 0.200568
0.919 3.717156 0.200187
0.920 3.716698 0.199783
0.921 3.716240 0.199380
0.922 3.715281 0.198983
0.923 3.713535 0.198596
0.924 3.711788 0.198210
0.925 3.710041 0.197823
0.926 3.709759 0.197506
0.927 3.709550 0.197191
0.928 3.709341 0.196877
0.929 3.708975 0.196555
0.930 3.708449 0.196225
0.931 3.707922 0.195895
0.932 3.707396 0.195565
0.933 3.707101 0.195172
0.934 3.706806 0.194778
0.935 3.706511 0.194385
0.936 3.705557 0.194075
0.937 3.703915 0.193853
0.938 3.702273 0.193630
0.939 3.700630 0.193408
0.940 3.700430 0.192996
0.941 3.700308 0.192575
0.942 3.700186 0.192153
0.943 3.699985 0.191784
0.944 3.699658 0.191501
0.945 3.699331 0.191217
0.946 3.699005 0.190933
0.947 3.698601 0.190546
0.948 3.698176 0.190130
0.949 3.697751 0.189714
0.950 3.697232 0.189307
0.951 3.696235 0.188938
0.952 3.695237 0.188570
0.953 3.694240 0.188201
0.954 3.693517 0.187876
0.955 3.693052 0.187592
0.956 3.692587 0.187308
0.957 3.692122 0.187024
0.958 3.691700 0.186856
0.959 3.691287 0.186710
0.960 3.690874 0.186564
0.961 3.690462 0.186409
0.962 3.690057 0.186186
0.963 3.689653 0.185963
0.964 3.689248 0.185740
0.965 3.688848 0.185467
0.966 3.688453 0.185117
0.967 3.688058 0.184767
0.968 3.687663 0.184417
0.969 3.687277 0.184083
0.970 3.686896 0.183759
0.971 3.686515 0.183435
0.972 3.686135 0.183111
0.973 3.685786 0.182704
0.974 3.685443 0.182280
0.975 3.685100 0.181857
0.976 3.684758 0.181435
0.977 3.684408 0.181107
0.978 3.684059 0.180780
0.979 3.683710 0.180453
0.980 3.683360 0.180136
0.981 3.683007 0.179875
0.982 3.682653 0.179614
0.983 3.682300 0.179353
0.984 3.681951 0.179091
0.985 3.681615 0.178825
0.986 3.681280 0.178560
0.987 3.680944 0.178295
0.988 3.680611 0.178014
0.989 3.680285 0.177704
0.990 3.679958 0.177394
0.991 3.679631 0.177084
0.992 3.679307 0.176764
0.993 3.678987 0.176430
0.994 3.678667 0.176096
0.995 3.678346 0.175762
0.996 3.678035 0.175454
0.997 3.677736 0.175180
0.998 3.677437 0.174905
0.999 3.677138 0.174631
1.000 3.676840 0.174347
1.001 3.676545 0.174051
1.002 3.676250 0.173754
1.003 3.675954 0.173458
1.004 3.675649 0.173107
1.005 3.675326 0.172665
1.006 3.675004 0.172223
1.007 3.674681 0.171782
1.008 3.674363 0.171359
1.009 3.674055 0.170979
1.010 3.673747 0.170600
1.011 3.673439 0.170221
1.012 3.673131 0.169836
1.013 3.672826 0.169427
1.014 3.672521 0.169018
1.015 3.672216 0.168610
1.016 3.671911 0.168205
1.017 3.671608 0.167871
1.018 3.671304 0.167538
1.019 3.671001 0.167204
1.020 3.670698 0.166871
1.021 3.670422 0.166549
1.022 3.670150 0.166229
1.023 3.669878 0.165909
1.024 3.669606 0.165589
1.025 3.669332 0.165320
1.026 3.669057 0.165077
1.027 3.668782 0.164834
1.028 3.668507 0.164591
1.029 3.668238 0.164295
1.030 3.667978 0.163922
1.031 3.667717 0.163549
1.032 3.667457 0.163177
1.033 3.667197 0.162797
1.034 3.666938 0.162374
1.035 3.666678 0.161950
1.036 3.666419 0.161527
1.037 3.666160 0.161103
1.038 3.665887 0.160621
1.039 3.665612 0.160126
1.040 3.665336 0.159631
1.041 3.665061 0.159136
1.042 3.664789 0.158657
1.043 3.664522 0.158196
1.044 3.664254 0.157736
1.045 3.663987 0.157276
1.046 3.663720 0.156824
1.047 3.663457 0.156482
1.048 3.663194 0.156141
1.049 3.662931 0.155800
1.050 3.662668 0.155458
1.051 3.662407 0.155162
1.052 3.662148 0.154890
1.053 3.661888 0.154618
1.054 3.661629 0.154346
1.055 3.661372 0.154064
1.056 3.661127 0.153735
1.057 3.660882 0.153406
1.058 3.660637 0.153076
1.059 3.660392 0.152747
1.060 3.660151 0.152375
1.061 3.659913 0.151983
1.062 3.659674 0.151590
1.063 3.659436 0.151197
1.064 3.659199 0.150809
1.065 3.658974 0.150451
1.066 3.658749 0.150093
1.067 3.658524 0.149735
1.068 3.658300 0.149377
1.069 3.658076 0.149014
1.070 3.657852 0.148647
1.071 3.657629 0.148279
1.072 3.657406 0.147912
1.073 3.657182 0.147544
1.074 3.656942 0.147214
1.075 3.656701 0.146887
1.076 3.656459 0.146559
1.077 3.656217 0.146232
1.078 3.655979 0.145922
1.079 3.655752 0.145659
1.080 3.655524 0.145395
1.081 3.655296 0.145132
1.082 3.655068 0.144869
1.083 3.654835 0.144565
1.084 3.654596 0.144229
1.085 3.654358 0.143893
1.086 3.654120 0.143556
1.087 3.653882 0.143220
1.088 3.653655 0.142897
1.089 3.653429 0.142576
1.090 3.653204 0.142255
1.091 3.652979 0.141934
1.092 3.652754 0.141612
1.093 3.652546 0.141280
1.094 3.652339 0.140948
1.095 3.652131 0.140616
1.096 3.651923 0.140284
1.097 3.651714 0.139958
1.098 3.651495 0.139657
1.099 3.651276 0.139356
1.100 3.651058 0.139055
1.101 3.650839 0.138754
1.102 3.650622 0.138472
1.103 3.650409 0.138226
1.104 3.650196 0.137980
1.105 3.649982 0.137734
1.106 3.649769 0.137488
1.107 3.649561 0.137277
1.108 3.649361 0.137113
1.109 3.649160 0.136948
1.110 3.648960 0.136783
1.111 3.648759 0.136618
1.112 3.648562 0.136453
1.113 3.648369 0.136287
1.114 3.648175 0.136122
1.115 3.647982 0.135956
1.116 3.647788 0.135790
1.117 3.647598 0.135621
1.118 3.647412 0.135448
1.119 3.647226 0.135274
1.120 3.647040 0.135101
1.121 3.646853 0.134928
1.122 3.646668 0.134752
1.123 3.646483 0.134574
1.124 3.646298 0.134395
1.125 3.646114 0.134217
1.126 3.645929 0.134039
1.127 3.645747 0.133872
1.128 3.645571 0.133730
1.129 3.645395 0.133587
1.130 3.645219 0.133445
1.131 3.645043 0.133303
1.132 3.644864 0.133161
1.133 3.644675 0.133019
1.134 3.644487 0.132878
1.135 3.644298 0.132737
1.136 3.644109 0.132596
1.137 3.643920 0.132455
1.138 3.643742 0.132307
1.139 3.643564 0.132160
1.140 3.643386 0.132013
1.141 3.643208 0.131866
1.142 3.643030 0.131718
1.143 3.642852 0.131563
1.144 3.642674 0.131404
1.145 3.642497 0.131246
1.146 3.642319 0.131088
1.147 3.642141 0.130930
1.148 3.641967 0.130760
1.149 3.641796 0.130578
1.150 3.641625 0.130396
1.151 3.641455 0.130213
1.152 3.641284 0.130031
1.153 3.641112 0.129859
1.154 3.640933 0.129740
1.155 3.640755 0.129621
1.156 3.640577 0.129502
1.157 3.640398 0.129383
1.158 3.640220 0.129264
1.159 3.640055 0.129136
1.160 3.639894 0.129005
1.161 3.639732 0.128875
1.162 3.639571 0.128744
1.163 3.639410 0.128614
1.164 3.639248 0.128463
1.165 3.639084 0.128274
1.166 3.638920 0.128085
1.167 3.638756 0.127896
1.168 3.638592 0.127706
1.169 3.638428 0.127517
1.170 3.638257 0.127341
1.171 3.638084 0.127168
1.172 3.637912 0.126994
1.173 3.637739 0.126821
1.174 3.637566 0.126647
1.175 3.637395 0.126472
1.176 3.637224 0.126295
1.177 3.637054 0.126117
1.178 3.636884 0.125939
1.179 3.636714 0.125761
1.180 3.636544 0.125584
1.181 3.636377 0.125392
1.182 3.636213 0.125194
1.183 3.636048 0.124997
1.184 3.635883 0.124800
1.185 3.635718 0.124603
1.186 3.635554 0.124414
1.187 3.635397 0.124314
1.188 3.635240 0.124214
1.189 3.635083 0.124115
1.190 3.634926 0.124015
1.191 3.634768 0.123915
1.192 3.634613 0.123817
1.193 3.634460 0.123725
1.194 3.634307 0.123632
1.195 3.634154 0.123539
1.196 3.634001 0.123446
1.197 3.633848 0.123354
1.198 3.633698 0.123224
1.199 3.633550 0.123075
1.200 3.633402 0.122925
1.201 3.633255 0.122776
1.202 3.633107 0.122626
1.203 3.632959 0.122477
1.204 3.632815 0.122309
1.205 3.632671 0.122137
1.206 3.632528 0.121965
1.207 3.632384 0.121794
1.208 3.632241 0.121622
1.209 3.632098 0.121451
1.210 3.631961 0.121293
1.211 3.631824 0.121135
1.212 3.631687 0.120977
1.213 3.631550 0.120819
1.214 3.631413 0.120661
1.215 3.631277 0.120504
1.216 3.631145 0.120364
1.217 3.631013 0.120223
1.218 3.630881 0.120083
1.219 3.630750 0.119943
1.220 3.630618 0.119803
1.221 3.630486 0.119666
1.222 3.630359 0.119567
1.223 3.630232 0.119467
1.224 3.630105 0.119367
1.225 3.629977 0.119268
1.226 3.629850 0.119168
1.227 3.629723 0.119066
1.228 3.629599 0.118900
1.229 3.629476 0.118733
1.230 3.629352 0.118567
1.231 3.629229 0.118400
1.232 3.629106 0.118234
1.233 3.628982 0.118068
1.234 3.628864 0.117892
1.235 3.628747 0.117716
1.236 3.628629 0.117540
1.237 3.628511 0.117364
1.238 3.628394 0.117188
1.239 3.628276 0.117011
1.240 3.628162 0.116807
1.241 3.628048 0.116594
1.242 3.627934 0.116382
1.243 3.627820 0.116170
1.244 3.627706 0.115957
1.245 3.627592 0.115745
1.246 3.627480 0.115593
1.247 3.627371 0.115489
1.248 3.627261 0.115384
1.249 3.627152 0.115280
1.250 3.627042 0.115175
1.251 3.626933 0.115070
1.252 3.626824 0.114954
1.253 3.626717 0.114806
1.254 3.626611 0.114658
1.255 3.626504 0.114510
1.256 3.626397 0.114362
1.257 3.626290 0.114215
1.258 3.626184 0.114067
1.259 3.626081 0.113869
1.260 3.625979 0.113667
1.261 3.625876 0.113466
1.262 3.625774 0.113264
1.263 3.625672 0.113063
1.264 3.625570 0.112861
1.265 3.625469 0.112640
1.266 3.625369 0.112401
1.267 3.625270 0.112162
1.268 3.625170 0.111923
1.269 3.625071 0.111684
1.270 3.624971 0.111445
1.271 3.624872 0.111211
1.272 3.624777 0.111090
1.273 3.624681 0.110969
1.274 3.624586 0.110847
1.275 3.624490 0.110726
1.276 3.624395 0.110605
1.277 3.624299 0.110483
1.278 3.624205 0.110375
1.279 3.624111 0.110280
1.280 3.624018 0.110185
1.281 3.623924 0.110090
1.282 3.623831 0.109995
1.283 3.623737 0.109900
1.284 3.623644 0.109805
1.285 3.623552 0.109707
1.286 3.623460 0.109609
1.287 3.623369 0.109510
1.288 3.623277 0.109412
1.289 3.623186 0.109313
1.290 3.623094 0.109215
1.291 3.623003 0.109091
1.292 3.622914 0.108874
1.293 3.622825 0.108657
1.294 3.622736 0.108440
1.295 3.622647 0.108223
1.296 3.622558 0.108006
1.297 3.622469 0.107788
1.298 3.622381 0.107593
1.299 3.622295 0.107422
1.300 3.622208 0.107251
1.301 3.622122 0.107081
1.302 3.622036 0.106910
1.303 3.621949 0.106739
1.304 3.621863 0.106569
1.305 3.621777 0.106371
1.306 3.621691 0.106158
1.307 3.621606 0.105945
1.308 3.621520 0.105732
1.309 3.621434 0.105519
1.310 3.621349 0.105307
1.311 3.621263 0.105094
1.312 3.621178 0.104883
1.313 3.621094 0.104673
1.314 3.621009 0.104463
1.315 3.620925 0.104253
1.316 3.620840 0.104043
1.317 3.620756 0.103834
1.318 3.620671 0.103624
1.319 3.620585 0.103405
1.320 3.620499 0.103184
1.321 3.620413 0.102963
1.322 3.620327 0.102742
1.323 3.620240 0.102521
1.324 3.620154 0.102300
1.325 3.620068 0.102079
1.326 3.619984 0.101892
1.327 3.619902 0.101717
1.328 3.619819 0.101542
1.329 3.619736 0.101367
1.330 3.619653 0.101191
1.331 3.619570 0.101016
1.332 3.619488 0.100841
1.333 3.619407 0.100672
1.334 3.619327 0.100506
1.335 3.619247 0.100341
1.336 3.619168 0.100175
1.337 3.619088 0.100010
1.338 3.619008 0.099844
1.339 3.618929 0.099679
1.340 3.618847 0.099500
1.341 3.618764 0.099302
1.342 3.618681 0.099105
1.343 3.618598 0.098908
1.344 3.618515 0.098710
1.345 3.618432 0.098513
1.346 3.618349 0.098315
1.347 3.618266 0.098118
1.348 3.618185 0.097923
1.349 3.618105 0.097728
1.350 3.618024 0.097532
1.351 3.617943 0.097337
1.352 3.617863 0.097142
1.353 3.617782 0.096946
1.354 3.617701 0.096751
1.355 3.617624 0.096544
1.356 3.617547 0.096334
1.357 3.617471 0.096123
1.358 3.617394 0.095913
1.359 3.617318 0.095703
1.360 3.617241 0.095493
1.361 3.617164 0.095283
1.362 3.617089 0.095078
1.363 3.617017 0.094881
1.364 3.616945 0.094685
1.365 3.616873 0.094488
1.366 3.616801 0.094292
1.367 3.616729 0.094095
1.368 3.616657 0.093899
1.369 3.616585 0.093702
1.370 3.616516 0.093539
1.371 3.616449 0.093381
1.372 3.616381 0.093223
1.373 3.616314 0.093065
1.374 3.616246 0.092907
1.375 3.616179 0.092749
1.376 3.616111 0.092591
1.377 3.616045 0.092418
1.378 3.615983 0.092204
1.379 3.615921 0.091991
1.380 3.615859 0.091777
1.381 3.615797 0.091563
1.382 3.615735 0.091349
1.383 3.615673 0.091136
1.384 3.615611 0.090922
1.385 3.615553 0.090731
1.386 3.615498 0.090556
1.387 3.615443 0.090382
1.388 3.615388 0.090207
1.389 3.615333 0.090033
1.390 3.615279 0.089858
1.391 3.615224 0.089684
1.392 3.615169 0.089509
1.393 3.615121 0.089315
1.394 3.615074 0.089117
1.395 3.615027 0.088918
1.396 3.614980 0.088720
1.397 3.614933 0.088522
1.398 3.614887 0.088323
1.399 3.614840 0.088125
1.400 3.614793 0.087927
1.401 3.614764 0.087702
1.402 3.614735 0.087476
1.403 3.614707 0.087251
1.404 3.614678 0.087025
1.405 3.614649 0.086799
1.406 3.614621 0.086574
1.407 3.614592 0.086348
1.408 3.614564 0.086122
1.409 3.614547 0.085878
1.410 3.614530 0.085633
1.411 3.614512 0.085389
1.412 3.614495 0.085145
1.413 3.614478 0.084901
1.414 3.614461 0.084656
1.415 3.614444 0.084412
1.416 3.614426 0.084168
1.417 3.614422 0.083845
1.418 3.614418 0.083521
1.419 3.614414 0.083197
1.420 3.614410 0.082873
1.421 3.614407 0.082549
1.422 3.614403 0.082225
1.423 3.614399 0.081901
1.424 3.614395 0.081577
1.425 3.614417 0.081296
1.426 3.614443 0.081023
1.427 3.614469 0.080751
1.428 3.614495 0.080478
1.429 3.614522 0.080205
1.430 3.614548 0.079932
1.431 3.614574 0.079660
1.432 3.614600 0.079387
1.433 3.614647 0.079120
1.434 3.614707 0.078856
1.435 3.614766 0.078592
1.436 3.614825 0.078328
1.437 3.614885 0.078065
1.438 3.614944 0.077801
1.439 3.615004 0.077537
1.440 3.615063 0.077273
1.441 3.615133 0.076995
1.442 3.615229 0.076688
1.443 3.615324 0.076380
1.444 3.615419 0.076072
1.445 3.615514 0.075764
1.446 3.615610 0.075456
1.447 3.615705 0.075148
1.448 3.615800 0.074840
1.449 3.615895 0.074532
1.450 3.616034 0.074243
1.451 3.616178 0.073955
1.452 3.616322 0.073668
1.453 3.616466 0.073381
1.454 3.616610 0.073093
1.455 3.616754 0.072806
1.456 3.616898 0.072518
1.457 3.617042 0.072231
1.458 3.617209 0.071905
1.459 3.617412 0.071516
1.460 3.617616 0.071127
1.461 3.617819 0.070739
1.462 3.618023 0.070350
1.463 3.618227 0.069961
1.464 3.618430 0.069573
1.465 3.618634 0.069184
1.466 3.618838 0.068795
1.467 3.619094 0.068410
1.468 3.619365 0.068026
1.469 3.619637 0.067642
1.470 3.619908 0.067258
1.471 3.620180 0.066874
1.472 3.620452 0.066489
1.473 3.620723 0.066105
1.474 3.620995 0.065721
1.475 3.621271 0.065335
1.476 3.621628 0.064917
1.477 3.621986 0.064499
1.478 3.622343 0.064080
1.479 3.622700 0.063662
1.480 3.623058 0.063244
1.481 3.623415 0.062826
1.482 3.623772 0.062407
1.483 3.624129 0.061989
1.484 3.624507 0.061556
1.485 3.624948 0.061072
1.486 3.625389 0.060589
1.487 3.625831 0.060106
1.488 3.626272 0.059623
1.489 3.626713 0.059139
1.490 3.627155 0.058656
1.491 3.627596 0.058173
1.492 3.628038 0.057689
1.493 3.628468 0.057184
1.494 3.628872 0.056630
1.495 3.629277 0.056076
1.496 3.629682 0.055522
1.497 3.630087 0.054968
1.498 3.630492 0.054414
1.499 3.630897 0.053860
1.500 3.631302 0.053307
1.501 3.631707 0.052753
1.502 3.632088 0.052184
1.503 3.632408 0.051577
1.504 3.632728 0.050970
1.505 3.633048 0.050363
1.506 3.633367 0.049756
1.507 3.633687 0.049149
1.508 3.634007 0.048542
1.509 3.634327 0.047935
1.510 3.634647 0.047329
1.511 3.634944 0.046704
1.512 3.635094 0.045960
1.513 3.635243 0.045216
1.514 3.635392 0.044472
1.515 3.635542 0.043728
1.516 3.635691 0.042984
1.517 3.635841 0.042240
1.518 3.635990 0.041496
1.519 3.636139 0.040752
1.520 3.636289 0.040008
1.521 3.635924 0.039201
1.522 3.635484 0.038386
1.523 3.635045 0.037571
1.524 3.634605 0.036755
1.525 3.634166 0.035940
1.526 3.633726 0.035124
1.527 3.633287 0.034309
1.528 3.632848 0.033493
1.529 3.632408 0.032678
1.530 3.631969 0.031862
1.531 3.631529 0.031047
1.532 3.631090 0.030232
1.533 3.630650 0.029416
1.534 3.630211 0.028601
1.535 3.629771 0.027785
1.536 3.629332 0.026970
1.537 3.628893 0.026154
1.538 3.628453 0.025339
1.539 3.628014 0.024524
1.540 3.627574 0.023708
1.541 3.626957 0.023246
1.542 3.626311 0.022838
1.543 3.625666 0.022431
1.544 3.625021 0.022023
1.545 3.624376 0.021616
1.546 3.623730 0.021209
1.547 3.623085 0.020801
1.548 3.622440 0.020394
1.549 3.621794 0.019986
1.550 3.621149 0.019579
1.551 3.620504 0.019171
1.552 3.619859 0.018764
1.553 3.619213 0.018356
1.554 3.618568 0.017949
1.555 3.617923 0.017541
1.556 3.617278 0.017134
1.557 3.616632 0.016726
1.558 3.615987 0.016319
1.559 3.615342 0.015911
1.560 3.614697 0.015504
1.561 3.614062 0.015147
1.562 3.613450 0.014897
1.563 3.612838 0.014646
1.564 3.612225 0.014396
1.565 3.611613 0.014145
1.566 3.611001 0.013894
1.567 3.610389 0.013644
1.568 3.609776 0.013393
1.569 3.609164 0.013143
1.570 3.608552 0.012892
1.571 3.607940 0.012642
1.572 3.607328 0.012391
1.573 3.606715 0.012140
1.574 3.606103 0.011890
1.575 3.605491 0.011639
1.576 3.604879 0.011389
1.577 3.604266 0.011138
1.578 3.603654 0.010888
1.579 3.603042 0.010637
1.580 3.602430 0.010386
1.581 3.601818 0.010136
1.582 3.601217 0.009902
1.583 3.600657 0.009723
1.584 3.600097 0.009545
1.585 3.599537 0.009366
1.586 3.598978 0.009188
1.587 3.598418 0.009009
1.588 3.597858 0.008831
1.589 3.597298 0.008652
1.590 3.596738 0.008474
1.591 3.596178 0.008296
1.592 3.595618 0.008117
1.593 3.595058 0.007939
1.594 3.594499 0.007760
1.595 3.593939 0.007582
1.596 3.593379 0.007403
1.597 3.592819 0.007225
1.598 3.592259 0.007046
1.599 3.591699 0.006868
1.600 3.591139 0.006690
1.601 3.590579 0.006511
1.602 3.590019 0.006333
1.603 3.589460 0.006154
1.604 3.588904 0.006009
1.605 3.588351 0.005890
1.606 3.587799 0.005771
1.607 3.587246 0.005652
1.608 3.586694 0.005533
1.609 3.586141 0.005414
1.610 3.585589 0.005296
1.611 3.585036 0.005177
1.612 3.584484 0.005058
1.613 3.583931 0.004939
1.614 3.583379 0.004820
1.615 3.582826 0.004701
1.616 3.582274 0.004583
1.617 3.581721 0.004464
1.618 3.581169 0.004345
1.619 3.580616 0.004226
1.620 3.580064 0.004107
1.621 3.579512 0.003988
1.622 3.578959 0.003870
1.623 3.578407 0.003751
1.624 3.577854 0.003632
1.625 3.577302 0.003513
1.626 3.576755 0.003413
1.627 3.576225 0.003361
1.628 3.575694 0.003309
1.629 3.575163 0.003257
1.630 3.574633 0.003206
1.631 3.574102 0.003154
1.632 3.573572 0.003102
1.633 3.573041 0.003051
1.634 3.572511 0.002999
1.635 3.571980 0.002947
1.636 3.571450 0.002895
1.637 3.570919 0.002844
1.638 3.570389 0.002792
1.639 3.569858 0.002740
1.640 3.569327 0.002689
1.641 3.568797 0.002637
1.642 3.568266 0.002585
1.643 3.567736 0.002534
1.644 3.567205 0.002482
1.645 3.566675 0.002430
1.646 3.566144 0.002378
1.647 3.565614 0.002327
1.648 3.565083 0.002275
1.649 3.564567 0.002228
1.650 3.564076 0.002189
1.651 3.563584 0.002150
1.652 3.563093 0.002111
1.653 3.562602 0.002072
1.654 3.562110 0.002033
1.655 3.561619 0.001994
1.656 3.561128 0.001955
1.657 3.560636 0.001916
1.658 3.560145 0.001877
1.659 3.559654 0.001838
1.660 3.559162 0.001799
1.661 3.558671 0.001760
1.662 3.558180 0.001721
1.663 3.557688 0.001682
1.664 3.557197 0.001643
1.665 3.556705 0.001604
1.666 3.556214 0.001565
1.667 3.555723 0.001526
1.668 3.555231 0.001487
1.669 3.554740 0.001448
1.670 3.554249 0.001409
1.671 3.553757 0.001370
1.672 3.553266 0.001331
1.673 3.552807 0.001315
1.674 3.552355 0.001305
1.675 3.551903 0.001294
1.676 3.551451 0.001284
1.677 3.550999 0.001273
1.678 3.550547 0.001262
1.679 3.550095 0.001252
1.680 3.549643 0.001241
1.681 3.549191 0.001230
1.682 3.548739 0.001220
1.683 3.548287 0.001209
1.684 3.547835 0.001199
1.685 3.547383 0.001188
1.686 3.546931 0.001177
1.687 3.546479 0.001167
1.688 3.546027 0.001156
1.689 3.545575 0.001146
1.690 3.545123 0.001135
1.691 3.544671 0.001124
1.692 3.544219 0.001114
1.693 3.543767 0.001103
1.694 3.543315 0.001093
1.695 3.542863 0.001082
1.696 3.542412 0.001071
1.697 3.541982 0.001060
1.698 3.541570 0.001049
1.699 3.541158 0.001038
1.700 3.540746 0.001026
1.701 3.540334 0.001015
1.702 3.539922 0.001004
1.703 3.539510 0.000992
1.704 3.539098 0.000981
1.705 3.538686 0.000970
1.706 3.538274 0.000958
1.707 3.537862 0.000947
1.708 3.537450 0.000936
1.709 3.537038 0.000924
1.710 3.536626 0.000913
1.711 3.536214 0.000902
1.712 3.535802 0.000890
1.713 3.535390 0.000879
1.714 3.534979 0.000868
1.715 3.534567 0.000856
1.716 3.534155 0.000845
1.717 3.533743 0.000834
1.718 3.533331 0.000822
1.719 3.532919 0.000811
1.720 3.532507 0.000800
1.721 3.532095 0.000788
1.722 3.531702 0.000779
1.723 3.531322 0.000770
1.724 3.530943 0.000761
1.725 3.530563 0.000752
1.726 3.530183 0.000743
1.727 3.529803 0.000734
1.728 3.529423 0.000725
1.729 3.529044 0.000717
1.730 3.528664 0.000708
1.731 3.528284 0.000699
1.732 3.527904 0.000690
1.733 3.527524 0.000681
1.734 3.527145 0.000672
1.735 3.526765 0.000663
1.736 3.526385 0.000655
1.737 3.526005 0.000646
1.738 3.525625 0.000637
1.739 3.525246 0.000628
1.740 3.524866 0.000619
1.741 3.524486 0.000610
1.742 3.524106 0.000601
1.743 3.523726 0.000593
1.744 3.523346 0.000584
1.745 3.522967 0.000575
1.746 3.522587 0.000566
1.747 3.522207 0.000557
1.748 3.521852 0.000557
1.749 3.521499 0.000558
1.750 3.521147 0.000559
1.751 3.520794 0.000559
1.752 3.520442 0.000560
1.753 3.520090 0.000561
1.754 3.519737 0.000562
1.755 3.519385 0.000563
1.756 3.519032 0.000563
1.757 3.518680 0.000564
1.758 3.518327 0.000565
1.759 3.517975 0.000566
1.760 3.517622 0.000566
1.761 3.517270 0.000567
1.762 3.516917 0.000568
1.763 3.516565 0.000569
1.764 3.516212 0.000570
1.765 3.515860 0.000570
1.766 3.515507 0.000571
1.767 3.515155 0.000572
1.768 3.514802 0.000573
1.769 3.514450 0.000573
1.770 3.514097 0.000574
1.771 3.513745 0.000575
1.772 3.513392 0.000576
1.773 3.513040 0.000577
1.774 3.512696 0.000574
1.775 3.512365 0.000567
1.776 3.512034 0.000560
1.777 3.511703 0.000553
1.778 3.511371 0.000546
1.779 3.511040 0.000539
1.780 3.510709 0.000532
1.781 3.510378 0.000525
1.782 3.510047 0.000518
1.783 3.509716 0.000511
1.784 3.509384 0.000504
1.785 3.509053 0.000497
1.786 3.508722 0.000490
1.787 3.508391 0.000483
1.788 3.508060 0.000476
1.789 3.507729 0.000469
1.790 3.507397 0.000462
1.791 3.507066 0.000455
1.792 3.506735 0.000448
1.793 3.506404 0.000441
1.794 3.506073 0.000434
1.795 3.505742 0.000427
1.796 3.505410 0.000420
1.797 3.505079 0.000413
1.798 3.504748 0.000406
1.799 3.504417 0.000399
1.800 3.504086 0.000392
1.801 NaN NaN
1.802 NaN NaN
1.803 NaN NaN
1.804 NaN NaN
1.805 NaN NaN
1.806 NaN NaN
1.807 NaN NaN
1.808 NaN NaN
1.809 NaN NaN
1.810 NaN NaN
1.811 NaN NaN
1.812 NaN NaN
1.813 NaN NaN
1.814 NaN NaN
1.815 NaN NaN
1.816 NaN NaN
1.817 NaN NaN
1.818 NaN NaN
1.819 NaN NaN
1.820 NaN NaN
1.821 NaN NaN
1.822 NaN NaN
1.823 NaN NaN
1.824 NaN NaN
1.825 NaN NaN
1.826 NaN NaN
1.827 NaN NaN
1.828 NaN NaN
1.829 NaN NaN
1.830 NaN NaN
1.831 NaN NaN
1.832 NaN NaN
1.833 NaN NaN
1.834 NaN NaN
1.835 NaN NaN
1.836 NaN NaN
1.837 NaN NaN
1.838 NaN NaN
1.839 NaN NaN
1.840 NaN NaN
1.841 NaN NaN
1.842 NaN NaN
1.843 NaN NaN
1.844 NaN NaN
1.845 NaN NaN
1.846 NaN NaN
1.847 NaN NaN
1.848 NaN NaN
1.849 NaN NaN
1.850 NaN NaN
1.851 NaN NaN
1.852 NaN NaN
1.853 NaN NaN
1.854 NaN NaN
1.855 NaN NaN
1.856 NaN NaN
1.857 NaN NaN
1.858 NaN NaN
1.859 NaN NaN
1.860 NaN NaN
1.861 NaN NaN
1.862 NaN NaN
1.863 NaN NaN
1.864 NaN NaN
1.865 NaN NaN
1.866 NaN NaN
1.867 NaN NaN
1.868 NaN NaN
1.869 NaN NaN
1.870 NaN NaN
1.871 NaN NaN
1.872 NaN NaN
1.873 NaN NaN
1.874 NaN NaN
1.875 NaN NaN
1.876 NaN NaN
1.877 NaN NaN
1.878 NaN NaN
1.879 NaN NaN
1.880 NaN NaN
1.881 NaN NaN
1.882 NaN NaN
1.883 NaN NaN
1.884 NaN NaN
1.885 NaN NaN
1.886 NaN NaN
1.887 NaN NaN
1.888 NaN NaN
1.889 NaN NaN
1.890 NaN NaN
1.891 NaN NaN
1.892 NaN NaN
1.893 NaN NaN
1.894 NaN NaN
1.895 NaN NaN
1.896 NaN NaN
1.897 NaN NaN
1.898 NaN NaN
1.899 NaN NaN
1.900 NaN NaN
1.901 NaN NaN
1.902 NaN NaN
1.903 NaN NaN
1.904 NaN NaN
1.905 NaN NaN
1.906 NaN NaN
1.907 NaN NaN
1.908 NaN NaN
1.909 NaN NaN
1.910 NaN NaN
1.911 NaN NaN
1.912 NaN NaN
1.913 NaN NaN
1.914 NaN NaN
1.915 NaN NaN
1.916 NaN NaN
1.917 NaN NaN
1.918 NaN NaN
1.919 NaN NaN
1.920 NaN NaN
1.921 NaN NaN
1.922 NaN NaN
1.923 NaN NaN
1.924 NaN NaN
1.925 NaN NaN
1.926 NaN NaN
1.927 NaN NaN
1.928 NaN NaN
1.929 NaN NaN
1.930 NaN NaN
1.931 NaN NaN
1.932 NaN NaN
1.933 NaN NaN
1.934 NaN NaN
1.935 NaN NaN
1.936 NaN NaN
1.937 NaN NaN
1.938 NaN NaN
1.939 NaN NaN
1.940 NaN NaN
1.941 NaN NaN
1.942 NaN NaN
1.943 NaN NaN
1.944 NaN NaN
1.945 NaN NaN
1.946 NaN NaN
1.947 NaN NaN
1.948 NaN NaN
1.949 NaN NaN
1.950 NaN NaN