0.253 1.854174 3.172141
0.254 1.895568 3.195624
0.255 1.929869 3.212091
0.256 1.964618 3.227235
0.257 2.004708 3.242295
0.258 2.046563 3.257319
0.259 2.087356 3.272295
0.260 2.125927 3.287204
0.261 2.172974 3.301994
0.262 2.214869 3.316624
0.263 2.258780 3.322342
0.264 2.305768 3.335659
0.265 2.353126 3.338419
0.266 2.407351 3.344444
0.267 2.456848 3.345427
0.268 2.503787 3.343811
0.269 2.553597 3.341704
0.270 2.605761 3.339115
0.271 2.655273 3.327726
0.272 2.706336 3.317095
0.273 2.755160 3.308692
0.274 2.805040 3.291890
0.275 2.852856 3.274629
0.276 2.901962 3.257353
0.277 2.945634 3.237256
0.278 2.988250 3.213925
0.279 3.030490 3.185783
0.280 3.072401 3.161434
0.281 3.113972 3.134158
0.282 3.149892 3.104207
0.283 3.185909 3.066095
0.284 3.218453 3.035338
0.285 3.250173 3.004939
0.286 3.277435 2.967601
0.287 3.303971 2.930959
0.288 3.330397 2.897679
0.289 3.351242 2.862213
0.290 3.372706 2.825157
0.291 3.390717 2.791655
0.292 3.408863 2.758149
0.293 3.421792 2.719167
0.294 3.434406 2.684041
0.295 3.446931 2.648015
0.296 3.455976 2.615746
0.297 3.462780 2.582831
0.298 3.466082 2.553699
0.299 3.473163 2.519452
0.300 3.480639 2.491616
0.301 3.482086 2.456547
0.302 3.481681 2.429298
0.303 3.481081 2.402703
0.304 3.480473 2.376437
0.305 3.479881 2.350289
0.306 3.479305 2.324551
0.307 3.475976 2.306923
0.308 3.469431 2.281962
0.309 3.467984 2.264477
0.310 3.459147 2.240123
0.311 3.457699 2.219939
0.312 3.449350 2.198648
0.313 3.447368 2.184193
0.314 3.442180 2.166738
0.315 3.436919 2.149532
0.316 3.427475 2.136324
0.317 3.423025 2.123739
0.318 3.417014 2.111243
0.319 3.414897 2.098805
0.320 3.406965 2.086419
0.321 3.401262 2.074083
0.322 3.396148 2.061793
0.323 3.387246 2.049552
0.324 3.383003 2.040212
0.325 3.376229 2.034017
0.326 3.368572 2.023151
0.327 3.365908 2.018642
0.328 3.362161 2.007935
0.329 3.356096 2.001255
0.330 3.348122 1.993301
0.331 3.345654 1.990416
0.332 3.342434 1.981889
0.333 3.335888 1.976765
0.334 3.335122 1.972081
0.335 3.326709 1.970894
0.336 3.325451 1.962704
0.337 3.321267 1.961989
0.338 3.315846 1.956362
0.339 3.315072 1.952729
0.340 3.306320 1.952299
0.341 3.305474 1.950037
0.342 3.304832 1.943398
0.343 3.299231 1.942831
0.344 3.295804 1.942633
0.345 3.294957 1.942639
0.346 3.294720 1.942664
0.347 3.294602 1.942692
0.348 3.289762 1.937996
0.349 3.285460 1.933836
0.350 3.284840 1.933354
0.351 3.284604 1.933254
0.352 3.284503 1.933289
0.353 3.284413 1.933331
0.354 3.284327 1.933376
0.355 3.284246 1.933424
0.356 3.284169 1.933474
0.357 3.284096 1.933526
0.358 3.284025 1.933580
0.359 3.283959 1.933636
0.360 3.283899 1.933697
0.361 3.283841 1.938640
0.362 3.283786 1.942554
0.363 3.283734 1.943238
0.364 3.283687 1.943532
0.365 3.283642 1.943602
0.366 3.283601 1.943675
0.367 3.286422 1.943749
0.368 3.292157 1.943827
0.369 3.292841 1.948618
0.370 3.293029 1.952685
0.371 3.293026 1.953354
0.372 3.299964 1.953739
0.373 3.301895 1.953827
0.374 3.302432 1.953919
0.375 3.302527 1.955506
0.376 3.305159 1.962329
0.377 3.311069 1.963347
0.378 3.311697 1.963803
0.379 3.316425 1.964061
0.380 3.320842 1.969224
0.381 3.321343 1.972955
0.382 3.327632 1.973617
0.383 3.330482 1.973966
0.384 3.331531 1.974532
0.385 3.338334 1.981242
0.386 3.340292 1.983286
0.387 3.342265 1.983870
0.388 3.348858 1.986095
0.389 3.351696 1.992866
0.390 3.358672 1.993397
0.391 3.359732 1.993997
0.392 3.363218 1.997294
0.393 3.368737 2.002774
0.394 3.373210 2.003544
0.395 3.378578 2.004183
0.396 3.383649 2.008806
0.397 3.388396 2.013114
0.398 3.394007 2.013827
0.399 3.398202 2.019392
0.400 3.404213 2.023182
0.401 3.413439 2.023946
0.402 3.417166 2.030234
0.403 3.424157 2.033191
0.404 3.427432 2.034244
0.405 3.434238 2.040741
0.406 3.443416 2.043683
0.407 3.452890 2.050466
0.408 3.456553 2.053193
0.409 3.463644 2.053866
0.410 3.472750 2.060481
0.411 3.482215 2.063254
0.412 3.485661 2.070188
0.413 3.492764 2.073272
0.414 3.501931 2.079996
0.415 3.511200 2.083286
0.416 3.520848 2.090034
0.417 3.536222 2.093224
0.418 3.548446 2.099862
0.419 3.558578 2.103249
0.420 3.568454 2.109350
0.421 3.583301 2.113096
0.422 3.596177 2.118801
0.423 3.611319 2.122563
0.424 3.629462 2.128236
0.425 3.643098 2.132314
0.426 3.657755 2.133130
0.427 3.675887 2.133761
0.428 3.694038 2.134052
0.429 3.712522 2.134248
0.430 3.731028 2.131074
0.431 3.752164 2.126104
0.432 3.776410 2.123600
0.433 3.795187 2.115247
0.434 3.814067 2.106902
0.435 3.830744 2.098198
0.436 3.843443 2.087779
0.437 3.860232 2.072257
0.438 3.871285 2.063028
0.439 3.886477 2.053063
0.440 3.897981 2.037796
0.441 3.907035 2.026708
0.442 3.911472 2.012491
0.443 3.917876 2.000604
0.444 3.921889 1.991168
0.445 3.922667 1.978357
0.446 3.926848 1.965222
0.447 3.931944 1.959033
0.448 3.932886 1.955565
0.449 3.933650 1.947081
0.450 3.934159 1.940790
0.451 3.934467 1.939087
0.452 3.934778 1.938563
0.453 3.935096 1.938484
0.454 3.935430 1.938720
0.455 3.935784 1.939000
0.456 3.940559 1.943689
0.457 3.945149 1.948185
0.458 3.948535 1.951463
0.459 3.957093 1.959885
0.460 3.963682 1.968189
0.461 3.966636 1.976754
0.462 3.981677 1.984971
0.463 3.992667 1.988467
0.464 4.006620 1.994493
0.465 4.023587 2.002824
0.466 4.040659 2.011118
0.467 4.057965 2.019618
0.468 4.077201 2.028247
0.469 4.102104 2.035533
0.470 4.127188 2.038604
0.471 4.152610 2.044313
0.472 4.178303 2.047280
0.473 4.208953 2.048012
0.474 4.241647 2.044749
0.475 4.274620 2.038390
0.476 4.307749 2.030932
0.477 4.340831 2.023014
0.478 4.373831 2.009898
0.479 4.406741 1.994622
0.480 4.437668 1.976848
0.481 4.464405 1.954378
0.482 4.495600 1.930730
0.483 4.523551 1.906871
0.484 4.549061 1.879659
0.485 4.572341 1.848689
0.486 4.591124 1.816714
0.487 4.608454 1.784510
0.488 4.625233 1.752084
0.489 4.639398 1.719464
0.490 4.650911 1.686729
0.491 4.663635 1.653946
0.492 4.671379 1.621172
0.493 4.674642 1.588476
0.494 4.679215 1.556143
0.495 4.680884 1.525015
0.496 4.680629 1.497138
0.497 4.680179 1.468552
0.498 4.676731 1.439968
0.499 4.671812 1.414915
0.500 4.668186 1.390480
0.501 4.662416 1.366134
0.502 4.654683 1.341913
0.503 4.647206 1.317889
0.504 4.641840 1.294255
0.505 4.638157 1.272262
0.506 4.632144 1.252725
0.507 4.624183 1.232883
0.508 4.616222 1.212683
0.509 4.608152 1.196620
0.510 4.599825 1.180627
0.511 4.590854 1.164687
0.512 4.579159 1.148812
0.513 4.567050 1.133165
0.514 4.559167 1.117812
0.515 4.551299 1.102491
0.516 4.543444 1.093209
0.517 4.535604 1.080220
0.518 4.527779 1.068415
0.519 4.519969 1.057237
0.520 4.512175 1.044612
0.521 4.504396 1.033634
0.522 4.496633 1.022378
0.523 4.488885 1.009771
0.524 4.481152 1.001242
0.525 4.473436 0.993151
0.526 4.465734 0.984462
0.527 4.458051 0.975531
0.528 4.450514 0.967018
0.529 4.443223 0.958635
0.530 4.435961 0.950675
0.531 4.431613 0.942974
0.532 4.428388 0.935328
0.533 4.421863 0.927826
0.534 4.414290 0.920689
0.535 4.406734 0.913808
0.536 4.399389 0.906989
0.537 4.392233 0.900316
0.538 4.385385 0.894003
0.539 4.381176 0.887902
0.540 4.378516 0.881820
0.541 4.371408 0.875763
0.542 4.364297 0.869754
0.543 4.357333 0.863797
0.544 4.352723 0.858125
0.545 4.348993 0.852715
0.546 4.344219 0.847451
0.547 4.337498 0.842205
0.548 4.331756 0.836982
0.549 4.329790 0.831800
0.550 4.324475 0.826634
0.551 4.317577 0.821786
0.552 4.312109 0.817145
0.553 4.310703 0.812130
0.554 4.305146 0.807546
0.555 4.301689 0.803081
0.556 4.297966 0.798657
0.557 4.292877 0.794250
0.558 4.286308 0.789866
0.559 4.281883 0.785523
0.560 4.279032 0.781330
0.561 4.275036 0.777342
0.562 4.270619 0.773406
0.563 4.269214 0.769176
0.564 4.262928 0.765462
0.565 4.260565 0.761382
0.566 4.257577 0.757383
0.567 4.251698 0.753747
0.568 4.250440 0.750136
0.569 4.245716 0.746533
0.570 4.241936 0.742940
0.571 4.239315 0.739355
0.572 4.234648 0.735779
0.573 4.231516 0.732212
0.574 4.228111 0.728652
0.575 4.224342 0.725104
0.576 4.220625 0.721582
0.577 4.217691 0.718091
0.578 4.214138 0.714714
0.579 4.210726 0.711467
0.580 4.210159 0.708380
0.581 4.208293 0.704977
0.582 4.204685 0.701583
0.583 4.199924 0.698304
0.584 4.198358 0.695368
0.585 4.193741 0.692133
0.586 4.189817 0.688981
0.587 4.188889 0.686149
0.588 4.183132 0.683307
0.589 4.180411 0.680163
0.590 4.179924 0.676913
0.591 4.179527 0.674128
0.592 4.174725 0.671335
0.593 4.170623 0.668545
0.594 4.169884 0.665764
0.595 4.169452 0.662503
0.596 4.166381 0.659472
0.597 4.161226 0.656684
0.598 4.160091 0.653955
0.599 4.159350 0.651231
0.600 4.157874 0.648512
0.601 4.152520 0.645799
0.602 4.150101 0.643091
0.603 4.147705 0.640392
0.604 4.142753 0.637704
0.605 4.140582 0.635041
0.606 4.139426 0.632386
0.607 4.139005 0.629734
0.608 4.134853 0.627454
0.609 4.131215 0.625118
0.610 4.129626 0.622570
0.611 4.129056 0.619938
0.612 4.127116 0.617301
0.613 4.122440 0.614682
0.614 4.120590 0.612068
0.615 4.119555 0.609601
0.616 4.119137 0.607439
0.617 4.118741 0.605012
0.618 4.117158 0.602492
0.619 4.112220 0.599900
0.620 4.109931 0.597648
0.621 4.108826 0.595464
0.622 4.108460 0.592968
0.623 4.105146 0.590435
0.624 4.100130 0.587901
0.625 4.099207 0.585851
0.626 4.098559 0.583588
0.627 4.098223 0.581083
0.628 4.093375 0.579019
0.629 4.089461 0.576864
0.630 4.089141 0.574355
0.631 4.088746 0.572198
0.632 4.088285 0.570150
0.633 4.087475 0.567690
0.634 4.084746 0.565433
0.635 4.079906 0.563399
0.636 4.078939 0.561053
0.637 4.078607 0.558730
0.638 4.078161 0.556683
0.639 4.076994 0.554474
0.640 4.075309 0.552149
0.641 4.071460 0.550188
0.642 4.068444 0.548205
0.643 4.068005 0.546098
0.644 4.066330 0.543921
0.645 4.063870 0.541699
0.646 4.060952 0.539765
0.647 4.058666 0.537786
0.648 4.058325 0.535614
0.649 4.057968 0.533486
0.650 4.057597 0.531391
0.651 4.054393 0.529471
0.652 4.051038 0.527580
0.653 4.049362 0.525696
0.654 4.048254 0.523642
0.655 4.047886 0.521366
0.656 4.047566 0.519340
0.657 4.047266 0.517419
0.658 4.042424 0.515557
0.659 4.038497 0.513696
0.660 4.038224 0.511829
0.661 4.037892 0.509932
0.662 4.037492 0.508001
0.663 4.036325 0.505867
0.664 4.034836 0.503647
0.665 4.031407 0.501799
0.666 4.028335 0.499980
0.667 4.028187 0.498165
0.668 4.027979 0.496353
0.669 4.027662 0.494545
0.670 4.027337 0.492740
0.671 4.027004 0.490937
0.672 4.024208 0.489139
0.673 4.020534 0.487341
0.674 4.018988 0.485549
0.675 4.017720 0.483758
0.676 4.017364 0.481973
0.677 4.016940 0.480188
0.678 4.016301 0.478408
0.679 4.014253 0.476630
0.680 4.009982 0.474855
0.681 4.007807 0.473083
0.682 4.007526 0.471313
0.683 4.007201 0.469547
0.684 4.006851 0.467784
0.685 4.004672 0.466024
0.686 4.001944 0.464266
0.687 3.999875 0.462513
0.688 3.997900 0.460760
0.689 3.997629 0.459012
0.690 3.997402 0.457265
0.691 3.997063 0.455524
0.692 3.996678 0.453783
0.693 3.995991 0.452048
0.694 3.994657 0.450318
0.695 3.990643 0.448606
0.696 3.987555 0.446897
0.697 3.987280 0.445198
0.698 3.986995 0.443563
0.699 3.986683 0.442086
0.700 3.985475 0.440596
0.701 3.982362 0.439077
0.702 3.979841 0.437498
0.703 3.978474 0.435804
0.704 3.977499 0.434116
0.705 3.977256 0.432438
0.706 3.976980 0.430782
0.707 3.976639 0.429167
0.708 3.975893 0.427644
0.709 3.974329 0.426305
0.710 3.972378 0.424866
0.711 3.969550 0.423199
0.712 3.967428 0.421533
0.713 3.967239 0.419871
0.714 3.967024 0.418287
0.715 3.966718 0.416980
0.716 3.966411 0.415630
0.717 3.966089 0.414046
0.718 3.965450 0.412463
0.719 3.961367 0.410898
0.720 3.957284 0.409333
0.721 3.957026 0.408010
0.722 3.956769 0.406687
0.723 3.956497 0.405083
0.724 3.956223 0.403448
0.725 3.953609 0.402063
0.726 3.950385 0.400744
0.727 3.948681 0.399283
0.728 3.947723 0.397752
0.729 3.947156 0.396214
0.730 3.946928 0.394670
0.731 3.946672 0.393230
0.732 3.946374 0.391952
0.733 3.945589 0.390652
0.734 3.943174 0.389279
0.735 3.940804 0.387902
0.736 3.939136 0.386471
0.737 3.937469 0.385040
0.738 3.937072 0.383808
0.739 3.936861 0.382606
0.740 3.936586 0.381202
0.741 3.936281 0.379701
0.742 3.935260 0.378302
0.743 3.933410 0.377019
0.744 3.931491 0.375727
0.745 3.929352 0.374406
0.746 3.927213 0.373085
0.747 3.927009 0.371639
0.748 3.926805 0.370194
0.749 3.926532 0.368941
0.750 3.926235 0.367754
0.751 3.925345 0.366457
0.752 3.923823 0.365043
0.753 3.922102 0.363649
0.754 3.919608 0.362337
0.755 3.917114 0.361024
0.756 3.916640 0.359788
0.757 3.916362 0.358559
0.758 3.915924 0.357394
0.759 3.915383 0.356270
0.760 3.914058 0.355068
0.761 3.910754 0.353664
0.762 3.907451 0.352261
0.763 3.907114 0.350962
0.764 3.906938 0.349669
0.765 3.906703 0.348426
0.766 3.906428 0.347216
0.767 3.906069 0.346032
0.768 3.905436 0.344929
0.769 3.904803 0.343825
0.770 3.902055 0.342505
0.771 3.898949 0.341147
0.772 3.897194 0.339928
0.773 3.897010 0.338869
0.774 3.896822 0.337811
0.775 3.896544 0.336764
0.776 3.896267 0.335717
0.777 3.895577 0.334461
0.778 3.894645 0.333081
0.779 3.893378 0.331766
0.780 3.890688 0.330727
0.781 3.887998 0.329688
0.782 3.887159 0.328644
0.783 3.886983 0.327599
0.784 3.886782 0.326548
0.785 3.886513 0.325485
0.786 3.886243 0.324422
0.787 3.885051 0.323155
0.788 3.883600 0.321831
0.789 3.881969 0.320594
0.790 3.879877 0.319581
0.791 3.877785 0.318567
0.792 3.877151 0.317557
0.793 3.876973 0.316547
0.794 3.876779 0.315537
0.795 3.876527 0.314531
0.796 3.876276 0.313524
0.797 3.874732 0.312511
0.798 3.872577 0.311495
0.799 3.870515 0.310479
0.800 3.869186 0.309456
0.801 3.867857 0.308434
0.802 3.867127 0.307377
0.803 3.866928 0.306287
0.804 3.866729 0.305198
0.805 3.866524 0.303976
0.806 3.866320 0.302745
0.807 3.865228 0.301593
0.808 3.862201 0.300617
0.809 3.859174 0.299640
0.810 3.857941 0.298671
0.811 3.857549 0.297706
0.812 3.857162 0.296746
0.813 3.856934 0.295958
0.814 3.856706 0.295171
0.815 3.856507 0.294360
0.816 3.856358 0.293509
0.817 3.856210 0.292658
0.818 3.854013 0.291722
0.819 3.850835 0.290746
0.820 3.847657 0.289770
0.821 3.847424 0.288797
0.822 3.847274 0.287824
0.823 3.847100 0.286853
0.824 3.846851 0.285890
0.825 3.846603 0.284927
0.826 3.845866 0.283971
0.827 3.844662 0.283022
0.828 3.843459 0.282073
0.829 3.841640 0.281124
0.830 3.839620 0.280175
0.831 3.837601 0.279226
0.832 3.837385 0.278573
0.833 3.837212 0.277928
0.834 3.837034 0.277228
0.835 3.836833 0.276290
0.836 3.836631 0.275352
0.837 3.835536 0.274413
0.838 3.832909 0.273472
0.839 3.830282 0.272531
0.840 3.828763 0.271750
0.841 3.828206 0.271109
0.842 3.827648 0.270467
0.843 3.827318 0.269631
0.844 3.827093 0.268704
0.845 3.826867 0.267778
0.846 3.826669 0.266857
0.847 3.826476 0.265938
0.848 3.826284 0.265019
0.849 3.823623 0.264359
0.850 3.820747 0.263722
0.851 3.817896 0.263082
0.852 3.817756 0.262169
0.853 3.817616 0.261255
0.854 3.817469 0.260365
0.855 3.817248 0.259740
0.856 3.817027 0.259115
0.857 3.816586 0.258477
0.858 3.814629 0.257750
0.859 3.812672 0.257024
0.860 3.810851 0.256286
0.861 3.809773 0.255485
0.862 3.808696 0.254685
0.863 3.807759 0.253891
0.864 3.807552 0.253136
0.865 3.807345 0.252381
0.866 3.807151 0.251625
0.867 3.807030 0.250867
0.868 3.806910 0.250108
0.869 3.806484 0.249365
0.870 3.803669 0.248755
0.871 3.800854 0.248144
0.872 3.798192 0.247531
0.873 3.798058 0.246876
0.874 3.797924 0.246220
0.875 3.797790 0.245565
0.876 3.797582 0.244813
0.877 3.797374 0.244059
0.878 3.797165 0.243306
0.879 3.795392 0.242790
0.880 3.793407 0.242306
0.881 3.791423 0.241823
0.882 3.790253 0.241137
0.883 3.789343 0.240386
0.884 3.788432 0.239635
0.885 3.787947 0.238953
0.886 3.787729 0.238314
0.887 3.787510 0.237675
0.888 3.787246 0.237064
0.889 3.786926 0.236487
0.890 3.786605 0.235911
0.891 3.785738 0.235325
0.892 3.783315 0.234713
0.893 3.780892 0.234101
0.894 3.778581 0.233491
0.895 3.778479 0.232910
0.896 3.778376 0.232329
0.897 3.778274 0.231747
0.898 3.778086 0.231261
0.899 3.777878 0.230795
0.900 3.777670 0.230330
0.901 3.777514 0.229729
0.902 3.777399 0.229019
0.903 3.777284 0.228308
0.904 3.776495 0.227668
0.905 3.773900 0.227217
0.906 3.771306 0.226765
0.907 3.768711 0.226314
0.908 3.768476 0.225855
0.909 3.768326 0.225396
0.910 3.768176 0.224937
0.911 3.768022 0.224478
0.912 3.767865 0.224020
0.913 3.767708 0.223562
0.914 3.766882 0.223037
0.915 3.764330 0.222341
0.916 3.761779 0.221645
0.917 3.759227 0.220950
0.918 3.758878 0.220483
0.919 3.758778 0.220042
0.920 3.758677 0.219600
0.921 3.758521 0.219160
0.922 3.758310 0.218721
0.923 3.758099 0.218282
0.924 3.757807 0.217842
0.925 3.756303 0.217405
0.926 3.754800 0.216967
0.927 3.753297 0.216529
0.928 3.752078 0.216092
0.929 3.751044 0.215656
0.930 3.750009 0.215220
0.931 3.749090 0.214785
0.932 3.748980 0.214350
0.933 3.748870 0.213916
0.934 3.748760 0.213482
0.935 3.748602 0.213049
0.936 3.748413 0.212619
0.937 3.748225 0.212188
0.938 3.747902 0.211758
0.939 3.746048 0.211337
0.940 3.744193 0.210917
0.941 3.742339 0.210496
0.942 3.741126 0.210079
0.943 3.740506 0.209665
0.944 3.739887 0.209251
0.945 3.739268 0.208837
0.946 3.739099 0.208604
0.947 3.738965 0.208385
0.948 3.738831 0.208166
0.949 3.738692 0.207893
0.950 3.738543 0.207503
0.951 3.738395 0.207113
0.952 3.738246 0.206722
0.953 3.736627 0.206322
0.954 3.734282 0.205916
0.955 3.731937 0.205510
0.956 3.729591 0.205105
0.957 3.729516 0.204830
0.958 3.729448 0.204555
0.959 3.729380 0.204281
0.960 3.729282 0.203994
0.961 3.729111 0.203678
0.962 3.728940 0.203362
0.963 3.728769 0.203046
0.964 3.728641 0.202680
0.965 3.728545 0.202275
0.966 3.728450 0.201870
0.967 3.728354 0.201466
0.968 3.726513 0.201246
0.969 3.724257 0.201070
0.970 3.722000 0.200894
0.971 3.719786 0.200714
0.972 3.719747 0.200302
0.973 3.719707 0.199891
0.974 3.719667 0.199479
0.975 3.719614 0.199111
0.976 3.719509 0.198915
0.977 3.719403 0.198719
0.978 3.719297 0.198523
0.979 3.719136 0.198251
0.980 3.718873 0.197840
0.981 3.718611 0.197429
0.982 3.718348 0.197019
0.983 3.717644 0.196607
0.984 3.716450 0.196194
0.985 3.715257 0.195781
0.986 3.714064 0.195368
0.987 3.713281 0.195004
0.988 3.712813 0.194676
0.989 3.712345 0.194348
0.990 3.711876 0.194021
0.991 3.711455 0.193857
0.992 3.711063 0.193792
0.993 3.710671 0.193727
0.994 3.710278 0.193663
0.995 3.709891 0.193530
0.996 3.709505 0.193362
0.997 3.709120 0.193194
0.998 3.708735 0.193026
0.999 3.708347 0.192767
1.000 3.707958 0.192460
1.001 3.707569 0.192153
1.002 3.707180 0.191845
1.003 3.706801 0.191561
1.004 3.706427 0.191291
1.005 3.706053 0.191022
1.006 3.705679 0.190752
1.007 3.705336 0.190385
1.008 3.705019 0.189936
1.009 3.704702 0.189486
1.010 3.704385 0.189037
1.011 3.704062 0.188632
1.012 3.703732 0.188283
1.013 3.703403 0.187934
1.014 3.703073 0.187585
1.015 3.702740 0.187271
1.016 3.702397 0.187034
1.017 3.702055 0.186798
1.018 3.701713 0.186561
1.019 3.701375 0.186331
1.020 3.701061 0.186144
1.021 3.700748 0.185958
1.022 3.700434 0.185771
1.023 3.700121 0.185584
1.024 3.699804 0.185282
1.025 3.699486 0.184971
1.026 3.699169 0.184660
1.027 3.698852 0.184349
1.028 3.698537 0.184010
1.029 3.698223 0.183657
1.030 3.697909 0.183304
1.031 3.697595 0.182951
1.032 3.697297 0.182656
1.033 3.697021 0.182444
1.034 3.696745 0.182232
1.035 3.696470 0.182020
1.036 3.696195 0.181807
1.037 3.695924 0.181575
1.038 3.695652 0.181344
1.039 3.695381 0.181113
1.040 3.695110 0.180881
1.041 3.694809 0.180496
1.042 3.694498 0.180060
1.043 3.694187 0.179625
1.044 3.693877 0.179190
1.045 3.693573 0.178786
1.046 3.693283 0.178434
1.047 3.692992 0.178082
1.048 3.692702 0.177730
1.049 3.692411 0.177378
1.050 3.692118 0.176968
1.051 3.691824 0.176554
1.052 3.691530 0.176140
1.053 3.691236 0.175727
1.054 3.690940 0.175349
1.055 3.690642 0.175009
1.056 3.690344 0.174670
1.057 3.690045 0.174330
1.058 3.689747 0.173990
1.059 3.689490 0.173665
1.060 3.689233 0.173339
1.061 3.688976 0.173014
1.062 3.688720 0.172689
1.063 3.688458 0.172435
1.064 3.688190 0.172264
1.065 3.687922 0.172094
1.066 3.687654 0.171923
1.067 3.687386 0.171752
1.068 3.687140 0.171442
1.069 3.686898 0.171116
1.070 3.686655 0.170789
1.071 3.686412 0.170463
1.072 3.686171 0.170129
1.073 3.685934 0.169776
1.074 3.685697 0.169422
1.075 3.685460 0.169069
1.076 3.685223 0.168716
1.077 3.684968 0.168276
1.078 3.684702 0.167784
1.079 3.684437 0.167292
1.080 3.684171 0.166800
1.081 3.683905 0.166308
1.082 3.683652 0.165800
1.083 3.683400 0.165290
1.084 3.683149 0.164781
1.085 3.682897 0.164271
1.086 3.682645 0.163791
1.087 3.682394 0.163434
1.088 3.682142 0.163076
1.089 3.681891 0.162718
1.090 3.681640 0.162360
1.091 3.681388 0.162063
1.092 3.681136 0.161851
1.093 3.680884 0.161638
1.094 3.680632 0.161426
1.095 3.680380 0.161214
1.096 3.680138 0.160957
1.097 3.679902 0.160671
1.098 3.679666 0.160385
1.099 3.679430 0.160099
1.100 3.679194 0.159813
1.101 3.678960 0.159456
1.102 3.678726 0.159075
1.103 3.678492 0.158694
1.104 3.678259 0.158312
1.105 3.678025 0.157931
1.106 3.677810 0.157592
1.107 3.677600 0.157262
1.108 3.677389 0.156932
1.109 3.677179 0.156602
1.110 3.676968 0.156272
1.111 3.676761 0.155898
1.112 3.676554 0.155519
1.113 3.676348 0.155140
1.114 3.676141 0.154761
1.115 3.675935 0.154381
1.116 3.675705 0.154053
1.117 3.675473 0.153730
1.118 3.675241 0.153407
1.119 3.675009 0.153085
1.120 3.674776 0.152762
1.121 3.674561 0.152528
1.122 3.674348 0.152310
1.123 3.674135 0.152091
1.124 3.673922 0.151873
1.125 3.673709 0.151654
1.126 3.673478 0.151359
1.127 3.673241 0.151040
1.128 3.673004 0.150721
1.129 3.672768 0.150402
1.130 3.672531 0.150083
1.131 3.672306 0.149784
1.132 3.672088 0.149496
1.133 3.671869 0.149209
1.134 3.671651 0.148921
1.135 3.671433 0.148633
1.136 3.671227 0.148333
1.137 3.671034 0.148017
1.138 3.670842 0.147702
1.139 3.670650 0.147386
1.140 3.670458 0.147071
1.141 3.670261 0.146754
1.142 3.670049 0.146432
1.143 3.669838 0.146110
1.144 3.669626 0.145789
1.145 3.669414 0.145467
1.146 3.669203 0.145145
1.147 3.668997 0.144887
1.148 3.668792 0.144631
1.149 3.668586 0.144375
1.150 3.668381 0.144119
1.151 3.668176 0.143863
1.152 3.667975 0.143678
1.153 3.667776 0.143532
1.154 3.667578 0.143386
1.155 3.667379 0.143239
1.156 3.667181 0.143093
1.157 3.666986 0.142950
1.158 3.666798 0.142815
1.159 3.666611 0.142679
1.160 3.666424 0.142544
1.161 3.666236 0.142408
1.162 3.666049 0.142273
1.163 3.665867 0.142121
1.164 3.665686 0.141967
1.165 3.665505 0.141813
1.166 3.665324 0.141658
1.167 3.665143 0.141504
1.168 3.664964 0.141346
1.169 3.664788 0.141182
1.170 3.664612 0.141018
1.171 3.664437 0.140854
1.172 3.664261 0.140690
1.173 3.664085 0.140527
1.174 3.663918 0.140395
1.175 3.663752 0.140270
1.176 3.663587 0.140145
1.177 3.663421 0.140020
1.178 3.663255 0.139894
1.179 3.663084 0.139766
1.180 3.662897 0.139628
1.181 3.662711 0.139490
1.182 3.662524 0.139352
1.183 3.662338 0.139215
1.184 3.662151 0.139077
1.185 3.661975 0.138970
1.186 3.661805 0.138881
1.187 3.661635 0.138792
1.188 3.661465 0.138703
1.189 3.661295 0.138615
1.190 3.661125 0.138526
1.191 3.660955 0.138385
1.192 3.660785 0.138243
1.193 3.660615 0.138100
1.194 3.660445 0.137957
1.195 3.660275 0.137814
1.196 3.660105 0.137660
1.197 3.659939 0.137463
1.198 3.659773 0.137266
1.199 3.659607 0.137069
1.200 3.659441 0.136872
1.201 3.659275 0.136675
1.202 3.659102 0.136529
1.203 3.658920 0.136455
1.204 3.658738 0.136381
1.205 3.658557 0.136307
1.206 3.658375 0.136233
1.207 3.658193 0.136159
1.208 3.658028 0.136075
1.209 3.657876 0.135983
1.210 3.657724 0.135892
1.211 3.657573 0.135800
1.212 3.657421 0.135708
1.213 3.657270 0.135616
1.214 3.657115 0.135465
1.215 3.656960 0.135284
1.216 3.656805 0.135102
1.217 3.656649 0.134921
1.218 3.656494 0.134739
1.219 3.656338 0.134558
1.220 3.656173 0.134419
1.221 3.656003 0.134300
1.222 3.655832 0.134180
1.223 3.655662 0.134061
1.224 3.655492 0.133942
1.225 3.655322 0.133823
1.226 3.655153 0.133677
1.227 3.654984 0.133517
1.228 3.654815 0.133357
1.229 3.654646 0.133197
1.230 3.654477 0.133037
1.231 3.654308 0.132878
1.232 3.654142 0.132676
1.233 3.653979 0.132442
1.234 3.653815 0.132209
1.235 3.653651 0.131975
1.236 3.653487 0.131742
1.237 3.653324 0.131508
1.238 3.653162 0.131345
1.239 3.653004 0.131276
1.240 3.652846 0.131207
1.241 3.652688 0.131138
1.242 3.652529 0.131069
1.243 3.652371 0.130999
1.244 3.652214 0.130933
1.245 3.652060 0.130879
1.246 3.651906 0.130824
1.247 3.651751 0.130770
1.248 3.651597 0.130715
1.249 3.651443 0.130660
1.250 3.651289 0.130606
1.251 3.651140 0.130485
1.252 3.650990 0.130360
1.253 3.650841 0.130235
1.254 3.650692 0.130110
1.255 3.650542 0.129985
1.256 3.650393 0.129860
1.257 3.650246 0.129718
1.258 3.650101 0.129566
1.259 3.649956 0.129414
1.260 3.649810 0.129262
1.261 3.649665 0.129110
1.262 3.649520 0.128957
1.263 3.649376 0.128808
1.264 3.649235 0.128669
1.265 3.649094 0.128530
1.266 3.648954 0.128391
1.267 3.648813 0.128252
1.268 3.648673 0.128112
1.269 3.648532 0.127973
1.270 3.648395 0.127850
1.271 3.648259 0.127733
1.272 3.648123 0.127616
1.273 3.647986 0.127499
1.274 3.647850 0.127381
1.275 3.647714 0.127264
1.276 3.647579 0.127159
1.277 3.647446 0.127100
1.278 3.647314 0.127040
1.279 3.647182 0.126981
1.280 3.647050 0.126921
1.281 3.646917 0.126862
1.282 3.646785 0.126803
1.283 3.646655 0.126686
1.284 3.646526 0.126533
1.285 3.646398 0.126380
1.286 3.646269 0.126227
1.287 3.646141 0.126074
1.288 3.646012 0.125920
1.289 3.645884 0.125767
1.290 3.645759 0.125598
1.291 3.645635 0.125427
1.292 3.645511 0.125257
1.293 3.645387 0.125086
1.294 3.645263 0.124916
1.295 3.645138 0.124745
1.296 3.645015 0.124564
1.297 3.644894 0.124342
1.298 3.644774 0.124121
1.299 3.644653 0.123899
1.300 3.644532 0.123677
1.301 3.644412 0.123455
1.302 3.644291 0.123234
1.303 3.644172 0.123075
1.304 3.644055 0.123010
1.305 3.643938 0.122946
1.306 3.643821 0.122882
1.307 3.643705 0.122817
1.308 3.643588 0.122753
1.309 3.643471 0.122689
1.310 3.643356 0.122593
1.311 3.643242 0.122469
1.312 3.643128 0.122344
1.313 3.643014 0.122220
1.314 3.642901 0.122095
1.315 3.642787 0.121970
1.316 3.642673 0.121846
1.317 3.642561 0.121678
1.318 3.642451 0.121476
1.319 3.642342 0.121275
1.320 3.642232 0.121073
1.321 3.642122 0.120871
1.322 3.642012 0.120670
1.323 3.641902 0.120468
1.324 3.641793 0.120237
1.325 3.641687 0.119981
1.326 3.641580 0.119725
1.327 3.641473 0.119469
1.328 3.641366 0.119212
1.329 3.641259 0.118956
1.330 3.641152 0.118700
1.331 3.641047 0.118513
1.332 3.640944 0.118416
1.333 3.640841 0.118318
1.334 3.640738 0.118221
1.335 3.640635 0.118124
1.336 3.640532 0.118027
1.337 3.640429 0.117929
1.338 3.640327 0.117841
1.339 3.640227 0.117778
1.340 3.640126 0.117716
1.341 3.640026 0.117653
1.342 3.639926 0.117591
1.343 3.639826 0.117528
1.344 3.639726 0.117466
1.345 3.639626 0.117404
1.346 3.639529 0.117335
1.347 3.639432 0.117265
1.348 3.639335 0.117196
1.349 3.639239 0.117127
1.350 3.639142 0.117058
1.351 3.639045 0.116989
1.352 3.638948 0.116920
1.353 3.638853 0.116745
1.354 3.638760 0.116515
1.355 3.638666 0.116284
1.356 3.638573 0.116054
1.357 3.638479 0.115824
1.358 3.638385 0.115594
1.359 3.638292 0.115363
1.360 3.638199 0.115149
1.361 3.638109 0.114986
1.362 3.638019 0.114823
1.363 3.637929 0.114659
1.364 3.637839 0.114496
1.365 3.637749 0.114332
1.366 3.637659 0.114169
1.367 3.637569 0.114006
1.368 3.637481 0.113802
1.369 3.637394 0.113585
1.370 3.637307 0.113368
1.371 3.637220 0.113151
1.372 3.637132 0.112934
1.373 3.637045 0.112717
1.374 3.636958 0.112500
1.375 3.636871 0.112284
1.376 3.636787 0.112074
1.377 3.636703 0.111864
1.378 3.636619 0.111654
1.379 3.636535 0.111444
1.380 3.636451 0.111234
1.381 3.636367 0.111024
1.382 3.636283 0.110814
1.383 3.636200 0.110601
1.384 3.636119 0.110384
1.385 3.636037 0.110167
1.386 3.635955 0.109950
1.387 3.635874 0.109733
1.388 3.635792 0.109516
1.389 3.635710 0.109299
1.390 3.635629 0.109082
1.391 3.635550 0.108906
1.392 3.635472 0.108745
1.393 3.635394 0.108584
1.394 3.635316 0.108423
1.395 3.635239 0.108262
1.396 3.635161 0.108101
1.397 3.635083 0.107940
1.398 3.635005 0.107779
1.399 3.634931 0.107624
1.400 3.634857 0.107470
1.401 3.634783 0.107316
1.402 3.634710 0.107162
1.403 3.634636 0.107009
1.404 3.634562 0.106855
1.405 3.634488 0.106701
1.406 3.634414 0.106547
1.407 3.634343 0.106354
1.408 3.634271 0.106161
1.409 3.634199 0.105967
1.410 3.634127 0.105773
1.411 3.634055 0.105580
1.412 3.633984 0.105386
1.413 3.633912 0.105192
1.414 3.633840 0.104998
1.415 3.633772 0.104809
1.416 3.633704 0.104620
1.417 3.633636 0.104431
1.418 3.633568 0.104242
1.419 3.633500 0.104054
1.420 3.633432 0.103865
1.421 3.633364 0.103676
1.422 3.633296 0.103487
1.423 3.633232 0.103284
1.424 3.633168 0.103079
1.425 3.633105 0.102874
1.426 3.633041 0.102668
1.427 3.632978 0.102463
1.428 3.632914 0.102258
1.429 3.632851 0.102052
1.430 3.632787 0.101847
1.431 3.632727 0.101652
1.432 3.632669 0.101462
1.433 3.632611 0.101273
1.434 3.632552 0.101083
1.435 3.632494 0.100894
1.436 3.632436 0.100704
1.437 3.632378 0.100514
1.438 3.632319 0.100325
1.439 3.632263 0.100152
1.440 3.632210 0.100013
1.441 3.632157 0.099874
1.442 3.632105 0.099735
1.443 3.632052 0.099596
1.444 3.631999 0.099458
1.445 3.631946 0.099319
1.446 3.631893 0.099180
1.447 3.631840 0.099041
1.448 3.631793 0.098825
1.449 3.631746 0.098603
1.450 3.631699 0.098382
1.451 3.631652 0.098161
1.452 3.631606 0.097939
1.453 3.631559 0.097718
1.454 3.631512 0.097496
1.455 3.631465 0.097275
1.456 3.631421 0.097079
1.457 3.631381 0.096915
1.458 3.631341 0.096751
1.459 3.631301 0.096587
1.460 3.631261 0.096423
1.461 3.631221 0.096260
1.462 3.631181 0.096096
1.463 3.631142 0.095932
1.464 3.631102 0.095768
1.465 3.631068 0.095579
1.466 3.631036 0.095386
1.467 3.631005 0.095193
1.468 3.630973 0.095000
1.469 3.630941 0.094807
1.470 3.630909 0.094614
1.471 3.630877 0.094420
1.472 3.630845 0.094227
1.473 3.630815 0.094031
1.474 3.630795 0.093814
1.475 3.630775 0.093598
1.476 3.630755 0.093382
1.477 3.630735 0.093166
1.478 3.630715 0.092949
1.479 3.630695 0.092733
1.480 3.630675 0.092517
1.481 3.630655 0.092301
1.482 3.630639 0.092076
1.483 3.630629 0.091834
1.484 3.630620 0.091592
1.485 3.630611 0.091351
1.486 3.630601 0.091109
1.487 3.630592 0.090867
1.488 3.630583 0.090626
1.489 3.630573 0.090384
1.490 3.630564 0.090142
1.491 3.630560 0.089853
1.492 3.630563 0.089502
1.493 3.630566 0.089151
1.494 3.630570 0.088800
1.495 3.630573 0.088449
1.496 3.630576 0.088098
1.497 3.630579 0.087746
1.498 3.630582 0.087395
1.499 3.630585 0.087044
1.500 3.630597 0.086726
1.501 3.630619 0.086455
1.502 3.630642 0.086184
1.503 3.630665 0.085913
1.504 3.630687 0.085642
1.505 3.630710 0.085371
1.506 3.630733 0.085100
1.507 3.630755 0.084829
1.508 3.630778 0.084558
1.509 3.630807 0.084295
1.510 3.630853 0.084050
1.511 3.630898 0.083804
1.512 3.630943 0.083559
1.513 3.630989 0.083314
1.514 3.631034 0.083069
1.515 3.631080 0.082824
1.516 3.631125 0.082579
1.517 3.631171 0.082333
1.518 3.631217 0.082086
1.519 3.631290 0.081790
1.520 3.631363 0.081495
1.521 3.631435 0.081200
1.522 3.631508 0.080905
1.523 3.631580 0.080610
1.524 3.631653 0.080315
1.525 3.631725 0.080019
1.526 3.631798 0.079724
1.527 3.631870 0.079429
1.528 3.631969 0.079156
1.529 3.632077 0.078893
1.530 3.632186 0.078629
1.531 3.632295 0.078366
1.532 3.632404 0.078102
1.533 3.632513 0.077839
1.534 3.632622 0.077576
1.535 3.632731 0.077312
1.536 3.632840 0.077049
1.537 3.632960 0.076757
1.538 3.633117 0.076370
1.539 3.633274 0.075984
1.540 3.633430 0.075597
1.541 3.633587 0.075211
1.542 3.633744 0.074824
1.543 3.633900 0.074438
1.544 3.634057 0.074052
1.545 3.634214 0.073665
1.546 3.634370 0.073279
1.547 3.634567 0.072904
1.548 3.634785 0.072535
1.549 3.635004 0.072166
1.550 3.635222 0.071797
1.551 3.635440 0.071428
1.552 3.635658 0.071059
1.553 3.635877 0.070690
1.554 3.636095 0.070322
1.555 3.636313 0.069953
1.556 3.636531 0.069584
1.557 3.636825 0.069181
1.558 3.637123 0.068776
1.559 3.637422 0.068372
1.560 3.637720 0.067967
1.561 3.638019 0.067562
1.562 3.638317 0.067157
1.563 3.638615 0.066752
1.564 3.638914 0.066348
1.565 3.639212 0.065943
1.566 3.639521 0.065531
1.567 3.639908 0.065062
1.568 3.640295 0.064593
1.569 3.640682 0.064125
1.570 3.641070 0.063656
1.571 3.641457 0.063187
1.572 3.641844 0.062718
1.573 3.642231 0.062250
1.574 3.642618 0.061781
1.575 3.643006 0.061312
1.576 3.643400 0.060833
1.577 3.643832 0.060295
1.578 3.644265 0.059757
1.579 3.644697 0.059220
1.580 3.645129 0.058682
1.581 3.645562 0.058145
1.582 3.645994 0.057607
1.583 3.646426 0.057069
1.584 3.646858 0.056532
1.585 3.647291 0.055994
1.586 3.647723 0.055454
1.587 3.648149 0.054888
1.588 3.648576 0.054321
1.589 3.649003 0.053755
1.590 3.649430 0.053188
1.591 3.649856 0.052622
1.592 3.650283 0.052055
1.593 3.650710 0.051489
1.594 3.651137 0.050922
1.595 3.651563 0.050356
1.596 3.651990 0.049789
1.597 3.652325 0.049119
1.598 3.652647 0.048433
1.599 3.652968 0.047748
1.600 3.653290 0.047062
1.601 3.653611 0.046376
1.602 3.653933 0.045690
1.603 3.654254 0.045005
1.604 3.654576 0.044319
1.605 3.654897 0.043633
1.606 3.655218 0.042947
1.607 3.655312 0.042217
1.608 3.655199 0.041445
1.609 3.655087 0.040674
1.610 3.654974 0.039903
1.611 3.654861 0.039131
1.612 3.654749 0.038360
1.613 3.654636 0.037589
1.614 3.654523 0.036817
1.615 3.654411 0.036046
1.616 3.654298 0.035275
1.617 3.654185 0.034503
1.618 3.654073 0.033732
1.619 3.653960 0.032961
1.620 3.653847 0.032189
1.621 3.653735 0.031418
1.622 3.653384 0.030811
1.623 3.653020 0.030213
1.624 3.652655 0.029616
1.625 3.652291 0.029018
1.626 3.651926 0.028421
1.627 3.651561 0.027823
1.628 3.651197 0.027226
1.629 3.650832 0.026628
1.630 3.650467 0.026031
1.631 3.650103 0.025434
1.632 3.649738 0.024836
1.633 3.649373 0.024239
1.634 3.649009 0.023641
1.635 3.648644 0.023044
1.636 3.648265 0.022456
1.637 3.647748 0.021958
1.638 3.647230 0.021460
1.639 3.646713 0.020963
1.640 3.646195 0.020465
1.641 3.645678 0.019968
1.642 3.645160 0.019470
1.643 3.644643 0.018972
1.644 3.644125 0.018475
1.645 3.643608 0.017977
1.646 3.643091 0.017480
1.647 3.642573 0.016982
1.648 3.642056 0.016484
1.649 3.641538 0.015987
1.650 3.641021 0.015489
1.651 3.640503 0.014992
1.652 3.639874 0.014611
1.653 3.639242 0.014233
1.654 3.638610 0.013856
1.655 3.637977 0.013479
1.656 3.637345 0.013102
1.657 3.636712 0.012724
1.658 3.636080 0.012347
1.659 3.635448 0.011970
1.660 3.634815 0.011592
1.661 3.634183 0.011215
1.662 3.633550 0.010838
1.663 3.632918 0.010461
1.664 3.632286 0.010083
1.665 3.631653 0.009706
1.666 3.631021 0.009329
1.667 3.630350 0.009022
1.668 3.629649 0.008770
1.669 3.628948 0.008518
1.670 3.628247 0.008266
1.671 3.627546 0.008014
1.672 3.626845 0.007761
1.673 3.626144 0.007509
1.674 3.625443 0.007257
1.675 3.624742 0.007005
1.676 3.624041 0.006753
1.677 3.623340 0.006501
1.678 3.622639 0.006249
1.679 3.621938 0.005997
1.680 3.621237 0.005744
1.681 3.620536 0.005492
1.682 3.619835 0.005240
1.683 3.619134 0.005110
1.684 3.618433 0.004999
1.685 3.617731 0.004888
1.686 3.617030 0.004776
1.687 3.616329 0.004665
1.688 3.615628 0.004554
1.689 3.614926 0.004443
1.690 3.614225 0.004331
1.691 3.613524 0.004220
1.692 3.612822 0.004109
1.693 3.612121 0.003997
1.694 3.611420 0.003886
1.695 3.610719 0.003775
1.696 3.610017 0.003664
1.697 3.609316 0.003552
1.698 3.608615 0.003441
1.699 3.607960 0.003352
1.700 3.607311 0.003266
1.701 3.606663 0.003180
1.702 3.606015 0.003093
1.703 3.605366 0.003007
1.704 3.604718 0.002921
1.705 3.604070 0.002835
1.706 3.603421 0.002749
1.707 3.602773 0.002663
1.708 3.602125 0.002577
1.709 3.601476 0.002491
1.710 3.600828 0.002405
1.711 3.600180 0.002319
1.712 3.599531 0.002233
1.713 3.598883 0.002146
1.714 3.598235 0.002060
1.715 3.597626 0.002010
1.716 3.597047 0.001986
1.717 3.596468 0.001963
1.718 3.595889 0.001939
1.719 3.595310 0.001915
1.720 3.594731 0.001892
1.721 3.594152 0.001868
1.722 3.593573 0.001844
1.723 3.592993 0.001821
1.724 3.592414 0.001797
1.725 3.591835 0.001773
1.726 3.591256 0.001750
1.727 3.590677 0.001726
1.728 3.590098 0.001702
1.729 3.589519 0.001679
1.730 3.588940 0.001655
1.731 3.588361 0.001631
1.732 3.587851 0.001606
1.733 3.587343 0.001580
1.734 3.586836 0.001555
1.735 3.586329 0.001529
1.736 3.585822 0.001504
1.737 3.585315 0.001478
1.738 3.584808 0.001453
1.739 3.584301 0.001427
1.740 3.583794 0.001402
1.741 3.583287 0.001376
1.742 3.582780 0.001351
1.743 3.582273 0.001325
1.744 3.581766 0.001300
1.745 3.581259 0.001274
1.746 3.580752 0.001249
1.747 3.580245 0.001223
1.748 3.579739 0.001198
1.749 3.579287 0.001178
1.750 3.578836 0.001158
1.751 3.578385 0.001138
1.752 3.577934 0.001117
1.753 3.577483 0.001097
1.754 3.577031 0.001077
1.755 3.576580 0.001057
1.756 3.576129 0.001037
1.757 3.575678 0.001017
1.758 3.575227 0.000997
1.759 3.574775 0.000976
1.760 3.574324 0.000956
1.761 3.573873 0.000936
1.762 3.573422 0.000916
1.763 3.572970 0.000896
1.764 3.572519 0.000876
1.765 3.572068 0.000856
1.766 3.571650 0.000852
1.767 3.571245 0.000853
1.768 3.570840 0.000855
1.769 3.570434 0.000857
1.770 3.570029 0.000859
1.771 3.569624 0.000861
1.772 3.569218 0.000862
1.773 3.568813 0.000864
1.774 3.568408 0.000866
1.775 3.568002 0.000868
1.776 3.567597 0.000870
1.777 3.567192 0.000871
1.778 3.566786 0.000873
1.779 3.566381 0.000875
1.780 3.565976 0.000877
1.781 3.565570 0.000878
1.782 3.565165 0.000880
1.783 3.564763 0.000880
1.784 3.564391 0.000864
1.785 3.564019 0.000848
1.786 3.563646 0.000831
1.787 3.563274 0.000815
1.788 3.562902 0.000799
1.789 3.562530 0.000783
1.790 3.562157 0.000766
1.791 3.561785 0.000750
1.792 3.561413 0.000734
1.793 3.561041 0.000718
1.794 3.560668 0.000702
1.795 3.560296 0.000685
1.796 3.559924 0.000669
1.797 3.559552 0.000653
1.798 3.559179 0.000637
1.799 3.558807 0.000620
1.800 3.558435 0.000604
1.801 NaN NaN
1.802 NaN NaN
1.803 NaN NaN
1.804 NaN NaN
1.805 NaN NaN
1.806 NaN NaN
1.807 NaN NaN
1.808 NaN NaN
1.809 NaN NaN
1.810 NaN NaN
1.811 NaN NaN
1.812 NaN NaN
1.813 NaN NaN
1.814 NaN NaN
1.815 NaN NaN
1.816 NaN NaN
1.817 NaN NaN
1.818 NaN NaN
1.819 NaN NaN
1.820 NaN NaN
1.821 NaN NaN
1.822 NaN NaN
1.823 NaN NaN
1.824 NaN NaN
1.825 NaN NaN
1.826 NaN NaN
1.827 NaN NaN
1.828 NaN NaN
1.829 NaN NaN
1.830 NaN NaN
1.831 NaN NaN
1.832 NaN NaN
1.833 NaN NaN
1.834 NaN NaN
1.835 NaN NaN
1.836 NaN NaN
1.837 NaN NaN
1.838 NaN NaN
1.839 NaN NaN
1.840 NaN NaN
1.841 NaN NaN
1.842 NaN NaN
1.843 NaN NaN
1.844 NaN NaN
1.845 NaN NaN
1.846 NaN NaN
1.847 NaN NaN
1.848 NaN NaN
1.849 NaN NaN
1.850 NaN NaN
1.851 NaN NaN
1.852 NaN NaN
1.853 NaN NaN
1.854 NaN NaN
1.855 NaN NaN
1.856 NaN NaN
1.857 NaN NaN
1.858 NaN NaN
1.859 NaN NaN
1.860 NaN NaN
1.861 NaN NaN
1.862 NaN NaN
1.863 NaN NaN
1.864 NaN NaN
1.865 NaN NaN
1.866 NaN NaN
1.867 NaN NaN
1.868 NaN NaN
1.869 NaN NaN
1.870 NaN NaN
1.871 NaN NaN
1.872 NaN NaN
1.873 NaN NaN
1.874 NaN NaN
1.875 NaN NaN
1.876 NaN NaN
1.877 NaN NaN
1.878 NaN NaN
1.879 NaN NaN
1.880 NaN NaN
1.881 NaN NaN
1.882 NaN NaN
1.883 NaN NaN
1.884 NaN NaN
1.885 NaN NaN
1.886 NaN NaN
1.887 NaN NaN
1.888 NaN NaN
1.889 NaN NaN
1.890 NaN NaN
1.891 NaN NaN
1.892 NaN NaN
1.893 NaN NaN
1.894 NaN NaN
1.895 NaN NaN
1.896 NaN NaN
1.897 NaN NaN
1.898 NaN NaN
1.899 NaN NaN
1.900 NaN NaN
1.901 NaN NaN
1.902 NaN NaN
1.903 NaN NaN
1.904 NaN NaN
1.905 NaN NaN
1.906 NaN NaN
1.907 NaN NaN
1.908 NaN NaN
1.909 NaN NaN
1.910 NaN NaN
1.911 NaN NaN
1.912 NaN NaN
1.913 NaN NaN
1.914 NaN NaN
1.915 NaN NaN
1.916 NaN NaN
1.917 NaN NaN
1.918 NaN NaN
1.919 NaN NaN
1.920 NaN NaN
1.921 NaN NaN
1.922 NaN NaN
1.923 NaN NaN
1.924 NaN NaN
1.925 NaN NaN
1.926 NaN NaN
1.927 NaN NaN
1.928 NaN NaN
1.929 NaN NaN
1.930 NaN NaN
1.931 NaN NaN
1.932 NaN NaN
1.933 NaN NaN
1.934 NaN NaN
1.935 NaN NaN
1.936 NaN NaN
1.937 NaN NaN
1.938 NaN NaN
1.939 NaN NaN
1.940 NaN NaN
1.941 NaN NaN
1.942 NaN NaN
1.943 NaN NaN
1.944 NaN NaN
1.945 NaN NaN
1.946 NaN NaN
1.947 NaN NaN
1.948 NaN NaN
1.949 NaN NaN
1.950 NaN NaN