0.253 1.926763 3.194839
0.254 1.968806 3.213108
0.255 2.009353 3.230039
0.256 2.048240 3.243422
0.257 2.091196 3.256748
0.258 2.134440 3.270101
0.259 2.178172 3.283441
0.260 2.222472 3.296650
0.261 2.273008 3.309499
0.262 2.319086 3.320716
0.263 2.368924 3.326196
0.264 2.420609 3.333669
0.265 2.473420 3.332770
0.266 2.532079 3.334209
0.267 2.585857 3.329634
0.268 2.637425 3.322133
0.269 2.694208 3.313309
0.270 2.746372 3.298321
0.271 2.800517 3.282316
0.272 2.850953 3.265896
0.273 2.901581 3.243524
0.274 2.949612 3.218778
0.275 2.997170 3.193727
0.276 3.041245 3.167334
0.277 3.081572 3.138005
0.278 3.120868 3.105421
0.279 3.159273 3.073409
0.280 3.196809 3.041991
0.281 3.229623 3.007557
0.282 3.260178 2.967780
0.283 3.289461 2.932190
0.284 3.316148 2.897003
0.285 3.339574 2.859958
0.286 3.361765 2.821076
0.287 3.383503 2.784080
0.288 3.399677 2.748655
0.289 3.415345 2.712472
0.290 3.432428 2.675268
0.291 3.444008 2.639972
0.292 3.453734 2.602979
0.293 3.463072 2.566930
0.294 3.471531 2.534600
0.295 3.476577 2.501026
0.296 3.478202 2.470096
0.297 3.481736 2.438494
0.298 3.486477 2.408544
0.299 3.487744 2.377030
0.300 3.485974 2.347841
0.301 3.483595 2.321453
0.302 3.481233 2.295713
0.303 3.478934 2.270181
0.304 3.476705 2.246674
0.305 3.470748 2.226292
0.306 3.465590 2.204099
0.307 3.459210 2.184589
0.308 3.453648 2.162179
0.309 3.447949 2.143509
0.310 3.441974 2.125211
0.311 3.437048 2.109506
0.312 3.430707 2.092465
0.313 3.422043 2.077280
0.314 3.416067 2.064777
0.315 3.409154 2.052654
0.316 3.404220 2.040638
0.317 3.398351 2.028720
0.318 3.390745 2.016877
0.319 3.384622 2.005112
0.320 3.377546 1.993427
0.321 3.370542 1.984809
0.322 3.364277 1.976975
0.323 3.356639 1.968571
0.324 3.353373 1.961975
0.325 3.347026 1.953059
0.326 3.342223 1.946927
0.327 3.335324 1.940737
0.328 3.331562 1.933997
0.329 3.325578 1.930078
0.330 3.322266 1.924075
0.331 3.316710 1.920791
0.332 3.313242 1.915926
0.333 3.308942 1.913123
0.334 3.304438 1.909014
0.335 3.300962 1.905630
0.336 3.295449 1.904095
0.337 3.292280 1.901300
0.338 3.290455 1.897531
0.339 3.285918 1.895879
0.340 3.282866 1.895512
0.341 3.280641 1.895601
0.342 3.280144 1.895708
0.343 3.278897 1.895034
0.344 3.274042 1.890742
0.345 3.271172 1.888423
0.346 3.270043 1.887835
0.347 3.269627 1.887953
0.348 3.269267 1.888119
0.349 3.268929 1.888300
0.350 3.268609 1.888490
0.351 3.268307 1.888690
0.352 3.268018 1.888897
0.353 3.267742 1.889112
0.354 3.267489 1.889342
0.355 3.267255 1.889635
0.356 3.267031 1.894599
0.357 3.266819 1.896642
0.358 3.266622 1.898782
0.359 3.266443 1.899059
0.360 3.266277 1.899345
0.361 3.266950 1.899639
0.362 3.270749 1.899948
0.363 3.273444 1.902792
0.364 3.274127 1.905910
0.365 3.274342 1.908603
0.366 3.278485 1.909712
0.367 3.280811 1.910069
0.368 3.282137 1.910438
0.369 3.282271 1.913652
0.370 3.285932 1.916953
0.371 3.288135 1.919334
0.372 3.291335 1.920434
0.373 3.295507 1.922268
0.374 3.297559 1.926246
0.375 3.301782 1.929008
0.376 3.304615 1.930457
0.377 3.307339 1.931273
0.378 3.311709 1.935414
0.379 3.314447 1.938506
0.380 3.317751 1.940491
0.381 3.321499 1.943604
0.382 3.326593 1.947153
0.383 3.330797 1.949580
0.384 3.333482 1.951866
0.385 3.338286 1.956048
0.386 3.340875 1.958050
0.387 3.347218 1.961031
0.388 3.351553 1.963714
0.389 3.356413 1.967280
0.390 3.362117 1.970145
0.391 3.365954 1.975078
0.392 3.372493 1.978020
0.393 3.379666 1.980954
0.394 3.384892 1.985938
0.395 3.391227 1.988947
0.396 3.395155 1.992825
0.397 3.402464 1.997198
0.398 3.410130 2.001533
0.399 3.417238 2.007030
0.400 3.424286 2.009862
0.401 3.431421 2.014877
0.402 3.440150 2.017905
0.403 3.446019 2.024430
0.404 3.453522 2.027966
0.405 3.461116 2.034358
0.406 3.469789 2.038646
0.407 3.480621 2.044517
0.408 3.493365 2.049240
0.409 3.504534 2.055148
0.410 3.515930 2.059874
0.411 3.528030 2.065418
0.412 3.540395 2.070452
0.413 3.554432 2.075154
0.414 3.570472 2.081061
0.415 3.584446 2.084760
0.416 3.600503 2.088155
0.417 3.616515 2.090215
0.418 3.633923 2.091128
0.419 3.652137 2.091804
0.420 3.671046 2.089136
0.421 3.692861 2.087991
0.422 3.712230 2.082148
0.423 3.732668 2.076550
0.424 3.750749 2.069408
0.425 3.765740 2.060695
0.426 3.781765 2.049424
0.427 3.794462 2.040264
0.428 3.809139 2.029708
0.429 3.820874 2.017905
0.430 3.830960 2.007325
0.431 3.838143 1.994720
0.432 3.844708 1.984929
0.433 3.847945 1.974031
0.434 3.852406 1.962762
0.435 3.856974 1.955266
0.436 3.859654 1.948986
0.437 3.862704 1.942044
0.438 3.864427 1.937947
0.439 3.865669 1.935824
0.440 3.866943 1.934341
0.441 3.868263 1.934827
0.442 3.869680 1.935952
0.443 3.872783 1.938715
0.444 3.877236 1.942794
0.445 3.881585 1.946706
0.446 3.889724 1.954287
0.447 3.896328 1.961395
0.448 3.903597 1.970091
0.449 3.915709 1.978024
0.450 3.926557 1.984706
0.451 3.942142 1.992397
0.452 3.958870 1.999780
0.453 3.976541 2.007863
0.454 3.995741 2.016744
0.455 4.018576 2.025056
0.456 4.042550 2.030758
0.457 4.068205 2.037289
0.458 4.095025 2.040449
0.459 4.125826 2.043180
0.460 4.156665 2.042255
0.461 4.189152 2.038794
0.462 4.222009 2.033022
0.463 4.254813 2.026009
0.464 4.287496 2.016259
0.465 4.320054 2.004123
0.466 4.351970 1.989821
0.467 4.382198 1.972729
0.468 4.410437 1.952429
0.469 4.441318 1.930845
0.470 4.469805 1.908617
0.471 4.496624 1.883211
0.472 4.521295 1.854710
0.473 4.543296 1.824478
0.474 4.563216 1.793514
0.475 4.582464 1.761826
0.476 4.599694 1.729359
0.477 4.614474 1.696177
0.478 4.626913 1.662641
0.479 4.638161 1.628866
0.480 4.646911 1.594985
0.481 4.651029 1.561175
0.482 4.654762 1.528149
0.483 4.656220 1.496943
0.484 4.655530 1.466573
0.485 4.653775 1.437797
0.486 4.650593 1.409041
0.487 4.645526 1.382737
0.488 4.640388 1.356889
0.489 4.633776 1.331255
0.490 4.626756 1.305992
0.491 4.620743 1.281454
0.492 4.615290 1.258575
0.493 4.609209 1.236494
0.494 4.601552 1.216253
0.495 4.593332 1.196022
0.496 4.585008 1.177818
0.497 4.575683 1.160743
0.498 4.565718 1.143827
0.499 4.555107 1.126997
0.500 4.544380 1.110786
0.501 4.535455 1.095617
0.502 4.527231 1.080789
0.503 4.519021 1.068567
0.504 4.510824 1.055762
0.505 4.502642 1.042834
0.506 4.494477 1.030625
0.507 4.486328 1.017705
0.508 4.478197 1.005920
0.509 4.470085 0.994386
0.510 4.461995 0.983326
0.511 4.453927 0.974024
0.512 4.445877 0.964752
0.513 4.437845 0.955354
0.514 4.429984 0.946100
0.515 4.422779 0.937219
0.516 4.416434 0.928514
0.517 4.409945 0.920169
0.518 4.405535 0.912020
0.519 4.398474 0.904080
0.520 4.390688 0.896405
0.521 4.382836 0.888972
0.522 4.375585 0.881748
0.523 4.369084 0.874713
0.524 4.362793 0.867915
0.525 4.357312 0.861286
0.526 4.352281 0.854702
0.527 4.345106 0.848200
0.528 4.338749 0.841847
0.529 4.332953 0.835671
0.530 4.327566 0.829735
0.531 4.322426 0.823972
0.532 4.317010 0.818285
0.533 4.311246 0.812652
0.534 4.306032 0.807106
0.535 4.301563 0.801658
0.536 4.295632 0.796269
0.537 4.289756 0.791262
0.538 4.286678 0.786091
0.539 4.282033 0.781113
0.540 4.277086 0.776269
0.541 4.272233 0.771488
0.542 4.267127 0.766747
0.543 4.261870 0.762082
0.544 4.257089 0.757554
0.545 4.253696 0.753092
0.546 4.249284 0.748789
0.547 4.245244 0.744465
0.548 4.241806 0.740107
0.549 4.236417 0.736007
0.550 4.234103 0.731716
0.551 4.229227 0.727717
0.552 4.225387 0.723797
0.553 4.221865 0.719895
0.554 4.217237 0.716009
0.555 4.214105 0.712147
0.556 4.209756 0.708304
0.557 4.205852 0.704471
0.558 4.202205 0.700650
0.559 4.198405 0.696856
0.560 4.194204 0.693156
0.561 4.191510 0.689552
0.562 4.188345 0.685970
0.563 4.185231 0.682441
0.564 4.182957 0.678997
0.565 4.180102 0.675447
0.566 4.175727 0.671944
0.567 4.171983 0.668600
0.568 4.168881 0.665365
0.569 4.163977 0.661965
0.570 4.161824 0.658768
0.571 4.158583 0.655624
0.572 4.154961 0.652445
0.573 4.152967 0.649119
0.574 4.151381 0.646062
0.575 4.148086 0.642983
0.576 4.144436 0.639893
0.577 4.142391 0.636829
0.578 4.140740 0.633581
0.579 4.137634 0.630504
0.580 4.134085 0.627552
0.581 4.131929 0.624635
0.582 4.129856 0.621730
0.583 4.126406 0.618832
0.584 4.122187 0.615940
0.585 4.119974 0.613060
0.586 4.116627 0.610220
0.587 4.113533 0.607432
0.588 4.111240 0.604700
0.589 4.109579 0.601972
0.590 4.106725 0.599348
0.591 4.103434 0.596744
0.592 4.101122 0.593993
0.593 4.099375 0.591232
0.594 4.097138 0.588504
0.595 4.093955 0.585828
0.596 4.092414 0.583155
0.597 4.090835 0.580602
0.598 4.089197 0.578134
0.599 4.087657 0.575553
0.600 4.084695 0.572930
0.601 4.081349 0.570336
0.602 4.079264 0.567928
0.603 4.077659 0.565407
0.604 4.075516 0.562849
0.605 4.071666 0.560289
0.606 4.069388 0.557952
0.607 4.067664 0.555586
0.608 4.066337 0.553064
0.609 4.063184 0.550777
0.610 4.060568 0.548437
0.611 4.059484 0.545929
0.612 4.057884 0.543654
0.613 4.056278 0.541336
0.614 4.054823 0.538865
0.615 4.052016 0.536591
0.616 4.049523 0.534299
0.617 4.048339 0.531876
0.618 4.046703 0.529658
0.619 4.044937 0.527458
0.620 4.043163 0.525132
0.621 4.040359 0.522926
0.622 4.037312 0.520772
0.623 4.035573 0.518601
0.624 4.033644 0.516381
0.625 4.031575 0.514128
0.626 4.029458 0.512017
0.627 4.027670 0.509880
0.628 4.026320 0.507708
0.629 4.024870 0.505581
0.630 4.023121 0.503475
0.631 4.020530 0.501409
0.632 4.018562 0.499353
0.633 4.016937 0.497298
0.634 4.015477 0.495105
0.635 4.014131 0.493003
0.636 4.012943 0.491028
0.637 4.010188 0.489037
0.638 4.007356 0.487035
0.639 4.006274 0.484997
0.640 4.004933 0.482970
0.641 4.003349 0.480954
0.642 4.001781 0.478847
0.643 4.000076 0.476772
0.644 3.997827 0.474875
0.645 3.996466 0.472984
0.646 3.995879 0.471096
0.647 3.994716 0.469217
0.648 3.993447 0.467341
0.649 3.992129 0.465471
0.650 3.990230 0.463604
0.651 3.987690 0.461741
0.652 3.985946 0.459883
0.653 3.984444 0.458028
0.654 3.983031 0.456182
0.655 3.981699 0.454338
0.656 3.980527 0.452500
0.657 3.978404 0.450665
0.658 3.975658 0.448832
0.659 3.974322 0.447006
0.660 3.973176 0.445182
0.661 3.971787 0.443366
0.662 3.970155 0.441553
0.663 3.968081 0.439744
0.664 3.966448 0.437938
0.665 3.965127 0.436135
0.666 3.964165 0.434338
0.667 3.963279 0.432543
0.668 3.961929 0.430757
0.669 3.960628 0.428973
0.670 3.959498 0.427199
0.671 3.957740 0.425456
0.672 3.955107 0.423758
0.673 3.953398 0.422083
0.674 3.952304 0.420423
0.675 3.951098 0.418816
0.676 3.949860 0.417223
0.677 3.947715 0.415581
0.678 3.945621 0.413932
0.679 3.944651 0.412247
0.680 3.943681 0.410574
0.681 3.942715 0.408940
0.682 3.941605 0.407303
0.683 3.940248 0.405663
0.684 3.938849 0.404088
0.685 3.937408 0.402582
0.686 3.935782 0.400999
0.687 3.934035 0.399363
0.688 3.932987 0.397732
0.689 3.932232 0.396103
0.690 3.931108 0.394635
0.691 3.929891 0.393208
0.692 3.928952 0.391664
0.693 3.928052 0.390103
0.694 3.925456 0.388525
0.695 3.922781 0.386948
0.696 3.921759 0.385515
0.697 3.920733 0.384074
0.698 3.919638 0.382482
0.699 3.918440 0.380906
0.700 3.916245 0.379489
0.701 3.914220 0.378060
0.702 3.913447 0.376547
0.703 3.912655 0.375035
0.704 3.911742 0.373528
0.705 3.910791 0.372043
0.706 3.909601 0.370699
0.707 3.908329 0.369348
0.708 3.906516 0.367944
0.709 3.904785 0.366538
0.710 3.903695 0.365113
0.711 3.902626 0.363700
0.712 3.901782 0.362402
0.713 3.900922 0.361098
0.714 3.899702 0.359628
0.715 3.898482 0.358158
0.716 3.896959 0.356823
0.717 3.895431 0.355490
0.718 3.894080 0.354131
0.719 3.892743 0.352769
0.720 3.891846 0.351356
0.721 3.891031 0.349933
0.722 3.889934 0.348627
0.723 3.888745 0.347359
0.724 3.887464 0.346021
0.725 3.886133 0.344645
0.726 3.884462 0.343305
0.727 3.882500 0.341996
0.728 3.880888 0.340703
0.729 3.879775 0.339430
0.730 3.878731 0.338172
0.731 3.877870 0.336950
0.732 3.876871 0.335711
0.733 3.874871 0.334352
0.734 3.872871 0.332993
0.735 3.872110 0.331701
0.736 3.871406 0.330412
0.737 3.870393 0.329156
0.738 3.869292 0.327910
0.739 3.868327 0.326724
0.740 3.867456 0.325580
0.741 3.866199 0.324383
0.742 3.864330 0.323102
0.743 3.862652 0.321843
0.744 3.861916 0.320693
0.745 3.861181 0.319542
0.746 3.860091 0.318425
0.747 3.858978 0.317310
0.748 3.857969 0.316096
0.749 3.857004 0.314840
0.750 3.855757 0.313652
0.751 3.854149 0.312550
0.752 3.852693 0.311443
0.753 3.851988 0.310304
0.754 3.851283 0.309166
0.755 3.850244 0.308055
0.756 3.849163 0.306948
0.757 3.847993 0.305779
0.758 3.846761 0.304567
0.759 3.845506 0.303402
0.760 3.844192 0.302364
0.761 3.842877 0.301326
0.762 3.842131 0.300291
0.763 3.841415 0.299256
0.764 3.840521 0.298224
0.765 3.839512 0.297194
0.766 3.838362 0.296152
0.767 3.836794 0.295074
0.768 3.835225 0.293997
0.769 3.834140 0.292889
0.770 3.833120 0.291776
0.771 3.832209 0.290671
0.772 3.831407 0.289572
0.773 3.830603 0.288469
0.774 3.829780 0.287326
0.775 3.828957 0.286184
0.776 3.827364 0.285167
0.777 3.825415 0.284208
0.778 3.823798 0.283259
0.779 3.823146 0.282337
0.780 3.822494 0.281416
0.781 3.821627 0.280535
0.782 3.820710 0.279664
0.783 3.819904 0.278773
0.784 3.819305 0.277843
0.785 3.818706 0.276913
0.786 3.816956 0.275926
0.787 3.815040 0.274930
0.788 3.813627 0.273936
0.789 3.813024 0.272943
0.790 3.812420 0.271951
0.791 3.811468 0.270984
0.792 3.810467 0.270021
0.793 3.809455 0.269074
0.794 3.808422 0.268158
0.795 3.807389 0.267241
0.796 3.806116 0.266318
0.797 3.804788 0.265392
0.798 3.803622 0.264508
0.799 3.802924 0.263740
0.800 3.802225 0.262973
0.801 3.801448 0.262113
0.802 3.800637 0.261212
0.803 3.799737 0.260308
0.804 3.798018 0.259385
0.805 3.796299 0.258462
0.806 3.795062 0.257620
0.807 3.794327 0.256863
0.808 3.793591 0.256106
0.809 3.792704 0.255238
0.810 3.791795 0.254354
0.811 3.790974 0.253469
0.812 3.790455 0.252579
0.813 3.789936 0.251688
0.814 3.788722 0.250893
0.815 3.786987 0.250170
0.816 3.785252 0.249447
0.817 3.784565 0.248601
0.818 3.783999 0.247741
0.819 3.783365 0.246912
0.820 3.782471 0.246207
0.821 3.781576 0.245502
0.822 3.780437 0.244761
0.823 3.779047 0.243985
0.824 3.777657 0.243208
0.825 3.776594 0.242434
0.826 3.775630 0.241660
0.827 3.774669 0.240887
0.828 3.773831 0.240136
0.829 3.772992 0.239386
0.830 3.772244 0.238630
0.831 3.771758 0.237859
0.832 3.771272 0.237088
0.833 3.770202 0.236369
0.834 3.768483 0.235707
0.835 3.766763 0.235046
0.836 3.765833 0.234385
0.837 3.765289 0.233725
0.838 3.764745 0.233065
0.839 3.763945 0.232355
0.840 3.763099 0.231637
0.841 3.762248 0.230920
0.842 3.760880 0.230337
0.843 3.759513 0.229753
0.844 3.758216 0.229148
0.845 3.757315 0.228419
0.846 3.756415 0.227689
0.847 3.755518 0.226983
0.848 3.754631 0.226340
0.849 3.753745 0.225697
0.850 3.753009 0.225061
0.851 3.752526 0.224438
0.852 3.752043 0.223814
0.853 3.751137 0.223198
0.854 3.749724 0.222592
0.855 3.748312 0.221985
0.856 3.747416 0.221381
0.857 3.747000 0.220779
0.858 3.746584 0.220178
0.859 3.745929 0.219611
0.860 3.745086 0.219072
0.861 3.744242 0.218533
0.862 3.743663 0.217938
0.863 3.743275 0.217302
0.864 3.742887 0.216667
0.865 3.741771 0.216114
0.866 3.740128 0.215621
0.867 3.738485 0.215128
0.868 3.737419 0.214615
0.869 3.736810 0.214086
0.870 3.736200 0.213556
0.871 3.735575 0.213026
0.872 3.734937 0.212496
0.873 3.734299 0.211966
0.874 3.733231 0.211393
0.875 3.731643 0.210770
0.876 3.730056 0.210147
0.877 3.728902 0.209580
0.878 3.728491 0.209109
0.879 3.728081 0.208639
0.880 3.727553 0.208169
0.881 3.726694 0.207700
0.882 3.725836 0.207231
0.883 3.724948 0.206762
0.884 3.723865 0.206295
0.885 3.722782 0.205828
0.886 3.721698 0.205361
0.887 3.721021 0.204896
0.888 3.720352 0.204431
0.889 3.719683 0.203967
0.890 3.719192 0.203503
0.891 3.718743 0.203040
0.892 3.718294 0.202576
0.893 3.717652 0.202119
0.894 3.716885 0.201665
0.895 3.716118 0.201211
0.896 3.715169 0.200771
0.897 3.713932 0.200354
0.898 3.712696 0.199937
0.899 3.711566 0.199523
0.900 3.711064 0.199128
0.901 3.710563 0.198733
0.902 3.710061 0.198337
0.903 3.709518 0.198001
0.904 3.708970 0.197673
0.905 3.708422 0.197346
0.906 3.707840 0.196970
0.907 3.707233 0.196561
0.908 3.706627 0.196152
0.909 3.705789 0.195751
0.910 3.704336 0.195375
0.911 3.702883 0.194999
0.912 3.701429 0.194622
0.913 3.701074 0.194286
0.914 3.700797 0.193953
0.915 3.700519 0.193620
0.916 3.700002 0.193285
0.917 3.699304 0.192950
0.918 3.698607 0.192614
0.919 3.697965 0.192269
0.920 3.697574 0.191882
0.921 3.697183 0.191495
0.922 3.696792 0.191108
0.923 3.695672 0.190830
0.924 3.694331 0.190586
0.925 3.692990 0.190341
0.926 3.692036 0.190037
0.927 3.691874 0.189611
0.928 3.691712 0.189186
0.929 3.691550 0.188760
0.930 3.691153 0.188421
0.931 3.690720 0.188096
0.932 3.690287 0.187771
0.933 3.689828 0.187411
0.934 3.689326 0.186994
0.935 3.688823 0.186577
0.936 3.688320 0.186160
0.937 3.687478 0.185803
0.938 3.686578 0.185457
0.939 3.685678 0.185111
0.940 3.684914 0.184791
0.941 3.684452 0.184529
0.942 3.683989 0.184266
0.943 3.683527 0.184004
0.944 3.683094 0.183799
0.945 3.682672 0.183615
0.946 3.682250 0.183430
0.947 3.681829 0.183237
0.948 3.681416 0.182987
0.949 3.681003 0.182738
0.950 3.680590 0.182489
0.951 3.680185 0.182178
0.952 3.679788 0.181808
0.953 3.679391 0.181438
0.954 3.678994 0.181068
0.955 3.678609 0.180716
0.956 3.678226 0.180366
0.957 3.677843 0.180016
0.958 3.677465 0.179656
0.959 3.677111 0.179246
0.960 3.676757 0.178836
0.961 3.676402 0.178427
0.962 3.676046 0.178061
0.963 3.675689 0.177745
0.964 3.675331 0.177429
0.965 3.674973 0.177112
0.966 3.674615 0.176828
0.967 3.674257 0.176556
0.968 3.673899 0.176284
0.969 3.673541 0.176011
0.970 3.673194 0.175710
0.971 3.672848 0.175407
0.972 3.672503 0.175105
0.973 3.672159 0.174801
0.974 3.671829 0.174492
0.975 3.671498 0.174184
0.976 3.671168 0.173875
0.977 3.670840 0.173561
0.978 3.670518 0.173237
0.979 3.670195 0.172913
0.980 3.669873 0.172589
0.981 3.669556 0.172275
0.982 3.669247 0.171970
0.983 3.668937 0.171666
0.984 3.668627 0.171362
0.985 3.668319 0.171044
0.986 3.668013 0.170717
0.987 3.667706 0.170389
0.988 3.667400 0.170062
0.989 3.667079 0.169657
0.990 3.666752 0.169213
0.991 3.666424 0.168769
0.992 3.666097 0.168325
0.993 3.665778 0.167919
0.994 3.665462 0.167527
0.995 3.665146 0.167136
0.996 3.664831 0.166744
0.997 3.664519 0.166342
0.998 3.664210 0.165937
0.999 3.663900 0.165532
1.000 3.663590 0.165127
1.001 3.663284 0.164776
1.002 3.662979 0.164447
1.003 3.662673 0.164117
1.004 3.662368 0.163788
1.005 3.662081 0.163467
1.006 3.661802 0.163150
1.007 3.661524 0.162834
1.008 3.661245 0.162517
1.009 3.660967 0.162224
1.010 3.660689 0.161946
1.011 3.660412 0.161669
1.012 3.660134 0.161392
1.013 3.659861 0.161058
1.014 3.659593 0.160664
1.015 3.659325 0.160270
1.016 3.659056 0.159875
1.017 3.658788 0.159460
1.018 3.658518 0.159003
1.019 3.658249 0.158547
1.020 3.657979 0.158090
1.021 3.657708 0.157627
1.022 3.657429 0.157132
1.023 3.657149 0.156637
1.024 3.656870 0.156141
1.025 3.656590 0.155646
1.026 3.656316 0.155207
1.027 3.656041 0.154772
1.028 3.655767 0.154337
1.029 3.655493 0.153902
1.030 3.655223 0.153537
1.031 3.654955 0.153205
1.032 3.654687 0.152873
1.033 3.654419 0.152540
1.034 3.654153 0.152221
1.035 3.653891 0.151921
1.036 3.653629 0.151620
1.037 3.653366 0.151320
1.038 3.653105 0.151016
1.039 3.652856 0.150667
1.040 3.652607 0.150317
1.041 3.652358 0.149968
1.042 3.652110 0.149618
1.043 3.651867 0.149235
1.044 3.651627 0.148838
1.045 3.651387 0.148441
1.046 3.651147 0.148044
1.047 3.650909 0.147655
1.048 3.650678 0.147284
1.049 3.650447 0.146914
1.050 3.650216 0.146543
1.051 3.649984 0.146172
1.052 3.649754 0.145810
1.053 3.649523 0.145450
1.054 3.649292 0.145089
1.055 3.649061 0.144729
1.056 3.648824 0.144381
1.057 3.648579 0.144053
1.058 3.648333 0.143724
1.059 3.648088 0.143395
1.060 3.647842 0.143067
1.061 3.647606 0.142778
1.062 3.647372 0.142494
1.063 3.647138 0.142210
1.064 3.646903 0.141925
1.065 3.646667 0.141620
1.066 3.646429 0.141276
1.067 3.646191 0.140932
1.068 3.645953 0.140589
1.069 3.645715 0.140245
1.070 3.645485 0.139907
1.071 3.645257 0.139571
1.072 3.645029 0.139235
1.073 3.644801 0.138898
1.074 3.644574 0.138561
1.075 3.644360 0.138222
1.076 3.644145 0.137883
1.077 3.643931 0.137543
1.078 3.643716 0.137204
1.079 3.643498 0.136889
1.080 3.643277 0.136599
1.081 3.643056 0.136309
1.082 3.642834 0.136019
1.083 3.642613 0.135729
1.084 3.642395 0.135478
1.085 3.642179 0.135238
1.086 3.641962 0.134998
1.087 3.641745 0.134757
1.088 3.641529 0.134519
1.089 3.641329 0.134346
1.090 3.641128 0.134172
1.091 3.640927 0.133999
1.092 3.640726 0.133825
1.093 3.640526 0.133650
1.094 3.640331 0.133470
1.095 3.640135 0.133290
1.096 3.639939 0.133110
1.097 3.639743 0.132930
1.098 3.639550 0.132749
1.099 3.639362 0.132567
1.100 3.639174 0.132385
1.101 3.638986 0.132203
1.102 3.638797 0.132021
1.103 3.638609 0.131837
1.104 3.638421 0.131652
1.105 3.638232 0.131467
1.106 3.638043 0.131282
1.107 3.637855 0.131097
1.108 3.637671 0.130933
1.109 3.637490 0.130783
1.110 3.637310 0.130633
1.111 3.637129 0.130483
1.112 3.636949 0.130332
1.113 3.636762 0.130187
1.114 3.636573 0.130045
1.115 3.636383 0.129902
1.116 3.636194 0.129760
1.117 3.636004 0.129617
1.118 3.635820 0.129453
1.119 3.635639 0.129278
1.120 3.635457 0.129102
1.121 3.635276 0.128927
1.122 3.635095 0.128751
1.123 3.634914 0.128581
1.124 3.634733 0.128416
1.125 3.634552 0.128251
1.126 3.634371 0.128085
1.127 3.634190 0.127920
1.128 3.634013 0.127750
1.129 3.633841 0.127576
1.130 3.633668 0.127402
1.131 3.633496 0.127228
1.132 3.633323 0.127053
1.133 3.633149 0.126891
1.134 3.632973 0.126750
1.135 3.632797 0.126609
1.136 3.632621 0.126468
1.137 3.632445 0.126327
1.138 3.632271 0.126185
1.139 3.632106 0.126036
1.140 3.631940 0.125887
1.141 3.631775 0.125737
1.142 3.631609 0.125588
1.143 3.631444 0.125439
1.144 3.631276 0.125250
1.145 3.631109 0.125058
1.146 3.630941 0.124865
1.147 3.630774 0.124673
1.148 3.630606 0.124480
1.149 3.630435 0.124283
1.150 3.630262 0.124083
1.151 3.630089 0.123884
1.152 3.629916 0.123684
1.153 3.629742 0.123484
1.154 3.629570 0.123288
1.155 3.629400 0.123102
1.156 3.629230 0.122916
1.157 3.629059 0.122730
1.158 3.628889 0.122544
1.159 3.628719 0.122358
1.160 3.628554 0.122179
1.161 3.628389 0.122000
1.162 3.628224 0.121822
1.163 3.628060 0.121643
1.164 3.627895 0.121465
1.165 3.627734 0.121316
1.166 3.627578 0.121201
1.167 3.627422 0.121086
1.168 3.627266 0.120971
1.169 3.627110 0.120856
1.170 3.626954 0.120741
1.171 3.626802 0.120629
1.172 3.626650 0.120518
1.173 3.626498 0.120406
1.174 3.626346 0.120295
1.175 3.626194 0.120183
1.176 3.626044 0.120051
1.177 3.625898 0.119889
1.178 3.625751 0.119728
1.179 3.625605 0.119567
1.180 3.625458 0.119406
1.181 3.625312 0.119245
1.182 3.625169 0.119067
1.183 3.625027 0.118887
1.184 3.624885 0.118706
1.185 3.624743 0.118526
1.186 3.624601 0.118345
1.187 3.624460 0.118167
1.188 3.624326 0.118000
1.189 3.624191 0.117834
1.190 3.624057 0.117667
1.191 3.623922 0.117500
1.192 3.623788 0.117333
1.193 3.623656 0.117174
1.194 3.623527 0.117023
1.195 3.623398 0.116872
1.196 3.623269 0.116721
1.197 3.623140 0.116570
1.198 3.623011 0.116419
1.199 3.622885 0.116291
1.200 3.622761 0.116172
1.201 3.622636 0.116053
1.202 3.622512 0.115934
1.203 3.622388 0.115815
1.204 3.622264 0.115695
1.205 3.622143 0.115527
1.206 3.622022 0.115355
1.207 3.621902 0.115183
1.208 3.621781 0.115010
1.209 3.621661 0.114838
1.210 3.621541 0.114665
1.211 3.621427 0.114487
1.212 3.621313 0.114309
1.213 3.621199 0.114130
1.214 3.621086 0.113952
1.215 3.620972 0.113774
1.216 3.620859 0.113592
1.217 3.620748 0.113385
1.218 3.620638 0.113179
1.219 3.620528 0.112972
1.220 3.620418 0.112765
1.221 3.620308 0.112558
1.222 3.620198 0.112362
1.223 3.620093 0.112238
1.224 3.619988 0.112114
1.225 3.619882 0.111989
1.226 3.619777 0.111865
1.227 3.619671 0.111741
1.228 3.619566 0.111613
1.229 3.619463 0.111454
1.230 3.619360 0.111295
1.231 3.619258 0.111136
1.232 3.619155 0.110978
1.233 3.619052 0.110819
1.234 3.618949 0.110660
1.235 3.618851 0.110460
1.236 3.618753 0.110259
1.237 3.618655 0.110059
1.238 3.618557 0.109858
1.239 3.618459 0.109658
1.240 3.618361 0.109457
1.241 3.618265 0.109233
1.242 3.618170 0.109003
1.243 3.618074 0.108774
1.244 3.617979 0.108544
1.245 3.617884 0.108315
1.246 3.617788 0.108085
1.247 3.617695 0.107913
1.248 3.617604 0.107780
1.249 3.617513 0.107647
1.250 3.617422 0.107514
1.251 3.617330 0.107382
1.252 3.617239 0.107249
1.253 3.617148 0.107122
1.254 3.617059 0.107011
1.255 3.616969 0.106900
1.256 3.616879 0.106790
1.257 3.616789 0.106679
1.258 3.616699 0.106568
1.259 3.616609 0.106457
1.260 3.616521 0.106344
1.261 3.616432 0.106231
1.262 3.616344 0.106118
1.263 3.616255 0.106005
1.264 3.616167 0.105893
1.265 3.616078 0.105780
1.266 3.615991 0.105616
1.267 3.615905 0.105406
1.268 3.615818 0.105197
1.269 3.615732 0.104987
1.270 3.615646 0.104777
1.271 3.615559 0.104568
1.272 3.615473 0.104360
1.273 3.615389 0.104186
1.274 3.615304 0.104012
1.275 3.615220 0.103839
1.276 3.615136 0.103665
1.277 3.615052 0.103492
1.278 3.614967 0.103318
1.279 3.614883 0.103127
1.280 3.614799 0.102917
1.281 3.614714 0.102707
1.282 3.614630 0.102497
1.283 3.614545 0.102287
1.284 3.614461 0.102077
1.285 3.614376 0.101868
1.286 3.614292 0.101659
1.287 3.614207 0.101450
1.288 3.614123 0.101241
1.289 3.614039 0.101032
1.290 3.613954 0.100823
1.291 3.613870 0.100614
1.292 3.613785 0.100403
1.293 3.613697 0.100181
1.294 3.613609 0.099959
1.295 3.613520 0.099737
1.296 3.613432 0.099515
1.297 3.613344 0.099293
1.298 3.613256 0.099071
1.299 3.613169 0.098866
1.300 3.613084 0.098685
1.301 3.613000 0.098503
1.302 3.612915 0.098322
1.303 3.612830 0.098140
1.304 3.612745 0.097959
1.305 3.612660 0.097777
1.306 3.612576 0.097602
1.307 3.612494 0.097431
1.308 3.612412 0.097261
1.309 3.612330 0.097090
1.310 3.612247 0.096920
1.311 3.612165 0.096749
1.312 3.612083 0.096578
1.313 3.611996 0.096389
1.314 3.611908 0.096190
1.315 3.611819 0.095992
1.316 3.611731 0.095794
1.317 3.611642 0.095595
1.318 3.611554 0.095397
1.319 3.611466 0.095199
1.320 3.611378 0.095001
1.321 3.611292 0.094803
1.322 3.611205 0.094606
1.323 3.611118 0.094408
1.324 3.611032 0.094210
1.325 3.610945 0.094013
1.326 3.610858 0.093815
1.327 3.610774 0.093608
1.328 3.610691 0.093396
1.329 3.610608 0.093185
1.330 3.610525 0.092973
1.331 3.610442 0.092761
1.332 3.610360 0.092550
1.333 3.610277 0.092338
1.334 3.610196 0.092133
1.335 3.610117 0.091934
1.336 3.610038 0.091735
1.337 3.609960 0.091536
1.338 3.609881 0.091337
1.339 3.609802 0.091138
1.340 3.609723 0.090939
1.341 3.609646 0.090751
1.342 3.609571 0.090584
1.343 3.609496 0.090417
1.344 3.609422 0.090250
1.345 3.609347 0.090083
1.346 3.609272 0.089916
1.347 3.609198 0.089750
1.348 3.609123 0.089580
1.349 3.609054 0.089371
1.350 3.608984 0.089163
1.351 3.608915 0.088954
1.352 3.608846 0.088745
1.353 3.608776 0.088536
1.354 3.608707 0.088327
1.355 3.608637 0.088118
1.356 3.608573 0.087930
1.357 3.608511 0.087751
1.358 3.608449 0.087572
1.359 3.608387 0.087393
1.360 3.608324 0.087214
1.361 3.608262 0.087035
1.362 3.608200 0.086856
1.363 3.608140 0.086671
1.364 3.608086 0.086471
1.365 3.608032 0.086271
1.366 3.607978 0.086071
1.367 3.607923 0.085871
1.368 3.607869 0.085671
1.369 3.607815 0.085471
1.370 3.607761 0.085271
1.371 3.607723 0.085050
1.372 3.607690 0.084820
1.373 3.607657 0.084591
1.374 3.607624 0.084362
1.375 3.607592 0.084132
1.376 3.607559 0.083903
1.377 3.607526 0.083674
1.378 3.607495 0.083442
1.379 3.607474 0.083198
1.380 3.607453 0.082954
1.381 3.607431 0.082710
1.382 3.607410 0.082465
1.383 3.607389 0.082221
1.384 3.607368 0.081977
1.385 3.607347 0.081732
1.386 3.607332 0.081460
1.387 3.607324 0.081151
1.388 3.607317 0.080843
1.389 3.607309 0.080534
1.390 3.607302 0.080225
1.391 3.607294 0.079917
1.392 3.607287 0.079608
1.393 3.607279 0.079299
1.394 3.607295 0.079015
1.395 3.607323 0.078743
1.396 3.607351 0.078470
1.397 3.607379 0.078198
1.398 3.607407 0.077926
1.399 3.607435 0.077654
1.400 3.607463 0.077382
1.401 3.607491 0.077109
1.402 3.607549 0.076837
1.403 3.607615 0.076566
1.404 3.607681 0.076294
1.405 3.607747 0.076022
1.406 3.607814 0.075750
1.407 3.607880 0.075478
1.408 3.607946 0.075206
1.409 3.608012 0.074934
1.410 3.608112 0.074628
1.411 3.608218 0.074315
1.412 3.608324 0.074002
1.413 3.608431 0.073690
1.414 3.608537 0.073377
1.415 3.608643 0.073064
1.416 3.608750 0.072752
1.417 3.608856 0.072439
1.418 3.609005 0.072138
1.419 3.609166 0.071840
1.420 3.609327 0.071542
1.421 3.609488 0.071244
1.422 3.609649 0.070945
1.423 3.609810 0.070647
1.424 3.609971 0.070349
1.425 3.610132 0.070051
1.426 3.610336 0.069695
1.427 3.610563 0.069307
1.428 3.610789 0.068919
1.429 3.611016 0.068532
1.430 3.611242 0.068144
1.431 3.611469 0.067757
1.432 3.611695 0.067369
1.433 3.611922 0.066981
1.434 3.612178 0.066593
1.435 3.612475 0.066203
1.436 3.612773 0.065813
1.437 3.613070 0.065423
1.438 3.613368 0.065034
1.439 3.613665 0.064644
1.440 3.613962 0.064254
1.441 3.614260 0.063864
1.442 3.614565 0.063471
1.443 3.614951 0.063048
1.444 3.615336 0.062626
1.445 3.615722 0.062203
1.446 3.616107 0.061780
1.447 3.616493 0.061357
1.448 3.616878 0.060935
1.449 3.617263 0.060512
1.450 3.617649 0.060089
1.451 3.618089 0.059623
1.452 3.618555 0.059135
1.453 3.619022 0.058647
1.454 3.619488 0.058159
1.455 3.619955 0.057671
1.456 3.620422 0.057183
1.457 3.620888 0.056695
1.458 3.621355 0.056207
1.459 3.621810 0.055709
1.460 3.622198 0.055150
1.461 3.622587 0.054591
1.462 3.622975 0.054032
1.463 3.623364 0.053473
1.464 3.623752 0.052914
1.465 3.624141 0.052355
1.466 3.624529 0.051795
1.467 3.624918 0.051236
1.468 3.625241 0.050644
1.469 3.625504 0.050019
1.470 3.625767 0.049395
1.471 3.626030 0.048771
1.472 3.626292 0.048147
1.473 3.626555 0.047523
1.474 3.626818 0.046899
1.475 3.627081 0.046275
1.476 3.627344 0.045651
1.477 3.627446 0.044912
1.478 3.627506 0.044142
1.479 3.627566 0.043373
1.480 3.627626 0.042603
1.481 3.627686 0.041834
1.482 3.627746 0.041064
1.483 3.627806 0.040295
1.484 3.627866 0.039525
1.485 3.627926 0.038756
1.486 3.627409 0.037917
1.487 3.626867 0.037075
1.488 3.626325 0.036233
1.489 3.625783 0.035391
1.490 3.625242 0.034549
1.491 3.624700 0.033707
1.492 3.624158 0.032865
1.493 3.623616 0.032024
1.494 3.623074 0.031182
1.495 3.622532 0.030340
1.496 3.621990 0.029498
1.497 3.621448 0.028656
1.498 3.620907 0.027814
1.499 3.620365 0.026972
1.500 3.619823 0.026130
1.501 3.619281 0.025289
1.502 3.618739 0.024447
1.503 3.618197 0.023605
1.504 3.617655 0.022763
1.505 3.617113 0.021921
1.506 3.616572 0.021079
1.507 3.616030 0.020237
1.508 3.615307 0.019846
1.509 3.614570 0.019487
1.510 3.613834 0.019127
1.511 3.613098 0.018768
1.512 3.612362 0.018409
1.513 3.611626 0.018050
1.514 3.610890 0.017691
1.515 3.610154 0.017331
1.516 3.609418 0.016972
1.517 3.608682 0.016613
1.518 3.607945 0.016254
1.519 3.607209 0.015895
1.520 3.606473 0.015535
1.521 3.605737 0.015176
1.522 3.605001 0.014817
1.523 3.604265 0.014458
1.524 3.603529 0.014099
1.525 3.602793 0.013739
1.526 3.602057 0.013380
1.527 3.601320 0.013021
1.528 3.600584 0.012662
1.529 3.599848 0.012303
1.530 3.599134 0.011986
1.531 3.598486 0.011802
1.532 3.597838 0.011618
1.533 3.597189 0.011434
1.534 3.596541 0.011250
1.535 3.595893 0.011066
1.536 3.595245 0.010882
1.537 3.594597 0.010698
1.538 3.593949 0.010514
1.539 3.593301 0.010330
1.540 3.592653 0.010146
1.541 3.592005 0.009962
1.542 3.591357 0.009778
1.543 3.590709 0.009594
1.544 3.590061 0.009410
1.545 3.589412 0.009226
1.546 3.588764 0.009042
1.547 3.588116 0.008858
1.548 3.587468 0.008674
1.549 3.586820 0.008490
1.550 3.586172 0.008306
1.551 3.585524 0.008122
1.552 3.584876 0.007938
1.553 3.584228 0.007754
1.554 3.583667 0.007621
1.555 3.583120 0.007496
1.556 3.582573 0.007371
1.557 3.582026 0.007246
1.558 3.581479 0.007121
1.559 3.580932 0.006996
1.560 3.580385 0.006871
1.561 3.579838 0.006746
1.562 3.579291 0.006621
1.563 3.578744 0.006496
1.564 3.578197 0.006371
1.565 3.577650 0.006246
1.566 3.577103 0.006121
1.567 3.576556 0.005996
1.568 3.576009 0.005871
1.569 3.575461 0.005746
1.570 3.574914 0.005621
1.571 3.574367 0.005496
1.572 3.573820 0.005371
1.573 3.573273 0.005246
1.574 3.572726 0.005121
1.575 3.572179 0.004996
1.576 3.571632 0.004871
1.577 3.571085 0.004746
1.578 3.570560 0.004653
1.579 3.570042 0.004570
1.580 3.569524 0.004486
1.581 3.569006 0.004403
1.582 3.568488 0.004320
1.583 3.567970 0.004236
1.584 3.567452 0.004153
1.585 3.566934 0.004070
1.586 3.566416 0.003987
1.587 3.565898 0.003903
1.588 3.565380 0.003820
1.589 3.564862 0.003737
1.590 3.564344 0.003653
1.591 3.563826 0.003570
1.592 3.563308 0.003487
1.593 3.562790 0.003403
1.594 3.562272 0.003320
1.595 3.561754 0.003237
1.596 3.561236 0.003154
1.597 3.560718 0.003070
1.598 3.560200 0.002987
1.599 3.559682 0.002904
1.600 3.559164 0.002820
1.601 3.558646 0.002737
1.602 3.558128 0.002654
1.603 3.557635 0.002612
1.604 3.557146 0.002576
1.605 3.556656 0.002540
1.606 3.556167 0.002505
1.607 3.555677 0.002469
1.608 3.555188 0.002433
1.609 3.554698 0.002397
1.610 3.554209 0.002361
1.611 3.553719 0.002325
1.612 3.553230 0.002289
1.613 3.552740 0.002253
1.614 3.552251 0.002217
1.615 3.551761 0.002181
1.616 3.551271 0.002145
1.617 3.550782 0.002109
1.618 3.550292 0.002073
1.619 3.549803 0.002037
1.620 3.549313 0.002001
1.621 3.548824 0.001965
1.622 3.548334 0.001929
1.623 3.547845 0.001893
1.624 3.547355 0.001858
1.625 3.546866 0.001822
1.626 3.546376 0.001786
1.627 3.545887 0.001750
1.628 3.545405 0.001716
1.629 3.544952 0.001689
1.630 3.544498 0.001663
1.631 3.544045 0.001636
1.632 3.543591 0.001609
1.633 3.543137 0.001583
1.634 3.542684 0.001556
1.635 3.542230 0.001530
1.636 3.541777 0.001503
1.637 3.541323 0.001476
1.638 3.540870 0.001450
1.639 3.540416 0.001423
1.640 3.539963 0.001397
1.641 3.539509 0.001370
1.642 3.539056 0.001343
1.643 3.538602 0.001317
1.644 3.538149 0.001290
1.645 3.537695 0.001263
1.646 3.537242 0.001237
1.647 3.536788 0.001210
1.648 3.536335 0.001184
1.649 3.535881 0.001157
1.650 3.535428 0.001130
1.651 3.534974 0.001104
1.652 3.534520 0.001077
1.653 3.534067 0.001051
1.654 3.533613 0.001024
1.655 3.533183 0.001011
1.656 3.532761 0.001004
1.657 3.532340 0.000997
1.658 3.531918 0.000990
1.659 3.531496 0.000982
1.660 3.531075 0.000975
1.661 3.530653 0.000968
1.662 3.530231 0.000961
1.663 3.529810 0.000954
1.664 3.529388 0.000946
1.665 3.528967 0.000939
1.666 3.528545 0.000932
1.667 3.528123 0.000925
1.668 3.527702 0.000918
1.669 3.527280 0.000910
1.670 3.526858 0.000903
1.671 3.526437 0.000896
1.672 3.526015 0.000889
1.673 3.525593 0.000881
1.674 3.525172 0.000874
1.675 3.524750 0.000867
1.676 3.524329 0.000860
1.677 3.523907 0.000853
1.678 3.523485 0.000845
1.679 3.523064 0.000838
1.680 3.522642 0.000831
1.681 3.522220 0.000824
1.682 3.521810 0.000816
1.683 3.521420 0.000809
1.684 3.521031 0.000801
1.685 3.520641 0.000793
1.686 3.520251 0.000786
1.687 3.519862 0.000778
1.688 3.519472 0.000770
1.689 3.519083 0.000763
1.690 3.518693 0.000755
1.691 3.518303 0.000747
1.692 3.517914 0.000740
1.693 3.517524 0.000732
1.694 3.517135 0.000724
1.695 3.516745 0.000717
1.696 3.516356 0.000709
1.697 3.515966 0.000701
1.698 3.515576 0.000694
1.699 3.515187 0.000686
1.700 3.514797 0.000678
1.701 3.514408 0.000671
1.702 3.514018 0.000663
1.703 3.513629 0.000655
1.704 3.513239 0.000648
1.705 3.512849 0.000640
1.706 3.512460 0.000632
1.707 3.512070 0.000625
1.708 3.511681 0.000617
1.709 3.511291 0.000609
1.710 3.510903 0.000602
1.711 3.510540 0.000596
1.712 3.510177 0.000590
1.713 3.509814 0.000584
1.714 3.509450 0.000578
1.715 3.509087 0.000572
1.716 3.508724 0.000566
1.717 3.508361 0.000560
1.718 3.507998 0.000554
1.719 3.507635 0.000548
1.720 3.507272 0.000542
1.721 3.506909 0.000536
1.722 3.506546 0.000530
1.723 3.506183 0.000524
1.724 3.505820 0.000518
1.725 3.505457 0.000512
1.726 3.505094 0.000506
1.727 3.504731 0.000500
1.728 3.504368 0.000494
1.729 3.504005 0.000488
1.730 3.503642 0.000482
1.731 3.503279 0.000476
1.732 3.502916 0.000470
1.733 3.502553 0.000464
1.734 3.502189 0.000458
1.735 3.501826 0.000452
1.736 3.501463 0.000446
1.737 3.501100 0.000440
1.738 3.500737 0.000434
1.739 3.500374 0.000428
1.740 3.500029 0.000428
1.741 3.499689 0.000428
1.742 3.499349 0.000429
1.743 3.499009 0.000429
1.744 3.498669 0.000430
1.745 3.498329 0.000430
1.746 3.497989 0.000431
1.747 3.497649 0.000431
1.748 3.497309 0.000432
1.749 3.496969 0.000432
1.750 3.496629 0.000433
1.751 3.496289 0.000433
1.752 3.495949 0.000434
1.753 3.495609 0.000434
1.754 3.495269 0.000435
1.755 3.494929 0.000435
1.756 3.494589 0.000436
1.757 3.494249 0.000437
1.758 3.493909 0.000437
1.759 3.493569 0.000438
1.760 3.493229 0.000438
1.761 3.492889 0.000439
1.762 3.492549 0.000439
1.763 3.492209 0.000440
1.764 3.491869 0.000440
1.765 3.491529 0.000441
1.766 3.491189 0.000441
1.767 3.490849 0.000442
1.768 3.490509 0.000442
1.769 3.490169 0.000443
1.770 3.489838 0.000441
1.771 3.489517 0.000436
1.772 3.489196 0.000431
1.773 3.488875 0.000427
1.774 3.488554 0.000422
1.775 3.488233 0.000417
1.776 3.487912 0.000413
1.777 3.487590 0.000408
1.778 3.487269 0.000403
1.779 3.486948 0.000399
1.780 3.486627 0.000394
1.781 3.486306 0.000389
1.782 3.485985 0.000385
1.783 3.485664 0.000380
1.784 3.485342 0.000375
1.785 3.485021 0.000371
1.786 3.484700 0.000366
1.787 3.484379 0.000361
1.788 3.484058 0.000357
1.789 3.483737 0.000352
1.790 3.483416 0.000347
1.791 3.483094 0.000343
1.792 3.482773 0.000338
1.793 3.482452 0.000333
1.794 3.482131 0.000329
1.795 3.481810 0.000324
1.796 3.481489 0.000319
1.797 3.481168 0.000315
1.798 3.480846 0.000310
1.799 3.480525 0.000305
1.800 3.480204 0.000300
1.801 NaN NaN
1.802 NaN NaN
1.803 NaN NaN
1.804 NaN NaN
1.805 NaN NaN
1.806 NaN NaN
1.807 NaN NaN
1.808 NaN NaN
1.809 NaN NaN
1.810 NaN NaN
1.811 NaN NaN
1.812 NaN NaN
1.813 NaN NaN
1.814 NaN NaN
1.815 NaN NaN
1.816 NaN NaN
1.817 NaN NaN
1.818 NaN NaN
1.819 NaN NaN
1.820 NaN NaN
1.821 NaN NaN
1.822 NaN NaN
1.823 NaN NaN
1.824 NaN NaN
1.825 NaN NaN
1.826 NaN NaN
1.827 NaN NaN
1.828 NaN NaN
1.829 NaN NaN
1.830 NaN NaN
1.831 NaN NaN
1.832 NaN NaN
1.833 NaN NaN
1.834 NaN NaN
1.835 NaN NaN
1.836 NaN NaN
1.837 NaN NaN
1.838 NaN NaN
1.839 NaN NaN
1.840 NaN NaN
1.841 NaN NaN
1.842 NaN NaN
1.843 NaN NaN
1.844 NaN NaN
1.845 NaN NaN
1.846 NaN NaN
1.847 NaN NaN
1.848 NaN NaN
1.849 NaN NaN
1.850 NaN NaN
1.851 NaN NaN
1.852 NaN NaN
1.853 NaN NaN
1.854 NaN NaN
1.855 NaN NaN
1.856 NaN NaN
1.857 NaN NaN
1.858 NaN NaN
1.859 NaN NaN
1.860 NaN NaN
1.861 NaN NaN
1.862 NaN NaN
1.863 NaN NaN
1.864 NaN NaN
1.865 NaN NaN
1.866 NaN NaN
1.867 NaN NaN
1.868 NaN NaN
1.869 NaN NaN
1.870 NaN NaN
1.871 NaN NaN
1.872 NaN NaN
1.873 NaN NaN
1.874 NaN NaN
1.875 NaN NaN
1.876 NaN NaN
1.877 NaN NaN
1.878 NaN NaN
1.879 NaN NaN
1.880 NaN NaN
1.881 NaN NaN
1.882 NaN NaN
1.883 NaN NaN
1.884 NaN NaN
1.885 NaN NaN
1.886 NaN NaN
1.887 NaN NaN
1.888 NaN NaN
1.889 NaN NaN
1.890 NaN NaN
1.891 NaN NaN
1.892 NaN NaN
1.893 NaN NaN
1.894 NaN NaN
1.895 NaN NaN
1.896 NaN NaN
1.897 NaN NaN
1.898 NaN NaN
1.899 NaN NaN
1.900 NaN NaN
1.901 NaN NaN
1.902 NaN NaN
1.903 NaN NaN
1.904 NaN NaN
1.905 NaN NaN
1.906 NaN NaN
1.907 NaN NaN
1.908 NaN NaN
1.909 NaN NaN
1.910 NaN NaN
1.911 NaN NaN
1.912 NaN NaN
1.913 NaN NaN
1.914 NaN NaN
1.915 NaN NaN
1.916 NaN NaN
1.917 NaN NaN
1.918 NaN NaN
1.919 NaN NaN
1.920 NaN NaN
1.921 NaN NaN
1.922 NaN NaN
1.923 NaN NaN
1.924 NaN NaN
1.925 NaN NaN
1.926 NaN NaN
1.927 NaN NaN
1.928 NaN NaN
1.929 NaN NaN
1.930 NaN NaN
1.931 NaN NaN
1.932 NaN NaN
1.933 NaN NaN
1.934 NaN NaN
1.935 NaN NaN
1.936 NaN NaN
1.937 NaN NaN
1.938 NaN NaN
1.939 NaN NaN
1.940 NaN NaN
1.941 NaN NaN
1.942 NaN NaN
1.943 NaN NaN
1.944 NaN NaN
1.945 NaN NaN
1.946 NaN NaN
1.947 NaN NaN
1.948 NaN NaN
1.949 NaN NaN
1.950 NaN NaN