0.253 1.863671 3.175122
0.254 1.905121 3.197918
0.255 1.940235 3.214462
0.256 1.975517 3.229387
0.257 2.015836 3.244226
0.258 2.057923 3.259037
0.259 2.099151 3.273805
0.260 2.138565 3.288501
0.261 2.185949 3.303053
0.262 2.227995 3.317405
0.263 2.273080 3.323028
0.264 2.320567 3.335844
0.265 2.368566 3.337784
0.266 2.423941 3.343914
0.267 2.473431 3.343676
0.268 2.520998 3.341419
0.269 2.572224 3.338494
0.270 2.623892 3.334940
0.271 2.674714 3.322918
0.272 2.724991 3.310589
0.273 2.775079 3.300732
0.274 2.823711 3.283039
0.275 2.872794 3.264807
0.276 2.920237 3.246565
0.277 2.963755 3.224102
0.278 3.006019 3.201347
0.279 3.047842 3.171222
0.280 3.089259 3.146896
0.281 3.130285 3.118184
0.282 3.164138 3.087604
0.283 3.199715 3.048882
0.284 3.233082 3.017920
0.285 3.262501 2.986219
0.286 3.289197 2.949680
0.287 3.315173 2.911808
0.288 3.341033 2.877469
0.289 3.359867 2.843228
0.290 3.380547 2.806307
0.291 3.399979 2.770807
0.292 3.415376 2.738097
0.293 3.427858 2.698408
0.294 3.440040 2.664816
0.295 3.452158 2.628924
0.296 3.458449 2.594992
0.297 3.466423 2.564571
0.298 3.470422 2.532795
0.299 3.474709 2.501477
0.300 3.482623 2.471821
0.301 3.482779 2.438952
0.302 3.482069 2.411416
0.303 3.481225 2.385111
0.304 3.480402 2.358945
0.305 3.479599 2.332903
0.306 3.478821 2.310081
0.307 3.472242 2.289847
0.308 3.468631 2.265736
0.309 3.464009 2.247740
0.310 3.458088 2.223181
0.311 3.455812 2.205925
0.312 3.447648 2.184876
0.313 3.445813 2.170878
0.314 3.437484 2.150492
0.315 3.433162 2.136527
0.316 3.426018 2.123581
0.317 3.418206 2.111074
0.318 3.415310 2.098649
0.319 3.410261 2.086286
0.320 3.405283 2.073978
0.321 3.396391 2.061721
0.322 3.391455 2.049515
0.323 3.385188 2.037363
0.324 3.376975 2.032082
0.325 3.373059 2.022106
0.326 3.365069 2.013830
0.327 3.363934 2.007249
0.328 3.356232 1.996586
0.329 3.352356 1.992147
0.330 3.344913 1.984953
0.331 3.343331 1.978565
0.332 3.336428 1.974301
0.333 3.333817 1.966795
0.334 3.330006 1.965037
0.335 3.324292 1.959792
0.336 3.322900 1.956025
0.337 3.315406 1.954091
0.338 3.313841 1.947074
0.339 3.308895 1.946224
0.340 3.304374 1.945606
0.341 3.303233 1.939157
0.342 3.301188 1.936967
0.343 3.294854 1.936519
0.344 3.293552 1.936454
0.345 3.292909 1.936487
0.346 3.292745 1.936524
0.347 3.291368 1.935345
0.348 3.284269 1.928441
0.349 3.283218 1.927580
0.350 3.282770 1.927320
0.351 3.282594 1.927328
0.352 3.282468 1.927385
0.353 3.282349 1.927446
0.354 3.282236 1.927510
0.355 3.282129 1.927578
0.356 3.282027 1.927648
0.357 3.281929 1.927720
0.358 3.281837 1.927796
0.359 3.281753 1.927877
0.360 3.281673 1.930320
0.361 3.281597 1.936223
0.362 3.281524 1.937020
0.363 3.281457 1.937654
0.364 3.281396 1.937749
0.365 3.281339 1.937848
0.366 3.282014 1.937949
0.367 3.288999 1.938054
0.368 3.290133 1.941098
0.369 3.290540 1.946434
0.370 3.290552 1.947242
0.371 3.295756 1.947937
0.372 3.298835 1.948058
0.373 3.299699 1.948183
0.374 3.299863 1.949236
0.375 3.301603 1.955668
0.376 3.307846 1.957306
0.377 3.308633 1.957994
0.378 3.312522 1.958281
0.379 3.317514 1.962364
0.380 3.318208 1.966805
0.381 3.323792 1.967742
0.382 3.327057 1.968241
0.383 3.328235 1.968789
0.384 3.334577 1.974958
0.385 3.336804 1.977301
0.386 3.338781 1.978117
0.387 3.345121 1.980179
0.388 3.347879 1.986767
0.389 3.354808 1.987492
0.390 3.356086 1.988312
0.391 3.359665 1.991633
0.392 3.364805 1.996725
0.393 3.369542 1.997742
0.394 3.374659 1.998602
0.395 3.380021 2.003426
0.396 3.384375 2.007172
0.397 3.390463 2.008155
0.398 3.394068 2.014150
0.399 3.400730 2.017268
0.400 3.409660 2.018344
0.401 3.413285 2.024760
0.402 3.420665 2.027343
0.403 3.423538 2.029171
0.404 3.430857 2.036035
0.405 3.439779 2.038428
0.406 3.449241 2.045867
0.407 3.452533 2.047403
0.408 3.460272 2.048278
0.409 3.469213 2.055415
0.410 3.478624 2.057462
0.411 3.481580 2.065165
0.412 3.489506 2.067517
0.413 3.498458 2.074916
0.414 3.507708 2.077660
0.415 3.518652 2.084829
0.416 3.534220 2.087707
0.417 3.544670 2.094945
0.418 3.555015 2.097888
0.419 3.565754 2.104936
0.420 3.581052 2.108010
0.421 3.592602 2.115034
0.422 3.609904 2.117846
0.423 3.627832 2.125014
0.424 3.639903 2.126400
0.425 3.656444 2.127539
0.426 3.674214 2.128180
0.427 3.692445 2.128491
0.428 3.710921 2.128751
0.429 3.729963 2.123537
0.430 3.753563 2.121066
0.431 3.774254 2.115132
0.432 3.793399 2.107197
0.433 3.812228 2.098941
0.434 3.826198 2.090263
0.435 3.840814 2.077489
0.436 3.854742 2.064889
0.437 3.867986 2.055645
0.438 3.882548 2.043473
0.439 3.892509 2.029983
0.440 3.900066 2.018239
0.441 3.903855 2.003362
0.442 3.910612 1.994142
0.443 3.912478 1.983517
0.444 3.914188 1.968568
0.445 3.920562 1.960498
0.446 3.922911 1.956515
0.447 3.923923 1.949476
0.448 3.924818 1.942065
0.449 3.925249 1.938999
0.450 3.925670 1.938266
0.451 3.926101 1.937887
0.452 3.926551 1.938151
0.453 3.927030 1.938531
0.454 3.930187 1.941574
0.455 3.935457 1.946718
0.456 3.937602 1.948724
0.457 3.946119 1.957065
0.458 3.953449 1.965281
0.459 3.957392 1.973691
0.460 3.969791 1.982471
0.461 3.981053 1.986656
0.462 3.994000 1.992173
0.463 4.010885 2.000450
0.464 4.027922 2.008638
0.465 4.045265 2.017075
0.466 4.063945 2.025733
0.467 4.088269 2.033898
0.468 4.113179 2.036916
0.469 4.138580 2.042688
0.470 4.164383 2.046254
0.471 4.194405 2.047227
0.472 4.226851 2.044775
0.473 4.259614 2.039127
0.474 4.292650 2.032065
0.475 4.325667 2.024345
0.476 4.358597 2.012449
0.477 4.391432 1.997788
0.478 4.422772 1.980841
0.479 4.450580 1.959804
0.480 4.480377 1.936641
0.481 4.509578 1.913115
0.482 4.535728 1.887245
0.483 4.559805 1.857618
0.484 4.580370 1.825987
0.485 4.598108 1.794044
0.486 4.615359 1.761790
0.487 4.630962 1.729247
0.488 4.643535 1.696478
0.489 4.654799 1.663601
0.490 4.667588 1.630676
0.491 4.669317 1.597792
0.492 4.674731 1.565089
0.493 4.677681 1.533276
0.494 4.677554 1.503266
0.495 4.676941 1.476927
0.496 4.675766 1.446056
0.497 4.669810 1.420397
0.498 4.666101 1.395747
0.499 4.661735 1.371184
0.500 4.653948 1.346752
0.501 4.646503 1.322516
0.502 4.639679 1.298646
0.503 4.636365 1.275634
0.504 4.631280 1.255295
0.505 4.623280 1.236590
0.506 4.615293 1.214642
0.507 4.607265 1.198293
0.508 4.598806 1.182150
0.509 4.590215 1.166076
0.510 4.579118 1.150048
0.511 4.567048 1.134279
0.512 4.558103 1.118886
0.513 4.550184 1.103615
0.514 4.542280 1.092298
0.515 4.534389 1.080543
0.516 4.526513 1.068013
0.517 4.518653 1.056646
0.518 4.510808 1.044580
0.519 4.502979 1.032311
0.520 4.495166 1.022376
0.521 4.487368 1.008576
0.522 4.479588 0.999800
0.523 4.471825 0.991642
0.524 4.464077 0.982926
0.525 4.456347 0.973981
0.526 4.448769 0.965311
0.527 4.441487 0.956854
0.528 4.434337 0.948710
0.529 4.428858 0.940923
0.530 4.426150 0.933207
0.531 4.419740 0.925585
0.532 4.412127 0.918365
0.533 4.404532 0.911397
0.534 4.397174 0.904518
0.535 4.390071 0.897776
0.536 4.383242 0.891337
0.537 4.378217 0.885167
0.538 4.375951 0.879016
0.539 4.368813 0.872894
0.540 4.361787 0.866838
0.541 4.354939 0.860842
0.542 4.349946 0.855094
0.543 4.346032 0.849608
0.544 4.341411 0.844285
0.545 4.334761 0.838984
0.546 4.328994 0.833712
0.547 4.326519 0.828490
0.548 4.321444 0.823289
0.549 4.314667 0.818367
0.550 4.309070 0.813689
0.551 4.307575 0.808642
0.552 4.302056 0.804016
0.553 4.298390 0.799504
0.554 4.294527 0.795034
0.555 4.289426 0.790585
0.556 4.283045 0.786166
0.557 4.278574 0.781799
0.558 4.275685 0.777574
0.559 4.271578 0.773551
0.560 4.267303 0.769556
0.561 4.265604 0.765312
0.562 4.259311 0.761560
0.563 4.257158 0.757431
0.564 4.253712 0.753452
0.565 4.248309 0.749780
0.566 4.246866 0.746131
0.567 4.241819 0.742492
0.568 4.238327 0.738864
0.569 4.235349 0.735246
0.570 4.230702 0.731636
0.571 4.227691 0.728036
0.572 4.224154 0.724444
0.573 4.220376 0.720872
0.574 4.216638 0.717328
0.575 4.213839 0.713827
0.576 4.210142 0.710451
0.577 4.207297 0.707199
0.578 4.206484 0.704058
0.579 4.204291 0.700586
0.580 4.200098 0.697199
0.581 4.196051 0.693973
0.582 4.194349 0.691003
0.583 4.188953 0.687675
0.584 4.186046 0.684605
0.585 4.184030 0.681729
0.586 4.178372 0.678851
0.587 4.176830 0.675579
0.588 4.176204 0.672460
0.589 4.175427 0.669641
0.590 4.169593 0.666807
0.591 4.166926 0.663985
0.592 4.166102 0.661059
0.593 4.165536 0.657773
0.594 4.161063 0.654872
0.595 4.157328 0.652081
0.596 4.156066 0.649328
0.597 4.155331 0.646583
0.598 4.152208 0.643843
0.599 4.147265 0.641107
0.600 4.145764 0.638379
0.601 4.142172 0.635666
0.602 4.137947 0.632967
0.603 4.136323 0.630299
0.604 4.135448 0.627636
0.605 4.133884 0.625072
0.606 4.129236 0.622812
0.607 4.126857 0.620313
0.608 4.125489 0.617714
0.609 4.124929 0.615053
0.610 4.121281 0.612419
0.611 4.117682 0.609793
0.612 4.116328 0.607171
0.613 4.115582 0.604878
0.614 4.115021 0.602599
0.615 4.114488 0.600093
0.616 4.110816 0.597518
0.617 4.106744 0.595011
0.618 4.105386 0.592854
0.619 4.104602 0.590464
0.620 4.103539 0.587953
0.621 4.098505 0.585396
0.622 4.095743 0.583111
0.623 4.094700 0.581027
0.624 4.094241 0.578519
0.625 4.091705 0.576218
0.626 4.086520 0.574181
0.627 4.085449 0.571736
0.628 4.084987 0.569359
0.629 4.084404 0.567324
0.630 4.083611 0.564996
0.631 4.082412 0.562567
0.632 4.077788 0.560508
0.633 4.075159 0.558285
0.634 4.074750 0.555881
0.635 4.074170 0.553770
0.636 4.073310 0.551647
0.637 4.071613 0.549321
0.638 4.068598 0.547211
0.639 4.064687 0.545248
0.640 4.063928 0.543140
0.641 4.062782 0.540992
0.642 4.060370 0.538765
0.643 4.057679 0.536722
0.644 4.054832 0.534783
0.645 4.054301 0.532617
0.646 4.053823 0.530467
0.647 4.053316 0.528368
0.648 4.050969 0.526382
0.649 4.047442 0.524467
0.650 4.045613 0.522561
0.651 4.044189 0.520579
0.652 4.043685 0.518313
0.653 4.043228 0.516215
0.654 4.042818 0.514286
0.655 4.039029 0.512397
0.656 4.034473 0.510520
0.657 4.034100 0.508631
0.658 4.033674 0.506725
0.659 4.033128 0.504783
0.660 4.032050 0.502693
0.661 4.030551 0.500485
0.662 4.027524 0.498578
0.663 4.024211 0.496748
0.664 4.024009 0.494924
0.665 4.023748 0.493102
0.666 4.023314 0.491284
0.667 4.022871 0.489470
0.668 4.022416 0.487658
0.669 4.019899 0.485850
0.670 4.016365 0.484044
0.671 4.014700 0.482243
0.672 4.013371 0.480443
0.673 4.012885 0.478649
0.674 4.012350 0.476857
0.675 4.011644 0.475069
0.676 4.009637 0.473283
0.677 4.005552 0.471500
0.678 4.003464 0.469720
0.679 4.003081 0.467943
0.680 4.002633 0.466170
0.681 4.002155 0.464399
0.682 3.999903 0.462633
0.683 3.997254 0.460868
0.684 3.995315 0.459108
0.685 3.993505 0.457348
0.686 3.993204 0.455594
0.687 3.992877 0.453841
0.688 3.992413 0.452094
0.689 3.991879 0.450348
0.690 3.991137 0.448608
0.691 3.989372 0.446877
0.692 3.985527 0.445165
0.693 3.983072 0.443461
0.694 3.982696 0.441766
0.695 3.982297 0.440165
0.696 3.981871 0.438673
0.697 3.980132 0.437159
0.698 3.977129 0.435624
0.699 3.975049 0.434002
0.700 3.973730 0.432308
0.701 3.972978 0.430626
0.702 3.972646 0.428953
0.703 3.972235 0.427312
0.704 3.971769 0.425694
0.705 3.970658 0.424229
0.706 3.969108 0.422869
0.707 3.966884 0.421331
0.708 3.964188 0.419667
0.709 3.962880 0.418006
0.710 3.962620 0.416347
0.711 3.962275 0.414870
0.712 3.961858 0.413548
0.713 3.961452 0.412097
0.714 3.961059 0.410515
0.715 3.959100 0.408939
0.716 3.955188 0.407371
0.717 3.952627 0.405891
0.718 3.952276 0.404555
0.719 3.951918 0.403129
0.720 3.951543 0.401499
0.721 3.950587 0.399932
0.722 3.947487 0.398600
0.723 3.944630 0.397246
0.724 3.943694 0.395717
0.725 3.942758 0.394188
0.726 3.942444 0.392648
0.727 3.942131 0.391107
0.728 3.941736 0.389788
0.729 3.941328 0.388502
0.730 3.939502 0.387148
0.731 3.937161 0.385771
0.732 3.935253 0.384362
0.733 3.933656 0.382931
0.734 3.932605 0.381591
0.735 3.932316 0.380376
0.736 3.931996 0.379093
0.737 3.931578 0.377595
0.738 3.931088 0.376108
0.739 3.929277 0.374819
0.740 3.927465 0.373529
0.741 3.925459 0.372208
0.742 3.923417 0.370882
0.743 3.922491 0.369481
0.744 3.922212 0.368038
0.745 3.921881 0.366693
0.746 3.921474 0.365495
0.747 3.920892 0.364263
0.748 3.919393 0.362853
0.749 3.917893 0.361443
0.750 3.915552 0.360121
0.751 3.913122 0.358808
0.752 3.911992 0.357545
0.753 3.911611 0.356310
0.754 3.911161 0.355110
0.755 3.910580 0.353974
0.756 3.909863 0.352824
0.757 3.906718 0.351425
0.758 3.903573 0.350027
0.759 3.902580 0.348706
0.760 3.902339 0.347413
0.761 3.902042 0.346153
0.762 3.901666 0.344938
0.763 3.901269 0.343731
0.764 3.900606 0.342622
0.765 3.899943 0.341513
0.766 3.897630 0.340232
0.767 3.894674 0.338883
0.768 3.892667 0.337632
0.769 3.892416 0.336562
0.770 3.892165 0.335491
0.771 3.891789 0.334435
0.772 3.891409 0.333379
0.773 3.890713 0.332147
0.774 3.889777 0.330782
0.775 3.888590 0.329466
0.776 3.886031 0.328419
0.777 3.883472 0.327372
0.778 3.882594 0.326317
0.779 3.882354 0.325259
0.780 3.882077 0.324198
0.781 3.881708 0.323129
0.782 3.881339 0.322060
0.783 3.880103 0.320792
0.784 3.878677 0.319482
0.785 3.877054 0.318272
0.786 3.875056 0.317255
0.787 3.873058 0.316238
0.788 3.872559 0.315224
0.789 3.872315 0.314211
0.790 3.872036 0.313199
0.791 3.871692 0.312188
0.792 3.871348 0.311178
0.793 3.869568 0.310157
0.794 3.867484 0.309133
0.795 3.865626 0.308106
0.796 3.864334 0.307072
0.797 3.863042 0.306039
0.798 3.862495 0.304963
0.799 3.862221 0.303872
0.800 3.861947 0.302760
0.801 3.861667 0.301539
0.802 3.861386 0.300318
0.803 3.859614 0.299237
0.804 3.856717 0.298262
0.805 3.853820 0.297287
0.806 3.853310 0.296326
0.807 3.852886 0.295366
0.808 3.852500 0.294461
0.809 3.852188 0.293662
0.810 3.851876 0.292864
0.811 3.851640 0.292021
0.812 3.851436 0.291160
0.813 3.851101 0.290294
0.814 3.848076 0.289314
0.815 3.845050 0.288335
0.816 3.843074 0.287357
0.817 3.842869 0.286382
0.818 3.842664 0.285406
0.819 3.842367 0.284438
0.820 3.842026 0.283475
0.821 3.841686 0.282511
0.822 3.840527 0.281565
0.823 3.839344 0.280619
0.824 3.837977 0.279673
0.825 3.836041 0.278726
0.826 3.834104 0.277780
0.827 3.833012 0.276975
0.828 3.832775 0.276314
0.829 3.832537 0.275653
0.830 3.832272 0.274792
0.831 3.831996 0.273857
0.832 3.831720 0.272923
0.833 3.829314 0.271984
0.834 3.826796 0.271045
0.835 3.824566 0.270147
0.836 3.823987 0.269492
0.837 3.823407 0.268836
0.838 3.822916 0.268092
0.839 3.822608 0.267170
0.840 3.822299 0.266249
0.841 3.822027 0.265329
0.842 3.821795 0.264413
0.843 3.821563 0.263497
0.844 3.819752 0.262750
0.845 3.817014 0.262101
0.846 3.814276 0.261453
0.847 3.813450 0.260610
0.848 3.813258 0.259703
0.849 3.813066 0.258796
0.850 3.812779 0.258121
0.851 3.812475 0.257485
0.852 3.812172 0.256850
0.853 3.810386 0.256123
0.854 3.808497 0.255390
0.855 3.806607 0.254657
0.856 3.805541 0.253860
0.857 3.804476 0.253062
0.858 3.803442 0.252266
0.859 3.803158 0.251511
0.860 3.802874 0.250756
0.861 3.802597 0.250000
0.862 3.802432 0.249239
0.863 3.802267 0.248479
0.864 3.801953 0.247726
0.865 3.799269 0.247109
0.866 3.796585 0.246492
0.867 3.793998 0.245873
0.868 3.793814 0.245217
0.869 3.793630 0.244561
0.870 3.793446 0.243904
0.871 3.793160 0.243155
0.872 3.792873 0.242405
0.873 3.792587 0.241655
0.874 3.790784 0.241142
0.875 3.788873 0.240646
0.876 3.786962 0.240150
0.877 3.785900 0.239440
0.878 3.784990 0.238691
0.879 3.784080 0.237942
0.880 3.783623 0.237274
0.881 3.783323 0.236634
0.882 3.783023 0.235994
0.883 3.782698 0.235389
0.884 3.782358 0.234807
0.885 3.782018 0.234224
0.886 3.780773 0.233628
0.887 3.778472 0.233016
0.888 3.776170 0.232405
0.889 3.774488 0.231801
0.890 3.774348 0.231217
0.891 3.774207 0.230633
0.892 3.774053 0.230059
0.893 3.773769 0.229584
0.894 3.773484 0.229110
0.895 3.773199 0.228635
0.896 3.773033 0.227963
0.897 3.772884 0.227261
0.898 3.772736 0.226560
0.899 3.771125 0.226011
0.900 3.768644 0.225555
0.901 3.766163 0.225098
0.902 3.764501 0.224637
0.903 3.764296 0.224169
0.904 3.764090 0.223701
0.905 3.763883 0.223233
0.906 3.763668 0.222766
0.907 3.763452 0.222299
0.908 3.763237 0.221831
0.909 3.761345 0.221198
0.910 3.758909 0.220510
0.911 3.756472 0.219823
0.912 3.754990 0.219236
0.913 3.754852 0.218791
0.914 3.754713 0.218346
0.915 3.754567 0.217901
0.916 3.754277 0.217458
0.917 3.753988 0.217015
0.918 3.753698 0.216571
0.919 3.752637 0.216129
0.920 3.751183 0.215688
0.921 3.749730 0.215246
0.922 3.748391 0.214805
0.923 3.747401 0.214365
0.924 3.746410 0.213925
0.925 3.745419 0.213486
0.926 3.745108 0.213047
0.927 3.744957 0.212609
0.928 3.744806 0.212171
0.929 3.744617 0.211734
0.930 3.744359 0.211300
0.931 3.744101 0.210866
0.932 3.743843 0.210432
0.933 3.742285 0.210010
0.934 3.740504 0.209589
0.935 3.738723 0.209169
0.936 3.737336 0.208751
0.937 3.736731 0.208339
0.938 3.736125 0.207927
0.939 3.735520 0.207515
0.940 3.735247 0.207245
0.941 3.735063 0.207013
0.942 3.734879 0.206781
0.943 3.734690 0.206513
0.944 3.734486 0.206120
0.945 3.734282 0.205727
0.946 3.734078 0.205334
0.947 3.732608 0.204935
0.948 3.730369 0.204533
0.949 3.728129 0.204130
0.950 3.725890 0.203728
0.951 3.725787 0.203445
0.952 3.725694 0.203164
0.953 3.725601 0.202882
0.954 3.725459 0.202588
0.955 3.725225 0.202269
0.956 3.724990 0.201950
0.957 3.724756 0.201632
0.958 3.724590 0.201258
0.959 3.724458 0.200855
0.960 3.724327 0.200452
0.961 3.724196 0.200049
0.962 3.722150 0.199854
0.963 3.720002 0.199669
0.964 3.717854 0.199485
0.965 3.716145 0.199253
0.966 3.716091 0.198839
0.967 3.716036 0.198426
0.968 3.715982 0.198012
0.969 3.715887 0.197687
0.970 3.715742 0.197476
0.971 3.715596 0.197264
0.972 3.715451 0.197052
0.973 3.715211 0.196712
0.974 3.714920 0.196300
0.975 3.714628 0.195888
0.976 3.714336 0.195476
0.977 3.713339 0.195070
0.978 3.712180 0.194665
0.979 3.711021 0.194259
0.980 3.709862 0.193854
0.981 3.709364 0.193531
0.982 3.708896 0.193211
0.983 3.708428 0.192891
0.984 3.707965 0.192587
0.985 3.707569 0.192507
0.986 3.707172 0.192428
0.987 3.706776 0.192349
0.988 3.706381 0.192255
0.989 3.705992 0.192077
0.990 3.705603 0.191899
0.991 3.705214 0.191721
0.992 3.704825 0.191516
0.993 3.704435 0.191201
0.994 3.704045 0.190885
0.995 3.703654 0.190570
0.996 3.703267 0.190263
0.997 3.702892 0.189983
0.998 3.702517 0.189704
0.999 3.702142 0.189424
1.000 3.701777 0.189112
1.001 3.701455 0.188667
1.002 3.701133 0.188222
1.003 3.700811 0.187777
1.004 3.700488 0.187347
1.005 3.700154 0.187002
1.006 3.699821 0.186657
1.007 3.699488 0.186312
1.008 3.699154 0.185974
1.009 3.698809 0.185733
1.010 3.698465 0.185492
1.011 3.698120 0.185251
1.012 3.697776 0.185010
1.013 3.697457 0.184807
1.014 3.697140 0.184606
1.015 3.696822 0.184405
1.016 3.696504 0.184205
1.017 3.696186 0.183915
1.018 3.695866 0.183604
1.019 3.695547 0.183293
1.020 3.695228 0.182982
1.021 3.694911 0.182647
1.022 3.694596 0.182297
1.023 3.694281 0.181947
1.024 3.693965 0.181597
1.025 3.693665 0.181299
1.026 3.693385 0.181076
1.027 3.693105 0.180853
1.028 3.692825 0.180630
1.029 3.692545 0.180404
1.030 3.692270 0.180161
1.031 3.691994 0.179918
1.032 3.691719 0.179674
1.033 3.691443 0.179431
1.034 3.691135 0.179020
1.035 3.690822 0.178583
1.036 3.690509 0.178147
1.037 3.690195 0.177710
1.038 3.689893 0.177317
1.039 3.689599 0.176960
1.040 3.689305 0.176603
1.041 3.689011 0.176246
1.042 3.688717 0.175879
1.043 3.688421 0.175466
1.044 3.688125 0.175053
1.045 3.687829 0.174639
1.046 3.687534 0.174226
1.047 3.687235 0.173872
1.048 3.686935 0.173533
1.049 3.686636 0.173194
1.050 3.686336 0.172855
1.051 3.686051 0.172521
1.052 3.685792 0.172197
1.053 3.685532 0.171872
1.054 3.685272 0.171548
1.055 3.685013 0.171223
1.056 3.684744 0.171024
1.057 3.684475 0.170840
1.058 3.684206 0.170656
1.059 3.683936 0.170473
1.060 3.683676 0.170232
1.061 3.683430 0.169897
1.062 3.683184 0.169562
1.063 3.682938 0.169227
1.064 3.682692 0.168892
1.065 3.682450 0.168531
1.066 3.682209 0.168165
1.067 3.681968 0.167799
1.068 3.681727 0.167433
1.069 3.681479 0.167036
1.070 3.681211 0.166543
1.071 3.680944 0.166050
1.072 3.680676 0.165557
1.073 3.680408 0.165065
1.074 3.680149 0.164567
1.075 3.679894 0.164066
1.076 3.679639 0.163565
1.077 3.679384 0.163064
1.078 3.679130 0.162562
1.079 3.678876 0.162200
1.080 3.678622 0.161845
1.081 3.678369 0.161490
1.082 3.678115 0.161135
1.083 3.677862 0.160812
1.084 3.677608 0.160589
1.085 3.677355 0.160366
1.086 3.677101 0.160143
1.087 3.676848 0.159920
1.088 3.676602 0.159662
1.089 3.676365 0.159368
1.090 3.676127 0.159074
1.091 3.675889 0.158780
1.092 3.675651 0.158486
1.093 3.675416 0.158129
1.094 3.675181 0.157745
1.095 3.674946 0.157361
1.096 3.674712 0.156978
1.097 3.674477 0.156594
1.098 3.674261 0.156253
1.099 3.674047 0.155917
1.100 3.673834 0.155582
1.101 3.673621 0.155247
1.102 3.673408 0.154912
1.103 3.673198 0.154534
1.104 3.672988 0.154157
1.105 3.672779 0.153780
1.106 3.672569 0.153402
1.107 3.672357 0.153029
1.108 3.672123 0.152705
1.109 3.671889 0.152381
1.110 3.671655 0.152058
1.111 3.671421 0.151734
1.112 3.671189 0.151421
1.113 3.670974 0.151194
1.114 3.670758 0.150968
1.115 3.670542 0.150741
1.116 3.670327 0.150515
1.117 3.670109 0.150279
1.118 3.669872 0.149957
1.119 3.669635 0.149634
1.120 3.669397 0.149312
1.121 3.669160 0.148990
1.122 3.668924 0.148669
1.123 3.668704 0.148375
1.124 3.668485 0.148082
1.125 3.668265 0.147788
1.126 3.668045 0.147494
1.127 3.667825 0.147200
1.128 3.667629 0.146883
1.129 3.667434 0.146564
1.130 3.667239 0.146245
1.131 3.667044 0.145927
1.132 3.666849 0.145608
1.133 3.666639 0.145290
1.134 3.666426 0.144971
1.135 3.666213 0.144653
1.136 3.666000 0.144335
1.137 3.665787 0.144017
1.138 3.665578 0.143737
1.139 3.665371 0.143483
1.140 3.665164 0.143229
1.141 3.664957 0.142974
1.142 3.664750 0.142720
1.143 3.664546 0.142504
1.144 3.664347 0.142355
1.145 3.664148 0.142205
1.146 3.663950 0.142056
1.147 3.663751 0.141906
1.148 3.663552 0.141757
1.149 3.663364 0.141617
1.150 3.663175 0.141476
1.151 3.662987 0.141335
1.152 3.662798 0.141194
1.153 3.662610 0.141053
1.154 3.662426 0.140899
1.155 3.662244 0.140742
1.156 3.662062 0.140584
1.157 3.661880 0.140426
1.158 3.661698 0.140268
1.159 3.661517 0.140108
1.160 3.661340 0.139941
1.161 3.661162 0.139774
1.162 3.660985 0.139608
1.163 3.660807 0.139441
1.164 3.660630 0.139274
1.165 3.660461 0.139143
1.166 3.660294 0.139014
1.167 3.660126 0.138886
1.168 3.659958 0.138757
1.169 3.659791 0.138629
1.170 3.659615 0.138496
1.171 3.659428 0.138358
1.172 3.659241 0.138219
1.173 3.659054 0.138081
1.174 3.658867 0.137943
1.175 3.658680 0.137804
1.176 3.658506 0.137700
1.177 3.658334 0.137601
1.178 3.658163 0.137501
1.179 3.657991 0.137402
1.180 3.657820 0.137303
1.181 3.657648 0.137191
1.182 3.657477 0.137045
1.183 3.657305 0.136899
1.184 3.657133 0.136754
1.185 3.656962 0.136608
1.186 3.656790 0.136462
1.187 3.656622 0.136286
1.188 3.656455 0.136091
1.189 3.656288 0.135897
1.190 3.656121 0.135702
1.191 3.655954 0.135508
1.192 3.655787 0.135313
1.193 3.655606 0.135223
1.194 3.655425 0.135141
1.195 3.655243 0.135059
1.196 3.655062 0.134977
1.197 3.654880 0.134895
1.198 3.654703 0.134810
1.199 3.654550 0.134712
1.200 3.654396 0.134613
1.201 3.654243 0.134514
1.202 3.654090 0.134415
1.203 3.653936 0.134317
1.204 3.653781 0.134188
1.205 3.653624 0.134005
1.206 3.653467 0.133822
1.207 3.653310 0.133639
1.208 3.653153 0.133456
1.209 3.652996 0.133273
1.210 3.652833 0.133116
1.211 3.652662 0.132987
1.212 3.652491 0.132858
1.213 3.652320 0.132729
1.214 3.652150 0.132600
1.215 3.651979 0.132471
1.216 3.651809 0.132323
1.217 3.651640 0.132160
1.218 3.651471 0.131997
1.219 3.651301 0.131834
1.220 3.651132 0.131671
1.221 3.650963 0.131508
1.222 3.650796 0.131309
1.223 3.650632 0.131081
1.224 3.650468 0.130854
1.225 3.650304 0.130627
1.226 3.650140 0.130400
1.227 3.649976 0.130173
1.228 3.649815 0.130024
1.229 3.649657 0.129950
1.230 3.649499 0.129875
1.231 3.649341 0.129800
1.232 3.649182 0.129726
1.233 3.649024 0.129651
1.234 3.648868 0.129582
1.235 3.648714 0.129521
1.236 3.648560 0.129459
1.237 3.648406 0.129398
1.238 3.648252 0.129336
1.239 3.648098 0.129275
1.240 3.647945 0.129197
1.241 3.647796 0.129068
1.242 3.647646 0.128938
1.243 3.647497 0.128809
1.244 3.647348 0.128680
1.245 3.647199 0.128550
1.246 3.647050 0.128421
1.247 3.646905 0.128265
1.248 3.646759 0.128109
1.249 3.646614 0.127954
1.250 3.646469 0.127798
1.251 3.646324 0.127642
1.252 3.646179 0.127486
1.253 3.646038 0.127340
1.254 3.645898 0.127198
1.255 3.645758 0.127055
1.256 3.645618 0.126913
1.257 3.645478 0.126770
1.258 3.645338 0.126627
1.259 3.645199 0.126493
1.260 3.645064 0.126371
1.261 3.644928 0.126250
1.262 3.644793 0.126128
1.263 3.644657 0.126007
1.264 3.644522 0.125885
1.265 3.644386 0.125764
1.266 3.644254 0.125694
1.267 3.644123 0.125628
1.268 3.643991 0.125561
1.269 3.643860 0.125495
1.270 3.643728 0.125428
1.271 3.643597 0.125362
1.272 3.643467 0.125255
1.273 3.643339 0.125099
1.274 3.643211 0.124944
1.275 3.643084 0.124788
1.276 3.642956 0.124633
1.277 3.642828 0.124477
1.278 3.642700 0.124322
1.279 3.642577 0.124152
1.280 3.642454 0.123980
1.281 3.642330 0.123808
1.282 3.642207 0.123637
1.283 3.642084 0.123465
1.284 3.641961 0.123293
1.285 3.641839 0.123108
1.286 3.641719 0.122888
1.287 3.641600 0.122668
1.288 3.641480 0.122447
1.289 3.641360 0.122227
1.290 3.641241 0.122007
1.291 3.641121 0.121786
1.292 3.641004 0.121653
1.293 3.640888 0.121582
1.294 3.640773 0.121510
1.295 3.640657 0.121439
1.296 3.640541 0.121367
1.297 3.640426 0.121296
1.298 3.640310 0.121224
1.299 3.640197 0.121106
1.300 3.640084 0.120977
1.301 3.639972 0.120848
1.302 3.639859 0.120720
1.303 3.639746 0.120591
1.304 3.639634 0.120462
1.305 3.639521 0.120333
1.306 3.639412 0.120132
1.307 3.639304 0.119930
1.308 3.639195 0.119729
1.309 3.639086 0.119527
1.310 3.638977 0.119325
1.311 3.638869 0.119123
1.312 3.638760 0.118917
1.313 3.638655 0.118664
1.314 3.638549 0.118410
1.315 3.638443 0.118157
1.316 3.638338 0.117903
1.317 3.638232 0.117650
1.318 3.638126 0.117397
1.319 3.638021 0.117159
1.320 3.637919 0.117058
1.321 3.637817 0.116956
1.322 3.637716 0.116855
1.323 3.637614 0.116753
1.324 3.637512 0.116652
1.325 3.637410 0.116550
1.326 3.637309 0.116450
1.327 3.637209 0.116382
1.328 3.637110 0.116314
1.329 3.637011 0.116246
1.330 3.636912 0.116177
1.331 3.636813 0.116109
1.332 3.636714 0.116041
1.333 3.636615 0.115973
1.334 3.636519 0.115899
1.335 3.636423 0.115825
1.336 3.636327 0.115750
1.337 3.636231 0.115676
1.338 3.636135 0.115602
1.339 3.636039 0.115528
1.340 3.635943 0.115453
1.341 3.635849 0.115268
1.342 3.635756 0.115040
1.343 3.635663 0.114812
1.344 3.635570 0.114584
1.345 3.635478 0.114355
1.346 3.635385 0.114127
1.347 3.635292 0.113899
1.348 3.635200 0.113699
1.349 3.635111 0.113534
1.350 3.635021 0.113369
1.351 3.634932 0.113204
1.352 3.634842 0.113039
1.353 3.634753 0.112874
1.354 3.634663 0.112710
1.355 3.634574 0.112541
1.356 3.634487 0.112324
1.357 3.634400 0.112108
1.358 3.634313 0.111891
1.359 3.634226 0.111675
1.360 3.634139 0.111458
1.361 3.634052 0.111242
1.362 3.633965 0.111025
1.363 3.633880 0.110813
1.364 3.633796 0.110603
1.365 3.633712 0.110392
1.366 3.633627 0.110182
1.367 3.633543 0.109972
1.368 3.633459 0.109762
1.369 3.633375 0.109552
1.370 3.633291 0.109341
1.371 3.633208 0.109123
1.372 3.633126 0.108905
1.373 3.633043 0.108687
1.374 3.632961 0.108469
1.375 3.632878 0.108251
1.376 3.632796 0.108033
1.377 3.632713 0.107815
1.378 3.632632 0.107624
1.379 3.632554 0.107460
1.380 3.632475 0.107296
1.381 3.632396 0.107132
1.382 3.632317 0.106969
1.383 3.632239 0.106805
1.384 3.632160 0.106641
1.385 3.632081 0.106478
1.386 3.632005 0.106320
1.387 3.631930 0.106164
1.388 3.631856 0.106008
1.389 3.631781 0.105852
1.390 3.631706 0.105696
1.391 3.631631 0.105540
1.392 3.631556 0.105384
1.393 3.631481 0.105227
1.394 3.631407 0.105033
1.395 3.631333 0.104838
1.396 3.631259 0.104643
1.397 3.631186 0.104449
1.398 3.631112 0.104254
1.399 3.631038 0.104060
1.400 3.630964 0.103865
1.401 3.630891 0.103671
1.402 3.630820 0.103481
1.403 3.630750 0.103291
1.404 3.630680 0.103101
1.405 3.630610 0.102910
1.406 3.630539 0.102720
1.407 3.630469 0.102530
1.408 3.630399 0.102340
1.409 3.630329 0.102146
1.410 3.630263 0.101940
1.411 3.630198 0.101734
1.412 3.630132 0.101527
1.413 3.630066 0.101321
1.414 3.630000 0.101115
1.415 3.629934 0.100908
1.416 3.629868 0.100702
1.417 3.629803 0.100497
1.418 3.629742 0.100306
1.419 3.629682 0.100115
1.420 3.629621 0.099925
1.421 3.629560 0.099734
1.422 3.629500 0.099543
1.423 3.629439 0.099352
1.424 3.629378 0.099161
1.425 3.629318 0.098970
1.426 3.629262 0.098827
1.427 3.629207 0.098684
1.428 3.629151 0.098542
1.429 3.629096 0.098399
1.430 3.629040 0.098257
1.431 3.628985 0.098115
1.432 3.628929 0.097972
1.433 3.628874 0.097830
1.434 3.628823 0.097629
1.435 3.628773 0.097409
1.436 3.628724 0.097188
1.437 3.628674 0.096968
1.438 3.628625 0.096748
1.439 3.628575 0.096527
1.440 3.628525 0.096307
1.441 3.628476 0.096087
1.442 3.628429 0.095889
1.443 3.628387 0.095723
1.444 3.628344 0.095557
1.445 3.628301 0.095391
1.446 3.628259 0.095226
1.447 3.628216 0.095060
1.448 3.628174 0.094894
1.449 3.628131 0.094728
1.450 3.628089 0.094562
1.451 3.628054 0.094368
1.452 3.628019 0.094174
1.453 3.627985 0.093979
1.454 3.627950 0.093785
1.455 3.627916 0.093591
1.456 3.627881 0.093396
1.457 3.627847 0.093202
1.458 3.627812 0.093008
1.459 3.627783 0.092803
1.460 3.627762 0.092584
1.461 3.627741 0.092366
1.462 3.627719 0.092148
1.463 3.627698 0.091930
1.464 3.627676 0.091712
1.465 3.627655 0.091494
1.466 3.627633 0.091276
1.467 3.627612 0.091057
1.468 3.627599 0.090819
1.469 3.627588 0.090577
1.470 3.627578 0.090334
1.471 3.627567 0.090092
1.472 3.627556 0.089849
1.473 3.627546 0.089607
1.474 3.627535 0.089365
1.475 3.627524 0.089122
1.476 3.627515 0.088870
1.477 3.627517 0.088523
1.478 3.627519 0.088176
1.479 3.627520 0.087829
1.480 3.627522 0.087482
1.481 3.627524 0.087135
1.482 3.627526 0.086789
1.483 3.627528 0.086442
1.484 3.627530 0.086095
1.485 3.627538 0.085767
1.486 3.627561 0.085496
1.487 3.627584 0.085224
1.488 3.627607 0.084952
1.489 3.627631 0.084681
1.490 3.627654 0.084409
1.491 3.627677 0.084137
1.492 3.627701 0.083866
1.493 3.627724 0.083594
1.494 3.627755 0.083330
1.495 3.627803 0.083081
1.496 3.627851 0.082832
1.497 3.627899 0.082583
1.498 3.627947 0.082335
1.499 3.627994 0.082086
1.500 3.628042 0.081837
1.501 3.628090 0.081589
1.502 3.628138 0.081340
1.503 3.628194 0.081078
1.504 3.628270 0.080781
1.505 3.628347 0.080483
1.506 3.628423 0.080185
1.507 3.628500 0.079887
1.508 3.628576 0.079590
1.509 3.628653 0.079292
1.510 3.628730 0.078994
1.511 3.628806 0.078696
1.512 3.628886 0.078402
1.513 3.629002 0.078134
1.514 3.629117 0.077866
1.515 3.629232 0.077598
1.516 3.629347 0.077330
1.517 3.629462 0.077062
1.518 3.629577 0.076794
1.519 3.629692 0.076526
1.520 3.629808 0.076258
1.521 3.629923 0.075990
1.522 3.630079 0.075624
1.523 3.630244 0.075237
1.524 3.630409 0.074850
1.525 3.630574 0.074463
1.526 3.630739 0.074075
1.527 3.630904 0.073688
1.528 3.631069 0.073301
1.529 3.631234 0.072913
1.530 3.631399 0.072526
1.531 3.631591 0.072145
1.532 3.631819 0.071773
1.533 3.632047 0.071401
1.534 3.632274 0.071029
1.535 3.632502 0.070657
1.536 3.632730 0.070285
1.537 3.632958 0.069913
1.538 3.633185 0.069541
1.539 3.633413 0.069169
1.540 3.633641 0.068797
1.541 3.633944 0.068392
1.542 3.634253 0.067985
1.543 3.634562 0.067577
1.544 3.634871 0.067169
1.545 3.635180 0.066762
1.546 3.635489 0.066354
1.547 3.635798 0.065947
1.548 3.636107 0.065539
1.549 3.636416 0.065131
1.550 3.636751 0.064704
1.551 3.637148 0.064233
1.552 3.637545 0.063761
1.553 3.637942 0.063289
1.554 3.638339 0.062817
1.555 3.638736 0.062345
1.556 3.639133 0.061873
1.557 3.639531 0.061401
1.558 3.639928 0.060929
1.559 3.640325 0.060458
1.560 3.640739 0.059947
1.561 3.641167 0.059406
1.562 3.641595 0.058865
1.563 3.642023 0.058324
1.564 3.642452 0.057783
1.565 3.642880 0.057242
1.566 3.643308 0.056700
1.567 3.643736 0.056159
1.568 3.644164 0.055618
1.569 3.644592 0.055077
1.570 3.645007 0.054513
1.571 3.645416 0.053939
1.572 3.645825 0.053365
1.573 3.646234 0.052790
1.574 3.646643 0.052216
1.575 3.647052 0.051642
1.576 3.647461 0.051068
1.577 3.647869 0.050493
1.578 3.648278 0.049919
1.579 3.648687 0.049345
1.580 3.649016 0.048686
1.581 3.649308 0.047990
1.582 3.649600 0.047293
1.583 3.649893 0.046596
1.584 3.650185 0.045899
1.585 3.650477 0.045203
1.586 3.650769 0.044506
1.587 3.651061 0.043809
1.588 3.651354 0.043112
1.589 3.651646 0.042416
1.590 3.651667 0.041674
1.591 3.651476 0.040897
1.592 3.651286 0.040120
1.593 3.651095 0.039342
1.594 3.650905 0.038565
1.595 3.650714 0.037788
1.596 3.650524 0.037011
1.597 3.650333 0.036234
1.598 3.650142 0.035457
1.599 3.649952 0.034680
1.600 3.649761 0.033903
1.601 3.649571 0.033126
1.602 3.649380 0.032348
1.603 3.649190 0.031571
1.604 3.648999 0.030794
1.605 3.648809 0.030017
1.606 3.648413 0.029437
1.607 3.647982 0.028889
1.608 3.647552 0.028341
1.609 3.647121 0.027793
1.610 3.646691 0.027245
1.611 3.646261 0.026697
1.612 3.645830 0.026149
1.613 3.645400 0.025601
1.614 3.644969 0.025053
1.615 3.644539 0.024505
1.616 3.644109 0.023957
1.617 3.643678 0.023409
1.618 3.643248 0.022861
1.619 3.642817 0.022313
1.620 3.642387 0.021765
1.621 3.641957 0.021217
1.622 3.641436 0.020765
1.623 3.640898 0.020330
1.624 3.640361 0.019895
1.625 3.639823 0.019461
1.626 3.639285 0.019026
1.627 3.638747 0.018591
1.628 3.638210 0.018156
1.629 3.637672 0.017722
1.630 3.637134 0.017287
1.631 3.636597 0.016852
1.632 3.636059 0.016418
1.633 3.635521 0.015983
1.634 3.634983 0.015548
1.635 3.634446 0.015114
1.636 3.633908 0.014679
1.637 3.633370 0.014244
1.638 3.632796 0.013863
1.639 3.632184 0.013537
1.640 3.631573 0.013210
1.641 3.630962 0.012884
1.642 3.630350 0.012557
1.643 3.629739 0.012230
1.644 3.629127 0.011904
1.645 3.628516 0.011577
1.646 3.627905 0.011251
1.647 3.627293 0.010924
1.648 3.626682 0.010598
1.649 3.626071 0.010271
1.650 3.625459 0.009944
1.651 3.624848 0.009618
1.652 3.624236 0.009291
1.653 3.623625 0.008965
1.654 3.623014 0.008638
1.655 3.622361 0.008401
1.656 3.621700 0.008183
1.657 3.621039 0.007965
1.658 3.620378 0.007747
1.659 3.619717 0.007529
1.660 3.619056 0.007311
1.661 3.618395 0.007093
1.662 3.617734 0.006875
1.663 3.617073 0.006657
1.664 3.616411 0.006439
1.665 3.615750 0.006221
1.666 3.615089 0.006003
1.667 3.614428 0.005785
1.668 3.613767 0.005567
1.669 3.613106 0.005349
1.670 3.612445 0.005131
1.671 3.611784 0.004912
1.672 3.611127 0.004793
1.673 3.610471 0.004697
1.674 3.609815 0.004601
1.675 3.609159 0.004505
1.676 3.608503 0.004409
1.677 3.607848 0.004313
1.678 3.607192 0.004217
1.679 3.606536 0.004121
1.680 3.605880 0.004025
1.681 3.605224 0.003929
1.682 3.604568 0.003833
1.683 3.603912 0.003737
1.684 3.603256 0.003641
1.685 3.602600 0.003545
1.686 3.601944 0.003449
1.687 3.601288 0.003353
1.688 3.600633 0.003257
1.689 3.599998 0.003171
1.690 3.599392 0.003097
1.691 3.598785 0.003023
1.692 3.598178 0.002949
1.693 3.597572 0.002875
1.694 3.596965 0.002801
1.695 3.596358 0.002727
1.696 3.595752 0.002653
1.697 3.595145 0.002579
1.698 3.594538 0.002505
1.699 3.593932 0.002431
1.700 3.593325 0.002357
1.701 3.592719 0.002283
1.702 3.592112 0.002209
1.703 3.591505 0.002135
1.704 3.590899 0.002061
1.705 3.590292 0.001987
1.706 3.589685 0.001913
1.707 3.589122 0.001877
1.708 3.588577 0.001857
1.709 3.588031 0.001836
1.710 3.587486 0.001816
1.711 3.586941 0.001796
1.712 3.586396 0.001776
1.713 3.585851 0.001755
1.714 3.585305 0.001735
1.715 3.584760 0.001715
1.716 3.584215 0.001694
1.717 3.583670 0.001674
1.718 3.583125 0.001654
1.719 3.582579 0.001634
1.720 3.582034 0.001613
1.721 3.581489 0.001593
1.722 3.580944 0.001573
1.723 3.580399 0.001552
1.724 3.579853 0.001532
1.725 3.579346 0.001511
1.726 3.578864 0.001489
1.727 3.578383 0.001467
1.728 3.577901 0.001445
1.729 3.577419 0.001424
1.730 3.576938 0.001402
1.731 3.576456 0.001380
1.732 3.575975 0.001358
1.733 3.575493 0.001336
1.734 3.575011 0.001314
1.735 3.574530 0.001293
1.736 3.574048 0.001271
1.737 3.573567 0.001249
1.738 3.573085 0.001227
1.739 3.572603 0.001205
1.740 3.572122 0.001183
1.741 3.571640 0.001162
1.742 3.571159 0.001140
1.743 3.570682 0.001118
1.744 3.570250 0.001101
1.745 3.569817 0.001084
1.746 3.569385 0.001067
1.747 3.568953 0.001050
1.748 3.568521 0.001032
1.749 3.568089 0.001015
1.750 3.567657 0.000998
1.751 3.567225 0.000981
1.752 3.566793 0.000964
1.753 3.566361 0.000946
1.754 3.565929 0.000929
1.755 3.565497 0.000912
1.756 3.565064 0.000895
1.757 3.564632 0.000878
1.758 3.564200 0.000860
1.759 3.563768 0.000843
1.760 3.563336 0.000826
1.761 3.562904 0.000809
1.762 3.562480 0.000795
1.763 3.562088 0.000797
1.764 3.561697 0.000798
1.765 3.561306 0.000800
1.766 3.560915 0.000801
1.767 3.560524 0.000803
1.768 3.560132 0.000804
1.769 3.559741 0.000806
1.770 3.559350 0.000807
1.771 3.558959 0.000809
1.772 3.558568 0.000810
1.773 3.558176 0.000812
1.774 3.557785 0.000813
1.775 3.557394 0.000815
1.776 3.557003 0.000817
1.777 3.556612 0.000818
1.778 3.556220 0.000820
1.779 3.555829 0.000821
1.780 3.555438 0.000823
1.781 3.555047 0.000824
1.782 3.554681 0.000812
1.783 3.554320 0.000799
1.784 3.553959 0.000785
1.785 3.553597 0.000771
1.786 3.553236 0.000757
1.787 3.552874 0.000743
1.788 3.552513 0.000729
1.789 3.552152 0.000716
1.790 3.551790 0.000702
1.791 3.551429 0.000688
1.792 3.551067 0.000674
1.793 3.550706 0.000660
1.794 3.550345 0.000646
1.795 3.549983 0.000633
1.796 3.549622 0.000619
1.797 3.549260 0.000605
1.798 3.548899 0.000591
1.799 3.548538 0.000577
1.800 3.548176 0.000564
1.801 NaN NaN
1.802 NaN NaN
1.803 NaN NaN
1.804 NaN NaN
1.805 NaN NaN
1.806 NaN NaN
1.807 NaN NaN
1.808 NaN NaN
1.809 NaN NaN
1.810 NaN NaN
1.811 NaN NaN
1.812 NaN NaN
1.813 NaN NaN
1.814 NaN NaN
1.815 NaN NaN
1.816 NaN NaN
1.817 NaN NaN
1.818 NaN NaN
1.819 NaN NaN
1.820 NaN NaN
1.821 NaN NaN
1.822 NaN NaN
1.823 NaN NaN
1.824 NaN NaN
1.825 NaN NaN
1.826 NaN NaN
1.827 NaN NaN
1.828 NaN NaN
1.829 NaN NaN
1.830 NaN NaN
1.831 NaN NaN
1.832 NaN NaN
1.833 NaN NaN
1.834 NaN NaN
1.835 NaN NaN
1.836 NaN NaN
1.837 NaN NaN
1.838 NaN NaN
1.839 NaN NaN
1.840 NaN NaN
1.841 NaN NaN
1.842 NaN NaN
1.843 NaN NaN
1.844 NaN NaN
1.845 NaN NaN
1.846 NaN NaN
1.847 NaN NaN
1.848 NaN NaN
1.849 NaN NaN
1.850 NaN NaN
1.851 NaN NaN
1.852 NaN NaN
1.853 NaN NaN
1.854 NaN NaN
1.855 NaN NaN
1.856 NaN NaN
1.857 NaN NaN
1.858 NaN NaN
1.859 NaN NaN
1.860 NaN NaN
1.861 NaN NaN
1.862 NaN NaN
1.863 NaN NaN
1.864 NaN NaN
1.865 NaN NaN
1.866 NaN NaN
1.867 NaN NaN
1.868 NaN NaN
1.869 NaN NaN
1.870 NaN NaN
1.871 NaN NaN
1.872 NaN NaN
1.873 NaN NaN
1.874 NaN NaN
1.875 NaN NaN
1.876 NaN NaN
1.877 NaN NaN
1.878 NaN NaN
1.879 NaN NaN
1.880 NaN NaN
1.881 NaN NaN
1.882 NaN NaN
1.883 NaN NaN
1.884 NaN NaN
1.885 NaN NaN
1.886 NaN NaN
1.887 NaN NaN
1.888 NaN NaN
1.889 NaN NaN
1.890 NaN NaN
1.891 NaN NaN
1.892 NaN NaN
1.893 NaN NaN
1.894 NaN NaN
1.895 NaN NaN
1.896 NaN NaN
1.897 NaN NaN
1.898 NaN NaN
1.899 NaN NaN
1.900 NaN NaN
1.901 NaN NaN
1.902 NaN NaN
1.903 NaN NaN
1.904 NaN NaN
1.905 NaN NaN
1.906 NaN NaN
1.907 NaN NaN
1.908 NaN NaN
1.909 NaN NaN
1.910 NaN NaN
1.911 NaN NaN
1.912 NaN NaN
1.913 NaN NaN
1.914 NaN NaN
1.915 NaN NaN
1.916 NaN NaN
1.917 NaN NaN
1.918 NaN NaN
1.919 NaN NaN
1.920 NaN NaN
1.921 NaN NaN
1.922 NaN NaN
1.923 NaN NaN
1.924 NaN NaN
1.925 NaN NaN
1.926 NaN NaN
1.927 NaN NaN
1.928 NaN NaN
1.929 NaN NaN
1.930 NaN NaN
1.931 NaN NaN
1.932 NaN NaN
1.933 NaN NaN
1.934 NaN NaN
1.935 NaN NaN
1.936 NaN NaN
1.937 NaN NaN
1.938 NaN NaN
1.939 NaN NaN
1.940 NaN NaN
1.941 NaN NaN
1.942 NaN NaN
1.943 NaN NaN
1.944 NaN NaN
1.945 NaN NaN
1.946 NaN NaN
1.947 NaN NaN
1.948 NaN NaN
1.949 NaN NaN
1.950 NaN NaN