0.253 1.873457 3.178191
0.254 1.914974 3.200280
0.255 1.950925 3.216897
0.256 1.986741 3.231594
0.257 2.027341 3.246203
0.258 2.069672 3.260793
0.259 2.111337 3.275346
0.260 2.151584 3.289818
0.261 2.199355 3.304121
0.262 2.241634 3.318178
0.263 2.287849 3.323758
0.264 2.335888 3.335977
0.265 2.384557 3.337087
0.266 2.440505 3.342663
0.267 2.490634 3.341803
0.268 2.538812 3.338797
0.269 2.591391 3.335043
0.270 2.642658 3.329466
0.271 2.694667 3.317716
0.272 2.744321 3.304274
0.273 2.795461 3.292395
0.274 2.843027 3.273702
0.275 2.893105 3.254453
0.276 2.939085 3.235203
0.277 2.982341 3.210520
0.278 3.024202 3.187102
0.279 3.065561 3.155993
0.280 3.106463 3.131496
0.281 3.146874 3.101598
0.282 3.179607 3.069423
0.283 3.213423 3.031341
0.284 3.247093 2.999791
0.285 3.275108 2.965949
0.286 3.301094 2.930970
0.287 3.326488 2.892693
0.288 3.351755 2.856507
0.289 3.368927 2.823197
0.290 3.388105 2.787159
0.291 3.408886 2.749719
0.292 3.421933 2.716597
0.293 3.433920 2.677201
0.294 3.445641 2.643882
0.295 3.457336 2.610071
0.296 3.462021 2.574778
0.297 3.468325 2.545613
0.298 3.474107 2.512029
0.299 3.477528 2.482779
0.300 3.483461 2.450641
0.301 3.483303 2.420622
0.302 3.482314 2.393262
0.303 3.481241 2.367058
0.304 3.480196 2.340997
0.305 3.479178 2.315068
0.306 3.478186 2.295302
0.307 3.469946 2.272355
0.308 3.467467 2.251074
0.309 3.459839 2.230422
0.310 3.456743 2.207375
0.311 3.451353 2.188904
0.312 3.446160 2.171170
0.313 3.443083 2.156197
0.314 3.435745 2.137015
0.315 3.427900 2.123143
0.316 3.423367 2.110502
0.317 3.415255 2.098088
0.318 3.413149 2.085740
0.319 3.405739 2.073462
0.320 3.400747 2.061236
0.321 3.393654 2.049068
0.322 3.385503 2.036954
0.323 3.381750 2.026251
0.324 3.373793 2.020710
0.325 3.366714 2.010254
0.326 3.363069 2.004898
0.327 3.359611 1.995231
0.328 3.353337 1.987820
0.329 3.345937 1.980410
0.330 3.342550 1.976994
0.331 3.339206 1.968820
0.332 3.332898 1.963734
0.333 3.331572 1.959104
0.334 3.323765 1.957111
0.335 3.322099 1.950153
0.336 3.317241 1.948918
0.337 3.312762 1.943012
0.338 3.310815 1.940166
0.339 3.303384 1.939466
0.340 3.301974 1.936171
0.341 3.301063 1.931222
0.342 3.294498 1.930353
0.343 3.292503 1.930085
0.344 3.291163 1.930118
0.345 3.290863 1.930164
0.346 3.290658 1.930214
0.347 3.284371 1.924178
0.348 3.281767 1.921820
0.349 3.280959 1.921254
0.350 3.280650 1.921182
0.351 3.280485 1.921252
0.352 3.280329 1.921328
0.353 3.280182 1.921409
0.354 3.280043 1.921494
0.355 3.279911 1.921584
0.356 3.279784 1.921676
0.357 3.279663 1.921771
0.358 3.279552 1.921874
0.359 3.279449 1.922186
0.360 3.279350 1.929645
0.361 3.279256 1.930506
0.362 3.279169 1.931558
0.363 3.279088 1.931712
0.364 3.279014 1.931837
0.365 3.279278 1.931966
0.366 3.285193 1.932100
0.367 3.287225 1.933777
0.368 3.287972 1.939957
0.369 3.288006 1.940872
0.370 3.291761 1.941954
0.371 3.295664 1.942108
0.372 3.296801 1.942267
0.373 3.297114 1.943038
0.374 3.298161 1.948926
0.375 3.304518 1.951046
0.376 3.305444 1.951993
0.377 3.308816 1.952398
0.378 3.314070 1.955609
0.379 3.314968 1.960453
0.380 3.320035 1.961682
0.381 3.323529 1.962339
0.382 3.324866 1.962903
0.383 3.330831 1.968610
0.384 3.333217 1.971144
0.385 3.335280 1.972199
0.386 3.341331 1.974259
0.387 3.344180 1.980500
0.388 3.350934 1.981433
0.389 3.352357 1.982480
0.390 3.356198 1.985986
0.391 3.360777 1.990522
0.392 3.365980 1.991836
0.393 3.370729 1.992987
0.394 3.376460 1.998026
0.395 3.380324 2.001116
0.396 3.386933 2.002440
0.397 3.389879 2.008874
0.398 3.397306 2.011250
0.399 3.405908 2.012679
0.400 3.409478 2.019174
0.401 3.417208 2.021424
0.402 3.419655 2.024039
0.403 3.427489 2.030623
0.404 3.436164 2.033115
0.405 3.444543 2.040117
0.406 3.448608 2.041576
0.407 3.456861 2.044130
0.408 3.465729 2.050250
0.409 3.473368 2.053517
0.410 3.477576 2.060123
0.411 3.486222 2.063556
0.412 3.494981 2.069828
0.413 3.504345 2.073677
0.414 3.516541 2.079567
0.415 3.530937 2.083645
0.416 3.541196 2.089620
0.417 3.551600 2.093540
0.418 3.564103 2.099510
0.419 3.578392 2.103433
0.420 3.591264 2.109294
0.421 3.608629 2.113229
0.422 3.624203 2.119328
0.423 3.637638 2.120628
0.424 3.655213 2.121900
0.425 3.672854 2.122466
0.426 3.691157 2.122828
0.427 3.709622 2.121058
0.428 3.729940 2.116448
0.429 3.753826 2.114418
0.430 3.772800 2.106692
0.431 3.792091 2.099029
0.432 3.809238 2.090692
0.433 3.822509 2.080732
0.434 3.839130 2.066318
0.435 3.850644 2.057130
0.436 3.865786 2.047051
0.437 3.877170 2.032331
0.438 3.886400 2.021604
0.439 3.891203 2.007319
0.440 3.898916 1.996731
0.441 3.901847 1.986697
0.442 3.903270 1.973315
0.443 3.908861 1.962198
0.444 3.912531 1.956982
0.445 3.913714 1.951620
0.446 3.915014 1.943691
0.447 3.915697 1.939003
0.448 3.916235 1.938088
0.449 3.916787 1.937406
0.450 3.917356 1.937537
0.451 3.917959 1.938004
0.452 3.919857 1.939761
0.453 3.925160 1.944904
0.454 3.927952 1.947522
0.455 3.935230 1.954590
0.456 3.943129 1.962725
0.457 3.947820 1.970930
0.458 3.957833 1.979710
0.459 3.969808 1.985025
0.460 3.981790 1.990180
0.461 3.998579 1.998406
0.462 4.015568 2.006476
0.463 4.032933 2.014836
0.464 4.051554 2.023516
0.465 4.075154 2.032207
0.466 4.099869 2.035396
0.467 4.125240 2.041274
0.468 4.151158 2.045204
0.469 4.180871 2.046436
0.470 4.213056 2.044570
0.471 4.245626 2.039530
0.472 4.278579 2.032858
0.473 4.311539 2.025338
0.474 4.344408 2.014334
0.475 4.377177 2.000254
0.476 4.408809 1.984021
0.477 4.437450 1.964159
0.478 4.466278 1.941507
0.479 4.496368 1.918327
0.480 4.523100 1.893609
0.481 4.547910 1.865158
0.482 4.569929 1.833900
0.483 4.588102 1.802250
0.484 4.605933 1.770204
0.485 4.622661 1.737767
0.486 4.636092 1.704975
0.487 4.647267 1.672019
0.488 4.660120 1.638969
0.489 4.665534 1.605929
0.490 4.669568 1.573015
0.491 4.673372 1.540840
0.492 4.674285 1.509906
0.493 4.673709 1.482396
0.494 4.672923 1.452608
0.495 4.668271 1.425250
0.496 4.663848 1.400125
0.497 4.659744 1.375342
0.498 4.652839 1.350693
0.499 4.645384 1.326247
0.500 4.638374 1.302172
0.501 4.633987 1.278910
0.502 4.629229 1.257630
0.503 4.621989 1.238323
0.504 4.613962 1.217462
0.505 4.605900 1.199345
0.506 4.597438 1.183035
0.507 4.588674 1.166812
0.508 4.578356 1.150648
0.509 4.566645 1.134715
0.510 4.556652 1.119221
0.511 4.548682 1.104005
0.512 4.540727 1.091075
0.513 4.532785 1.080222
0.514 4.524858 1.067132
0.515 4.516946 1.055557
0.516 4.509049 1.043902
0.517 4.501169 1.030626
0.518 4.493305 1.021487
0.519 4.485459 1.007501
0.520 4.477630 0.998099
0.521 4.469819 0.989679
0.522 4.462022 0.980964
0.523 4.454243 0.971982
0.524 4.446614 0.963175
0.525 4.439323 0.954642
0.526 4.432296 0.946346
0.527 4.426056 0.938468
0.528 4.423586 0.930678
0.529 4.417127 0.922988
0.530 4.409557 0.915674
0.531 4.401920 0.908608
0.532 4.394542 0.901667
0.533 4.387492 0.894861
0.534 4.380718 0.888321
0.535 4.375186 0.882078
0.536 4.372985 0.875857
0.537 4.365816 0.869673
0.538 4.358864 0.863563
0.539 4.352138 0.857529
0.540 4.346935 0.851721
0.541 4.342823 0.846171
0.542 4.338194 0.840789
0.543 4.331680 0.835431
0.544 4.325889 0.830109
0.545 4.323082 0.824846
0.546 4.318008 0.819609
0.547 4.311359 0.814640
0.548 4.305875 0.809901
0.549 4.304109 0.804840
0.550 4.298625 0.800172
0.551 4.294846 0.795616
0.552 4.290780 0.791101
0.553 4.285591 0.786610
0.554 4.279481 0.782157
0.555 4.274963 0.777766
0.556 4.272116 0.773515
0.557 4.267782 0.769468
0.558 4.263795 0.765399
0.559 4.261502 0.761172
0.560 4.255327 0.757368
0.561 4.253575 0.753172
0.562 4.249477 0.749234
0.563 4.244716 0.745527
0.564 4.242936 0.741838
0.565 4.237588 0.738162
0.566 4.234479 0.734499
0.567 4.231066 0.730847
0.568 4.226693 0.727203
0.569 4.223596 0.723568
0.570 4.219917 0.719944
0.571 4.216106 0.716352
0.572 4.212522 0.712795
0.573 4.209767 0.709279
0.574 4.205878 0.705904
0.575 4.203648 0.702650
0.576 4.202325 0.699394
0.577 4.200033 0.695910
0.578 4.195175 0.692532
0.579 4.191926 0.689370
0.580 4.189299 0.686291
0.581 4.183833 0.682937
0.582 4.182060 0.679954
0.583 4.178790 0.677036
0.584 4.173894 0.674068
0.585 4.173008 0.670718
0.586 4.172264 0.667737
0.587 4.169807 0.664877
0.588 4.164197 0.662002
0.589 4.162977 0.659148
0.590 4.162103 0.656050
0.591 4.160645 0.652841
0.592 4.155491 0.650003
0.593 4.153172 0.647210
0.594 4.151938 0.644435
0.595 4.151021 0.641666
0.596 4.146223 0.638905
0.597 4.142764 0.636149
0.598 4.141029 0.633399
0.599 4.136408 0.630674
0.600 4.133515 0.627977
0.601 4.131933 0.625300
0.602 4.131196 0.622628
0.603 4.127887 0.620207
0.604 4.123993 0.617838
0.605 4.122219 0.615237
0.606 4.121233 0.612579
0.607 4.119569 0.609913
0.608 4.115269 0.607278
0.609 4.113240 0.604647
0.610 4.112045 0.602127
0.611 4.111314 0.599890
0.612 4.110620 0.597434
0.613 4.108882 0.594893
0.614 4.104260 0.592286
0.615 4.102005 0.589988
0.616 4.100724 0.587722
0.617 4.100082 0.585209
0.618 4.096521 0.582664
0.619 4.092219 0.580174
0.620 4.091040 0.578063
0.621 4.090218 0.575710
0.622 4.089423 0.573221
0.623 4.084491 0.571152
0.624 4.081697 0.568869
0.625 4.081182 0.566359
0.626 4.080455 0.564255
0.627 4.079633 0.562057
0.628 4.078659 0.559592
0.629 4.075136 0.557410
0.630 4.071318 0.555276
0.631 4.070794 0.552868
0.632 4.070130 0.550641
0.633 4.069349 0.548564
0.634 4.067701 0.546254
0.635 4.065332 0.544032
0.636 4.061516 0.542041
0.637 4.059786 0.539958
0.638 4.058941 0.537829
0.639 4.056579 0.535597
0.640 4.054065 0.533473
0.641 4.051325 0.531508
0.642 4.050189 0.529387
0.643 4.049587 0.527220
0.644 4.048938 0.525118
0.645 4.047151 0.523084
0.646 4.043763 0.521147
0.647 4.041641 0.519217
0.648 4.040023 0.517274
0.649 4.039377 0.515017
0.650 4.038774 0.512873
0.651 4.038249 0.510937
0.652 4.035152 0.509027
0.653 4.030628 0.507132
0.654 4.029857 0.505221
0.655 4.029334 0.503301
0.656 4.028634 0.501347
0.657 4.027553 0.499280
0.658 4.026044 0.497084
0.659 4.023275 0.495146
0.660 4.020035 0.493305
0.661 4.019702 0.491471
0.662 4.019379 0.489639
0.663 4.018822 0.487812
0.664 4.018255 0.485988
0.665 4.017672 0.484167
0.666 4.015230 0.482350
0.667 4.011842 0.480535
0.668 4.010198 0.478725
0.669 4.008863 0.476916
0.670 4.008239 0.475114
0.671 4.007575 0.473314
0.672 4.006801 0.471518
0.673 4.004641 0.469724
0.674 4.000753 0.467933
0.675 3.998958 0.466146
0.676 3.998466 0.464361
0.677 3.997880 0.462581
0.678 3.997267 0.460803
0.679 3.994843 0.459031
0.680 3.992330 0.457259
0.681 3.990519 0.455492
0.682 3.988993 0.453726
0.683 3.988607 0.451966
0.684 3.988153 0.450207
0.685 3.987558 0.448453
0.686 3.986875 0.446703
0.687 3.986075 0.444957
0.688 3.983757 0.443230
0.689 3.980089 0.441520
0.690 3.978392 0.439822
0.691 3.977910 0.438132
0.692 3.977384 0.436569
0.693 3.976838 0.435062
0.694 3.974503 0.433521
0.695 3.971617 0.431969
0.696 3.970059 0.430301
0.697 3.968791 0.428608
0.698 3.968253 0.426937
0.699 3.967828 0.425269
0.700 3.967247 0.423642
0.701 3.966649 0.422019
0.702 3.965185 0.420619
0.703 3.963650 0.419238
0.704 3.961157 0.417595
0.705 3.958600 0.415934
0.706 3.958130 0.414279
0.707 3.957798 0.412624
0.708 3.957276 0.411264
0.709 3.956741 0.409925
0.710 3.956266 0.408369
0.711 3.955798 0.406789
0.712 3.952479 0.405218
0.713 3.948745 0.403648
0.714 3.947731 0.402259
0.715 3.947281 0.400908
0.716 3.946807 0.399345
0.717 3.946325 0.397720
0.718 3.944098 0.396292
0.719 3.941130 0.394947
0.720 3.939441 0.393488
0.721 3.938528 0.391961
0.722 3.937886 0.390429
0.723 3.937485 0.388893
0.724 3.937032 0.387459
0.725 3.936509 0.386163
0.726 3.935452 0.384841
0.727 3.933188 0.383459
0.728 3.931054 0.382069
0.729 3.929531 0.380638
0.730 3.928048 0.379215
0.731 3.927677 0.377987
0.732 3.927305 0.376760
0.733 3.926789 0.375298
0.734 3.926253 0.373804
0.735 3.924839 0.372450
0.736 3.923069 0.371154
0.737 3.921209 0.369838
0.738 3.919271 0.368506
0.739 3.917865 0.367137
0.740 3.917507 0.365696
0.741 3.917127 0.364285
0.742 3.916605 0.363077
0.743 3.916083 0.361868
0.744 3.914693 0.360480
0.745 3.913218 0.359074
0.746 3.911143 0.357732
0.747 3.908780 0.356419
0.748 3.907224 0.355137
0.749 3.906736 0.353896
0.750 3.906225 0.352671
0.751 3.905602 0.351522
0.752 3.904980 0.350373
0.753 3.902247 0.349005
0.754 3.899269 0.347611
0.755 3.897913 0.346279
0.756 3.897604 0.344986
0.757 3.897242 0.343715
0.758 3.896759 0.342495
0.759 3.896277 0.341275
0.760 3.895585 0.340160
0.761 3.894891 0.339045
0.762 3.892810 0.337783
0.763 3.890013 0.336443
0.764 3.887996 0.335185
0.765 3.887673 0.334102
0.766 3.887351 0.333020
0.767 3.886870 0.331954
0.768 3.886383 0.330889
0.769 3.885631 0.329658
0.770 3.884690 0.328308
0.771 3.883462 0.327015
0.772 3.881041 0.325960
0.773 3.878621 0.324904
0.774 3.877870 0.323837
0.775 3.877561 0.322767
0.776 3.877191 0.321695
0.777 3.876717 0.320620
0.778 3.876243 0.319545
0.779 3.874902 0.318261
0.780 3.873504 0.316964
0.781 3.871861 0.315803
0.782 3.869962 0.314782
0.783 3.868105 0.313762
0.784 3.867791 0.312745
0.785 3.867478 0.311728
0.786 3.867095 0.310713
0.787 3.866653 0.309699
0.788 3.866133 0.308684
0.789 3.864123 0.307652
0.790 3.862113 0.306620
0.791 3.860511 0.305581
0.792 3.859258 0.304535
0.793 3.858016 0.303489
0.794 3.857665 0.302396
0.795 3.857314 0.301303
0.796 3.856959 0.300155
0.797 3.856599 0.298945
0.798 3.856239 0.297735
0.799 3.853703 0.296740
0.800 3.850944 0.295767
0.801 3.848945 0.294799
0.802 3.848487 0.293844
0.803 3.848030 0.292889
0.804 3.847614 0.292041
0.805 3.847213 0.291232
0.806 3.846829 0.290415
0.807 3.846568 0.289543
0.808 3.846306 0.288672
0.809 3.844745 0.287745
0.810 3.841881 0.286763
0.811 3.839016 0.285781
0.812 3.838374 0.284802
0.813 3.838110 0.283823
0.814 3.837813 0.282847
0.815 3.837376 0.281883
0.816 3.836939 0.280919
0.817 3.836130 0.279966
0.818 3.834968 0.279024
0.819 3.833806 0.278082
0.820 3.832083 0.277139
0.821 3.830235 0.276195
0.822 3.828543 0.275278
0.823 3.828238 0.274601
0.824 3.827932 0.273924
0.825 3.827609 0.273154
0.826 3.827255 0.272224
0.827 3.826901 0.271294
0.828 3.825283 0.270359
0.829 3.822880 0.269422
0.830 3.820478 0.268484
0.831 3.819600 0.267773
0.832 3.818998 0.267101
0.833 3.818407 0.266416
0.834 3.818010 0.265499
0.835 3.817614 0.264582
0.836 3.817248 0.263666
0.837 3.816973 0.262754
0.838 3.816699 0.261841
0.839 3.815437 0.261036
0.840 3.812844 0.260376
0.841 3.810251 0.259717
0.842 3.809020 0.258917
0.843 3.808773 0.258016
0.844 3.808526 0.257115
0.845 3.808176 0.256397
0.846 3.807787 0.255751
0.847 3.807397 0.255105
0.848 3.805820 0.254381
0.849 3.804002 0.253642
0.850 3.802185 0.252902
0.851 3.801080 0.252111
0.852 3.800030 0.251316
0.853 3.798982 0.250522
0.854 3.798617 0.249767
0.855 3.798252 0.249012
0.856 3.797896 0.248257
0.857 3.797684 0.247494
0.858 3.797472 0.246731
0.859 3.797039 0.245982
0.860 3.794494 0.245358
0.861 3.791949 0.244734
0.862 3.789659 0.244106
0.863 3.789422 0.243449
0.864 3.789185 0.242792
0.865 3.788935 0.242125
0.866 3.788567 0.241379
0.867 3.788199 0.240634
0.868 3.787718 0.239906
0.869 3.785885 0.239397
0.870 3.784052 0.238888
0.871 3.782246 0.238373
0.872 3.781337 0.237626
0.873 3.780427 0.236880
0.874 3.779518 0.236134
0.875 3.779111 0.235489
0.876 3.778726 0.234848
0.877 3.778341 0.234207
0.878 3.777976 0.233611
0.879 3.777615 0.233022
0.880 3.777253 0.232433
0.881 3.775525 0.231828
0.882 3.773352 0.231216
0.883 3.771178 0.230605
0.884 3.770238 0.230009
0.885 3.770057 0.229422
0.886 3.769876 0.228835
0.887 3.769610 0.228295
0.888 3.769243 0.227811
0.889 3.768877 0.227327
0.890 3.768562 0.226784
0.891 3.768379 0.226092
0.892 3.768195 0.225399
0.893 3.767846 0.224725
0.894 3.765485 0.224262
0.895 3.763125 0.223800
0.896 3.760764 0.223338
0.897 3.760184 0.222863
0.898 3.759919 0.222386
0.899 3.759655 0.221908
0.900 3.759383 0.221431
0.901 3.759106 0.220955
0.902 3.758829 0.220478
0.903 3.757888 0.219935
0.904 3.755573 0.219257
0.905 3.753259 0.218578
0.906 3.751004 0.217906
0.907 3.750826 0.217457
0.908 3.750647 0.217008
0.909 3.750469 0.216559
0.910 3.750154 0.216111
0.911 3.749782 0.215664
0.912 3.749409 0.215217
0.913 3.748667 0.214770
0.914 3.747266 0.214325
0.915 3.745865 0.213879
0.916 3.744465 0.213434
0.917 3.743515 0.212990
0.918 3.742570 0.212546
0.919 3.741626 0.212102
0.920 3.741126 0.211660
0.921 3.740931 0.211218
0.922 3.740736 0.210775
0.923 3.740518 0.210334
0.924 3.740186 0.209897
0.925 3.739854 0.209460
0.926 3.739522 0.209023
0.927 3.738196 0.208598
0.928 3.736493 0.208178
0.929 3.734790 0.207757
0.930 3.733367 0.207340
0.931 3.732776 0.206930
0.932 3.732185 0.206520
0.933 3.731594 0.206110
0.934 3.731269 0.205823
0.935 3.731032 0.205577
0.936 3.730795 0.205331
0.937 3.730552 0.205051
0.938 3.730289 0.204655
0.939 3.730027 0.204259
0.940 3.729764 0.203864
0.941 3.728242 0.203466
0.942 3.726115 0.203067
0.943 3.723988 0.202668
0.944 3.722055 0.202280
0.945 3.721935 0.201990
0.946 3.721815 0.201701
0.947 3.721695 0.201412
0.948 3.721486 0.201107
0.949 3.721184 0.200785
0.950 3.720882 0.200464
0.951 3.720580 0.200143
0.952 3.720392 0.199753
0.953 3.720223 0.199352
0.954 3.720054 0.198952
0.955 3.719524 0.198591
0.956 3.717492 0.198398
0.957 3.715459 0.198205
0.958 3.713426 0.198012
0.959 3.712382 0.197707
0.960 3.712312 0.197291
0.961 3.712241 0.196875
0.962 3.712171 0.196460
0.963 3.712009 0.196191
0.964 3.711822 0.195963
0.965 3.711635 0.195734
0.966 3.711443 0.195499
0.967 3.711121 0.195086
0.968 3.710798 0.194673
0.969 3.710476 0.194260
0.970 3.709946 0.193852
0.971 3.708824 0.193455
0.972 3.707702 0.193058
0.973 3.706580 0.192661
0.974 3.705754 0.192303
0.975 3.705286 0.191991
0.976 3.704819 0.191679
0.977 3.704352 0.191367
0.978 3.703925 0.191189
0.979 3.703525 0.191094
0.980 3.703125 0.190999
0.981 3.702724 0.190905
0.982 3.702330 0.190740
0.983 3.701937 0.190552
0.984 3.701544 0.190363
0.985 3.701152 0.190175
0.986 3.700760 0.189872
0.987 3.700369 0.189548
0.988 3.699977 0.189225
0.989 3.699586 0.188902
0.990 3.699208 0.188609
0.991 3.698831 0.188320
0.992 3.698455 0.188030
0.993 3.698078 0.187740
0.994 3.697749 0.187306
0.995 3.697422 0.186866
0.996 3.697095 0.186425
0.997 3.696769 0.185985
0.998 3.696432 0.185641
0.999 3.696095 0.185299
1.000 3.695758 0.184958
1.001 3.695421 0.184617
1.002 3.695075 0.184366
1.003 3.694728 0.184120
1.004 3.694381 0.183874
1.005 3.694035 0.183629
1.006 3.693710 0.183410
1.007 3.693388 0.183194
1.008 3.693066 0.182978
1.009 3.692744 0.182763
1.010 3.692423 0.182471
1.011 3.692102 0.182160
1.012 3.691781 0.181850
1.013 3.691460 0.181539
1.014 3.691142 0.181204
1.015 3.690825 0.180858
1.016 3.690509 0.180511
1.017 3.690192 0.180165
1.018 3.689892 0.179876
1.019 3.689608 0.179641
1.020 3.689323 0.179406
1.021 3.689039 0.179171
1.022 3.688755 0.178929
1.023 3.688475 0.178674
1.024 3.688195 0.178419
1.025 3.687915 0.178163
1.026 3.687631 0.177890
1.027 3.687316 0.177452
1.028 3.687000 0.177014
1.029 3.686685 0.176576
1.030 3.686369 0.176138
1.031 3.686069 0.175763
1.032 3.685772 0.175401
1.033 3.685475 0.175039
1.034 3.685178 0.174677
1.035 3.684880 0.174288
1.036 3.684582 0.173875
1.037 3.684284 0.173463
1.038 3.683985 0.173051
1.039 3.683687 0.172654
1.040 3.683386 0.172316
1.041 3.683086 0.171978
1.042 3.682785 0.171640
1.043 3.682485 0.171302
1.044 3.682216 0.170976
1.045 3.681953 0.170653
1.046 3.681691 0.170329
1.047 3.681428 0.170005
1.048 3.681162 0.169736
1.049 3.680891 0.169538
1.050 3.680620 0.169341
1.051 3.680350 0.169144
1.052 3.680079 0.168946
1.053 3.679829 0.168605
1.054 3.679580 0.168261
1.055 3.679330 0.167918
1.056 3.679081 0.167574
1.057 3.678834 0.167212
1.058 3.678588 0.166833
1.059 3.678343 0.166454
1.060 3.678097 0.166074
1.061 3.677852 0.165695
1.062 3.677583 0.165203
1.063 3.677313 0.164710
1.064 3.677044 0.164216
1.065 3.676774 0.163722
1.066 3.676510 0.163229
1.067 3.676252 0.162737
1.068 3.675994 0.162246
1.069 3.675736 0.161754
1.070 3.675478 0.161262
1.071 3.675222 0.160885
1.072 3.674966 0.160533
1.073 3.674711 0.160180
1.074 3.674455 0.159828
1.075 3.674199 0.159498
1.076 3.673944 0.159263
1.077 3.673689 0.159029
1.078 3.673434 0.158795
1.079 3.673179 0.158561
1.080 3.672932 0.158292
1.081 3.672693 0.157990
1.082 3.672453 0.157688
1.083 3.672213 0.157385
1.084 3.671974 0.157083
1.085 3.671737 0.156715
1.086 3.671502 0.156329
1.087 3.671266 0.155943
1.088 3.671030 0.155557
1.089 3.670795 0.155173
1.090 3.670579 0.154832
1.091 3.670363 0.154492
1.092 3.670147 0.154151
1.093 3.669931 0.153810
1.094 3.669716 0.153462
1.095 3.669503 0.153087
1.096 3.669290 0.152711
1.097 3.669077 0.152336
1.098 3.668864 0.151961
1.099 3.668643 0.151604
1.100 3.668407 0.151280
1.101 3.668171 0.150955
1.102 3.667935 0.150630
1.103 3.667699 0.150306
1.104 3.667472 0.150025
1.105 3.667253 0.149790
1.106 3.667034 0.149555
1.107 3.666816 0.149320
1.108 3.666597 0.149085
1.109 3.666368 0.148799
1.110 3.666131 0.148474
1.111 3.665893 0.148148
1.112 3.665656 0.147823
1.113 3.665418 0.147497
1.114 3.665190 0.147186
1.115 3.664969 0.146886
1.116 3.664748 0.146586
1.117 3.664527 0.146286
1.118 3.664306 0.145986
1.119 3.664098 0.145673
1.120 3.663900 0.145351
1.121 3.663702 0.145029
1.122 3.663504 0.144708
1.123 3.663306 0.144386
1.124 3.663099 0.144067
1.125 3.662885 0.143753
1.126 3.662671 0.143438
1.127 3.662456 0.143124
1.128 3.662242 0.142809
1.129 3.662030 0.142518
1.130 3.661821 0.142266
1.131 3.661613 0.142013
1.132 3.661404 0.141761
1.133 3.661196 0.141508
1.134 3.660989 0.141277
1.135 3.660790 0.141124
1.136 3.660590 0.140971
1.137 3.660391 0.140818
1.138 3.660192 0.140665
1.139 3.659992 0.140512
1.140 3.659803 0.140365
1.141 3.659613 0.140219
1.142 3.659423 0.140072
1.143 3.659233 0.139926
1.144 3.659043 0.139779
1.145 3.658859 0.139621
1.146 3.658675 0.139460
1.147 3.658492 0.139298
1.148 3.658309 0.139137
1.149 3.658126 0.138975
1.150 3.657945 0.138810
1.151 3.657766 0.138641
1.152 3.657586 0.138472
1.153 3.657407 0.138302
1.154 3.657228 0.138133
1.155 3.657050 0.137967
1.156 3.656880 0.137835
1.157 3.656710 0.137704
1.158 3.656541 0.137572
1.159 3.656371 0.137441
1.160 3.656201 0.137309
1.161 3.656019 0.137172
1.162 3.655832 0.137033
1.163 3.655644 0.136894
1.164 3.655456 0.136754
1.165 3.655269 0.136615
1.166 3.655085 0.136483
1.167 3.654911 0.136373
1.168 3.654738 0.136263
1.169 3.654565 0.136152
1.170 3.654392 0.136042
1.171 3.654219 0.135932
1.172 3.654046 0.135793
1.173 3.653873 0.135645
1.174 3.653700 0.135496
1.175 3.653527 0.135347
1.176 3.653354 0.135199
1.177 3.653181 0.135043
1.178 3.653013 0.134851
1.179 3.652845 0.134659
1.180 3.652677 0.134467
1.181 3.652509 0.134276
1.182 3.652341 0.134084
1.183 3.652166 0.133949
1.184 3.651985 0.133859
1.185 3.651804 0.133768
1.186 3.651623 0.133678
1.187 3.651443 0.133587
1.188 3.651262 0.133497
1.189 3.651104 0.133392
1.190 3.650948 0.133286
1.191 3.650793 0.133180
1.192 3.650638 0.133074
1.193 3.650483 0.132968
1.194 3.650327 0.132848
1.195 3.650168 0.132663
1.196 3.650009 0.132479
1.197 3.649850 0.132294
1.198 3.649692 0.132110
1.199 3.649533 0.131925
1.200 3.649369 0.131759
1.201 3.649198 0.131620
1.202 3.649027 0.131481
1.203 3.648856 0.131342
1.204 3.648684 0.131202
1.205 3.648513 0.131063
1.206 3.648343 0.130908
1.207 3.648173 0.130742
1.208 3.648004 0.130575
1.209 3.647834 0.130409
1.210 3.647664 0.130242
1.211 3.647495 0.130076
1.212 3.647329 0.129872
1.213 3.647165 0.129651
1.214 3.647000 0.129431
1.215 3.646836 0.129210
1.216 3.646672 0.128990
1.217 3.646507 0.128769
1.218 3.646348 0.128652
1.219 3.646190 0.128572
1.220 3.646031 0.128492
1.221 3.645873 0.128411
1.222 3.645715 0.128331
1.223 3.645557 0.128250
1.224 3.645402 0.128179
1.225 3.645248 0.128110
1.226 3.645094 0.128041
1.227 3.644941 0.127973
1.228 3.644787 0.127904
1.229 3.644633 0.127836
1.230 3.644482 0.127723
1.231 3.644333 0.127589
1.232 3.644184 0.127455
1.233 3.644035 0.127321
1.234 3.643886 0.127187
1.235 3.643737 0.127053
1.236 3.643591 0.126905
1.237 3.643446 0.126746
1.238 3.643301 0.126586
1.239 3.643156 0.126427
1.240 3.643011 0.126268
1.241 3.642867 0.126108
1.242 3.642724 0.125954
1.243 3.642584 0.125807
1.244 3.642445 0.125661
1.245 3.642305 0.125515
1.246 3.642166 0.125369
1.247 3.642027 0.125223
1.248 3.641888 0.125079
1.249 3.641753 0.124953
1.250 3.641618 0.124827
1.251 3.641484 0.124702
1.252 3.641349 0.124576
1.253 3.641214 0.124450
1.254 3.641079 0.124324
1.255 3.640948 0.124240
1.256 3.640817 0.124166
1.257 3.640687 0.124092
1.258 3.640556 0.124018
1.259 3.640425 0.123944
1.260 3.640295 0.123870
1.261 3.640165 0.123760
1.262 3.640039 0.123602
1.263 3.639912 0.123444
1.264 3.639785 0.123286
1.265 3.639658 0.123128
1.266 3.639531 0.122969
1.267 3.639404 0.122811
1.268 3.639282 0.122639
1.269 3.639160 0.122466
1.270 3.639038 0.122293
1.271 3.638916 0.122120
1.272 3.638794 0.121948
1.273 3.638672 0.121775
1.274 3.638552 0.121580
1.275 3.638434 0.121361
1.276 3.638315 0.121143
1.277 3.638197 0.120924
1.278 3.638078 0.120705
1.279 3.637960 0.120487
1.280 3.637842 0.120268
1.281 3.637727 0.120176
1.282 3.637613 0.120097
1.283 3.637498 0.120018
1.284 3.637384 0.119939
1.285 3.637270 0.119860
1.286 3.637155 0.119781
1.287 3.637042 0.119687
1.288 3.636930 0.119554
1.289 3.636819 0.119421
1.290 3.636708 0.119288
1.291 3.636596 0.119155
1.292 3.636485 0.119022
1.293 3.636373 0.118888
1.294 3.636264 0.118717
1.295 3.636157 0.118515
1.296 3.636049 0.118314
1.297 3.635942 0.118112
1.298 3.635835 0.117910
1.299 3.635727 0.117708
1.300 3.635620 0.117506
1.301 3.635515 0.117267
1.302 3.635411 0.117016
1.303 3.635306 0.116766
1.304 3.635202 0.116516
1.305 3.635098 0.116265
1.306 3.634993 0.116015
1.307 3.634889 0.115765
1.308 3.634788 0.115647
1.309 3.634688 0.115541
1.310 3.634587 0.115435
1.311 3.634487 0.115328
1.312 3.634387 0.115222
1.313 3.634286 0.115116
1.314 3.634186 0.115010
1.315 3.634088 0.114936
1.316 3.633990 0.114861
1.317 3.633892 0.114787
1.318 3.633794 0.114712
1.319 3.633696 0.114638
1.320 3.633598 0.114564
1.321 3.633500 0.114489
1.322 3.633405 0.114410
1.323 3.633310 0.114330
1.324 3.633215 0.114250
1.325 3.633120 0.114170
1.326 3.633025 0.114090
1.327 3.632930 0.114011
1.328 3.632835 0.113931
1.329 3.632743 0.113717
1.330 3.632651 0.113491
1.331 3.632558 0.113265
1.332 3.632466 0.113039
1.333 3.632374 0.112814
1.334 3.632282 0.112588
1.335 3.632190 0.112362
1.336 3.632100 0.112182
1.337 3.632012 0.112015
1.338 3.631923 0.111849
1.339 3.631834 0.111683
1.340 3.631745 0.111516
1.341 3.631656 0.111350
1.342 3.631567 0.111184
1.343 3.631480 0.110991
1.344 3.631393 0.110775
1.345 3.631306 0.110559
1.346 3.631219 0.110343
1.347 3.631133 0.110127
1.348 3.631046 0.109912
1.349 3.630959 0.109696
1.350 3.630873 0.109481
1.351 3.630789 0.109271
1.352 3.630704 0.109061
1.353 3.630620 0.108850
1.354 3.630536 0.108640
1.355 3.630451 0.108430
1.356 3.630367 0.108219
1.357 3.630283 0.108009
1.358 3.630199 0.107792
1.359 3.630116 0.107573
1.360 3.630032 0.107354
1.361 3.629949 0.107135
1.362 3.629865 0.106916
1.363 3.629782 0.106697
1.364 3.629698 0.106479
1.365 3.629616 0.106280
1.366 3.629537 0.106113
1.367 3.629457 0.105947
1.368 3.629377 0.105780
1.369 3.629297 0.105614
1.370 3.629218 0.105447
1.371 3.629138 0.105281
1.372 3.629058 0.105115
1.373 3.628981 0.104955
1.374 3.628905 0.104797
1.375 3.628829 0.104638
1.376 3.628753 0.104480
1.377 3.628677 0.104322
1.378 3.628601 0.104163
1.379 3.628525 0.104005
1.380 3.628449 0.103840
1.381 3.628373 0.103644
1.382 3.628297 0.103449
1.383 3.628221 0.103253
1.384 3.628145 0.103058
1.385 3.628069 0.102863
1.386 3.627993 0.102667
1.387 3.627917 0.102472
1.388 3.627843 0.102278
1.389 3.627770 0.102087
1.390 3.627697 0.101895
1.391 3.627625 0.101704
1.392 3.627552 0.101512
1.393 3.627479 0.101321
1.394 3.627407 0.101129
1.395 3.627334 0.100937
1.396 3.627264 0.100735
1.397 3.627196 0.100528
1.398 3.627127 0.100321
1.399 3.627059 0.100113
1.400 3.626991 0.099906
1.401 3.626922 0.099698
1.402 3.626854 0.099491
1.403 3.626786 0.099284
1.404 3.626721 0.099088
1.405 3.626658 0.098895
1.406 3.626595 0.098703
1.407 3.626531 0.098511
1.408 3.626468 0.098318
1.409 3.626405 0.098126
1.410 3.626341 0.097933
1.411 3.626278 0.097741
1.412 3.626219 0.097585
1.413 3.626160 0.097439
1.414 3.626102 0.097293
1.415 3.626044 0.097147
1.416 3.625986 0.097001
1.417 3.625928 0.096855
1.418 3.625869 0.096709
1.419 3.625811 0.096563
1.420 3.625757 0.096365
1.421 3.625704 0.096146
1.422 3.625652 0.095927
1.423 3.625600 0.095708
1.424 3.625547 0.095489
1.425 3.625495 0.095270
1.426 3.625442 0.095051
1.427 3.625390 0.094832
1.428 3.625341 0.094640
1.429 3.625296 0.094472
1.430 3.625251 0.094304
1.431 3.625205 0.094136
1.432 3.625160 0.093968
1.433 3.625114 0.093800
1.434 3.625069 0.093632
1.435 3.625024 0.093464
1.436 3.624980 0.093289
1.437 3.624943 0.093093
1.438 3.624906 0.092898
1.439 3.624868 0.092702
1.440 3.624831 0.092507
1.441 3.624794 0.092312
1.442 3.624756 0.092116
1.443 3.624719 0.091921
1.444 3.624682 0.091725
1.445 3.624657 0.091508
1.446 3.624634 0.091288
1.447 3.624611 0.091067
1.448 3.624588 0.090847
1.449 3.624565 0.090627
1.450 3.624542 0.090407
1.451 3.624519 0.090187
1.452 3.624496 0.089967
1.453 3.624478 0.089737
1.454 3.624466 0.089494
1.455 3.624453 0.089251
1.456 3.624441 0.089008
1.457 3.624429 0.088765
1.458 3.624417 0.088521
1.459 3.624405 0.088278
1.460 3.624393 0.088035
1.461 3.624380 0.087792
1.462 3.624380 0.087460
1.463 3.624380 0.087118
1.464 3.624381 0.086776
1.465 3.624382 0.086434
1.466 3.624382 0.086092
1.467 3.624383 0.085750
1.468 3.624383 0.085408
1.469 3.624384 0.085066
1.470 3.624390 0.084740
1.471 3.624414 0.084468
1.472 3.624438 0.084196
1.473 3.624462 0.083924
1.474 3.624486 0.083652
1.475 3.624510 0.083379
1.476 3.624534 0.083107
1.477 3.624558 0.082835
1.478 3.624582 0.082563
1.479 3.624619 0.082300
1.480 3.624669 0.082048
1.481 3.624720 0.081796
1.482 3.624770 0.081543
1.483 3.624821 0.081291
1.484 3.624871 0.081038
1.485 3.624922 0.080786
1.486 3.624972 0.080534
1.487 3.625023 0.080281
1.488 3.625092 0.080000
1.489 3.625173 0.079700
1.490 3.625253 0.079399
1.491 3.625334 0.079099
1.492 3.625415 0.078799
1.493 3.625496 0.078498
1.494 3.625577 0.078198
1.495 3.625658 0.077898
1.496 3.625738 0.077597
1.497 3.625845 0.077315
1.498 3.625967 0.077042
1.499 3.626089 0.076770
1.500 3.626210 0.076497
1.501 3.626332 0.076224
1.502 3.626454 0.075952
1.503 3.626575 0.075679
1.504 3.626697 0.075407
1.505 3.626819 0.075134
1.506 3.626969 0.074798
1.507 3.627143 0.074410
1.508 3.627317 0.074022
1.509 3.627491 0.073634
1.510 3.627665 0.073246
1.511 3.627838 0.072858
1.512 3.628012 0.072470
1.513 3.628186 0.072082
1.514 3.628360 0.071694
1.515 3.628556 0.071311
1.516 3.628794 0.070936
1.517 3.629032 0.070561
1.518 3.629270 0.070186
1.519 3.629508 0.069811
1.520 3.629745 0.069435
1.521 3.629983 0.069060
1.522 3.630221 0.068685
1.523 3.630459 0.068310
1.524 3.630701 0.067933
1.525 3.631021 0.067523
1.526 3.631341 0.067113
1.527 3.631661 0.066702
1.528 3.631981 0.066292
1.529 3.632301 0.065881
1.530 3.632621 0.065471
1.531 3.632941 0.065060
1.532 3.633262 0.064650
1.533 3.633582 0.064239
1.534 3.633956 0.063789
1.535 3.634364 0.063314
1.536 3.634771 0.062839
1.537 3.635178 0.062364
1.538 3.635586 0.061889
1.539 3.635993 0.061414
1.540 3.636401 0.060939
1.541 3.636808 0.060464
1.542 3.637216 0.059990
1.543 3.637624 0.059509
1.544 3.638048 0.058964
1.545 3.638471 0.058420
1.546 3.638895 0.057875
1.547 3.639318 0.057330
1.548 3.639741 0.056786
1.549 3.640165 0.056241
1.550 3.640588 0.055697
1.551 3.641011 0.055152
1.552 3.641435 0.054607
1.553 3.641844 0.054047
1.554 3.642233 0.053465
1.555 3.642623 0.052883
1.556 3.643012 0.052300
1.557 3.643401 0.051718
1.558 3.643791 0.051136
1.559 3.644180 0.050554
1.560 3.644569 0.049972
1.561 3.644959 0.049389
1.562 3.645348 0.048807
1.563 3.645655 0.048144
1.564 3.645915 0.047436
1.565 3.646176 0.046728
1.566 3.646437 0.046020
1.567 3.646697 0.045312
1.568 3.646958 0.044604
1.569 3.647218 0.043896
1.570 3.647479 0.043188
1.571 3.647739 0.042480
1.572 3.648000 0.041772
1.573 3.647877 0.041007
1.574 3.647616 0.040223
1.575 3.647356 0.039438
1.576 3.647095 0.038653
1.577 3.646834 0.037869
1.578 3.646574 0.037084
1.579 3.646313 0.036300
1.580 3.646052 0.035515
1.581 3.645792 0.034730
1.582 3.645531 0.033946
1.583 3.645270 0.033161
1.584 3.645010 0.032377
1.585 3.644749 0.031592
1.586 3.644489 0.030808
1.587 3.644228 0.030023
1.588 3.643967 0.029238
1.589 3.643707 0.028454
1.590 3.643233 0.027928
1.591 3.642743 0.027422
1.592 3.642253 0.026917
1.593 3.641763 0.026411
1.594 3.641273 0.025906
1.595 3.640783 0.025401
1.596 3.640292 0.024895
1.597 3.639802 0.024390
1.598 3.639312 0.023884
1.599 3.638822 0.023379
1.600 3.638332 0.022874
1.601 3.637842 0.022368
1.602 3.637351 0.021863
1.603 3.636861 0.021357
1.604 3.636371 0.020852
1.605 3.635881 0.020347
1.606 3.635391 0.019841
1.607 3.634850 0.019430
1.608 3.634293 0.019050
1.609 3.633736 0.018670
1.610 3.633179 0.018290
1.611 3.632622 0.017910
1.612 3.632065 0.017530
1.613 3.631508 0.017150
1.614 3.630951 0.016770
1.615 3.630394 0.016390
1.616 3.629837 0.016010
1.617 3.629279 0.015630
1.618 3.628722 0.015250
1.619 3.628165 0.014870
1.620 3.627608 0.014490
1.621 3.627051 0.014111
1.622 3.626494 0.013731
1.623 3.625937 0.013351
1.624 3.625372 0.012990
1.625 3.624778 0.012708
1.626 3.624184 0.012425
1.627 3.623590 0.012143
1.628 3.622995 0.011860
1.629 3.622401 0.011578
1.630 3.621807 0.011295
1.631 3.621212 0.011013
1.632 3.620618 0.010730
1.633 3.620024 0.010448
1.634 3.619430 0.010165
1.635 3.618835 0.009883
1.636 3.618241 0.009600
1.637 3.617647 0.009318
1.638 3.617052 0.009035
1.639 3.616458 0.008753
1.640 3.615864 0.008470
1.641 3.615270 0.008188
1.642 3.614666 0.007930
1.643 3.614039 0.007742
1.644 3.613412 0.007553
1.645 3.612785 0.007365
1.646 3.612157 0.007176
1.647 3.611530 0.006988
1.648 3.610903 0.006799
1.649 3.610275 0.006611
1.650 3.609648 0.006423
1.651 3.609021 0.006234
1.652 3.608393 0.006046
1.653 3.607766 0.005857
1.654 3.607139 0.005669
1.655 3.606512 0.005480
1.656 3.605884 0.005292
1.657 3.605257 0.005103
1.658 3.604630 0.004915
1.659 3.604002 0.004726
1.660 3.603375 0.004538
1.661 3.602757 0.004448
1.662 3.602140 0.004365
1.663 3.601522 0.004282
1.664 3.600905 0.004200
1.665 3.600288 0.004117
1.666 3.599670 0.004034
1.667 3.599053 0.003951
1.668 3.598436 0.003869
1.669 3.597819 0.003786
1.670 3.597201 0.003703
1.671 3.596584 0.003620
1.672 3.595967 0.003538
1.673 3.595349 0.003455
1.674 3.594732 0.003372
1.675 3.594115 0.003289
1.676 3.593497 0.003207
1.677 3.592880 0.003124
1.678 3.592263 0.003041
1.679 3.591654 0.002962
1.680 3.591083 0.002898
1.681 3.590511 0.002835
1.682 3.589940 0.002771
1.683 3.589369 0.002708
1.684 3.588798 0.002644
1.685 3.588227 0.002581
1.686 3.587656 0.002517
1.687 3.587085 0.002454
1.688 3.586513 0.002390
1.689 3.585942 0.002327
1.690 3.585371 0.002263
1.691 3.584800 0.002200
1.692 3.584229 0.002136
1.693 3.583658 0.002073
1.694 3.583086 0.002009
1.695 3.582515 0.001946
1.696 3.581944 0.001882
1.697 3.581373 0.001819
1.698 3.580802 0.001756
1.699 3.580285 0.001738
1.700 3.579769 0.001721
1.701 3.579252 0.001703
1.702 3.578736 0.001686
1.703 3.578220 0.001669
1.704 3.577703 0.001651
1.705 3.577187 0.001634
1.706 3.576670 0.001616
1.707 3.576154 0.001599
1.708 3.575637 0.001582
1.709 3.575121 0.001564
1.710 3.574605 0.001547
1.711 3.574088 0.001529
1.712 3.573572 0.001512
1.713 3.573055 0.001495
1.714 3.572539 0.001477
1.715 3.572022 0.001460
1.716 3.571506 0.001442
1.717 3.570990 0.001425
1.718 3.570494 0.001407
1.719 3.570034 0.001389
1.720 3.569574 0.001370
1.721 3.569114 0.001351
1.722 3.568654 0.001333
1.723 3.568194 0.001314
1.724 3.567734 0.001295
1.725 3.567274 0.001277
1.726 3.566814 0.001258
1.727 3.566354 0.001239
1.728 3.565894 0.001221
1.729 3.565434 0.001202
1.730 3.564974 0.001183
1.731 3.564514 0.001165
1.732 3.564054 0.001146
1.733 3.563594 0.001127
1.734 3.563134 0.001109
1.735 3.562674 0.001090
1.736 3.562214 0.001071
1.737 3.561754 0.001053
1.738 3.561307 0.001035
1.739 3.560891 0.001020
1.740 3.560475 0.001006
1.741 3.560059 0.000991
1.742 3.559643 0.000976
1.743 3.559227 0.000962
1.744 3.558811 0.000947
1.745 3.558396 0.000932
1.746 3.557980 0.000918
1.747 3.557564 0.000903
1.748 3.557148 0.000888
1.749 3.556732 0.000874
1.750 3.556316 0.000859
1.751 3.555900 0.000844
1.752 3.555484 0.000830
1.753 3.555068 0.000815
1.754 3.554653 0.000800
1.755 3.554237 0.000786
1.756 3.553821 0.000771
1.757 3.553405 0.000756
1.758 3.552989 0.000741
1.759 3.552600 0.000739
1.760 3.552221 0.000740
1.761 3.551842 0.000741
1.762 3.551463 0.000743
1.763 3.551083 0.000744
1.764 3.550704 0.000745
1.765 3.550325 0.000746
1.766 3.549946 0.000748
1.767 3.549566 0.000749
1.768 3.549187 0.000750
1.769 3.548808 0.000752
1.770 3.548429 0.000753
1.771 3.548049 0.000754
1.772 3.547670 0.000756
1.773 3.547291 0.000757
1.774 3.546912 0.000758
1.775 3.546533 0.000760
1.776 3.546153 0.000761
1.777 3.545774 0.000762
1.778 3.545395 0.000763
1.779 3.545016 0.000765
1.780 3.544655 0.000757
1.781 3.544303 0.000745
1.782 3.543951 0.000734
1.783 3.543599 0.000722
1.784 3.543246 0.000710
1.785 3.542894 0.000698
1.786 3.542542 0.000687
1.787 3.542190 0.000675
1.788 3.541838 0.000663
1.789 3.541486 0.000651
1.790 3.541134 0.000640
1.791 3.540781 0.000628
1.792 3.540429 0.000616
1.793 3.540077 0.000604
1.794 3.539725 0.000593
1.795 3.539373 0.000581
1.796 3.539021 0.000569
1.797 3.538669 0.000557
1.798 3.538317 0.000546
1.799 3.537964 0.000534
1.800 3.537612 0.000522
1.801 NaN NaN
1.802 NaN NaN
1.803 NaN NaN
1.804 NaN NaN
1.805 NaN NaN
1.806 NaN NaN
1.807 NaN NaN
1.808 NaN NaN
1.809 NaN NaN
1.810 NaN NaN
1.811 NaN NaN
1.812 NaN NaN
1.813 NaN NaN
1.814 NaN NaN
1.815 NaN NaN
1.816 NaN NaN
1.817 NaN NaN
1.818 NaN NaN
1.819 NaN NaN
1.820 NaN NaN
1.821 NaN NaN
1.822 NaN NaN
1.823 NaN NaN
1.824 NaN NaN
1.825 NaN NaN
1.826 NaN NaN
1.827 NaN NaN
1.828 NaN NaN
1.829 NaN NaN
1.830 NaN NaN
1.831 NaN NaN
1.832 NaN NaN
1.833 NaN NaN
1.834 NaN NaN
1.835 NaN NaN
1.836 NaN NaN
1.837 NaN NaN
1.838 NaN NaN
1.839 NaN NaN
1.840 NaN NaN
1.841 NaN NaN
1.842 NaN NaN
1.843 NaN NaN
1.844 NaN NaN
1.845 NaN NaN
1.846 NaN NaN
1.847 NaN NaN
1.848 NaN NaN
1.849 NaN NaN
1.850 NaN NaN
1.851 NaN NaN
1.852 NaN NaN
1.853 NaN NaN
1.854 NaN NaN
1.855 NaN NaN
1.856 NaN NaN
1.857 NaN NaN
1.858 NaN NaN
1.859 NaN NaN
1.860 NaN NaN
1.861 NaN NaN
1.862 NaN NaN
1.863 NaN NaN
1.864 NaN NaN
1.865 NaN NaN
1.866 NaN NaN
1.867 NaN NaN
1.868 NaN NaN
1.869 NaN NaN
1.870 NaN NaN
1.871 NaN NaN
1.872 NaN NaN
1.873 NaN NaN
1.874 NaN NaN
1.875 NaN NaN
1.876 NaN NaN
1.877 NaN NaN
1.878 NaN NaN
1.879 NaN NaN
1.880 NaN NaN
1.881 NaN NaN
1.882 NaN NaN
1.883 NaN NaN
1.884 NaN NaN
1.885 NaN NaN
1.886 NaN NaN
1.887 NaN NaN
1.888 NaN NaN
1.889 NaN NaN
1.890 NaN NaN
1.891 NaN NaN
1.892 NaN NaN
1.893 NaN NaN
1.894 NaN NaN
1.895 NaN NaN
1.896 NaN NaN
1.897 NaN NaN
1.898 NaN NaN
1.899 NaN NaN
1.900 NaN NaN
1.901 NaN NaN
1.902 NaN NaN
1.903 NaN NaN
1.904 NaN NaN
1.905 NaN NaN
1.906 NaN NaN
1.907 NaN NaN
1.908 NaN NaN
1.909 NaN NaN
1.910 NaN NaN
1.911 NaN NaN
1.912 NaN NaN
1.913 NaN NaN
1.914 NaN NaN
1.915 NaN NaN
1.916 NaN NaN
1.917 NaN NaN
1.918 NaN NaN
1.919 NaN NaN
1.920 NaN NaN
1.921 NaN NaN
1.922 NaN NaN
1.923 NaN NaN
1.924 NaN NaN
1.925 NaN NaN
1.926 NaN NaN
1.927 NaN NaN
1.928 NaN NaN
1.929 NaN NaN
1.930 NaN NaN
1.931 NaN NaN
1.932 NaN NaN
1.933 NaN NaN
1.934 NaN NaN
1.935 NaN NaN
1.936 NaN NaN
1.937 NaN NaN
1.938 NaN NaN
1.939 NaN NaN
1.940 NaN NaN
1.941 NaN NaN
1.942 NaN NaN
1.943 NaN NaN
1.944 NaN NaN
1.945 NaN NaN
1.946 NaN NaN
1.947 NaN NaN
1.948 NaN NaN
1.949 NaN NaN
1.950 NaN NaN