0.253 1.836048 3.166441
0.254 1.877359 3.191241
0.255 1.910108 3.207544
0.256 1.943795 3.223100
0.257 1.983560 3.238578
0.258 2.024984 3.254003
0.259 2.064802 3.269372
0.260 2.101796 3.284680
0.261 2.148304 3.299910
0.262 2.190108 3.315053
0.263 2.231571 3.321360
0.264 2.277708 3.335154
0.265 2.323861 3.339507
0.266 2.375696 3.345068
0.267 2.425481 3.348575
0.268 2.471188 3.348097
0.269 2.518443 3.347450
0.270 2.571556 3.346675
0.271 2.618354 3.336672
0.272 2.671081 3.329266
0.273 2.716755 3.323536
0.274 2.769597 3.308220
0.275 2.814739 3.292756
0.276 2.867112 3.277308
0.277 2.910788 3.260992
0.278 2.954030 3.236987
0.279 2.997009 3.213180
0.280 3.039786 3.187008
0.281 3.082346 3.164361
0.282 3.122782 3.135436
0.283 3.157248 3.100437
0.284 3.190256 3.067995
0.285 3.226427 3.039189
0.286 3.254385 3.002497
0.287 3.281990 2.969587
0.288 3.309469 2.934529
0.289 3.335193 2.897375
0.290 3.354451 2.863767
0.291 3.373395 2.830450
0.292 3.396167 2.793377
0.293 3.409745 2.759267
0.294 3.423119 2.719587
0.295 3.436412 2.687133
0.296 3.449551 2.653940
0.297 3.453670 2.617536
0.298 3.461551 2.589891
0.299 3.469122 2.555244
0.300 3.472931 2.526333
0.301 3.480639 2.494281
0.302 3.480629 2.463185
0.303 3.480455 2.436448
0.304 3.480259 2.410019
0.305 3.480069 2.383693
0.306 3.479883 2.357458
0.307 3.479703 2.336236
0.308 3.471604 2.314977
0.309 3.469649 2.290884
0.310 3.465071 2.272949
0.311 3.459538 2.247372
0.312 3.458429 2.231004
0.313 3.449499 2.209211
0.314 3.448994 2.196043
0.315 3.440431 2.174875
0.316 3.437130 2.160854
0.317 3.429093 2.148082
0.318 3.422014 2.135462
0.319 3.418945 2.122894
0.320 3.415983 2.110370
0.321 3.408941 2.097890
0.322 3.400979 2.085450
0.323 3.397463 2.073054
0.324 3.389129 2.060697
0.325 3.383462 2.053531
0.326 3.378362 2.045769
0.327 3.369813 2.034840
0.328 3.368653 2.031124
0.329 3.363767 2.019183
0.330 3.358725 2.013951
0.331 3.349508 2.004757
0.332 3.348583 2.002393
0.333 3.344845 1.994178
0.334 3.338668 1.988423
0.335 3.338430 1.984243
0.336 3.329356 1.983422
0.337 3.328541 1.974451
0.338 3.324554 1.974223
0.339 3.318673 1.968499
0.340 3.318432 1.964468
0.341 3.309049 1.964325
0.342 3.308571 1.962796
0.343 3.308346 1.954694
0.344 3.303421 1.954500
0.345 3.298684 1.954430
0.346 3.298412 1.954428
0.347 3.298312 1.954436
0.348 3.298274 1.954444
0.349 3.294778 1.950994
0.350 3.288597 1.944858
0.351 3.288371 1.944676
0.352 3.288280 1.944628
0.353 3.288244 1.944634
0.354 3.288215 1.944647
0.355 3.288187 1.944661
0.356 3.288161 1.944676
0.357 3.288137 1.944692
0.358 3.288113 1.944708
0.359 3.288090 1.944725
0.360 3.288069 1.944742
0.361 3.288049 1.944761
0.362 3.288031 1.946416
0.363 3.288013 1.954354
0.364 3.287996 1.954519
0.365 3.287981 1.954704
0.366 3.287966 1.954727
0.367 3.287953 1.954750
0.368 3.288287 1.954773
0.369 3.295421 1.954797
0.370 3.297585 1.955639
0.371 3.297755 1.964356
0.372 3.297765 1.964525
0.373 3.300533 1.964735
0.374 3.307295 1.964793
0.375 3.307490 1.964822
0.376 3.307591 1.964851
0.377 3.307603 1.970207
0.378 3.313615 1.974507
0.379 3.317182 1.974719
0.380 3.317402 1.974833
0.381 3.324906 1.975318
0.382 3.327105 1.982439
0.383 3.327311 1.984587
0.384 3.335629 1.984776
0.385 3.336989 1.984866
0.386 3.338180 1.985909
0.387 3.345938 1.993666
0.388 3.346917 1.994673
0.389 3.349318 1.994842
0.390 3.356182 1.998015
0.391 3.359767 2.004517
0.392 3.366350 2.004688
0.393 3.366716 2.004874
0.394 3.370709 2.008806
0.395 3.376309 2.014397
0.396 3.380930 2.014721
0.397 3.386262 2.014923
0.398 3.391220 2.019670
0.399 3.396289 2.024570
0.400 3.401412 2.024793
0.401 3.406256 2.029899
0.402 3.411486 2.034587
0.403 3.421186 2.034858
0.404 3.425828 2.040180
0.405 3.431354 2.044567
0.406 3.435842 2.044812
0.407 3.441231 2.050135
0.408 3.450873 2.054577
0.409 3.460538 2.059790
0.410 3.465387 2.064513
0.411 3.470537 2.064770
0.412 3.480078 2.069580
0.413 3.489684 2.074568
0.414 3.495113 2.079020
0.415 3.499468 2.084547
0.416 3.508982 2.088482
0.417 3.518458 2.094398
0.418 3.528027 2.097897
0.419 3.540935 2.103963
0.420 3.556692 2.107203
0.421 3.566345 2.113676
0.422 3.576035 2.116425
0.423 3.587845 2.123519
0.424 3.603851 2.126317
0.425 3.615387 2.133614
0.426 3.633375 2.136169
0.427 3.651976 2.143878
0.428 3.663145 2.144415
0.429 3.679727 2.144676
0.430 3.698191 2.144830
0.431 3.716719 2.144902
0.432 3.735274 2.144962
0.433 3.753896 2.139288
0.434 3.777475 2.135525
0.435 3.800249 2.130884
0.436 3.818807 2.121961
0.437 3.837305 2.113018
0.438 3.852557 2.103991
0.439 3.864911 2.092705
0.440 3.881427 2.076562
0.441 3.892672 2.067315
0.442 3.908164 2.057249
0.443 3.918914 2.040984
0.444 3.927374 2.029841
0.445 3.930932 2.015173
0.446 3.936866 2.003019
0.447 3.940969 1.993879
0.448 3.941211 1.981112
0.449 3.944668 1.966862
0.450 3.950271 1.960441
0.451 3.951267 1.958036
0.452 3.951510 1.949433
0.453 3.951690 1.942117
0.454 3.951787 1.939739
0.455 3.951884 1.939570
0.456 3.951983 1.939497
0.457 3.952086 1.939566
0.458 3.952195 1.939653
0.459 3.955314 1.942745
0.460 3.960916 1.948319
0.461 3.962488 1.949859
0.462 3.970710 1.958042
0.463 3.978571 1.966611
0.464 3.982486 1.975178
0.465 3.991800 1.983830
0.466 4.004803 1.988566
0.467 4.016659 1.992166
0.468 4.033187 2.000173
0.469 4.050263 2.008637
0.470 4.067363 2.017118
0.471 4.085064 2.025653
0.472 4.106822 2.034188
0.473 4.132107 2.038579
0.474 4.157432 2.042439
0.475 4.182821 2.048207
0.476 4.208275 2.049175
0.477 4.241340 2.049203
0.478 4.274579 2.043483
0.479 4.307915 2.035586
0.480 4.341221 2.027463
0.481 4.374460 2.017584
0.482 4.407626 2.002166
0.483 4.439901 1.985073
0.484 4.468634 1.964258
0.485 4.496920 1.939907
0.486 4.527192 1.915476
0.487 4.553050 1.889212
0.488 4.576855 1.858831
0.489 4.596726 1.826332
0.490 4.613431 1.793795
0.491 4.629967 1.761219
0.492 4.644459 1.728619
0.493 4.655892 1.696018
0.494 4.668637 1.663445
0.495 4.677221 1.630912
0.496 4.680145 1.598441
0.497 4.685110 1.566127
0.498 4.687076 1.534972
0.499 4.687000 1.507316
0.500 4.686858 1.479269
0.501 4.683888 1.450198
0.502 4.678722 1.425337
0.503 4.675463 1.401243
0.504 4.670374 1.377209
0.505 4.662486 1.353246
0.506 4.654688 1.329370
0.507 4.648562 1.305632
0.508 4.645710 1.283052
0.509 4.640581 1.263643
0.510 4.632683 1.244576
0.511 4.624798 1.222890
0.512 4.616910 1.207088
0.513 4.608933 1.191327
0.514 4.600941 1.175608
0.515 4.589400 1.159923
0.516 4.576722 1.144326
0.517 4.567917 1.128839
0.518 4.560132 1.113400
0.519 4.552360 1.102500
0.520 4.544603 1.091231
0.521 4.536860 1.078812
0.522 4.529133 1.067837
0.523 4.521421 1.056227
0.524 4.513724 1.043538
0.525 4.506041 1.034893
0.526 4.498374 1.019851
0.527 4.490721 1.010928
0.528 4.483083 1.003058
0.529 4.475460 0.994786
0.530 4.467852 0.986098
0.531 4.460279 0.977480
0.532 4.452773 0.969155
0.533 4.445339 0.960997
0.534 4.437920 0.953414
0.535 4.437127 0.945861
0.536 4.431909 0.938336
0.537 4.424871 0.931147
0.538 4.417381 0.924255
0.539 4.409928 0.917506
0.540 4.402544 0.910811
0.541 4.395232 0.904268
0.542 4.388489 0.898288
0.543 4.387042 0.892321
0.544 4.382430 0.886367
0.545 4.375281 0.880430
0.546 4.368020 0.874515
0.547 4.360962 0.868637
0.548 4.357663 0.863161
0.549 4.354236 0.857945
0.550 4.348509 0.852792
0.551 4.341932 0.847651
0.552 4.337020 0.842523
0.553 4.335981 0.837413
0.554 4.329232 0.832317
0.555 4.322111 0.827714
0.556 4.317813 0.823052
0.557 4.315882 0.818168
0.558 4.310260 0.813663
0.559 4.307659 0.809311
0.560 4.303942 0.804975
0.561 4.298502 0.800649
0.562 4.291935 0.796336
0.563 4.287596 0.792039
0.564 4.285101 0.787934
0.565 4.280888 0.784056
0.566 4.276763 0.780176
0.567 4.275572 0.776011
0.568 4.268962 0.772403
0.569 4.266970 0.768346
0.570 4.264090 0.764388
0.571 4.257965 0.760823
0.572 4.257055 0.757284
0.573 4.252428 0.753752
0.574 4.248503 0.750226
0.575 4.246266 0.746707
0.576 4.241562 0.743196
0.577 4.238389 0.739691
0.578 4.235160 0.736193
0.579 4.231386 0.732701
0.580 4.227785 0.729223
0.581 4.224692 0.725758
0.582 4.221260 0.722391
0.583 4.217058 0.719177
0.584 4.216879 0.716173
0.585 4.215586 0.712893
0.586 4.212795 0.709497
0.587 4.207508 0.706212
0.588 4.205686 0.703285
0.589 4.202224 0.700199
0.590 4.196787 0.696924
0.591 4.196069 0.694173
0.592 4.191666 0.691406
0.593 4.186977 0.688482
0.594 4.186817 0.685121
0.595 4.186686 0.682292
0.596 4.184001 0.679569
0.597 4.177559 0.676848
0.598 4.176946 0.674135
0.599 4.176672 0.671115
0.600 4.176081 0.667865
0.601 4.170209 0.665113
0.602 4.167443 0.662404
0.603 4.166664 0.659723
0.604 4.166499 0.657047
0.605 4.162631 0.654375
0.606 4.158037 0.651708
0.607 4.156827 0.649046
0.608 4.152666 0.646391
0.609 4.148347 0.643742
0.610 4.147003 0.641104
0.611 4.146554 0.638471
0.612 4.145268 0.635955
0.613 4.140188 0.633822
0.614 4.137740 0.631426
0.615 4.136576 0.628904
0.616 4.136447 0.626287
0.617 4.133046 0.623679
0.618 4.128520 0.621076
0.619 4.127225 0.618478
0.620 4.126614 0.616178
0.621 4.126482 0.614072
0.622 4.126359 0.611600
0.623 4.123806 0.609077
0.624 4.118581 0.606500
0.625 4.117141 0.604400
0.626 4.116396 0.602206
0.627 4.116280 0.599726
0.628 4.112120 0.597191
0.629 4.107373 0.594727
0.630 4.106684 0.592734
0.631 4.106320 0.590459
0.632 4.106214 0.587960
0.633 4.100624 0.585983
0.634 4.096669 0.583846
0.635 4.096526 0.581340
0.636 4.096388 0.579229
0.637 4.096213 0.577239
0.638 4.095553 0.574783
0.639 4.092891 0.572533
0.640 4.087648 0.570547
0.641 4.086458 0.568241
0.642 4.086358 0.565896
0.643 4.086217 0.563876
0.644 4.085372 0.561717
0.645 4.083708 0.559394
0.646 4.080072 0.557417
0.647 4.076316 0.555512
0.648 4.076178 0.553423
0.649 4.075051 0.551283
0.650 4.072503 0.549070
0.651 4.069537 0.547102
0.652 4.066399 0.545235
0.653 4.066284 0.543067
0.654 4.066173 0.540920
0.655 4.066056 0.538833
0.656 4.063864 0.536876
0.657 4.059964 0.535026
0.658 4.057860 0.533180
0.659 4.056275 0.531308
0.660 4.056159 0.529015
0.661 4.056049 0.526840
0.662 4.055954 0.524933
0.663 4.052993 0.523069
0.664 4.047596 0.521243
0.665 4.046262 0.519417
0.666 4.046176 0.517591
0.667 4.046051 0.515684
0.668 4.045676 0.513713
0.669 4.044205 0.511473
0.670 4.041818 0.509400
0.671 4.037942 0.507599
0.672 4.036237 0.505801
0.673 4.036191 0.504006
0.674 4.036104 0.502214
0.675 4.036004 0.500424
0.676 4.035900 0.498638
0.677 4.035546 0.496853
0.678 4.031616 0.495073
0.679 4.028238 0.493294
0.680 4.026926 0.491519
0.681 4.026030 0.489746
0.682 4.025918 0.487976
0.683 4.025615 0.486208
0.684 4.025098 0.484443
0.685 4.022173 0.482681
0.686 4.017555 0.480921
0.687 4.016073 0.479165
0.688 4.015985 0.477410
0.689 4.015879 0.475659
0.690 4.015769 0.473909
0.691 4.013253 0.472164
0.692 4.010377 0.470420
0.693 4.008211 0.468680
0.694 4.006099 0.466940
0.695 4.006029 0.465206
0.696 4.005958 0.463472
0.697 4.005851 0.461742
0.698 4.005697 0.460014
0.699 4.005113 0.458290
0.700 4.004058 0.456567
0.701 3.999733 0.454854
0.702 3.996016 0.453141
0.703 3.995929 0.451435
0.704 3.995841 0.449768
0.705 3.995743 0.448319
0.706 3.995176 0.446864
0.707 3.991857 0.445376
0.708 3.988780 0.443861
0.709 3.987324 0.442167
0.710 3.986008 0.440473
0.711 3.985931 0.438787
0.712 3.985853 0.437107
0.713 3.985745 0.435499
0.714 3.985621 0.433896
0.715 3.984030 0.432597
0.716 3.982439 0.431298
0.717 3.979442 0.429645
0.718 3.976369 0.427972
0.719 3.975930 0.426304
0.720 3.975870 0.424637
0.721 3.975782 0.423276
0.722 3.975685 0.421998
0.723 3.975526 0.420507
0.724 3.975337 0.418920
0.725 3.972721 0.417348
0.726 3.968324 0.415787
0.727 3.965882 0.414347
0.728 3.965801 0.413051
0.729 3.965719 0.411645
0.730 3.965633 0.410002
0.731 3.964980 0.408418
0.732 3.961524 0.407123
0.733 3.958084 0.405826
0.734 3.957085 0.404292
0.735 3.956086 0.402759
0.736 3.955858 0.401212
0.737 3.955786 0.399662
0.738 3.955700 0.398298
0.739 3.955606 0.397036
0.740 3.954421 0.395729
0.741 3.951872 0.394365
0.742 3.949497 0.392985
0.743 3.947700 0.391554
0.744 3.945910 0.390124
0.745 3.945844 0.388944
0.746 3.945777 0.387765
0.747 3.945688 0.386336
0.748 3.945592 0.384830
0.749 3.944564 0.383445
0.750 3.942642 0.382175
0.751 3.940623 0.380896
0.752 3.938304 0.379586
0.753 3.935985 0.378276
0.754 3.935835 0.376832
0.755 3.935771 0.375383
0.756 3.935687 0.374122
0.757 3.935593 0.372954
0.758 3.934974 0.371696
0.759 3.933410 0.370275
0.760 3.931811 0.368857
0.761 3.929198 0.367546
0.762 3.926585 0.366234
0.763 3.925733 0.364988
0.764 3.925646 0.363771
0.765 3.925427 0.362594
0.766 3.924959 0.361494
0.767 3.924491 0.360395
0.768 3.920962 0.358990
0.769 3.917366 0.357578
0.770 3.915885 0.356238
0.771 3.915830 0.354946
0.772 3.915768 0.353672
0.773 3.915682 0.352472
0.774 3.915595 0.351273
0.775 3.915120 0.350158
0.776 3.914542 0.349065
0.777 3.912943 0.347871
0.778 3.909561 0.346498
0.779 3.906179 0.345125
0.780 3.905864 0.344062
0.781 3.905807 0.343026
0.782 3.905735 0.341993
0.783 3.905648 0.340963
0.784 3.905561 0.339933
0.785 3.904642 0.338529
0.786 3.903719 0.337123
0.787 3.901779 0.335911
0.788 3.898847 0.334888
0.789 3.895921 0.333864
0.790 3.895865 0.332841
0.791 3.895810 0.331818
0.792 3.895741 0.330781
0.793 3.895656 0.329729
0.794 3.895571 0.328677
0.795 3.894148 0.327346
0.796 3.892649 0.325999
0.797 3.890848 0.324786
0.798 3.888582 0.323779
0.799 3.886317 0.322773
0.800 3.885874 0.321770
0.801 3.885818 0.320767
0.802 3.885757 0.319764
0.803 3.885678 0.318764
0.804 3.885599 0.317764
0.805 3.884114 0.316764
0.806 3.881829 0.315764
0.807 3.879560 0.314763
0.808 3.878163 0.313763
0.809 3.876766 0.312763
0.810 3.875879 0.311730
0.811 3.875816 0.310644
0.812 3.875754 0.309559
0.813 3.875690 0.308353
0.814 3.875626 0.307103
0.815 3.875376 0.305869
0.816 3.872110 0.304890
0.817 3.868843 0.303911
0.818 3.866660 0.302934
0.819 3.866327 0.301960
0.820 3.865995 0.300987
0.821 3.865835 0.300150
0.822 3.865763 0.299382
0.823 3.865692 0.298613
0.824 3.865644 0.297786
0.825 3.865597 0.296954
0.826 3.864882 0.296095
0.827 3.861423 0.295124
0.828 3.857965 0.294154
0.829 3.855991 0.293185
0.830 3.855944 0.292218
0.831 3.855897 0.291251
0.832 3.855829 0.290288
0.833 3.855751 0.289326
0.834 3.855673 0.288365
0.835 3.854598 0.287409
0.836 3.853358 0.286454
0.837 3.852080 0.285498
0.838 3.849907 0.284546
0.839 3.847734 0.283593
0.840 3.845995 0.282709
0.841 3.845941 0.282091
0.842 3.845886 0.281474
0.843 3.845829 0.280742
0.844 3.845766 0.279797
0.845 3.845702 0.278852
0.846 3.844327 0.277908
0.847 3.841500 0.276964
0.848 3.838672 0.276021
0.849 3.837185 0.275268
0.850 3.836669 0.274654
0.851 3.836152 0.274040
0.852 3.835933 0.273212
0.853 3.835862 0.272277
0.854 3.835791 0.271343
0.855 3.835685 0.270416
0.856 3.835567 0.269492
0.857 3.835449 0.268568
0.858 3.832994 0.267882
0.859 3.829866 0.267265
0.860 3.826738 0.266648
0.861 3.826081 0.265785
0.862 3.826037 0.264862
0.863 3.825993 0.263938
0.864 3.825928 0.263270
0.865 3.825859 0.262664
0.866 3.825790 0.262058
0.867 3.824135 0.261367
0.868 3.822053 0.260653
0.869 3.819972 0.259939
0.870 3.818626 0.259156
0.871 3.817525 0.258351
0.872 3.816424 0.257546
0.873 3.816038 0.256775
0.874 3.815973 0.256020
0.875 3.815908 0.255266
0.876 3.815859 0.254511
0.877 3.815822 0.253756
0.878 3.815784 0.253001
0.879 3.814218 0.252325
0.880 3.811161 0.251727
0.881 3.808104 0.251129
0.882 3.806197 0.250510
0.883 3.806155 0.249857
0.884 3.806113 0.249204
0.885 3.806066 0.248526
0.886 3.806000 0.247765
0.887 3.805934 0.247005
0.888 3.805737 0.246263
0.889 3.803618 0.245803
0.890 3.801498 0.245343
0.891 3.799378 0.244883
0.892 3.798311 0.244166
0.893 3.797400 0.243412
0.894 3.796489 0.242658
0.895 3.796131 0.241980
0.896 3.796062 0.241343
0.897 3.795993 0.240706
0.898 3.795835 0.240099
0.899 3.795552 0.239534
0.900 3.795269 0.238969
0.901 3.794622 0.238397
0.902 3.791977 0.237785
0.903 3.789332 0.237173
0.904 3.786688 0.236561
0.905 3.786309 0.235981
0.906 3.786277 0.235405
0.907 3.786245 0.234830
0.908 3.786195 0.234326
0.909 3.786130 0.233878
0.910 3.786064 0.233430
0.911 3.786002 0.232920
0.912 3.785948 0.232194
0.913 3.785894 0.231469
0.914 3.785840 0.230743
0.915 3.783415 0.230262
0.916 3.780612 0.229821
0.917 3.777809 0.229380
0.918 3.776326 0.228938
0.919 3.776279 0.228495
0.920 3.776232 0.228053
0.921 3.776185 0.227610
0.922 3.776135 0.227169
0.923 3.776086 0.226728
0.924 3.776037 0.226286
0.925 3.774267 0.225674
0.926 3.771504 0.224963
0.927 3.768742 0.224252
0.928 3.766455 0.223590
0.929 3.766423 0.223156
0.930 3.766391 0.222722
0.931 3.766360 0.222289
0.932 3.766304 0.221856
0.933 3.766238 0.221424
0.934 3.766172 0.220992
0.935 3.765840 0.220561
0.936 3.764245 0.220130
0.937 3.762651 0.219700
0.938 3.761057 0.219270
0.939 3.759768 0.218840
0.940 3.758654 0.218412
0.941 3.757541 0.217983
0.942 3.756501 0.217555
0.943 3.756467 0.217127
0.944 3.756432 0.216700
0.945 3.756398 0.216273
0.946 3.756351 0.215847
0.947 3.756293 0.215422
0.948 3.756234 0.214998
0.949 3.756175 0.214573
0.950 3.754468 0.214152
0.951 3.752480 0.213731
0.952 3.750492 0.213311
0.953 3.748779 0.212891
0.954 3.748135 0.212473
0.955 3.747491 0.212056
0.956 3.746846 0.211639
0.957 3.746520 0.211339
0.958 3.746478 0.211145
0.959 3.746436 0.210950
0.960 3.746394 0.210756
0.961 3.746348 0.210405
0.962 3.746301 0.210019
0.963 3.746255 0.209634
0.964 3.745990 0.209246
0.965 3.743451 0.208835
0.966 3.740912 0.208423
0.967 3.738373 0.208012
0.968 3.736650 0.207649
0.969 3.736629 0.207388
0.970 3.736608 0.207128
0.971 3.736587 0.206867
0.972 3.736548 0.206579
0.973 3.736495 0.206268
0.974 3.736441 0.205957
0.975 3.736388 0.205646
0.976 3.736351 0.205267
0.977 3.736321 0.204859
0.978 3.736291 0.204451
0.979 3.736261 0.204044
0.980 3.734158 0.203848
0.981 3.731704 0.203687
0.982 3.729249 0.203527
0.983 3.726794 0.203367
0.984 3.726711 0.202967
0.985 3.726698 0.202559
0.986 3.726686 0.202151
0.987 3.726672 0.201757
0.988 3.726639 0.201590
0.989 3.726606 0.201423
0.990 3.726573 0.201256
0.991 3.726520 0.201062
0.992 3.726312 0.200654
0.993 3.726103 0.200246
0.994 3.725894 0.199837
0.995 3.725546 0.199427
0.996 3.724291 0.199000
0.997 3.723035 0.198573
0.998 3.721780 0.198146
0.999 3.720621 0.197730
1.000 3.720153 0.197389
1.001 3.719684 0.197047
1.002 3.719216 0.196706
1.003 3.718754 0.196389
1.004 3.718369 0.196351
1.005 3.717984 0.196313
1.006 3.717599 0.196274
1.007 3.717215 0.196235
1.008 3.716836 0.196085
1.009 3.716458 0.195936
1.010 3.716080 0.195786
1.011 3.715701 0.195636
1.012 3.715316 0.195357
1.013 3.714930 0.195064
1.014 3.714544 0.194771
1.015 3.714157 0.194478
1.016 3.713783 0.194217
1.017 3.713412 0.193966
1.018 3.713041 0.193715
1.019 3.712670 0.193464
1.020 3.712335 0.193093
1.021 3.712027 0.192636
1.022 3.711719 0.192179
1.023 3.711410 0.191721
1.024 3.711097 0.191302
1.025 3.710774 0.190947
1.026 3.710452 0.190592
1.027 3.710129 0.190236
1.028 3.709804 0.189897
1.029 3.709466 0.189669
1.030 3.709129 0.189441
1.031 3.708791 0.189213
1.032 3.708453 0.188985
1.033 3.708142 0.188813
1.034 3.707837 0.188653
1.035 3.707531 0.188492
1.036 3.707226 0.188331
1.037 3.706916 0.188092
1.038 3.706602 0.187781
1.039 3.706288 0.187470
1.040 3.705974 0.187159
1.041 3.705661 0.186840
1.042 3.705350 0.186482
1.043 3.705038 0.186123
1.044 3.704727 0.185765
1.045 3.704416 0.185406
1.046 3.704139 0.185179
1.047 3.703871 0.184988
1.048 3.703604 0.184797
1.049 3.703336 0.184606
1.050 3.703071 0.184408
1.051 3.702808 0.184199
1.052 3.702545 0.183989
1.053 3.702283 0.183779
1.054 3.702020 0.183570
1.055 3.701718 0.183161
1.056 3.701412 0.182729
1.057 3.701105 0.182297
1.058 3.700799 0.181864
1.059 3.700501 0.181467
1.060 3.700217 0.181125
1.061 3.699933 0.180783
1.062 3.699648 0.180441
1.063 3.699364 0.180098
1.064 3.699075 0.179695
1.065 3.698786 0.179280
1.066 3.698496 0.178866
1.067 3.698207 0.178451
1.068 3.697916 0.178056
1.069 3.697619 0.177715
1.070 3.697323 0.177373
1.071 3.697027 0.177032
1.072 3.696731 0.176691
1.073 3.696464 0.176359
1.074 3.696213 0.176033
1.075 3.695961 0.175707
1.076 3.695710 0.175380
1.077 3.695459 0.175054
1.078 3.695194 0.174905
1.079 3.694929 0.174758
1.080 3.694663 0.174611
1.081 3.694398 0.174464
1.082 3.694141 0.174269
1.083 3.693905 0.173959
1.084 3.693668 0.173648
1.085 3.693432 0.173337
1.086 3.693195 0.173026
1.087 3.692963 0.172705
1.088 3.692733 0.172376
1.089 3.692504 0.172046
1.090 3.692275 0.171716
1.091 3.692046 0.171386
1.092 3.691791 0.170934
1.093 3.691529 0.170444
1.094 3.691267 0.169954
1.095 3.691005 0.169464
1.096 3.690743 0.168974
1.097 3.690496 0.168452
1.098 3.690250 0.167928
1.099 3.690003 0.167403
1.100 3.689757 0.166879
1.101 3.689510 0.166366
1.102 3.689263 0.166003
1.103 3.689016 0.165641
1.104 3.688769 0.165278
1.105 3.688522 0.164915
1.106 3.688275 0.164579
1.107 3.688026 0.164387
1.108 3.687777 0.164194
1.109 3.687528 0.164002
1.110 3.687279 0.163809
1.111 3.687034 0.163601
1.112 3.686801 0.163329
1.113 3.686568 0.163058
1.114 3.686336 0.162787
1.115 3.686103 0.162515
1.116 3.685871 0.162223
1.117 3.685639 0.161846
1.118 3.685407 0.161469
1.119 3.685176 0.161092
1.120 3.684944 0.160715
1.121 3.684716 0.160346
1.122 3.684511 0.160026
1.123 3.684305 0.159706
1.124 3.684100 0.159386
1.125 3.683894 0.159065
1.126 3.683689 0.158741
1.127 3.683488 0.158359
1.128 3.683288 0.157977
1.129 3.683087 0.157595
1.130 3.682886 0.157212
1.131 3.682685 0.156830
1.132 3.682459 0.156505
1.133 3.682230 0.156184
1.134 3.682002 0.155864
1.135 3.681773 0.155543
1.136 3.681544 0.155223
1.137 3.681331 0.154988
1.138 3.681124 0.154785
1.139 3.680916 0.154581
1.140 3.680709 0.154378
1.141 3.680501 0.154174
1.142 3.680279 0.153916
1.143 3.680043 0.153604
1.144 3.679808 0.153291
1.145 3.679572 0.152978
1.146 3.679336 0.152666
1.147 3.679105 0.152361
1.148 3.678889 0.152085
1.149 3.678674 0.151808
1.150 3.678458 0.151532
1.151 3.678243 0.151256
1.152 3.678027 0.150979
1.153 3.677837 0.150674
1.154 3.677650 0.150364
1.155 3.677464 0.150055
1.156 3.677277 0.149746
1.157 3.677090 0.149436
1.158 3.676892 0.149118
1.159 3.676683 0.148790
1.160 3.676474 0.148462
1.161 3.676265 0.148135
1.162 3.676056 0.147807
1.163 3.675848 0.147485
1.164 3.675646 0.147226
1.165 3.675443 0.146967
1.166 3.675241 0.146709
1.167 3.675038 0.146450
1.168 3.674836 0.146192
1.169 3.674637 0.146004
1.170 3.674440 0.145864
1.171 3.674242 0.145724
1.172 3.674045 0.145584
1.173 3.673848 0.145445
1.174 3.673651 0.145306
1.175 3.673466 0.145180
1.176 3.673281 0.145055
1.177 3.673096 0.144930
1.178 3.672912 0.144804
1.179 3.672727 0.144679
1.180 3.672545 0.144543
1.181 3.672366 0.144395
1.182 3.672187 0.144247
1.183 3.672008 0.144099
1.184 3.671829 0.143952
1.185 3.671650 0.143804
1.186 3.671476 0.143647
1.187 3.671304 0.143488
1.188 3.671131 0.143329
1.189 3.670959 0.143170
1.190 3.670787 0.143011
1.191 3.670616 0.142858
1.192 3.670454 0.142738
1.193 3.670292 0.142619
1.194 3.670130 0.142499
1.195 3.669968 0.142380
1.196 3.669806 0.142260
1.197 3.669635 0.142134
1.198 3.669450 0.141998
1.199 3.669264 0.141862
1.200 3.669079 0.141725
1.201 3.668894 0.141589
1.202 3.668708 0.141453
1.203 3.668534 0.141355
1.204 3.668367 0.141285
1.205 3.668200 0.141215
1.206 3.668033 0.141145
1.207 3.667866 0.141075
1.208 3.667699 0.141006
1.209 3.667531 0.140887
1.210 3.667364 0.140749
1.211 3.667197 0.140612
1.212 3.667029 0.140474
1.213 3.666862 0.140337
1.214 3.666695 0.140199
1.215 3.666530 0.140011
1.216 3.666366 0.139810
1.217 3.666202 0.139609
1.218 3.666038 0.139407
1.219 3.665874 0.139206
1.220 3.665710 0.139005
1.221 3.665530 0.138920
1.222 3.665348 0.138861
1.223 3.665165 0.138802
1.224 3.664982 0.138742
1.225 3.664800 0.138683
1.226 3.664617 0.138623
1.227 3.664461 0.138549
1.228 3.664313 0.138469
1.229 3.664165 0.138390
1.230 3.664017 0.138311
1.231 3.663869 0.138232
1.232 3.663721 0.138153
1.233 3.663570 0.138005
1.234 3.663417 0.137826
1.235 3.663265 0.137648
1.236 3.663113 0.137469
1.237 3.662960 0.137291
1.238 3.662808 0.137112
1.239 3.662647 0.136974
1.240 3.662478 0.136873
1.241 3.662309 0.136771
1.242 3.662140 0.136670
1.243 3.661971 0.136568
1.244 3.661802 0.136466
1.245 3.661634 0.136349
1.246 3.661466 0.136195
1.247 3.661298 0.136041
1.248 3.661129 0.135888
1.249 3.660961 0.135734
1.250 3.660793 0.135580
1.251 3.660625 0.135424
1.252 3.660463 0.135180
1.253 3.660300 0.134936
1.254 3.660137 0.134691
1.255 3.659974 0.134447
1.256 3.659811 0.134202
1.257 3.659648 0.133958
1.258 3.659488 0.133840
1.259 3.659330 0.133781
1.260 3.659172 0.133722
1.261 3.659013 0.133663
1.262 3.658855 0.133603
1.263 3.658697 0.133544
1.264 3.658540 0.133490
1.265 3.658386 0.133448
1.266 3.658232 0.133405
1.267 3.658078 0.133363
1.268 3.657924 0.133321
1.269 3.657770 0.133279
1.270 3.657616 0.133236
1.271 3.657466 0.133135
1.272 3.657316 0.133018
1.273 3.657167 0.132902
1.274 3.657018 0.132785
1.275 3.656868 0.132668
1.276 3.656719 0.132551
1.277 3.656570 0.132427
1.278 3.656425 0.132282
1.279 3.656279 0.132136
1.280 3.656134 0.131991
1.281 3.655989 0.131845
1.282 3.655843 0.131700
1.283 3.655698 0.131554
1.284 3.655555 0.131417
1.285 3.655413 0.131284
1.286 3.655272 0.131151
1.287 3.655131 0.131018
1.288 3.654989 0.130886
1.289 3.654848 0.130753
1.290 3.654707 0.130620
1.291 3.654569 0.130510
1.292 3.654432 0.130400
1.293 3.654295 0.130290
1.294 3.654158 0.130181
1.295 3.654021 0.130071
1.296 3.653883 0.129961
1.297 3.653747 0.129865
1.298 3.653613 0.129818
1.299 3.653480 0.129772
1.300 3.653346 0.129725
1.301 3.653213 0.129679
1.302 3.653079 0.129633
1.303 3.652946 0.129586
1.304 3.652814 0.129501
1.305 3.652684 0.129352
1.306 3.652554 0.129204
1.307 3.652424 0.129055
1.308 3.652295 0.128907
1.309 3.652165 0.128759
1.310 3.652035 0.128610
1.311 3.651907 0.128452
1.312 3.651781 0.128284
1.313 3.651655 0.128116
1.314 3.651529 0.127947
1.315 3.651403 0.127779
1.316 3.651277 0.127611
1.317 3.651151 0.127443
1.318 3.651027 0.127245
1.319 3.650905 0.127021
1.320 3.650782 0.126797
1.321 3.650660 0.126573
1.322 3.650537 0.126349
1.323 3.650415 0.126125
1.324 3.650292 0.125900
1.325 3.650172 0.125760
1.326 3.650053 0.125709
1.327 3.649934 0.125657
1.328 3.649816 0.125606
1.329 3.649697 0.125555
1.330 3.649578 0.125504
1.331 3.649459 0.125452
1.332 3.649342 0.125377
1.333 3.649226 0.125260
1.334 3.649110 0.125143
1.335 3.648995 0.125026
1.336 3.648879 0.124910
1.337 3.648763 0.124793
1.338 3.648648 0.124676
1.339 3.648533 0.124545
1.340 3.648420 0.124344
1.341 3.648308 0.124143
1.342 3.648196 0.123942
1.343 3.648084 0.123740
1.344 3.647972 0.123539
1.345 3.647860 0.123338
1.346 3.647748 0.123137
1.347 3.647639 0.122882
1.348 3.647530 0.122621
1.349 3.647421 0.122361
1.350 3.647312 0.122100
1.351 3.647203 0.121839
1.352 3.647095 0.121578
1.353 3.646986 0.121317
1.354 3.646879 0.121151
1.355 3.646774 0.121062
1.356 3.646669 0.120972
1.357 3.646564 0.120883
1.358 3.646458 0.120794
1.359 3.646353 0.120704
1.360 3.646248 0.120615
1.361 3.646143 0.120530
1.362 3.646041 0.120478
1.363 3.645940 0.120426
1.364 3.645838 0.120374
1.365 3.645736 0.120322
1.366 3.645634 0.120270
1.367 3.645532 0.120218
1.368 3.645430 0.120166
1.369 3.645330 0.120110
1.370 3.645232 0.120050
1.371 3.645134 0.119991
1.372 3.645036 0.119931
1.373 3.644938 0.119872
1.374 3.644839 0.119812
1.375 3.644741 0.119753
1.376 3.644643 0.119692
1.377 3.644548 0.119458
1.378 3.644454 0.119225
1.379 3.644359 0.118991
1.380 3.644264 0.118757
1.381 3.644169 0.118524
1.382 3.644075 0.118290
1.383 3.643980 0.118056
1.384 3.643886 0.117846
1.385 3.643795 0.117686
1.386 3.643705 0.117525
1.387 3.643614 0.117365
1.388 3.643523 0.117204
1.389 3.643432 0.117044
1.390 3.643341 0.116883
1.391 3.643250 0.116722
1.392 3.643161 0.116530
1.393 3.643074 0.116312
1.394 3.642987 0.116095
1.395 3.642899 0.115877
1.396 3.642812 0.115660
1.397 3.642725 0.115442
1.398 3.642637 0.115224
1.399 3.642550 0.115007
1.400 3.642465 0.114795
1.401 3.642382 0.114586
1.402 3.642298 0.114376
1.403 3.642214 0.114167
1.404 3.642131 0.113958
1.405 3.642047 0.113748
1.406 3.641964 0.113539
1.407 3.641880 0.113330
1.408 3.641799 0.113116
1.409 3.641719 0.112901
1.410 3.641639 0.112686
1.411 3.641559 0.112471
1.412 3.641479 0.112255
1.413 3.641399 0.112040
1.414 3.641319 0.111825
1.415 3.641239 0.111610
1.416 3.641162 0.111437
1.417 3.641086 0.111281
1.418 3.641010 0.111125
1.419 3.640934 0.110969
1.420 3.640858 0.110813
1.421 3.640782 0.110657
1.422 3.640706 0.110501
1.423 3.640630 0.110345
1.424 3.640557 0.110193
1.425 3.640485 0.110043
1.426 3.640414 0.109893
1.427 3.640342 0.109744
1.428 3.640270 0.109594
1.429 3.640199 0.109444
1.430 3.640127 0.109295
1.431 3.640055 0.109145
1.432 3.639985 0.108980
1.433 3.639917 0.108788
1.434 3.639849 0.108596
1.435 3.639781 0.108404
1.436 3.639713 0.108212
1.437 3.639645 0.108020
1.438 3.639577 0.107828
1.439 3.639509 0.107637
1.440 3.639441 0.107445
1.441 3.639377 0.107259
1.442 3.639314 0.107072
1.443 3.639250 0.106886
1.444 3.639186 0.106700
1.445 3.639122 0.106514
1.446 3.639058 0.106327
1.447 3.638995 0.106141
1.448 3.638931 0.105955
1.449 3.638870 0.105758
1.450 3.638811 0.105555
1.451 3.638752 0.105352
1.452 3.638693 0.105149
1.453 3.638634 0.104946
1.454 3.638574 0.104743
1.455 3.638515 0.104540
1.456 3.638456 0.104337
1.457 3.638398 0.104136
1.458 3.638344 0.103949
1.459 3.638290 0.103762
1.460 3.638237 0.103576
1.461 3.638183 0.103389
1.462 3.638129 0.103202
1.463 3.638076 0.103015
1.464 3.638022 0.102829
1.465 3.637968 0.102642
1.466 3.637918 0.102483
1.467 3.637870 0.102350
1.468 3.637822 0.102218
1.469 3.637774 0.102085
1.470 3.637726 0.101953
1.471 3.637678 0.101821
1.472 3.637630 0.101688
1.473 3.637582 0.101556
1.474 3.637534 0.101423
1.475 3.637490 0.101219
1.476 3.637448 0.100996
1.477 3.637406 0.100773
1.478 3.637364 0.100550
1.479 3.637322 0.100327
1.480 3.637280 0.100104
1.481 3.637238 0.099881
1.482 3.637197 0.099658
1.483 3.637155 0.099435
1.484 3.637119 0.099274
1.485 3.637084 0.099114
1.486 3.637049 0.098954
1.487 3.637014 0.098794
1.488 3.636979 0.098634
1.489 3.636944 0.098474
1.490 3.636909 0.098314
1.491 3.636874 0.098154
1.492 3.636839 0.097993
1.493 3.636812 0.097802
1.494 3.636784 0.097611
1.495 3.636757 0.097421
1.496 3.636730 0.097230
1.497 3.636703 0.097039
1.498 3.636676 0.096848
1.499 3.636649 0.096657
1.500 3.636622 0.096466
1.501 3.636594 0.096275
1.502 3.636577 0.096063
1.503 3.636560 0.095850
1.504 3.636543 0.095638
1.505 3.636526 0.095425
1.506 3.636508 0.095213
1.507 3.636491 0.095000
1.508 3.636474 0.094788
1.509 3.636457 0.094575
1.510 3.636440 0.094363
1.511 3.636431 0.094127
1.512 3.636425 0.093887
1.513 3.636418 0.093647
1.514 3.636411 0.093407
1.515 3.636404 0.093167
1.516 3.636397 0.092927
1.517 3.636390 0.092687
1.518 3.636384 0.092447
1.519 3.636377 0.092207
1.520 3.636377 0.091896
1.521 3.636383 0.091538
1.522 3.636388 0.091180
1.523 3.636393 0.090822
1.524 3.636399 0.090463
1.525 3.636404 0.090105
1.526 3.636409 0.089747
1.527 3.636415 0.089389
1.528 3.636420 0.089030
1.529 3.636429 0.088692
1.530 3.636451 0.088423
1.531 3.636472 0.088153
1.532 3.636493 0.087884
1.533 3.636515 0.087615
1.534 3.636536 0.087345
1.535 3.636558 0.087076
1.536 3.636579 0.086806
1.537 3.636601 0.086537
1.538 3.636622 0.086268
1.539 3.636658 0.086021
1.540 3.636699 0.085783
1.541 3.636740 0.085544
1.542 3.636781 0.085306
1.543 3.636821 0.085067
1.544 3.636862 0.084829
1.545 3.636903 0.084591
1.546 3.636944 0.084352
1.547 3.636985 0.084114
1.548 3.637029 0.083869
1.549 3.637094 0.083579
1.550 3.637160 0.083288
1.551 3.637225 0.082998
1.552 3.637290 0.082708
1.553 3.637355 0.082418
1.554 3.637420 0.082128
1.555 3.637486 0.081838
1.556 3.637551 0.081548
1.557 3.637616 0.081258
1.558 3.637694 0.080982
1.559 3.637792 0.080728
1.560 3.637890 0.080473
1.561 3.637987 0.080218
1.562 3.638085 0.079963
1.563 3.638182 0.079708
1.564 3.638280 0.079453
1.565 3.638378 0.079198
1.566 3.638475 0.078943
1.567 3.638573 0.078688
1.568 3.638695 0.078362
1.569 3.638836 0.077978
1.570 3.638978 0.077594
1.571 3.639119 0.077209
1.572 3.639261 0.076825
1.573 3.639402 0.076441
1.574 3.639543 0.076057
1.575 3.639685 0.075673
1.576 3.639826 0.075289
1.577 3.639968 0.074904
1.578 3.640143 0.074533
1.579 3.640344 0.074170
1.580 3.640545 0.073808
1.581 3.640746 0.073445
1.582 3.640947 0.073082
1.583 3.641147 0.072720
1.584 3.641348 0.072357
1.585 3.641549 0.071995
1.586 3.641750 0.071632
1.587 3.641950 0.071269
1.588 3.642188 0.070890
1.589 3.642467 0.070491
1.590 3.642746 0.070092
1.591 3.643025 0.069693
1.592 3.643303 0.069294
1.593 3.643582 0.068895
1.594 3.643861 0.068496
1.595 3.644140 0.068097
1.596 3.644419 0.067698
1.597 3.644698 0.067299
1.598 3.644998 0.066885
1.599 3.645367 0.066423
1.600 3.645736 0.065961
1.601 3.646104 0.065499
1.602 3.646473 0.065036
1.603 3.646842 0.064574
1.604 3.647211 0.064112
1.605 3.647579 0.063650
1.606 3.647948 0.063187
1.607 3.648317 0.062725
1.608 3.648686 0.062263
1.609 3.649116 0.061742
1.610 3.649555 0.061211
1.611 3.649993 0.060681
1.612 3.650432 0.060151
1.613 3.650871 0.059621
1.614 3.651310 0.059090
1.615 3.651749 0.058560
1.616 3.652188 0.058030
1.617 3.652627 0.057500
1.618 3.653066 0.056969
1.619 3.653512 0.056431
1.620 3.653970 0.055880
1.621 3.654428 0.055328
1.622 3.654886 0.054777
1.623 3.655344 0.054225
1.624 3.655802 0.053674
1.625 3.656260 0.053122
1.626 3.656718 0.052571
1.627 3.657176 0.052019
1.628 3.657634 0.051467
1.629 3.658092 0.050916
1.630 3.658489 0.050282
1.631 3.658862 0.049617
1.632 3.659236 0.048953
1.633 3.659609 0.048288
1.634 3.659982 0.047623
1.635 3.660355 0.046959
1.636 3.660729 0.046294
1.637 3.661102 0.045629
1.638 3.661475 0.044964
1.639 3.661849 0.044300
1.640 3.662222 0.043635
1.641 3.662314 0.042874
1.642 3.662390 0.042108
1.643 3.662466 0.041342
1.644 3.662542 0.040576
1.645 3.662618 0.039810
1.646 3.662694 0.039043
1.647 3.662770 0.038277
1.648 3.662846 0.037511
1.649 3.662922 0.036745
1.650 3.662998 0.035979
1.651 3.663074 0.035212
1.652 3.663150 0.034446
1.653 3.663043 0.033706
1.654 3.662835 0.032981
1.655 3.662628 0.032256
1.656 3.662421 0.031531
1.657 3.662213 0.030806
1.658 3.662006 0.030080
1.659 3.661798 0.029355
1.660 3.661591 0.028630
1.661 3.661384 0.027905
1.662 3.661176 0.027179
1.663 3.660969 0.026454
1.664 3.660762 0.025729
1.665 3.660510 0.025015
1.666 3.660037 0.024357
1.667 3.659564 0.023700
1.668 3.659092 0.023042
1.669 3.658619 0.022384
1.670 3.658146 0.021727
1.671 3.657673 0.021069
1.672 3.657200 0.020412
1.673 3.656727 0.019754
1.674 3.656255 0.019096
1.675 3.655782 0.018439
1.676 3.655309 0.017781
1.677 3.654836 0.017124
1.678 3.654256 0.016541
1.679 3.653566 0.016035
1.680 3.652876 0.015528
1.681 3.652185 0.015022
1.682 3.651495 0.014516
1.683 3.650805 0.014010
1.684 3.650115 0.013504
1.685 3.649425 0.012997
1.686 3.648735 0.012491
1.687 3.648044 0.011985
1.688 3.647354 0.011479
1.689 3.646664 0.010973
1.690 3.645974 0.010466
1.691 3.645211 0.010065
1.692 3.644405 0.009726
1.693 3.643599 0.009387
1.694 3.642792 0.009048
1.695 3.641986 0.008709
1.696 3.641180 0.008370
1.697 3.640374 0.008031
1.698 3.639568 0.007692
1.699 3.638762 0.007353
1.700 3.637956 0.007014
1.701 3.637149 0.006675
1.702 3.636343 0.006336
1.703 3.635537 0.005996
1.704 3.634723 0.005764
1.705 3.633903 0.005613
1.706 3.633083 0.005463
1.707 3.632263 0.005313
1.708 3.631443 0.005162
1.709 3.630623 0.005012
1.710 3.629804 0.004862
1.711 3.628984 0.004711
1.712 3.628164 0.004561
1.713 3.627344 0.004411
1.714 3.626524 0.004261
1.715 3.625704 0.004110
1.716 3.624884 0.003960
1.717 3.624082 0.003819
1.718 3.623325 0.003702
1.719 3.622568 0.003585
1.720 3.621810 0.003468
1.721 3.621053 0.003351
1.722 3.620296 0.003234
1.723 3.619539 0.003117
1.724 3.618781 0.003000
1.725 3.618024 0.002882
1.726 3.617267 0.002765
1.727 3.616509 0.002648
1.728 3.615752 0.002531
1.729 3.614995 0.002414
1.730 3.614238 0.002297
1.731 3.613553 0.002249
1.732 3.612886 0.002217
1.733 3.612218 0.002184
1.734 3.611550 0.002152
1.735 3.610882 0.002120
1.736 3.610215 0.002088
1.737 3.609547 0.002055
1.738 3.608879 0.002023
1.739 3.608211 0.001991
1.740 3.607544 0.001958
1.741 3.606876 0.001926
1.742 3.606208 0.001894
1.743 3.605540 0.001861
1.744 3.604884 0.001829
1.745 3.604311 0.001794
1.746 3.603737 0.001759
1.747 3.603163 0.001724
1.748 3.602589 0.001689
1.749 3.602015 0.001654
1.750 3.601441 0.001619
1.751 3.600868 0.001584
1.752 3.600294 0.001549
1.753 3.599720 0.001514
1.754 3.599146 0.001479
1.755 3.598572 0.001445
1.756 3.597999 0.001410
1.757 3.597425 0.001375
1.758 3.596867 0.001341
1.759 3.596365 0.001314
1.760 3.595864 0.001286
1.761 3.595362 0.001258
1.762 3.594861 0.001231
1.763 3.594359 0.001203
1.764 3.593857 0.001175
1.765 3.593356 0.001148
1.766 3.592854 0.001120
1.767 3.592353 0.001092
1.768 3.591851 0.001064
1.769 3.591350 0.001037
1.770 3.590848 0.001009
1.771 3.590347 0.000981
1.772 3.589850 0.000956
1.773 3.589408 0.000959
1.774 3.588966 0.000961
1.775 3.588523 0.000964
1.776 3.588081 0.000966
1.777 3.587638 0.000969
1.778 3.587196 0.000971
1.779 3.586754 0.000974
1.780 3.586311 0.000976
1.781 3.585869 0.000979
1.782 3.585426 0.000981
1.783 3.584984 0.000984
1.784 3.584542 0.000986
1.785 3.584099 0.000989
1.786 3.583657 0.000991
1.787 3.583245 0.000975
1.788 3.582844 0.000953
1.789 3.582444 0.000931
1.790 3.582043 0.000908
1.791 3.581642 0.000886
1.792 3.581242 0.000863
1.793 3.580841 0.000841
1.794 3.580441 0.000818
1.795 3.580040 0.000796
1.796 3.579640 0.000773
1.797 3.579239 0.000751
1.798 3.578838 0.000728
1.799 3.578438 0.000706
1.800 3.578037 0.000683
1.801 NaN NaN
1.802 NaN NaN
1.803 NaN NaN
1.804 NaN NaN
1.805 NaN NaN
1.806 NaN NaN
1.807 NaN NaN
1.808 NaN NaN
1.809 NaN NaN
1.810 NaN NaN
1.811 NaN NaN
1.812 NaN NaN
1.813 NaN NaN
1.814 NaN NaN
1.815 NaN NaN
1.816 NaN NaN
1.817 NaN NaN
1.818 NaN NaN
1.819 NaN NaN
1.820 NaN NaN
1.821 NaN NaN
1.822 NaN NaN
1.823 NaN NaN
1.824 NaN NaN
1.825 NaN NaN
1.826 NaN NaN
1.827 NaN NaN
1.828 NaN NaN
1.829 NaN NaN
1.830 NaN NaN
1.831 NaN NaN
1.832 NaN NaN
1.833 NaN NaN
1.834 NaN NaN
1.835 NaN NaN
1.836 NaN NaN
1.837 NaN NaN
1.838 NaN NaN
1.839 NaN NaN
1.840 NaN NaN
1.841 NaN NaN
1.842 NaN NaN
1.843 NaN NaN
1.844 NaN NaN
1.845 NaN NaN
1.846 NaN NaN
1.847 NaN NaN
1.848 NaN NaN
1.849 NaN NaN
1.850 NaN NaN
1.851 NaN NaN
1.852 NaN NaN
1.853 NaN NaN
1.854 NaN NaN
1.855 NaN NaN
1.856 NaN NaN
1.857 NaN NaN
1.858 NaN NaN
1.859 NaN NaN
1.860 NaN NaN
1.861 NaN NaN
1.862 NaN NaN
1.863 NaN NaN
1.864 NaN NaN
1.865 NaN NaN
1.866 NaN NaN
1.867 NaN NaN
1.868 NaN NaN
1.869 NaN NaN
1.870 NaN NaN
1.871 NaN NaN
1.872 NaN NaN
1.873 NaN NaN
1.874 NaN NaN
1.875 NaN NaN
1.876 NaN NaN
1.877 NaN NaN
1.878 NaN NaN
1.879 NaN NaN
1.880 NaN NaN
1.881 NaN NaN
1.882 NaN NaN
1.883 NaN NaN
1.884 NaN NaN
1.885 NaN NaN
1.886 NaN NaN
1.887 NaN NaN
1.888 NaN NaN
1.889 NaN NaN
1.890 NaN NaN
1.891 NaN NaN
1.892 NaN NaN
1.893 NaN NaN
1.894 NaN NaN
1.895 NaN NaN
1.896 NaN NaN
1.897 NaN NaN
1.898 NaN NaN
1.899 NaN NaN
1.900 NaN NaN
1.901 NaN NaN
1.902 NaN NaN
1.903 NaN NaN
1.904 NaN NaN
1.905 NaN NaN
1.906 NaN NaN
1.907 NaN NaN
1.908 NaN NaN
1.909 NaN NaN
1.910 NaN NaN
1.911 NaN NaN
1.912 NaN NaN
1.913 NaN NaN
1.914 NaN NaN
1.915 NaN NaN
1.916 NaN NaN
1.917 NaN NaN
1.918 NaN NaN
1.919 NaN NaN
1.920 NaN NaN
1.921 NaN NaN
1.922 NaN NaN
1.923 NaN NaN
1.924 NaN NaN
1.925 NaN NaN
1.926 NaN NaN
1.927 NaN NaN
1.928 NaN NaN
1.929 NaN NaN
1.930 NaN NaN
1.931 NaN NaN
1.932 NaN NaN
1.933 NaN NaN
1.934 NaN NaN
1.935 NaN NaN
1.936 NaN NaN
1.937 NaN NaN
1.938 NaN NaN
1.939 NaN NaN
1.940 NaN NaN
1.941 NaN NaN
1.942 NaN NaN
1.943 NaN NaN
1.944 NaN NaN
1.945 NaN NaN
1.946 NaN NaN
1.947 NaN NaN
1.948 NaN NaN
1.949 NaN NaN
1.950 NaN NaN