1.00000,3.54460,0.15932
1.00100,3.54401,0.15896
1.00200,3.54343,0.15860
1.00300,3.54285,0.15825
1.00400,3.54228,0.15790
1.00500,3.54171,0.15756
1.00600,3.54115,0.15721
1.00700,3.54058,0.15688
1.00800,3.54003,0.15654
1.00900,3.53947,0.15621
1.01000,3.53892,0.15588
1.01100,3.53838,0.15556
1.01200,3.53784,0.15524
1.01300,3.53730,0.15492
1.01400,3.53677,0.15461
1.01500,3.53624,0.15430
1.01600,3.53571,0.15399
1.01700,3.53519,0.15368
1.01800,3.53467,0.15338
1.01900,3.53415,0.15308
1.02000,3.53364,0.15279
1.02100,3.53313,0.15249
1.02200,3.53263,0.15220
1.02300,3.53213,0.15192
1.02400,3.53163,0.15163
1.02500,3.53114,0.15135
1.02600,3.53065,0.15107
1.02700,3.53017,0.15079
1.02800,3.52969,0.15052
1.02900,3.52921,0.15025
1.03000,3.52873,0.14998
1.03100,3.52826,0.14971
1.03200,3.52779,0.14945
1.03300,3.52733,0.14919
1.03400,3.52687,0.14893
1.03500,3.52641,0.14867
1.03600,3.52596,0.14842
1.03700,3.52551,0.14816
1.03800,3.52506,0.14791
1.03900,3.52462,0.14767
1.04000,3.52418,0.14742
1.04100,3.52374,0.14718
1.04200,3.52331,0.14694
1.04300,3.52288,0.14670
1.04400,3.52246,0.14646
1.04500,3.52203,0.14623
1.04600,3.52161,0.14599
1.04700,3.52120,0.14576
1.04800,3.52079,0.14553
1.04900,3.52038,0.14531
1.05000,3.51997,0.14508
1.05100,3.51957,0.14486
1.05200,3.51917,0.14464
1.05300,3.51877,0.14442
1.05400,3.51838,0.14420
1.05500,3.51799,0.14398
1.05600,3.51760,0.14377
1.05700,3.51722,0.14356
1.05800,3.51684,0.14334
1.05900,3.51646,0.14314
1.06000,3.51609,0.14293
1.06100,3.51572,0.14272
1.06200,3.51535,0.14252
1.06300,3.51498,0.14231
1.06400,3.51462,0.14211
1.06500,3.51426,0.14191
1.06600,3.51391,0.14171
1.06700,3.51356,0.14152
1.06800,3.51321,0.14132
1.06900,3.51286,0.14113
1.07000,3.51252,0.14093
1.07100,3.51217,0.14074
1.07200,3.51184,0.14055
1.07300,3.51150,0.14036
1.07400,3.51117,0.14017
1.07500,3.51084,0.13999
1.07600,3.51052,0.13980
1.07700,3.51019,0.13962
1.07800,3.50987,0.13943
1.07900,3.50956,0.13925
1.08000,3.50924,0.13907
1.08100,3.50893,0.13889
1.08200,3.50862,0.13871
1.08300,3.50831,0.13854
1.08400,3.50801,0.13836
1.08500,3.50771,0.13818
1.08600,3.50741,0.13801
1.08700,3.50712,0.13784
1.08800,3.50683,0.13766
1.08900,3.50654,0.13749
1.09000,3.50625,0.13732
1.09100,3.50596,0.13715
1.09200,3.50568,0.13698
1.09300,3.50540,0.13682
1.09400,3.50513,0.13665
1.09500,3.50486,0.13648
1.09600,3.50458,0.13632
1.09700,3.50432,0.13615
1.09800,3.50405,0.13599
1.09900,3.50379,0.13583
1.10000,3.50353,0.13567
1.10100,3.50327,0.13550
1.10200,3.50301,0.13534
1.10300,3.50276,0.13518
1.10400,3.50251,0.13502
1.10500,3.50226,0.13487
1.10600,3.50202,0.13471
1.10700,3.50178,0.13455
1.10800,3.50154,0.13439
1.10900,3.50130,0.13424
1.11000,3.50106,0.13408
1.11100,3.50083,0.13393
1.11200,3.50060,0.13377
1.11300,3.50037,0.13362
1.11400,3.50015,0.13347
1.11500,3.49992,0.13331
1.11600,3.49970,0.13316
1.11700,3.49948,0.13301
1.11800,3.49927,0.13286
1.11900,3.49905,0.13271
1.12000,3.49884,0.13255
1.12100,3.49863,0.13240
1.12200,3.49843,0.13225
1.12300,3.49822,0.13211
1.12400,3.49802,0.13196
1.12500,3.49782,0.13181
1.12600,3.49763,0.13166
1.12700,3.49743,0.13151
1.12800,3.49724,0.13136
1.12900,3.49705,0.13122
1.13000,3.49686,0.13107
1.13100,3.49667,0.13092
1.13200,3.49649,0.13077
1.13300,3.49631,0.13063
1.13400,3.49613,0.13048
1.13500,3.49595,0.13034
1.13600,3.49577,0.13019
1.13700,3.49560,0.13004
1.13800,3.49543,0.12990
1.13900,3.49526,0.12975
1.14000,3.49510,0.12961
1.14100,3.49493,0.12946
1.14200,3.49477,0.12932
1.14300,3.49461,0.12917
1.14400,3.49445,0.12903
1.14500,3.49430,0.12888
1.14600,3.49414,0.12874
1.14700,3.49399,0.12860
1.14800,3.49384,0.12845
1.14900,3.49369,0.12831
1.15000,3.49355,0.12816
1.15100,3.49340,0.12802
1.15200,3.49326,0.12787
1.15300,3.49312,0.12773
1.15400,3.49298,0.12759
1.15500,3.49285,0.12744
1.15600,3.49272,0.12730
1.15700,3.49258,0.12715
1.15800,3.49245,0.12701
1.15900,3.49233,0.12686
1.16000,3.49220,0.12672
1.16100,3.49208,0.12657
1.16200,3.49195,0.12643
1.16300,3.49183,0.12628
1.16400,3.49172,0.12614
1.16500,3.49160,0.12599
1.16600,3.49149,0.12585
1.16700,3.49137,0.12570
1.16800,3.49126,0.12555
1.16900,3.49115,0.12541
1.17000,3.49105,0.12526
1.17100,3.49094,0.12511
1.17200,3.49084,0.12497
1.17300,3.49074,0.12482
1.17400,3.49064,0.12467
1.17500,3.49054,0.12453
1.17600,3.49045,0.12438
1.17700,3.49035,0.12423
1.17800,3.49026,0.12408
1.17900,3.49017,0.12393
1.18000,3.49008,0.12378
1.18100,3.48999,0.12363
1.18200,3.48991,0.12348
1.18300,3.48983,0.12333
1.18400,3.48974,0.12318
1.18500,3.48966,0.12303
1.18600,3.48959,0.12288
1.18700,3.48951,0.12273
1.18800,3.48943,0.12258
1.18900,3.48936,0.12243
1.19000,3.48929,0.12227
1.19100,3.48922,0.12212
1.19200,3.48915,0.12196
1.19300,3.48909,0.12181
1.19400,3.48902,0.12166
1.19500,3.48896,0.12150
1.19600,3.48890,0.12134
1.19700,3.48884,0.12119
1.19800,3.48878,0.12103
1.19900,3.48872,0.12087
1.20000,3.48867,0.12072
1.20100,3.48862,0.12056
1.20200,3.48856,0.12040
1.20300,3.48851,0.12024
1.20400,3.48847,0.12008
1.20500,3.48842,0.11992
1.20600,3.48837,0.11976
1.20700,3.48833,0.11960
1.20800,3.48829,0.11943
1.20900,3.48825,0.11927
1.21000,3.48821,0.11911
1.21100,3.48817,0.11894
1.21200,3.48814,0.11878
1.21300,3.48810,0.11861
1.21400,3.48807,0.11845
1.21500,3.48804,0.11828
1.21600,3.48801,0.11811
1.21700,3.48798,0.11794
1.21800,3.48795,0.11777
1.21900,3.48793,0.11760
1.22000,3.48790,0.11743
1.22100,3.48788,0.11726
1.22200,3.48786,0.11709
1.22300,3.48784,0.11692
1.22400,3.48782,0.11674
1.22500,3.48781,0.11657
1.22600,3.48779,0.11639
1.22700,3.48778,0.11622
1.22800,3.48777,0.11604
1.22900,3.48775,0.11586
1.23000,3.48774,0.11568
1.23100,3.48774,0.11551
1.23200,3.48773,0.11533
1.23300,3.48773,0.11514
1.23400,3.48772,0.11496
1.23500,3.48772,0.11478
1.23600,3.48772,0.11459
1.23700,3.48772,0.11441
1.23800,3.48772,0.11422
1.23900,3.48772,0.11404
1.24000,3.48773,0.11385
1.24100,3.48773,0.11366
1.24200,3.48774,0.11347
1.24300,3.48775,0.11328
1.24400,3.48776,0.11309
1.24500,3.48777,0.11290
1.24600,3.48778,0.11270
1.24700,3.48780,0.11251
1.24800,3.48781,0.11231
1.24900,3.48783,0.11212
1.25000,3.48785,0.11192
1.25100,3.48786,0.11172
1.25200,3.48788,0.11152
1.25300,3.48791,0.11132
1.25400,3.48793,0.11111
1.25500,3.48795,0.11091
1.25600,3.48798,0.11071
1.25700,3.48800,0.11050
1.25800,3.48803,0.11029
1.25900,3.48806,0.11009
1.26000,3.48809,0.10988
1.26100,3.48812,0.10967
1.26200,3.48816,0.10945
1.26300,3.48819,0.10924
1.26400,3.48822,0.10903
1.26500,3.48826,0.10881
1.26600,3.48830,0.10859
1.26700,3.48834,0.10838
1.26800,3.48838,0.10816
1.26900,3.48842,0.10794
1.27000,3.48846,0.10771
1.27100,3.48850,0.10749
1.27200,3.48855,0.10727
1.27300,3.48859,0.10704
1.27400,3.48864,0.10681
1.27500,3.48869,0.10658
1.27600,3.48874,0.10635
1.27700,3.48879,0.10612
1.27800,3.48884,0.10589
1.27900,3.48889,0.10565
1.28000,3.48895,0.10542
1.28100,3.48900,0.10518
1.28200,3.48906,0.10494
1.28300,3.48911,0.10470
1.28400,3.48917,0.10445
1.28500,3.48923,0.10421
1.28600,3.48929,0.10397
1.28700,3.48935,0.10372
1.28800,3.48941,0.10347
1.28900,3.48948,0.10322
1.29000,3.48954,0.10297
1.29100,3.48961,0.10271
1.29200,3.48967,0.10246
1.29300,3.48974,0.10220
1.29400,3.48981,0.10194
1.29500,3.48988,0.10168
1.29600,3.48995,0.10142
1.29700,3.49002,0.10115
1.29800,3.49010,0.10089
1.29900,3.49017,0.10062
1.30000,3.49024,0.10035
1.30100,3.49032,0.10008
1.30200,3.49040,0.09981
1.30300,3.49047,0.09953
1.30400,3.49055,0.09925
1.30500,3.49063,0.09898
1.30600,3.49071,0.09869
1.30700,3.49079,0.09841
1.30800,3.49088,0.09813
1.30900,3.49096,0.09784
1.31000,3.49104,0.09755
1.31100,3.49113,0.09726
1.31200,3.49121,0.09697
1.31300,3.49130,0.09667
1.31400,3.49139,0.09637
1.31500,3.49148,0.09607
1.31600,3.49157,0.09577
1.31700,3.49166,0.09547
1.31800,3.49175,0.09516
1.31900,3.49184,0.09485
1.32000,3.49194,0.09454
1.32100,3.49203,0.09423
1.32200,3.49212,0.09391
1.32300,3.49222,0.09359
1.32400,3.49232,0.09327
1.32500,3.49241,0.09295
1.32600,3.49251,0.09262
1.32700,3.49261,0.09230
1.32800,3.49271,0.09196
1.32900,3.49281,0.09163
1.33000,3.49291,0.09130
1.33100,3.49301,0.09096
1.33200,3.49312,0.09062
1.33300,3.49322,0.09027
1.33400,3.49333,0.08993
1.33500,3.49343,0.08958
1.33600,3.49354,0.08922
1.33700,3.49364,0.08887
1.33800,3.49375,0.08851
1.33900,3.49386,0.08815
1.34000,3.49397,0.08779
1.34100,3.49408,0.08742
1.34200,3.49419,0.08705
1.34300,3.49430,0.08668
1.34400,3.49441,0.08630
1.34500,3.49452,0.08592
1.34600,3.49463,0.08554
1.34700,3.49475,0.08515
1.34800,3.49486,0.08476
1.34900,3.49497,0.08437
1.35000,3.49509,0.08397
1.35100,3.49520,0.08357
1.35200,3.49532,0.08317
1.35300,3.49544,0.08276
1.35400,3.49555,0.08235
1.35500,3.49567,0.08194
1.35600,3.49579,0.08152
1.35700,3.49591,0.08110
1.35800,3.49603,0.08067
1.35900,3.49614,0.08024
1.36000,3.49626,0.07980
1.36100,3.49638,0.07937
1.36200,3.49651,0.07892
1.36300,3.49663,0.07848
1.36400,3.49675,0.07802
1.36500,3.49687,0.07757
1.36600,3.49699,0.07711
1.36700,3.49711,0.07664
1.36800,3.49723,0.07617
1.36900,3.49736,0.07570
1.37000,3.49748,0.07522
1.37100,3.49760,0.07474
1.37200,3.49772,0.07425
1.37300,3.49785,0.07375
1.37400,3.49797,0.07325
1.37500,3.49809,0.07275
1.37600,3.49822,0.07223
1.37700,3.49834,0.07172
1.37800,3.49846,0.07119
1.37900,3.49858,0.07067
1.38000,3.49871,0.07013
1.38100,3.49883,0.06959
1.38200,3.49895,0.06904
1.38300,3.49907,0.06849
1.38400,3.49919,0.06793
1.38500,3.49931,0.06736
1.38600,3.49943,0.06679
1.38700,3.49955,0.06620
1.38800,3.49967,0.06561
1.38900,3.49979,0.06502
1.39000,3.49991,0.06441
1.39100,3.50002,0.06380
1.39200,3.50014,0.06318
1.39300,3.50025,0.06255
1.39400,3.50037,0.06191
1.39500,3.50048,0.06126
1.39600,3.50059,0.06060
1.39700,3.50069,0.05994
1.39800,3.50080,0.05926
1.39900,3.50090,0.05857
1.40000,3.50101,0.05787
1.40100,3.50111,0.05716
1.40200,3.50120,0.05644
1.40300,3.50130,0.05571
1.40400,3.50139,0.05496
1.40500,3.50147,0.05420
1.40600,3.50156,0.05343
1.40700,3.50163,0.05265
1.40800,3.50171,0.05184
1.40900,3.50178,0.05103
1.41000,3.50184,0.05019
1.41100,3.50189,0.04934
1.41200,3.50194,0.04847
1.41300,3.50198,0.04759
1.41400,3.50201,0.04668
1.41500,3.50203,0.04575
1.41600,3.50204,0.04481
1.41700,3.50203,0.04383
1.41800,3.50201,0.04284
1.41900,3.50197,0.04182
1.42000,3.50191,0.04077
1.42100,3.50183,0.03970
1.42200,3.50172,0.03859
1.42300,3.50157,0.03746
1.42400,3.50139,0.03630
1.42500,3.50117,0.03512
1.42600,3.50089,0.03390
1.42700,3.50055,0.03267
1.42800,3.50015,0.03142
1.42900,3.49967,0.03017
1.43000,3.49911,0.02893
1.43100,3.49847,0.02771
1.43200,3.49775,0.02638
1.43300,3.49696,0.02405
1.43400,3.49613,0.02189
1.43500,3.49527,0.01989
1.43600,3.49439,0.01804
1.43700,3.49352,0.01633
1.43800,3.49265,0.01475
1.43900,3.49179,0.01326
1.44000,3.49096,0.01188
1.44100,3.49014,0.01057
1.44200,3.48934,0.00935
1.44300,3.48855,0.00820
1.44400,3.48779,0.00711
1.44500,3.48703,0.00608
1.44600,3.48629,0.00512
1.44700,3.48556,0.00421
1.44800,3.48484,0.00336
1.44900,3.48412,0.00257
1.45000,3.48340,0.00183
1.45100,3.48267,0.00114
1.45200,3.48194,0.00052
1.45300,3.48120,0.00000
1.45400,3.48044,0.00000
1.45500,3.47965,0.00000
1.45600,3.47885,0.00000
1.45700,3.47801,0.00000
1.45800,3.47715,0.00000
1.45900,3.47627,0.00000
1.46000,3.47536,0.00000
1.46100,3.47444,0.00000
1.46200,3.47352,0.00000
1.46300,3.47260,0.00000
1.46400,3.47169,0.00000
1.46500,3.47080,0.00000
1.46600,3.46992,0.00000
1.46700,3.46905,0.00000
1.46800,3.46820,0.00000
1.46900,3.46738,0.00000
1.47000,3.46656,0.00000
1.47100,3.46577,0.00000
1.47200,3.46499,0.00000
1.47300,3.46423,0.00000
1.47400,3.46348,0.00000
1.47500,3.46275,0.00000
1.47600,3.46203,0.00000
1.47700,3.46133,0.00000
1.47800,3.46064,0.00000
1.47900,3.45996,0.00000
1.48000,3.45929,0.00000
1.48100,3.45863,0.00000
1.48200,3.45798,0.00000
1.48300,3.45735,0.00000
1.48400,3.45672,0.00000
1.48500,3.45610,0.00000
1.48600,3.45550,0.00000
1.48700,3.45490,0.00000
1.48800,3.45431,0.00000
1.48900,3.45372,0.00000
1.49000,3.45315,0.00000
1.49100,3.45258,0.00000
1.49200,3.45202,0.00000
1.49300,3.45147,0.00000
1.49400,3.45092,0.00000
1.49500,3.45038,0.00000
1.49600,3.44985,0.00000
1.49700,3.44932,0.00000
1.49800,3.44880,0.00000
1.49900,3.44829,0.00000
1.50000,3.44778,0.00000
