0.251 2.122069 3.340589
0.252 2.176444 3.351058
0.253 2.230544 3.359134
0.254 2.285823 3.369157
0.255 2.337220 3.375720
0.256 2.392925 3.382709
0.257 2.449687 3.390033
0.258 2.508611 3.397035
0.259 2.571891 3.402909
0.260 2.638087 3.406773
0.261 2.704664 3.402776
0.262 2.776413 3.398935
0.263 2.848978 3.381808
0.264 2.925747 3.363529
0.265 2.996131 3.335322
0.266 3.065079 3.302185
0.267 3.132590 3.263530
0.268 3.195420 3.217175
0.269 3.249019 3.167623
0.270 3.300672 3.114539
0.271 3.343265 3.059524
0.272 3.383041 3.005181
0.273 3.414314 2.948615
0.274 3.441302 2.894152
0.275 3.464887 2.838730
0.276 3.485686 2.787620
0.277 3.500300 2.735784
0.278 3.512774 2.682893
0.279 3.524025 2.637653
0.280 3.529756 2.590376
0.281 3.534974 2.545576
0.282 3.539822 2.503231
0.283 3.539674 2.463026
0.284 3.539918 2.424224
0.285 3.540897 2.386647
0.286 3.537517 2.348464
0.287 3.534308 2.314591
0.288 3.531231 2.281116
0.289 3.523785 2.248324
0.290 3.516645 2.220189
0.291 3.510107 2.190279
0.292 3.504940 2.162502
0.293 3.495272 2.135934
0.294 3.485882 2.112204
0.295 3.476761 2.089098
0.296 3.467941 2.066638
0.297 3.459163 2.048899
0.298 3.446607 2.028575
0.299 3.437651 2.012542
0.300 3.426305 1.992574
0.301 3.416600 1.977278
0.302 3.407240 1.963420
0.303 3.396859 1.948631
0.304 3.387376 1.936728
0.305 3.377841 1.926215
0.306 3.367601 1.916034
0.307 3.360698 1.906193
0.308 3.351530 1.896571
0.309 3.341840 1.887156
0.310 3.332474 1.877972
0.311 3.324080 1.872406
0.312 3.316653 1.865063
0.313 3.309155 1.860710
0.314 3.302723 1.852792
0.315 3.295729 1.848967
0.316 3.288086 1.844435
0.317 3.283277 1.839391
0.318 3.276478 1.835172
0.319 3.271530 1.833888
0.320 3.265651 1.829658
0.321 3.260326 1.828922
0.322 3.255349 1.824240
0.323 3.249814 1.824328
0.324 3.245715 1.823344
0.325 3.243266 1.820006
0.326 3.236505 1.820325
0.327 3.234533 1.820749
0.328 3.232639 1.821207
0.329 3.230370 1.821242
0.330 3.224357 1.817481
0.331 3.222780 1.818108
0.332 3.221279 1.818782
0.333 3.219878 1.819517
0.334 3.218570 1.820305
0.335 3.217347 1.821141
0.336 3.216180 1.822010
0.337 3.215128 1.822956
0.338 3.214160 1.823959
0.339 3.213246 1.825898
0.340 3.212401 1.830844
0.341 3.211650 1.831989
0.342 3.210966 1.833180
0.343 3.210330 1.834407
0.344 3.212401 1.835743
0.345 3.214142 1.837850
0.346 3.213738 1.843294
0.347 3.214075 1.844738
0.348 3.217933 1.846271
0.349 3.217760 1.847850
0.350 3.217642 1.851464
0.351 3.221420 1.855943
0.352 3.222434 1.857669
0.353 3.226272 1.859440
0.354 3.227496 1.866049
0.355 3.231057 1.867935
0.356 3.232855 1.869870
0.357 3.235988 1.874587
0.358 3.238534 1.878684
0.359 3.241381 1.880769
0.360 3.244679 1.887093
0.361 3.250015 1.889886
0.362 3.250937 1.892255
0.363 3.256171 1.898892
0.364 3.260453 1.901529
0.365 3.263843 1.904506
0.366 3.269168 1.911118
0.367 3.274237 1.914054
0.368 3.278176 1.920673
0.369 3.286111 1.923432
0.370 3.289550 1.930803
0.371 3.295275 1.933506
0.372 3.301412 1.940036
0.373 3.309854 1.945313
0.374 3.314891 1.951134
0.375 3.322170 1.955126
0.376 3.330854 1.961530
0.377 3.335414 1.968582
0.378 3.343652 1.973824
0.379 3.352585 1.979801
0.380 3.362243 1.987388
0.381 3.375408 1.992923
0.382 3.384615 1.998401
0.383 3.395039 2.006189
0.384 3.407952 2.012304
0.385 3.422090 2.017380
0.386 3.436288 2.025127
0.387 3.449469 2.028488
0.388 3.465667 2.031776
0.389 3.481897 2.035086
0.390 3.498315 2.034654
0.391 3.518970 2.035831
0.392 3.535932 2.033315
0.393 3.551958 2.030427
0.394 3.564488 2.026471
0.395 3.578578 2.020121
0.396 3.593003 2.017247
0.397 3.604225 2.010333
0.398 3.612023 2.005006
0.399 3.620403 2.000897
0.400 3.625914 1.997279
0.401 3.633547 1.992295
0.402 3.640563 1.994417
0.403 3.646105 1.993580
0.404 3.651802 1.995047
0.405 3.657780 2.000029
0.406 3.664537 2.005243
0.407 3.671594 2.010622
0.408 3.683070 2.019989
0.409 3.693391 2.027149
0.410 3.707875 2.038122
0.411 3.719631 2.049412
0.412 3.739069 2.059112
0.413 3.758259 2.066014
0.414 3.781547 2.076248
0.415 3.805271 2.085952
0.416 3.831585 2.095000
0.417 3.862074 2.100700
0.418 3.892874 2.106901
0.419 3.925715 2.108229
0.420 3.959767 2.108060
0.421 3.993596 2.104285
0.422 4.027336 2.098954
0.423 4.060804 2.092585
0.424 4.093996 2.084466
0.425 4.127021 2.074178
0.426 4.159948 2.062382
0.427 4.192070 2.049152
0.428 4.222565 2.032844
0.429 4.254966 2.015743
0.430 4.287685 1.997497
0.431 4.318897 1.977791
0.432 4.350181 1.954074
0.433 4.379642 1.927984
0.434 4.407647 1.900006
0.435 4.434881 1.870141
0.436 4.461262 1.838510
0.437 4.485752 1.805261
0.438 4.505627 1.769568
0.439 4.526312 1.732967
0.440 4.542045 1.695209
0.441 4.554499 1.656998
0.442 4.564672 1.618490
0.443 4.572424 1.579872
0.444 4.576890 1.541951
0.445 4.577939 1.507382
0.446 4.577860 1.471177
0.447 4.574277 1.438025
0.448 4.572054 1.406570
0.449 4.565386 1.375493
0.450 4.558364 1.344922
0.451 4.551370 1.315672
0.452 4.546679 1.287405
0.453 4.538338 1.263101
0.454 4.529554 1.236965
0.455 4.520438 1.214408
0.456 4.511337 1.192628
0.457 4.501586 1.171793
0.458 4.488124 1.151535
0.459 4.478448 1.131519
0.460 4.469026 1.112950
0.461 4.459573 1.096885
0.462 4.450124 1.079787
0.463 4.440698 1.065327
0.464 4.431287 1.047923
0.465 4.421887 1.033901
0.466 4.412511 1.018404
0.467 4.403173 1.004734
0.468 4.393891 0.992681
0.469 4.384642 0.980231
0.470 4.375423 0.968049
0.471 4.366253 0.956218
0.472 4.357509 0.945183
0.473 4.350985 0.934296
0.474 4.343817 0.923607
0.475 4.334866 0.913451
0.476 4.325974 0.903713
0.477 4.317112 0.894037
0.478 4.308314 0.884799
0.479 4.301977 0.876035
0.480 4.295517 0.867379
0.481 4.287081 0.858798
0.482 4.278556 0.850418
0.483 4.271211 0.842408
0.484 4.266414 0.834758
0.485 4.258029 0.827199
0.486 4.250646 0.819820
0.487 4.245415 0.812621
0.488 4.238097 0.805534
0.489 4.230773 0.798702
0.490 4.225136 0.791990
0.491 4.219256 0.785484
0.492 4.213643 0.779153
0.493 4.207626 0.772914
0.494 4.199827 0.766829
0.495 4.194333 0.760821
0.496 4.188924 0.755031
0.497 4.183361 0.749365
0.498 4.178109 0.743810
0.499 4.172638 0.738330
0.500 4.167475 0.732836
0.501 4.162056 0.727574
0.502 4.157038 0.722508
0.503 4.151758 0.717482
0.504 4.146711 0.712483
0.505 4.141650 0.707540
0.506 4.136493 0.702685
0.507 4.131861 0.697889
0.508 4.126356 0.693103
0.509 4.122316 0.688361
0.510 4.116273 0.683798
0.511 4.113523 0.679551
0.512 4.110425 0.674987
0.513 4.104247 0.670438
0.514 4.100912 0.666317
0.515 4.095078 0.661983
0.516 4.091244 0.657862
0.517 4.086061 0.653877
0.518 4.081788 0.649747
0.519 4.078914 0.645692
0.520 4.075027 0.641790
0.521 4.070461 0.637962
0.522 4.066998 0.634088
0.523 4.064035 0.630148
0.524 4.059609 0.626286
0.525 4.055344 0.622602
0.526 4.053077 0.618940
0.527 4.049031 0.615331
0.528 4.044527 0.611771
0.529 4.040415 0.608219
0.530 4.036056 0.604678
0.531 4.032575 0.601179
0.532 4.029924 0.597781
0.533 4.026018 0.594532
0.534 4.021475 0.591353
0.535 4.019388 0.587951
0.536 4.015906 0.584600
0.537 4.011657 0.581286
0.538 4.008530 0.578079
0.539 4.006523 0.574983
0.540 4.004173 0.571905
0.541 4.000424 0.568681
0.542 3.996239 0.565677
0.543 3.993940 0.562702
0.544 3.990738 0.559605
0.545 3.986852 0.556557
0.546 3.983485 0.553658
0.547 3.981537 0.550768
0.548 3.977414 0.547917
0.549 3.973817 0.545032
0.550 3.971371 0.542227
0.551 3.969588 0.539441
0.552 3.967361 0.536626
0.553 3.962797 0.533932
0.554 3.959849 0.531096
0.555 3.957785 0.528426
0.556 3.956070 0.525739
0.557 3.953686 0.522988
0.558 3.948523 0.520460
0.559 3.946303 0.517998
0.560 3.944479 0.515318
0.561 3.941281 0.512698
0.562 3.936485 0.510306
0.563 3.934855 0.507869
0.564 3.933237 0.505218
0.565 3.931060 0.502741
0.566 3.928003 0.500424
0.567 3.923775 0.498123
0.568 3.922185 0.495671
0.569 3.920635 0.493189
0.570 3.918315 0.490791
0.571 3.914750 0.488553
0.572 3.911712 0.486334
0.573 3.909816 0.484115
0.574 3.908323 0.481781
0.575 3.906574 0.479306
0.576 3.901855 0.477082
0.577 3.899380 0.474916
0.578 3.897792 0.472770
0.579 3.896374 0.470626
0.580 3.894968 0.468498
0.581 3.892823 0.466396
0.582 3.889931 0.464310
0.583 3.886180 0.462237
0.584 3.884708 0.460167
0.585 3.883351 0.458106
0.586 3.881503 0.456057
0.587 3.877578 0.454034
0.588 3.875084 0.452026
0.589 3.873279 0.450022
0.590 3.871966 0.448019
0.591 3.870263 0.446031
0.592 3.867073 0.444062
0.593 3.863382 0.442107
0.594 3.862145 0.440164
0.595 3.860909 0.438223
0.596 3.859677 0.436286
0.597 3.858453 0.434360
0.598 3.854941 0.432460
0.599 3.851979 0.430569
0.600 3.850107 0.428686
0.601 3.848911 0.426832
0.602 3.847332 0.425129
0.603 3.845296 0.423544
0.604 3.841668 0.421704
0.605 3.839517 0.419873
0.606 3.838389 0.418048
0.607 3.837263 0.416224
0.608 3.836145 0.414581
0.609 3.834630 0.413020
0.610 3.830370 0.411276
0.611 3.828108 0.409512
0.612 3.827038 0.407751
0.613 3.825969 0.406096
0.614 3.824907 0.404495
0.615 3.823679 0.402918
0.616 3.820353 0.401184
0.617 3.817832 0.399610
0.618 3.815992 0.398169
0.619 3.814969 0.396472
0.620 3.813533 0.394811
0.621 3.811606 0.393194
0.622 3.808603 0.391705
0.623 3.806209 0.390161
0.624 3.805239 0.388483
0.625 3.804271 0.387014
0.626 3.803249 0.385571
0.627 3.801996 0.383969
0.628 3.799318 0.382503
0.629 3.795712 0.381126
0.630 3.794796 0.379645
0.631 3.793879 0.378161
0.632 3.792964 0.376669
0.633 3.792058 0.375299
0.634 3.790651 0.373925
0.635 3.786835 0.372388
0.636 3.784621 0.370950
0.637 3.783745 0.369595
0.638 3.782871 0.368195
0.639 3.782000 0.366771
0.640 3.781141 0.365294
0.641 3.778542 0.363940
0.642 3.774835 0.362664
0.643 3.773863 0.361219
0.644 3.773038 0.359837
0.645 3.772214 0.358639
0.646 3.769949 0.357301
0.647 3.766720 0.355870
0.648 3.765337 0.354608
0.649 3.764222 0.353325
0.650 3.763436 0.351908
0.651 3.762650 0.350618
0.652 3.761864 0.349452
0.653 3.759120 0.348097
0.654 3.756026 0.346709
0.655 3.754990 0.345537
0.656 3.754055 0.344376
0.657 3.753315 0.343239
0.658 3.752576 0.341987
0.659 3.751837 0.340655
0.660 3.748820 0.339432
0.661 3.745611 0.338237
0.662 3.744902 0.337123
0.663 3.744195 0.336011
0.664 3.743491 0.334902
0.665 3.742788 0.333670
0.666 3.742085 0.332330
0.667 3.739419 0.331145
0.668 3.736078 0.330012
0.669 3.735267 0.328923
0.670 3.734603 0.327836
0.671 3.733945 0.326753
0.672 3.733209 0.325671
0.673 3.732306 0.324590
0.674 3.730376 0.323513
0.675 3.727378 0.322441
0.676 3.725923 0.321376
0.677 3.725293 0.320315
0.678 3.724667 0.319052
0.679 3.724043 0.317739
0.680 3.722492 0.316670
0.681 3.720844 0.315615
0.682 3.718667 0.314568
0.683 3.716802 0.313525
0.684 3.716205 0.312501
0.685 3.715610 0.311547
0.686 3.715018 0.310751
0.687 3.713669 0.309858
0.688 3.711218 0.308825
0.689 3.709383 0.307796
0.690 3.708172 0.306771
0.691 3.707338 0.305752
0.692 3.706781 0.304736
0.693 3.706229 0.303722
0.694 3.705678 0.302710
0.695 3.703416 0.301699
0.696 3.700423 0.300689
0.697 3.699264 0.299783
0.698 3.698726 0.298912
0.699 3.698198 0.298030
0.700 3.697674 0.297145
0.701 3.696571 0.296174
0.702 3.695329 0.295182
0.703 3.693311 0.294326
0.704 3.691122 0.293500
0.705 3.690313 0.292606
0.706 3.689805 0.291698
0.707 3.689307 0.290735
0.708 3.688813 0.289760
0.709 3.686718 0.288947
0.710 3.684197 0.288178
0.711 3.682975 0.287281
0.712 3.682171 0.286342
0.713 3.681598 0.285497
0.714 3.681120 0.284690
0.715 3.680515 0.283847
0.716 3.679843 0.282986
0.717 3.678067 0.282193
0.718 3.675517 0.281448
0.719 3.674026 0.280598
0.720 3.673565 0.279645
0.721 3.673109 0.278790
0.722 3.672659 0.278070
0.723 3.671660 0.277338
0.724 3.669437 0.276577
0.725 3.667470 0.275802
0.726 3.666570 0.274963
0.727 3.665701 0.274130
0.728 3.665267 0.273366
0.729 3.664834 0.272603
0.730 3.664161 0.271916
0.731 3.663467 0.271235
0.732 3.661510 0.270517
0.733 3.659169 0.269787
0.734 3.657987 0.269074
0.735 3.657580 0.268372
0.736 3.657174 0.267626
0.737 3.656768 0.266816
0.738 3.655891 0.266054
0.739 3.653397 0.265459
0.740 3.650942 0.264859
0.741 3.650494 0.264053
0.742 3.650047 0.263248
0.743 3.649653 0.262615
0.744 3.649273 0.262027
0.745 3.648892 0.261388
0.746 3.648512 0.260713
0.747 3.647524 0.260027
0.748 3.645245 0.259319
0.749 3.643069 0.258619
0.750 3.642510 0.258040
0.751 3.641952 0.257461
0.752 3.641553 0.256883
0.753 3.641198 0.256305
0.754 3.640415 0.255685
0.755 3.639203 0.255023
0.756 3.637923 0.254355
0.757 3.636367 0.253662
0.758 3.634811 0.252969
0.759 3.634325 0.252386
0.760 3.633984 0.251818
0.761 3.633644 0.251252
0.762 3.633305 0.250686
0.763 3.632549 0.250120
0.764 3.630188 0.249555
0.765 3.627827 0.248990
0.766 3.627191 0.248429
0.767 3.626867 0.247867
0.768 3.626549 0.247308
0.769 3.626238 0.246750
0.770 3.625905 0.246193
0.771 3.625330 0.245636
0.772 3.624755 0.245080
0.773 3.623198 0.244525
0.774 3.621183 0.243969
0.775 3.619622 0.243428
0.776 3.619325 0.242925
0.777 3.619029 0.242423
0.778 3.618740 0.242004
0.779 3.618453 0.241601
0.780 3.617877 0.241144
0.781 3.616832 0.240597
0.782 3.615788 0.240050
0.783 3.614368 0.239504
0.784 3.612914 0.238959
0.785 3.611975 0.238498
0.786 3.611697 0.238147
0.787 3.611419 0.237797
0.788 3.611147 0.237269
0.789 3.610875 0.236731
0.790 3.609996 0.236254
0.791 3.608313 0.235858
0.792 3.606630 0.235463
0.793 3.605796 0.234983
0.794 3.605055 0.234494
0.795 3.604486 0.234054
0.796 3.604226 0.233701
0.797 3.603966 0.233349
0.798 3.603713 0.232860
0.799 3.603462 0.232337
0.800 3.603054 0.231809
0.801 3.602094 0.231263
0.802 3.601133 0.230716
0.803 3.600243 0.230190
0.804 3.599395 0.229675
0.805 3.598552 0.229163
0.806 3.598005 0.228790
0.807 3.597459 0.228416
0.808 3.596929 0.228107
0.809 3.596426 0.227899
0.810 3.595922 0.227691
0.811 3.595408 0.227286
0.812 3.594890 0.226813
0.813 3.594372 0.226348
0.814 3.593857 0.225965
0.815 3.593341 0.225583
0.816 3.592846 0.225144
0.817 3.592381 0.224623
0.818 3.591916 0.224101
0.819 3.591460 0.223579
0.820 3.591007 0.223058
0.821 3.590554 0.222537
0.822 3.590091 0.222100
0.823 3.589628 0.221663
0.824 3.589166 0.221247
0.825 3.588706 0.220894
0.826 3.588246 0.220541
0.827 3.587803 0.220191
0.828 3.587377 0.219844
0.829 3.586952 0.219498
0.830 3.586505 0.218983
0.831 3.586051 0.218409
0.832 3.585598 0.217835
0.833 3.585193 0.217460
0.834 3.584791 0.217097
0.835 3.584392 0.216738
0.836 3.584004 0.216406
0.837 3.583616 0.216073
0.838 3.583222 0.215688
0.839 3.582815 0.215189
0.840 3.582408 0.214690
0.841 3.582007 0.214193
0.842 3.581612 0.213697
0.843 3.581217 0.213201
0.844 3.580825 0.212699
0.845 3.580435 0.212192
0.846 3.580045 0.211686
0.847 3.579651 0.211185
0.848 3.579256 0.210685
0.849 3.578861 0.210186
0.850 3.578483 0.209715
0.851 3.578109 0.209250
0.852 3.577735 0.208785
0.853 3.577377 0.208388
0.854 3.577021 0.208000
0.855 3.576666 0.207611
0.856 3.576310 0.207256
0.857 3.575953 0.206903
0.858 3.575597 0.206549
0.859 3.575264 0.206070
0.860 3.574931 0.205587
0.861 3.574598 0.205105
0.862 3.574256 0.204608
0.863 3.573915 0.204112
0.864 3.573573 0.203616
0.865 3.573218 0.202975
0.866 3.572863 0.202333
0.867 3.572507 0.201690
0.868 3.572174 0.201130
0.869 3.571842 0.200574
0.870 3.571511 0.200018
0.871 3.571165 0.199604
0.872 3.570819 0.199205
0.873 3.570473 0.198806
0.874 3.570145 0.198451
0.875 3.569821 0.198106
0.876 3.569498 0.197761
0.877 3.569187 0.197314
0.878 3.568880 0.196833
0.879 3.568573 0.196351
0.880 3.568269 0.195867
0.881 3.567968 0.195380
0.882 3.567667 0.194893
0.883 3.567377 0.194418
0.884 3.567097 0.193957
0.885 3.566817 0.193495
0.886 3.566535 0.193021
0.887 3.566248 0.192524
0.888 3.565960 0.192028
0.889 3.565673 0.191547
0.890 3.565387 0.191153
0.891 3.565100 0.190760
0.892 3.564813 0.190366
0.893 3.564527 0.189966
0.894 3.564242 0.189566
0.895 3.563956 0.189166
0.896 3.563667 0.188740
0.897 3.563376 0.188304
0.898 3.563084 0.187868
0.899 3.562807 0.187434
0.900 3.562546 0.187003
0.901 3.562285 0.186572
0.902 3.562024 0.186135
0.903 3.561760 0.185675
0.904 3.561497 0.185216
0.905 3.561234 0.184757
0.906 3.560966 0.184303
0.907 3.560697 0.183849
0.908 3.560429 0.183396
0.909 3.560168 0.183018
0.910 3.559913 0.182697
0.911 3.559657 0.182376
0.912 3.559403 0.182057
0.913 3.559151 0.181744
0.914 3.558900 0.181432
0.915 3.558648 0.181119
0.916 3.558429 0.180822
0.917 3.558216 0.180528
0.918 3.558002 0.180234
0.919 3.557784 0.179922
0.920 3.557560 0.179589
0.921 3.557337 0.179256
0.922 3.557114 0.178924
0.923 3.556905 0.178617
0.924 3.556696 0.178310
0.925 3.556487 0.178003
0.926 3.556273 0.177696
0.927 3.556055 0.177389
0.928 3.555838 0.177081
0.929 3.555621 0.176776
0.930 3.555410 0.176486
0.931 3.555200 0.176197
0.932 3.554989 0.175907
0.933 3.554783 0.175660
0.934 3.554580 0.175439
0.935 3.554377 0.175218
0.936 3.554173 0.174982
0.937 3.553966 0.174583
0.938 3.553759 0.174185
0.939 3.553553 0.173787
0.940 3.553350 0.173447
0.941 3.553153 0.173160
0.942 3.552955 0.172872
0.943 3.552757 0.172585
0.944 3.552574 0.172350
0.945 3.552393 0.172119
0.946 3.552211 0.171887
0.947 3.552035 0.171622
0.948 3.551870 0.171295
0.949 3.551705 0.170967
0.950 3.551540 0.170639
0.951 3.551362 0.170318
0.952 3.551178 0.169999
0.953 3.550995 0.169680
0.954 3.550812 0.169362
0.955 3.550638 0.169080
0.956 3.550465 0.168797
0.957 3.550291 0.168515
0.958 3.550121 0.168189
0.959 3.549958 0.167783
0.960 3.549794 0.167377
0.961 3.549631 0.166972
0.962 3.549471 0.166619
0.963 3.549312 0.166297
0.964 3.549154 0.165974
0.965 3.548995 0.165652
0.966 3.548840 0.165436
0.967 3.548685 0.165234
0.968 3.548530 0.165032
0.969 3.548378 0.164822
0.970 3.548245 0.164548
0.971 3.548112 0.164274
0.972 3.547979 0.164000
0.973 3.547850 0.163705
0.974 3.547730 0.163362
0.975 3.547610 0.163019
0.976 3.547490 0.162676
0.977 3.547372 0.162349
0.978 3.547256 0.162040
0.979 3.547140 0.161731
0.980 3.547024 0.161422
0.981 3.546909 0.161109
0.982 3.546796 0.160793
0.983 3.546683 0.160476
0.984 3.546570 0.160160
0.985 3.546476 0.159865
0.986 3.546390 0.159579
0.987 3.546305 0.159294
0.988 3.546219 0.159009
0.989 3.546144 0.158707
0.990 3.546072 0.158400
0.991 3.546001 0.158093
0.992 3.545929 0.157786
0.993 3.545861 0.157450
0.994 3.545793 0.157105
0.995 3.545725 0.156761
0.996 3.545657 0.156417
0.997 3.545592 0.156000
0.998 3.545527 0.155566
0.999 3.545463 0.155131
1.000 3.545398 0.154696
1.001 3.545347 0.154320
1.002 3.545301 0.153961
1.003 3.545255 0.153602
1.004 3.545209 0.153243
1.005 3.545170 0.152899
1.006 3.545134 0.152561
1.007 3.545098 0.152224
1.008 3.545062 0.151886
1.009 3.545027 0.151497
1.010 3.544994 0.151076
1.011 3.544961 0.150655
1.012 3.544928 0.150234
1.013 3.544897 0.149779
1.014 3.544867 0.149288
1.015 3.544836 0.148798
1.016 3.544806 0.148307
1.017 3.544778 0.147820
1.018 3.544753 0.147340
1.019 3.544727 0.146860
1.020 3.544702 0.146380
1.021 3.544678 0.145914
1.022 3.544657 0.145542
1.023 3.544635 0.145170
1.024 3.544614 0.144799
1.025 3.544593 0.144427
1.026 3.544575 0.144015
1.027 3.544557 0.143598
1.028 3.544539 0.143182
1.029 3.544521 0.142765
1.030 3.544504 0.142336
1.031 3.544489 0.141900
1.032 3.544474 0.141464
1.033 3.544459 0.141028
1.034 3.544436 0.140533
1.035 3.544400 0.139922
1.036 3.544363 0.139311
1.037 3.544326 0.138700
1.038 3.544290 0.138089
1.039 3.544246 0.137522
1.040 3.544203 0.136954
1.041 3.544160 0.136387
1.042 3.544116 0.135819
1.043 3.544075 0.135217
1.044 3.544034 0.134595
1.045 3.543994 0.133972
1.046 3.543953 0.133349
1.047 3.543913 0.132735
1.048 3.543876 0.132150
1.049 3.543840 0.131565
1.050 3.543803 0.130980
1.051 3.543766 0.130395
1.052 3.543682 0.129779
1.053 3.543585 0.129154
1.054 3.543487 0.128529
1.055 3.543389 0.127904
1.056 3.543286 0.127290
1.057 3.543167 0.126704
1.058 3.543049 0.126118
1.059 3.542931 0.125533
1.060 3.542812 0.124947
1.061 3.542696 0.124374
1.062 3.542581 0.123806
1.063 3.542465 0.123237
1.064 3.542350 0.122669
1.065 3.542235 0.122081
1.066 3.542124 0.121418
1.067 3.542013 0.120754
1.068 3.541902 0.120090
1.069 3.541791 0.119427
1.070 3.541644 0.118817
1.071 3.541471 0.118245
1.072 3.541298 0.117672
1.073 3.541126 0.117099
1.074 3.540953 0.116527
1.075 3.540763 0.115889
1.076 3.540571 0.115249
1.077 3.540380 0.114608
1.078 3.540188 0.113968
1.079 3.539998 0.113357
1.080 3.539811 0.112828
1.081 3.539624 0.112299
1.082 3.539437 0.111769
1.083 3.539250 0.111240
1.084 3.539066 0.110673
1.085 3.538885 0.110076
1.086 3.538704 0.109478
1.087 3.538523 0.108880
1.088 3.538342 0.108283
1.089 3.538145 0.107719
1.090 3.537943 0.107165
1.091 3.537741 0.106610
1.092 3.537539 0.106056
1.093 3.537337 0.105502
1.094 3.537133 0.105021
1.095 3.536929 0.104541
1.096 3.536725 0.104062
1.097 3.536521 0.103583
1.098 3.536318 0.103094
1.099 3.536122 0.102535
1.100 3.535925 0.101977
1.101 3.535729 0.101419
1.102 3.535532 0.100861
1.103 3.535338 0.100314
1.104 3.535151 0.099807
1.105 3.534964 0.099300
1.106 3.534777 0.098793
1.107 3.534590 0.098286
1.108 3.534416 0.097752
1.109 3.534274 0.097154
1.110 3.534131 0.096556
1.111 3.533989 0.095958
1.112 3.533847 0.095359
1.113 3.533712 0.094784
1.114 3.533593 0.094258
1.115 3.533475 0.093731
1.116 3.533356 0.093205
1.117 3.533237 0.092679
1.118 3.533123 0.092172
1.119 3.533020 0.091709
1.120 3.532918 0.091247
1.121 3.532815 0.090785
1.122 3.532712 0.090323
1.123 3.532613 0.089859
1.124 3.532530 0.089384
1.125 3.532447 0.088909
1.126 3.532364 0.088435
1.127 3.532280 0.087960
1.128 3.532216 0.087480
1.129 3.532327 0.086945
1.130 3.532439 0.086411
1.131 3.532551 0.085876
1.132 3.532662 0.085342
1.133 3.532774 0.084807
1.134 3.532966 0.084231
1.135 3.533164 0.083652
1.136 3.533363 0.083074
1.137 3.533561 0.082495
1.138 3.533759 0.081916
1.139 3.533993 0.081327
1.140 3.534240 0.080735
1.141 3.534487 0.080143
1.142 3.534734 0.079551
1.143 3.534981 0.078960
1.144 3.535258 0.078361
1.145 3.535571 0.077753
1.146 3.535884 0.077146
1.147 3.536196 0.076539
1.148 3.536509 0.075931
1.149 3.536844 0.075255
1.150 3.537305 0.074187
1.151 3.537766 0.073118
1.152 3.538228 0.072049
1.153 3.538689 0.070981
1.154 3.539150 0.069912
1.155 3.539696 0.068641
1.156 3.540264 0.067316
1.157 3.540832 0.065991
1.158 3.541400 0.064666
1.159 3.541968 0.063341
1.160 3.542558 0.062037
1.161 3.543183 0.060767
1.162 3.543807 0.059497
1.163 3.544432 0.058226
1.164 3.545056 0.056956
1.165 3.545681 0.055686
1.166 3.546283 0.054339
1.167 3.546884 0.052985
1.168 3.547484 0.051632
1.169 3.548085 0.050278
1.170 3.548685 0.048925
1.171 3.548785 0.047463
1.172 3.548157 0.045843
1.173 3.547529 0.044224
1.174 3.546901 0.042604
1.175 3.546273 0.040985
1.176 3.545645 0.039366
1.177 3.545017 0.037746
1.178 3.544389 0.036127
1.179 3.543761 0.034507
1.180 3.542927 0.032859
1.181 3.542010 0.031200
1.182 3.541092 0.029540
1.183 3.540175 0.027880
1.184 3.539258 0.026221
1.185 3.538341 0.024561
1.186 3.537424 0.022902
1.187 3.536507 0.021242
1.188 3.535589 0.019583
1.189 3.534396 0.018712
1.190 3.533168 0.017941
1.191 3.531940 0.017171
1.192 3.530712 0.016401
1.193 3.529484 0.015630
1.194 3.528256 0.014860
1.195 3.527028 0.014089
1.196 3.525800 0.013319
1.197 3.524572 0.012548
1.198 3.523195 0.011919
1.199 3.521807 0.011301
1.200 3.520419 0.010683
1.201 3.519031 0.010064
1.202 3.517643 0.009446
1.203 3.516255 0.008828
1.204 3.514867 0.008209
1.205 3.513478 0.007591
1.206 3.512090 0.006973
1.207 3.510872 0.006608
1.208 3.509687 0.006293
1.209 3.508502 0.005978
1.210 3.507318 0.005663
1.211 3.506133 0.005348
1.212 3.504948 0.005033
1.213 3.503764 0.004718
1.214 3.502579 0.004403
1.215 3.501394 0.004088
1.216 3.500216 0.003866
1.217 3.499043 0.003706
1.218 3.497869 0.003546
1.219 3.496696 0.003385
1.220 3.495523 0.003225
1.221 3.494349 0.003065
1.222 3.493176 0.002905
1.223 3.492003 0.002745
1.224 3.490829 0.002585
1.225 3.489690 0.002437
1.226 3.488665 0.002329
1.227 3.487641 0.002222
1.228 3.486617 0.002114
1.229 3.485592 0.002006
1.230 3.484568 0.001899
1.231 3.483544 0.001791
1.232 3.482519 0.001683
1.233 3.481495 0.001576
1.234 3.480471 0.001468
1.235 3.479506 0.001414
1.236 3.478567 0.001382
1.237 3.477628 0.001351
1.238 3.476688 0.001319
1.239 3.475749 0.001288
1.240 3.474810 0.001256
1.241 3.473870 0.001225
1.242 3.472931 0.001193
1.243 3.471992 0.001161
1.244 3.471057 0.001130
1.245 3.470250 0.001088
1.246 3.469442 0.001046
1.247 3.468635 0.001004
1.248 3.467828 0.000963
1.249 3.467021 0.000921
1.250 3.466214 0.000879
1.251 3.465407 0.000837
1.252 3.464600 0.000796
1.253 3.463793 0.000754
1.254 3.463002 0.000718
1.255 3.462271 0.000703
1.256 3.461540 0.000688
1.257 3.460809 0.000674
1.258 3.460078 0.000659
1.259 3.459347 0.000645
1.260 3.458616 0.000630
1.261 3.457885 0.000615
1.262 3.457154 0.000601
1.263 3.456423 0.000586
1.264 3.455713 0.000574
1.265 3.455072 0.000570
1.266 3.454431 0.000567
1.267 3.453790 0.000564
1.268 3.453149 0.000560
1.269 3.452508 0.000557
1.270 3.451868 0.000553
1.271 3.451227 0.000550
1.272 3.450586 0.000547
1.273 3.449945 0.000543
1.274 3.449308 0.000539
1.275 3.448715 0.000523
1.276 3.448123 0.000508
1.277 3.447530 0.000493
1.278 3.446937 0.000477
1.279 3.446344 0.000462
1.280 3.445751 0.000447
1.281 3.445158 0.000432
1.282 3.444565 0.000416
1.283 3.443972 0.000401
1.284 3.443379 0.000386
1.285 3.442822 0.000374
1.286 3.442275 0.000363
1.287 3.441728 0.000352
1.288 3.441181 0.000342
1.289 3.440633 0.000331
1.290 3.440086 0.000320
1.291 3.439539 0.000309
1.292 3.438992 0.000299
1.293 3.438445 0.000288
1.294 3.437898 0.000277
1.295 3.437356 0.000266
1.296 3.436827 0.000256
1.297 3.436298 0.000245
1.298 3.435769 0.000235
1.299 3.435240 0.000224
1.300 3.434711 0.000214
1.301 3.434182 0.000203
1.302 3.433653 0.000193
1.303 3.433124 0.000182
1.304 3.432595 0.000172
1.305 3.432066 0.000161
1.306 3.431554 0.000151
1.307 3.431050 0.000141
1.308 3.430546 0.000130
1.309 3.430042 0.000120
1.310 3.429538 0.000110
1.311 3.429034 0.000100
1.312 3.428530 0.000089
1.313 3.428026 0.000079
1.314 3.427522 0.000069
1.315 3.427018 0.000059
1.316 3.426514 0.000048
1.317 3.426025 0.000043
1.318 3.425539 0.000039
1.319 3.425053 0.000035
1.320 3.424567 0.000030
1.321 3.424081 0.000026
1.322 3.423595 0.000022
1.323 3.423109 0.000018
1.324 3.422623 0.000013
1.325 3.422136 0.000009
1.326 3.421650 0.000005
1.327 3.421164 0.000001
1.328 3.420695 0.000000
1.329 3.420228 0.000000
1.330 3.419762 0.000000
1.331 3.419295 0.000000
1.332 3.418829 0.000000
1.333 3.418362 0.000000
1.334 3.417896 0.000000
1.335 3.417429 0.000000
1.336 3.416963 0.000000
1.337 3.416496 0.000000
1.338 3.416030 0.000000
1.339 3.415573 0.000000
1.340 3.415122 0.000000
1.341 3.414671 0.000000
1.342 3.414220 0.000000
1.343 3.413769 0.000000
1.344 3.413318 0.000000
1.345 3.412867 0.000000
1.346 3.412416 0.000000
1.347 3.411965 0.000000
1.348 3.411514 0.000000
1.349 3.411062 0.000000
1.350 3.410615 0.000000
1.351 3.410178 0.000000
1.352 3.409740 0.000000
1.353 3.409302 0.000000
1.354 3.408865 0.000000
1.355 3.408427 0.000000
1.356 3.407989 0.000000
1.357 3.407552 0.000000
1.358 3.407114 0.000000
1.359 3.406677 0.000000
1.360 3.406239 0.000000
1.361 3.405801 0.000000
1.362 3.405375 0.000000
1.363 3.404954 0.000000
1.364 3.404533 0.000000
1.365 3.404112 0.000000
1.366 3.403690 0.000000
1.367 3.403269 0.000000
1.368 3.402848 0.000000
1.369 3.402427 0.000000
1.370 3.402005 0.000000
1.371 3.401584 0.000000
1.372 3.401163 0.000000
1.373 3.400742 0.000000
1.374 3.400331 0.000000
1.375 3.399921 0.000000
1.376 3.399512 0.000000
1.377 3.399102 0.000000
1.378 3.398692 0.000000
1.379 3.398282 0.000000
1.380 3.397872 0.000000
1.381 3.397463 0.000000
1.382 3.397053 0.000000
1.383 3.396643 0.000000
1.384 3.396233 0.000000
1.385 3.395824 0.000000
1.386 3.395428 0.000000
1.387 3.395033 0.000000
1.388 3.394638 0.000000
1.389 3.394243 0.000000
1.390 3.393848 0.000000
1.391 3.393454 0.000000
1.392 3.393059 0.000000
1.393 3.392664 0.000000
1.394 3.392269 0.000000
1.395 3.391874 0.000000
1.396 3.391479 0.000000
1.397 3.391084 0.000000
1.398 3.390696 0.000000
1.399 3.390310 0.000000
1.400 3.389923 0.000000
1.401 3.389537 0.000000
1.402 3.389151 0.000000
1.403 3.388764 0.000000
1.404 3.388378 0.000000
1.405 3.387992 0.000000
1.406 3.387605 0.000000
1.407 3.387219 0.000000
1.408 3.386833 0.000000
1.409 3.386446 0.000000
1.410 3.386066 0.000000
1.411 3.385698 0.000000
1.412 3.385330 0.000000
1.413 3.384961 0.000000
1.414 3.384593 0.000000
1.415 3.384225 0.000000
1.416 3.383857 0.000000
1.417 3.383488 0.000000
1.418 3.383120 0.000000
1.419 3.382752 0.000000
1.420 3.382383 0.000000
1.421 3.382015 0.000000
1.422 3.381647 0.000000
1.423 3.381284 0.000000
1.424 3.380924 0.000000
1.425 3.380563 0.000000
1.426 3.380203 0.000000
1.427 3.379842 0.000000
1.428 3.379482 0.000000
1.429 3.379121 0.000000
1.430 3.378761 0.000000
1.431 3.378401 0.000000
1.432 3.378040 0.000000
1.433 3.377680 0.000000
1.434 3.377319 0.000000
1.435 3.376959 0.000000
1.436 3.376610 0.000000
1.437 3.376263 0.000000
1.438 3.375916 0.000000
1.439 3.375569 0.000000
1.440 3.375222 0.000000
1.441 3.374875 0.000000
1.442 3.374528 0.000000
1.443 3.374180 0.000000
1.444 3.373833 0.000000
1.445 3.373486 0.000000
1.446 3.373139 0.000000
1.447 3.372792 0.000000
1.448 3.372445 0.000000
1.449 3.372102 0.000000
1.450 3.371760 0.000000
1.451 3.371418 0.000000
1.452 3.371076 0.000000
1.453 3.370735 0.000000
1.454 3.370393 0.000000
1.455 3.370051 0.000000
1.456 3.369709 0.000000
1.457 3.369367 0.000000
1.458 3.369025 0.000000
1.459 3.368683 0.000000
1.460 3.368342 0.000000
1.461 3.368000 0.000000
1.462 3.367664 0.000000
1.463 3.367336 0.000000
1.464 3.367008 0.000000
1.465 3.366679 0.000000
1.466 3.366351 0.000000
1.467 3.366023 0.000000
1.468 3.365695 0.000000
1.469 3.365367 0.000000
1.470 3.365038 0.000000
1.471 3.364710 0.000000
1.472 3.364382 0.000000
1.473 3.364054 0.000000
1.474 3.363726 0.000000
1.475 3.363397 0.000000
1.476 3.363073 0.000000
1.477 3.362750 0.000000
1.478 3.362427 0.000000
1.479 3.362103 0.000000
1.480 3.361780 0.000000
1.481 3.361456 0.000000
1.482 3.361133 0.000000
1.483 3.360809 0.000000
1.484 3.360486 0.000000
1.485 3.360162 0.000000
1.486 3.359839 0.000000
1.487 3.359516 0.000000
1.488 3.359192 0.000000
1.489 3.358869 0.000000
1.490 3.358559 0.000000
1.491 3.358248 0.000000
1.492 3.357938 0.000000
1.493 3.357627 0.000000
1.494 3.357317 0.000000
1.495 3.357007 0.000000
1.496 3.356696 0.000000
1.497 3.356386 0.000000
1.498 3.356075 0.000000
1.499 3.355765 0.000000
1.500 3.355454 0.000000
1.501 3.355144 0.000000
1.502 3.354834 0.000000
1.503 3.354523 0.000000
1.504 3.354218 0.000000
1.505 3.353912 0.000000
1.506 3.353607 0.000000
1.507 3.353302 0.000000
1.508 3.352997 0.000000
1.509 3.352692 0.000000
1.510 3.352387 0.000000
1.511 3.352082 0.000000
1.512 3.351776 0.000000
1.513 3.351471 0.000000
1.514 3.351166 0.000000
1.515 3.350861 0.000000
1.516 3.350556 0.000000
1.517 3.350251 0.000000
1.518 3.349954 0.000000
1.519 3.349663 0.000000
1.520 3.349372 0.000000
1.521 3.349082 0.000000
1.522 3.348791 0.000000
1.523 3.348500 0.000000
1.524 3.348209 0.000000
1.525 3.347919 0.000000
1.526 3.347628 0.000000
1.527 3.347337 0.000000
1.528 3.347046 0.000000
1.529 3.346756 0.000000
1.530 3.346465 0.000000
1.531 3.346174 0.000000
1.532 3.345883 0.000000
1.533 3.345597 0.000000
1.534 3.345312 0.000000
1.535 3.345026 0.000000
1.536 3.344740 0.000000
1.537 3.344455 0.000000
1.538 3.344169 0.000000
1.539 3.343883 0.000000
1.540 3.343597 0.000000
1.541 3.343312 0.000000
1.542 3.343026 0.000000
1.543 3.342740 0.000000
1.544 3.342455 0.000000
1.545 3.342169 0.000000
1.546 3.341883 0.000000
1.547 3.341597 0.000000
1.548 3.341321 0.000000
1.549 3.341044 0.000000
1.550 3.340767 0.000000
1.551 3.340490 0.000000
1.552 3.340213 0.000000
1.553 3.339936 0.000000
1.554 3.339659 0.000000
1.555 3.339382 0.000000
1.556 3.339106 0.000000
1.557 3.338829 0.000000
1.558 3.338552 0.000000
1.559 3.338275 0.000000
1.560 3.337998 0.000000
1.561 3.337721 0.000000
1.562 3.337444 0.000000
1.563 3.337172 0.000000
1.564 3.336900 0.000000
1.565 3.336629 0.000000
1.566 3.336358 0.000000
1.567 3.336086 0.000000
1.568 3.335815 0.000000
1.569 3.335543 0.000000
1.570 3.335272 0.000000
1.571 3.335001 0.000000
1.572 3.334729 0.000000
1.573 3.334458 0.000000
1.574 3.334187 0.000000
1.575 3.333915 0.000000
1.576 3.333644 0.000000
1.577 3.333372 0.000000
1.578 3.333104 0.000000
1.579 3.332842 0.000000
1.580 3.332581 0.000000
1.581 3.332320 0.000000
1.582 3.332059 0.000000
1.583 3.331798 0.000000
1.584 3.331536 0.000000
1.585 3.331275 0.000000
1.586 3.331014 0.000000
1.587 3.330753 0.000000
1.588 3.330492 0.000000
1.589 3.330231 0.000000
1.590 3.329969 0.000000
1.591 3.329708 0.000000
1.592 3.329447 0.000000
1.593 3.329186 0.000000
1.594 3.328927 0.000000
1.595 3.328672 0.000000
1.596 3.328416 0.000000
1.597 3.328161 0.000000
1.598 3.327906 0.000000
1.599 3.327651 0.000000
1.600 3.327395 0.000000
1.601 3.327140 0.000000
1.602 3.326885 0.000000
1.603 3.326629 0.000000
1.604 3.326374 0.000000
1.605 3.326119 0.000000
1.606 3.325864 0.000000
1.607 3.325608 0.000000
1.608 3.325353 0.000000
1.609 3.325098 0.000000
1.610 3.324845 0.000000
1.611 3.324599 0.000000
1.612 3.324353 0.000000
1.613 3.324107 0.000000
1.614 3.323861 0.000000
1.615 3.323615 0.000000
1.616 3.323369 0.000000
1.617 3.323123 0.000000
1.618 3.322877 0.000000
1.619 3.322631 0.000000
1.620 3.322385 0.000000
1.621 3.322139 0.000000
1.622 3.321893 0.000000
1.623 3.321647 0.000000
1.624 3.321401 0.000000
1.625 3.321155 0.000000
1.626 3.320909 0.000000
1.627 3.320668 0.000000
1.628 3.320427 0.000000
1.629 3.320186 0.000000
1.630 3.319946 0.000000
1.631 3.319705 0.000000
1.632 3.319464 0.000000
1.633 3.319223 0.000000
1.634 3.318983 0.000000
1.635 3.318742 0.000000
1.636 3.318501 0.000000
1.637 3.318261 0.000000
1.638 3.318020 0.000000
1.639 3.317779 0.000000
1.640 3.317539 0.000000
1.641 3.317298 0.000000
1.642 3.317057 0.000000
1.643 3.316817 0.000000
1.644 3.316583 0.000000
1.645 3.316349 0.000000
1.646 3.316115 0.000000
1.647 3.315881 0.000000
1.648 3.315648 0.000000
1.649 3.315414 0.000000
1.650 3.315180 0.000000
1.651 3.314946 0.000000
1.652 3.314713 0.000000
1.653 3.314479 0.000000
1.654 3.314245 0.000000
1.655 3.314011 0.000000
1.656 3.313778 0.000000
1.657 3.313544 0.000000
1.658 3.313310 0.000000
1.659 3.313077 0.000000
1.660 3.312843 0.000000
1.661 3.312614 0.000000
1.662 3.312386 0.000000
1.663 3.312159 0.000000
1.664 3.311932 0.000000
1.665 3.311704 0.000000
1.666 3.311477 0.000000
1.667 3.311249 0.000000
1.668 3.311022 0.000000
1.669 3.310795 0.000000
1.670 3.310567 0.000000
1.671 3.310340 0.000000
1.672 3.310112 0.000000
1.673 3.309885 0.000000
1.674 3.309658 0.000000
1.675 3.309430 0.000000
1.676 3.309203 0.000000
1.677 3.308975 0.000000
1.678 3.308750 0.000000
1.679 3.308530 0.000000
1.680 3.308311 0.000000
1.681 3.308091 0.000000
1.682 3.307871 0.000000
1.683 3.307652 0.000000
1.684 3.307432 0.000000
1.685 3.307212 0.000000
1.686 3.306993 0.000000
1.687 3.306773 0.000000
1.688 3.306554 0.000000
1.689 3.306334 0.000000
1.690 3.306114 0.000000
1.691 3.305895 0.000000
1.692 3.305675 0.000000
1.693 3.305456 0.000000
1.694 3.305236 0.000000
1.695 3.305016 0.000000
1.696 3.304798 0.000000
1.697 3.304584 0.000000
1.698 3.304370 0.000000
1.699 3.304156 0.000000
1.700 3.303942 0.000000
1.701 3.303728 0.000000
1.702 3.303514 0.000000
1.703 3.303300 0.000000
1.704 3.303086 0.000000
1.705 3.302871 0.000000
1.706 3.302657 0.000000
1.707 3.302443 0.000000
1.708 3.302229 0.000000
1.709 3.302015 0.000000
1.710 3.301801 0.000000
1.711 3.301587 0.000000
1.712 3.301373 0.000000
1.713 3.301159 0.000000
1.714 3.300945 0.000000
1.715 3.300736 0.000000
1.716 3.300528 0.000000
1.717 3.300319 0.000000
1.718 3.300111 0.000000
1.719 3.299903 0.000000
1.720 3.299694 0.000000
1.721 3.299486 0.000000
1.722 3.299278 0.000000
1.723 3.299069 0.000000
1.724 3.298861 0.000000
1.725 3.298653 0.000000
1.726 3.298444 0.000000
1.727 3.298236 0.000000
1.728 3.298028 0.000000
1.729 3.297819 0.000000
1.730 3.297611 0.000000
1.731 3.297403 0.000000
1.732 3.297194 0.000000
1.733 3.296988 0.000000
1.734 3.296785 0.000000
1.735 3.296582 0.000000
1.736 3.296380 0.000000
1.737 3.296177 0.000000
1.738 3.295975 0.000000
1.739 3.295772 0.000000
1.740 3.295569 0.000000
1.741 3.295367 0.000000
1.742 3.295164 0.000000
1.743 3.294961 0.000000
1.744 3.294759 0.000000
1.745 3.294556 0.000000
1.746 3.294354 0.000000
1.747 3.294151 0.000000
1.748 3.293948 0.000000
1.749 3.293746 0.000000
1.750 3.293543 0.000000
1.751 3.293340 0.000000
1.752 3.293139 0.000000
1.753 3.292941 0.000000
1.754 3.292744 0.000000
1.755 3.292546 0.000000
1.756 3.292349 0.000000
1.757 3.292151 0.000000
1.758 3.291954 0.000000
1.759 3.291757 0.000000
1.760 3.291559 0.000000
1.761 3.291362 0.000000
1.762 3.291164 0.000000
1.763 3.290967 0.000000
1.764 3.290769 0.000000
1.765 3.290572 0.000000
1.766 3.290375 0.000000
1.767 3.290177 0.000000
1.768 3.289980 0.000000
1.769 3.289782 0.000000
1.770 3.289585 0.000000
1.771 3.289387 0.000000
1.772 3.289194 0.000000
1.773 3.289002 0.000000
1.774 3.288810 0.000000
1.775 3.288619 0.000000
1.776 3.288427 0.000000
1.777 3.288236 0.000000
1.778 3.288044 0.000000
1.779 3.287853 0.000000
1.780 3.287661 0.000000
1.781 3.287470 0.000000
1.782 3.287278 0.000000
1.783 3.287087 0.000000
1.784 3.286895 0.000000
1.785 3.286704 0.000000
1.786 3.286512 0.000000
1.787 3.286321 0.000000
1.788 3.286129 0.000000
1.789 3.285937 0.000000
1.790 3.285746 0.000000
1.791 3.285554 0.000000
1.792 3.285366 0.000000
1.793 3.285179 0.000000
1.794 3.284992 0.000000
1.795 3.284805 0.000000
1.796 3.284618 0.000000
1.797 3.284431 0.000000
1.798 3.284244 0.000000
1.799 3.284058 0.000000
1.800 3.283871 0.000000
1.801 3.283684 0.000000
1.802 3.283497 0.000000
1.803 3.283310 0.000000
1.804 3.283123 0.000000
1.805 3.282936 0.000000
1.806 3.282749 0.000000
1.807 3.282562 0.000000
1.808 3.282376 0.000000
1.809 3.282189 0.000000
1.810 3.282002 0.000000
1.811 3.281815 0.000000
1.812 3.281629 0.000000
1.813 3.281450 0.000000
1.814 3.281270 0.000000
1.815 3.281091 0.000000
1.816 3.280912 0.000000
1.817 3.280732 0.000000
1.818 3.280553 0.000000
1.819 3.280373 0.000000
1.820 3.280194 0.000000
1.821 3.280014 0.000000
1.822 3.279835 0.000000
1.823 3.279655 0.000000
1.824 3.279476 0.000000
1.825 3.279297 0.000000
1.826 3.279117 0.000000
1.827 3.278938 0.000000
1.828 3.278758 0.000000
1.829 3.278579 0.000000
1.830 3.278399 0.000000
1.831 3.278220 0.000000
1.832 3.278040 0.000000
1.833 3.277862 0.000000
1.834 3.277688 0.000000
1.835 3.277513 0.000000
1.836 3.277338 0.000000
1.837 3.277163 0.000000
1.838 3.276989 0.000000
1.839 3.276814 0.000000
1.840 3.276639 0.000000
1.841 3.276465 0.000000
1.842 3.276290 0.000000
1.843 3.276115 0.000000
1.844 3.275941 0.000000
1.845 3.275766 0.000000
1.846 3.275591 0.000000
1.847 3.275417 0.000000
1.848 3.275242 0.000000
1.849 3.275067 0.000000
1.850 3.274892 0.000000
1.851 3.274718 0.000000
1.852 3.274543 0.000000
1.853 3.274368 0.000000
1.854 3.274194 0.000000
1.855 3.274023 0.000000
1.856 3.273853 0.000000
1.857 3.273683 0.000000
1.858 3.273513 0.000000
1.859 3.273343 0.000000
1.860 3.273173 0.000000
1.861 3.273003 0.000000
1.862 3.272833 0.000000
1.863 3.272663 0.000000
1.864 3.272493 0.000000
1.865 3.272323 0.000000
1.866 3.272153 0.000000
1.867 3.271982 0.000000
1.868 3.271812 0.000000
1.869 3.271642 0.000000
1.870 3.271472 0.000000
1.871 3.271302 0.000000
1.872 3.271132 0.000000
1.873 3.270962 0.000000
1.874 3.270792 0.000000
1.875 3.270622 0.000000
1.876 3.270452 0.000000
1.877 3.270285 0.000000
1.878 3.270118 0.000000
1.879 3.269951 0.000000
1.880 3.269784 0.000000
1.881 3.269618 0.000000
1.882 3.269451 0.000000
1.883 3.269284 0.000000
1.884 3.269117 0.000000
1.885 3.268950 0.000000
1.886 3.268783 0.000000
1.887 3.268617 0.000000
1.888 3.268450 0.000000
1.889 3.268283 0.000000
1.890 3.268116 0.000000
1.891 3.267949 0.000000
1.892 3.267782 0.000000
1.893 3.267615 0.000000
1.894 3.267449 0.000000
1.895 3.267282 0.000000
1.896 3.267115 0.000000
1.897 3.266948 0.000000
1.898 3.266781 0.000000
1.899 3.266618 0.000000
1.900 3.266459 0.000000
1.901 3.266300 0.000000
1.902 3.266141 0.000000
1.903 3.265981 0.000000
1.904 3.265822 0.000000
1.905 3.265663 0.000000
1.906 3.265504 0.000000
1.907 3.265345 0.000000
1.908 3.265185 0.000000
1.909 3.265026 0.000000
1.910 3.264867 0.000000
1.911 3.264708 0.000000
1.912 3.264548 0.000000
1.913 3.264389 0.000000
1.914 3.264230 0.000000
1.915 3.264071 0.000000
1.916 3.263912 0.000000
1.917 3.263752 0.000000
1.918 3.263593 0.000000
1.919 3.263434 0.000000
1.920 3.263275 0.000000
1.921 3.263116 0.000000
1.922 3.262958 0.000000
1.923 3.262803 0.000000
1.924 3.262647 0.000000
1.925 3.262491 0.000000
1.926 3.262335 0.000000
1.927 3.262180 0.000000
1.928 3.262024 0.000000
1.929 3.261868 0.000000
1.930 3.261713 0.000000
1.931 3.261557 0.000000
1.932 3.261401 0.000000
1.933 3.261246 0.000000
1.934 3.261090 0.000000
1.935 3.260934 0.000000
1.936 3.260779 0.000000
1.937 3.260623 0.000000
1.938 3.260467 0.000000
1.939 3.260311 0.000000
1.940 3.260156 0.000000
1.941 3.260000 0.000000
1.942 3.259844 0.000000
1.943 3.259689 0.000000
1.944 3.259533 0.000000
1.945 3.259377 0.000000
1.946 3.259228 0.000000
1.947 3.259078 0.000000
1.948 3.258928 0.000000
1.949 3.258778 0.000000
1.950 3.258629 0.000000