0.251 2.062356 3.305102
0.252 2.112520 3.317915
0.253 2.162075 3.327127
0.254 2.215135 3.340438
0.255 2.262514 3.348711
0.256 2.315397 3.357328
0.257 2.369109 3.366197
0.258 2.424049 3.374914
0.259 2.480212 3.383017
0.260 2.543153 3.389775
0.261 2.602471 3.391297
0.262 2.668965 3.389536
0.263 2.736118 3.381035
0.264 2.807819 3.369229
0.265 2.875419 3.349765
0.266 2.939860 3.324372
0.267 3.007100 3.295289
0.268 3.065813 3.258657
0.269 3.125894 3.219601
0.270 3.177090 3.178604
0.271 3.225425 3.131285
0.272 3.269926 3.084224
0.273 3.307855 3.037906
0.274 3.340888 2.987207
0.275 3.370504 2.938670
0.276 3.397359 2.890986
0.277 3.422138 2.844240
0.278 3.440216 2.796720
0.279 3.457119 2.747362
0.280 3.473435 2.705495
0.281 3.483575 2.660330
0.282 3.493309 2.617503
0.283 3.502724 2.576968
0.284 3.506298 2.538071
0.285 3.511616 2.498847
0.286 3.517115 2.460843
0.287 3.517085 2.424281
0.288 3.517185 2.388490
0.289 3.517448 2.353818
0.290 3.512844 2.320530
0.291 3.509870 2.292398
0.292 3.506863 2.260373
0.293 3.503353 2.234291
0.294 3.496834 2.203460
0.295 3.489174 2.178788
0.296 3.481728 2.154655
0.297 3.474511 2.131064
0.298 3.467581 2.108214
0.299 3.458734 2.091186
0.300 3.448781 2.069696
0.301 3.439379 2.052957
0.302 3.430810 2.032672
0.303 3.420976 2.016197
0.304 3.413793 2.002830
0.305 3.403729 1.986658
0.306 3.395333 1.974521
0.307 3.386766 1.963532
0.308 3.376635 1.952811
0.309 3.371721 1.942368
0.310 3.362107 1.932095
0.311 3.352315 1.921982
0.312 3.344370 1.912071
0.313 3.337432 1.903846
0.314 3.329663 1.898443
0.315 3.320648 1.890742
0.316 3.316994 1.885336
0.317 3.308457 1.878080
0.318 3.301001 1.873131
0.319 3.296998 1.869556
0.320 3.289398 1.865639
0.321 3.286054 1.859773
0.322 3.279144 1.859206
0.323 3.275642 1.853889
0.324 3.268596 1.853859
0.325 3.265672 1.848270
0.326 3.259265 1.848395
0.327 3.256182 1.846664
0.328 3.254134 1.843124
0.329 3.247019 1.843377
0.330 3.245449 1.843713
0.331 3.243937 1.844076
0.332 3.242487 1.844464
0.333 3.235922 1.839697
0.334 3.234213 1.839746
0.335 3.233003 1.840270
0.336 3.231856 1.840833
0.337 3.230789 1.841443
0.338 3.229799 1.842097
0.339 3.228851 1.842774
0.340 3.227949 1.843478
0.341 3.227158 1.844260
0.342 3.226409 1.845068
0.343 3.225700 1.848901
0.344 3.225039 1.852393
0.345 3.224468 1.853318
0.346 3.223933 1.854267
0.347 3.223432 1.855242
0.348 3.226457 1.856309
0.349 3.228318 1.858248
0.350 3.227996 1.864129
0.351 3.228151 1.865286
0.352 3.232846 1.866489
0.353 3.233015 1.867732
0.354 3.232906 1.869504
0.355 3.235123 1.875971
0.356 3.238528 1.877328
0.357 3.239672 1.878700
0.358 3.244336 1.883153
0.359 3.245167 1.887247
0.360 3.250226 1.888750
0.361 3.250658 1.890298
0.362 3.256442 1.897323
0.363 3.257047 1.899149
0.364 3.261443 1.901134
0.365 3.264781 1.907686
0.366 3.269879 1.909878
0.367 3.270689 1.911829
0.368 3.276410 1.918655
0.369 3.280586 1.920933
0.370 3.284038 1.922794
0.371 3.290579 1.930354
0.372 3.294580 1.932360
0.373 3.298468 1.938957
0.374 3.306126 1.941904
0.375 3.311744 1.946958
0.376 3.317345 1.951632
0.377 3.320912 1.954888
0.378 3.329694 1.961544
0.379 3.338114 1.967996
0.380 3.341786 1.971439
0.381 3.350722 1.976310
0.382 3.359517 1.981719
0.383 3.363134 1.989401
0.384 3.372235 1.994050
0.385 3.381407 1.999644
0.386 3.391300 2.007058
0.387 3.405251 2.012060
0.388 3.414865 2.018020
0.389 3.424956 2.024838
0.390 3.439104 2.029823
0.391 3.451585 2.036623
0.392 3.468163 2.043259
0.393 3.479771 2.047230
0.394 3.496496 2.049797
0.395 3.513434 2.052387
0.396 3.530399 2.054256
0.397 3.548463 2.052028
0.398 3.570153 2.052157
0.399 3.587252 2.047717
0.400 3.603525 2.043376
0.401 3.616103 2.037572
0.402 3.630491 2.029236
0.403 3.645034 2.025118
0.404 3.656595 2.016289
0.405 3.665334 2.009835
0.406 3.671751 2.002022
0.407 3.678004 1.998300
0.408 3.682919 1.989940
0.409 3.691235 1.987225
0.410 3.695350 1.987779
0.411 3.699726 1.984781
0.412 3.704242 1.987276
0.413 3.708977 1.991183
0.414 3.714402 1.995296
0.415 3.720245 1.999831
0.416 3.731045 2.008922
0.417 3.739443 2.014830
0.418 3.752550 2.025201
0.419 3.762639 2.036059
0.420 3.779584 2.045785
0.421 3.796458 2.051197
0.422 3.818528 2.061294
0.423 3.840896 2.071007
0.424 3.863627 2.080280
0.425 3.892073 2.088190
0.426 3.922008 2.092127
0.427 3.952020 2.097981
0.428 3.985295 2.098617
0.429 4.018886 2.097751
0.430 4.052438 2.092493
0.431 4.085885 2.086561
0.432 4.119025 2.079618
0.433 4.151949 2.070390
0.434 4.184757 2.058682
0.435 4.217477 2.046102
0.436 4.247953 2.030487
0.437 4.278656 2.012807
0.438 4.310616 1.994290
0.439 4.341923 1.974687
0.440 4.371954 1.952806
0.441 4.401585 1.926898
0.442 4.428375 1.899359
0.443 4.454104 1.870062
0.444 4.479313 1.839037
0.445 4.503203 1.806682
0.446 4.523090 1.772454
0.447 4.542066 1.737023
0.448 4.559283 1.700758
0.449 4.571721 1.663716
0.450 4.581603 1.626474
0.451 4.590137 1.588905
0.452 4.594518 1.551705
0.453 4.596165 1.518293
0.454 4.596664 1.483295
0.455 4.594118 1.449776
0.456 4.590712 1.419481
0.457 4.586132 1.389530
0.458 4.579120 1.359800
0.459 4.571701 1.330787
0.460 4.565792 1.303030
0.461 4.560587 1.277546
0.462 4.552137 1.253171
0.463 4.543368 1.229192
0.464 4.534455 1.208100
0.465 4.525550 1.187453
0.466 4.515144 1.167770
0.467 4.501938 1.148379
0.468 4.492552 1.129148
0.469 4.483409 1.111740
0.470 4.474246 1.096671
0.471 4.465092 1.080276
0.472 4.455959 1.066795
0.473 4.446839 1.049706
0.474 4.437732 1.036773
0.475 4.428646 1.021687
0.476 4.419592 1.008194
0.477 4.410582 0.996875
0.478 4.401609 0.985333
0.479 4.392660 0.973644
0.480 4.383746 0.962365
0.481 4.374886 0.951665
0.482 4.368134 0.941331
0.483 4.362450 0.931113
0.484 4.354147 0.921182
0.485 4.345474 0.911932
0.486 4.336824 0.902756
0.487 4.328211 0.893689
0.488 4.320012 0.885221
0.489 4.314905 0.877054
0.490 4.308365 0.868916
0.491 4.299950 0.860863
0.492 4.291800 0.853000
0.493 4.285367 0.845477
0.494 4.280701 0.838300
0.495 4.272486 0.831199
0.496 4.265512 0.824243
0.497 4.260840 0.817428
0.498 4.253844 0.810718
0.499 4.246535 0.804279
0.500 4.241246 0.797917
0.501 4.236028 0.791711
0.502 4.230270 0.785743
0.503 4.225601 0.779831
0.504 4.217856 0.774034
0.505 4.211078 0.768340
0.506 4.207726 0.762713
0.507 4.200965 0.757466
0.508 4.197297 0.752046
0.509 4.191184 0.746952
0.510 4.186934 0.741677
0.511 4.181629 0.736532
0.512 4.176676 0.731700
0.513 4.172160 0.726937
0.514 4.166792 0.722195
0.515 4.162587 0.717478
0.516 4.157229 0.712817
0.517 4.152962 0.708227
0.518 4.148074 0.703670
0.519 4.143234 0.699124
0.520 4.139281 0.694617
0.521 4.133416 0.690292
0.522 4.131179 0.686309
0.523 4.128864 0.681956
0.524 4.122542 0.677584
0.525 4.119411 0.673664
0.526 4.114129 0.669564
0.527 4.110101 0.665603
0.528 4.105598 0.661806
0.529 4.101053 0.657950
0.530 4.097994 0.654012
0.531 4.095529 0.650235
0.532 4.090839 0.646606
0.533 4.086815 0.642994
0.534 4.084762 0.639215
0.535 4.081106 0.635454
0.536 4.076839 0.631853
0.537 4.073643 0.628358
0.538 4.071260 0.624887
0.539 4.067313 0.621455
0.540 4.062868 0.618062
0.541 4.059092 0.614671
0.542 4.054769 0.611293
0.543 4.051828 0.607951
0.544 4.049447 0.604714
0.545 4.045736 0.601628
0.546 4.041223 0.598629
0.547 4.039472 0.595372
0.548 4.036416 0.592144
0.549 4.032433 0.588947
0.550 4.028969 0.585830
0.551 4.027364 0.582853
0.552 4.025769 0.579961
0.553 4.022434 0.576869
0.554 4.018530 0.573905
0.555 4.015475 0.571044
0.556 4.013579 0.568169
0.557 4.009812 0.565103
0.558 4.006062 0.562292
0.559 4.003794 0.559509
0.560 4.001319 0.556745
0.561 3.997363 0.554004
0.562 3.994033 0.551217
0.563 3.992314 0.548550
0.564 3.990895 0.545845
0.565 3.988596 0.543140
0.566 3.984033 0.540552
0.567 3.981407 0.537789
0.568 3.979654 0.535212
0.569 3.978286 0.532623
0.570 3.976615 0.529907
0.571 3.971358 0.527478
0.572 3.968795 0.525107
0.573 3.967209 0.522583
0.574 3.965344 0.519896
0.575 3.959905 0.517602
0.576 3.957700 0.515263
0.577 3.956407 0.512786
0.578 3.955014 0.510187
0.579 3.952613 0.507946
0.580 3.948842 0.505718
0.581 3.945746 0.503429
0.582 3.944505 0.501034
0.583 3.943275 0.498589
0.584 3.940543 0.496321
0.585 3.937156 0.494155
0.586 3.934230 0.492001
0.587 3.932834 0.489849
0.588 3.931647 0.487540
0.589 3.930126 0.485096
0.590 3.925287 0.482922
0.591 3.922786 0.480804
0.592 3.921427 0.478712
0.593 3.920299 0.476623
0.594 3.919179 0.474545
0.595 3.917532 0.472483
0.596 3.915194 0.470438
0.597 3.911424 0.468409
0.598 3.909169 0.466381
0.599 3.908086 0.464356
0.600 3.907011 0.462343
0.601 3.904005 0.460347
0.602 3.900439 0.458363
0.603 3.898463 0.456392
0.604 3.897176 0.454423
0.605 3.896015 0.452457
0.606 3.894526 0.450501
0.607 3.890816 0.448565
0.608 3.887478 0.446638
0.609 3.886496 0.444720
0.610 3.885513 0.442803
0.611 3.884534 0.440891
0.612 3.883561 0.438987
0.613 3.880298 0.437103
0.614 3.876989 0.435228
0.615 3.875276 0.433361
0.616 3.874134 0.431518
0.617 3.873018 0.429750
0.618 3.871237 0.428234
0.619 3.868178 0.426509
0.620 3.864810 0.424680
0.621 3.863915 0.422863
0.622 3.863020 0.421047
0.623 3.862126 0.419232
0.624 3.861244 0.417738
0.625 3.858856 0.416142
0.626 3.854431 0.414406
0.627 3.853026 0.412638
0.628 3.852177 0.410899
0.629 3.851329 0.409261
0.630 3.850487 0.407687
0.631 3.849507 0.406136
0.632 3.846114 0.404397
0.633 3.843458 0.402805
0.634 3.841728 0.401395
0.635 3.840753 0.399748
0.636 3.839745 0.398066
0.637 3.837916 0.396453
0.638 3.835338 0.394926
0.639 3.832160 0.393467
0.640 3.831173 0.391799
0.641 3.830405 0.390188
0.642 3.829637 0.388805
0.643 3.828678 0.387290
0.644 3.827587 0.385683
0.645 3.824046 0.384305
0.646 3.821015 0.382918
0.647 3.820289 0.381441
0.648 3.819563 0.379957
0.649 3.818838 0.378467
0.650 3.818120 0.377120
0.651 3.816933 0.375766
0.652 3.812949 0.374217
0.653 3.810374 0.372754
0.654 3.809681 0.371407
0.655 3.808988 0.370020
0.656 3.808296 0.368617
0.657 3.807615 0.367134
0.658 3.806216 0.365698
0.659 3.802340 0.364432
0.660 3.799985 0.363072
0.661 3.799332 0.361606
0.662 3.798679 0.360342
0.663 3.798027 0.359162
0.664 3.794848 0.357735
0.665 3.791856 0.356324
0.666 3.790770 0.355084
0.667 3.789853 0.353773
0.668 3.789231 0.352339
0.669 3.788609 0.351065
0.670 3.787988 0.349912
0.671 3.785281 0.348556
0.672 3.781899 0.347135
0.673 3.780825 0.345953
0.674 3.779947 0.344792
0.675 3.779362 0.343664
0.676 3.778778 0.342479
0.677 3.778194 0.341135
0.678 3.776356 0.339849
0.679 3.772753 0.338646
0.680 3.770838 0.337496
0.681 3.770277 0.336389
0.682 3.769720 0.335285
0.683 3.769164 0.334183
0.684 3.768609 0.332873
0.685 3.768054 0.331512
0.686 3.764806 0.330361
0.687 3.761332 0.329230
0.688 3.760806 0.328147
0.689 3.760281 0.327063
0.690 3.759762 0.325984
0.691 3.759194 0.324905
0.692 3.758402 0.323828
0.693 3.757043 0.322753
0.694 3.753907 0.321683
0.695 3.751555 0.320615
0.696 3.751057 0.319555
0.697 3.750562 0.318399
0.698 3.750069 0.317056
0.699 3.749166 0.315822
0.700 3.747580 0.314768
0.701 3.745738 0.313717
0.702 3.743510 0.312669
0.703 3.741999 0.311631
0.704 3.741529 0.310608
0.705 3.741060 0.309687
0.706 3.740593 0.308916
0.707 3.739305 0.308041
0.708 3.736765 0.307007
0.709 3.734739 0.305975
0.710 3.733577 0.304948
0.711 3.732660 0.303923
0.712 3.732221 0.302904
0.713 3.731784 0.301886
0.714 3.731350 0.300870
0.715 3.730281 0.299855
0.716 3.727126 0.298841
0.717 3.724416 0.297852
0.718 3.723992 0.296992
0.719 3.723568 0.296131
0.720 3.723155 0.295253
0.721 3.722742 0.294374
0.722 3.721540 0.293379
0.723 3.720326 0.292382
0.724 3.718184 0.291547
0.725 3.715916 0.290734
0.726 3.715068 0.289850
0.727 3.714668 0.288945
0.728 3.714275 0.287991
0.729 3.713886 0.287008
0.730 3.712402 0.286137
0.731 3.709756 0.285384
0.732 3.707737 0.284569
0.733 3.707001 0.283627
0.734 3.706323 0.282708
0.735 3.705946 0.281911
0.736 3.705570 0.281115
0.737 3.704979 0.280257
0.738 3.704384 0.279398
0.739 3.702155 0.278640
0.740 3.699469 0.277910
0.741 3.698113 0.277048
0.742 3.697750 0.276088
0.743 3.697391 0.275218
0.744 3.697037 0.274516
0.745 3.696456 0.273807
0.746 3.694127 0.273057
0.747 3.691799 0.272307
0.748 3.690744 0.271482
0.749 3.689886 0.270645
0.750 3.689340 0.269858
0.751 3.689000 0.269105
0.752 3.688563 0.268381
0.753 3.687929 0.267718
0.754 3.687226 0.267054
0.755 3.684758 0.266335
0.756 3.682291 0.265616
0.757 3.681401 0.264920
0.758 3.681081 0.264233
0.759 3.680762 0.263495
0.760 3.680443 0.262687
0.761 3.679930 0.261899
0.762 3.677289 0.261329
0.763 3.674648 0.260758
0.764 3.673681 0.260014
0.765 3.673309 0.259208
0.766 3.672964 0.258493
0.767 3.672666 0.257928
0.768 3.672367 0.257364
0.769 3.672069 0.256702
0.770 3.671770 0.256041
0.771 3.670186 0.255357
0.772 3.667777 0.254659
0.773 3.665757 0.253991
0.774 3.665254 0.253434
0.775 3.664751 0.252878
0.776 3.664424 0.252323
0.777 3.664145 0.251768
0.778 3.663537 0.251181
0.779 3.662308 0.250532
0.780 3.661079 0.249883
0.781 3.659506 0.249203
0.782 3.657894 0.248519
0.783 3.656859 0.247895
0.784 3.656592 0.247349
0.785 3.656325 0.246803
0.786 3.656059 0.246259
0.787 3.655794 0.245714
0.788 3.654522 0.245171
0.789 3.652016 0.244628
0.790 3.649510 0.244084
0.791 3.649109 0.243544
0.792 3.648855 0.243005
0.793 3.648605 0.242466
0.794 3.648361 0.241929
0.795 3.648118 0.241392
0.796 3.647623 0.240857
0.797 3.647086 0.240322
0.798 3.646078 0.239787
0.799 3.643948 0.239252
0.800 3.641817 0.238718
0.801 3.641045 0.238225
0.802 3.640813 0.237749
0.803 3.640582 0.237286
0.804 3.640357 0.236919
0.805 3.640133 0.236553
0.806 3.639483 0.236105
0.807 3.638420 0.235579
0.808 3.637357 0.235052
0.809 3.635897 0.234527
0.810 3.634381 0.234001
0.811 3.633162 0.233525
0.812 3.632945 0.233214
0.813 3.632728 0.232904
0.814 3.632513 0.232476
0.815 3.632301 0.231957
0.816 3.632088 0.231438
0.817 3.630500 0.231058
0.818 3.628727 0.230697
0.819 3.627142 0.230317
0.820 3.626410 0.229853
0.821 3.625678 0.229389
0.822 3.625190 0.228994
0.823 3.624988 0.228680
0.824 3.624785 0.228365
0.825 3.624587 0.227913
0.826 3.624391 0.227410
0.827 3.624195 0.226906
0.828 3.623236 0.226378
0.829 3.622255 0.225849
0.830 3.621300 0.225327
0.831 3.620444 0.224833
0.832 3.619588 0.224339
0.833 3.618866 0.223908
0.834 3.618340 0.223569
0.835 3.617813 0.223230
0.836 3.617314 0.223000
0.837 3.616833 0.222843
0.838 3.616352 0.222687
0.839 3.615858 0.222306
0.840 3.615361 0.221857
0.841 3.614863 0.221408
0.842 3.614368 0.221051
0.843 3.613873 0.220702
0.844 3.613381 0.220345
0.845 3.612940 0.219841
0.846 3.612499 0.219337
0.847 3.612059 0.218833
0.848 3.611630 0.218330
0.849 3.611201 0.217827
0.850 3.610769 0.217347
0.851 3.610328 0.216936
0.852 3.609887 0.216525
0.853 3.609447 0.216145
0.854 3.609010 0.215827
0.855 3.608572 0.215509
0.856 3.608148 0.215193
0.857 3.607745 0.214881
0.858 3.607343 0.214568
0.859 3.606926 0.214153
0.860 3.606490 0.213590
0.861 3.606054 0.213027
0.862 3.605643 0.212562
0.863 3.605264 0.212232
0.864 3.604885 0.211901
0.865 3.604512 0.211585
0.866 3.604148 0.211288
0.867 3.603785 0.210990
0.868 3.603412 0.210623
0.869 3.603023 0.210143
0.870 3.602634 0.209663
0.871 3.602248 0.209184
0.872 3.601870 0.208707
0.873 3.601491 0.208230
0.874 3.601114 0.207750
0.875 3.600740 0.207261
0.876 3.600366 0.206773
0.877 3.599991 0.206285
0.878 3.599612 0.205805
0.879 3.599232 0.205324
0.880 3.598854 0.204845
0.881 3.598496 0.204401
0.882 3.598138 0.203958
0.883 3.597780 0.203515
0.884 3.597440 0.203147
0.885 3.597101 0.202788
0.886 3.596762 0.202428
0.887 3.596422 0.202098
0.888 3.596083 0.201777
0.889 3.595743 0.201456
0.890 3.595417 0.201057
0.891 3.595103 0.200594
0.892 3.594789 0.200131
0.893 3.594471 0.199663
0.894 3.594146 0.199185
0.895 3.593821 0.198706
0.896 3.593493 0.198209
0.897 3.593152 0.197570
0.898 3.592810 0.196930
0.899 3.592468 0.196290
0.900 3.592149 0.195733
0.901 3.591832 0.195189
0.902 3.591516 0.194644
0.903 3.591191 0.194200
0.904 3.590859 0.193828
0.905 3.590527 0.193456
0.906 3.590201 0.193100
0.907 3.589890 0.192787
0.908 3.589579 0.192474
0.909 3.589268 0.192161
0.910 3.588972 0.191706
0.911 3.588677 0.191244
0.912 3.588382 0.190782
0.913 3.588090 0.190316
0.914 3.587801 0.189848
0.915 3.587512 0.189380
0.916 3.587228 0.188918
0.917 3.586963 0.188477
0.918 3.586697 0.188036
0.919 3.586431 0.187596
0.920 3.586157 0.187123
0.921 3.585880 0.186644
0.922 3.585604 0.186165
0.923 3.585327 0.185731
0.924 3.585049 0.185365
0.925 3.584771 0.184999
0.926 3.584493 0.184633
0.927 3.584217 0.184260
0.928 3.583940 0.183887
0.929 3.583663 0.183514
0.930 3.583384 0.183122
0.931 3.583101 0.182710
0.932 3.582818 0.182297
0.933 3.582536 0.181885
0.934 3.582283 0.181477
0.935 3.582032 0.181069
0.936 3.581780 0.180662
0.937 3.581528 0.180241
0.938 3.581273 0.179803
0.939 3.581018 0.179364
0.940 3.580763 0.178926
0.941 3.580503 0.178493
0.942 3.580243 0.178061
0.943 3.579983 0.177629
0.944 3.579727 0.177239
0.945 3.579480 0.176952
0.946 3.579234 0.176665
0.947 3.578988 0.176378
0.948 3.578741 0.176098
0.949 3.578494 0.175820
0.950 3.578248 0.175543
0.951 3.578003 0.175266
0.952 3.577795 0.175009
0.953 3.577587 0.174752
0.954 3.577379 0.174495
0.955 3.577167 0.174222
0.956 3.576948 0.173922
0.957 3.576729 0.173622
0.958 3.576510 0.173323
0.959 3.576301 0.173042
0.960 3.576098 0.172771
0.961 3.575895 0.172500
0.962 3.575692 0.172229
0.963 3.575478 0.171957
0.964 3.575264 0.171686
0.965 3.575050 0.171414
0.966 3.574838 0.171147
0.967 3.574631 0.170894
0.968 3.574423 0.170642
0.969 3.574216 0.170390
0.970 3.574012 0.170168
0.971 3.573813 0.169991
0.972 3.573614 0.169814
0.973 3.573415 0.169637
0.974 3.573214 0.169344
0.975 3.573011 0.168973
0.976 3.572808 0.168602
0.977 3.572605 0.168231
0.978 3.572405 0.167952
0.979 3.572208 0.167702
0.980 3.572010 0.167452
0.981 3.571812 0.167202
0.982 3.571628 0.167006
0.983 3.571445 0.166818
0.984 3.571263 0.166629
0.985 3.571080 0.166440
0.986 3.570915 0.166150
0.987 3.570750 0.165857
0.988 3.570586 0.165563
0.989 3.570420 0.165270
0.990 3.570236 0.164986
0.991 3.570051 0.164702
0.992 3.569867 0.164418
0.993 3.569683 0.164137
0.994 3.569504 0.163894
0.995 3.569326 0.163650
0.996 3.569147 0.163407
0.997 3.568970 0.163154
0.998 3.568801 0.162777
0.999 3.568632 0.162400
1.000 3.568463 0.162023
1.001 3.568294 0.161649
1.002 3.568130 0.161363
1.003 3.567965 0.161077
1.004 3.567801 0.160791
1.005 3.567637 0.160505
1.006 3.567477 0.160346
1.007 3.567316 0.160190
1.008 3.567156 0.160035
1.009 3.566996 0.159880
1.010 3.566852 0.159657
1.011 3.566709 0.159425
1.012 3.566567 0.159193
1.013 3.566425 0.158961
1.014 3.566291 0.158674
1.015 3.566159 0.158369
1.016 3.566028 0.158063
1.017 3.565896 0.157757
1.018 3.565767 0.157472
1.019 3.565640 0.157204
1.020 3.565513 0.156935
1.021 3.565386 0.156666
1.022 3.565260 0.156395
1.023 3.565136 0.156118
1.024 3.565012 0.155841
1.025 3.564888 0.155564
1.026 3.564767 0.155293
1.027 3.564665 0.155055
1.028 3.564563 0.154817
1.029 3.564461 0.154578
1.030 3.564359 0.154340
1.031 3.564267 0.154083
1.032 3.564177 0.153824
1.033 3.564087 0.153565
1.034 3.563997 0.153305
1.035 3.563909 0.153023
1.036 3.563822 0.152723
1.037 3.563736 0.152423
1.038 3.563649 0.152123
1.039 3.563564 0.151801
1.040 3.563481 0.151403
1.041 3.563398 0.151005
1.042 3.563314 0.150607
1.043 3.563231 0.150210
1.044 3.563161 0.149890
1.045 3.563093 0.149584
1.046 3.563025 0.149279
1.047 3.562957 0.148973
1.048 3.562893 0.148679
1.049 3.562833 0.148401
1.050 3.562774 0.148122
1.051 3.562714 0.147844
1.052 3.562655 0.147565
1.053 3.562598 0.147199
1.054 3.562542 0.146831
1.055 3.562486 0.146462
1.056 3.562430 0.146094
1.057 3.562375 0.145689
1.058 3.562322 0.145245
1.059 3.562268 0.144801
1.060 3.562215 0.144357
1.061 3.562162 0.143913
1.062 3.562113 0.143495
1.063 3.562065 0.143078
1.064 3.562016 0.142661
1.065 3.561968 0.142245
1.066 3.561921 0.141876
1.067 3.561876 0.141583
1.068 3.561832 0.141290
1.069 3.561787 0.140997
1.070 3.561743 0.140705
1.071 3.561701 0.140374
1.072 3.561660 0.140033
1.073 3.561618 0.139692
1.074 3.561577 0.139351
1.075 3.561536 0.139007
1.076 3.561498 0.138645
1.077 3.561460 0.138283
1.078 3.561422 0.137921
1.079 3.561384 0.137559
1.080 3.561339 0.137120
1.081 3.561285 0.136584
1.082 3.561232 0.136049
1.083 3.561178 0.135514
1.084 3.561124 0.134979
1.085 3.561068 0.134482
1.086 3.561010 0.134001
1.087 3.560953 0.133519
1.088 3.560895 0.133038
1.089 3.560838 0.132557
1.090 3.560783 0.132019
1.091 3.560728 0.131479
1.092 3.560674 0.130938
1.093 3.560619 0.130398
1.094 3.560566 0.129863
1.095 3.560515 0.129363
1.096 3.560464 0.128863
1.097 3.560414 0.128363
1.098 3.560363 0.127863
1.099 3.560300 0.127354
1.100 3.560204 0.126819
1.101 3.560109 0.126284
1.102 3.560013 0.125750
1.103 3.559917 0.125215
1.104 3.559815 0.124697
1.105 3.559705 0.124208
1.106 3.559594 0.123719
1.107 3.559484 0.123230
1.108 3.559373 0.122741
1.109 3.559264 0.122260
1.110 3.559157 0.121790
1.111 3.559050 0.121320
1.112 3.558942 0.120850
1.113 3.558835 0.120380
1.114 3.558730 0.119864
1.115 3.558628 0.119291
1.116 3.558525 0.118718
1.117 3.558423 0.118145
1.118 3.558320 0.117572
1.119 3.558199 0.117037
1.120 3.558051 0.116557
1.121 3.557902 0.116076
1.122 3.557754 0.115596
1.123 3.557606 0.115115
1.124 3.557453 0.114610
1.125 3.557292 0.114054
1.126 3.557131 0.113498
1.127 3.556969 0.112943
1.128 3.556808 0.112387
1.129 3.556648 0.111856
1.130 3.556492 0.111420
1.131 3.556336 0.110984
1.132 3.556180 0.110548
1.133 3.556024 0.110112
1.134 3.555868 0.109674
1.135 3.555718 0.109164
1.136 3.555568 0.108655
1.137 3.555418 0.108145
1.138 3.555268 0.107636
1.139 3.555118 0.107126
1.140 3.554957 0.106640
1.141 3.554793 0.106159
1.142 3.554629 0.105677
1.143 3.554465 0.105196
1.144 3.554301 0.104715
1.145 3.554137 0.104275
1.146 3.553974 0.103868
1.147 3.553811 0.103461
1.148 3.553647 0.103055
1.149 3.553484 0.102648
1.150 3.553322 0.102222
1.151 3.553167 0.101730
1.152 3.553012 0.101238
1.153 3.552856 0.100746
1.154 3.552701 0.100254
1.155 3.552546 0.099763
1.156 3.552399 0.099318
1.157 3.552254 0.098882
1.158 3.552109 0.098445
1.159 3.551964 0.098009
1.160 3.551818 0.097572
1.161 3.551690 0.097082
1.162 3.551582 0.096525
1.163 3.551474 0.095969
1.164 3.551366 0.095412
1.165 3.551258 0.094856
1.166 3.551150 0.094299
1.167 3.551064 0.093811
1.168 3.550978 0.093325
1.169 3.550892 0.092839
1.170 3.550806 0.092353
1.171 3.550720 0.091867
1.172 3.550642 0.091413
1.173 3.550573 0.090996
1.174 3.550504 0.090578
1.175 3.550435 0.090161
1.176 3.550365 0.089744
1.177 3.550296 0.089327
1.178 3.550246 0.088897
1.179 3.550198 0.088467
1.180 3.550149 0.088036
1.181 3.550101 0.087606
1.182 3.550053 0.087175
1.183 3.550045 0.086728
1.184 3.550153 0.086234
1.185 3.550261 0.085740
1.186 3.550368 0.085246
1.187 3.550476 0.084752
1.188 3.550584 0.084258
1.189 3.550736 0.083736
1.190 3.550920 0.083195
1.191 3.551104 0.082654
1.192 3.551289 0.082113
1.193 3.551473 0.081571
1.194 3.551657 0.081030
1.195 3.551886 0.080477
1.196 3.552122 0.079922
1.197 3.552358 0.079366
1.198 3.552595 0.078811
1.199 3.552831 0.078256
1.200 3.553071 0.077700
1.201 3.553378 0.077129
1.202 3.553684 0.076557
1.203 3.553991 0.075986
1.204 3.554297 0.075415
1.205 3.554603 0.074843
1.206 3.554939 0.074196
1.207 3.555384 0.073263
1.208 3.555828 0.072331
1.209 3.556273 0.071398
1.210 3.556718 0.070466
1.211 3.557162 0.069533
1.212 3.557640 0.068528
1.213 3.558192 0.067360
1.214 3.558745 0.066192
1.215 3.559297 0.065024
1.216 3.559849 0.063856
1.217 3.560401 0.062688
1.218 3.560974 0.061540
1.219 3.561586 0.060431
1.220 3.562198 0.059322
1.221 3.562810 0.058213
1.222 3.563422 0.057103
1.223 3.564034 0.055994
1.224 3.564638 0.054856
1.225 3.565223 0.053657
1.226 3.565808 0.052458
1.227 3.566394 0.051259
1.228 3.566979 0.050061
1.229 3.567564 0.048862
1.230 3.567896 0.047602
1.231 3.567450 0.046154
1.232 3.567004 0.044705
1.233 3.566558 0.043257
1.234 3.566111 0.041809
1.235 3.565665 0.040361
1.236 3.565219 0.038913
1.237 3.564773 0.037464
1.238 3.564326 0.036016
1.239 3.563817 0.034556
1.240 3.563084 0.033052
1.241 3.562351 0.031548
1.242 3.561617 0.030044
1.243 3.560884 0.028540
1.244 3.560151 0.027036
1.245 3.559417 0.025531
1.246 3.558684 0.024027
1.247 3.557951 0.022523
1.248 3.557198 0.021063
1.249 3.556146 0.020291
1.250 3.555093 0.019518
1.251 3.554041 0.018746
1.252 3.552988 0.017973
1.253 3.551936 0.017200
1.254 3.550883 0.016428
1.255 3.549831 0.015655
1.256 3.548778 0.014883
1.257 3.547726 0.014110
1.258 3.546526 0.013442
1.259 3.545282 0.012807
1.260 3.544037 0.012171
1.261 3.542793 0.011535
1.262 3.541548 0.010900
1.263 3.540304 0.010264
1.264 3.539059 0.009629
1.265 3.537814 0.008993
1.266 3.536570 0.008357
1.267 3.535366 0.007816
1.268 3.534244 0.007467
1.269 3.533123 0.007119
1.270 3.532002 0.006770
1.271 3.530880 0.006421
1.272 3.529759 0.006073
1.273 3.528638 0.005724
1.274 3.527517 0.005375
1.275 3.526395 0.005027
1.276 3.525274 0.004678
1.277 3.524149 0.004457
1.278 3.523022 0.004279
1.279 3.521896 0.004101
1.280 3.520769 0.003923
1.281 3.519643 0.003745
1.282 3.518516 0.003567
1.283 3.517390 0.003389
1.284 3.516263 0.003211
1.285 3.515137 0.003033
1.286 3.514013 0.002856
1.287 3.513015 0.002736
1.288 3.512016 0.002615
1.289 3.511017 0.002494
1.290 3.510019 0.002373
1.291 3.509020 0.002252
1.292 3.508022 0.002131
1.293 3.507023 0.002010
1.294 3.506024 0.001889
1.295 3.505026 0.001768
1.296 3.504041 0.001660
1.297 3.503129 0.001625
1.298 3.502218 0.001591
1.299 3.501307 0.001556
1.300 3.500396 0.001521
1.301 3.499485 0.001487
1.302 3.498573 0.001452
1.303 3.497662 0.001418
1.304 3.496751 0.001383
1.305 3.495840 0.001348
1.306 3.494945 0.001312
1.307 3.494163 0.001265
1.308 3.493381 0.001218
1.309 3.492598 0.001171
1.310 3.491816 0.001124
1.311 3.491034 0.001077
1.312 3.490252 0.001031
1.313 3.489470 0.000984
1.314 3.488688 0.000937
1.315 3.487906 0.000890
1.316 3.487123 0.000843
1.317 3.486416 0.000825
1.318 3.485714 0.000809
1.319 3.485011 0.000793
1.320 3.484309 0.000776
1.321 3.483606 0.000760
1.322 3.482904 0.000744
1.323 3.482201 0.000728
1.324 3.481499 0.000712
1.325 3.480796 0.000695
1.326 3.480094 0.000679
1.327 3.479444 0.000670
1.328 3.478829 0.000667
1.329 3.478215 0.000663
1.330 3.477600 0.000659
1.331 3.476986 0.000656
1.332 3.476371 0.000652
1.333 3.475756 0.000649
1.334 3.475142 0.000645
1.335 3.474527 0.000641
1.336 3.473913 0.000638
1.337 3.473303 0.000633
1.338 3.472737 0.000615
1.339 3.472172 0.000598
1.340 3.471607 0.000581
1.341 3.471042 0.000563
1.342 3.470477 0.000546
1.343 3.469912 0.000529
1.344 3.469347 0.000512
1.345 3.468781 0.000494
1.346 3.468216 0.000477
1.347 3.467651 0.000460
1.348 3.467104 0.000445
1.349 3.466582 0.000432
1.350 3.466060 0.000420
1.351 3.465538 0.000408
1.352 3.465016 0.000396
1.353 3.464494 0.000384
1.354 3.463972 0.000371
1.355 3.463450 0.000359
1.356 3.462928 0.000347
1.357 3.462406 0.000335
1.358 3.461884 0.000323
1.359 3.461371 0.000311
1.360 3.460865 0.000299
1.361 3.460359 0.000287
1.362 3.459853 0.000275
1.363 3.459347 0.000263
1.364 3.458841 0.000251
1.365 3.458335 0.000239
1.366 3.457829 0.000227
1.367 3.457322 0.000215
1.368 3.456816 0.000203
1.369 3.456310 0.000191
1.370 3.455816 0.000179
1.371 3.455331 0.000168
1.372 3.454846 0.000156
1.373 3.454362 0.000144
1.374 3.453877 0.000133
1.375 3.453392 0.000121
1.376 3.452907 0.000109
1.377 3.452423 0.000098
1.378 3.451938 0.000086
1.379 3.451453 0.000074
1.380 3.450968 0.000063
1.381 3.450489 0.000053
1.382 3.450020 0.000048
1.383 3.449551 0.000044
1.384 3.449082 0.000039
1.385 3.448612 0.000034
1.386 3.448143 0.000029
1.387 3.447674 0.000024
1.388 3.447205 0.000019
1.389 3.446736 0.000015
1.390 3.446267 0.000010
1.391 3.445797 0.000005
1.392 3.445328 0.000000
1.393 3.444875 0.000000
1.394 3.444423 0.000000
1.395 3.443971 0.000000
1.396 3.443519 0.000000
1.397 3.443067 0.000000
1.398 3.442615 0.000000
1.399 3.442163 0.000000
1.400 3.441710 0.000000
1.401 3.441258 0.000000
1.402 3.440806 0.000000
1.403 3.440354 0.000000
1.404 3.439907 0.000000
1.405 3.439468 0.000000
1.406 3.439030 0.000000
1.407 3.438591 0.000000
1.408 3.438153 0.000000
1.409 3.437714 0.000000
1.410 3.437276 0.000000
1.411 3.436837 0.000000
1.412 3.436398 0.000000
1.413 3.435960 0.000000
1.414 3.435521 0.000000
1.415 3.435083 0.000000
1.416 3.434652 0.000000
1.417 3.434225 0.000000
1.418 3.433799 0.000000
1.419 3.433372 0.000000
1.420 3.432945 0.000000
1.421 3.432519 0.000000
1.422 3.432092 0.000000
1.423 3.431666 0.000000
1.424 3.431239 0.000000
1.425 3.430813 0.000000
1.426 3.430386 0.000000
1.427 3.429960 0.000000
1.428 3.429542 0.000000
1.429 3.429130 0.000000
1.430 3.428718 0.000000
1.431 3.428306 0.000000
1.432 3.427894 0.000000
1.433 3.427482 0.000000
1.434 3.427069 0.000000
1.435 3.426657 0.000000
1.436 3.426245 0.000000
1.437 3.425833 0.000000
1.438 3.425421 0.000000
1.439 3.425009 0.000000
1.440 3.424601 0.000000
1.441 3.424200 0.000000
1.442 3.423798 0.000000
1.443 3.423396 0.000000
1.444 3.422994 0.000000
1.445 3.422592 0.000000
1.446 3.422191 0.000000
1.447 3.421789 0.000000
1.448 3.421387 0.000000
1.449 3.420985 0.000000
1.450 3.420584 0.000000
1.451 3.420182 0.000000
1.452 3.419781 0.000000
1.453 3.419393 0.000000
1.454 3.419004 0.000000
1.455 3.418615 0.000000
1.456 3.418227 0.000000
1.457 3.417838 0.000000
1.458 3.417450 0.000000
1.459 3.417061 0.000000
1.460 3.416672 0.000000
1.461 3.416284 0.000000
1.462 3.415895 0.000000
1.463 3.415507 0.000000
1.464 3.415118 0.000000
1.465 3.414733 0.000000
1.466 3.414353 0.000000
1.467 3.413972 0.000000
1.468 3.413591 0.000000
1.469 3.413211 0.000000
1.470 3.412830 0.000000
1.471 3.412450 0.000000
1.472 3.412069 0.000000
1.473 3.411689 0.000000
1.474 3.411308 0.000000
1.475 3.410927 0.000000
1.476 3.410547 0.000000
1.477 3.410166 0.000000
1.478 3.409796 0.000000
1.479 3.409431 0.000000
1.480 3.409066 0.000000
1.481 3.408701 0.000000
1.482 3.408336 0.000000
1.483 3.407971 0.000000
1.484 3.407607 0.000000
1.485 3.407242 0.000000
1.486 3.406877 0.000000
1.487 3.406512 0.000000
1.488 3.406147 0.000000
1.489 3.405782 0.000000
1.490 3.405417 0.000000
1.491 3.405057 0.000000
1.492 3.404699 0.000000
1.493 3.404342 0.000000
1.494 3.403984 0.000000
1.495 3.403627 0.000000
1.496 3.403270 0.000000
1.497 3.402912 0.000000
1.498 3.402555 0.000000
1.499 3.402197 0.000000
1.500 3.401840 0.000000
1.501 3.401482 0.000000
1.502 3.401125 0.000000
1.503 3.400768 0.000000
1.504 3.400414 0.000000
1.505 3.400069 0.000000
1.506 3.399723 0.000000
1.507 3.399377 0.000000
1.508 3.399032 0.000000
1.509 3.398686 0.000000
1.510 3.398341 0.000000
1.511 3.397995 0.000000
1.512 3.397650 0.000000
1.513 3.397304 0.000000
1.514 3.396959 0.000000
1.515 3.396613 0.000000
1.516 3.396267 0.000000
1.517 3.395922 0.000000
1.518 3.395581 0.000000
1.519 3.395240 0.000000
1.520 3.394900 0.000000
1.521 3.394560 0.000000
1.522 3.394220 0.000000
1.523 3.393879 0.000000
1.524 3.393539 0.000000
1.525 3.393199 0.000000
1.526 3.392859 0.000000
1.527 3.392518 0.000000
1.528 3.392178 0.000000
1.529 3.391838 0.000000
1.530 3.391498 0.000000
1.531 3.391158 0.000000
1.532 3.390830 0.000000
1.533 3.390502 0.000000
1.534 3.390174 0.000000
1.535 3.389846 0.000000
1.536 3.389518 0.000000
1.537 3.389190 0.000000
1.538 3.388861 0.000000
1.539 3.388533 0.000000
1.540 3.388205 0.000000
1.541 3.387877 0.000000
1.542 3.387549 0.000000
1.543 3.387221 0.000000
1.544 3.386893 0.000000
1.545 3.386565 0.000000
1.546 3.386242 0.000000
1.547 3.385918 0.000000
1.548 3.385595 0.000000
1.549 3.385272 0.000000
1.550 3.384949 0.000000
1.551 3.384626 0.000000
1.552 3.384302 0.000000
1.553 3.383979 0.000000
1.554 3.383656 0.000000
1.555 3.383333 0.000000
1.556 3.383010 0.000000
1.557 3.382686 0.000000
1.558 3.382363 0.000000
1.559 3.382040 0.000000
1.560 3.381726 0.000000
1.561 3.381414 0.000000
1.562 3.381102 0.000000
1.563 3.380791 0.000000
1.564 3.380479 0.000000
1.565 3.380168 0.000000
1.566 3.379856 0.000000
1.567 3.379544 0.000000
1.568 3.379233 0.000000
1.569 3.378921 0.000000
1.570 3.378609 0.000000
1.571 3.378298 0.000000
1.572 3.377986 0.000000
1.573 3.377674 0.000000
1.574 3.377364 0.000000
1.575 3.377058 0.000000
1.576 3.376752 0.000000
1.577 3.376445 0.000000
1.578 3.376139 0.000000
1.579 3.375833 0.000000
1.580 3.375526 0.000000
1.581 3.375220 0.000000
1.582 3.374914 0.000000
1.583 3.374607 0.000000
1.584 3.374301 0.000000
1.585 3.373995 0.000000
1.586 3.373688 0.000000
1.587 3.373382 0.000000
1.588 3.373076 0.000000
1.589 3.372775 0.000000
1.590 3.372481 0.000000
1.591 3.372188 0.000000
1.592 3.371894 0.000000
1.593 3.371600 0.000000
1.594 3.371307 0.000000
1.595 3.371013 0.000000
1.596 3.370720 0.000000
1.597 3.370426 0.000000
1.598 3.370132 0.000000
1.599 3.369839 0.000000
1.600 3.369545 0.000000
1.601 3.369252 0.000000
1.602 3.368958 0.000000
1.603 3.368664 0.000000
1.604 3.368372 0.000000
1.605 3.368084 0.000000
1.606 3.367795 0.000000
1.607 3.367507 0.000000
1.608 3.367218 0.000000
1.609 3.366930 0.000000
1.610 3.366641 0.000000
1.611 3.366353 0.000000
1.612 3.366064 0.000000
1.613 3.365776 0.000000
1.614 3.365487 0.000000
1.615 3.365199 0.000000
1.616 3.364910 0.000000
1.617 3.364622 0.000000
1.618 3.364333 0.000000
1.619 3.364045 0.000000
1.620 3.363764 0.000000
1.621 3.363484 0.000000
1.622 3.363204 0.000000
1.623 3.362923 0.000000
1.624 3.362643 0.000000
1.625 3.362363 0.000000
1.626 3.362082 0.000000
1.627 3.361802 0.000000
1.628 3.361522 0.000000
1.629 3.361241 0.000000
1.630 3.360961 0.000000
1.631 3.360681 0.000000
1.632 3.360400 0.000000
1.633 3.360120 0.000000
1.634 3.359840 0.000000
1.635 3.359561 0.000000
1.636 3.359286 0.000000
1.637 3.359011 0.000000
1.638 3.358736 0.000000
1.639 3.358461 0.000000
1.640 3.358186 0.000000
1.641 3.357911 0.000000
1.642 3.357637 0.000000
1.643 3.357362 0.000000
1.644 3.357087 0.000000
1.645 3.356812 0.000000
1.646 3.356537 0.000000
1.647 3.356262 0.000000
1.648 3.355987 0.000000
1.649 3.355712 0.000000
1.650 3.355438 0.000000
1.651 3.355165 0.000000
1.652 3.354900 0.000000
1.653 3.354634 0.000000
1.654 3.354368 0.000000
1.655 3.354103 0.000000
1.656 3.353837 0.000000
1.657 3.353572 0.000000
1.658 3.353306 0.000000
1.659 3.353040 0.000000
1.660 3.352775 0.000000
1.661 3.352509 0.000000
1.662 3.352244 0.000000
1.663 3.351978 0.000000
1.664 3.351712 0.000000
1.665 3.351447 0.000000
1.666 3.351181 0.000000
1.667 3.350915 0.000000
1.668 3.350655 0.000000
1.669 3.350396 0.000000
1.670 3.350136 0.000000
1.671 3.349876 0.000000
1.672 3.349616 0.000000
1.673 3.349356 0.000000
1.674 3.349096 0.000000
1.675 3.348837 0.000000
1.676 3.348577 0.000000
1.677 3.348317 0.000000
1.678 3.348057 0.000000
1.679 3.347797 0.000000
1.680 3.347537 0.000000
1.681 3.347277 0.000000
1.682 3.347018 0.000000
1.683 3.346758 0.000000
1.684 3.346501 0.000000
1.685 3.346250 0.000000
1.686 3.345998 0.000000
1.687 3.345747 0.000000
1.688 3.345496 0.000000
1.689 3.345244 0.000000
1.690 3.344993 0.000000
1.691 3.344742 0.000000
1.692 3.344490 0.000000
1.693 3.344239 0.000000
1.694 3.343988 0.000000
1.695 3.343737 0.000000
1.696 3.343485 0.000000
1.697 3.343234 0.000000
1.698 3.342983 0.000000
1.699 3.342731 0.000000
1.700 3.342480 0.000000
1.701 3.342231 0.000000
1.702 3.341985 0.000000
1.703 3.341739 0.000000
1.704 3.341493 0.000000
1.705 3.341247 0.000000
1.706 3.341000 0.000000
1.707 3.340754 0.000000
1.708 3.340508 0.000000
1.709 3.340262 0.000000
1.710 3.340016 0.000000
1.711 3.339770 0.000000
1.712 3.339524 0.000000
1.713 3.339278 0.000000
1.714 3.339032 0.000000
1.715 3.338786 0.000000
1.716 3.338540 0.000000
1.717 3.338294 0.000000
1.718 3.338048 0.000000
1.719 3.337809 0.000000
1.720 3.337570 0.000000
1.721 3.337330 0.000000
1.722 3.337091 0.000000
1.723 3.336851 0.000000
1.724 3.336612 0.000000
1.725 3.336372 0.000000
1.726 3.336133 0.000000
1.727 3.335893 0.000000
1.728 3.335654 0.000000
1.729 3.335414 0.000000
1.730 3.335175 0.000000
1.731 3.334935 0.000000
1.732 3.334696 0.000000
1.733 3.334457 0.000000
1.734 3.334217 0.000000
1.735 3.333978 0.000000
1.736 3.333741 0.000000
1.737 3.333507 0.000000
1.738 3.333274 0.000000
1.739 3.333041 0.000000
1.740 3.332807 0.000000
1.741 3.332574 0.000000
1.742 3.332340 0.000000
1.743 3.332107 0.000000
1.744 3.331874 0.000000
1.745 3.331640 0.000000
1.746 3.331407 0.000000
1.747 3.331174 0.000000
1.748 3.330940 0.000000
1.749 3.330707 0.000000
1.750 3.330474 0.000000
1.751 3.330240 0.000000
1.752 3.330007 0.000000
1.753 3.329773 0.000000
1.754 3.329543 0.000000
1.755 3.329317 0.000000
1.756 3.329091 0.000000
1.757 3.328864 0.000000
1.758 3.328638 0.000000
1.759 3.328412 0.000000
1.760 3.328186 0.000000
1.761 3.327960 0.000000
1.762 3.327734 0.000000
1.763 3.327508 0.000000
1.764 3.327282 0.000000
1.765 3.327056 0.000000
1.766 3.326830 0.000000
1.767 3.326603 0.000000
1.768 3.326377 0.000000
1.769 3.326151 0.000000
1.770 3.325925 0.000000
1.771 3.325699 0.000000
1.772 3.325473 0.000000
1.773 3.325252 0.000000
1.774 3.325031 0.000000
1.775 3.324811 0.000000
1.776 3.324590 0.000000
1.777 3.324369 0.000000
1.778 3.324149 0.000000
1.779 3.323928 0.000000
1.780 3.323707 0.000000
1.781 3.323487 0.000000
1.782 3.323266 0.000000
1.783 3.323045 0.000000
1.784 3.322824 0.000000
1.785 3.322604 0.000000
1.786 3.322383 0.000000
1.787 3.322162 0.000000
1.788 3.321942 0.000000
1.789 3.321721 0.000000
1.790 3.321500 0.000000
1.791 3.321280 0.000000
1.792 3.321065 0.000000
1.793 3.320850 0.000000
1.794 3.320635 0.000000
1.795 3.320420 0.000000
1.796 3.320205 0.000000
1.797 3.319990 0.000000
1.798 3.319775 0.000000
1.799 3.319560 0.000000
1.800 3.319345 0.000000
1.801 3.319129 0.000000
1.802 3.318914 0.000000
1.803 3.318699 0.000000
1.804 3.318484 0.000000
1.805 3.318269 0.000000
1.806 3.318054 0.000000
1.807 3.317839 0.000000
1.808 3.317624 0.000000
1.809 3.317409 0.000000
1.810 3.317194 0.000000
1.811 3.316984 0.000000
1.812 3.316774 0.000000
1.813 3.316565 0.000000
1.814 3.316355 0.000000
1.815 3.316146 0.000000
1.816 3.315936 0.000000
1.817 3.315727 0.000000
1.818 3.315517 0.000000
1.819 3.315307 0.000000
1.820 3.315098 0.000000
1.821 3.314888 0.000000
1.822 3.314679 0.000000
1.823 3.314469 0.000000
1.824 3.314260 0.000000
1.825 3.314050 0.000000
1.826 3.313841 0.000000
1.827 3.313631 0.000000
1.828 3.313422 0.000000
1.829 3.313212 0.000000
1.830 3.313004 0.000000
1.831 3.312800 0.000000
1.832 3.312595 0.000000
1.833 3.312391 0.000000
1.834 3.312187 0.000000
1.835 3.311982 0.000000
1.836 3.311778 0.000000
1.837 3.311573 0.000000
1.838 3.311369 0.000000
1.839 3.311164 0.000000
1.840 3.310960 0.000000
1.841 3.310756 0.000000
1.842 3.310551 0.000000
1.843 3.310347 0.000000
1.844 3.310142 0.000000
1.845 3.309938 0.000000
1.846 3.309733 0.000000
1.847 3.309529 0.000000
1.848 3.309325 0.000000
1.849 3.309120 0.000000
1.850 3.308917 0.000000
1.851 3.308719 0.000000
1.852 3.308520 0.000000
1.853 3.308321 0.000000
1.854 3.308122 0.000000
1.855 3.307924 0.000000
1.856 3.307725 0.000000
1.857 3.307526 0.000000
1.858 3.307327 0.000000
1.859 3.307129 0.000000
1.860 3.306930 0.000000
1.861 3.306731 0.000000
1.862 3.306533 0.000000
1.863 3.306334 0.000000
1.864 3.306135 0.000000
1.865 3.305936 0.000000
1.866 3.305738 0.000000
1.867 3.305539 0.000000
1.868 3.305340 0.000000
1.869 3.305141 0.000000
1.870 3.304943 0.000000
1.871 3.304748 0.000000
1.872 3.304553 0.000000
1.873 3.304359 0.000000
1.874 3.304165 0.000000
1.875 3.303971 0.000000
1.876 3.303777 0.000000
1.877 3.303583 0.000000
1.878 3.303389 0.000000
1.879 3.303195 0.000000
1.880 3.303001 0.000000
1.881 3.302807 0.000000
1.882 3.302613 0.000000
1.883 3.302419 0.000000
1.884 3.302225 0.000000
1.885 3.302030 0.000000
1.886 3.301836 0.000000
1.887 3.301642 0.000000
1.888 3.301448 0.000000
1.889 3.301254 0.000000
1.890 3.301060 0.000000
1.891 3.300866 0.000000
1.892 3.300678 0.000000
1.893 3.300490 0.000000
1.894 3.300303 0.000000
1.895 3.300116 0.000000
1.896 3.299929 0.000000
1.897 3.299742 0.000000
1.898 3.299555 0.000000
1.899 3.299368 0.000000
1.900 3.299180 0.000000
1.901 3.298993 0.000000
1.902 3.298806 0.000000
1.903 3.298619 0.000000
1.904 3.298432 0.000000
1.905 3.298245 0.000000
1.906 3.298058 0.000000
1.907 3.297870 0.000000
1.908 3.297683 0.000000
1.909 3.297496 0.000000
1.910 3.297309 0.000000
1.911 3.297122 0.000000
1.912 3.296935 0.000000
1.913 3.296749 0.000000
1.914 3.296567 0.000000
1.915 3.296385 0.000000
1.916 3.296202 0.000000
1.917 3.296020 0.000000
1.918 3.295837 0.000000
1.919 3.295655 0.000000
1.920 3.295472 0.000000
1.921 3.295290 0.000000
1.922 3.295108 0.000000
1.923 3.294925 0.000000
1.924 3.294743 0.000000
1.925 3.294560 0.000000
1.926 3.294378 0.000000
1.927 3.294196 0.000000
1.928 3.294013 0.000000
1.929 3.293831 0.000000
1.930 3.293648 0.000000
1.931 3.293466 0.000000
1.932 3.293283 0.000000
1.933 3.293101 0.000000
1.934 3.292919 0.000000
1.935 3.292738 0.000000
1.936 3.292561 0.000000
1.937 3.292383 0.000000
1.938 3.292205 0.000000
1.939 3.292027 0.000000
1.940 3.291849 0.000000
1.941 3.291672 0.000000
1.942 3.291494 0.000000
1.943 3.291316 0.000000
1.944 3.291138 0.000000
1.945 3.290961 0.000000
1.946 3.290783 0.000000
1.947 3.290605 0.000000
1.948 3.290427 0.000000
1.949 3.290249 0.000000
1.950 3.290072 0.000000