0.251 1.884277 3.197686
0.252 1.923072 3.217285
0.253 1.961403 3.230558
0.254 2.007475 3.251811
0.255 2.044952 3.264788
0.256 2.087588 3.277818
0.257 2.130323 3.290897
0.258 2.174115 3.304010
0.259 2.219895 3.316973
0.260 2.268561 3.329597
0.261 2.321008 3.341747
0.262 2.365857 3.348955
0.263 2.419325 3.354820
0.264 2.472899 3.357786
0.265 2.529238 3.354886
0.266 2.587911 3.353048
0.267 2.640476 3.344381
0.268 2.693355 3.334584
0.269 2.751120 3.323364
0.270 2.802711 3.302834
0.271 2.856221 3.282679
0.272 2.905928 3.264418
0.273 2.954675 3.237722
0.274 3.002030 3.211160
0.275 3.046994 3.184844
0.276 3.086937 3.153460
0.277 3.125647 3.123456
0.278 3.163443 3.086513
0.279 3.200277 3.057949
0.280 3.236266 3.022175
0.281 3.263401 2.984455
0.282 3.291537 2.944860
0.283 3.321290 2.911621
0.284 3.342915 2.871931
0.285 3.364354 2.835745
0.286 3.385595 2.798844
0.287 3.403691 2.760384
0.288 3.419507 2.723103
0.289 3.432277 2.689378
0.290 3.446426 2.654731
0.291 3.455183 2.615554
0.292 3.463954 2.581144
0.293 3.472752 2.545236
0.294 3.475952 2.511991
0.295 3.480868 2.482059
0.296 3.482835 2.450262
0.297 3.484220 2.420223
0.298 3.488598 2.389952
0.299 3.485789 2.359541
0.300 3.483045 2.333666
0.301 3.480367 2.308008
0.302 3.477770 2.282595
0.303 3.475264 2.257425
0.304 3.471710 2.239815
0.305 3.462264 2.215950
0.306 3.459547 2.197889
0.307 3.449523 2.175164
0.308 3.447375 2.156231
0.309 3.437977 2.136304
0.310 3.435103 2.122959
0.311 3.426505 2.103941
0.312 3.421106 2.090161
0.313 3.413065 2.078020
0.314 3.403597 2.066010
0.315 3.401467 2.054093
0.316 3.394448 2.042274
0.317 3.389392 2.030544
0.318 3.380406 2.018888
0.319 3.372945 2.007315
0.320 3.367905 1.997342
0.321 3.359881 1.992661
0.322 3.352217 1.981320
0.323 3.349194 1.978277
0.324 3.344338 1.967067
0.325 3.338400 1.962030
0.326 3.330160 1.954677
0.327 3.328442 1.950326
0.328 3.321350 1.945490
0.329 3.318317 1.937310
0.330 3.314408 1.937113
0.331 3.308377 1.931511
0.332 3.307026 1.928821
0.333 3.298568 1.926508
0.334 3.297829 1.920613
0.335 3.290509 1.920658
0.336 3.288240 1.918900
0.337 3.287596 1.912586
0.338 3.281244 1.912636
0.339 3.278179 1.912746
0.340 3.277634 1.912868
0.341 3.277107 1.912997
0.342 3.276189 1.912723
0.343 3.268625 1.905791
0.344 3.267445 1.905229
0.345 3.267015 1.905410
0.346 3.266601 1.905601
0.347 3.266218 1.905810
0.348 3.265852 1.906028
0.349 3.265509 1.906259
0.350 3.265179 1.906497
0.351 3.264862 1.906742
0.352 3.264582 1.907013
0.353 3.264315 1.907291
0.354 3.264059 1.907821
0.355 3.263821 1.915367
0.356 3.263595 1.916404
0.357 3.263399 1.916728
0.358 3.263212 1.917058
0.359 3.263036 1.917396
0.360 3.264336 1.917758
0.361 3.270987 1.918133
0.362 3.270869 1.922507
0.363 3.270762 1.927132
0.364 3.271479 1.927529
0.365 3.278080 1.927946
0.366 3.278775 1.928374
0.367 3.278733 1.928812
0.368 3.278926 1.934324
0.369 3.285108 1.937956
0.370 3.286943 1.938427
0.371 3.288609 1.938901
0.372 3.295013 1.942525
0.373 3.295289 1.948131
0.374 3.301053 1.948646
0.375 3.303676 1.949171
0.376 3.304957 1.950884
0.377 3.312136 1.958488
0.378 3.312274 1.959047
0.379 3.316496 1.959614
0.380 3.320828 1.965454
0.381 3.326993 1.969016
0.382 3.329456 1.969613
0.383 3.330292 1.970839
0.384 3.337674 1.978597
0.385 3.341386 1.979705
0.386 3.346912 1.980342
0.387 3.352147 1.985932
0.388 3.355751 1.989881
0.389 3.362548 1.991286
0.390 3.365755 1.998341
0.391 3.374243 2.000134
0.392 3.381325 2.003334
0.393 3.385191 2.009753
0.394 3.390967 2.010511
0.395 3.396125 2.015946
0.396 3.405702 2.020329
0.397 3.414927 2.027040
0.398 3.417803 2.029825
0.399 3.426191 2.031897
0.400 3.435764 2.039552
0.401 3.443054 2.042592
0.402 3.446667 2.049306
0.403 3.456234 2.053344
0.404 3.465804 2.059096
0.405 3.475521 2.064271
0.406 3.490143 2.068909
0.407 3.502728 2.075123
0.408 3.512290 2.078753
0.409 3.522776 2.085802
0.410 3.539171 2.088609
0.411 3.550684 2.096321
0.412 3.567691 2.099205
0.413 3.583904 2.106701
0.414 3.596118 2.108422
0.415 3.614430 2.109285
0.416 3.632715 2.110154
0.417 3.650970 2.111024
0.418 3.669247 2.108218
0.419 3.691609 2.104579
0.420 3.713897 2.100909
0.421 3.732082 2.093192
0.422 3.749975 2.085516
0.423 3.762719 2.077873
0.424 3.778156 2.064393
0.425 3.790638 2.054453
0.426 3.806381 2.046916
0.427 3.817516 2.033362
0.428 3.827050 2.023661
0.429 3.830155 2.009728
0.430 3.837124 2.000699
0.431 3.839827 1.992974
0.432 3.842538 1.979390
0.433 3.849945 1.971354
0.434 3.851900 1.970644
0.435 3.853334 1.964506
0.436 3.854791 1.957971
0.437 3.856301 1.959250
0.438 3.857867 1.960544
0.439 3.859631 1.961897
0.440 3.861421 1.963254
0.441 3.864854 1.966255
0.442 3.873343 1.974098
0.443 3.877634 1.977564
0.444 3.887032 1.986061
0.445 3.896469 1.995585
0.446 3.902912 2.005022
0.447 3.917997 2.012635
0.448 3.930450 2.015410
0.449 3.949468 2.024624
0.450 3.968532 2.033727
0.451 3.987649 2.042712
0.452 4.008181 2.051543
0.453 4.034527 2.058600
0.454 4.061814 2.061656
0.455 4.089069 2.068803
0.456 4.117674 2.069687
0.457 4.150371 2.068914
0.458 4.183596 2.064616
0.459 4.216757 2.057527
0.460 4.249790 2.050066
0.461 4.282665 2.040712
0.462 4.315430 2.027928
0.463 4.348116 2.013274
0.464 4.377952 1.995515
0.465 4.406587 1.974250
0.466 4.437155 1.952443
0.467 4.466055 1.929906
0.468 4.492828 1.904245
0.469 4.517673 1.874576
0.470 4.538708 1.844171
0.471 4.558920 1.813033
0.472 4.578667 1.781196
0.473 4.596339 1.748710
0.474 4.609296 1.715370
0.475 4.625806 1.681724
0.476 4.635038 1.647626
0.477 4.641098 1.613468
0.478 4.648574 1.579198
0.479 4.651235 1.545093
0.480 4.651897 1.515870
0.481 4.652169 1.484772
0.482 4.649611 1.453763
0.483 4.643966 1.427146
0.484 4.642927 1.400834
0.485 4.635325 1.374638
0.486 4.627620 1.348573
0.487 4.620274 1.322837
0.488 4.615588 1.297689
0.489 4.611730 1.275174
0.490 4.603600 1.254815
0.491 4.595390 1.232146
0.492 4.587106 1.213332
0.493 4.578837 1.195756
0.494 4.570180 1.178360
0.495 4.558222 1.161219
0.496 4.545943 1.144187
0.497 4.537363 1.127217
0.498 4.529059 1.112213
0.499 4.520759 1.099697
0.500 4.512471 1.086130
0.501 4.504200 1.073520
0.502 4.495944 1.060964
0.503 4.487702 1.047243
0.504 4.479474 1.035539
0.505 4.471264 1.022248
0.506 4.463075 1.010893
0.507 4.454910 1.001844
0.508 4.446770 0.992451
0.509 4.438645 0.982410
0.510 4.430539 0.972943
0.511 4.422457 0.963623
0.512 4.414689 0.954854
0.513 4.410284 0.946290
0.514 4.406388 0.937769
0.515 4.398590 0.929477
0.516 4.390636 0.921751
0.517 4.382699 0.914108
0.518 4.374781 0.906495
0.519 4.366890 0.899294
0.520 4.361600 0.892431
0.521 4.357574 0.885668
0.522 4.351610 0.878926
0.523 4.343817 0.872222
0.524 4.336248 0.865597
0.525 4.329965 0.859170
0.526 4.328490 0.853268
0.527 4.321149 0.847393
0.528 4.313485 0.841561
0.529 4.309609 0.835791
0.530 4.305399 0.830050
0.531 4.298887 0.824494
0.532 4.292267 0.819170
0.533 4.288042 0.813835
0.534 4.284515 0.808491
0.535 4.278872 0.803549
0.536 4.276156 0.798625
0.537 4.270338 0.793736
0.538 4.262930 0.788890
0.539 4.257843 0.784071
0.540 4.255799 0.779365
0.541 4.249073 0.775141
0.542 4.246993 0.770511
0.543 4.242040 0.766200
0.544 4.238014 0.761807
0.545 4.234281 0.757395
0.546 4.229868 0.753147
0.547 4.225813 0.749145
0.548 4.222311 0.745165
0.549 4.217605 0.741195
0.550 4.214078 0.737237
0.551 4.210264 0.733296
0.552 4.205125 0.729380
0.553 4.203402 0.725492
0.554 4.197242 0.721610
0.555 4.194542 0.717738
0.556 4.190896 0.713884
0.557 4.185071 0.710170
0.558 4.184143 0.706967
0.559 4.183379 0.703248
0.560 4.178970 0.699470
0.561 4.174615 0.695904
0.562 4.172253 0.692607
0.563 4.166750 0.689008
0.564 4.163959 0.685688
0.565 4.160083 0.682514
0.566 4.155748 0.679304
0.567 4.152932 0.675826
0.568 4.152247 0.672538
0.569 4.149074 0.669416
0.570 4.145157 0.666371
0.571 4.141988 0.663309
0.572 4.141332 0.659977
0.573 4.138366 0.656672
0.574 4.134627 0.653509
0.575 4.131161 0.650522
0.576 4.130520 0.647546
0.577 4.127842 0.644585
0.578 4.124223 0.641637
0.579 4.120242 0.638702
0.580 4.117114 0.635770
0.581 4.113253 0.632846
0.582 4.110341 0.629934
0.583 4.109741 0.627038
0.584 4.106829 0.624387
0.585 4.103124 0.621819
0.586 4.099734 0.619225
0.587 4.099146 0.616359
0.588 4.096605 0.613511
0.589 4.093164 0.610674
0.590 4.089200 0.607856
0.591 4.088634 0.605275
0.592 4.088071 0.602763
0.593 4.086970 0.600224
0.594 4.083874 0.597430
0.595 4.080247 0.594857
0.596 4.077644 0.592362
0.597 4.077102 0.589902
0.598 4.073940 0.587162
0.599 4.070564 0.584553
0.600 4.067278 0.582107
0.601 4.066759 0.579649
0.602 4.064370 0.577225
0.603 4.060704 0.574818
0.604 4.057828 0.572341
0.605 4.056473 0.569956
0.606 4.055973 0.567598
0.607 4.055477 0.565114
0.608 4.052287 0.562770
0.609 4.048263 0.560450
0.610 4.046248 0.557938
0.611 4.045281 0.555636
0.612 4.044801 0.553375
0.613 4.044324 0.550844
0.614 4.040597 0.548573
0.615 4.035816 0.546448
0.616 4.034859 0.544396
0.617 4.034138 0.542028
0.618 4.033211 0.539496
0.619 4.027540 0.537471
0.620 4.024605 0.535408
0.621 4.024151 0.533312
0.622 4.023700 0.530857
0.623 4.022663 0.528583
0.624 4.020783 0.526586
0.625 4.016935 0.524597
0.626 4.013717 0.522552
0.627 4.013284 0.520351
0.628 4.012852 0.518099
0.629 4.012168 0.515851
0.630 4.008793 0.513891
0.631 4.005798 0.511935
0.632 4.003206 0.509984
0.633 4.002520 0.508037
0.634 4.002105 0.505983
0.635 4.001693 0.503625
0.636 3.998355 0.501486
0.637 3.993320 0.499476
0.638 3.992523 0.497559
0.639 3.991874 0.495644
0.640 3.991480 0.493731
0.641 3.991089 0.491824
0.642 3.990629 0.489920
0.643 3.988695 0.488029
0.644 3.986080 0.486141
0.645 3.982339 0.484259
0.646 3.980954 0.482380
0.647 3.980577 0.480502
0.648 3.980203 0.478631
0.649 3.978660 0.476765
0.650 3.974637 0.474907
0.651 3.972151 0.473054
0.652 3.970620 0.471205
0.653 3.970146 0.469359
0.654 3.969680 0.467515
0.655 3.968747 0.465677
0.656 3.966198 0.463845
0.657 3.961695 0.462019
0.658 3.960159 0.460198
0.659 3.959818 0.458380
0.660 3.959477 0.456565
0.661 3.959137 0.454752
0.662 3.958800 0.452945
0.663 3.956861 0.451144
0.664 3.952866 0.449348
0.665 3.950660 0.447558
0.666 3.949373 0.445770
0.667 3.948926 0.444019
0.668 3.948517 0.442302
0.669 3.947135 0.440944
0.670 3.945100 0.439475
0.671 3.941309 0.437709
0.672 3.939103 0.435947
0.673 3.938794 0.434188
0.674 3.938484 0.432433
0.675 3.938175 0.430678
0.676 3.937869 0.429237
0.677 3.937564 0.427876
0.678 3.933063 0.426214
0.679 3.928742 0.424531
0.680 3.928448 0.422801
0.681 3.928155 0.421108
0.682 3.927862 0.419547
0.683 3.927571 0.418026
0.684 3.927282 0.416578
0.685 3.925517 0.415009
0.686 3.922041 0.413300
0.687 3.919729 0.411819
0.688 3.918311 0.410514
0.689 3.917642 0.408972
0.690 3.917362 0.407307
0.691 3.916142 0.405717
0.692 3.914590 0.404153
0.693 3.911669 0.402734
0.694 3.908429 0.401348
0.695 3.907779 0.399709
0.696 3.907514 0.398033
0.697 3.907250 0.396706
0.698 3.906986 0.395409
0.699 3.906329 0.393841
0.700 3.905654 0.392261
0.701 3.901716 0.390973
0.702 3.897732 0.389689
0.703 3.897482 0.388253
0.704 3.897233 0.386818
0.705 3.896984 0.385367
0.706 3.896735 0.383917
0.707 3.896489 0.382667
0.708 3.896243 0.381418
0.709 3.892028 0.379883
0.710 3.887734 0.378342
0.711 3.887296 0.377034
0.712 3.887058 0.375739
0.713 3.886821 0.374380
0.714 3.886583 0.373016
0.715 3.886350 0.371560
0.716 3.886117 0.370088
0.717 3.882756 0.368823
0.718 3.878568 0.367612
0.719 3.877209 0.366223
0.720 3.876986 0.364762
0.721 3.876762 0.363521
0.722 3.876539 0.362412
0.723 3.874578 0.361132
0.724 3.871031 0.359695
0.725 3.868618 0.358357
0.726 3.867840 0.357161
0.727 3.867222 0.355896
0.728 3.867010 0.354460
0.729 3.866797 0.353073
0.730 3.866585 0.351982
0.731 3.866373 0.350891
0.732 3.862781 0.349467
0.733 3.859167 0.348041
0.734 3.858057 0.346869
0.735 3.857460 0.345749
0.736 3.857123 0.344658
0.737 3.856924 0.343582
0.738 3.856725 0.342383
0.739 3.856525 0.341041
0.740 3.855361 0.339744
0.741 3.851452 0.338571
0.742 3.847707 0.337403
0.743 3.847517 0.336340
0.744 3.847326 0.335277
0.745 3.847136 0.334217
0.746 3.846947 0.333158
0.747 3.846758 0.331919
0.748 3.846570 0.330544
0.749 3.845238 0.329257
0.750 3.841428 0.328159
0.751 3.837784 0.327064
0.752 3.837606 0.326017
0.753 3.837427 0.324971
0.754 3.837250 0.323927
0.755 3.837074 0.322885
0.756 3.836742 0.321843
0.757 3.836232 0.320804
0.758 3.835286 0.319764
0.759 3.831907 0.318729
0.760 3.828528 0.317693
0.761 3.827801 0.316663
0.762 3.827633 0.315633
0.763 3.827465 0.314435
0.764 3.827298 0.313059
0.765 3.826956 0.311730
0.766 3.825456 0.310706
0.767 3.823956 0.309682
0.768 3.821854 0.308662
0.769 3.819565 0.307643
0.770 3.818079 0.306632
0.771 3.817920 0.305637
0.772 3.817760 0.304641
0.773 3.817603 0.303946
0.774 3.817445 0.303257
0.775 3.815864 0.302387
0.776 3.813185 0.301379
0.777 3.810731 0.300371
0.778 3.809717 0.299367
0.779 3.808703 0.298363
0.780 3.808287 0.297363
0.781 3.808139 0.296363
0.782 3.807991 0.295365
0.783 3.807845 0.294369
0.784 3.807699 0.293373
0.785 3.805056 0.292379
0.786 3.801607 0.291386
0.787 3.799032 0.290441
0.788 3.798889 0.289632
0.789 3.798746 0.288823
0.790 3.798606 0.287993
0.791 3.798467 0.287156
0.792 3.798100 0.286286
0.793 3.796988 0.285304
0.794 3.795876 0.284323
0.795 3.793876 0.283497
0.796 3.791486 0.282739
0.797 3.789411 0.281965
0.798 3.789277 0.281092
0.799 3.789142 0.280219
0.800 3.789010 0.279291
0.801 3.788879 0.278321
0.802 3.788748 0.277351
0.803 3.785945 0.276651
0.804 3.783083 0.275958
0.805 3.781083 0.275179
0.806 3.780530 0.274258
0.807 3.779978 0.273336
0.808 3.779745 0.272544
0.809 3.779619 0.271795
0.810 3.779462 0.271037
0.811 3.779062 0.270210
0.812 3.778662 0.269382
0.813 3.777117 0.268625
0.814 3.774194 0.267952
0.815 3.771271 0.267280
0.816 3.770531 0.266391
0.817 3.770410 0.265442
0.818 3.770289 0.264519
0.819 3.770170 0.263877
0.820 3.770052 0.263234
0.821 3.769034 0.262569
0.822 3.766530 0.261866
0.823 3.764025 0.261164
0.824 3.762668 0.260393
0.825 3.761932 0.259586
0.826 3.761195 0.258778
0.827 3.761021 0.258062
0.828 3.760907 0.257355
0.829 3.760743 0.256663
0.830 3.760270 0.256062
0.831 3.759796 0.255462
0.832 3.758538 0.254837
0.833 3.755854 0.254167
0.834 3.753170 0.253496
0.835 3.751912 0.252846
0.836 3.751806 0.252213
0.837 3.751699 0.251580
0.838 3.751593 0.250841
0.839 3.751487 0.250063
0.840 3.751380 0.249286
0.841 3.748785 0.248760
0.842 3.745889 0.248265
0.843 3.743082 0.247760
0.844 3.742897 0.246981
0.845 3.742712 0.246202
0.846 3.742541 0.245467
0.847 3.742441 0.244975
0.848 3.742342 0.244484
0.849 3.742243 0.243963
0.850 3.742144 0.243357
0.851 3.742044 0.242750
0.852 3.741093 0.242128
0.853 3.738464 0.241476
0.854 3.735834 0.240824
0.855 3.734109 0.240238
0.856 3.733751 0.239753
0.857 3.733392 0.239268
0.858 3.733151 0.238783
0.859 3.733058 0.238299
0.860 3.732966 0.237815
0.861 3.732352 0.237280
0.862 3.731126 0.236684
0.863 3.729899 0.236089
0.864 3.728461 0.235473
0.865 3.726774 0.234833
0.866 3.725086 0.234194
0.867 3.724099 0.233625
0.868 3.724010 0.233147
0.869 3.723922 0.232670
0.870 3.723833 0.232193
0.871 3.723746 0.231717
0.872 3.723658 0.231241
0.873 3.722687 0.230765
0.874 3.719932 0.230291
0.875 3.717178 0.229816
0.876 3.715079 0.229342
0.877 3.714995 0.228870
0.878 3.714911 0.228398
0.879 3.714828 0.227926
0.880 3.714748 0.227455
0.881 3.714667 0.226985
0.882 3.714584 0.226515
0.883 3.714153 0.226046
0.884 3.713722 0.225578
0.885 3.713290 0.225109
0.886 3.711240 0.224642
0.887 3.708918 0.224174
0.888 3.706596 0.223707
0.889 3.705805 0.223285
0.890 3.705728 0.222885
0.891 3.705652 0.222485
0.892 3.705576 0.222146
0.893 3.705502 0.221875
0.894 3.705428 0.221603
0.895 3.705093 0.221281
0.896 3.704025 0.220820
0.897 3.702956 0.220358
0.898 3.701878 0.219897
0.899 3.700274 0.219437
0.900 3.698670 0.218977
0.901 3.697067 0.218517
0.902 3.696615 0.218247
0.903 3.696544 0.218039
0.904 3.696472 0.217831
0.905 3.696402 0.217509
0.906 3.696332 0.217054
0.907 3.696262 0.216598
0.908 3.695926 0.216169
0.909 3.694013 0.215899
0.910 3.692099 0.215630
0.911 3.690186 0.215360
0.912 3.689261 0.214993
0.913 3.688577 0.214601
0.914 3.687893 0.214210
0.915 3.687480 0.213896
0.916 3.687414 0.213679
0.917 3.687347 0.213463
0.918 3.687281 0.213235
0.919 3.687217 0.212795
0.920 3.687153 0.212355
0.921 3.687088 0.211915
0.922 3.686437 0.211456
0.923 3.685449 0.210985
0.924 3.684460 0.210515
0.925 3.683500 0.210052
0.926 3.682658 0.209623
0.927 3.681817 0.209194
0.928 3.680975 0.208765
0.929 3.680411 0.208469
0.930 3.679950 0.208221
0.931 3.679489 0.207973
0.932 3.679040 0.207775
0.933 3.678628 0.207741
0.934 3.678216 0.207706
0.935 3.677804 0.207672
0.936 3.677377 0.207391
0.937 3.676944 0.207013
0.938 3.676511 0.206635
0.939 3.676078 0.206277
0.940 3.675649 0.206017
0.941 3.675220 0.205756
0.942 3.674790 0.205495
0.943 3.674396 0.205125
0.944 3.674026 0.204681
0.945 3.673656 0.204238
0.946 3.673286 0.203795
0.947 3.672926 0.203350
0.948 3.672567 0.202906
0.949 3.672207 0.202462
0.950 3.671843 0.202059
0.951 3.671469 0.201723
0.952 3.671096 0.201387
0.953 3.670722 0.201051
0.954 3.670351 0.200793
0.955 3.669982 0.200566
0.956 3.669612 0.200338
0.957 3.669243 0.200111
0.958 3.668908 0.199889
0.959 3.668573 0.199668
0.960 3.668239 0.199446
0.961 3.667890 0.199129
0.962 3.667511 0.198614
0.963 3.667133 0.198099
0.964 3.666754 0.197583
0.965 3.666414 0.197226
0.966 3.666101 0.196982
0.967 3.665788 0.196738
0.968 3.665475 0.196494
0.969 3.665177 0.196282
0.970 3.664883 0.196077
0.971 3.664588 0.195872
0.972 3.664293 0.195664
0.973 3.663960 0.195245
0.974 3.663627 0.194826
0.975 3.663295 0.194408
0.976 3.662963 0.193989
0.977 3.662636 0.193574
0.978 3.662310 0.193158
0.979 3.661983 0.192743
0.980 3.661658 0.192323
0.981 3.661336 0.191894
0.982 3.661014 0.191465
0.983 3.660692 0.191037
0.984 3.660367 0.190612
0.985 3.660039 0.190192
0.986 3.659710 0.189773
0.987 3.659382 0.189354
0.988 3.659064 0.188956
0.989 3.658757 0.188580
0.990 3.658450 0.188203
0.991 3.658143 0.187827
0.992 3.657847 0.187504
0.993 3.657560 0.187224
0.994 3.657273 0.186944
0.995 3.656985 0.186665
0.996 3.656697 0.186410
0.997 3.656409 0.186176
0.998 3.656120 0.185941
0.999 3.655831 0.185706
1.000 3.655559 0.185379
1.001 3.655300 0.184980
1.002 3.655041 0.184581
1.003 3.654782 0.184182
1.004 3.654515 0.183773
1.005 3.654240 0.183355
1.006 3.653964 0.182937
1.007 3.653689 0.182518
1.008 3.653404 0.182021
1.009 3.653108 0.181416
1.010 3.652811 0.180811
1.011 3.652514 0.180206
1.012 3.652227 0.179636
1.013 3.651960 0.179141
1.014 3.651692 0.178646
1.015 3.651425 0.178152
1.016 3.651155 0.177689
1.017 3.650869 0.177393
1.018 3.650583 0.177097
1.019 3.650298 0.176801
1.020 3.650012 0.176505
1.021 3.649742 0.176276
1.022 3.649473 0.176048
1.023 3.649204 0.175820
1.024 3.648935 0.175592
1.025 3.648675 0.175235
1.026 3.648420 0.174835
1.027 3.648164 0.174436
1.028 3.647908 0.174037
1.029 3.647655 0.173634
1.030 3.647405 0.173228
1.031 3.647156 0.172821
1.032 3.646906 0.172415
1.033 3.646662 0.172016
1.034 3.646439 0.171642
1.035 3.646217 0.171267
1.036 3.645994 0.170893
1.037 3.645771 0.170519
1.038 3.645532 0.170105
1.039 3.645292 0.169687
1.040 3.645051 0.169268
1.041 3.644811 0.168850
1.042 3.644568 0.168500
1.043 3.644322 0.168211
1.044 3.644077 0.167921
1.045 3.643832 0.167632
1.046 3.643587 0.167342
1.047 3.643342 0.167045
1.048 3.643098 0.166748
1.049 3.642853 0.166451
1.050 3.642609 0.166154
1.051 3.642360 0.165826
1.052 3.642109 0.165484
1.053 3.641857 0.165142
1.054 3.641606 0.164800
1.055 3.641362 0.164459
1.056 3.641144 0.164123
1.057 3.640925 0.163786
1.058 3.640707 0.163449
1.059 3.640489 0.163112
1.060 3.640266 0.162750
1.061 3.640042 0.162378
1.062 3.639818 0.162006
1.063 3.639593 0.161634
1.064 3.639368 0.161264
1.065 3.639137 0.160899
1.066 3.638907 0.160534
1.067 3.638676 0.160170
1.068 3.638446 0.159805
1.069 3.638225 0.159535
1.070 3.638010 0.159336
1.071 3.637795 0.159137
1.072 3.637581 0.158938
1.073 3.637366 0.158739
1.074 3.637143 0.158551
1.075 3.636919 0.158363
1.076 3.636694 0.158175
1.077 3.636470 0.157987
1.078 3.636257 0.157806
1.079 3.636071 0.157641
1.080 3.635885 0.157477
1.081 3.635700 0.157312
1.082 3.635514 0.157148
1.083 3.635321 0.156956
1.084 3.635122 0.156743
1.085 3.634924 0.156530
1.086 3.634725 0.156317
1.087 3.634526 0.156105
1.088 3.634342 0.155918
1.089 3.634162 0.155738
1.090 3.633981 0.155557
1.091 3.633801 0.155377
1.092 3.633620 0.155197
1.093 3.633424 0.155016
1.094 3.633228 0.154835
1.095 3.633033 0.154654
1.096 3.632837 0.154473
1.097 3.632643 0.154297
1.098 3.632453 0.154138
1.099 3.632264 0.153978
1.100 3.632075 0.153819
1.101 3.631885 0.153660
1.102 3.631699 0.153527
1.103 3.631519 0.153453
1.104 3.631338 0.153379
1.105 3.631158 0.153305
1.106 3.630978 0.153231
1.107 3.630796 0.153072
1.108 3.630611 0.152779
1.109 3.630427 0.152486
1.110 3.630242 0.152193
1.111 3.630057 0.151900
1.112 3.629872 0.151664
1.113 3.629684 0.151508
1.114 3.629496 0.151352
1.115 3.629309 0.151196
1.116 3.629121 0.151041
1.117 3.628939 0.150913
1.118 3.628764 0.150826
1.119 3.628589 0.150739
1.120 3.628414 0.150653
1.121 3.628240 0.150566
1.122 3.628072 0.150438
1.123 3.627917 0.150233
1.124 3.627761 0.150029
1.125 3.627606 0.149824
1.126 3.627451 0.149619
1.127 3.627290 0.149417
1.128 3.627113 0.149223
1.129 3.626935 0.149029
1.130 3.626757 0.148835
1.131 3.626580 0.148640
1.132 3.626402 0.148451
1.133 3.626223 0.148304
1.134 3.626044 0.148157
1.135 3.625866 0.148010
1.136 3.625687 0.147863
1.137 3.625508 0.147716
1.138 3.625335 0.147434
1.139 3.625162 0.147138
1.140 3.624990 0.146841
1.141 3.624817 0.146545
1.142 3.624645 0.146249
1.143 3.624476 0.146019
1.144 3.624308 0.145825
1.145 3.624141 0.145631
1.146 3.623973 0.145437
1.147 3.623806 0.145243
1.148 3.623640 0.145102
1.149 3.623477 0.145054
1.150 3.623314 0.145007
1.151 3.623151 0.144959
1.152 3.622988 0.144912
1.153 3.622825 0.144863
1.154 3.622670 0.144733
1.155 3.622516 0.144603
1.156 3.622361 0.144473
1.157 3.622207 0.144343
1.158 3.622052 0.144214
1.159 3.621902 0.144033
1.160 3.621753 0.143823
1.161 3.621605 0.143612
1.162 3.621457 0.143402
1.163 3.621309 0.143191
1.164 3.621161 0.142988
1.165 3.621017 0.142819
1.166 3.620873 0.142651
1.167 3.620730 0.142482
1.168 3.620586 0.142313
1.169 3.620442 0.142144
1.170 3.620300 0.141969
1.171 3.620160 0.141791
1.172 3.620020 0.141613
1.173 3.619879 0.141436
1.174 3.619739 0.141258
1.175 3.619600 0.141087
1.176 3.619469 0.140962
1.177 3.619339 0.140837
1.178 3.619208 0.140711
1.179 3.619077 0.140586
1.180 3.618947 0.140460
1.181 3.618819 0.140324
1.182 3.618695 0.140180
1.183 3.618570 0.140035
1.184 3.618446 0.139890
1.185 3.618321 0.139746
1.186 3.618197 0.139601
1.187 3.618076 0.139417
1.188 3.617955 0.139228
1.189 3.617834 0.139038
1.190 3.617713 0.138849
1.191 3.617593 0.138660
1.192 3.617473 0.138451
1.193 3.617356 0.138153
1.194 3.617239 0.137855
1.195 3.617122 0.137557
1.196 3.617005 0.137259
1.197 3.616888 0.136961
1.198 3.616773 0.136714
1.199 3.616663 0.136538
1.200 3.616553 0.136361
1.201 3.616443 0.136185
1.202 3.616333 0.136008
1.203 3.616223 0.135831
1.204 3.616116 0.135678
1.205 3.616012 0.135540
1.206 3.615907 0.135402
1.207 3.615802 0.135264
1.208 3.615697 0.135127
1.209 3.615592 0.134989
1.210 3.615489 0.134779
1.211 3.615388 0.134542
1.212 3.615286 0.134306
1.213 3.615185 0.134069
1.214 3.615083 0.133832
1.215 3.614981 0.133595
1.216 3.614883 0.133293
1.217 3.614784 0.132972
1.218 3.614686 0.132652
1.219 3.614588 0.132332
1.220 3.614490 0.132012
1.221 3.614392 0.131692
1.222 3.614296 0.131419
1.223 3.614202 0.131159
1.224 3.614108 0.130899
1.225 3.614014 0.130638
1.226 3.613919 0.130378
1.227 3.613825 0.130117
1.228 3.613734 0.129969
1.229 3.613643 0.129857
1.230 3.613553 0.129746
1.231 3.613462 0.129635
1.232 3.613372 0.129523
1.233 3.613281 0.129412
1.234 3.613193 0.129267
1.235 3.613106 0.129103
1.236 3.613019 0.128939
1.237 3.612932 0.128776
1.238 3.612845 0.128612
1.239 3.612758 0.128448
1.240 3.612673 0.128274
1.241 3.612590 0.128087
1.242 3.612507 0.127900
1.243 3.612423 0.127714
1.244 3.612340 0.127527
1.245 3.612257 0.127340
1.246 3.612173 0.127117
1.247 3.612088 0.126771
1.248 3.612003 0.126426
1.249 3.611917 0.126080
1.250 3.611832 0.125734
1.251 3.611747 0.125389
1.252 3.611661 0.125043
1.253 3.611578 0.124764
1.254 3.611494 0.124491
1.255 3.611411 0.124217
1.256 3.611327 0.123944
1.257 3.611244 0.123670
1.258 3.611160 0.123396
1.259 3.611079 0.123086
1.260 3.610999 0.122748
1.261 3.610919 0.122411
1.262 3.610840 0.122073
1.263 3.610760 0.121735
1.264 3.610680 0.121398
1.265 3.610601 0.121067
1.266 3.610525 0.120773
1.267 3.610450 0.120480
1.268 3.610374 0.120187
1.269 3.610298 0.119893
1.270 3.610223 0.119600
1.271 3.610147 0.119307
1.272 3.610065 0.118999
1.273 3.609979 0.118684
1.274 3.609892 0.118369
1.275 3.609806 0.118054
1.276 3.609720 0.117739
1.277 3.609634 0.117423
1.278 3.609547 0.117113
1.279 3.609460 0.116854
1.280 3.609372 0.116595
1.281 3.609284 0.116335
1.282 3.609197 0.116076
1.283 3.609109 0.115817
1.284 3.609022 0.115558
1.285 3.608936 0.115308
1.286 3.608853 0.115070
1.287 3.608769 0.114831
1.288 3.608686 0.114593
1.289 3.608603 0.114354
1.290 3.608520 0.114116
1.291 3.608436 0.113878
1.292 3.608357 0.113554
1.293 3.608278 0.113203
1.294 3.608200 0.112853
1.295 3.608121 0.112503
1.296 3.608043 0.112153
1.297 3.607964 0.111803
1.298 3.607886 0.111453
1.299 3.607797 0.111191
1.300 3.607708 0.110930
1.301 3.607619 0.110669
1.302 3.607530 0.110408
1.303 3.607441 0.110147
1.304 3.607352 0.109886
1.305 3.607263 0.109612
1.306 3.607174 0.109265
1.307 3.607085 0.108918
1.308 3.606996 0.108572
1.309 3.606907 0.108225
1.310 3.606818 0.107878
1.311 3.606729 0.107532
1.312 3.606641 0.107217
1.313 3.606558 0.107001
1.314 3.606475 0.106784
1.315 3.606392 0.106567
1.316 3.606309 0.106350
1.317 3.606226 0.106133
1.318 3.606143 0.105916
1.319 3.606061 0.105678
1.320 3.605985 0.105381
1.321 3.605908 0.105085
1.322 3.605831 0.104788
1.323 3.605755 0.104492
1.324 3.605678 0.104195
1.325 3.605601 0.103899
1.326 3.605525 0.103602
1.327 3.605449 0.103301
1.328 3.605373 0.103000
1.329 3.605297 0.102700
1.330 3.605221 0.102399
1.331 3.605145 0.102099
1.332 3.605069 0.101798
1.333 3.604993 0.101502
1.334 3.604923 0.101270
1.335 3.604853 0.101038
1.336 3.604782 0.100806
1.337 3.604712 0.100574
1.338 3.604642 0.100342
1.339 3.604572 0.100110
1.340 3.604502 0.099878
1.341 3.604439 0.099566
1.342 3.604377 0.099242
1.343 3.604316 0.098918
1.344 3.604255 0.098594
1.345 3.604193 0.098270
1.346 3.604132 0.097946
1.347 3.604070 0.097622
1.348 3.604015 0.097332
1.349 3.603964 0.097067
1.350 3.603913 0.096803
1.351 3.603862 0.096538
1.352 3.603811 0.096274
1.353 3.603760 0.096009
1.354 3.603709 0.095745
1.355 3.603662 0.095447
1.356 3.603631 0.095013
1.357 3.603600 0.094579
1.358 3.603569 0.094145
1.359 3.603538 0.093711
1.360 3.603506 0.093277
1.361 3.603475 0.092843
1.362 3.603444 0.092409
1.363 3.603426 0.092022
1.364 3.603411 0.091651
1.365 3.603397 0.091279
1.366 3.603382 0.090908
1.367 3.603368 0.090537
1.368 3.603354 0.090165
1.369 3.603339 0.089794
1.370 3.603329 0.089438
1.371 3.603332 0.089140
1.372 3.603335 0.088842
1.373 3.603338 0.088544
1.374 3.603341 0.088247
1.375 3.603345 0.087949
1.376 3.603348 0.087651
1.377 3.603351 0.087353
1.378 3.603367 0.087047
1.379 3.603392 0.086735
1.380 3.603418 0.086423
1.381 3.603443 0.086111
1.382 3.603468 0.085799
1.383 3.603493 0.085487
1.384 3.603518 0.085175
1.385 3.603544 0.084863
1.386 3.603628 0.084493
1.387 3.603721 0.084116
1.388 3.603813 0.083739
1.389 3.603905 0.083361
1.390 3.603997 0.082984
1.391 3.604089 0.082607
1.392 3.604181 0.082229
1.393 3.604278 0.081847
1.394 3.604421 0.081420
1.395 3.604564 0.080993
1.396 3.604707 0.080566
1.397 3.604850 0.080140
1.398 3.604993 0.079713
1.399 3.605136 0.079286
1.400 3.605279 0.078859
1.401 3.605434 0.078429
1.402 3.605631 0.077988
1.403 3.605828 0.077546
1.404 3.606026 0.077105
1.405 3.606223 0.076664
1.406 3.606420 0.076222
1.407 3.606618 0.075781
1.408 3.606815 0.075340
1.409 3.607031 0.074894
1.410 3.607303 0.074437
1.411 3.607574 0.073980
1.412 3.607845 0.073522
1.413 3.608116 0.073065
1.414 3.608387 0.072607
1.415 3.608659 0.072150
1.416 3.608930 0.071693
1.417 3.609222 0.071208
1.418 3.609600 0.070615
1.419 3.609979 0.070021
1.420 3.610357 0.069428
1.421 3.610735 0.068835
1.422 3.611114 0.068241
1.423 3.611492 0.067648
1.424 3.611870 0.067054
1.425 3.612253 0.066453
1.426 3.612732 0.065683
1.427 3.613211 0.064913
1.428 3.613691 0.064143
1.429 3.614170 0.063372
1.430 3.614649 0.062602
1.431 3.615128 0.061832
1.432 3.615607 0.061062
1.433 3.616086 0.060292
1.434 3.616615 0.059572
1.435 3.617155 0.058864
1.436 3.617695 0.058156
1.437 3.618236 0.057449
1.438 3.618776 0.056741
1.439 3.619317 0.056033
1.440 3.619857 0.055325
1.441 3.620397 0.054618
1.442 3.620924 0.053867
1.443 3.621435 0.053064
1.444 3.621945 0.052262
1.445 3.622456 0.051460
1.446 3.622967 0.050658
1.447 3.623477 0.049855
1.448 3.623988 0.049053
1.449 3.624498 0.048251
1.450 3.625000 0.047445
1.451 3.625028 0.046458
1.452 3.625055 0.045471
1.453 3.625083 0.044483
1.454 3.625110 0.043496
1.455 3.625138 0.042509
1.456 3.625165 0.041521
1.457 3.625193 0.040534
1.458 3.625220 0.039547
1.459 3.625247 0.038559
1.460 3.625275 0.037572
1.461 3.625066 0.036504
1.462 3.624816 0.035421
1.463 3.624566 0.034338
1.464 3.624316 0.033256
1.465 3.624067 0.032173
1.466 3.623817 0.031090
1.467 3.623567 0.030008
1.468 3.623317 0.028925
1.469 3.623067 0.027842
1.470 3.622817 0.026760
1.471 3.622385 0.025848
1.472 3.621800 0.025080
1.473 3.621214 0.024313
1.474 3.620628 0.023546
1.475 3.620042 0.022778
1.476 3.619456 0.022011
1.477 3.618870 0.021244
1.478 3.618285 0.020476
1.479 3.617699 0.019709
1.480 3.617113 0.018942
1.481 3.616504 0.018182
1.482 3.615647 0.017511
1.483 3.614789 0.016839
1.484 3.613932 0.016168
1.485 3.613074 0.015497
1.486 3.612216 0.014825
1.487 3.611359 0.014154
1.488 3.610501 0.013483
1.489 3.609643 0.012811
1.490 3.608786 0.012140
1.491 3.607928 0.011469
1.492 3.607030 0.010912
1.493 3.606087 0.010481
1.494 3.605145 0.010050
1.495 3.604203 0.009620
1.496 3.603260 0.009189
1.497 3.602318 0.008758
1.498 3.601375 0.008327
1.499 3.600433 0.007897
1.500 3.599490 0.007466
1.501 3.598548 0.007035
1.502 3.597605 0.006604
1.503 3.596628 0.006323
1.504 3.595638 0.006101
1.505 3.594647 0.005879
1.506 3.593656 0.005657
1.507 3.592666 0.005434
1.508 3.591675 0.005212
1.509 3.590685 0.004990
1.510 3.589694 0.004768
1.511 3.588703 0.004546
1.512 3.587713 0.004324
1.513 3.586722 0.004102
1.514 3.585789 0.003935
1.515 3.584870 0.003781
1.516 3.583951 0.003627
1.517 3.583031 0.003473
1.518 3.582112 0.003320
1.519 3.581193 0.003166
1.520 3.580274 0.003012
1.521 3.579355 0.002859
1.522 3.578436 0.002705
1.523 3.577517 0.002551
1.524 3.576598 0.002397
1.525 3.575746 0.002324
1.526 3.574919 0.002282
1.527 3.574093 0.002240
1.528 3.573266 0.002198
1.529 3.572439 0.002155
1.530 3.571613 0.002113
1.531 3.570786 0.002071
1.532 3.569959 0.002029
1.533 3.569133 0.001986
1.534 3.568306 0.001944
1.535 3.567479 0.001902
1.536 3.566710 0.001851
1.537 3.566002 0.001792
1.538 3.565295 0.001732
1.539 3.564587 0.001672
1.540 3.563879 0.001612
1.541 3.563172 0.001553
1.542 3.562464 0.001493
1.543 3.561756 0.001433
1.544 3.561049 0.001374
1.545 3.560341 0.001314
1.546 3.559633 0.001254
1.547 3.558932 0.001197
1.548 3.558312 0.001177
1.549 3.557692 0.001157
1.550 3.557072 0.001137
1.551 3.556452 0.001117
1.552 3.555832 0.001097
1.553 3.555212 0.001077
1.554 3.554592 0.001057
1.555 3.553972 0.001037
1.556 3.553352 0.001017
1.557 3.552732 0.000997
1.558 3.552112 0.000977
1.559 3.551532 0.000965
1.560 3.550993 0.000961
1.561 3.550454 0.000957
1.562 3.549915 0.000952
1.563 3.549376 0.000948
1.564 3.548837 0.000944
1.565 3.548298 0.000940
1.566 3.547759 0.000935
1.567 3.547220 0.000931
1.568 3.546681 0.000927
1.569 3.546143 0.000923
1.570 3.545604 0.000918
1.571 3.545104 0.000901
1.572 3.544618 0.000879
1.573 3.544131 0.000856
1.574 3.543645 0.000834
1.575 3.543159 0.000812
1.576 3.542673 0.000790
1.577 3.542187 0.000768
1.578 3.541700 0.000745
1.579 3.541214 0.000723
1.580 3.540728 0.000701
1.581 3.540242 0.000679
1.582 3.539755 0.000656
1.583 3.539298 0.000639
1.584 3.538848 0.000624
1.585 3.538398 0.000608
1.586 3.537947 0.000592
1.587 3.537497 0.000576
1.588 3.537047 0.000561
1.589 3.536597 0.000545
1.590 3.536146 0.000529
1.591 3.535696 0.000513
1.592 3.535246 0.000497
1.593 3.534795 0.000482
1.594 3.534345 0.000466
1.595 3.533901 0.000450
1.596 3.533461 0.000435
1.597 3.533020 0.000419
1.598 3.532579 0.000404
1.599 3.532138 0.000388
1.600 3.531698 0.000373
1.601 3.531257 0.000357
1.602 3.530816 0.000342
1.603 3.530375 0.000326
1.604 3.529935 0.000311
1.605 3.529494 0.000295
1.606 3.529053 0.000280
1.607 3.528617 0.000264
1.608 3.528188 0.000249
1.609 3.527759 0.000234
1.610 3.527330 0.000218
1.611 3.526900 0.000203
1.612 3.526471 0.000188
1.613 3.526042 0.000173
1.614 3.525613 0.000157
1.615 3.525184 0.000142
1.616 3.524755 0.000127
1.617 3.524325 0.000111
1.618 3.523896 0.000096
1.619 3.523467 0.000081
1.620 3.523046 0.000074
1.621 3.522627 0.000068
1.622 3.522207 0.000061
1.623 3.521787 0.000055
1.624 3.521367 0.000049
1.625 3.520948 0.000043
1.626 3.520528 0.000036
1.627 3.520108 0.000030
1.628 3.519688 0.000024
1.629 3.519269 0.000017
1.630 3.518849 0.000011
1.631 3.518429 0.000005
1.632 3.518012 0.000000
1.633 3.517602 0.000000
1.634 3.517192 0.000000
1.635 3.516782 0.000000
1.636 3.516372 0.000000
1.637 3.515963 0.000000
1.638 3.515553 0.000000
1.639 3.515143 0.000000
1.640 3.514733 0.000000
1.641 3.514323 0.000000
1.642 3.513914 0.000000
1.643 3.513504 0.000000
1.644 3.513094 0.000000
1.645 3.512687 0.000000
1.646 3.512286 0.000000
1.647 3.511885 0.000000
1.648 3.511484 0.000000
1.649 3.511082 0.000000
1.650 3.510681 0.000000
1.651 3.510280 0.000000
1.652 3.509879 0.000000
1.653 3.509478 0.000000
1.654 3.509077 0.000000
1.655 3.508675 0.000000
1.656 3.508274 0.000000
1.657 3.507873 0.000000
1.658 3.507474 0.000000
1.659 3.507081 0.000000
1.660 3.506688 0.000000
1.661 3.506295 0.000000
1.662 3.505902 0.000000
1.663 3.505508 0.000000
1.664 3.505115 0.000000
1.665 3.504722 0.000000
1.666 3.504329 0.000000
1.667 3.503936 0.000000
1.668 3.503543 0.000000
1.669 3.503150 0.000000
1.670 3.502757 0.000000
1.671 3.502364 0.000000
1.672 3.501979 0.000000
1.673 3.501595 0.000000
1.674 3.501211 0.000000
1.675 3.500826 0.000000
1.676 3.500442 0.000000
1.677 3.500058 0.000000
1.678 3.499674 0.000000
1.679 3.499290 0.000000
1.680 3.498905 0.000000
1.681 3.498521 0.000000
1.682 3.498137 0.000000
1.683 3.497753 0.000000
1.684 3.497369 0.000000
1.685 3.496988 0.000000
1.686 3.496611 0.000000
1.687 3.496234 0.000000
1.688 3.495857 0.000000
1.689 3.495481 0.000000
1.690 3.495104 0.000000
1.691 3.494727 0.000000
1.692 3.494350 0.000000
1.693 3.493973 0.000000
1.694 3.493597 0.000000
1.695 3.493220 0.000000
1.696 3.492843 0.000000
1.697 3.492466 0.000000
1.698 3.492090 0.000000
1.699 3.491718 0.000000
1.700 3.491350 0.000000
1.701 3.490982 0.000000
1.702 3.490613 0.000000
1.703 3.490245 0.000000
1.704 3.489877 0.000000
1.705 3.489508 0.000000
1.706 3.489140 0.000000
1.707 3.488772 0.000000
1.708 3.488403 0.000000
1.709 3.488035 0.000000
1.710 3.487666 0.000000
1.711 3.487298 0.000000
1.712 3.486930 0.000000
1.713 3.486566 0.000000
1.714 3.486204 0.000000
1.715 3.485842 0.000000
1.716 3.485480 0.000000
1.717 3.485118 0.000000
1.718 3.484757 0.000000
1.719 3.484395 0.000000
1.720 3.484033 0.000000
1.721 3.483671 0.000000
1.722 3.483309 0.000000
1.723 3.482947 0.000000
1.724 3.482585 0.000000
1.725 3.482224 0.000000
1.726 3.481862 0.000000
1.727 3.481505 0.000000
1.728 3.481152 0.000000
1.729 3.480799 0.000000
1.730 3.480447 0.000000
1.731 3.480094 0.000000
1.732 3.479742 0.000000
1.733 3.479389 0.000000
1.734 3.479036 0.000000
1.735 3.478684 0.000000
1.736 3.478331 0.000000
1.737 3.477979 0.000000
1.738 3.477626 0.000000
1.739 3.477273 0.000000
1.740 3.476921 0.000000
1.741 3.476569 0.000000
1.742 3.476222 0.000000
1.743 3.475876 0.000000
1.744 3.475530 0.000000
1.745 3.475183 0.000000
1.746 3.474837 0.000000
1.747 3.474491 0.000000
1.748 3.474144 0.000000
1.749 3.473798 0.000000
1.750 3.473452 0.000000
1.751 3.473105 0.000000
1.752 3.472759 0.000000
1.753 3.472413 0.000000
1.754 3.472066 0.000000
1.755 3.471720 0.000000
1.756 3.471377 0.000000
1.757 3.471038 0.000000
1.758 3.470700 0.000000
1.759 3.470361 0.000000
1.760 3.470023 0.000000
1.761 3.469684 0.000000
1.762 3.469346 0.000000
1.763 3.469007 0.000000
1.764 3.468669 0.000000
1.765 3.468330 0.000000
1.766 3.467992 0.000000
1.767 3.467653 0.000000
1.768 3.467315 0.000000
1.769 3.466976 0.000000
1.770 3.466637 0.000000
1.771 3.466302 0.000000
1.772 3.465968 0.000000
1.773 3.465635 0.000000
1.774 3.465302 0.000000
1.775 3.464969 0.000000
1.776 3.464636 0.000000
1.777 3.464303 0.000000
1.778 3.463970 0.000000
1.779 3.463637 0.000000
1.780 3.463304 0.000000
1.781 3.462970 0.000000
1.782 3.462637 0.000000
1.783 3.462304 0.000000
1.784 3.461971 0.000000
1.785 3.461638 0.000000
1.786 3.461307 0.000000
1.787 3.460982 0.000000
1.788 3.460657 0.000000
1.789 3.460331 0.000000
1.790 3.460006 0.000000
1.791 3.459681 0.000000
1.792 3.459356 0.000000
1.793 3.459031 0.000000
1.794 3.458705 0.000000
1.795 3.458380 0.000000
1.796 3.458055 0.000000
1.797 3.457730 0.000000
1.798 3.457404 0.000000
1.799 3.457079 0.000000
1.800 3.456754 0.000000
1.801 3.456429 0.000000
1.802 3.456108 0.000000
1.803 3.455788 0.000000
1.804 3.455468 0.000000
1.805 3.455148 0.000000
1.806 3.454828 0.000000
1.807 3.454508 0.000000
1.808 3.454188 0.000000
1.809 3.453867 0.000000
1.810 3.453547 0.000000
1.811 3.453227 0.000000
1.812 3.452907 0.000000
1.813 3.452587 0.000000
1.814 3.452267 0.000000
1.815 3.451947 0.000000
1.816 3.451627 0.000000
1.817 3.451308 0.000000
1.818 3.450996 0.000000
1.819 3.450683 0.000000
1.820 3.450371 0.000000
1.821 3.450058 0.000000
1.822 3.449746 0.000000
1.823 3.449434 0.000000
1.824 3.449121 0.000000
1.825 3.448809 0.000000
1.826 3.448496 0.000000
1.827 3.448184 0.000000
1.828 3.447872 0.000000
1.829 3.447559 0.000000
1.830 3.447247 0.000000
1.831 3.446934 0.000000
1.832 3.446622 0.000000
1.833 3.446310 0.000000
1.834 3.446003 0.000000
1.835 3.445696 0.000000
1.836 3.445389 0.000000
1.837 3.445082 0.000000
1.838 3.444775 0.000000
1.839 3.444467 0.000000
1.840 3.444160 0.000000
1.841 3.443853 0.000000
1.842 3.443546 0.000000
1.843 3.443239 0.000000
1.844 3.442932 0.000000
1.845 3.442625 0.000000
1.846 3.442318 0.000000
1.847 3.442010 0.000000
1.848 3.441703 0.000000
1.849 3.441396 0.000000
1.850 3.441096 0.000000
1.851 3.440797 0.000000
1.852 3.440498 0.000000
1.853 3.440199 0.000000
1.854 3.439899 0.000000
1.855 3.439600 0.000000
1.856 3.439301 0.000000
1.857 3.439002 0.000000
1.858 3.438703 0.000000
1.859 3.438404 0.000000
1.860 3.438105 0.000000
1.861 3.437805 0.000000
1.862 3.437506 0.000000
1.863 3.437207 0.000000
1.864 3.436908 0.000000
1.865 3.436609 0.000000
1.866 3.436311 0.000000
1.867 3.436017 0.000000
1.868 3.435723 0.000000
1.869 3.435429 0.000000
1.870 3.435135 0.000000
1.871 3.434841 0.000000
1.872 3.434547 0.000000
1.873 3.434253 0.000000
1.874 3.433959 0.000000
1.875 3.433665 0.000000
1.876 3.433372 0.000000
1.877 3.433078 0.000000
1.878 3.432784 0.000000
1.879 3.432490 0.000000
1.880 3.432196 0.000000
1.881 3.431902 0.000000
1.882 3.431608 0.000000
1.883 3.431316 0.000000
1.884 3.431029 0.000000
1.885 3.430741 0.000000
1.886 3.430453 0.000000
1.887 3.430165 0.000000
1.888 3.429878 0.000000
1.889 3.429590 0.000000
1.890 3.429302 0.000000
1.891 3.429015 0.000000
1.892 3.428727 0.000000
1.893 3.428439 0.000000
1.894 3.428151 0.000000
1.895 3.427864 0.000000
1.896 3.427576 0.000000
1.897 3.427288 0.000000
1.898 3.427001 0.000000
1.899 3.426713 0.000000
1.900 3.426427 0.000000
1.901 3.426144 0.000000
1.902 3.425862 0.000000
1.903 3.425579 0.000000
1.904 3.425297 0.000000
1.905 3.425014 0.000000
1.906 3.424732 0.000000
1.907 3.424449 0.000000
1.908 3.424167 0.000000
1.909 3.423884 0.000000
1.910 3.423602 0.000000
1.911 3.423319 0.000000
1.912 3.423037 0.000000
1.913 3.422754 0.000000
1.914 3.422472 0.000000
1.915 3.422189 0.000000
1.916 3.421907 0.000000
1.917 3.421624 0.000000
1.918 3.421347 0.000000
1.919 3.421071 0.000000
1.920 3.420795 0.000000
1.921 3.420519 0.000000
1.922 3.420243 0.000000
1.923 3.419968 0.000000
1.924 3.419692 0.000000
1.925 3.419416 0.000000
1.926 3.419140 0.000000
1.927 3.418864 0.000000
1.928 3.418588 0.000000
1.929 3.418312 0.000000
1.930 3.418036 0.000000
1.931 3.417761 0.000000
1.932 3.417485 0.000000
1.933 3.417209 0.000000
1.934 3.416933 0.000000
1.935 3.416657 0.000000
1.936 3.416386 0.000000
1.937 3.416116 0.000000
1.938 3.415845 0.000000
1.939 3.415574 0.000000
1.940 3.415304 0.000000
1.941 3.415033 0.000000
1.942 3.414763 0.000000
1.943 3.414492 0.000000
1.944 3.414222 0.000000
1.945 3.413951 0.000000
1.946 3.413680 0.000000
1.947 3.413410 0.000000
1.948 3.413139 0.000000
1.949 3.412869 0.000000
1.950 3.412598 0.000000