0.251 2.403330 3.503090
0.252 2.480820 3.502023
0.253 2.555737 3.499453
0.254 2.627795 3.495987
0.255 2.700516 3.493478
0.256 2.775583 3.491818
0.257 2.855330 3.489587
0.258 2.942012 3.484311
0.259 3.034377 3.472691
0.260 3.132718 3.451407
0.261 3.233856 3.417768
0.262 3.335377 3.371202
0.263 3.432246 3.310414
0.264 3.522538 3.237055
0.265 3.601935 3.152234
0.266 3.668509 3.059216
0.267 3.720270 2.961231
0.268 3.757595 2.861922
0.269 3.782306 2.764609
0.270 3.795570 2.670473
0.271 3.799393 2.581026
0.272 3.795605 2.498261
0.273 3.785011 2.421673
0.274 3.769485 2.352483
0.275 3.751053 2.290367
0.276 3.730447 2.233285
0.277 3.708825 2.181668
0.278 3.686013 2.134664
0.279 3.663178 2.092055
0.280 3.640184 2.054070
0.281 3.617366 2.019116
0.282 3.595079 1.987261
0.283 3.572639 1.957916
0.284 3.550875 1.931210
0.285 3.529950 1.907631
0.286 3.509077 1.885370
0.287 3.488792 1.865442
0.288 3.469225 1.847122
0.289 3.450575 1.830759
0.290 3.431984 1.816307
0.291 3.414597 1.803078
0.292 3.397501 1.790385
0.293 3.381099 1.779489
0.294 3.366040 1.770219
0.295 3.351051 1.761409
0.296 3.336742 1.753924
0.297 3.323451 1.747263
0.298 3.310622 1.741311
0.299 3.298348 1.735896
0.300 3.286722 1.731063
0.301 3.275849 1.727562
0.302 3.265431 1.723936
0.303 3.256087 1.721019
0.304 3.246931 1.718865
0.305 3.238376 1.716957
0.306 3.230031 1.715362
0.307 3.222912 1.714207
0.308 3.215701 1.713199
0.309 3.208701 1.712965
0.310 3.202855 1.712503
0.311 3.196857 1.712834
0.312 3.191704 1.712718
0.313 3.186335 1.713518
0.314 3.182017 1.714507
0.315 3.177877 1.715551
0.316 3.173385 1.716097
0.317 3.169905 1.717543
0.318 3.166657 1.719137
0.319 3.163696 1.720905
0.320 3.160961 1.722804
0.321 3.158418 1.724826
0.322 3.156200 1.727077
0.323 3.154133 1.729669
0.324 3.152263 1.732660
0.325 3.150673 1.735341
0.326 3.149213 1.738122
0.327 3.148812 1.741177
0.328 3.147856 1.744996
0.329 3.147107 1.748384
0.330 3.147270 1.751879
0.331 3.146900 1.755527
0.332 3.147197 1.760125
0.333 3.147615 1.764080
0.334 3.148639 1.768471
0.335 3.149390 1.773244
0.336 3.150674 1.777685
0.337 3.152373 1.783027
0.338 3.153628 1.787848
0.339 3.155820 1.793365
0.340 3.158292 1.798634
0.341 3.160591 1.804260
0.342 3.163516 1.810054
0.343 3.166609 1.815840
0.344 3.170063 1.822077
0.345 3.173716 1.828572
0.346 3.178240 1.834713
0.347 3.182470 1.841510
0.348 3.186941 1.848256
0.349 3.192452 1.855295
0.350 3.197457 1.862153
0.351 3.203549 1.869551
0.352 3.209145 1.877065
0.353 3.215842 1.884629
0.354 3.222892 1.892319
0.355 3.230895 1.900135
0.356 3.238501 1.908071
0.357 3.247123 1.916072
0.358 3.256309 1.924205
0.359 3.265491 1.932423
0.360 3.275789 1.940247
0.361 3.286329 1.948122
0.362 3.297753 1.955539
0.363 3.309313 1.962726
0.364 3.320766 1.969887
0.365 3.332014 1.976637
0.366 3.343792 1.984240
0.367 3.355350 1.991613
0.368 3.366510 1.999332
0.369 3.378062 2.007990
0.370 3.390671 2.017121
0.371 3.403611 2.027780
0.372 3.417442 2.038958
0.373 3.432641 2.051258
0.374 3.449513 2.064047
0.375 3.468528 2.077499
0.376 3.490282 2.090986
0.377 3.512969 2.104633
0.378 3.539761 2.116397
0.379 3.568446 2.127760
0.380 3.599035 2.137488
0.381 3.632123 2.145221
0.382 3.666275 2.151166
0.383 3.702006 2.153250
0.384 3.737767 2.154174
0.385 3.773513 2.151459
0.386 3.809102 2.147451
0.387 3.844197 2.141603
0.388 3.878928 2.134379
0.389 3.913457 2.125976
0.390 3.947868 2.116588
0.391 3.982258 2.106155
0.392 4.016883 2.094140
0.393 4.052265 2.081101
0.394 4.088402 2.066184
0.395 4.124970 2.049618
0.396 4.161865 2.030563
0.397 4.198898 2.008576
0.398 4.235699 1.983636
0.399 4.271503 1.955579
0.400 4.306267 1.923977
0.401 4.339250 1.889991
0.402 4.369416 1.852813
0.403 4.396688 1.812918
0.404 4.421642 1.771756
0.405 4.441892 1.728351
0.406 4.459403 1.684553
0.407 4.472679 1.640245
0.408 4.482361 1.595830
0.409 4.490066 1.552001
0.410 4.492218 1.510002
0.411 4.493951 1.467824
0.412 4.491171 1.429211
0.413 4.487021 1.391538
0.414 4.481750 1.354807
0.415 4.474484 1.320916
0.416 4.466736 1.288502
0.417 4.458008 1.257494
0.418 4.448282 1.228886
0.419 4.438286 1.201432
0.420 4.427909 1.175497
0.421 4.416597 1.151157
0.422 4.405848 1.127267
0.423 4.395072 1.105150
0.424 4.384232 1.084472
0.425 4.373415 1.064138
0.426 4.362616 1.044513
0.427 4.351824 1.026474
0.428 4.341071 1.008384
0.429 4.330411 0.991552
0.430 4.319846 0.975680
0.431 4.309323 0.959928
0.432 4.298905 0.944890
0.433 4.288795 0.930756
0.434 4.279050 0.916763
0.435 4.268993 0.903379
0.436 4.259040 0.890776
0.437 4.249135 0.878283
0.438 4.239402 0.866311
0.439 4.230373 0.855026
0.440 4.221050 0.843838
0.441 4.211661 0.832994
0.442 4.202710 0.822780
0.443 4.194125 0.812729
0.444 4.185123 0.802935
0.445 4.176867 0.793646
0.446 4.168393 0.784499
0.447 4.159929 0.775584
0.448 4.152001 0.767063
0.449 4.144019 0.758757
0.450 4.136372 0.750563
0.451 4.128350 0.742726
0.452 4.120841 0.735119
0.453 4.113350 0.727572
0.454 4.106234 0.720296
0.455 4.099016 0.713313
0.456 4.092033 0.706330
0.457 4.085062 0.699544
0.458 4.078335 0.693022
0.459 4.071553 0.686576
0.460 4.065045 0.680200
0.461 4.058422 0.674036
0.462 4.052157 0.668031
0.463 4.045815 0.662044
0.464 4.039501 0.656189
0.465 4.033577 0.650585
0.466 4.027932 0.644977
0.467 4.021688 0.639411
0.468 4.015987 0.634104
0.469 4.010081 0.628842
0.470 4.004347 0.623654
0.471 3.998647 0.618542
0.472 3.993385 0.613562
0.473 3.987913 0.608652
0.474 3.982438 0.603779
0.475 3.977441 0.599032
0.476 3.972133 0.594372
0.477 3.966910 0.589769
0.478 3.961988 0.585229
0.479 3.956849 0.580810
0.480 3.951744 0.576460
0.481 3.946658 0.572121
0.482 3.941825 0.567880
0.483 3.937101 0.563759
0.484 3.932161 0.559691
0.485 3.927530 0.555623
0.486 3.922879 0.551642
0.487 3.918094 0.547756
0.488 3.913692 0.543913
0.489 3.909396 0.540120
0.490 3.904857 0.536379
0.491 3.900268 0.532754
0.492 3.896099 0.529136
0.493 3.891593 0.525512
0.494 3.887183 0.522045
0.495 3.883181 0.518628
0.496 3.878758 0.515217
0.497 3.874499 0.511836
0.498 3.870639 0.508580
0.499 3.866796 0.505348
0.500 3.862440 0.502143
0.501 3.858440 0.498943
0.502 3.854718 0.495884
0.503 3.851029 0.492825
0.504 3.846681 0.489817
0.505 3.842922 0.486851
0.506 3.839323 0.483911
0.507 3.835150 0.481079
0.508 3.831505 0.478249
0.509 3.827997 0.475401
0.510 3.824407 0.472662
0.511 3.820588 0.469991
0.512 3.817023 0.467309
0.513 3.813657 0.464628
0.514 3.810121 0.462025
0.515 3.806483 0.459500
0.516 3.803034 0.456994
0.517 3.799785 0.454479
0.518 3.796441 0.451973
0.519 3.792749 0.449568
0.520 3.789604 0.447198
0.521 3.786514 0.444829
0.522 3.783448 0.442489
0.523 3.780251 0.440214
0.524 3.776863 0.437974
0.525 3.773712 0.435744
0.526 3.770750 0.433529
0.527 3.767618 0.431353
0.528 3.764309 0.429224
0.529 3.761300 0.427122
0.530 3.758431 0.425017
0.531 3.755521 0.422940
0.532 3.752247 0.420917
0.533 3.749367 0.418920
0.534 3.746659 0.416930
0.535 3.743961 0.414950
0.536 3.741157 0.413001
0.537 3.738049 0.411098
0.538 3.735308 0.409217
0.539 3.732694 0.407341
0.540 3.730000 0.405526
0.541 3.727116 0.403727
0.542 3.724318 0.401936
0.543 3.721840 0.400160
0.544 3.719362 0.398383
0.545 3.716916 0.396685
0.546 3.714009 0.394986
0.547 3.711389 0.393295
0.548 3.709032 0.391617
0.549 3.706680 0.389960
0.550 3.704350 0.388337
0.551 3.701631 0.386723
0.552 3.699119 0.385164
0.553 3.696775 0.383600
0.554 3.694475 0.382018
0.555 3.692061 0.380464
0.556 3.689462 0.378973
0.557 3.687209 0.377464
0.558 3.685065 0.375976
0.559 3.682915 0.374510
0.560 3.680742 0.373027
0.561 3.678153 0.371621
0.562 3.675957 0.370212
0.563 3.673925 0.368800
0.564 3.671898 0.367393
0.565 3.669892 0.366029
0.566 3.667417 0.364658
0.567 3.665206 0.363314
0.568 3.663261 0.361989
0.569 3.661317 0.360657
0.570 3.659404 0.359327
0.571 3.657155 0.358041
0.572 3.654911 0.356772
0.573 3.653073 0.355486
0.574 3.651237 0.354251
0.575 3.649093 0.352996
0.576 3.646940 0.351751
0.577 3.645085 0.350548
0.578 3.643327 0.349321
0.579 3.641572 0.348125
0.580 3.639688 0.346939
0.581 3.637464 0.345729
0.582 3.635690 0.344584
0.583 3.634001 0.343454
0.584 3.632347 0.342324
0.585 3.630692 0.341160
0.586 3.628628 0.340029
0.587 3.626684 0.338923
0.588 3.625095 0.337841
0.589 3.623517 0.336766
0.590 3.621940 0.335663
0.591 3.620267 0.334552
0.592 3.618185 0.333486
0.593 3.616557 0.332442
0.594 3.615068 0.331407
0.595 3.613588 0.330376
0.596 3.612063 0.329345
0.597 3.610338 0.328322
0.598 3.608426 0.327308
0.599 3.607007 0.326315
0.600 3.605595 0.325295
0.601 3.604161 0.324264
0.602 3.602554 0.323278
0.603 3.600884 0.322300
0.604 3.599253 0.321331
0.605 3.597906 0.320379
0.606 3.596566 0.319462
0.607 3.595141 0.318549
0.608 3.593423 0.317598
0.609 3.591916 0.316657
0.610 3.590525 0.315724
0.611 3.589265 0.314804
0.612 3.588015 0.313887
0.613 3.586660 0.312972
0.614 3.584913 0.312056
0.615 3.583529 0.311168
0.616 3.582313 0.310294
0.617 3.581123 0.309429
0.618 3.579846 0.308552
0.619 3.578502 0.307672
0.620 3.576979 0.306822
0.621 3.575649 0.305969
0.622 3.574493 0.305113
0.623 3.573367 0.304255
0.624 3.572081 0.303415
0.625 3.570546 0.302604
0.626 3.569300 0.301763
0.627 3.568141 0.300925
0.628 3.567050 0.300114
0.629 3.565950 0.299304
0.630 3.564832 0.298494
0.631 3.563347 0.297711
0.632 3.562045 0.296909
0.633 3.560991 0.296082
0.634 3.559958 0.295302
0.635 3.558869 0.294533
0.636 3.557499 0.293765
0.637 3.556282 0.292990
0.638 3.555193 0.292208
0.639 3.554190 0.291440
0.640 3.553190 0.290680
0.641 3.552166 0.289939
0.642 3.550955 0.289198
0.643 3.549614 0.288457
0.644 3.548647 0.287722
0.645 3.547714 0.286983
0.646 3.546781 0.286226
0.647 3.545619 0.285498
0.648 3.544273 0.284794
0.649 3.543314 0.284058
0.650 3.542420 0.283325
0.651 3.541544 0.282632
0.652 3.540668 0.281931
0.653 3.539791 0.281219
0.654 3.538646 0.280508
0.655 3.537396 0.279796
0.656 3.536523 0.279119
0.657 3.535666 0.278442
0.658 3.534845 0.277766
0.659 3.533936 0.277082
0.660 3.532936 0.276389
0.661 3.531893 0.275696
0.662 3.530836 0.275004
0.663 3.530039 0.274344
0.664 3.529250 0.273686
0.665 3.528465 0.273029
0.666 3.527508 0.272373
0.667 3.526300 0.271716
0.668 3.525368 0.271064
0.669 3.524615 0.270413
0.670 3.523887 0.269768
0.671 3.523165 0.269125
0.672 3.522395 0.268482
0.673 3.521577 0.267840
0.674 3.520503 0.267197
0.675 3.519552 0.266560
0.676 3.518861 0.265934
0.677 3.518181 0.265321
0.678 3.517512 0.264722
0.679 3.516747 0.264105
0.680 3.515923 0.263476
0.681 3.515034 0.262847
0.682 3.514124 0.262218
0.683 3.513441 0.261631
0.684 3.512792 0.261050
0.685 3.512157 0.260435
0.686 3.511497 0.259823
0.687 3.510565 0.259239
0.688 3.509669 0.258651
0.689 3.508937 0.258047
0.690 3.508237 0.257452
0.691 3.507628 0.256882
0.692 3.507026 0.256302
0.693 3.506437 0.255701
0.694 3.505792 0.255097
0.695 3.505056 0.254492
0.696 3.504330 0.253888
0.697 3.503618 0.253289
0.698 3.502946 0.252705
0.699 3.502320 0.252140
0.700 3.501706 0.251593
0.701 3.501106 0.251066
0.702 3.500505 0.250510
0.703 3.499905 0.249927
0.704 3.499305 0.249354
0.705 3.498706 0.248790
0.706 3.498118 0.248213
0.707 3.497542 0.247625
0.708 3.496973 0.247038
0.709 3.496410 0.246454
0.710 3.495847 0.245878
0.711 3.495284 0.245312
0.712 3.494721 0.244753
0.713 3.494159 0.244205
0.714 3.493606 0.243659
0.715 3.493072 0.243116
0.716 3.492540 0.242560
0.717 3.492015 0.241972
0.718 3.491493 0.241393
0.719 3.490982 0.240850
0.720 3.490471 0.240308
0.721 3.489964 0.239772
0.722 3.489456 0.239234
0.723 3.488972 0.238664
0.724 3.488488 0.238094
0.725 3.488025 0.237526
0.726 3.487563 0.236959
0.727 3.487106 0.236389
0.728 3.486649 0.235819
0.729 3.486192 0.235250
0.730 3.485734 0.234681
0.731 3.485284 0.234117
0.732 3.484843 0.233558
0.733 3.484406 0.233005
0.734 3.483977 0.232464
0.735 3.483549 0.231925
0.736 3.483122 0.231392
0.737 3.482694 0.230860
0.738 3.482272 0.230300
0.739 3.481850 0.229739
0.740 3.481435 0.229179
0.741 3.481023 0.228619
0.742 3.480613 0.228043
0.743 3.480206 0.227453
0.744 3.479801 0.226869
0.745 3.479401 0.226298
0.746 3.479000 0.225729
0.747 3.478596 0.225192
0.748 3.478193 0.224655
0.749 3.477814 0.224127
0.750 3.477442 0.223602
0.751 3.477081 0.223062
0.752 3.476731 0.222508
0.753 3.476381 0.221954
0.754 3.476034 0.221398
0.755 3.475687 0.220843
0.756 3.475344 0.220292
0.757 3.475002 0.219741
0.758 3.474671 0.219187
0.759 3.474346 0.218630
0.760 3.474024 0.218080
0.761 3.473711 0.217547
0.762 3.473398 0.217013
0.763 3.473086 0.216478
0.764 3.472775 0.215943
0.765 3.472463 0.215404
0.766 3.472151 0.214860
0.767 3.471842 0.214318
0.768 3.471547 0.213778
0.769 3.471253 0.213238
0.770 3.470963 0.212693
0.771 3.470674 0.212148
0.772 3.470385 0.211603
0.773 3.470096 0.211059
0.774 3.469807 0.210516
0.775 3.469521 0.210000
0.776 3.469235 0.209485
0.777 3.468968 0.208971
0.778 3.468716 0.208456
0.779 3.468467 0.207942
0.780 3.468242 0.207430
0.781 3.468017 0.206919
0.782 3.467792 0.206401
0.783 3.467568 0.205881
0.784 3.467344 0.205361
0.785 3.467122 0.204847
0.786 3.466901 0.204332
0.787 3.466685 0.203817
0.788 3.466472 0.203303
0.789 3.466260 0.202789
0.790 3.466053 0.202279
0.791 3.465847 0.201768
0.792 3.465642 0.201267
0.793 3.465438 0.200772
0.794 3.465234 0.200272
0.795 3.465029 0.199737
0.796 3.464824 0.199202
0.797 3.464639 0.198680
0.798 3.464468 0.198168
0.799 3.464297 0.197656
0.800 3.464146 0.197156
0.801 3.463995 0.196655
0.802 3.463846 0.196147
0.803 3.463701 0.195625
0.804 3.463556 0.195103
0.805 3.463409 0.194582
0.806 3.463260 0.194062
0.807 3.463117 0.193543
0.808 3.463001 0.193025
0.809 3.462884 0.192508
0.810 3.462777 0.191975
0.811 3.462678 0.191427
0.812 3.462580 0.190879
0.813 3.462484 0.190347
0.814 3.462388 0.189818
0.815 3.462293 0.189293
0.816 3.462199 0.188790
0.817 3.462105 0.188288
0.818 3.462034 0.187771
0.819 3.461987 0.187238
0.820 3.461941 0.186706
0.821 3.461913 0.186156
0.822 3.461891 0.185602
0.823 3.461869 0.185048
0.824 3.461850 0.184500
0.825 3.461831 0.183952
0.826 3.461813 0.183404
0.827 3.461795 0.182855
0.828 3.461776 0.182306
0.829 3.461791 0.181742
0.830 3.461834 0.181164
0.831 3.461878 0.180587
0.832 3.461943 0.179994
0.833 3.462016 0.179395
0.834 3.462088 0.178797
0.835 3.462164 0.178189
0.836 3.462240 0.177581
0.837 3.462316 0.176970
0.838 3.462393 0.176340
0.839 3.462470 0.175711
0.840 3.462558 0.175067
0.841 3.462676 0.174384
0.842 3.462794 0.173702
0.843 3.462920 0.173008
0.844 3.463057 0.172298
0.845 3.463194 0.171588
0.846 3.463333 0.170867
0.847 3.463473 0.170135
0.848 3.463612 0.169404
0.849 3.463753 0.168663
0.850 3.463893 0.167916
0.851 3.464034 0.167168
0.852 3.464179 0.166345
0.853 3.464327 0.165488
0.854 3.464474 0.164630
0.855 3.464625 0.163756
0.856 3.464776 0.162877
0.857 3.464928 0.161997
0.858 3.465080 0.161107
0.859 3.465233 0.160214
0.860 3.465386 0.159321
0.861 3.465539 0.158424
0.862 3.465692 0.157525
0.863 3.465845 0.156626
0.864 3.465950 0.155601
0.865 3.466042 0.154544
0.866 3.466135 0.153488
0.867 3.466208 0.152400
0.868 3.466276 0.151303
0.869 3.466344 0.150207
0.870 3.466412 0.149099
0.871 3.466480 0.147987
0.872 3.466548 0.146874
0.873 3.466617 0.145768
0.874 3.466686 0.144664
0.875 3.466756 0.143561
0.876 3.466733 0.142416
0.877 3.466640 0.141241
0.878 3.466547 0.140065
0.879 3.466426 0.138883
0.880 3.466272 0.137693
0.881 3.466118 0.136502
0.882 3.465963 0.135312
0.883 3.465808 0.134124
0.884 3.465652 0.132936
0.885 3.465497 0.131744
0.886 3.465344 0.130534
0.887 3.465191 0.129323
0.888 3.465037 0.128113
0.889 3.464719 0.126966
0.890 3.464399 0.125819
0.891 3.464079 0.124673
0.892 3.463713 0.123526
0.893 3.463334 0.122379
0.894 3.462955 0.121232
0.895 3.462575 0.120099
0.896 3.462195 0.118978
0.897 3.461815 0.117857
0.898 3.461436 0.116730
0.899 3.461059 0.115592
0.900 3.460681 0.114454
0.901 3.460301 0.113322
0.902 3.459856 0.112331
0.903 3.459411 0.111340
0.904 3.458966 0.110348
0.905 3.458505 0.109405
0.906 3.458038 0.108478
0.907 3.457571 0.107551
0.908 3.457105 0.106616
0.909 3.456640 0.105672
0.910 3.456174 0.104727
0.911 3.455709 0.103784
0.912 3.455247 0.102850
0.913 3.454784 0.101917
0.914 3.454321 0.100984
0.915 3.453923 0.100150
0.916 3.453551 0.099359
0.917 3.453179 0.098568
0.918 3.452817 0.097798
0.919 3.452478 0.097077
0.920 3.452138 0.096356
0.921 3.451798 0.095635
0.922 3.451462 0.094928
0.923 3.451127 0.094223
0.924 3.450792 0.093518
0.925 3.450460 0.092812
0.926 3.450130 0.092103
0.927 3.449800 0.091395
0.928 3.449470 0.090686
0.929 3.449575 0.089957
0.930 3.449693 0.089227
0.931 3.449810 0.088496
0.932 3.449997 0.087760
0.933 3.450260 0.087017
0.934 3.450523 0.086275
0.935 3.450786 0.085532
0.936 3.451062 0.084786
0.937 3.451340 0.084041
0.938 3.451617 0.083295
0.939 3.451901 0.082547
0.940 3.452195 0.081795
0.941 3.452488 0.081044
0.942 3.452782 0.080292
0.943 3.453236 0.078619
0.944 3.453725 0.076745
0.945 3.454214 0.074871
0.946 3.454719 0.072919
0.947 3.455284 0.070685
0.948 3.455850 0.068451
0.949 3.456415 0.066218
0.950 3.456992 0.063991
0.951 3.457576 0.061770
0.952 3.458160 0.059549
0.953 3.458744 0.057327
0.954 3.459327 0.055089
0.955 3.459909 0.052850
0.956 3.460492 0.050611
0.957 3.460564 0.048304
0.958 3.458929 0.045772
0.959 3.457294 0.043239
0.960 3.455659 0.040707
0.961 3.454024 0.038174
0.962 3.452389 0.035641
0.963 3.450754 0.033109
0.964 3.449119 0.030576
0.965 3.447246 0.028085
0.966 3.445320 0.025602
0.967 3.443395 0.023120
0.968 3.441470 0.020638
0.969 3.439544 0.018155
0.970 3.437619 0.015673
0.971 3.435693 0.013190
0.972 3.433694 0.011218
0.973 3.431516 0.010485
0.974 3.429338 0.009753
0.975 3.427159 0.009021
0.976 3.424981 0.008288
0.977 3.422802 0.007556
0.978 3.420624 0.006824
0.979 3.418446 0.006091
0.980 3.416284 0.005509
0.981 3.414132 0.005008
0.982 3.411980 0.004508
0.983 3.409829 0.004008
0.984 3.407677 0.003507
0.985 3.405525 0.003007
0.986 3.403373 0.002507
0.987 3.401221 0.002006
0.988 3.399638 0.001845
0.989 3.398135 0.001730
0.990 3.396631 0.001615
0.991 3.395128 0.001500
0.992 3.393624 0.001385
0.993 3.392121 0.001271
0.994 3.390617 0.001156
0.995 3.389113 0.001041
0.996 3.387713 0.000986
0.997 3.386314 0.000933
0.998 3.384915 0.000879
0.999 3.383516 0.000826
1.000 3.382117 0.000772
1.001 3.380718 0.000719
1.002 3.379318 0.000665
1.003 3.377919 0.000611
1.004 3.376775 0.000581
1.005 3.375639 0.000552
1.006 3.374503 0.000522
1.007 3.373366 0.000493
1.008 3.372230 0.000464
1.009 3.371094 0.000434
1.010 3.369958 0.000405
1.011 3.368821 0.000376
1.012 3.367741 0.000360
1.013 3.366674 0.000347
1.014 3.365606 0.000333
1.015 3.364538 0.000320
1.016 3.363470 0.000307
1.017 3.362402 0.000294
1.018 3.361334 0.000281
1.019 3.360267 0.000268
1.020 3.359277 0.000256
1.021 3.358355 0.000245
1.022 3.357433 0.000233
1.023 3.356512 0.000222
1.024 3.355590 0.000211
1.025 3.354668 0.000199
1.026 3.353746 0.000188
1.027 3.352824 0.000176
1.028 3.351908 0.000166
1.029 3.351040 0.000160
1.030 3.350172 0.000155
1.031 3.349304 0.000149
1.032 3.348436 0.000144
1.033 3.347567 0.000138
1.034 3.346699 0.000133
1.035 3.345831 0.000127
1.036 3.344963 0.000122
1.037 3.344151 0.000118
1.038 3.343382 0.000116
1.039 3.342613 0.000114
1.040 3.341845 0.000112
1.041 3.341076 0.000110
1.042 3.340308 0.000109
1.043 3.339539 0.000107
1.044 3.338771 0.000105
1.045 3.338002 0.000103
1.046 3.337266 0.000099
1.047 3.336535 0.000095
1.048 3.335804 0.000092
1.049 3.335073 0.000088
1.050 3.334343 0.000084
1.051 3.333612 0.000080
1.052 3.332881 0.000077
1.053 3.332150 0.000073
1.054 3.331420 0.000069
1.055 3.330748 0.000067
1.056 3.330076 0.000064
1.057 3.329404 0.000062
1.058 3.328732 0.000059
1.059 3.328060 0.000057
1.060 3.327388 0.000055
1.061 3.326715 0.000052
1.062 3.326043 0.000050
1.063 3.325371 0.000048
1.064 3.324730 0.000045
1.065 3.324088 0.000043
1.066 3.323447 0.000041
1.067 3.322805 0.000039
1.068 3.322164 0.000036
1.069 3.321522 0.000034
1.070 3.320881 0.000032
1.071 3.320239 0.000030
1.072 3.319598 0.000028
1.073 3.318994 0.000025
1.074 3.318397 0.000023
1.075 3.317800 0.000021
1.076 3.317204 0.000019
1.077 3.316607 0.000017
1.078 3.316010 0.000015
1.079 3.315413 0.000013
1.080 3.314816 0.000011
1.081 3.314219 0.000009
1.082 3.313638 0.000008
1.083 3.313071 0.000007
1.084 3.312504 0.000006
1.085 3.311937 0.000005
1.086 3.311370 0.000004
1.087 3.310803 0.000004
1.088 3.310236 0.000003
1.089 3.309669 0.000002
1.090 3.309102 0.000001
1.091 3.308537 0.000000
1.092 3.308003 0.000000
1.093 3.307470 0.000000
1.094 3.306936 0.000000
1.095 3.306403 0.000000
1.096 3.305869 0.000000
1.097 3.305336 0.000000
1.098 3.304802 0.000000
1.099 3.304269 0.000000
1.100 3.303735 0.000000
1.101 3.303212 0.000000
1.102 3.302704 0.000000
1.103 3.302195 0.000000
1.104 3.301687 0.000000
1.105 3.301178 0.000000
1.106 3.300670 0.000000
1.107 3.300161 0.000000
1.108 3.299652 0.000000
1.109 3.299144 0.000000
1.110 3.298635 0.000000
1.111 3.298139 0.000000
1.112 3.297652 0.000000
1.113 3.297164 0.000000
1.114 3.296677 0.000000
1.115 3.296189 0.000000
1.116 3.295701 0.000000
1.117 3.295214 0.000000
1.118 3.294726 0.000000
1.119 3.294239 0.000000
1.120 3.293751 0.000000
1.121 3.293280 0.000000
1.122 3.292819 0.000000
1.123 3.292359 0.000000
1.124 3.291898 0.000000
1.125 3.291437 0.000000
1.126 3.290977 0.000000
1.127 3.290516 0.000000
1.128 3.290056 0.000000
1.129 3.289595 0.000000
1.130 3.289134 0.000000
1.131 3.288681 0.000000
1.132 3.288237 0.000000
1.133 3.287794 0.000000
1.134 3.287350 0.000000
1.135 3.286906 0.000000
1.136 3.286463 0.000000
1.137 3.286019 0.000000
1.138 3.285575 0.000000
1.139 3.285132 0.000000
1.140 3.284688 0.000000
1.141 3.284246 0.000000
1.142 3.283826 0.000000
1.143 3.283407 0.000000
1.144 3.282987 0.000000
1.145 3.282567 0.000000
1.146 3.282148 0.000000
1.147 3.281728 0.000000
1.148 3.281308 0.000000
1.149 3.280889 0.000000
1.150 3.280469 0.000000
1.151 3.280050 0.000000
1.152 3.279635 0.000000
1.153 3.279227 0.000000
1.154 3.278818 0.000000
1.155 3.278410 0.000000
1.156 3.278001 0.000000
1.157 3.277593 0.000000
1.158 3.277184 0.000000
1.159 3.276775 0.000000
1.160 3.276367 0.000000
1.161 3.275958 0.000000
1.162 3.275550 0.000000
1.163 3.275164 0.000000
1.164 3.274786 0.000000
1.165 3.274407 0.000000
1.166 3.274029 0.000000
1.167 3.273651 0.000000
1.168 3.273273 0.000000
1.169 3.272895 0.000000
1.170 3.272516 0.000000
1.171 3.272138 0.000000
1.172 3.271760 0.000000
1.173 3.271382 0.000000
1.174 3.271011 0.000000
1.175 3.270643 0.000000
1.176 3.270275 0.000000
1.177 3.269906 0.000000
1.178 3.269538 0.000000
1.179 3.269170 0.000000
1.180 3.268801 0.000000
1.181 3.268433 0.000000
1.182 3.268065 0.000000
1.183 3.267696 0.000000
1.184 3.267328 0.000000
1.185 3.266973 0.000000
1.186 3.266625 0.000000
1.187 3.266278 0.000000
1.188 3.265930 0.000000
1.189 3.265583 0.000000
1.190 3.265235 0.000000
1.191 3.264888 0.000000
1.192 3.264541 0.000000
1.193 3.264193 0.000000
1.194 3.263846 0.000000
1.195 3.263498 0.000000
1.196 3.263152 0.000000
1.197 3.262809 0.000000
1.198 3.262466 0.000000
1.199 3.262123 0.000000
1.200 3.261780 0.000000
1.201 3.261437 0.000000
1.202 3.261094 0.000000
1.203 3.260751 0.000000
1.204 3.260408 0.000000
1.205 3.260065 0.000000
1.206 3.259723 0.000000
1.207 3.259380 0.000000
1.208 3.259051 0.000000
1.209 3.258729 0.000000
1.210 3.258408 0.000000
1.211 3.258087 0.000000
1.212 3.257766 0.000000
1.213 3.257444 0.000000
1.214 3.257123 0.000000
1.215 3.256802 0.000000
1.216 3.256481 0.000000
1.217 3.256159 0.000000
1.218 3.255838 0.000000
1.219 3.255517 0.000000
1.220 3.255198 0.000000
1.221 3.254881 0.000000
1.222 3.254563 0.000000
1.223 3.254245 0.000000
1.224 3.253928 0.000000
1.225 3.253610 0.000000
1.226 3.253292 0.000000
1.227 3.252975 0.000000
1.228 3.252657 0.000000
1.229 3.252339 0.000000
1.230 3.252022 0.000000
1.231 3.251704 0.000000
1.232 3.251402 0.000000
1.233 3.251105 0.000000
1.234 3.250808 0.000000
1.235 3.250510 0.000000
1.236 3.250213 0.000000
1.237 3.249916 0.000000
1.238 3.249618 0.000000
1.239 3.249321 0.000000
1.240 3.249024 0.000000
1.241 3.248727 0.000000
1.242 3.248429 0.000000
1.243 3.248132 0.000000
1.244 3.247837 0.000000
1.245 3.247545 0.000000
1.246 3.247252 0.000000
1.247 3.246960 0.000000
1.248 3.246667 0.000000
1.249 3.246375 0.000000
1.250 3.246082 0.000000
1.251 3.245790 0.000000
1.252 3.245497 0.000000
1.253 3.245205 0.000000
1.254 3.244912 0.000000
1.255 3.244620 0.000000
1.256 3.244327 0.000000
1.257 3.244056 0.000000
1.258 3.243787 0.000000
1.259 3.243518 0.000000
1.260 3.243248 0.000000
1.261 3.242979 0.000000
1.262 3.242710 0.000000
1.263 3.242441 0.000000
1.264 3.242172 0.000000
1.265 3.241902 0.000000
1.266 3.241633 0.000000
1.267 3.241364 0.000000
1.268 3.241095 0.000000
1.269 3.240826 0.000000
1.270 3.240561 0.000000
1.271 3.240296 0.000000
1.272 3.240032 0.000000
1.273 3.239767 0.000000
1.274 3.239502 0.000000
1.275 3.239237 0.000000
1.276 3.238972 0.000000
1.277 3.238708 0.000000
1.278 3.238443 0.000000
1.279 3.238178 0.000000
1.280 3.237913 0.000000
1.281 3.237648 0.000000
1.282 3.237384 0.000000
1.283 3.237131 0.000000
1.284 3.236879 0.000000
1.285 3.236626 0.000000
1.286 3.236373 0.000000
1.287 3.236120 0.000000
1.288 3.235868 0.000000
1.289 3.235615 0.000000
1.290 3.235362 0.000000
1.291 3.235109 0.000000
1.292 3.234857 0.000000
1.293 3.234604 0.000000
1.294 3.234351 0.000000
1.295 3.234098 0.000000
1.296 3.233849 0.000000
1.297 3.233602 0.000000
1.298 3.233355 0.000000
1.299 3.233107 0.000000
1.300 3.232860 0.000000
1.301 3.232613 0.000000
1.302 3.232365 0.000000
1.303 3.232118 0.000000
1.304 3.231871 0.000000
1.305 3.231624 0.000000
1.306 3.231376 0.000000
1.307 3.231129 0.000000
1.308 3.230882 0.000000
1.309 3.230635 0.000000
1.310 3.230403 0.000000
1.311 3.230171 0.000000
1.312 3.229938 0.000000
1.313 3.229706 0.000000
1.314 3.229473 0.000000
1.315 3.229241 0.000000
1.316 3.229008 0.000000
1.317 3.228776 0.000000
1.318 3.228544 0.000000
1.319 3.228311 0.000000
1.320 3.228079 0.000000
1.321 3.227846 0.000000
1.322 3.227614 0.000000
1.323 3.227382 0.000000
1.324 3.227156 0.000000
1.325 3.226930 0.000000
1.326 3.226704 0.000000
1.327 3.226478 0.000000
1.328 3.226252 0.000000
1.329 3.226026 0.000000
1.330 3.225800 0.000000
1.331 3.225574 0.000000
1.332 3.225347 0.000000
1.333 3.225121 0.000000
1.334 3.224895 0.000000
1.335 3.224669 0.000000
1.336 3.224443 0.000000
1.337 3.224217 0.000000
1.338 3.224003 0.000000
1.339 3.223791 0.000000
1.340 3.223578 0.000000
1.341 3.223365 0.000000
1.342 3.223152 0.000000
1.343 3.222939 0.000000
1.344 3.222726 0.000000
1.345 3.222513 0.000000
1.346 3.222300 0.000000
1.347 3.222088 0.000000
1.348 3.221875 0.000000
1.349 3.221662 0.000000
1.350 3.221449 0.000000
1.351 3.221236 0.000000
1.352 3.221025 0.000000
1.353 3.220818 0.000000
1.354 3.220610 0.000000
1.355 3.220402 0.000000
1.356 3.220195 0.000000
1.357 3.219987 0.000000
1.358 3.219779 0.000000
1.359 3.219572 0.000000
1.360 3.219364 0.000000
1.361 3.219156 0.000000
1.362 3.218948 0.000000
1.363 3.218741 0.000000
1.364 3.218533 0.000000
1.365 3.218325 0.000000
1.366 3.218118 0.000000
1.367 3.217915 0.000000
1.368 3.217716 0.000000
1.369 3.217517 0.000000
1.370 3.217318 0.000000
1.371 3.217118 0.000000
1.372 3.216919 0.000000
1.373 3.216720 0.000000
1.374 3.216521 0.000000
1.375 3.216322 0.000000
1.376 3.216123 0.000000
1.377 3.215923 0.000000
1.378 3.215724 0.000000
1.379 3.215525 0.000000
1.380 3.215326 0.000000
1.381 3.215127 0.000000
1.382 3.214931 0.000000
1.383 3.214739 0.000000
1.384 3.214547 0.000000
1.385 3.214355 0.000000
1.386 3.214163 0.000000
1.387 3.213972 0.000000
1.388 3.213780 0.000000
1.389 3.213588 0.000000
1.390 3.213396 0.000000
1.391 3.213205 0.000000
1.392 3.213013 0.000000
1.393 3.212821 0.000000
1.394 3.212629 0.000000
1.395 3.212437 0.000000
1.396 3.212246 0.000000
1.397 3.212054 0.000000
1.398 3.211871 0.000000
1.399 3.211690 0.000000
1.400 3.211508 0.000000
1.401 3.211327 0.000000
1.402 3.211145 0.000000
1.403 3.210964 0.000000
1.404 3.210783 0.000000
1.405 3.210601 0.000000
1.406 3.210420 0.000000
1.407 3.210238 0.000000
1.408 3.210057 0.000000
1.409 3.209875 0.000000
1.410 3.209694 0.000000
1.411 3.209512 0.000000
1.412 3.209331 0.000000
1.413 3.209150 0.000000
1.414 3.208974 0.000000
1.415 3.208798 0.000000
1.416 3.208622 0.000000
1.417 3.208447 0.000000
1.418 3.208271 0.000000
1.419 3.208095 0.000000
1.420 3.207920 0.000000
1.421 3.207744 0.000000
1.422 3.207568 0.000000
1.423 3.207393 0.000000
1.424 3.207217 0.000000
1.425 3.207041 0.000000
1.426 3.206866 0.000000
1.427 3.206690 0.000000
1.428 3.206514 0.000000
1.429 3.206339 0.000000
1.430 3.206168 0.000000
1.431 3.205999 0.000000
1.432 3.205830 0.000000
1.433 3.205660 0.000000
1.434 3.205491 0.000000
1.435 3.205322 0.000000
1.436 3.205152 0.000000
1.437 3.204983 0.000000
1.438 3.204814 0.000000
1.439 3.204644 0.000000
1.440 3.204475 0.000000
1.441 3.204306 0.000000
1.442 3.204136 0.000000
1.443 3.203967 0.000000
1.444 3.203798 0.000000
1.445 3.203628 0.000000
1.446 3.203460 0.000000
1.447 3.203297 0.000000
1.448 3.203134 0.000000
1.449 3.202971 0.000000
1.450 3.202808 0.000000
1.451 3.202645 0.000000
1.452 3.202482 0.000000
1.453 3.202319 0.000000
1.454 3.202156 0.000000
1.455 3.201993 0.000000
1.456 3.201830 0.000000
1.457 3.201667 0.000000
1.458 3.201504 0.000000
1.459 3.201341 0.000000
1.460 3.201178 0.000000
1.461 3.201015 0.000000
1.462 3.200852 0.000000
1.463 3.200691 0.000000
1.464 3.200533 0.000000
1.465 3.200375 0.000000
1.466 3.200218 0.000000
1.467 3.200060 0.000000
1.468 3.199902 0.000000
1.469 3.199744 0.000000
1.470 3.199587 0.000000
1.471 3.199429 0.000000
1.472 3.199271 0.000000
1.473 3.199113 0.000000
1.474 3.198956 0.000000
1.475 3.198798 0.000000
1.476 3.198640 0.000000
1.477 3.198483 0.000000
1.478 3.198325 0.000000
1.479 3.198167 0.000000
1.480 3.198009 0.000000
1.481 3.197858 0.000000
1.482 3.197707 0.000000
1.483 3.197556 0.000000
1.484 3.197405 0.000000
1.485 3.197254 0.000000
1.486 3.197103 0.000000
1.487 3.196952 0.000000
1.488 3.196801 0.000000
1.489 3.196650 0.000000
1.490 3.196499 0.000000
1.491 3.196348 0.000000
1.492 3.196197 0.000000
1.493 3.196046 0.000000
1.494 3.195895 0.000000
1.495 3.195744 0.000000
1.496 3.195593 0.000000
1.497 3.195443 0.000000
1.498 3.195292 0.000000
1.499 3.195145 0.000000
1.500 3.194999 0.000000
1.501 3.194852 0.000000
1.502 3.194705 0.000000
1.503 3.194559 0.000000
1.504 3.194412 0.000000
1.505 3.194265 0.000000
1.506 3.194119 0.000000
1.507 3.193972 0.000000
1.508 3.193826 0.000000
1.509 3.193679 0.000000
1.510 3.193532 0.000000
1.511 3.193386 0.000000
1.512 3.193239 0.000000
1.513 3.193092 0.000000
1.514 3.192946 0.000000
1.515 3.192799 0.000000
1.516 3.192653 0.000000
1.517 3.192514 0.000000
1.518 3.192377 0.000000
1.519 3.192240 0.000000
1.520 3.192104 0.000000
1.521 3.191967 0.000000
1.522 3.191830 0.000000
1.523 3.191693 0.000000
1.524 3.191557 0.000000
1.525 3.191420 0.000000
1.526 3.191283 0.000000
1.527 3.191147 0.000000
1.528 3.191010 0.000000
1.529 3.190873 0.000000
1.530 3.190736 0.000000
1.531 3.190600 0.000000
1.532 3.190463 0.000000
1.533 3.190326 0.000000
1.534 3.190190 0.000000
1.535 3.190053 0.000000
1.536 3.189921 0.000000
1.537 3.189789 0.000000
1.538 3.189657 0.000000
1.539 3.189525 0.000000
1.540 3.189393 0.000000
1.541 3.189261 0.000000
1.542 3.189129 0.000000
1.543 3.188997 0.000000
1.544 3.188865 0.000000
1.545 3.188732 0.000000
1.546 3.188600 0.000000
1.547 3.188468 0.000000
1.548 3.188336 0.000000
1.549 3.188204 0.000000
1.550 3.188072 0.000000
1.551 3.187940 0.000000
1.552 3.187808 0.000000
1.553 3.187676 0.000000
1.554 3.187544 0.000000
1.555 3.187416 0.000000
1.556 3.187288 0.000000
1.557 3.187161 0.000000
1.558 3.187033 0.000000
1.559 3.186905 0.000000
1.560 3.186778 0.000000
1.561 3.186650 0.000000
1.562 3.186522 0.000000
1.563 3.186395 0.000000
1.564 3.186267 0.000000
1.565 3.186140 0.000000
1.566 3.186012 0.000000
1.567 3.185884 0.000000
1.568 3.185757 0.000000
1.569 3.185629 0.000000
1.570 3.185501 0.000000
1.571 3.185374 0.000000
1.572 3.185246 0.000000
1.573 3.185119 0.000000
1.574 3.184991 0.000000
1.575 3.184865 0.000000
1.576 3.184739 0.000000
1.577 3.184613 0.000000
1.578 3.184488 0.000000
1.579 3.184362 0.000000
1.580 3.184236 0.000000
1.581 3.184110 0.000000
1.582 3.183984 0.000000
1.583 3.183858 0.000000
1.584 3.183732 0.000000
1.585 3.183606 0.000000
1.586 3.183480 0.000000
1.587 3.183354 0.000000
1.588 3.183228 0.000000
1.589 3.183102 0.000000
1.590 3.182976 0.000000
1.591 3.182850 0.000000
1.592 3.182724 0.000000
1.593 3.182598 0.000000
1.594 3.182474 0.000000
1.595 3.182358 0.000000
1.596 3.182242 0.000000
1.597 3.182127 0.000000
1.598 3.182011 0.000000
1.599 3.181896 0.000000
1.600 3.181780 0.000000
1.601 3.181665 0.000000
1.602 3.181549 0.000000
1.603 3.181434 0.000000
1.604 3.181318 0.000000
1.605 3.181203 0.000000
1.606 3.181087 0.000000
1.607 3.180972 0.000000
1.608 3.180856 0.000000
1.609 3.180741 0.000000
1.610 3.180625 0.000000
1.611 3.180510 0.000000
1.612 3.180394 0.000000
1.613 3.180279 0.000000
1.614 3.180163 0.000000
1.615 3.180049 0.000000
1.616 3.179935 0.000000
1.617 3.179822 0.000000
1.618 3.179709 0.000000
1.619 3.179596 0.000000
1.620 3.179483 0.000000
1.621 3.179370 0.000000
1.622 3.179257 0.000000
1.623 3.179144 0.000000
1.624 3.179030 0.000000
1.625 3.178917 0.000000
1.626 3.178804 0.000000
1.627 3.178691 0.000000
1.628 3.178578 0.000000
1.629 3.178465 0.000000
1.630 3.178352 0.000000
1.631 3.178239 0.000000
1.632 3.178125 0.000000
1.633 3.178012 0.000000
1.634 3.177899 0.000000
1.635 3.177786 0.000000
1.636 3.177675 0.000000
1.637 3.177569 0.000000
1.638 3.177463 0.000000
1.639 3.177357 0.000000
1.640 3.177251 0.000000
1.641 3.177145 0.000000
1.642 3.177039 0.000000
1.643 3.176933 0.000000
1.644 3.176827 0.000000
1.645 3.176721 0.000000
1.646 3.176615 0.000000
1.647 3.176509 0.000000
1.648 3.176403 0.000000
1.649 3.176297 0.000000
1.650 3.176191 0.000000
1.651 3.176085 0.000000
1.652 3.175979 0.000000
1.653 3.175873 0.000000
1.654 3.175767 0.000000
1.655 3.175661 0.000000
1.656 3.175555 0.000000
1.657 3.175449 0.000000
1.658 3.175344 0.000000
1.659 3.175239 0.000000
1.660 3.175134 0.000000
1.661 3.175030 0.000000
1.662 3.174925 0.000000
1.663 3.174820 0.000000
1.664 3.174716 0.000000
1.665 3.174611 0.000000
1.666 3.174506 0.000000
1.667 3.174402 0.000000
1.668 3.174297 0.000000
1.669 3.174192 0.000000
1.670 3.174088 0.000000
1.671 3.173983 0.000000
1.672 3.173878 0.000000
1.673 3.173774 0.000000
1.674 3.173669 0.000000
1.675 3.173564 0.000000
1.676 3.173460 0.000000
1.677 3.173355 0.000000
1.678 3.173250 0.000000
1.679 3.173146 0.000000
1.680 3.173042 0.000000
1.681 3.172944 0.000000
1.682 3.172847 0.000000
1.683 3.172749 0.000000
1.684 3.172652 0.000000
1.685 3.172554 0.000000
1.686 3.172457 0.000000
1.687 3.172359 0.000000
1.688 3.172262 0.000000
1.689 3.172164 0.000000
1.690 3.172066 0.000000
1.691 3.171969 0.000000
1.692 3.171871 0.000000
1.693 3.171774 0.000000
1.694 3.171676 0.000000
1.695 3.171579 0.000000
1.696 3.171481 0.000000
1.697 3.171384 0.000000
1.698 3.171286 0.000000
1.699 3.171189 0.000000
1.700 3.171091 0.000000
1.701 3.170994 0.000000
1.702 3.170896 0.000000
1.703 3.170799 0.000000
1.704 3.170703 0.000000
1.705 3.170607 0.000000
1.706 3.170511 0.000000
1.707 3.170415 0.000000
1.708 3.170319 0.000000
1.709 3.170223 0.000000
1.710 3.170127 0.000000
1.711 3.170031 0.000000
1.712 3.169935 0.000000
1.713 3.169839 0.000000
1.714 3.169743 0.000000
1.715 3.169647 0.000000
1.716 3.169551 0.000000
1.717 3.169455 0.000000
1.718 3.169359 0.000000
1.719 3.169263 0.000000
1.720 3.169167 0.000000
1.721 3.169071 0.000000
1.722 3.168975 0.000000
1.723 3.168879 0.000000
1.724 3.168783 0.000000
1.725 3.168687 0.000000
1.726 3.168590 0.000000
1.727 3.168498 0.000000
1.728 3.168408 0.000000
1.729 3.168319 0.000000
1.730 3.168230 0.000000
1.731 3.168140 0.000000
1.732 3.168051 0.000000
1.733 3.167962 0.000000
1.734 3.167872 0.000000
1.735 3.167783 0.000000
1.736 3.167693 0.000000
1.737 3.167604 0.000000
1.738 3.167515 0.000000
1.739 3.167425 0.000000
1.740 3.167336 0.000000
1.741 3.167247 0.000000
1.742 3.167157 0.000000
1.743 3.167068 0.000000
1.744 3.166979 0.000000
1.745 3.166889 0.000000
1.746 3.166800 0.000000
1.747 3.166711 0.000000
1.748 3.166621 0.000000
1.749 3.166532 0.000000
1.750 3.166443 0.000000
1.751 3.166354 0.000000
1.752 3.166266 0.000000
1.753 3.166178 0.000000
1.754 3.166091 0.000000
1.755 3.166003 0.000000
1.756 3.165916 0.000000
1.757 3.165828 0.000000
1.758 3.165740 0.000000
1.759 3.165653 0.000000
1.760 3.165565 0.000000
1.761 3.165478 0.000000
1.762 3.165390 0.000000
1.763 3.165302 0.000000
1.764 3.165215 0.000000
1.765 3.165127 0.000000
1.766 3.165040 0.000000
1.767 3.164952 0.000000
1.768 3.164864 0.000000
1.769 3.164777 0.000000
1.770 3.164689 0.000000
1.771 3.164602 0.000000
1.772 3.164514 0.000000
1.773 3.164426 0.000000
1.774 3.164339 0.000000
1.775 3.164251 0.000000
1.776 3.164165 0.000000
1.777 3.164083 0.000000
1.778 3.164001 0.000000
1.779 3.163919 0.000000
1.780 3.163837 0.000000
1.781 3.163755 0.000000
1.782 3.163673 0.000000
1.783 3.163591 0.000000
1.784 3.163509 0.000000
1.785 3.163428 0.000000
1.786 3.163346 0.000000
1.787 3.163264 0.000000
1.788 3.163182 0.000000
1.789 3.163100 0.000000
1.790 3.163018 0.000000
1.791 3.162936 0.000000
1.792 3.162854 0.000000
1.793 3.162772 0.000000
1.794 3.162690 0.000000
1.795 3.162608 0.000000
1.796 3.162526 0.000000
1.797 3.162445 0.000000
1.798 3.162363 0.000000
1.799 3.162281 0.000000
1.800 3.162199 0.000000
1.801 3.162117 0.000000
1.802 3.162036 0.000000
1.803 3.161956 0.000000
1.804 3.161876 0.000000
1.805 3.161796 0.000000
1.806 3.161716 0.000000
1.807 3.161636 0.000000
1.808 3.161556 0.000000
1.809 3.161476 0.000000
1.810 3.161397 0.000000
1.811 3.161317 0.000000
1.812 3.161237 0.000000
1.813 3.161157 0.000000
1.814 3.161077 0.000000
1.815 3.160997 0.000000
1.816 3.160917 0.000000
1.817 3.160837 0.000000
1.818 3.160757 0.000000
1.819 3.160677 0.000000
1.820 3.160597 0.000000
1.821 3.160517 0.000000
1.822 3.160437 0.000000
1.823 3.160357 0.000000
1.824 3.160278 0.000000
1.825 3.160198 0.000000
1.826 3.160118 0.000000
1.827 3.160038 0.000000
1.828 3.159958 0.000000
1.829 3.159883 0.000000
1.830 3.159808 0.000000
1.831 3.159733 0.000000
1.832 3.159658 0.000000
1.833 3.159584 0.000000
1.834 3.159509 0.000000
1.835 3.159434 0.000000
1.836 3.159359 0.000000
1.837 3.159284 0.000000
1.838 3.159209 0.000000
1.839 3.159134 0.000000
1.840 3.159059 0.000000
1.841 3.158984 0.000000
1.842 3.158909 0.000000
1.843 3.158834 0.000000
1.844 3.158760 0.000000
1.845 3.158685 0.000000
1.846 3.158610 0.000000
1.847 3.158535 0.000000
1.848 3.158460 0.000000
1.849 3.158385 0.000000
1.850 3.158310 0.000000
1.851 3.158235 0.000000
1.852 3.158160 0.000000
1.853 3.158085 0.000000
1.854 3.158010 0.000000
1.855 3.157936 0.000000
1.856 3.157862 0.000000
1.857 3.157790 0.000000
1.858 3.157717 0.000000
1.859 3.157644 0.000000
1.860 3.157571 0.000000
1.861 3.157498 0.000000
1.862 3.157426 0.000000
1.863 3.157353 0.000000
1.864 3.157280 0.000000
1.865 3.157207 0.000000
1.866 3.157134 0.000000
1.867 3.157062 0.000000
1.868 3.156989 0.000000
1.869 3.156916 0.000000
1.870 3.156843 0.000000
1.871 3.156771 0.000000
1.872 3.156698 0.000000
1.873 3.156625 0.000000
1.874 3.156552 0.000000
1.875 3.156479 0.000000
1.876 3.156407 0.000000
1.877 3.156334 0.000000
1.878 3.156261 0.000000
1.879 3.156188 0.000000
1.880 3.156115 0.000000
1.881 3.156043 0.000000
1.882 3.155970 0.000000
1.883 3.155897 0.000000
1.884 3.155827 0.000000
1.885 3.155759 0.000000
1.886 3.155690 0.000000
1.887 3.155622 0.000000
1.888 3.155553 0.000000
1.889 3.155485 0.000000
1.890 3.155416 0.000000
1.891 3.155348 0.000000
1.892 3.155279 0.000000
1.893 3.155210 0.000000
1.894 3.155142 0.000000
1.895 3.155073 0.000000
1.896 3.155005 0.000000
1.897 3.154936 0.000000
1.898 3.154868 0.000000
1.899 3.154799 0.000000
1.900 3.154730 0.000000
1.901 3.154662 0.000000
1.902 3.154593 0.000000
1.903 3.154525 0.000000
1.904 3.154456 0.000000
1.905 3.154388 0.000000
1.906 3.154319 0.000000
1.907 3.154251 0.000000
1.908 3.154182 0.000000
1.909 3.154113 0.000000
1.910 3.154045 0.000000
1.911 3.153976 0.000000
1.912 3.153908 0.000000
1.913 3.153841 0.000000
1.914 3.153775 0.000000
1.915 3.153708 0.000000
1.916 3.153642 0.000000
1.917 3.153576 0.000000
1.918 3.153510 0.000000
1.919 3.153443 0.000000
1.920 3.153377 0.000000
1.921 3.153311 0.000000
1.922 3.153245 0.000000
1.923 3.153178 0.000000
1.924 3.153112 0.000000
1.925 3.153046 0.000000
1.926 3.152979 0.000000
1.927 3.152913 0.000000
1.928 3.152847 0.000000
1.929 3.152781 0.000000
1.930 3.152714 0.000000
1.931 3.152648 0.000000
1.932 3.152582 0.000000
1.933 3.152515 0.000000
1.934 3.152449 0.000000
1.935 3.152383 0.000000
1.936 3.152317 0.000000
1.937 3.152250 0.000000
1.938 3.152184 0.000000
1.939 3.152118 0.000000
1.940 3.152051 0.000000
1.941 3.151985 0.000000
1.942 3.151919 0.000000
1.943 3.151856 0.000000
1.944 3.151794 0.000000
1.945 3.151731 0.000000
1.946 3.151668 0.000000
1.947 3.151606 0.000000
1.948 3.151543 0.000000
1.949 3.151481 0.000000
1.950 3.151418 0.000000