0.251 1.798215 3.145170
0.252 1.832075 3.167814
0.253 1.865723 3.183013
0.254 1.907925 3.206879
0.255 1.941855 3.222600
0.256 1.977404 3.237579
0.257 2.017763 3.252530
0.258 2.059852 3.267454
0.259 2.101617 3.282301
0.260 2.140872 3.297055
0.261 2.188817 3.311629
0.262 2.229935 3.325954
0.263 2.275201 3.330528
0.264 2.323088 3.343953
0.265 2.370871 3.344473
0.266 2.426488 3.350783
0.267 2.475351 3.350190
0.268 2.522384 3.347650
0.269 2.573751 3.344838
0.270 2.624838 3.340768
0.271 2.675522 3.328824
0.272 2.725286 3.316196
0.273 2.774967 3.307028
0.274 2.823531 3.289053
0.275 2.871928 3.271153
0.276 2.919691 3.253356
0.277 2.962288 3.231237
0.278 3.004455 3.208292
0.279 3.046269 3.178082
0.280 3.087678 3.155188
0.281 3.128776 3.126009
0.282 3.162137 3.095613
0.283 3.198394 3.056100
0.284 3.231391 3.026347
0.285 3.260933 2.995387
0.286 3.287243 2.958113
0.287 3.313432 2.920828
0.288 3.339513 2.887038
0.289 3.357759 2.852750
0.290 3.379492 2.815131
0.291 3.398185 2.780703
0.292 3.414011 2.748009
0.293 3.426374 2.707906
0.294 3.438706 2.674544
0.295 3.451012 2.638094
0.296 3.457496 2.605019
0.297 3.465833 2.574191
0.298 3.468850 2.543669
0.299 3.473975 2.510905
0.300 3.482003 2.482550
0.301 3.481910 2.448192
0.302 3.481156 2.421767
0.303 3.480422 2.395472
0.304 3.479708 2.369300
0.305 3.479012 2.343246
0.306 3.478344 2.319456
0.307 3.472465 2.301013
0.308 3.467570 2.275982
0.309 3.464818 2.259079
0.310 3.456865 2.233728
0.311 3.455822 2.215990
0.312 3.446719 2.194658
0.313 3.445703 2.181457
0.314 3.437711 2.161324
0.315 3.433591 2.146701
0.316 3.425225 2.134148
0.317 3.418246 2.121664
0.318 3.414793 2.109228
0.319 3.411877 2.096852
0.320 3.404451 2.084522
0.321 3.396757 2.072244
0.322 3.392649 2.060017
0.323 3.384294 2.047838
0.324 3.377883 2.041764
0.325 3.373984 2.033122
0.326 3.364577 2.022916
0.327 3.363952 2.018582
0.328 3.357440 2.006786
0.329 3.352950 2.002538
0.330 3.344652 1.994479
0.331 3.343817 1.990046
0.332 3.337470 1.984357
0.333 3.333812 1.976489
0.334 3.332177 1.974823
0.335 3.323856 1.971663
0.336 3.323636 1.965312
0.337 3.316077 1.965309
0.338 3.313728 1.956667
0.339 3.311613 1.955831
0.340 3.303865 1.955845
0.341 3.303687 1.950008
0.342 3.303069 1.946389
0.343 3.295009 1.946412
0.344 3.293711 1.946443
0.345 3.293565 1.946476
0.346 3.293424 1.946511
0.347 3.292999 1.946258
0.348 3.284820 1.938249
0.349 3.283547 1.937142
0.350 3.283431 1.937190
0.351 3.283319 1.937240
0.352 3.283213 1.937294
0.353 3.283113 1.937352
0.354 3.283019 1.937412
0.355 3.282929 1.937475
0.356 3.282842 1.937539
0.357 3.282760 1.937607
0.358 3.282686 1.937680
0.359 3.282616 1.937755
0.360 3.282548 1.938663
0.361 3.282485 1.946604
0.362 3.282424 1.947483
0.363 3.282372 1.947569
0.364 3.282321 1.947657
0.365 3.282274 1.947747
0.366 3.282231 1.947841
0.367 3.289623 1.947940
0.368 3.291655 1.949094
0.369 3.291624 1.956577
0.370 3.291598 1.957740
0.371 3.294014 1.957846
0.372 3.300824 1.957959
0.373 3.301036 1.958074
0.374 3.301025 1.958190
0.375 3.301322 1.964341
0.376 3.308161 1.967926
0.377 3.310512 1.968051
0.378 3.311657 1.968177
0.379 3.318932 1.969695
0.380 3.320031 1.977932
0.381 3.322478 1.978068
0.382 3.329297 1.978206
0.383 3.329587 1.978347
0.384 3.333704 1.982578
0.385 3.339143 1.988129
0.386 3.339181 1.988278
0.387 3.345077 1.988531
0.388 3.348759 1.995130
0.389 3.355414 1.998231
0.390 3.358357 1.998389
0.391 3.358772 1.998908
0.392 3.366054 2.006291
0.393 3.368037 2.008372
0.394 3.376157 2.008540
0.395 3.378807 2.009843
0.396 3.386503 2.017631
0.397 3.389364 2.018550
0.398 3.396912 2.020321
0.399 3.399639 2.027675
0.400 3.408802 2.028577
0.401 3.415635 2.031793
0.402 3.419020 2.038436
0.403 3.425549 2.038622
0.404 3.429161 2.041963
0.405 3.438951 2.048337
0.406 3.448719 2.052168
0.407 3.454835 2.058349
0.408 3.458710 2.058565
0.409 3.468425 2.062562
0.410 3.478120 2.068452
0.411 3.483894 2.072558
0.412 3.487963 2.078346
0.413 3.497607 2.082536
0.414 3.507231 2.088249
0.415 3.516839 2.092485
0.416 3.530194 2.098156
0.417 3.545192 2.102342
0.418 3.555044 2.108071
0.419 3.564580 2.112045
0.420 3.577360 2.117989
0.421 3.592860 2.121516
0.422 3.605582 2.127792
0.423 3.624189 2.130786
0.424 3.639872 2.137238
0.425 3.652054 2.138068
0.426 3.670680 2.138295
0.427 3.689267 2.138522
0.428 3.707810 2.138750
0.429 3.726323 2.136960
0.430 3.745286 2.129723
0.431 3.771157 2.128289
0.432 3.791124 2.121015
0.433 3.809488 2.112196
0.434 3.826685 2.103403
0.435 3.838292 2.094634
0.436 3.854461 2.078978
0.437 3.866810 2.067672
0.438 3.881799 2.058975
0.439 3.894233 2.044713
0.440 3.903403 2.032129
0.441 3.908069 2.018981
0.442 3.912465 2.005595
0.443 3.918169 1.996875
0.444 3.918487 1.985257
0.445 3.921560 1.971070
0.446 3.928639 1.963117
0.447 3.928985 1.961763
0.448 3.929358 1.954400
0.449 3.929737 1.946323
0.450 3.930126 1.945432
0.451 3.930528 1.945767
0.452 3.930965 1.946113
0.453 3.931432 1.946466
0.454 3.931896 1.946818
0.455 3.936094 1.950894
0.456 3.942326 1.956944
0.457 3.945845 1.960245
0.458 3.954063 1.968229
0.459 3.963043 1.977129
0.460 3.965753 1.986000
0.461 3.978728 1.993824
0.462 3.990854 1.997060
0.463 4.005596 2.002904
0.464 4.023254 2.011644
0.465 4.040893 2.020337
0.466 4.058516 2.028984
0.467 4.078511 2.037589
0.468 4.103616 2.044140
0.469 4.129560 2.046919
0.470 4.155456 2.053699
0.471 4.181322 2.055630
0.472 4.212424 2.055418
0.473 4.245838 2.052128
0.474 4.279186 2.044178
0.475 4.312462 2.036134
0.476 4.345637 2.026860
0.477 4.378724 2.013573
0.478 4.411737 1.997581
0.479 4.441750 1.978582
0.480 4.469575 1.955112
0.481 4.499705 1.931267
0.482 4.527359 1.906865
0.483 4.552625 1.878463
0.484 4.574441 1.846595
0.485 4.592491 1.814541
0.486 4.609957 1.782304
0.487 4.626852 1.749907
0.488 4.639553 1.717309
0.489 4.652221 1.684562
0.490 4.663509 1.651739
0.491 4.669054 1.618884
0.492 4.674517 1.586049
0.493 4.678684 1.553266
0.494 4.679030 1.523503
0.495 4.679110 1.495873
0.496 4.677652 1.466186
0.497 4.673015 1.439049
0.498 4.669608 1.414412
0.499 4.665976 1.389846
0.500 4.658136 1.365340
0.501 4.650243 1.340917
0.502 4.643428 1.316624
0.503 4.639753 1.292845
0.504 4.635877 1.272306
0.505 4.627927 1.253335
0.506 4.619968 1.231607
0.507 4.611999 1.213872
0.508 4.604046 1.197685
0.509 4.595904 1.181550
0.510 4.585898 1.165519
0.511 4.571247 1.149539
0.512 4.562813 1.133603
0.513 4.554906 1.117720
0.514 4.547012 1.106062
0.515 4.539131 1.095031
0.516 4.531266 1.081148
0.517 4.523416 1.071685
0.518 4.515580 1.058131
0.519 4.507757 1.046549
0.520 4.499949 1.035211
0.521 4.492157 1.022778
0.522 4.484381 1.012367
0.523 4.476623 1.004323
0.524 4.468881 0.995953
0.525 4.461154 0.986595
0.526 4.453442 0.977960
0.527 4.445746 0.969357
0.528 4.438069 0.961213
0.529 4.433123 0.953339
0.530 4.429704 0.945554
0.531 4.424622 0.937869
0.532 4.417010 0.930475
0.533 4.409416 0.923506
0.534 4.401835 0.916549
0.535 4.394271 0.909611
0.536 4.386724 0.903199
0.537 4.382584 0.896997
0.538 4.379104 0.890853
0.539 4.373677 0.884723
0.540 4.366195 0.878610
0.541 4.358732 0.872519
0.542 4.352530 0.866583
0.543 4.350849 0.861140
0.544 4.345934 0.855816
0.545 4.338533 0.850507
0.546 4.332516 0.845218
0.547 4.330837 0.839950
0.548 4.325556 0.834694
0.549 4.318592 0.829795
0.550 4.313360 0.824950
0.551 4.309837 0.820064
0.552 4.306493 0.815211
0.553 4.301215 0.810727
0.554 4.299373 0.806256
0.555 4.293906 0.801799
0.556 4.286685 0.797357
0.557 4.280841 0.792930
0.558 4.280558 0.788508
0.559 4.274390 0.784688
0.560 4.271295 0.780577
0.561 4.268210 0.776480
0.562 4.263305 0.772576
0.563 4.260661 0.768454
0.564 4.256703 0.764473
0.565 4.252816 0.760697
0.566 4.249299 0.757055
0.567 4.246204 0.753421
0.568 4.241529 0.749797
0.569 4.238653 0.746179
0.570 4.235170 0.742571
0.571 4.229966 0.738972
0.572 4.228753 0.735386
0.573 4.223584 0.731807
0.574 4.219837 0.728234
0.575 4.218723 0.724667
0.576 4.211793 0.721113
0.577 4.209915 0.718073
0.578 4.209606 0.714932
0.579 4.208942 0.711450
0.580 4.202944 0.707926
0.581 4.200280 0.704809
0.582 4.197458 0.701707
0.583 4.192116 0.698360
0.584 4.190124 0.695354
0.585 4.186426 0.692465
0.586 4.182202 0.689547
0.587 4.179733 0.686309
0.588 4.179204 0.683232
0.589 4.177275 0.680302
0.590 4.173289 0.677512
0.591 4.170203 0.674730
0.592 4.168991 0.671732
0.593 4.168062 0.668623
0.594 4.164599 0.665538
0.595 4.161071 0.662720
0.596 4.158806 0.659968
0.597 4.158635 0.657222
0.598 4.155745 0.654484
0.599 4.152295 0.651753
0.600 4.148501 0.649027
0.601 4.145640 0.646306
0.602 4.142119 0.643590
0.603 4.138656 0.640879
0.604 4.138496 0.638177
0.605 4.136655 0.635649
0.606 4.133713 0.633236
0.607 4.129689 0.630935
0.608 4.128371 0.628370
0.609 4.127690 0.625693
0.610 4.125010 0.623025
0.611 4.121441 0.620362
0.612 4.118265 0.617756
0.613 4.118114 0.615363
0.614 4.117964 0.613047
0.615 4.117366 0.610708
0.616 4.114490 0.608072
0.617 4.111151 0.605620
0.618 4.107885 0.603281
0.619 4.107741 0.600994
0.620 4.105917 0.598526
0.621 4.102735 0.595913
0.622 4.099535 0.593627
0.623 4.097682 0.591333
0.624 4.097544 0.589027
0.625 4.094373 0.586778
0.626 4.091037 0.584512
0.627 4.088370 0.582183
0.628 4.087504 0.579956
0.629 4.087371 0.577749
0.630 4.087239 0.575397
0.631 4.084896 0.573159
0.632 4.080502 0.571029
0.633 4.078504 0.568665
0.634 4.077222 0.566373
0.635 4.077094 0.564307
0.636 4.076966 0.562003
0.637 4.076654 0.559596
0.638 4.071266 0.557597
0.639 4.067745 0.555632
0.640 4.067102 0.553720
0.641 4.066759 0.551389
0.642 4.066060 0.548961
0.643 4.060361 0.547064
0.644 4.056989 0.545134
0.645 4.056868 0.543161
0.646 4.056748 0.540893
0.647 4.056542 0.538549
0.648 4.054885 0.536670
0.649 4.052322 0.534792
0.650 4.048164 0.532919
0.651 4.046673 0.530895
0.652 4.046558 0.528794
0.653 4.046443 0.526614
0.654 4.045612 0.524506
0.655 4.042346 0.522650
0.656 4.039496 0.520798
0.657 4.037063 0.518948
0.658 4.036393 0.517103
0.659 4.036282 0.515253
0.660 4.036173 0.512966
0.661 4.034810 0.510771
0.662 4.029758 0.508848
0.663 4.026908 0.506972
0.664 4.026380 0.505146
0.665 4.026153 0.503324
0.666 4.026049 0.501502
0.667 4.025945 0.499686
0.668 4.025628 0.497871
0.669 4.023872 0.496063
0.670 4.021492 0.494256
0.671 4.017807 0.492453
0.672 4.015948 0.490653
0.673 4.015848 0.488855
0.674 4.015748 0.487061
0.675 4.015649 0.485269
0.676 4.012243 0.483483
0.677 4.008264 0.481697
0.678 4.006924 0.479918
0.679 4.005771 0.478139
0.680 4.005675 0.476364
0.681 4.005405 0.474591
0.682 4.004697 0.472822
0.683 4.002431 0.471055
0.684 3.997916 0.469292
0.685 3.995717 0.467532
0.686 3.995627 0.465775
0.687 3.995537 0.464021
0.688 3.995446 0.462268
0.689 3.995357 0.460520
0.690 3.995268 0.458773
0.691 3.992049 0.457032
0.692 3.988065 0.455292
0.693 3.986600 0.453556
0.694 3.985493 0.451822
0.695 3.985342 0.450129
0.696 3.985255 0.448439
0.697 3.984059 0.447153
0.698 3.982781 0.445861
0.699 3.979004 0.444143
0.700 3.975428 0.442425
0.701 3.975346 0.440713
0.702 3.975264 0.439000
0.703 3.975182 0.437293
0.704 3.975101 0.435617
0.705 3.975020 0.434325
0.706 3.974605 0.433008
0.707 3.969820 0.431375
0.708 3.965292 0.429738
0.709 3.965214 0.428047
0.710 3.965137 0.426360
0.711 3.965059 0.424850
0.712 3.964982 0.423339
0.713 3.964906 0.421945
0.714 3.964829 0.420551
0.715 3.961595 0.418896
0.716 3.958135 0.417221
0.717 3.956570 0.415917
0.718 3.955290 0.414669
0.719 3.954967 0.413119
0.720 3.954893 0.411491
0.721 3.953866 0.409936
0.722 3.952441 0.408412
0.723 3.949930 0.407000
0.724 3.946710 0.405661
0.725 3.945043 0.404170
0.726 3.944974 0.402522
0.727 3.944904 0.401022
0.728 3.944834 0.399776
0.729 3.944664 0.398461
0.730 3.944156 0.396913
0.731 3.943365 0.395391
0.732 3.939346 0.394154
0.733 3.935327 0.392917
0.734 3.934938 0.391531
0.735 3.934872 0.390131
0.736 3.934807 0.388720
0.737 3.934741 0.387306
0.738 3.934676 0.386008
0.739 3.934611 0.384804
0.740 3.933035 0.383490
0.741 3.928686 0.381975
0.742 3.924929 0.380495
0.743 3.924867 0.379238
0.744 3.924804 0.377980
0.745 3.924742 0.376657
0.746 3.924679 0.375327
0.747 3.924618 0.373920
0.748 3.924556 0.372476
0.749 3.922765 0.371144
0.750 3.918521 0.369972
0.751 3.914885 0.368761
0.752 3.914827 0.367324
0.753 3.914768 0.365888
0.754 3.914709 0.364771
0.755 3.914651 0.363706
0.756 3.912604 0.362444
0.757 3.909036 0.361031
0.758 3.906215 0.359683
0.759 3.905564 0.358521
0.760 3.904914 0.357360
0.761 3.904817 0.355961
0.762 3.904761 0.354545
0.763 3.904706 0.353346
0.764 3.904650 0.352295
0.765 3.903735 0.351158
0.766 3.900091 0.349752
0.767 3.896446 0.348346
0.768 3.895569 0.347220
0.769 3.895100 0.346134
0.770 3.894835 0.345071
0.771 3.894783 0.344031
0.772 3.894731 0.342966
0.773 3.894679 0.341646
0.774 3.894626 0.340326
0.775 3.891919 0.339127
0.776 3.887958 0.337984
0.777 3.884981 0.336869
0.778 3.884931 0.335840
0.779 3.884881 0.334810
0.780 3.884831 0.333783
0.781 3.884782 0.332757
0.782 3.884732 0.331615
0.783 3.884683 0.330257
0.784 3.884634 0.328900
0.785 3.881242 0.327796
0.786 3.877381 0.326728
0.787 3.874997 0.325681
0.788 3.874951 0.324665
0.789 3.874904 0.323650
0.790 3.874858 0.322637
0.791 3.874812 0.321625
0.792 3.874639 0.320614
0.793 3.874242 0.319605
0.794 3.873845 0.318596
0.795 3.870965 0.317590
0.796 3.867552 0.316584
0.797 3.865046 0.315580
0.798 3.865002 0.314578
0.799 3.864958 0.313577
0.800 3.864914 0.312321
0.801 3.864871 0.310956
0.802 3.864670 0.309632
0.803 3.863227 0.308637
0.804 3.861784 0.307642
0.805 3.859918 0.306648
0.806 3.857644 0.305656
0.807 3.855370 0.304665
0.808 3.855078 0.303694
0.809 3.855037 0.302726
0.810 3.854995 0.301838
0.811 3.854954 0.301191
0.812 3.854913 0.300544
0.813 3.853299 0.299698
0.814 3.850615 0.298716
0.815 3.847930 0.297735
0.816 3.846853 0.296756
0.817 3.845910 0.295778
0.818 3.845178 0.294801
0.819 3.845139 0.293826
0.820 3.845101 0.292852
0.821 3.845062 0.291879
0.822 3.845024 0.290908
0.823 3.844986 0.289937
0.824 3.842189 0.288968
0.825 3.838692 0.288000
0.826 3.835380 0.287042
0.827 3.835343 0.286265
0.828 3.835306 0.285489
0.829 3.835269 0.284703
0.830 3.835232 0.283897
0.831 3.835196 0.283091
0.832 3.834641 0.282207
0.833 3.833586 0.281249
0.834 3.832531 0.280291
0.835 3.830527 0.279499
0.836 3.828136 0.278775
0.837 3.825746 0.278051
0.838 3.825454 0.277218
0.839 3.825419 0.276373
0.840 3.825384 0.275522
0.841 3.825350 0.274574
0.842 3.825316 0.273626
0.843 3.824723 0.272735
0.844 3.821835 0.272076
0.845 3.818947 0.271417
0.846 3.816830 0.270682
0.847 3.816354 0.269785
0.848 3.815878 0.268888
0.849 3.815589 0.268066
0.850 3.815556 0.267349
0.851 3.815524 0.266631
0.852 3.815345 0.265871
0.853 3.815024 0.265070
0.854 3.814703 0.264269
0.855 3.812880 0.263561
0.856 3.809926 0.262922
0.857 3.806971 0.262283
0.858 3.805809 0.261467
0.859 3.805778 0.260539
0.860 3.805746 0.259611
0.861 3.805715 0.258886
0.862 3.805685 0.258278
0.863 3.805654 0.257670
0.864 3.804035 0.257021
0.865 3.801514 0.256349
0.866 3.798994 0.255677
0.867 3.797614 0.254937
0.868 3.796936 0.254156
0.869 3.796257 0.253375
0.870 3.795954 0.252654
0.871 3.795925 0.251978
0.872 3.795895 0.251301
0.873 3.795671 0.250682
0.874 3.795264 0.250116
0.875 3.794858 0.249550
0.876 3.793452 0.248952
0.877 3.790742 0.248312
0.878 3.788033 0.247672
0.879 3.786206 0.247045
0.880 3.786178 0.246444
0.881 3.786151 0.245843
0.882 3.786123 0.245211
0.883 3.786096 0.244460
0.884 3.786068 0.243709
0.885 3.785889 0.242973
0.886 3.782959 0.242515
0.887 3.780028 0.242056
0.888 3.777098 0.241598
0.889 3.776646 0.240879
0.890 3.776532 0.240125
0.891 3.776419 0.239371
0.892 3.776365 0.238822
0.893 3.776339 0.238367
0.894 3.776314 0.237912
0.895 3.776288 0.237401
0.896 3.776263 0.236826
0.897 3.776237 0.236252
0.898 3.775618 0.235667
0.899 3.772963 0.235044
0.900 3.770309 0.234422
0.901 3.767654 0.233799
0.902 3.767262 0.233343
0.903 3.766963 0.232893
0.904 3.766663 0.232443
0.905 3.766549 0.231994
0.906 3.766525 0.231546
0.907 3.766501 0.231097
0.908 3.766055 0.230607
0.909 3.764855 0.230043
0.910 3.763655 0.229478
0.911 3.762445 0.228913
0.912 3.760765 0.228303
0.913 3.759086 0.227692
0.914 3.757407 0.227082
0.915 3.756822 0.226582
0.916 3.756799 0.226138
0.917 3.756776 0.225695
0.918 3.756753 0.225253
0.919 3.756731 0.224811
0.920 3.756708 0.224370
0.921 3.756685 0.223928
0.922 3.754284 0.223488
0.923 3.751500 0.223048
0.924 3.748716 0.222608
0.925 3.747104 0.222169
0.926 3.747082 0.221731
0.927 3.747060 0.221293
0.928 3.747039 0.220855
0.929 3.747018 0.220418
0.930 3.746997 0.219982
0.931 3.746977 0.219545
0.932 3.746785 0.219109
0.933 3.746400 0.218675
0.934 3.746016 0.218240
0.935 3.745632 0.217805
0.936 3.743379 0.217372
0.937 3.741040 0.216939
0.938 3.738701 0.216505
0.939 3.737322 0.216100
0.940 3.737302 0.215736
0.941 3.737283 0.215371
0.942 3.737263 0.215007
0.943 3.737244 0.214754
0.944 3.737225 0.214522
0.945 3.737206 0.214290
0.946 3.736932 0.214009
0.947 3.735885 0.213581
0.948 3.734839 0.213152
0.949 3.733793 0.212724
0.950 3.732402 0.212297
0.951 3.730803 0.211871
0.952 3.729205 0.211444
0.953 3.727607 0.211018
0.954 3.727545 0.210844
0.955 3.727527 0.210677
0.956 3.727509 0.210510
0.957 3.727490 0.210268
0.958 3.727473 0.209845
0.959 3.727455 0.209422
0.960 3.727437 0.208999
0.961 3.726308 0.208688
0.962 3.724390 0.208456
0.963 3.722471 0.208225
0.964 3.720552 0.207994
0.965 3.719707 0.207656
0.966 3.719055 0.207300
0.967 3.718404 0.206943
0.968 3.717803 0.206601
0.969 3.717786 0.206424
0.970 3.717769 0.206248
0.971 3.717752 0.206071
0.972 3.717735 0.205828
0.973 3.717719 0.205421
0.974 3.717702 0.205013
0.975 3.717686 0.204605
0.976 3.717233 0.204183
0.977 3.716265 0.203744
0.978 3.715297 0.203306
0.979 3.714329 0.202867
0.980 3.713452 0.202454
0.981 3.712635 0.202058
0.982 3.711819 0.201662
0.983 3.711002 0.201266
0.984 3.710464 0.201003
0.985 3.710037 0.200793
0.986 3.709611 0.200583
0.987 3.709184 0.200372
0.988 3.708796 0.200337
0.989 3.708418 0.200346
0.990 3.708039 0.200354
0.991 3.707661 0.200363
0.992 3.707265 0.200073
0.993 3.706865 0.199729
0.994 3.706465 0.199385
0.995 3.706065 0.199041
0.996 3.705668 0.198802
0.997 3.705272 0.198578
0.998 3.704876 0.198354
0.999 3.704480 0.198131
1.000 3.704135 0.197747
1.001 3.703798 0.197335
1.002 3.703462 0.196924
1.003 3.703125 0.196512
1.004 3.702797 0.196100
1.005 3.702470 0.195687
1.006 3.702144 0.195275
1.007 3.701818 0.194862
1.008 3.701481 0.194531
1.009 3.701140 0.194229
1.010 3.700799 0.193928
1.011 3.700459 0.193626
1.012 3.700120 0.193393
1.013 3.699783 0.193203
1.014 3.699446 0.193013
1.015 3.699109 0.192822
1.016 3.698788 0.192635
1.017 3.698485 0.192450
1.018 3.698182 0.192265
1.019 3.697879 0.192081
1.020 3.697563 0.191807
1.021 3.697214 0.191322
1.022 3.696865 0.190836
1.023 3.696516 0.190350
1.024 3.696172 0.189887
1.025 3.695890 0.189679
1.026 3.695608 0.189471
1.027 3.695326 0.189263
1.028 3.695044 0.189055
1.029 3.694777 0.188880
1.030 3.694514 0.188712
1.031 3.694251 0.188544
1.032 3.693987 0.188376
1.033 3.693701 0.188088
1.034 3.693397 0.187702
1.035 3.693092 0.187315
1.036 3.692787 0.186928
1.037 3.692483 0.186542
1.038 3.692183 0.186158
1.039 3.691883 0.185775
1.040 3.691582 0.185391
1.041 3.691282 0.185008
1.042 3.690986 0.184613
1.043 3.690690 0.184216
1.044 3.690395 0.183819
1.045 3.690099 0.183422
1.046 3.689800 0.183030
1.047 3.689498 0.182642
1.048 3.689195 0.182255
1.049 3.688893 0.181868
1.050 3.688592 0.181483
1.051 3.688310 0.181139
1.052 3.688029 0.180795
1.053 3.687748 0.180452
1.054 3.687467 0.180108
1.055 3.687196 0.179821
1.056 3.686934 0.179576
1.057 3.686672 0.179331
1.058 3.686410 0.179086
1.059 3.686148 0.178844
1.060 3.685885 0.178645
1.061 3.685621 0.178445
1.062 3.685358 0.178246
1.063 3.685094 0.178047
1.064 3.684847 0.177760
1.065 3.684614 0.177393
1.066 3.684381 0.177026
1.067 3.684148 0.176660
1.068 3.683915 0.176293
1.069 3.683665 0.175908
1.070 3.683414 0.175522
1.071 3.683163 0.175136
1.072 3.682913 0.174750
1.073 3.682655 0.174304
1.074 3.682382 0.173727
1.075 3.682109 0.173151
1.076 3.681835 0.172575
1.077 3.681562 0.171999
1.078 3.681309 0.171496
1.079 3.681065 0.171032
1.080 3.680822 0.170568
1.081 3.680579 0.170104
1.082 3.680335 0.169640
1.083 3.680074 0.169367
1.084 3.679813 0.169106
1.085 3.679551 0.168844
1.086 3.679289 0.168582
1.087 3.679030 0.168334
1.088 3.678782 0.168142
1.089 3.678535 0.167949
1.090 3.678287 0.167757
1.091 3.678040 0.167564
1.092 3.677797 0.167300
1.093 3.677562 0.166933
1.094 3.677327 0.166566
1.095 3.677091 0.166200
1.096 3.676856 0.165833
1.097 3.676624 0.165462
1.098 3.676395 0.165089
1.099 3.676166 0.164715
1.100 3.675937 0.164342
1.101 3.675707 0.163968
1.102 3.675498 0.163618
1.103 3.675296 0.163277
1.104 3.675094 0.162935
1.105 3.674892 0.162594
1.106 3.674690 0.162253
1.107 3.674473 0.161877
1.108 3.674251 0.161491
1.109 3.674030 0.161105
1.110 3.673808 0.160719
1.111 3.673587 0.160333
1.112 3.673361 0.160056
1.113 3.673134 0.159801
1.114 3.672907 0.159546
1.115 3.672679 0.159292
1.116 3.672452 0.159037
1.117 3.672226 0.158776
1.118 3.672000 0.158513
1.119 3.671773 0.158250
1.120 3.671547 0.157988
1.121 3.671321 0.157725
1.122 3.671089 0.157428
1.123 3.670856 0.157119
1.124 3.670622 0.156811
1.125 3.670389 0.156503
1.126 3.670156 0.156195
1.127 3.669945 0.155891
1.128 3.669744 0.155588
1.129 3.669543 0.155285
1.130 3.669342 0.154982
1.131 3.669142 0.154679
1.132 3.668937 0.154357
1.133 3.668730 0.154018
1.134 3.668523 0.153680
1.135 3.668316 0.153341
1.136 3.668108 0.153003
1.137 3.667899 0.152667
1.138 3.667686 0.152336
1.139 3.667472 0.152005
1.140 3.667258 0.151673
1.141 3.667045 0.151342
1.142 3.666833 0.151029
1.143 3.666636 0.150865
1.144 3.666438 0.150701
1.145 3.666241 0.150538
1.146 3.666044 0.150374
1.147 3.665846 0.150210
1.148 3.665639 0.150056
1.149 3.665429 0.149904
1.150 3.665219 0.149751
1.151 3.665009 0.149599
1.152 3.664800 0.149447
1.153 3.664608 0.149306
1.154 3.664435 0.149177
1.155 3.664263 0.149049
1.156 3.664091 0.148920
1.157 3.663918 0.148791
1.158 3.663745 0.148658
1.159 3.663559 0.148481
1.160 3.663373 0.148303
1.161 3.663188 0.148126
1.162 3.663002 0.147949
1.163 3.662816 0.147772
1.164 3.662643 0.147616
1.165 3.662475 0.147471
1.166 3.662308 0.147326
1.167 3.662140 0.147182
1.168 3.661973 0.147037
1.169 3.661803 0.146892
1.170 3.661619 0.146747
1.171 3.661436 0.146602
1.172 3.661253 0.146457
1.173 3.661070 0.146312
1.174 3.660886 0.146167
1.175 3.660707 0.146036
1.176 3.660529 0.145912
1.177 3.660352 0.145789
1.178 3.660175 0.145666
1.179 3.659998 0.145543
1.180 3.659821 0.145422
1.181 3.659653 0.145385
1.182 3.659484 0.145347
1.183 3.659316 0.145309
1.184 3.659148 0.145271
1.185 3.658980 0.145233
1.186 3.658810 0.145110
1.187 3.658637 0.144852
1.188 3.658465 0.144594
1.189 3.658292 0.144336
1.190 3.658120 0.144078
1.191 3.657947 0.143820
1.192 3.657771 0.143657
1.193 3.657593 0.143537
1.194 3.657415 0.143417
1.195 3.657237 0.143297
1.196 3.657059 0.143177
1.197 3.656881 0.143057
1.198 3.656714 0.143002
1.199 3.656547 0.142952
1.200 3.656381 0.142901
1.201 3.656214 0.142851
1.202 3.656048 0.142800
1.203 3.655884 0.142736
1.204 3.655737 0.142567
1.205 3.655590 0.142398
1.206 3.655443 0.142229
1.207 3.655296 0.142060
1.208 3.655149 0.141891
1.209 3.654997 0.141725
1.210 3.654828 0.141566
1.211 3.654658 0.141408
1.212 3.654489 0.141250
1.213 3.654320 0.141092
1.214 3.654150 0.140933
1.215 3.653980 0.140791
1.216 3.653807 0.140680
1.217 3.653634 0.140569
1.218 3.653461 0.140459
1.219 3.653288 0.140348
1.220 3.653116 0.140238
1.221 3.652945 0.140076
1.222 3.652777 0.139816
1.223 3.652609 0.139556
1.224 3.652442 0.139296
1.225 3.652274 0.139036
1.226 3.652106 0.138776
1.227 3.651940 0.138547
1.228 3.651777 0.138389
1.229 3.651615 0.138232
1.230 3.651452 0.138074
1.231 3.651289 0.137917
1.232 3.651126 0.137759
1.233 3.650964 0.137630
1.234 3.650806 0.137619
1.235 3.650648 0.137608
1.236 3.650490 0.137597
1.237 3.650332 0.137586
1.238 3.650173 0.137575
1.239 3.650015 0.137562
1.240 3.649862 0.137470
1.241 3.649709 0.137378
1.242 3.649556 0.137285
1.243 3.649403 0.137193
1.244 3.649250 0.137101
1.245 3.649097 0.137009
1.246 3.648948 0.136852
1.247 3.648800 0.136680
1.248 3.648651 0.136508
1.249 3.648503 0.136336
1.250 3.648355 0.136163
1.251 3.648206 0.135991
1.252 3.648060 0.135840
1.253 3.647916 0.135709
1.254 3.647772 0.135579
1.255 3.647628 0.135448
1.256 3.647483 0.135317
1.257 3.647339 0.135187
1.258 3.647196 0.135055
1.259 3.647055 0.134915
1.260 3.646915 0.134776
1.261 3.646774 0.134636
1.262 3.646634 0.134496
1.263 3.646494 0.134357
1.264 3.646353 0.134217
1.265 3.646217 0.134118
1.266 3.646081 0.134034
1.267 3.645946 0.133949
1.268 3.645811 0.133864
1.269 3.645676 0.133780
1.270 3.645541 0.133695
1.271 3.645407 0.133606
1.272 3.645276 0.133503
1.273 3.645145 0.133401
1.274 3.645014 0.133298
1.275 3.644884 0.133195
1.276 3.644753 0.133093
1.277 3.644622 0.132990
1.278 3.644494 0.132856
1.279 3.644367 0.132709
1.280 3.644239 0.132563
1.281 3.644112 0.132416
1.282 3.643985 0.132269
1.283 3.643857 0.132122
1.284 3.643730 0.131966
1.285 3.643607 0.131711
1.286 3.643484 0.131456
1.287 3.643360 0.131201
1.288 3.643237 0.130946
1.289 3.643113 0.130692
1.290 3.642990 0.130437
1.291 3.642868 0.130232
1.292 3.642749 0.130103
1.293 3.642630 0.129975
1.294 3.642511 0.129846
1.295 3.642391 0.129717
1.296 3.642272 0.129588
1.297 3.642153 0.129459
1.298 3.642036 0.129356
1.299 3.641921 0.129268
1.300 3.641806 0.129180
1.301 3.641690 0.129092
1.302 3.641575 0.129004
1.303 3.641460 0.128916
1.304 3.641344 0.128828
1.305 3.641232 0.128661
1.306 3.641120 0.128475
1.307 3.641008 0.128289
1.308 3.640896 0.128103
1.309 3.640784 0.127917
1.310 3.640671 0.127731
1.311 3.640559 0.127545
1.312 3.640451 0.127284
1.313 3.640342 0.127015
1.314 3.640233 0.126747
1.315 3.640125 0.126478
1.316 3.640016 0.126210
1.317 3.639908 0.125941
1.318 3.639799 0.125672
1.319 3.639694 0.125467
1.320 3.639589 0.125266
1.321 3.639484 0.125066
1.322 3.639378 0.124865
1.323 3.639273 0.124664
1.324 3.639168 0.124463
1.325 3.639063 0.124262
1.326 3.638961 0.124195
1.327 3.638860 0.124146
1.328 3.638759 0.124096
1.329 3.638657 0.124046
1.330 3.638556 0.123996
1.331 3.638455 0.123946
1.332 3.638353 0.123897
1.333 3.638255 0.123807
1.334 3.638157 0.123706
1.335 3.638059 0.123604
1.336 3.637961 0.123503
1.337 3.637863 0.123401
1.338 3.637765 0.123300
1.339 3.637668 0.123198
1.340 3.637572 0.123084
1.341 3.637478 0.122960
1.342 3.637384 0.122836
1.343 3.637290 0.122711
1.344 3.637196 0.122587
1.345 3.637102 0.122463
1.346 3.637008 0.122339
1.347 3.636915 0.122173
1.348 3.636823 0.121901
1.349 3.636731 0.121629
1.350 3.636639 0.121356
1.351 3.636548 0.121084
1.352 3.636456 0.120812
1.353 3.636364 0.120539
1.354 3.636272 0.120267
1.355 3.636184 0.120063
1.356 3.636096 0.119866
1.357 3.636007 0.119668
1.358 3.635919 0.119471
1.359 3.635831 0.119273
1.360 3.635743 0.119075
1.361 3.635655 0.118878
1.362 3.635568 0.118650
1.363 3.635484 0.118390
1.364 3.635400 0.118129
1.365 3.635315 0.117869
1.366 3.635231 0.117608
1.367 3.635147 0.117348
1.368 3.635062 0.117087
1.369 3.634978 0.116827
1.370 3.634897 0.116608
1.371 3.634817 0.116391
1.372 3.634737 0.116174
1.373 3.634657 0.115957
1.374 3.634577 0.115740
1.375 3.634496 0.115524
1.376 3.634416 0.115307
1.377 3.634336 0.115084
1.378 3.634257 0.114850
1.379 3.634177 0.114616
1.380 3.634097 0.114383
1.381 3.634018 0.114149
1.382 3.633938 0.113915
1.383 3.633859 0.113681
1.384 3.633779 0.113447
1.385 3.633701 0.113251
1.386 3.633624 0.113073
1.387 3.633548 0.112896
1.388 3.633471 0.112719
1.389 3.633394 0.112542
1.390 3.633317 0.112365
1.391 3.633240 0.112188
1.392 3.633164 0.112011
1.393 3.633091 0.111851
1.394 3.633018 0.111695
1.395 3.632946 0.111538
1.396 3.632874 0.111381
1.397 3.632801 0.111225
1.398 3.632729 0.111068
1.399 3.632657 0.110912
1.400 3.632585 0.110754
1.401 3.632517 0.110487
1.402 3.632449 0.110221
1.403 3.632381 0.109954
1.404 3.632314 0.109688
1.405 3.632246 0.109422
1.406 3.632178 0.109155
1.407 3.632111 0.108889
1.408 3.632043 0.108627
1.409 3.631976 0.108445
1.410 3.631909 0.108263
1.411 3.631842 0.108080
1.412 3.631776 0.107898
1.413 3.631709 0.107716
1.414 3.631642 0.107534
1.415 3.631575 0.107352
1.416 3.631508 0.107169
1.417 3.631445 0.106901
1.418 3.631382 0.106634
1.419 3.631319 0.106367
1.420 3.631256 0.106100
1.421 3.631193 0.105833
1.422 3.631130 0.105565
1.423 3.631067 0.105298
1.424 3.631004 0.105031
1.425 3.630946 0.104874
1.426 3.630889 0.104734
1.427 3.630832 0.104593
1.428 3.630775 0.104453
1.429 3.630718 0.104313
1.430 3.630661 0.104173
1.431 3.630604 0.104032
1.432 3.630547 0.103892
1.433 3.630494 0.103702
1.434 3.630443 0.103484
1.435 3.630392 0.103266
1.436 3.630341 0.103048
1.437 3.630290 0.102829
1.438 3.630240 0.102611
1.439 3.630189 0.102393
1.440 3.630138 0.102175
1.441 3.630088 0.101952
1.442 3.630043 0.101720
1.443 3.629997 0.101488
1.444 3.629951 0.101256
1.445 3.629905 0.101024
1.446 3.629859 0.100792
1.447 3.629814 0.100560
1.448 3.629768 0.100329
1.449 3.629722 0.100097
1.450 3.629683 0.099920
1.451 3.629644 0.099752
1.452 3.629605 0.099583
1.453 3.629566 0.099415
1.454 3.629528 0.099246
1.455 3.629489 0.099078
1.456 3.629450 0.098909
1.457 3.629412 0.098741
1.458 3.629376 0.098540
1.459 3.629346 0.098282
1.460 3.629316 0.098024
1.461 3.629286 0.097766
1.462 3.629255 0.097507
1.463 3.629225 0.097249
1.464 3.629195 0.096991
1.465 3.629165 0.096732
1.466 3.629135 0.096474
1.467 3.629112 0.096258
1.468 3.629092 0.096058
1.469 3.629072 0.095858
1.470 3.629052 0.095658
1.471 3.629032 0.095458
1.472 3.629011 0.095257
1.473 3.628991 0.095057
1.474 3.628971 0.094857
1.475 3.628951 0.094657
1.476 3.628945 0.094280
1.477 3.628938 0.093904
1.478 3.628932 0.093527
1.479 3.628925 0.093151
1.480 3.628918 0.092774
1.481 3.628912 0.092398
1.482 3.628905 0.092021
1.483 3.628899 0.091645
1.484 3.628895 0.091278
1.485 3.628902 0.090959
1.486 3.628910 0.090639
1.487 3.628918 0.090320
1.488 3.628926 0.090001
1.489 3.628934 0.089682
1.490 3.628942 0.089362
1.491 3.628950 0.089043
1.492 3.628957 0.088724
1.493 3.628969 0.088421
1.494 3.628994 0.088173
1.495 3.629018 0.087925
1.496 3.629043 0.087677
1.497 3.629068 0.087430
1.498 3.629093 0.087182
1.499 3.629117 0.086934
1.500 3.629142 0.086686
1.501 3.629167 0.086438
1.502 3.629195 0.086188
1.503 3.629241 0.085927
1.504 3.629287 0.085666
1.505 3.629333 0.085404
1.506 3.629379 0.085143
1.507 3.629425 0.084882
1.508 3.629471 0.084621
1.509 3.629517 0.084359
1.510 3.629563 0.084098
1.511 3.629609 0.083836
1.512 3.629692 0.083512
1.513 3.629775 0.083187
1.514 3.629858 0.082863
1.515 3.629941 0.082539
1.516 3.630024 0.082215
1.517 3.630107 0.081891
1.518 3.630190 0.081567
1.519 3.630273 0.081243
1.520 3.630356 0.080919
1.521 3.630469 0.080559
1.522 3.630593 0.080188
1.523 3.630716 0.079816
1.524 3.630840 0.079444
1.525 3.630964 0.079072
1.526 3.631087 0.078701
1.527 3.631211 0.078329
1.528 3.631334 0.077957
1.529 3.631458 0.077586
1.530 3.631600 0.077209
1.531 3.631776 0.076823
1.532 3.631952 0.076438
1.533 3.632128 0.076053
1.534 3.632304 0.075667
1.535 3.632480 0.075282
1.536 3.632656 0.074896
1.537 3.632832 0.074511
1.538 3.633008 0.074125
1.539 3.633184 0.073740
1.540 3.633421 0.073341
1.541 3.633668 0.072940
1.542 3.633915 0.072540
1.543 3.634162 0.072139
1.544 3.634409 0.071739
1.545 3.634656 0.071338
1.546 3.634903 0.070937
1.547 3.635151 0.070537
1.548 3.635398 0.070136
1.549 3.635667 0.069720
1.550 3.636006 0.069257
1.551 3.636346 0.068794
1.552 3.636685 0.068331
1.553 3.637025 0.067868
1.554 3.637364 0.067404
1.555 3.637704 0.066941
1.556 3.638043 0.066478
1.557 3.638383 0.066015
1.558 3.638722 0.065551
1.559 3.639108 0.065014
1.560 3.639541 0.064400
1.561 3.639974 0.063787
1.562 3.640407 0.063174
1.563 3.640840 0.062560
1.564 3.641273 0.061947
1.565 3.641706 0.061334
1.566 3.642139 0.060720
1.567 3.642572 0.060107
1.568 3.643005 0.059494
1.569 3.643475 0.058918
1.570 3.643966 0.058365
1.571 3.644458 0.057812
1.572 3.644949 0.057259
1.573 3.645440 0.056705
1.574 3.645932 0.056152
1.575 3.646423 0.055599
1.576 3.646914 0.055046
1.577 3.647405 0.054493
1.578 3.647897 0.053940
1.579 3.648369 0.053328
1.580 3.648831 0.052684
1.581 3.649293 0.052040
1.582 3.649755 0.051396
1.583 3.650217 0.050752
1.584 3.650679 0.050107
1.585 3.651141 0.049463
1.586 3.651603 0.048819
1.587 3.652065 0.048175
1.588 3.652526 0.047531
1.589 3.652862 0.046810
1.590 3.653082 0.046018
1.591 3.653302 0.045226
1.592 3.653522 0.044434
1.593 3.653741 0.043642
1.594 3.653961 0.042850
1.595 3.654181 0.042058
1.596 3.654401 0.041266
1.597 3.654621 0.040474
1.598 3.654840 0.039682
1.599 3.655060 0.038890
1.600 3.655088 0.038020
1.601 3.655036 0.037118
1.602 3.654985 0.036215
1.603 3.654934 0.035313
1.604 3.654883 0.034410
1.605 3.654831 0.033508
1.606 3.654780 0.032605
1.607 3.654729 0.031703
1.608 3.654678 0.030800
1.609 3.654626 0.029898
1.610 3.654575 0.028995
1.611 3.654269 0.028201
1.612 3.653877 0.027441
1.613 3.653486 0.026682
1.614 3.653095 0.025923
1.615 3.652704 0.025164
1.616 3.652313 0.024405
1.617 3.651922 0.023646
1.618 3.651531 0.022886
1.619 3.651140 0.022127
1.620 3.650748 0.021368
1.621 3.650357 0.020609
1.622 3.649773 0.019900
1.623 3.649080 0.019219
1.624 3.648386 0.018539
1.625 3.647693 0.017858
1.626 3.647000 0.017177
1.627 3.646307 0.016496
1.628 3.645613 0.015816
1.629 3.644920 0.015135
1.630 3.644227 0.014454
1.631 3.643534 0.013774
1.632 3.642840 0.013093
1.633 3.642084 0.012495
1.634 3.641221 0.012034
1.635 3.640359 0.011573
1.636 3.639497 0.011112
1.637 3.638634 0.010651
1.638 3.637772 0.010190
1.639 3.636910 0.009729
1.640 3.636047 0.009268
1.641 3.635185 0.008807
1.642 3.634323 0.008346
1.643 3.633461 0.007885
1.644 3.632598 0.007424
1.645 3.631674 0.007175
1.646 3.630746 0.006936
1.647 3.629818 0.006698
1.648 3.628890 0.006460
1.649 3.627963 0.006221
1.650 3.627035 0.005983
1.651 3.626107 0.005744
1.652 3.625180 0.005506
1.653 3.624252 0.005267
1.654 3.623324 0.005029
1.655 3.622397 0.004791
1.656 3.621487 0.004579
1.657 3.620607 0.004413
1.658 3.619727 0.004247
1.659 3.618847 0.004081
1.660 3.617967 0.003915
1.661 3.617088 0.003749
1.662 3.616208 0.003583
1.663 3.615328 0.003417
1.664 3.614448 0.003251
1.665 3.613568 0.003085
1.666 3.612689 0.002919
1.667 3.611809 0.002753
1.668 3.610987 0.002662
1.669 3.610201 0.002617
1.670 3.609415 0.002572
1.671 3.608629 0.002527
1.672 3.607843 0.002482
1.673 3.607057 0.002437
1.674 3.606271 0.002392
1.675 3.605484 0.002347
1.676 3.604698 0.002302
1.677 3.603912 0.002257
1.678 3.603126 0.002212
1.679 3.602340 0.002167
1.680 3.601634 0.002108
1.681 3.600962 0.002044
1.682 3.600290 0.001979
1.683 3.599618 0.001914
1.684 3.598946 0.001850
1.685 3.598273 0.001785
1.686 3.597601 0.001721
1.687 3.596929 0.001656
1.688 3.596257 0.001592
1.689 3.595585 0.001527
1.690 3.594912 0.001463
1.691 3.594240 0.001398
1.692 3.593624 0.001360
1.693 3.593042 0.001339
1.694 3.592460 0.001317
1.695 3.591878 0.001296
1.696 3.591296 0.001275
1.697 3.590714 0.001253
1.698 3.590132 0.001232
1.699 3.589550 0.001210
1.700 3.588969 0.001189
1.701 3.588387 0.001167
1.702 3.587805 0.001146
1.703 3.587223 0.001125
1.704 3.586669 0.001109
1.705 3.586164 0.001105
1.706 3.585660 0.001100
1.707 3.585156 0.001096
1.708 3.584651 0.001091
1.709 3.584147 0.001087
1.710 3.583643 0.001082
1.711 3.583139 0.001078
1.712 3.582634 0.001073
1.713 3.582130 0.001069
1.714 3.581626 0.001064
1.715 3.581121 0.001060
1.716 3.580617 0.001055
1.717 3.580162 0.001033
1.718 3.579712 0.001009
1.719 3.579261 0.000985
1.720 3.578810 0.000961
1.721 3.578360 0.000937
1.722 3.577909 0.000913
1.723 3.577459 0.000889
1.724 3.577008 0.000864
1.725 3.576557 0.000840
1.726 3.576107 0.000816
1.727 3.575656 0.000792
1.728 3.575206 0.000768
1.729 3.574765 0.000746
1.730 3.574347 0.000729
1.731 3.573929 0.000712
1.732 3.573511 0.000695
1.733 3.573093 0.000677
1.734 3.572675 0.000660
1.735 3.572257 0.000643
1.736 3.571839 0.000626
1.737 3.571421 0.000609
1.738 3.571003 0.000592
1.739 3.570585 0.000574
1.740 3.570168 0.000557
1.741 3.569750 0.000540
1.742 3.569335 0.000523
1.743 3.568924 0.000506
1.744 3.568513 0.000489
1.745 3.568102 0.000472
1.746 3.567691 0.000455
1.747 3.567280 0.000439
1.748 3.566869 0.000422
1.749 3.566458 0.000405
1.750 3.566047 0.000388
1.751 3.565636 0.000371
1.752 3.565225 0.000354
1.753 3.564814 0.000337
1.754 3.564403 0.000320
1.755 3.563995 0.000303
1.756 3.563592 0.000287
1.757 3.563188 0.000270
1.758 3.562784 0.000253
1.759 3.562381 0.000237
1.760 3.561977 0.000220
1.761 3.561573 0.000204
1.762 3.561170 0.000187
1.763 3.560766 0.000170
1.764 3.560362 0.000154
1.765 3.559959 0.000137
1.766 3.559555 0.000120
1.767 3.559152 0.000104
1.768 3.558750 0.000090
1.769 3.558353 0.000083
1.770 3.557956 0.000076
1.771 3.557559 0.000069
1.772 3.557162 0.000062
1.773 3.556766 0.000056
1.774 3.556369 0.000049
1.775 3.555972 0.000042
1.776 3.555575 0.000035
1.777 3.555178 0.000028
1.778 3.554781 0.000021
1.779 3.554385 0.000015
1.780 3.553988 0.000008
1.781 3.553591 0.000001
1.782 3.553200 0.000000
1.783 3.552810 0.000000
1.784 3.552420 0.000000
1.785 3.552030 0.000000
1.786 3.551640 0.000000
1.787 3.551250 0.000000
1.788 3.550861 0.000000
1.789 3.550471 0.000000
1.790 3.550081 0.000000
1.791 3.549691 0.000000
1.792 3.549301 0.000000
1.793 3.548911 0.000000
1.794 3.548521 0.000000
1.795 3.548133 0.000000
1.796 3.547749 0.000000
1.797 3.547366 0.000000
1.798 3.546982 0.000000
1.799 3.546599 0.000000
1.800 3.546216 0.000000
1.801 3.545832 0.000000
1.802 3.545449 0.000000
1.803 3.545065 0.000000
1.804 3.544682 0.000000
1.805 3.544298 0.000000
1.806 3.543915 0.000000
1.807 3.543532 0.000000
1.808 3.543148 0.000000
1.809 3.542768 0.000000
1.810 3.542391 0.000000
1.811 3.542014 0.000000
1.812 3.541636 0.000000
1.813 3.541259 0.000000
1.814 3.540882 0.000000
1.815 3.540505 0.000000
1.816 3.540128 0.000000
1.817 3.539751 0.000000
1.818 3.539374 0.000000
1.819 3.538997 0.000000
1.820 3.538620 0.000000
1.821 3.538243 0.000000
1.822 3.537865 0.000000
1.823 3.537491 0.000000
1.824 3.537121 0.000000
1.825 3.536750 0.000000
1.826 3.536379 0.000000
1.827 3.536009 0.000000
1.828 3.535638 0.000000
1.829 3.535268 0.000000
1.830 3.534897 0.000000
1.831 3.534527 0.000000
1.832 3.534156 0.000000
1.833 3.533785 0.000000
1.834 3.533415 0.000000
1.835 3.533044 0.000000
1.836 3.532674 0.000000
1.837 3.532304 0.000000
1.838 3.531940 0.000000
1.839 3.531575 0.000000
1.840 3.531211 0.000000
1.841 3.530846 0.000000
1.842 3.530482 0.000000
1.843 3.530117 0.000000
1.844 3.529753 0.000000
1.845 3.529388 0.000000
1.846 3.529024 0.000000
1.847 3.528660 0.000000
1.848 3.528295 0.000000
1.849 3.527931 0.000000
1.850 3.527566 0.000000
1.851 3.527202 0.000000
1.852 3.526842 0.000000
1.853 3.526483 0.000000
1.854 3.526125 0.000000
1.855 3.525767 0.000000
1.856 3.525409 0.000000
1.857 3.525051 0.000000
1.858 3.524693 0.000000
1.859 3.524335 0.000000
1.860 3.523976 0.000000
1.861 3.523618 0.000000
1.862 3.523260 0.000000
1.863 3.522902 0.000000
1.864 3.522544 0.000000
1.865 3.522186 0.000000
1.866 3.521828 0.000000
1.867 3.521475 0.000000
1.868 3.521123 0.000000
1.869 3.520770 0.000000
1.870 3.520418 0.000000
1.871 3.520066 0.000000
1.872 3.519713 0.000000
1.873 3.519361 0.000000
1.874 3.519009 0.000000
1.875 3.518656 0.000000
1.876 3.518304 0.000000
1.877 3.517951 0.000000
1.878 3.517599 0.000000
1.879 3.517247 0.000000
1.880 3.516894 0.000000
1.881 3.516542 0.000000
1.882 3.516197 0.000000
1.883 3.515851 0.000000
1.884 3.515505 0.000000
1.885 3.515159 0.000000
1.886 3.514813 0.000000
1.887 3.514467 0.000000
1.888 3.514121 0.000000
1.889 3.513775 0.000000
1.890 3.513430 0.000000
1.891 3.513084 0.000000
1.892 3.512738 0.000000
1.893 3.512392 0.000000
1.894 3.512046 0.000000
1.895 3.511700 0.000000
1.896 3.511354 0.000000
1.897 3.511014 0.000000
1.898 3.510673 0.000000
1.899 3.510333 0.000000
1.900 3.509993 0.000000
1.901 3.509653 0.000000
1.902 3.509312 0.000000
1.903 3.508972 0.000000
1.904 3.508632 0.000000
1.905 3.508292 0.000000
1.906 3.507951 0.000000
1.907 3.507611 0.000000
1.908 3.507271 0.000000
1.909 3.506931 0.000000
1.910 3.506591 0.000000
1.911 3.506250 0.000000
1.912 3.505913 0.000000
1.913 3.505579 0.000000
1.914 3.505245 0.000000
1.915 3.504910 0.000000
1.916 3.504576 0.000000
1.917 3.504242 0.000000
1.918 3.503908 0.000000
1.919 3.503574 0.000000
1.920 3.503240 0.000000
1.921 3.502905 0.000000
1.922 3.502571 0.000000
1.923 3.502237 0.000000
1.924 3.501903 0.000000
1.925 3.501569 0.000000
1.926 3.501234 0.000000
1.927 3.500900 0.000000
1.928 3.500570 0.000000
1.929 3.500242 0.000000
1.930 3.499913 0.000000
1.931 3.499584 0.000000
1.932 3.499255 0.000000
1.933 3.498926 0.000000
1.934 3.498597 0.000000
1.935 3.498269 0.000000
1.936 3.497940 0.000000
1.937 3.497611 0.000000
1.938 3.497282 0.000000
1.939 3.496953 0.000000
1.940 3.496624 0.000000
1.941 3.496296 0.000000
1.942 3.495967 0.000000
1.943 3.495638 0.000000
1.944 3.495314 0.000000
1.945 3.494992 0.000000
1.946 3.494669 0.000000
1.947 3.494346 0.000000
1.948 3.494023 0.000000
1.949 3.493700 0.000000
1.950 3.493377 0.000000