0.251 2.367833 3.483078
0.252 2.442067 3.483511
0.253 2.514392 3.482810
0.254 2.583673 3.480841
0.255 2.653904 3.479604
0.256 2.726037 3.479145
0.257 2.802112 3.478344
0.258 2.884462 3.475133
0.259 2.972043 3.466800
0.260 3.065363 3.449474
0.261 3.161982 3.421836
0.262 3.260247 3.382447
0.263 3.354609 3.329586
0.264 3.443746 3.265091
0.265 3.524523 3.189508
0.266 3.595116 3.105151
0.267 3.651106 3.014898
0.268 3.693777 2.921697
0.269 3.725159 2.829535
0.270 3.744705 2.739274
0.271 3.755026 2.653183
0.272 3.757776 2.572364
0.273 3.754287 2.496423
0.274 3.744740 2.426162
0.275 3.731902 2.363609
0.276 3.715801 2.305524
0.277 3.698548 2.252267
0.278 3.680326 2.203537
0.279 3.660830 2.158944
0.280 3.641476 2.118401
0.281 3.621224 2.081296
0.282 3.601407 2.047273
0.283 3.581667 2.015766
0.284 3.561623 1.986973
0.285 3.542242 1.960050
0.286 3.523675 1.936197
0.287 3.504463 1.913598
0.288 3.485866 1.893304
0.289 3.467926 1.874461
0.290 3.450835 1.857653
0.291 3.433171 1.842587
0.292 3.417045 1.828880
0.293 3.400914 1.815191
0.294 3.385281 1.803544
0.295 3.371283 1.793804
0.296 3.356942 1.784096
0.297 3.343214 1.776067
0.298 3.330266 1.768777
0.299 3.317938 1.762178
0.300 3.306118 1.756069
0.301 3.294775 1.750455
0.302 3.284058 1.746383
0.303 3.273911 1.741973
0.304 3.264999 1.738899
0.305 3.255832 1.735763
0.306 3.247122 1.733391
0.307 3.239475 1.731240
0.308 3.232102 1.729338
0.309 3.224649 1.728645
0.310 3.218502 1.727531
0.311 3.211980 1.726324
0.312 3.205853 1.726621
0.313 3.200857 1.725951
0.314 3.195389 1.726374
0.315 3.190937 1.727206
0.316 3.187044 1.728145
0.317 3.182802 1.728613
0.318 3.178751 1.729143
0.319 3.175605 1.730498
0.320 3.172698 1.732003
0.321 3.170035 1.733653
0.322 3.167552 1.735407
0.323 3.165268 1.737292
0.324 3.163253 1.739365
0.325 3.161373 1.742090
0.326 3.159672 1.745060
0.327 3.158217 1.747516
0.328 3.156879 1.750061
0.329 3.156908 1.752849
0.330 3.156180 1.756663
0.331 3.155425 1.759991
0.332 3.156143 1.763159
0.333 3.155791 1.766474
0.334 3.155788 1.771177
0.335 3.156928 1.774804
0.336 3.158095 1.778510
0.337 3.158796 1.783652
0.338 3.160634 1.787655
0.339 3.161851 1.792217
0.340 3.163755 1.797402
0.341 3.165962 1.801973
0.342 3.168553 1.807695
0.343 3.170573 1.812397
0.344 3.173718 1.818520
0.345 3.177023 1.823521
0.346 3.180487 1.829720
0.347 3.184174 1.835259
0.348 3.188059 1.841788
0.349 3.192848 1.847799
0.350 3.197287 1.854135
0.351 3.202172 1.860927
0.352 3.208152 1.867919
0.353 3.213218 1.874158
0.354 3.219779 1.881487
0.355 3.225297 1.888911
0.356 3.232383 1.896328
0.357 3.239804 1.903758
0.358 3.248583 1.911320
0.359 3.256465 1.918970
0.360 3.265758 1.926622
0.361 3.275385 1.934548
0.362 3.285475 1.942684
0.363 3.296265 1.949777
0.364 3.307735 1.956963
0.365 3.319569 1.963102
0.366 3.332861 1.969579
0.367 3.345218 1.975024
0.368 3.356656 1.980348
0.369 3.368479 1.985386
0.370 3.380778 1.990753
0.371 3.391630 1.996241
0.372 3.402730 2.002631
0.373 3.413429 2.008939
0.374 3.425317 2.017471
0.375 3.437532 2.026181
0.376 3.450294 2.036500
0.377 3.464648 2.047841
0.378 3.480087 2.059572
0.379 3.498269 2.072219
0.380 3.519022 2.085324
0.381 3.540422 2.098571
0.382 3.566064 2.109717
0.383 3.593865 2.120880
0.384 3.623421 2.130740
0.385 3.655701 2.138740
0.386 3.689443 2.144789
0.387 3.724733 2.147442
0.388 3.760207 2.148473
0.389 3.795665 2.145955
0.390 3.830998 2.142004
0.391 3.865930 2.136431
0.392 3.900476 2.129337
0.393 3.934791 2.120940
0.394 3.968985 2.111423
0.395 4.003077 2.101030
0.396 4.037052 2.088615
0.397 4.071945 2.075202
0.398 4.107499 2.060210
0.399 4.143376 2.043606
0.400 4.179490 2.024675
0.401 4.215717 2.002767
0.402 4.251606 1.978033
0.403 4.286365 1.949919
0.404 4.320254 1.918842
0.405 4.352547 1.885400
0.406 4.382184 1.849068
0.407 4.408793 1.809850
0.408 4.433436 1.769405
0.409 4.453145 1.726786
0.410 4.470230 1.683754
0.411 4.483522 1.640254
0.412 4.493125 1.596555
0.413 4.500643 1.553392
0.414 4.502793 1.512336
0.415 4.504253 1.470926
0.416 4.501740 1.432792
0.417 4.497782 1.395895
0.418 4.492469 1.359656
0.419 4.485474 1.325907
0.420 4.478143 1.293812
0.421 4.469572 1.263526
0.422 4.460142 1.234754
0.423 4.450246 1.207932
0.424 4.440137 1.182053
0.425 4.428713 1.157980
0.426 4.417935 1.134554
0.427 4.407360 1.112232
0.428 4.396703 1.091991
0.429 4.386051 1.071859
0.430 4.375423 1.052491
0.431 4.364800 1.034578
0.432 4.354203 1.016672
0.433 4.343669 0.999699
0.434 4.333235 0.984129
0.435 4.322850 0.968671
0.436 4.312533 0.953687
0.437 4.302332 0.939604
0.438 4.292865 0.925922
0.439 4.283398 0.912567
0.440 4.273496 0.899968
0.441 4.263679 0.887754
0.442 4.253946 0.875798
0.443 4.244759 0.864503
0.444 4.236065 0.853580
0.445 4.226790 0.842782
0.446 4.217616 0.832468
0.447 4.209207 0.822623
0.448 4.200724 0.812929
0.449 4.191822 0.803508
0.450 4.184126 0.794586
0.451 4.175753 0.785739
0.452 4.167552 0.777144
0.453 4.160002 0.768919
0.454 4.152197 0.760875
0.455 4.144926 0.752967
0.456 4.136924 0.745381
0.457 4.129718 0.737986
0.458 4.122413 0.730687
0.459 4.115651 0.723625
0.460 4.108574 0.716851
0.461 4.101881 0.710059
0.462 4.095097 0.703455
0.463 4.088593 0.697120
0.464 4.081999 0.690862
0.465 4.075741 0.684660
0.466 4.069125 0.678625
0.467 4.063276 0.672780
0.468 4.056882 0.666944
0.469 4.050942 0.661205
0.470 4.044964 0.655709
0.471 4.039731 0.650279
0.472 4.033720 0.644815
0.473 4.028213 0.639600
0.474 4.022257 0.634443
0.475 4.016872 0.629379
0.476 4.011104 0.624393
0.477 4.005945 0.619471
0.478 4.000961 0.614682
0.479 3.995538 0.609934
0.480 3.990582 0.605249
0.481 3.985672 0.600650
0.482 3.980477 0.596130
0.483 3.975754 0.591668
0.484 3.970902 0.587295
0.485 3.965839 0.583029
0.486 3.960916 0.578780
0.487 3.955856 0.574560
0.488 3.951563 0.570466
0.489 3.946896 0.566484
0.490 3.941958 0.562542
0.491 3.937802 0.558562
0.492 3.933218 0.554693
0.493 3.928510 0.550899
0.494 3.924518 0.547159
0.495 3.920498 0.543473
0.496 3.916033 0.539815
0.497 3.911571 0.536277
0.498 3.907663 0.532739
0.499 3.903237 0.529190
0.500 3.898954 0.525799
0.501 3.895206 0.522449
0.502 3.890824 0.519110
0.503 3.886683 0.515793
0.504 3.883117 0.512601
0.505 3.879586 0.509415
0.506 3.875178 0.506276
0.507 3.871316 0.503116
0.508 3.867849 0.500104
0.509 3.864439 0.497077
0.510 3.860118 0.494117
0.511 3.856415 0.491208
0.512 3.853048 0.488290
0.513 3.848988 0.485474
0.514 3.845270 0.482698
0.515 3.842024 0.479886
0.516 3.838677 0.477133
0.517 3.835010 0.474494
0.518 3.831302 0.471863
0.519 3.828187 0.469198
0.520 3.825014 0.466563
0.521 3.821322 0.464058
0.522 3.817824 0.461587
0.523 3.814781 0.459115
0.524 3.811802 0.456589
0.525 3.808142 0.454156
0.526 3.804807 0.451792
0.527 3.801909 0.449448
0.528 3.799067 0.447114
0.529 3.796172 0.444814
0.530 3.793013 0.442571
0.531 3.789507 0.440356
0.532 3.786731 0.438142
0.533 3.784006 0.435950
0.534 3.780764 0.433801
0.535 3.777567 0.431689
0.536 3.774751 0.429593
0.537 3.772088 0.427500
0.538 3.769331 0.425430
0.539 3.765855 0.423416
0.540 3.763212 0.421422
0.541 3.760715 0.419431
0.542 3.758230 0.417452
0.543 3.755521 0.415502
0.544 3.752328 0.413593
0.545 3.749707 0.411704
0.546 3.747286 0.409823
0.547 3.744736 0.408022
0.548 3.741879 0.406231
0.549 3.738997 0.404423
0.550 3.736713 0.402633
0.551 3.734429 0.400841
0.552 3.732170 0.399142
0.553 3.729342 0.397442
0.554 3.726499 0.395732
0.555 3.724328 0.394029
0.556 3.722156 0.392359
0.557 3.720006 0.390732
0.558 3.717435 0.389101
0.559 3.714770 0.387500
0.560 3.712446 0.385963
0.561 3.710363 0.384349
0.562 3.708063 0.382771
0.563 3.705530 0.381241
0.564 3.703024 0.379733
0.565 3.701049 0.378186
0.566 3.699075 0.376725
0.567 3.697056 0.375233
0.568 3.694745 0.373764
0.569 3.692039 0.372356
0.570 3.690169 0.370928
0.571 3.688299 0.369497
0.572 3.686439 0.368094
0.573 3.684492 0.366723
0.574 3.681735 0.365320
0.575 3.679732 0.363971
0.576 3.677941 0.362631
0.577 3.676155 0.361281
0.578 3.674395 0.359922
0.579 3.671974 0.358631
0.580 3.669706 0.357343
0.581 3.668015 0.356028
0.582 3.666326 0.354794
0.583 3.664131 0.353518
0.584 3.661877 0.352244
0.585 3.660113 0.351029
0.586 3.658484 0.349771
0.587 3.656869 0.348551
0.588 3.655160 0.347363
0.589 3.652768 0.346117
0.590 3.650923 0.344941
0.591 3.649326 0.343797
0.592 3.647805 0.342667
0.593 3.646283 0.341478
0.594 3.644352 0.340310
0.595 3.642015 0.339172
0.596 3.640554 0.338080
0.597 3.639099 0.336992
0.598 3.637649 0.335895
0.599 3.636198 0.334733
0.600 3.634146 0.333629
0.601 3.632100 0.332556
0.602 3.630726 0.331506
0.603 3.629363 0.330461
0.604 3.627977 0.329417
0.605 3.626537 0.328374
0.606 3.624529 0.327342
0.607 3.622716 0.326321
0.608 3.621411 0.325313
0.609 3.620117 0.324236
0.610 3.618703 0.323182
0.611 3.617088 0.322180
0.612 3.615327 0.321189
0.613 3.613736 0.320207
0.614 3.612498 0.319238
0.615 3.611269 0.318334
0.616 3.609857 0.317421
0.617 3.608017 0.316452
0.618 3.606508 0.315493
0.619 3.605156 0.314541
0.620 3.603999 0.313601
0.621 3.602850 0.312664
0.622 3.601621 0.311729
0.623 3.599671 0.310794
0.624 3.598164 0.309889
0.625 3.597042 0.309009
0.626 3.595948 0.308136
0.627 3.594769 0.307251
0.628 3.593447 0.306346
0.629 3.591880 0.305484
0.630 3.590349 0.304630
0.631 3.589288 0.303761
0.632 3.588243 0.302885
0.633 3.587210 0.302004
0.634 3.585543 0.301192
0.635 3.584033 0.300364
0.636 3.582905 0.299498
0.637 3.581865 0.298667
0.638 3.580862 0.297853
0.639 3.579819 0.297030
0.640 3.578528 0.296223
0.641 3.576868 0.295442
0.642 3.575722 0.294608
0.643 3.574757 0.293763
0.644 3.573814 0.292998
0.645 3.572645 0.292230
0.646 3.571133 0.291459
0.647 3.569940 0.290671
0.648 3.568877 0.289876
0.649 3.567966 0.289106
0.650 3.567034 0.288346
0.651 3.566056 0.287611
0.652 3.564760 0.286870
0.653 3.563253 0.286126
0.654 3.562320 0.285392
0.655 3.561464 0.284653
0.656 3.560609 0.283884
0.657 3.559474 0.283146
0.658 3.557939 0.282455
0.659 3.556871 0.281721
0.660 3.556040 0.280966
0.661 3.555234 0.280278
0.662 3.554430 0.279593
0.663 3.553627 0.278883
0.664 3.552601 0.278171
0.665 3.551181 0.277456
0.666 3.550102 0.276769
0.667 3.549278 0.276103
0.668 3.548509 0.275438
0.669 3.547757 0.274774
0.670 3.546726 0.274082
0.671 3.545670 0.273389
0.672 3.544527 0.272692
0.673 3.543523 0.272012
0.674 3.542799 0.271363
0.675 3.542078 0.270716
0.676 3.541359 0.270070
0.677 3.540198 0.269423
0.678 3.538799 0.268777
0.679 3.537963 0.268136
0.680 3.537274 0.267496
0.681 3.536610 0.266861
0.682 3.535945 0.266227
0.683 3.535200 0.265594
0.684 3.534375 0.264961
0.685 3.533145 0.264328
0.686 3.532074 0.263702
0.687 3.531442 0.263092
0.688 3.530817 0.262495
0.689 3.530204 0.261923
0.690 3.529481 0.261330
0.691 3.528616 0.260711
0.692 3.527680 0.260091
0.693 3.526677 0.259471
0.694 3.525908 0.258892
0.695 3.525314 0.258344
0.696 3.524728 0.257759
0.697 3.524147 0.257152
0.698 3.523251 0.256578
0.699 3.522193 0.256020
0.700 3.521354 0.255441
0.701 3.520616 0.254851
0.702 3.520005 0.254297
0.703 3.519448 0.253758
0.704 3.518904 0.253181
0.705 3.518365 0.252588
0.706 3.517660 0.251989
0.707 3.516883 0.251389
0.708 3.516132 0.250796
0.709 3.515393 0.250206
0.710 3.514733 0.249649
0.711 3.514115 0.249110
0.712 3.513515 0.248608
0.713 3.512926 0.248128
0.714 3.512335 0.247598
0.715 3.511744 0.247029
0.716 3.511153 0.246474
0.717 3.510563 0.245936
0.718 3.509985 0.245379
0.719 3.509422 0.244797
0.720 3.508864 0.244216
0.721 3.508315 0.243637
0.722 3.507766 0.243066
0.723 3.507215 0.242517
0.724 3.506664 0.241971
0.725 3.506114 0.241450
0.726 3.505564 0.240929
0.727 3.505043 0.240414
0.728 3.504522 0.239899
0.729 3.504004 0.239320
0.730 3.503487 0.238730
0.731 3.502983 0.238190
0.732 3.502486 0.237672
0.733 3.501992 0.237160
0.734 3.501500 0.236652
0.735 3.501013 0.236125
0.736 3.500538 0.235562
0.737 3.500067 0.235000
0.738 3.499613 0.234439
0.739 3.499159 0.233879
0.740 3.498709 0.233315
0.741 3.498260 0.232751
0.742 3.497809 0.232188
0.743 3.497358 0.231627
0.744 3.496916 0.231072
0.745 3.496482 0.230524
0.746 3.496052 0.229984
0.747 3.495632 0.229464
0.748 3.495212 0.228944
0.749 3.494793 0.228436
0.750 3.494374 0.227929
0.751 3.493961 0.227388
0.752 3.493550 0.226835
0.753 3.493143 0.226282
0.754 3.492739 0.225728
0.755 3.492335 0.225165
0.756 3.491933 0.224562
0.757 3.491532 0.223959
0.758 3.491138 0.223382
0.759 3.490745 0.222809
0.760 3.490350 0.222264
0.761 3.489952 0.221745
0.762 3.489560 0.221229
0.763 3.489193 0.220730
0.764 3.488827 0.220230
0.765 3.488476 0.219692
0.766 3.488130 0.219145
0.767 3.487785 0.218597
0.768 3.487443 0.218048
0.769 3.487102 0.217500
0.770 3.486767 0.216960
0.771 3.486432 0.216419
0.772 3.486106 0.215871
0.773 3.485785 0.215320
0.774 3.485466 0.214778
0.775 3.485154 0.214263
0.776 3.484843 0.213748
0.777 3.484533 0.213231
0.778 3.484223 0.212713
0.779 3.483913 0.212191
0.780 3.483601 0.211661
0.781 3.483290 0.211131
0.782 3.482996 0.210604
0.783 3.482705 0.210077
0.784 3.482415 0.209546
0.785 3.482128 0.209010
0.786 3.481840 0.208475
0.787 3.481552 0.207941
0.788 3.481264 0.207407
0.789 3.480978 0.206894
0.790 3.480695 0.206406
0.791 3.480411 0.205919
0.792 3.480155 0.205433
0.793 3.479900 0.204947
0.794 3.479657 0.204464
0.795 3.479432 0.203984
0.796 3.479207 0.203504
0.797 3.478981 0.203012
0.798 3.478754 0.202518
0.799 3.478529 0.202027
0.800 3.478308 0.201542
0.801 3.478086 0.201057
0.802 3.477868 0.200572
0.803 3.477652 0.200087
0.804 3.477437 0.199603
0.805 3.477228 0.199125
0.806 3.477019 0.198646
0.807 3.476811 0.198178
0.808 3.476605 0.197724
0.809 3.476400 0.197270
0.810 3.476193 0.196765
0.811 3.475986 0.196248
0.812 3.475783 0.195736
0.813 3.475606 0.195257
0.814 3.475429 0.194778
0.815 3.475261 0.194308
0.816 3.475103 0.193847
0.817 3.474946 0.193387
0.818 3.474795 0.192901
0.819 3.474645 0.192407
0.820 3.474495 0.191913
0.821 3.474339 0.191421
0.822 3.474184 0.190930
0.823 3.474037 0.190441
0.824 3.473910 0.189958
0.825 3.473782 0.189475
0.826 3.473665 0.188965
0.827 3.473555 0.188436
0.828 3.473444 0.187907
0.829 3.473337 0.187402
0.830 3.473229 0.186902
0.831 3.473122 0.186404
0.832 3.473017 0.185947
0.833 3.472912 0.185489
0.834 3.472817 0.185024
0.835 3.472755 0.184530
0.836 3.472694 0.184035
0.837 3.472641 0.183529
0.838 3.472603 0.183005
0.839 3.472564 0.182480
0.840 3.472527 0.181962
0.841 3.472491 0.181450
0.842 3.472456 0.180937
0.843 3.472421 0.180422
0.844 3.472387 0.179907
0.845 3.472353 0.179391
0.846 3.472365 0.178861
0.847 3.472387 0.178327
0.848 3.472410 0.177793
0.849 3.472456 0.177239
0.850 3.472505 0.176684
0.851 3.472554 0.176128
0.852 3.472606 0.175558
0.853 3.472659 0.174988
0.854 3.472711 0.174416
0.855 3.472765 0.173813
0.856 3.472819 0.173210
0.857 3.472877 0.172604
0.858 3.472968 0.171969
0.859 3.473060 0.171334
0.860 3.473153 0.170697
0.861 3.473262 0.170043
0.862 3.473372 0.169388
0.863 3.473481 0.168730
0.864 3.473593 0.168044
0.865 3.473705 0.167357
0.866 3.473816 0.166668
0.867 3.473930 0.165957
0.868 3.474043 0.165246
0.869 3.474156 0.164529
0.870 3.474276 0.163727
0.871 3.474395 0.162925
0.872 3.474515 0.162123
0.873 3.474639 0.161320
0.874 3.474762 0.160518
0.875 3.474886 0.159716
0.876 3.475011 0.158896
0.877 3.475136 0.158075
0.878 3.475261 0.157254
0.879 3.475387 0.156426
0.880 3.475513 0.155597
0.881 3.475639 0.154767
0.882 3.475729 0.153830
0.883 3.475800 0.152838
0.884 3.475872 0.151846
0.885 3.475932 0.150841
0.886 3.475981 0.149823
0.887 3.476031 0.148805
0.888 3.476081 0.147779
0.889 3.476131 0.146738
0.890 3.476181 0.145698
0.891 3.476231 0.144659
0.892 3.476283 0.143632
0.893 3.476335 0.142605
0.894 3.476387 0.141578
0.895 3.476306 0.140490
0.896 3.476211 0.139396
0.897 3.476116 0.138302
0.898 3.475984 0.137204
0.899 3.475835 0.136104
0.900 3.475685 0.135004
0.901 3.475535 0.133906
0.902 3.475385 0.132811
0.903 3.475234 0.131716
0.904 3.475084 0.130618
0.905 3.474936 0.129487
0.906 3.474789 0.128357
0.907 3.474641 0.127227
0.908 3.474375 0.126151
0.909 3.474077 0.125091
0.910 3.473779 0.124030
0.911 3.473457 0.122964
0.912 3.473106 0.121891
0.913 3.472755 0.120818
0.914 3.472404 0.119748
0.915 3.472053 0.118716
0.916 3.471702 0.117684
0.917 3.471351 0.116652
0.918 3.471002 0.115603
0.919 3.470654 0.114545
0.920 3.470306 0.113487
0.921 3.469942 0.112464
0.922 3.469534 0.111537
0.923 3.469126 0.110609
0.924 3.468718 0.109682
0.925 3.468295 0.108810
0.926 3.467868 0.107949
0.927 3.467441 0.107089
0.928 3.467015 0.106218
0.929 3.466591 0.105329
0.930 3.466167 0.104441
0.931 3.465742 0.103552
0.932 3.465322 0.102679
0.933 3.464901 0.101808
0.934 3.464481 0.100938
0.935 3.464089 0.100102
0.936 3.463753 0.099334
0.937 3.463417 0.098567
0.938 3.463080 0.097799
0.939 3.462768 0.097088
0.940 3.462463 0.096392
0.941 3.462158 0.095696
0.942 3.461854 0.095005
0.943 3.461555 0.094333
0.944 3.461257 0.093662
0.945 3.460958 0.092990
0.946 3.460664 0.092316
0.947 3.460373 0.091639
0.948 3.460082 0.090963
0.949 3.459792 0.090286
0.950 3.459903 0.089581
0.951 3.460021 0.088876
0.952 3.460140 0.088171
0.953 3.460303 0.087459
0.954 3.460558 0.086736
0.955 3.460813 0.086012
0.956 3.461068 0.085288
0.957 3.461336 0.084561
0.958 3.461612 0.083833
0.959 3.461887 0.083104
0.960 3.462163 0.082376
0.961 3.462462 0.081640
0.962 3.462763 0.080904
0.963 3.463064 0.080167
0.964 3.463400 0.079245
0.965 3.463890 0.077488
0.966 3.464381 0.075731
0.967 3.464872 0.073974
0.968 3.465396 0.072075
0.969 3.465970 0.069972
0.970 3.466544 0.067869
0.971 3.467118 0.065766
0.972 3.467707 0.063675
0.973 3.468306 0.061592
0.974 3.468906 0.059509
0.975 3.469505 0.057426
0.976 3.470100 0.055319
0.977 3.470694 0.053206
0.978 3.471289 0.051094
0.979 3.471883 0.048981
0.980 3.470574 0.046599
0.981 3.469080 0.044191
0.982 3.467585 0.041783
0.983 3.466090 0.039375
0.984 3.464596 0.036967
0.985 3.463101 0.034559
0.986 3.461606 0.032151
0.987 3.460007 0.029756
0.988 3.458222 0.027386
0.989 3.456436 0.025015
0.990 3.454650 0.022644
0.991 3.452865 0.020273
0.992 3.451079 0.017903
0.993 3.449294 0.015532
0.994 3.447508 0.013161
0.995 3.445542 0.011915
0.996 3.443494 0.011175
0.997 3.441446 0.010436
0.998 3.439399 0.009696
0.999 3.437351 0.008956
1.000 3.435304 0.008216
1.001 3.433256 0.007477
1.002 3.431208 0.006737
1.003 3.429161 0.006196
1.004 3.427113 0.005678
1.005 3.425065 0.005159
1.006 3.423017 0.004641
1.007 3.420969 0.004122
1.008 3.418921 0.003604
1.009 3.416873 0.003085
1.010 3.414825 0.002567
1.011 3.413357 0.002418
1.012 3.411895 0.002274
1.013 3.410433 0.002131
1.014 3.408972 0.001987
1.015 3.407510 0.001843
1.016 3.406048 0.001699
1.017 3.404587 0.001555
1.018 3.403125 0.001411
1.019 3.401750 0.001339
1.020 3.400380 0.001270
1.021 3.399009 0.001201
1.022 3.397639 0.001132
1.023 3.396269 0.001063
1.024 3.394899 0.000994
1.025 3.393528 0.000925
1.026 3.392158 0.000856
1.027 3.390981 0.000809
1.028 3.389858 0.000768
1.029 3.388735 0.000728
1.030 3.387612 0.000687
1.031 3.386489 0.000646
1.032 3.385366 0.000606
1.033 3.384243 0.000565
1.034 3.383120 0.000524
1.035 3.382031 0.000496
1.036 3.380979 0.000480
1.037 3.379927 0.000464
1.038 3.378875 0.000449
1.039 3.377823 0.000433
1.040 3.376771 0.000417
1.041 3.375719 0.000401
1.042 3.374667 0.000386
1.043 3.373622 0.000370
1.044 3.372714 0.000354
1.045 3.371806 0.000338
1.046 3.370899 0.000323
1.047 3.369991 0.000307
1.048 3.369083 0.000291
1.049 3.368176 0.000275
1.050 3.367268 0.000260
1.051 3.366360 0.000244
1.052 3.365479 0.000232
1.053 3.364629 0.000225
1.054 3.363778 0.000219
1.055 3.362927 0.000212
1.056 3.362077 0.000205
1.057 3.361226 0.000198
1.058 3.360375 0.000191
1.059 3.359525 0.000184
1.060 3.358674 0.000178
1.061 3.357898 0.000174
1.062 3.357146 0.000172
1.063 3.356394 0.000170
1.064 3.355642 0.000168
1.065 3.354890 0.000166
1.066 3.354137 0.000164
1.067 3.353385 0.000162
1.068 3.352633 0.000159
1.069 3.351881 0.000157
1.070 3.351164 0.000152
1.071 3.350451 0.000147
1.072 3.349739 0.000141
1.073 3.349026 0.000136
1.074 3.348313 0.000130
1.075 3.347600 0.000125
1.076 3.346887 0.000120
1.077 3.346174 0.000114
1.078 3.345462 0.000109
1.079 3.344799 0.000105
1.080 3.344144 0.000101
1.081 3.343488 0.000098
1.082 3.342832 0.000094
1.083 3.342176 0.000091
1.084 3.341520 0.000087
1.085 3.340864 0.000083
1.086 3.340209 0.000080
1.087 3.339553 0.000076
1.088 3.338918 0.000073
1.089 3.338291 0.000069
1.090 3.337664 0.000066
1.091 3.337037 0.000063
1.092 3.336410 0.000059
1.093 3.335783 0.000056
1.094 3.335156 0.000052
1.095 3.334529 0.000049
1.096 3.333902 0.000046
1.097 3.333292 0.000042
1.098 3.332707 0.000039
1.099 3.332122 0.000036
1.100 3.331537 0.000033
1.101 3.330952 0.000029
1.102 3.330367 0.000026
1.103 3.329782 0.000023
1.104 3.329197 0.000020
1.105 3.328612 0.000017
1.106 3.328027 0.000014
1.107 3.327468 0.000012
1.108 3.326911 0.000011
1.109 3.326355 0.000009
1.110 3.325798 0.000008
1.111 3.325241 0.000006
1.112 3.324684 0.000005
1.113 3.324128 0.000004
1.114 3.323571 0.000002
1.115 3.323014 0.000001
1.116 3.322466 0.000000
1.117 3.321941 0.000000
1.118 3.321416 0.000000
1.119 3.320891 0.000000
1.120 3.320365 0.000000
1.121 3.319840 0.000000
1.122 3.319315 0.000000
1.123 3.318790 0.000000
1.124 3.318265 0.000000
1.125 3.317740 0.000000
1.126 3.317226 0.000000
1.127 3.316724 0.000000
1.128 3.316223 0.000000
1.129 3.315721 0.000000
1.130 3.315220 0.000000
1.131 3.314718 0.000000
1.132 3.314217 0.000000
1.133 3.313715 0.000000
1.134 3.313214 0.000000
1.135 3.312712 0.000000
1.136 3.312220 0.000000
1.137 3.311739 0.000000
1.138 3.311257 0.000000
1.139 3.310776 0.000000
1.140 3.310294 0.000000
1.141 3.309813 0.000000
1.142 3.309331 0.000000
1.143 3.308850 0.000000
1.144 3.308368 0.000000
1.145 3.307887 0.000000
1.146 3.307413 0.000000
1.147 3.306957 0.000000
1.148 3.306501 0.000000
1.149 3.306045 0.000000
1.150 3.305589 0.000000
1.151 3.305133 0.000000
1.152 3.304677 0.000000
1.153 3.304221 0.000000
1.154 3.303765 0.000000
1.155 3.303309 0.000000
1.156 3.302853 0.000000
1.157 3.302412 0.000000
1.158 3.301972 0.000000
1.159 3.301533 0.000000
1.160 3.301093 0.000000
1.161 3.300653 0.000000
1.162 3.300213 0.000000
1.163 3.299774 0.000000
1.164 3.299334 0.000000
1.165 3.298894 0.000000
1.166 3.298454 0.000000
1.167 3.298024 0.000000
1.168 3.297607 0.000000
1.169 3.297190 0.000000
1.170 3.296773 0.000000
1.171 3.296356 0.000000
1.172 3.295939 0.000000
1.173 3.295522 0.000000
1.174 3.295105 0.000000
1.175 3.294688 0.000000
1.176 3.294271 0.000000
1.177 3.293854 0.000000
1.178 3.293444 0.000000
1.179 3.293038 0.000000
1.180 3.292631 0.000000
1.181 3.292225 0.000000
1.182 3.291819 0.000000
1.183 3.291413 0.000000
1.184 3.291007 0.000000
1.185 3.290600 0.000000
1.186 3.290194 0.000000
1.187 3.289788 0.000000
1.188 3.289382 0.000000
1.189 3.288996 0.000000
1.190 3.288618 0.000000
1.191 3.288241 0.000000
1.192 3.287863 0.000000
1.193 3.287486 0.000000
1.194 3.287108 0.000000
1.195 3.286731 0.000000
1.196 3.286353 0.000000
1.197 3.285976 0.000000
1.198 3.285598 0.000000
1.199 3.285220 0.000000
1.200 3.284848 0.000000
1.201 3.284481 0.000000
1.202 3.284113 0.000000
1.203 3.283745 0.000000
1.204 3.283377 0.000000
1.205 3.283009 0.000000
1.206 3.282641 0.000000
1.207 3.282273 0.000000
1.208 3.281905 0.000000
1.209 3.281537 0.000000
1.210 3.281169 0.000000
1.211 3.280806 0.000000
1.212 3.280458 0.000000
1.213 3.280109 0.000000
1.214 3.279761 0.000000
1.215 3.279413 0.000000
1.216 3.279065 0.000000
1.217 3.278717 0.000000
1.218 3.278369 0.000000
1.219 3.278021 0.000000
1.220 3.277673 0.000000
1.221 3.277325 0.000000
1.222 3.276977 0.000000
1.223 3.276632 0.000000
1.224 3.276289 0.000000
1.225 3.275945 0.000000
1.226 3.275602 0.000000
1.227 3.275258 0.000000
1.228 3.274915 0.000000
1.229 3.274571 0.000000
1.230 3.274228 0.000000
1.231 3.273885 0.000000
1.232 3.273541 0.000000
1.233 3.273198 0.000000
1.234 3.272854 0.000000
1.235 3.272529 0.000000
1.236 3.272206 0.000000
1.237 3.271883 0.000000
1.238 3.271560 0.000000
1.239 3.271237 0.000000
1.240 3.270914 0.000000
1.241 3.270592 0.000000
1.242 3.270269 0.000000
1.243 3.269946 0.000000
1.244 3.269623 0.000000
1.245 3.269300 0.000000
1.246 3.268977 0.000000
1.247 3.268658 0.000000
1.248 3.268339 0.000000
1.249 3.268020 0.000000
1.250 3.267701 0.000000
1.251 3.267382 0.000000
1.252 3.267063 0.000000
1.253 3.266743 0.000000
1.254 3.266424 0.000000
1.255 3.266105 0.000000
1.256 3.265786 0.000000
1.257 3.265467 0.000000
1.258 3.265148 0.000000
1.259 3.264840 0.000000
1.260 3.264541 0.000000
1.261 3.264241 0.000000
1.262 3.263942 0.000000
1.263 3.263642 0.000000
1.264 3.263342 0.000000
1.265 3.263043 0.000000
1.266 3.262743 0.000000
1.267 3.262443 0.000000
1.268 3.262144 0.000000
1.269 3.261844 0.000000
1.270 3.261544 0.000000
1.271 3.261245 0.000000
1.272 3.260950 0.000000
1.273 3.260656 0.000000
1.274 3.260361 0.000000
1.275 3.260066 0.000000
1.276 3.259771 0.000000
1.277 3.259477 0.000000
1.278 3.259182 0.000000
1.279 3.258887 0.000000
1.280 3.258592 0.000000
1.281 3.258297 0.000000
1.282 3.258003 0.000000
1.283 3.257708 0.000000
1.284 3.257420 0.000000
1.285 3.257148 0.000000
1.286 3.256875 0.000000
1.287 3.256602 0.000000
1.288 3.256330 0.000000
1.289 3.256057 0.000000
1.290 3.255784 0.000000
1.291 3.255512 0.000000
1.292 3.255239 0.000000
1.293 3.254966 0.000000
1.294 3.254693 0.000000
1.295 3.254421 0.000000
1.296 3.254148 0.000000
1.297 3.253877 0.000000
1.298 3.253609 0.000000
1.299 3.253340 0.000000
1.300 3.253072 0.000000
1.301 3.252804 0.000000
1.302 3.252536 0.000000
1.303 3.252268 0.000000
1.304 3.252000 0.000000
1.305 3.251731 0.000000
1.306 3.251463 0.000000
1.307 3.251195 0.000000
1.308 3.250927 0.000000
1.309 3.250659 0.000000
1.310 3.250391 0.000000
1.311 3.250134 0.000000
1.312 3.249878 0.000000
1.313 3.249621 0.000000
1.314 3.249365 0.000000
1.315 3.249108 0.000000
1.316 3.248852 0.000000
1.317 3.248595 0.000000
1.318 3.248339 0.000000
1.319 3.248082 0.000000
1.320 3.247825 0.000000
1.321 3.247569 0.000000
1.322 3.247312 0.000000
1.323 3.247056 0.000000
1.324 3.246802 0.000000
1.325 3.246551 0.000000
1.326 3.246300 0.000000
1.327 3.246049 0.000000
1.328 3.245798 0.000000
1.329 3.245547 0.000000
1.330 3.245295 0.000000
1.331 3.245044 0.000000
1.332 3.244793 0.000000
1.333 3.244542 0.000000
1.334 3.244291 0.000000
1.335 3.244040 0.000000
1.336 3.243789 0.000000
1.337 3.243538 0.000000
1.338 3.243296 0.000000
1.339 3.243059 0.000000
1.340 3.242822 0.000000
1.341 3.242586 0.000000
1.342 3.242349 0.000000
1.343 3.242112 0.000000
1.344 3.241875 0.000000
1.345 3.241638 0.000000
1.346 3.241402 0.000000
1.347 3.241165 0.000000
1.348 3.240928 0.000000
1.349 3.240691 0.000000
1.350 3.240454 0.000000
1.351 3.240217 0.000000
1.352 3.239984 0.000000
1.353 3.239753 0.000000
1.354 3.239523 0.000000
1.355 3.239292 0.000000
1.356 3.239062 0.000000
1.357 3.238831 0.000000
1.358 3.238601 0.000000
1.359 3.238370 0.000000
1.360 3.238140 0.000000
1.361 3.237909 0.000000
1.362 3.237679 0.000000
1.363 3.237448 0.000000
1.364 3.237218 0.000000
1.365 3.236987 0.000000
1.366 3.236758 0.000000
1.367 3.236540 0.000000
1.368 3.236322 0.000000
1.369 3.236104 0.000000
1.370 3.235886 0.000000
1.371 3.235669 0.000000
1.372 3.235451 0.000000
1.373 3.235233 0.000000
1.374 3.235015 0.000000
1.375 3.234797 0.000000
1.376 3.234580 0.000000
1.377 3.234362 0.000000
1.378 3.234144 0.000000
1.379 3.233926 0.000000
1.380 3.233708 0.000000
1.381 3.233492 0.000000
1.382 3.233280 0.000000
1.383 3.233067 0.000000
1.384 3.232854 0.000000
1.385 3.232642 0.000000
1.386 3.232429 0.000000
1.387 3.232217 0.000000
1.388 3.232004 0.000000
1.389 3.231792 0.000000
1.390 3.231579 0.000000
1.391 3.231366 0.000000
1.392 3.231154 0.000000
1.393 3.230941 0.000000
1.394 3.230729 0.000000
1.395 3.230516 0.000000
1.396 3.230306 0.000000
1.397 3.230101 0.000000
1.398 3.229897 0.000000
1.399 3.229693 0.000000
1.400 3.229489 0.000000
1.401 3.229284 0.000000
1.402 3.229080 0.000000
1.403 3.228876 0.000000
1.404 3.228672 0.000000
1.405 3.228467 0.000000
1.406 3.228263 0.000000
1.407 3.228059 0.000000
1.408 3.227855 0.000000
1.409 3.227650 0.000000
1.410 3.227446 0.000000
1.411 3.227242 0.000000
1.412 3.227044 0.000000
1.413 3.226847 0.000000
1.414 3.226650 0.000000
1.415 3.226453 0.000000
1.416 3.226256 0.000000
1.417 3.226059 0.000000
1.418 3.225862 0.000000
1.419 3.225665 0.000000
1.420 3.225468 0.000000
1.421 3.225271 0.000000
1.422 3.225074 0.000000
1.423 3.224877 0.000000
1.424 3.224680 0.000000
1.425 3.224483 0.000000
1.426 3.224286 0.000000
1.427 3.224090 0.000000
1.428 3.223903 0.000000
1.429 3.223716 0.000000
1.430 3.223529 0.000000
1.431 3.223342 0.000000
1.432 3.223155 0.000000
1.433 3.222968 0.000000
1.434 3.222781 0.000000
1.435 3.222594 0.000000
1.436 3.222407 0.000000
1.437 3.222220 0.000000
1.438 3.222033 0.000000
1.439 3.221846 0.000000
1.440 3.221659 0.000000
1.441 3.221472 0.000000
1.442 3.221285 0.000000
1.443 3.221098 0.000000
1.444 3.220917 0.000000
1.445 3.220736 0.000000
1.446 3.220554 0.000000
1.447 3.220373 0.000000
1.448 3.220192 0.000000
1.449 3.220011 0.000000
1.450 3.219829 0.000000
1.451 3.219648 0.000000
1.452 3.219467 0.000000
1.453 3.219286 0.000000
1.454 3.219105 0.000000
1.455 3.218923 0.000000
1.456 3.218742 0.000000
1.457 3.218561 0.000000
1.458 3.218380 0.000000
1.459 3.218198 0.000000
1.460 3.218021 0.000000
1.461 3.217846 0.000000
1.462 3.217671 0.000000
1.463 3.217496 0.000000
1.464 3.217321 0.000000
1.465 3.217146 0.000000
1.466 3.216971 0.000000
1.467 3.216796 0.000000
1.468 3.216621 0.000000
1.469 3.216446 0.000000
1.470 3.216271 0.000000
1.471 3.216096 0.000000
1.472 3.215921 0.000000
1.473 3.215746 0.000000
1.474 3.215572 0.000000
1.475 3.215397 0.000000
1.476 3.215222 0.000000
1.477 3.215051 0.000000
1.478 3.214883 0.000000
1.479 3.214714 0.000000
1.480 3.214545 0.000000
1.481 3.214377 0.000000
1.482 3.214208 0.000000
1.483 3.214039 0.000000
1.484 3.213871 0.000000
1.485 3.213702 0.000000
1.486 3.213533 0.000000
1.487 3.213365 0.000000
1.488 3.213196 0.000000
1.489 3.213027 0.000000
1.490 3.212859 0.000000
1.491 3.212690 0.000000
1.492 3.212521 0.000000
1.493 3.212352 0.000000
1.494 3.212186 0.000000
1.495 3.212023 0.000000
1.496 3.211860 0.000000
1.497 3.211696 0.000000
1.498 3.211533 0.000000
1.499 3.211369 0.000000
1.500 3.211206 0.000000
1.501 3.211043 0.000000
1.502 3.210879 0.000000
1.503 3.210716 0.000000
1.504 3.210553 0.000000
1.505 3.210389 0.000000
1.506 3.210226 0.000000
1.507 3.210062 0.000000
1.508 3.209899 0.000000
1.509 3.209736 0.000000
1.510 3.209572 0.000000
1.511 3.209409 0.000000
1.512 3.209251 0.000000
1.513 3.209094 0.000000
1.514 3.208938 0.000000
1.515 3.208781 0.000000
1.516 3.208624 0.000000
1.517 3.208468 0.000000
1.518 3.208311 0.000000
1.519 3.208154 0.000000
1.520 3.207997 0.000000
1.521 3.207841 0.000000
1.522 3.207684 0.000000
1.523 3.207527 0.000000
1.524 3.207371 0.000000
1.525 3.207214 0.000000
1.526 3.207057 0.000000
1.527 3.206901 0.000000
1.528 3.206744 0.000000
1.529 3.206587 0.000000
1.530 3.206434 0.000000
1.531 3.206282 0.000000
1.532 3.206129 0.000000
1.533 3.205977 0.000000
1.534 3.205825 0.000000
1.535 3.205672 0.000000
1.536 3.205520 0.000000
1.537 3.205368 0.000000
1.538 3.205215 0.000000
1.539 3.205063 0.000000
1.540 3.204911 0.000000
1.541 3.204758 0.000000
1.542 3.204606 0.000000
1.543 3.204454 0.000000
1.544 3.204301 0.000000
1.545 3.204149 0.000000
1.546 3.203997 0.000000
1.547 3.203844 0.000000
1.548 3.203695 0.000000
1.549 3.203552 0.000000
1.550 3.203409 0.000000
1.551 3.203266 0.000000
1.552 3.203124 0.000000
1.553 3.202981 0.000000
1.554 3.202838 0.000000
1.555 3.202696 0.000000
1.556 3.202553 0.000000
1.557 3.202410 0.000000
1.558 3.202267 0.000000
1.559 3.202125 0.000000
1.560 3.201982 0.000000
1.561 3.201839 0.000000
1.562 3.201696 0.000000
1.563 3.201554 0.000000
1.564 3.201411 0.000000
1.565 3.201268 0.000000
1.566 3.201125 0.000000
1.567 3.200984 0.000000
1.568 3.200846 0.000000
1.569 3.200708 0.000000
1.570 3.200570 0.000000
1.571 3.200432 0.000000
1.572 3.200294 0.000000
1.573 3.200156 0.000000
1.574 3.200018 0.000000
1.575 3.199880 0.000000
1.576 3.199742 0.000000
1.577 3.199604 0.000000
1.578 3.199466 0.000000
1.579 3.199328 0.000000
1.580 3.199189 0.000000
1.581 3.199051 0.000000
1.582 3.198913 0.000000
1.583 3.198775 0.000000
1.584 3.198637 0.000000
1.585 3.198499 0.000000
1.586 3.198361 0.000000
1.587 3.198227 0.000000
1.588 3.198094 0.000000
1.589 3.197960 0.000000
1.590 3.197826 0.000000
1.591 3.197693 0.000000
1.592 3.197559 0.000000
1.593 3.197426 0.000000
1.594 3.197292 0.000000
1.595 3.197159 0.000000
1.596 3.197025 0.000000
1.597 3.196891 0.000000
1.598 3.196758 0.000000
1.599 3.196624 0.000000
1.600 3.196491 0.000000
1.601 3.196357 0.000000
1.602 3.196224 0.000000
1.603 3.196090 0.000000
1.604 3.195957 0.000000
1.605 3.195823 0.000000
1.606 3.195689 0.000000
1.607 3.195558 0.000000
1.608 3.195426 0.000000
1.609 3.195294 0.000000
1.610 3.195163 0.000000
1.611 3.195031 0.000000
1.612 3.194899 0.000000
1.613 3.194768 0.000000
1.614 3.194636 0.000000
1.615 3.194504 0.000000
1.616 3.194373 0.000000
1.617 3.194241 0.000000
1.618 3.194109 0.000000
1.619 3.193978 0.000000
1.620 3.193846 0.000000
1.621 3.193714 0.000000
1.622 3.193583 0.000000
1.623 3.193451 0.000000
1.624 3.193319 0.000000
1.625 3.193188 0.000000
1.626 3.193056 0.000000
1.627 3.192930 0.000000
1.628 3.192808 0.000000
1.629 3.192687 0.000000
1.630 3.192565 0.000000
1.631 3.192444 0.000000
1.632 3.192322 0.000000
1.633 3.192200 0.000000
1.634 3.192079 0.000000
1.635 3.191957 0.000000
1.636 3.191836 0.000000
1.637 3.191714 0.000000
1.638 3.191592 0.000000
1.639 3.191471 0.000000
1.640 3.191349 0.000000
1.641 3.191228 0.000000
1.642 3.191106 0.000000
1.643 3.190984 0.000000
1.644 3.190863 0.000000
1.645 3.190741 0.000000
1.646 3.190620 0.000000
1.647 3.190498 0.000000
1.648 3.190378 0.000000
1.649 3.190259 0.000000
1.650 3.190140 0.000000
1.651 3.190021 0.000000
1.652 3.189902 0.000000
1.653 3.189783 0.000000
1.654 3.189664 0.000000
1.655 3.189545 0.000000
1.656 3.189426 0.000000
1.657 3.189307 0.000000
1.658 3.189188 0.000000
1.659 3.189069 0.000000
1.660 3.188950 0.000000
1.661 3.188831 0.000000
1.662 3.188712 0.000000
1.663 3.188593 0.000000
1.664 3.188474 0.000000
1.665 3.188355 0.000000
1.666 3.188236 0.000000
1.667 3.188117 0.000000
1.668 3.187998 0.000000
1.669 3.187879 0.000000
1.670 3.187767 0.000000
1.671 3.187655 0.000000
1.672 3.187543 0.000000
1.673 3.187431 0.000000
1.674 3.187319 0.000000
1.675 3.187207 0.000000
1.676 3.187095 0.000000
1.677 3.186983 0.000000
1.678 3.186871 0.000000
1.679 3.186759 0.000000
1.680 3.186647 0.000000
1.681 3.186535 0.000000
1.682 3.186423 0.000000
1.683 3.186311 0.000000
1.684 3.186199 0.000000
1.685 3.186087 0.000000
1.686 3.185975 0.000000
1.687 3.185863 0.000000
1.688 3.185751 0.000000
1.689 3.185639 0.000000
1.690 3.185527 0.000000
1.691 3.185415 0.000000
1.692 3.185305 0.000000
1.693 3.185194 0.000000
1.694 3.185084 0.000000
1.695 3.184973 0.000000
1.696 3.184863 0.000000
1.697 3.184752 0.000000
1.698 3.184642 0.000000
1.699 3.184531 0.000000
1.700 3.184421 0.000000
1.701 3.184310 0.000000
1.702 3.184200 0.000000
1.703 3.184089 0.000000
1.704 3.183979 0.000000
1.705 3.183868 0.000000
1.706 3.183758 0.000000
1.707 3.183647 0.000000
1.708 3.183537 0.000000
1.709 3.183426 0.000000
1.710 3.183316 0.000000
1.711 3.183205 0.000000
1.712 3.183095 0.000000
1.713 3.182984 0.000000
1.714 3.182877 0.000000
1.715 3.182773 0.000000
1.716 3.182670 0.000000
1.717 3.182566 0.000000
1.718 3.182463 0.000000
1.719 3.182359 0.000000
1.720 3.182256 0.000000
1.721 3.182153 0.000000
1.722 3.182049 0.000000
1.723 3.181946 0.000000
1.724 3.181842 0.000000
1.725 3.181739 0.000000
1.726 3.181635 0.000000
1.727 3.181532 0.000000
1.728 3.181428 0.000000
1.729 3.181325 0.000000
1.730 3.181221 0.000000
1.731 3.181118 0.000000
1.732 3.181014 0.000000
1.733 3.180911 0.000000
1.734 3.180807 0.000000
1.735 3.180704 0.000000
1.736 3.180600 0.000000
1.737 3.180497 0.000000
1.738 3.180395 0.000000
1.739 3.180294 0.000000
1.740 3.180192 0.000000
1.741 3.180090 0.000000
1.742 3.179988 0.000000
1.743 3.179887 0.000000
1.744 3.179785 0.000000
1.745 3.179683 0.000000
1.746 3.179581 0.000000
1.747 3.179479 0.000000
1.748 3.179378 0.000000
1.749 3.179276 0.000000
1.750 3.179174 0.000000
1.751 3.179072 0.000000
1.752 3.178971 0.000000
1.753 3.178869 0.000000
1.754 3.178767 0.000000
1.755 3.178665 0.000000
1.756 3.178563 0.000000
1.757 3.178462 0.000000
1.758 3.178360 0.000000
1.759 3.178258 0.000000
1.760 3.178156 0.000000
1.761 3.178056 0.000000
1.762 3.177961 0.000000
1.763 3.177866 0.000000
1.764 3.177770 0.000000
1.765 3.177675 0.000000
1.766 3.177580 0.000000
1.767 3.177485 0.000000
1.768 3.177390 0.000000
1.769 3.177294 0.000000
1.770 3.177199 0.000000
1.771 3.177104 0.000000
1.772 3.177009 0.000000
1.773 3.176913 0.000000
1.774 3.176818 0.000000
1.775 3.176723 0.000000
1.776 3.176628 0.000000
1.777 3.176533 0.000000
1.778 3.176437 0.000000
1.779 3.176342 0.000000
1.780 3.176247 0.000000
1.781 3.176152 0.000000
1.782 3.176056 0.000000
1.783 3.175961 0.000000
1.784 3.175866 0.000000
1.785 3.175771 0.000000
1.786 3.175677 0.000000
1.787 3.175583 0.000000
1.788 3.175490 0.000000
1.789 3.175397 0.000000
1.790 3.175304 0.000000
1.791 3.175210 0.000000
1.792 3.175117 0.000000
1.793 3.175024 0.000000
1.794 3.174930 0.000000
1.795 3.174837 0.000000
1.796 3.174744 0.000000
1.797 3.174651 0.000000
1.798 3.174557 0.000000
1.799 3.174464 0.000000
1.800 3.174371 0.000000
1.801 3.174277 0.000000
1.802 3.174184 0.000000
1.803 3.174091 0.000000
1.804 3.173998 0.000000
1.805 3.173904 0.000000
1.806 3.173811 0.000000
1.807 3.173718 0.000000
1.808 3.173624 0.000000
1.809 3.173531 0.000000
1.810 3.173438 0.000000
1.811 3.173347 0.000000
1.812 3.173259 0.000000
1.813 3.173171 0.000000
1.814 3.173084 0.000000
1.815 3.172996 0.000000
1.816 3.172908 0.000000
1.817 3.172821 0.000000
1.818 3.172733 0.000000
1.819 3.172645 0.000000
1.820 3.172558 0.000000
1.821 3.172470 0.000000
1.822 3.172382 0.000000
1.823 3.172295 0.000000
1.824 3.172207 0.000000
1.825 3.172119 0.000000
1.826 3.172032 0.000000
1.827 3.171944 0.000000
1.828 3.171856 0.000000
1.829 3.171769 0.000000
1.830 3.171681 0.000000
1.831 3.171593 0.000000
1.832 3.171506 0.000000
1.833 3.171418 0.000000
1.834 3.171330 0.000000
1.835 3.171243 0.000000
1.836 3.171155 0.000000
1.837 3.171068 0.000000
1.838 3.170983 0.000000
1.839 3.170897 0.000000
1.840 3.170812 0.000000
1.841 3.170726 0.000000
1.842 3.170641 0.000000
1.843 3.170555 0.000000
1.844 3.170469 0.000000
1.845 3.170384 0.000000
1.846 3.170298 0.000000
1.847 3.170213 0.000000
1.848 3.170127 0.000000
1.849 3.170042 0.000000
1.850 3.169956 0.000000
1.851 3.169871 0.000000
1.852 3.169785 0.000000
1.853 3.169700 0.000000
1.854 3.169614 0.000000
1.855 3.169529 0.000000
1.856 3.169443 0.000000
1.857 3.169358 0.000000
1.858 3.169272 0.000000
1.859 3.169187 0.000000
1.860 3.169101 0.000000
1.861 3.169016 0.000000
1.862 3.168930 0.000000
1.863 3.168845 0.000000
1.864 3.168762 0.000000
1.865 3.168682 0.000000
1.866 3.168601 0.000000
1.867 3.168521 0.000000
1.868 3.168440 0.000000
1.869 3.168360 0.000000
1.870 3.168279 0.000000
1.871 3.168199 0.000000
1.872 3.168118 0.000000
1.873 3.168037 0.000000
1.874 3.167957 0.000000
1.875 3.167876 0.000000
1.876 3.167796 0.000000
1.877 3.167715 0.000000
1.878 3.167635 0.000000
1.879 3.167554 0.000000
1.880 3.167474 0.000000
1.881 3.167393 0.000000
1.882 3.167313 0.000000
1.883 3.167232 0.000000
1.884 3.167152 0.000000
1.885 3.167071 0.000000
1.886 3.166991 0.000000
1.887 3.166910 0.000000
1.888 3.166830 0.000000
1.889 3.166749 0.000000
1.890 3.166668 0.000000
1.891 3.166588 0.000000
1.892 3.166510 0.000000
1.893 3.166432 0.000000
1.894 3.166353 0.000000
1.895 3.166275 0.000000
1.896 3.166197 0.000000
1.897 3.166119 0.000000
1.898 3.166040 0.000000
1.899 3.165962 0.000000
1.900 3.165884 0.000000
1.901 3.165806 0.000000
1.902 3.165727 0.000000
1.903 3.165649 0.000000
1.904 3.165571 0.000000
1.905 3.165493 0.000000
1.906 3.165414 0.000000
1.907 3.165336 0.000000
1.908 3.165258 0.000000
1.909 3.165179 0.000000
1.910 3.165101 0.000000
1.911 3.165023 0.000000
1.912 3.164945 0.000000
1.913 3.164866 0.000000
1.914 3.164788 0.000000
1.915 3.164710 0.000000
1.916 3.164632 0.000000
1.917 3.164553 0.000000
1.918 3.164475 0.000000
1.919 3.164397 0.000000
1.920 3.164322 0.000000
1.921 3.164248 0.000000
1.922 3.164174 0.000000
1.923 3.164100 0.000000
1.924 3.164026 0.000000
1.925 3.163952 0.000000
1.926 3.163878 0.000000
1.927 3.163804 0.000000
1.928 3.163730 0.000000
1.929 3.163656 0.000000
1.930 3.163582 0.000000
1.931 3.163507 0.000000
1.932 3.163433 0.000000
1.933 3.163359 0.000000
1.934 3.163285 0.000000
1.935 3.163211 0.000000
1.936 3.163137 0.000000
1.937 3.163063 0.000000
1.938 3.162989 0.000000
1.939 3.162915 0.000000
1.940 3.162841 0.000000
1.941 3.162767 0.000000
1.942 3.162693 0.000000
1.943 3.162619 0.000000
1.944 3.162545 0.000000
1.945 3.162471 0.000000
1.946 3.162397 0.000000
1.947 3.162323 0.000000
1.948 3.162249 0.000000
1.949 3.162176 0.000000
1.950 3.162105 0.000000