0.251 2.168422 3.367924
0.252 2.226217 3.376551
0.253 2.283825 3.383504
0.254 2.341109 3.391062
0.255 2.396109 3.396253
0.256 2.454273 3.401942
0.257 2.513814 3.407968
0.258 2.575547 3.413556
0.259 2.644259 3.417506
0.260 2.713011 3.418622
0.261 2.786246 3.411653
0.262 2.862314 3.401689
0.263 2.940667 3.381244
0.264 3.019075 3.355220
0.265 3.092335 3.319866
0.266 3.165748 3.278800
0.267 3.230554 3.229580
0.268 3.293167 3.175986
0.269 3.346409 3.119500
0.270 3.392282 3.057921
0.271 3.433423 2.996824
0.272 3.465080 2.936881
0.273 3.491627 2.875359
0.274 3.513770 2.813397
0.275 3.532023 2.757891
0.276 3.545953 2.701586
0.277 3.554903 2.645432
0.278 3.562075 2.596237
0.279 3.564958 2.547510
0.280 3.566579 2.500883
0.281 3.567698 2.456875
0.282 3.564440 2.415284
0.283 3.562024 2.374948
0.284 3.559751 2.336700
0.285 3.553558 2.299030
0.286 3.547579 2.264890
0.287 3.541778 2.231714
0.288 3.532321 2.199506
0.289 3.523136 2.171142
0.290 3.514510 2.142562
0.291 3.506524 2.114552
0.292 3.495324 2.089834
0.293 3.484441 2.066734
0.294 3.473911 2.044437
0.295 3.463786 2.022958
0.296 3.452390 2.006346
0.297 3.440550 1.986931
0.298 3.428240 1.970678
0.299 3.418596 1.953756
0.300 3.406256 1.938248
0.301 3.397897 1.926852
0.302 3.386362 1.912369
0.303 3.374948 1.902082
0.304 3.363928 1.892229
0.305 3.356996 1.882725
0.306 3.346500 1.873520
0.307 3.336717 1.864574
0.308 3.327701 1.855904
0.309 3.319477 1.848808
0.310 3.311121 1.843486
0.311 3.302215 1.838033
0.312 3.296294 1.831824
0.313 3.288436 1.827679
0.314 3.280452 1.823338
0.315 3.275389 1.818889
0.316 3.268345 1.815081
0.317 3.262852 1.813950
0.318 3.257168 1.810086
0.319 3.250965 1.809633
0.320 3.246654 1.805585
0.321 3.240328 1.805773
0.322 3.236897 1.803744
0.323 3.233586 1.802219
0.324 3.227707 1.802640
0.325 3.225425 1.803149
0.326 3.223233 1.803696
0.327 3.218854 1.801991
0.328 3.215145 1.800890
0.329 3.213339 1.801651
0.330 3.211628 1.802470
0.331 3.210047 1.803369
0.332 3.208586 1.804335
0.333 3.207192 1.805339
0.334 3.205901 1.806410
0.335 3.204748 1.807576
0.336 3.203662 1.808885
0.337 3.202656 1.814026
0.338 3.201753 1.815473
0.339 3.200943 1.816867
0.340 3.200193 1.818307
0.341 3.201772 1.819871
0.342 3.203164 1.822201
0.343 3.202695 1.827246
0.344 3.203184 1.828945
0.345 3.206148 1.830762
0.346 3.205950 1.832629
0.347 3.206057 1.837481
0.348 3.209829 1.840670
0.349 3.210310 1.842710
0.350 3.214143 1.846343
0.351 3.214864 1.851121
0.352 3.218888 1.853361
0.353 3.219590 1.855867
0.354 3.224051 1.862170
0.355 3.224675 1.864609
0.356 3.229488 1.868757
0.357 3.233689 1.873786
0.358 3.235329 1.876390
0.359 3.239597 1.882326
0.360 3.243239 1.885949
0.361 3.246894 1.888733
0.362 3.252360 1.895721
0.363 3.256959 1.898988
0.364 3.260961 1.905552
0.365 3.268418 1.908834
0.366 3.272241 1.915901
0.367 3.277153 1.919168
0.368 3.284043 1.926036
0.369 3.292163 1.932414
0.370 3.296261 1.936887
0.371 3.304572 1.942710
0.372 3.312104 1.948567
0.373 3.317396 1.955174
0.374 3.326057 1.962411
0.375 3.334805 1.968173
0.376 3.347103 1.974166
0.377 3.356724 1.981627
0.378 3.366141 1.988199
0.379 3.378911 1.994172
0.380 3.391183 2.000900
0.381 3.405448 2.008243
0.382 3.417772 2.012551
0.383 3.433294 2.016443
0.384 3.448867 2.020364
0.385 3.464662 2.020892
0.386 3.484316 2.022924
0.387 3.500440 2.021415
0.388 3.515623 2.019829
0.389 3.528582 2.016037
0.390 3.541285 2.012844
0.391 3.555455 2.009870
0.392 3.566371 2.006385
0.393 3.573630 2.001737
0.394 3.581907 2.000605
0.395 3.588360 1.996634
0.396 3.597538 1.997259
0.397 3.603902 1.999483
0.398 3.610600 2.000492
0.399 3.617598 2.006384
0.400 3.625435 2.012523
0.401 3.633675 2.018768
0.402 3.645604 2.028283
0.403 3.657498 2.036471
0.404 3.673077 2.047874
0.405 3.686729 2.059480
0.406 3.707238 2.069092
0.407 3.728337 2.077226
0.408 3.752669 2.087483
0.409 3.777619 2.097025
0.410 3.806669 2.105389
0.411 3.838050 2.110132
0.412 3.869622 2.115267
0.413 3.904371 2.115738
0.414 3.938464 2.114444
0.415 3.972509 2.109860
0.416 4.006407 2.104397
0.417 4.039934 2.097625
0.418 4.073197 2.088738
0.419 4.106346 2.077786
0.420 4.139402 2.066161
0.421 4.170862 2.051832
0.422 4.202866 2.035903
0.423 4.235886 2.018967
0.424 4.268709 2.000755
0.425 4.300764 1.980531
0.426 4.332859 1.956524
0.427 4.362867 1.930244
0.428 4.391843 1.901729
0.429 4.420167 1.871125
0.430 4.447211 1.838748
0.431 4.471310 1.804232
0.432 4.492620 1.767695
0.433 4.513541 1.730246
0.434 4.528991 1.691365
0.435 4.541517 1.652205
0.436 4.551526 1.612670
0.437 4.558683 1.573255
0.438 4.562745 1.535345
0.439 4.563903 1.499026
0.440 4.563611 1.461981
0.441 4.559775 1.429014
0.442 4.556180 1.396682
0.443 4.549711 1.364680
0.444 4.542623 1.333589
0.445 4.536169 1.304328
0.446 4.529893 1.277188
0.447 4.521274 1.250394
0.448 4.512114 1.225659
0.449 4.502846 1.202977
0.450 4.493301 1.180831
0.451 4.481170 1.159733
0.452 4.470201 1.139020
0.453 4.460549 1.118661
0.454 4.450874 1.101563
0.455 4.441193 1.084378
0.456 4.431533 1.068172
0.457 4.421890 1.050776
0.458 4.412257 1.036099
0.459 4.402646 1.020037
0.460 4.393078 1.005459
0.461 4.383569 0.992710
0.462 4.374101 0.979776
0.463 4.364665 0.967019
0.464 4.355283 0.954661
0.465 4.346349 0.943147
0.466 4.339350 0.931773
0.467 4.331588 0.920636
0.468 4.322461 0.910103
0.469 4.313391 0.899924
0.470 4.304357 0.889828
0.471 4.295404 0.880261
0.472 4.289179 0.871173
0.473 4.281855 0.862132
0.474 4.273099 0.853224
0.475 4.264693 0.844606
0.476 4.258187 0.836381
0.477 4.251427 0.828388
0.478 4.242954 0.820539
0.479 4.236837 0.812947
0.480 4.230195 0.805442
0.481 4.222124 0.798193
0.482 4.215678 0.791103
0.483 4.210002 0.784210
0.484 4.203232 0.777562
0.485 4.198047 0.770981
0.486 4.190159 0.764575
0.487 4.183208 0.758320
0.488 4.178426 0.752155
0.489 4.171895 0.746250
0.490 4.166782 0.740389
0.491 4.160800 0.734700
0.492 4.155472 0.728960
0.493 4.149774 0.723428
0.494 4.144461 0.718129
0.495 4.138996 0.712880
0.496 4.133678 0.707662
0.497 4.128351 0.702509
0.498 4.123113 0.697462
0.499 4.117988 0.692476
0.500 4.112721 0.687504
0.501 4.107834 0.682594
0.502 4.102406 0.677933
0.503 4.099254 0.673411
0.504 4.094957 0.668679
0.505 4.089501 0.664089
0.506 4.085141 0.659727
0.507 4.079774 0.655299
0.508 4.075448 0.651052
0.509 4.070171 0.646871
0.510 4.066199 0.642573
0.511 4.063214 0.638441
0.512 4.058227 0.634438
0.513 4.053785 0.630457
0.514 4.051027 0.626378
0.515 4.046650 0.622345
0.516 4.042059 0.618481
0.517 4.038939 0.614669
0.518 4.035204 0.610907
0.519 4.030700 0.607203
0.520 4.026311 0.603524
0.521 4.021946 0.599854
0.522 4.017918 0.596222
0.523 4.015134 0.592684
0.524 4.011134 0.589299
0.525 4.006450 0.585988
0.526 4.003996 0.582480
0.527 4.000328 0.579029
0.528 3.995959 0.575622
0.529 3.992794 0.572323
0.530 3.990455 0.569123
0.531 3.987570 0.565909
0.532 3.983614 0.562642
0.533 3.979503 0.559541
0.534 3.977250 0.556469
0.535 3.973383 0.553237
0.536 3.969411 0.550185
0.537 3.966543 0.547201
0.538 3.963489 0.544239
0.539 3.959460 0.541289
0.540 3.955990 0.538329
0.541 3.953901 0.535496
0.542 3.951831 0.532595
0.543 3.947952 0.529783
0.544 3.944230 0.526935
0.545 3.941564 0.524109
0.546 3.939555 0.521415
0.547 3.937562 0.518563
0.548 3.932701 0.515939
0.549 3.929637 0.513382
0.550 3.927500 0.510703
0.551 3.924621 0.507985
0.552 3.919603 0.505527
0.553 3.917697 0.503024
0.554 3.915807 0.500344
0.555 3.913424 0.497815
0.556 3.910198 0.495437
0.557 3.906184 0.493065
0.558 3.904364 0.490567
0.559 3.902555 0.488042
0.560 3.899729 0.485646
0.561 3.896246 0.483361
0.562 3.893145 0.481091
0.563 3.891391 0.478823
0.564 3.889653 0.476374
0.565 3.886620 0.473975
0.566 3.882447 0.471727
0.567 3.880535 0.469539
0.568 3.878842 0.467353
0.569 3.877191 0.465178
0.570 3.875308 0.463022
0.571 3.872714 0.460897
0.572 3.869061 0.458791
0.573 3.866646 0.456688
0.574 3.865055 0.454591
0.575 3.863474 0.452507
0.576 3.859709 0.450456
0.577 3.856817 0.448421
0.578 3.854739 0.446394
0.579 3.853203 0.444368
0.580 3.851353 0.442357
0.581 3.848232 0.440367
0.582 3.844632 0.438396
0.583 3.843185 0.436437
0.584 3.841737 0.434479
0.585 3.840296 0.432529
0.586 3.838731 0.430591
0.587 3.834992 0.428684
0.588 3.832410 0.426787
0.589 3.830572 0.424902
0.590 3.829182 0.423036
0.591 3.827223 0.421394
0.592 3.824491 0.419680
0.593 3.821011 0.417837
0.594 3.819690 0.416009
0.595 3.818370 0.414183
0.596 3.817053 0.412403
0.597 3.815751 0.410839
0.598 3.812372 0.409140
0.599 3.809104 0.407386
0.600 3.807851 0.405614
0.601 3.806597 0.403933
0.602 3.805349 0.402301
0.603 3.804111 0.400720
0.604 3.801019 0.399006
0.605 3.798345 0.397397
0.606 3.796412 0.395937
0.607 3.795183 0.394255
0.608 3.793603 0.392599
0.609 3.791599 0.390981
0.610 3.788559 0.389494
0.611 3.786407 0.387924
0.612 3.785270 0.386259
0.613 3.784134 0.384830
0.614 3.782887 0.383333
0.615 3.781500 0.381738
0.616 3.778169 0.380334
0.617 3.775607 0.378912
0.618 3.774532 0.377433
0.619 3.773457 0.375946
0.620 3.772387 0.374499
0.621 3.771326 0.373149
0.622 3.768338 0.371672
0.623 3.765142 0.370178
0.624 3.764114 0.368820
0.625 3.763087 0.367435
0.626 3.762061 0.366031
0.627 3.761052 0.364567
0.628 3.758932 0.363183
0.629 3.755379 0.361901
0.630 3.753999 0.360488
0.631 3.753030 0.359104
0.632 3.752063 0.357894
0.633 3.749752 0.356556
0.634 3.746640 0.355140
0.635 3.745340 0.353893
0.636 3.744181 0.352589
0.637 3.743257 0.351190
0.638 3.742333 0.349957
0.639 3.741209 0.348764
0.640 3.738081 0.347378
0.641 3.735823 0.346084
0.642 3.734686 0.344910
0.643 3.733757 0.343761
0.644 3.732888 0.342602
0.645 3.732019 0.341286
0.646 3.730131 0.340019
0.647 3.726847 0.338821
0.648 3.725358 0.337683
0.649 3.724525 0.336567
0.650 3.723698 0.335457
0.651 3.722871 0.334278
0.652 3.722045 0.332960
0.653 3.719774 0.331757
0.654 3.716586 0.330627
0.655 3.715531 0.329535
0.656 3.714749 0.328449
0.657 3.713975 0.327367
0.658 3.713111 0.326286
0.659 3.712118 0.325205
0.660 3.709892 0.324131
0.661 3.707021 0.323060
0.662 3.706054 0.322000
0.663 3.705314 0.320915
0.664 3.704579 0.319631
0.665 3.703543 0.318427
0.666 3.701928 0.317375
0.667 3.700032 0.316328
0.668 3.697907 0.315284
0.669 3.696850 0.314258
0.670 3.696148 0.313237
0.671 3.695451 0.312409
0.672 3.694552 0.311568
0.673 3.692186 0.310540
0.674 3.690145 0.309514
0.675 3.688896 0.308495
0.676 3.687915 0.307480
0.677 3.687260 0.306471
0.678 3.686609 0.305464
0.679 3.685960 0.304459
0.680 3.683685 0.303455
0.681 3.680842 0.302450
0.682 3.679923 0.301557
0.683 3.679288 0.300680
0.684 3.678670 0.299792
0.685 3.677988 0.298894
0.686 3.676727 0.297911
0.687 3.675296 0.296957
0.688 3.673183 0.296123
0.689 3.671503 0.295267
0.690 3.670904 0.294360
0.691 3.670311 0.293432
0.692 3.669728 0.292466
0.693 3.668362 0.291580
0.694 3.665958 0.290800
0.695 3.664303 0.289946
0.696 3.663443 0.289013
0.697 3.662739 0.288144
0.698 3.662175 0.287331
0.699 3.661515 0.286492
0.700 3.660780 0.285631
0.701 3.659055 0.284833
0.702 3.656632 0.284078
0.703 3.655331 0.283211
0.704 3.654786 0.282269
0.705 3.654251 0.281453
0.706 3.653720 0.280723
0.707 3.652257 0.279971
0.708 3.650133 0.279204
0.709 3.648681 0.278398
0.710 3.647750 0.277561
0.711 3.647041 0.276760
0.712 3.646529 0.275991
0.713 3.645906 0.275258
0.714 3.645163 0.274565
0.715 3.643793 0.273853
0.716 3.641570 0.273117
0.717 3.639963 0.272389
0.718 3.639483 0.271679
0.719 3.639003 0.270941
0.720 3.638523 0.270133
0.721 3.637711 0.269359
0.722 3.635353 0.268745
0.723 3.633126 0.268117
0.724 3.632615 0.267314
0.725 3.632104 0.266512
0.726 3.631652 0.265895
0.727 3.631202 0.265288
0.728 3.630753 0.264617
0.729 3.630303 0.263931
0.730 3.628698 0.263227
0.731 3.626540 0.262514
0.732 3.625190 0.261861
0.733 3.624586 0.261265
0.734 3.624047 0.260669
0.735 3.623627 0.260074
0.736 3.623076 0.259466
0.737 3.621884 0.258795
0.738 3.620691 0.258124
0.739 3.619198 0.257426
0.740 3.617696 0.256728
0.741 3.617035 0.256118
0.742 3.616632 0.255534
0.743 3.616230 0.254951
0.744 3.615829 0.254369
0.745 3.614866 0.253787
0.746 3.612640 0.253205
0.747 3.610524 0.252624
0.748 3.610141 0.252047
0.749 3.609757 0.251469
0.750 3.609386 0.250895
0.751 3.609018 0.250322
0.752 3.608526 0.249749
0.753 3.607921 0.249177
0.754 3.607014 0.248606
0.755 3.605109 0.248034
0.756 3.603204 0.247463
0.757 3.602741 0.246937
0.758 3.602390 0.246414
0.759 3.602045 0.245947
0.760 3.601705 0.245516
0.761 3.601175 0.245048
0.762 3.600152 0.244486
0.763 3.599129 0.243924
0.764 3.597761 0.243363
0.765 3.596367 0.242802
0.766 3.595581 0.242342
0.767 3.595252 0.241958
0.768 3.594924 0.241541
0.769 3.594602 0.240988
0.770 3.594280 0.240436
0.771 3.592933 0.239987
0.772 3.591335 0.239563
0.773 3.590077 0.239106
0.774 3.589331 0.238598
0.775 3.588584 0.238090
0.776 3.588267 0.237703
0.777 3.587959 0.237319
0.778 3.587657 0.236851
0.779 3.587359 0.236313
0.780 3.587003 0.235774
0.781 3.586064 0.235215
0.782 3.585125 0.234657
0.783 3.584250 0.234116
0.784 3.583413 0.233586
0.785 3.582615 0.233074
0.786 3.582053 0.232672
0.787 3.581491 0.232270
0.788 3.580956 0.231965
0.789 3.580436 0.231713
0.790 3.579914 0.231431
0.791 3.579381 0.230939
0.792 3.578847 0.230448
0.793 3.578316 0.230006
0.794 3.577785 0.229597
0.795 3.577257 0.229180
0.796 3.576773 0.228645
0.797 3.576290 0.228110
0.798 3.575812 0.227576
0.799 3.575341 0.227042
0.800 3.574870 0.226508
0.801 3.574391 0.226044
0.802 3.573911 0.225586
0.803 3.573431 0.225153
0.804 3.572954 0.224771
0.805 3.572476 0.224390
0.806 3.572023 0.224012
0.807 3.571579 0.223637
0.808 3.571134 0.223246
0.809 3.570667 0.222665
0.810 3.570200 0.222084
0.811 3.569753 0.221584
0.812 3.569333 0.221194
0.813 3.568914 0.220804
0.814 3.568504 0.220435
0.815 3.568097 0.220073
0.816 3.567689 0.219699
0.817 3.567268 0.219186
0.818 3.566848 0.218674
0.819 3.566432 0.218162
0.820 3.566025 0.217653
0.821 3.565618 0.217143
0.822 3.565214 0.216627
0.823 3.564812 0.216108
0.824 3.564409 0.215588
0.825 3.564003 0.215075
0.826 3.563596 0.214562
0.827 3.563192 0.214055
0.828 3.562806 0.213573
0.829 3.562420 0.213092
0.830 3.562041 0.212638
0.831 3.561673 0.212226
0.832 3.561304 0.211814
0.833 3.560936 0.211422
0.834 3.560567 0.211042
0.835 3.560198 0.210662
0.836 3.559846 0.210189
0.837 3.559498 0.209692
0.838 3.559151 0.209195
0.839 3.558797 0.208686
0.840 3.558443 0.208177
0.841 3.558088 0.207652
0.842 3.557723 0.207010
0.843 3.557357 0.206368
0.844 3.556997 0.205746
0.845 3.556653 0.205183
0.846 3.556309 0.204619
0.847 3.555960 0.204108
0.848 3.555603 0.203686
0.849 3.555246 0.203265
0.850 3.554900 0.202867
0.851 3.554567 0.202495
0.852 3.554234 0.202123
0.853 3.553910 0.201686
0.854 3.553594 0.201191
0.855 3.553279 0.200695
0.856 3.552967 0.200197
0.857 3.552657 0.199697
0.858 3.552347 0.199196
0.859 3.552049 0.198710
0.860 3.551758 0.198232
0.861 3.551467 0.197754
0.862 3.551174 0.197257
0.863 3.550879 0.196747
0.864 3.550584 0.196238
0.865 3.550291 0.195786
0.866 3.549998 0.195370
0.867 3.549705 0.194955
0.868 3.549412 0.194536
0.869 3.549121 0.194115
0.870 3.548829 0.193693
0.871 3.548535 0.193255
0.872 3.548238 0.192800
0.873 3.547941 0.192346
0.874 3.547657 0.191894
0.875 3.547389 0.191444
0.876 3.547121 0.190994
0.877 3.546853 0.190536
0.878 3.546583 0.190061
0.879 3.546314 0.189586
0.880 3.546043 0.189112
0.881 3.545770 0.188642
0.882 3.545496 0.188172
0.883 3.545223 0.187715
0.884 3.544961 0.187365
0.885 3.544699 0.187016
0.886 3.544437 0.186667
0.887 3.544183 0.186325
0.888 3.543928 0.185983
0.889 3.543674 0.185642
0.890 3.543448 0.185312
0.891 3.543230 0.184987
0.892 3.543013 0.184662
0.893 3.542791 0.184318
0.894 3.542565 0.183958
0.895 3.542339 0.183597
0.896 3.542117 0.183244
0.897 3.541905 0.182907
0.898 3.541692 0.182571
0.899 3.541479 0.182234
0.900 3.541259 0.181897
0.901 3.541040 0.181560
0.902 3.540820 0.181223
0.903 3.540606 0.180899
0.904 3.540394 0.180578
0.905 3.540182 0.180257
0.906 3.539973 0.179966
0.907 3.539767 0.179708
0.908 3.539562 0.179449
0.909 3.539356 0.179167
0.910 3.539147 0.178747
0.911 3.538938 0.178327
0.912 3.538729 0.177907
0.913 3.538530 0.177567
0.914 3.538333 0.177248
0.915 3.538137 0.176929
0.916 3.537947 0.176631
0.917 3.537767 0.176363
0.918 3.537588 0.176095
0.919 3.537408 0.175824
0.920 3.537244 0.175469
0.921 3.537080 0.175113
0.922 3.536915 0.174757
0.923 3.536741 0.174405
0.924 3.536560 0.174057
0.925 3.536379 0.173709
0.926 3.536200 0.173366
0.927 3.536031 0.173050
0.928 3.535863 0.172735
0.929 3.535694 0.172419
0.930 3.535533 0.172029
0.931 3.535377 0.171601
0.932 3.535220 0.171172
0.933 3.535064 0.170756
0.934 3.534911 0.170404
0.935 3.534759 0.170052
0.936 3.534606 0.169700
0.937 3.534456 0.169418
0.938 3.534307 0.169175
0.939 3.534158 0.168933
0.940 3.534011 0.168686
0.941 3.533888 0.168376
0.942 3.533764 0.168066
0.943 3.533641 0.167756
0.944 3.533524 0.167415
0.945 3.533415 0.167041
0.946 3.533306 0.166668
0.947 3.533197 0.166294
0.948 3.533091 0.165948
0.949 3.532986 0.165605
0.950 3.532881 0.165262
0.951 3.532776 0.164918
0.952 3.532674 0.164569
0.953 3.532571 0.164220
0.954 3.532469 0.163870
0.955 3.532384 0.163535
0.956 3.532314 0.163209
0.957 3.532244 0.162884
0.958 3.532173 0.162558
0.959 3.532117 0.162214
0.960 3.532062 0.161866
0.961 3.532008 0.161519
0.962 3.531954 0.161167
0.963 3.531904 0.160785
0.964 3.531853 0.160404
0.965 3.531802 0.160022
0.966 3.531753 0.159608
0.967 3.531705 0.159144
0.968 3.531657 0.158679
0.969 3.531610 0.158215
0.970 3.531575 0.157787
0.971 3.531549 0.157384
0.972 3.531523 0.156980
0.973 3.531496 0.156576
0.974 3.531479 0.156185
0.975 3.531464 0.155796
0.976 3.531449 0.155408
0.977 3.531434 0.155019
0.978 3.531422 0.154558
0.979 3.531410 0.154093
0.980 3.531399 0.153628
0.981 3.531387 0.153158
0.982 3.531378 0.152629
0.983 3.531368 0.152101
0.984 3.531359 0.151572
0.985 3.531351 0.151043
0.986 3.531347 0.150509
0.987 3.531343 0.149976
0.988 3.531339 0.149443
0.989 3.531336 0.148932
0.990 3.531336 0.148492
0.991 3.531336 0.148053
0.992 3.531336 0.147613
0.993 3.531337 0.147162
0.994 3.531340 0.146681
0.995 3.531343 0.146200
0.996 3.531345 0.145719
0.997 3.531349 0.145233
0.998 3.531355 0.144734
0.999 3.531360 0.144235
1.000 3.531366 0.143736
1.001 3.531365 0.143196
1.002 3.531344 0.142522
1.003 3.531323 0.141848
1.004 3.531301 0.141173
1.005 3.531279 0.140505
1.006 3.531248 0.139864
1.007 3.531218 0.139224
1.008 3.531188 0.138584
1.009 3.531158 0.137940
1.010 3.531131 0.137248
1.011 3.531103 0.136557
1.012 3.531075 0.135865
1.013 3.531047 0.135174
1.014 3.531023 0.134515
1.015 3.530999 0.133858
1.016 3.530975 0.133202
1.017 3.530951 0.132545
1.018 3.530869 0.131854
1.019 3.530771 0.131152
1.020 3.530672 0.130451
1.021 3.530574 0.129749
1.022 3.530460 0.129067
1.023 3.530336 0.128399
1.024 3.530212 0.127730
1.025 3.530087 0.127062
1.026 3.529964 0.126399
1.027 3.529842 0.125746
1.028 3.529720 0.125094
1.029 3.529598 0.124441
1.030 3.529476 0.123783
1.031 3.529359 0.123043
1.032 3.529241 0.122303
1.033 3.529123 0.121563
1.034 3.529005 0.120823
1.035 3.528830 0.120151
1.036 3.528637 0.119500
1.037 3.528444 0.118848
1.038 3.528251 0.118197
1.039 3.528048 0.117521
1.040 3.527831 0.116809
1.041 3.527613 0.116098
1.042 3.527396 0.115386
1.043 3.527179 0.114679
1.044 3.526966 0.114069
1.045 3.526753 0.113460
1.046 3.526540 0.112851
1.047 3.526326 0.112242
1.048 3.526117 0.111593
1.049 3.525909 0.110921
1.050 3.525701 0.110248
1.051 3.525494 0.109576
1.052 3.525282 0.108914
1.053 3.525047 0.108298
1.054 3.524813 0.107682
1.055 3.524578 0.107067
1.056 3.524344 0.106451
1.057 3.524106 0.105886
1.058 3.523867 0.105346
1.059 3.523628 0.104805
1.060 3.523389 0.104264
1.061 3.523151 0.103712
1.062 3.522919 0.103099
1.063 3.522687 0.102485
1.064 3.522454 0.101872
1.065 3.522222 0.101258
1.066 3.521995 0.100672
1.067 3.521772 0.100106
1.068 3.521549 0.099539
1.069 3.521325 0.098973
1.070 3.521102 0.098407
1.071 3.520928 0.097778
1.072 3.520756 0.097147
1.073 3.520584 0.096517
1.074 3.520411 0.095886
1.075 3.520247 0.095279
1.076 3.520100 0.094722
1.077 3.519953 0.094164
1.078 3.519805 0.093606
1.079 3.519658 0.093049
1.080 3.519520 0.092529
1.081 3.519388 0.092030
1.082 3.519255 0.091532
1.083 3.519123 0.091033
1.084 3.518990 0.090535
1.085 3.518874 0.090026
1.086 3.518760 0.089516
1.087 3.518645 0.089006
1.088 3.518531 0.088496
1.089 3.518447 0.087978
1.090 3.518561 0.087412
1.091 3.518675 0.086845
1.092 3.518789 0.086279
1.093 3.518903 0.085712
1.094 3.519047 0.085133
1.095 3.519257 0.084525
1.096 3.519466 0.083918
1.097 3.519675 0.083310
1.098 3.519884 0.082702
1.099 3.520114 0.082089
1.100 3.520369 0.081469
1.101 3.520624 0.080850
1.102 3.520878 0.080230
1.103 3.521133 0.079610
1.104 3.521422 0.078982
1.105 3.521737 0.078348
1.106 3.522052 0.077714
1.107 3.522367 0.077080
1.108 3.522683 0.076445
1.109 3.523095 0.075472
1.110 3.523567 0.074289
1.111 3.524039 0.073107
1.112 3.524511 0.071924
1.113 3.524983 0.070742
1.114 3.525521 0.069387
1.115 3.526098 0.067932
1.116 3.526674 0.066477
1.117 3.527251 0.065021
1.118 3.527828 0.063566
1.119 3.528437 0.062141
1.120 3.529066 0.060736
1.121 3.529696 0.059331
1.122 3.530326 0.057927
1.123 3.530956 0.056522
1.124 3.531574 0.055077
1.125 3.532182 0.053596
1.126 3.532790 0.052114
1.127 3.533398 0.050632
1.128 3.534006 0.049151
1.129 3.534071 0.047561
1.130 3.533294 0.045803
1.131 3.532517 0.044045
1.132 3.531740 0.042287
1.133 3.530963 0.040529
1.134 3.530186 0.038771
1.135 3.529409 0.037013
1.136 3.528632 0.035255
1.137 3.527855 0.033497
1.138 3.526806 0.031713
1.139 3.525738 0.029928
1.140 3.524671 0.028143
1.141 3.523604 0.026358
1.142 3.522536 0.024573
1.143 3.521469 0.022788
1.144 3.520401 0.021003
1.145 3.519334 0.019218
1.146 3.518158 0.017796
1.147 3.516788 0.017029
1.148 3.515417 0.016261
1.149 3.514046 0.015494
1.150 3.512675 0.014726
1.151 3.511304 0.013959
1.152 3.509934 0.013192
1.153 3.508563 0.012424
1.154 3.507192 0.011657
1.155 3.505735 0.010996
1.156 3.504231 0.010393
1.157 3.502727 0.009790
1.158 3.501223 0.009187
1.159 3.499718 0.008584
1.160 3.498214 0.007981
1.161 3.496710 0.007378
1.162 3.495206 0.006775
1.163 3.493702 0.006172
1.164 3.492413 0.005821
1.165 3.491178 0.005535
1.166 3.489943 0.005248
1.167 3.488708 0.004961
1.168 3.487473 0.004675
1.169 3.486237 0.004388
1.170 3.485002 0.004101
1.171 3.483767 0.003814
1.172 3.482532 0.003528
1.173 3.481318 0.003357
1.174 3.480108 0.003212
1.175 3.478898 0.003067
1.176 3.477688 0.002922
1.177 3.476478 0.002777
1.178 3.475267 0.002632
1.179 3.474057 0.002487
1.180 3.472847 0.002342
1.181 3.471637 0.002197
1.182 3.470543 0.002086
1.183 3.469499 0.001989
1.184 3.468455 0.001893
1.185 3.467412 0.001796
1.186 3.466368 0.001700
1.187 3.465324 0.001603
1.188 3.464280 0.001507
1.189 3.463236 0.001410
1.190 3.462192 0.001313
1.191 3.461184 0.001246
1.192 3.460223 0.001217
1.193 3.459262 0.001188
1.194 3.458301 0.001159
1.195 3.457340 0.001130
1.196 3.456379 0.001101
1.197 3.455418 0.001073
1.198 3.454457 0.001044
1.199 3.453496 0.001015
1.200 3.452538 0.000986
1.201 3.451712 0.000948
1.202 3.450885 0.000911
1.203 3.450059 0.000873
1.204 3.449233 0.000836
1.205 3.448406 0.000799
1.206 3.447580 0.000761
1.207 3.446754 0.000724
1.208 3.445927 0.000686
1.209 3.445101 0.000649
1.210 3.444308 0.000622
1.211 3.443555 0.000609
1.212 3.442802 0.000596
1.213 3.442048 0.000582
1.214 3.441295 0.000569
1.215 3.440542 0.000556
1.216 3.439789 0.000542
1.217 3.439035 0.000529
1.218 3.438282 0.000516
1.219 3.437529 0.000502
1.220 3.436844 0.000496
1.221 3.436182 0.000493
1.222 3.435521 0.000490
1.223 3.434860 0.000487
1.224 3.434198 0.000484
1.225 3.433537 0.000480
1.226 3.432875 0.000477
1.227 3.432214 0.000474
1.228 3.431552 0.000471
1.229 3.430891 0.000468
1.230 3.430270 0.000455
1.231 3.429655 0.000442
1.232 3.429040 0.000428
1.233 3.428425 0.000414
1.234 3.427810 0.000401
1.235 3.427196 0.000387
1.236 3.426581 0.000373
1.237 3.425966 0.000360
1.238 3.425351 0.000346
1.239 3.424736 0.000332
1.240 3.424161 0.000322
1.241 3.423594 0.000313
1.242 3.423027 0.000303
1.243 3.422460 0.000293
1.244 3.421893 0.000284
1.245 3.421326 0.000274
1.246 3.420759 0.000265
1.247 3.420192 0.000255
1.248 3.419625 0.000246
1.249 3.419058 0.000236
1.250 3.418503 0.000227
1.251 3.417956 0.000217
1.252 3.417409 0.000208
1.253 3.416862 0.000199
1.254 3.416315 0.000189
1.255 3.415768 0.000180
1.256 3.415221 0.000171
1.257 3.414674 0.000161
1.258 3.414127 0.000152
1.259 3.413580 0.000143
1.260 3.413041 0.000134
1.261 3.412522 0.000124
1.262 3.412003 0.000115
1.263 3.411484 0.000106
1.264 3.410965 0.000097
1.265 3.410446 0.000088
1.266 3.409927 0.000079
1.267 3.409408 0.000070
1.268 3.408888 0.000061
1.269 3.408369 0.000052
1.270 3.407850 0.000043
1.271 3.407346 0.000038
1.272 3.406846 0.000034
1.273 3.406347 0.000030
1.274 3.405848 0.000026
1.275 3.405348 0.000023
1.276 3.404849 0.000019
1.277 3.404350 0.000015
1.278 3.403850 0.000011
1.279 3.403351 0.000007
1.280 3.402852 0.000004
1.281 3.402352 0.000000
1.282 3.401875 0.000000
1.283 3.401397 0.000000
1.284 3.400920 0.000000
1.285 3.400442 0.000000
1.286 3.399964 0.000000
1.287 3.399487 0.000000
1.288 3.399009 0.000000
1.289 3.398532 0.000000
1.290 3.398054 0.000000
1.291 3.397576 0.000000
1.292 3.397101 0.000000
1.293 3.396640 0.000000
1.294 3.396179 0.000000
1.295 3.395718 0.000000
1.296 3.395258 0.000000
1.297 3.394797 0.000000
1.298 3.394336 0.000000
1.299 3.393875 0.000000
1.300 3.393415 0.000000
1.301 3.392954 0.000000
1.302 3.392493 0.000000
1.303 3.392033 0.000000
1.304 3.391587 0.000000
1.305 3.391140 0.000000
1.306 3.390694 0.000000
1.307 3.390248 0.000000
1.308 3.389802 0.000000
1.309 3.389356 0.000000
1.310 3.388910 0.000000
1.311 3.388464 0.000000
1.312 3.388017 0.000000
1.313 3.387571 0.000000
1.314 3.387125 0.000000
1.315 3.386692 0.000000
1.316 3.386264 0.000000
1.317 3.385836 0.000000
1.318 3.385408 0.000000
1.319 3.384980 0.000000
1.320 3.384552 0.000000
1.321 3.384124 0.000000
1.322 3.383696 0.000000
1.323 3.383267 0.000000
1.324 3.382839 0.000000
1.325 3.382411 0.000000
1.326 3.381986 0.000000
1.327 3.381570 0.000000
1.328 3.381155 0.000000
1.329 3.380739 0.000000
1.330 3.380323 0.000000
1.331 3.379907 0.000000
1.332 3.379491 0.000000
1.333 3.379075 0.000000
1.334 3.378660 0.000000
1.335 3.378244 0.000000
1.336 3.377828 0.000000
1.337 3.377412 0.000000
1.338 3.377006 0.000000
1.339 3.376606 0.000000
1.340 3.376207 0.000000
1.341 3.375807 0.000000
1.342 3.375408 0.000000
1.343 3.375008 0.000000
1.344 3.374609 0.000000
1.345 3.374209 0.000000
1.346 3.373810 0.000000
1.347 3.373410 0.000000
1.348 3.373011 0.000000
1.349 3.372611 0.000000
1.350 3.372218 0.000000
1.351 3.371827 0.000000
1.352 3.371437 0.000000
1.353 3.371046 0.000000
1.354 3.370656 0.000000
1.355 3.370265 0.000000
1.356 3.369875 0.000000
1.357 3.369484 0.000000
1.358 3.369093 0.000000
1.359 3.368703 0.000000
1.360 3.368312 0.000000
1.361 3.367922 0.000000
1.362 3.367543 0.000000
1.363 3.367172 0.000000
1.364 3.366802 0.000000
1.365 3.366431 0.000000
1.366 3.366060 0.000000
1.367 3.365690 0.000000
1.368 3.365319 0.000000
1.369 3.364948 0.000000
1.370 3.364578 0.000000
1.371 3.364207 0.000000
1.372 3.363836 0.000000
1.373 3.363466 0.000000
1.374 3.363097 0.000000
1.375 3.362735 0.000000
1.376 3.362372 0.000000
1.377 3.362010 0.000000
1.378 3.361647 0.000000
1.379 3.361285 0.000000
1.380 3.360922 0.000000
1.381 3.360560 0.000000
1.382 3.360198 0.000000
1.383 3.359835 0.000000
1.384 3.359473 0.000000
1.385 3.359110 0.000000
1.386 3.358748 0.000000
1.387 3.358396 0.000000
1.388 3.358048 0.000000
1.389 3.357700 0.000000
1.390 3.357352 0.000000
1.391 3.357004 0.000000
1.392 3.356656 0.000000
1.393 3.356308 0.000000
1.394 3.355960 0.000000
1.395 3.355612 0.000000
1.396 3.355264 0.000000
1.397 3.354916 0.000000
1.398 3.354568 0.000000
1.399 3.354220 0.000000
1.400 3.353877 0.000000
1.401 3.353535 0.000000
1.402 3.353192 0.000000
1.403 3.352849 0.000000
1.404 3.352506 0.000000
1.405 3.352163 0.000000
1.406 3.351821 0.000000
1.407 3.351478 0.000000
1.408 3.351135 0.000000
1.409 3.350792 0.000000
1.410 3.350449 0.000000
1.411 3.350107 0.000000
1.412 3.349764 0.000000
1.413 3.349435 0.000000
1.414 3.349107 0.000000
1.415 3.348779 0.000000
1.416 3.348451 0.000000
1.417 3.348123 0.000000
1.418 3.347796 0.000000
1.419 3.347468 0.000000
1.420 3.347140 0.000000
1.421 3.346812 0.000000
1.422 3.346484 0.000000
1.423 3.346156 0.000000
1.424 3.345828 0.000000
1.425 3.345500 0.000000
1.426 3.345176 0.000000
1.427 3.344852 0.000000
1.428 3.344529 0.000000
1.429 3.344206 0.000000
1.430 3.343882 0.000000
1.431 3.343559 0.000000
1.432 3.343236 0.000000
1.433 3.342913 0.000000
1.434 3.342589 0.000000
1.435 3.342266 0.000000
1.436 3.341943 0.000000
1.437 3.341619 0.000000
1.438 3.341296 0.000000
1.439 3.340975 0.000000
1.440 3.340666 0.000000
1.441 3.340357 0.000000
1.442 3.340048 0.000000
1.443 3.339739 0.000000
1.444 3.339430 0.000000
1.445 3.339120 0.000000
1.446 3.338811 0.000000
1.447 3.338502 0.000000
1.448 3.338193 0.000000
1.449 3.337884 0.000000
1.450 3.337575 0.000000
1.451 3.337266 0.000000
1.452 3.336956 0.000000
1.453 3.336649 0.000000
1.454 3.336346 0.000000
1.455 3.336042 0.000000
1.456 3.335738 0.000000
1.457 3.335434 0.000000
1.458 3.335130 0.000000
1.459 3.334826 0.000000
1.460 3.334522 0.000000
1.461 3.334218 0.000000
1.462 3.333914 0.000000
1.463 3.333610 0.000000
1.464 3.333307 0.000000
1.465 3.333003 0.000000
1.466 3.332699 0.000000
1.467 3.332401 0.000000
1.468 3.332113 0.000000
1.469 3.331824 0.000000
1.470 3.331536 0.000000
1.471 3.331248 0.000000
1.472 3.330960 0.000000
1.473 3.330672 0.000000
1.474 3.330384 0.000000
1.475 3.330096 0.000000
1.476 3.329808 0.000000
1.477 3.329519 0.000000
1.478 3.329231 0.000000
1.479 3.328943 0.000000
1.480 3.328655 0.000000
1.481 3.328367 0.000000
1.482 3.328084 0.000000
1.483 3.327801 0.000000
1.484 3.327518 0.000000
1.485 3.327235 0.000000
1.486 3.326951 0.000000
1.487 3.326668 0.000000
1.488 3.326385 0.000000
1.489 3.326102 0.000000
1.490 3.325819 0.000000
1.491 3.325536 0.000000
1.492 3.325252 0.000000
1.493 3.324969 0.000000
1.494 3.324686 0.000000
1.495 3.324403 0.000000
1.496 3.324124 0.000000
1.497 3.323850 0.000000
1.498 3.323577 0.000000
1.499 3.323303 0.000000
1.500 3.323029 0.000000
1.501 3.322755 0.000000
1.502 3.322481 0.000000
1.503 3.322208 0.000000
1.504 3.321934 0.000000
1.505 3.321660 0.000000
1.506 3.321386 0.000000
1.507 3.321112 0.000000
1.508 3.320838 0.000000
1.509 3.320565 0.000000
1.510 3.320291 0.000000
1.511 3.320020 0.000000
1.512 3.319752 0.000000
1.513 3.319484 0.000000
1.514 3.319215 0.000000
1.515 3.318947 0.000000
1.516 3.318679 0.000000
1.517 3.318411 0.000000
1.518 3.318142 0.000000
1.519 3.317874 0.000000
1.520 3.317606 0.000000
1.521 3.317337 0.000000
1.522 3.317069 0.000000
1.523 3.316801 0.000000
1.524 3.316532 0.000000
1.525 3.316264 0.000000
1.526 3.316000 0.000000
1.527 3.315743 0.000000
1.528 3.315486 0.000000
1.529 3.315228 0.000000
1.530 3.314971 0.000000
1.531 3.314714 0.000000
1.532 3.314456 0.000000
1.533 3.314199 0.000000
1.534 3.313941 0.000000
1.535 3.313684 0.000000
1.536 3.313427 0.000000
1.537 3.313169 0.000000
1.538 3.312912 0.000000
1.539 3.312655 0.000000
1.540 3.312397 0.000000
1.541 3.312140 0.000000
1.542 3.311888 0.000000
1.543 3.311637 0.000000
1.544 3.311385 0.000000
1.545 3.311134 0.000000
1.546 3.310882 0.000000
1.547 3.310631 0.000000
1.548 3.310380 0.000000
1.549 3.310128 0.000000
1.550 3.309877 0.000000
1.551 3.309626 0.000000
1.552 3.309374 0.000000
1.553 3.309123 0.000000
1.554 3.308871 0.000000
1.555 3.308620 0.000000
1.556 3.308369 0.000000
1.557 3.308119 0.000000
1.558 3.307877 0.000000
1.559 3.307636 0.000000
1.560 3.307394 0.000000
1.561 3.307153 0.000000
1.562 3.306911 0.000000
1.563 3.306670 0.000000
1.564 3.306428 0.000000
1.565 3.306187 0.000000
1.566 3.305946 0.000000
1.567 3.305704 0.000000
1.568 3.305463 0.000000
1.569 3.305221 0.000000
1.570 3.304980 0.000000
1.571 3.304738 0.000000
1.572 3.304497 0.000000
1.573 3.304256 0.000000
1.574 3.304019 0.000000
1.575 3.303783 0.000000
1.576 3.303547 0.000000
1.577 3.303311 0.000000
1.578 3.303075 0.000000
1.579 3.302839 0.000000
1.580 3.302603 0.000000
1.581 3.302366 0.000000
1.582 3.302130 0.000000
1.583 3.301894 0.000000
1.584 3.301658 0.000000
1.585 3.301422 0.000000
1.586 3.301186 0.000000
1.587 3.300950 0.000000
1.588 3.300714 0.000000
1.589 3.300477 0.000000
1.590 3.300245 0.000000
1.591 3.300016 0.000000
1.592 3.299787 0.000000
1.593 3.299558 0.000000
1.594 3.299329 0.000000
1.595 3.299100 0.000000
1.596 3.298871 0.000000
1.597 3.298643 0.000000
1.598 3.298414 0.000000
1.599 3.298185 0.000000
1.600 3.297956 0.000000
1.601 3.297727 0.000000
1.602 3.297498 0.000000
1.603 3.297269 0.000000
1.604 3.297040 0.000000
1.605 3.296811 0.000000
1.606 3.296582 0.000000
1.607 3.296358 0.000000
1.608 3.296135 0.000000
1.609 3.295913 0.000000
1.610 3.295691 0.000000
1.611 3.295468 0.000000
1.612 3.295246 0.000000
1.613 3.295023 0.000000
1.614 3.294801 0.000000
1.615 3.294579 0.000000
1.616 3.294356 0.000000
1.617 3.294134 0.000000
1.618 3.293911 0.000000
1.619 3.293689 0.000000
1.620 3.293467 0.000000
1.621 3.293244 0.000000
1.622 3.293022 0.000000
1.623 3.292799 0.000000
1.624 3.292581 0.000000
1.625 3.292367 0.000000
1.626 3.292153 0.000000
1.627 3.291939 0.000000
1.628 3.291724 0.000000
1.629 3.291510 0.000000
1.630 3.291296 0.000000
1.631 3.291082 0.000000
1.632 3.290867 0.000000
1.633 3.290653 0.000000
1.634 3.290439 0.000000
1.635 3.290225 0.000000
1.636 3.290011 0.000000
1.637 3.289796 0.000000
1.638 3.289582 0.000000
1.639 3.289368 0.000000
1.640 3.289154 0.000000
1.641 3.288940 0.000000
1.642 3.288731 0.000000
1.643 3.288522 0.000000
1.644 3.288314 0.000000
1.645 3.288105 0.000000
1.646 3.287896 0.000000
1.647 3.287688 0.000000
1.648 3.287479 0.000000
1.649 3.287270 0.000000
1.650 3.287062 0.000000
1.651 3.286853 0.000000
1.652 3.286645 0.000000
1.653 3.286436 0.000000
1.654 3.286227 0.000000
1.655 3.286019 0.000000
1.656 3.285810 0.000000
1.657 3.285601 0.000000
1.658 3.285393 0.000000
1.659 3.285184 0.000000
1.660 3.284982 0.000000
1.661 3.284779 0.000000
1.662 3.284576 0.000000
1.663 3.284373 0.000000
1.664 3.284171 0.000000
1.665 3.283968 0.000000
1.666 3.283765 0.000000
1.667 3.283562 0.000000
1.668 3.283360 0.000000
1.669 3.283157 0.000000
1.670 3.282954 0.000000
1.671 3.282751 0.000000
1.672 3.282549 0.000000
1.673 3.282346 0.000000
1.674 3.282143 0.000000
1.675 3.281940 0.000000
1.676 3.281738 0.000000
1.677 3.281535 0.000000
1.678 3.281336 0.000000
1.679 3.281139 0.000000
1.680 3.280942 0.000000
1.681 3.280745 0.000000
1.682 3.280549 0.000000
1.683 3.280352 0.000000
1.684 3.280155 0.000000
1.685 3.279958 0.000000
1.686 3.279761 0.000000
1.687 3.279564 0.000000
1.688 3.279367 0.000000
1.689 3.279170 0.000000
1.690 3.278973 0.000000
1.691 3.278776 0.000000
1.692 3.278579 0.000000
1.693 3.278383 0.000000
1.694 3.278186 0.000000
1.695 3.277989 0.000000
1.696 3.277792 0.000000
1.697 3.277600 0.000000
1.698 3.277408 0.000000
1.699 3.277217 0.000000
1.700 3.277025 0.000000
1.701 3.276833 0.000000
1.702 3.276641 0.000000
1.703 3.276450 0.000000
1.704 3.276258 0.000000
1.705 3.276066 0.000000
1.706 3.275875 0.000000
1.707 3.275683 0.000000
1.708 3.275491 0.000000
1.709 3.275300 0.000000
1.710 3.275108 0.000000
1.711 3.274916 0.000000
1.712 3.274725 0.000000
1.713 3.274533 0.000000
1.714 3.274341 0.000000
1.715 3.274150 0.000000
1.716 3.273963 0.000000
1.717 3.273777 0.000000
1.718 3.273591 0.000000
1.719 3.273406 0.000000
1.720 3.273220 0.000000
1.721 3.273035 0.000000
1.722 3.272849 0.000000
1.723 3.272663 0.000000
1.724 3.272478 0.000000
1.725 3.272292 0.000000
1.726 3.272106 0.000000
1.727 3.271921 0.000000
1.728 3.271735 0.000000
1.729 3.271550 0.000000
1.730 3.271364 0.000000
1.731 3.271178 0.000000
1.732 3.270993 0.000000
1.733 3.270807 0.000000
1.734 3.270621 0.000000
1.735 3.270437 0.000000
1.736 3.270256 0.000000
1.737 3.270075 0.000000
1.738 3.269894 0.000000
1.739 3.269713 0.000000
1.740 3.269532 0.000000
1.741 3.269351 0.000000
1.742 3.269170 0.000000
1.743 3.268989 0.000000
1.744 3.268808 0.000000
1.745 3.268627 0.000000
1.746 3.268446 0.000000
1.747 3.268265 0.000000
1.748 3.268084 0.000000
1.749 3.267903 0.000000
1.750 3.267722 0.000000
1.751 3.267541 0.000000
1.752 3.267360 0.000000
1.753 3.267179 0.000000
1.754 3.266998 0.000000
1.755 3.266818 0.000000
1.756 3.266645 0.000000
1.757 3.266471 0.000000
1.758 3.266298 0.000000
1.759 3.266125 0.000000
1.760 3.265952 0.000000
1.761 3.265779 0.000000
1.762 3.265606 0.000000
1.763 3.265432 0.000000
1.764 3.265259 0.000000
1.765 3.265086 0.000000
1.766 3.264913 0.000000
1.767 3.264740 0.000000
1.768 3.264567 0.000000
1.769 3.264393 0.000000
1.770 3.264220 0.000000
1.771 3.264047 0.000000
1.772 3.263874 0.000000
1.773 3.263701 0.000000
1.774 3.263528 0.000000
1.775 3.263354 0.000000
1.776 3.263184 0.000000
1.777 3.263016 0.000000
1.778 3.262847 0.000000
1.779 3.262679 0.000000
1.780 3.262511 0.000000
1.781 3.262342 0.000000
1.782 3.262174 0.000000
1.783 3.262005 0.000000
1.784 3.261837 0.000000
1.785 3.261669 0.000000
1.786 3.261500 0.000000
1.787 3.261332 0.000000
1.788 3.261163 0.000000
1.789 3.260995 0.000000
1.790 3.260827 0.000000
1.791 3.260658 0.000000
1.792 3.260490 0.000000
1.793 3.260321 0.000000
1.794 3.260153 0.000000
1.795 3.259985 0.000000
1.796 3.259816 0.000000
1.797 3.259651 0.000000
1.798 3.259487 0.000000
1.799 3.259323 0.000000
1.800 3.259159 0.000000
1.801 3.258996 0.000000
1.802 3.258832 0.000000
1.803 3.258668 0.000000
1.804 3.258504 0.000000
1.805 3.258341 0.000000
1.806 3.258177 0.000000
1.807 3.258013 0.000000
1.808 3.257849 0.000000
1.809 3.257686 0.000000
1.810 3.257522 0.000000
1.811 3.257358 0.000000
1.812 3.257194 0.000000
1.813 3.257031 0.000000
1.814 3.256867 0.000000
1.815 3.256703 0.000000
1.816 3.256539 0.000000
1.817 3.256375 0.000000
1.818 3.256212 0.000000
1.819 3.256051 0.000000
1.820 3.255890 0.000000
1.821 3.255730 0.000000
1.822 3.255569 0.000000
1.823 3.255408 0.000000
1.824 3.255247 0.000000
1.825 3.255087 0.000000
1.826 3.254926 0.000000
1.827 3.254765 0.000000
1.828 3.254604 0.000000
1.829 3.254444 0.000000
1.830 3.254283 0.000000
1.831 3.254122 0.000000
1.832 3.253961 0.000000
1.833 3.253800 0.000000
1.834 3.253640 0.000000
1.835 3.253479 0.000000
1.836 3.253318 0.000000
1.837 3.253157 0.000000
1.838 3.252997 0.000000
1.839 3.252836 0.000000
1.840 3.252676 0.000000
1.841 3.252523 0.000000
1.842 3.252370 0.000000
1.843 3.252217 0.000000
1.844 3.252065 0.000000
1.845 3.251912 0.000000
1.846 3.251759 0.000000
1.847 3.251607 0.000000
1.848 3.251454 0.000000
1.849 3.251301 0.000000
1.850 3.251149 0.000000
1.851 3.250996 0.000000
1.852 3.250843 0.000000
1.853 3.250691 0.000000
1.854 3.250538 0.000000
1.855 3.250385 0.000000
1.856 3.250233 0.000000
1.857 3.250080 0.000000
1.858 3.249927 0.000000
1.859 3.249774 0.000000
1.860 3.249622 0.000000
1.861 3.249469 0.000000
1.862 3.249316 0.000000
1.863 3.249165 0.000000
1.864 3.249016 0.000000
1.865 3.248867 0.000000
1.866 3.248717 0.000000
1.867 3.248568 0.000000
1.868 3.248419 0.000000
1.869 3.248269 0.000000
1.870 3.248120 0.000000
1.871 3.247971 0.000000
1.872 3.247822 0.000000
1.873 3.247672 0.000000
1.874 3.247523 0.000000
1.875 3.247374 0.000000
1.876 3.247224 0.000000
1.877 3.247075 0.000000
1.878 3.246926 0.000000
1.879 3.246776 0.000000
1.880 3.246627 0.000000
1.881 3.246478 0.000000
1.882 3.246328 0.000000
1.883 3.246179 0.000000
1.884 3.246030 0.000000
1.885 3.245880 0.000000
1.886 3.245733 0.000000
1.887 3.245590 0.000000
1.888 3.245447 0.000000
1.889 3.245304 0.000000
1.890 3.245161 0.000000
1.891 3.245017 0.000000
1.892 3.244874 0.000000
1.893 3.244731 0.000000
1.894 3.244588 0.000000
1.895 3.244445 0.000000
1.896 3.244302 0.000000
1.897 3.244158 0.000000
1.898 3.244015 0.000000
1.899 3.243872 0.000000
1.900 3.243729 0.000000
1.901 3.243586 0.000000
1.902 3.243443 0.000000
1.903 3.243299 0.000000
1.904 3.243156 0.000000
1.905 3.243013 0.000000
1.906 3.242870 0.000000
1.907 3.242727 0.000000
1.908 3.242583 0.000000
1.909 3.242440 0.000000
1.910 3.242299 0.000000
1.911 3.242158 0.000000
1.912 3.242018 0.000000
1.913 3.241877 0.000000
1.914 3.241737 0.000000
1.915 3.241596 0.000000
1.916 3.241456 0.000000
1.917 3.241315 0.000000
1.918 3.241175 0.000000
1.919 3.241034 0.000000
1.920 3.240894 0.000000
1.921 3.240753 0.000000
1.922 3.240613 0.000000
1.923 3.240472 0.000000
1.924 3.240332 0.000000
1.925 3.240191 0.000000
1.926 3.240051 0.000000
1.927 3.239911 0.000000
1.928 3.239770 0.000000
1.929 3.239630 0.000000
1.930 3.239489 0.000000
1.931 3.239349 0.000000
1.932 3.239208 0.000000
1.933 3.239068 0.000000
1.934 3.238929 0.000000
1.935 3.238795 0.000000
1.936 3.238660 0.000000
1.937 3.238526 0.000000
1.938 3.238391 0.000000
1.939 3.238257 0.000000
1.940 3.238123 0.000000
1.941 3.237988 0.000000
1.942 3.237854 0.000000
1.943 3.237720 0.000000
1.944 3.237585 0.000000
1.945 3.237451 0.000000
1.946 3.237316 0.000000
1.947 3.237182 0.000000
1.948 3.237048 0.000000
1.949 3.236913 0.000000
1.950 3.236779 0.000000