0.251 1.858997 3.182303
0.252 1.896308 3.202805
0.253 1.933236 3.216664
0.254 1.978345 3.238906
0.255 2.014544 3.252498
0.256 2.055140 3.266112
0.257 2.096705 3.279750
0.258 2.139934 3.293410
0.259 2.185024 3.306947
0.260 2.230746 3.320245
0.261 2.281808 3.333162
0.262 2.324711 3.343143
0.263 2.376446 3.348148
0.264 2.428271 3.354801
0.265 2.481043 3.351401
0.266 2.540245 3.353558
0.267 2.591316 3.347093
0.268 2.642013 3.339618
0.269 2.699841 3.331010
0.270 2.748925 3.314433
0.271 2.804396 3.299127
0.272 2.851243 3.282965
0.273 2.903370 3.259794
0.274 2.948005 3.235808
0.275 2.997583 3.211984
0.276 3.038578 3.187111
0.277 3.078724 3.156834
0.278 3.118017 3.123808
0.279 3.156392 3.094848
0.280 3.194174 3.062912
0.281 3.225143 3.029008
0.282 3.257479 2.987380
0.283 3.287079 2.954966
0.284 3.312686 2.921055
0.285 3.335647 2.883186
0.286 3.358443 2.843917
0.287 3.381056 2.807959
0.288 3.395065 2.773991
0.289 3.412577 2.736928
0.290 3.430221 2.700090
0.291 3.440897 2.666473
0.292 3.450756 2.626505
0.293 3.460615 2.593953
0.294 3.470294 2.560777
0.295 3.471758 2.524973
0.296 3.475723 2.497824
0.297 3.481499 2.462811
0.298 3.484295 2.435757
0.299 3.486056 2.401878
0.300 3.483883 2.374609
0.301 3.481768 2.348649
0.302 3.479701 2.322866
0.303 3.477695 2.297284
0.304 3.475769 2.272875
0.305 3.470785 2.255332
0.306 3.463478 2.230369
0.307 3.460107 2.213542
0.308 3.451395 2.189301
0.309 3.449190 2.171758
0.310 3.439672 2.151199
0.311 3.438010 2.138547
0.312 3.428962 2.118556
0.313 3.423534 2.105181
0.314 3.416490 2.092925
0.315 3.406948 2.080775
0.316 3.405279 2.068707
0.317 3.398034 2.056722
0.318 3.393465 2.044814
0.319 3.384506 2.032971
0.320 3.377229 2.021200
0.321 3.372435 2.010832
0.322 3.364144 2.006486
0.323 3.357323 1.994922
0.324 3.353631 1.991874
0.325 3.350125 1.980568
0.326 3.343281 1.974426
0.327 3.335368 1.967203
0.328 3.333080 1.963368
0.329 3.328002 1.956904
0.330 3.322992 1.950328
0.331 3.321110 1.948181
0.332 3.313055 1.945025
0.333 3.312420 1.939526
0.334 3.303909 1.939518
0.335 3.302630 1.930930
0.336 3.298131 1.930963
0.337 3.292966 1.931006
0.338 3.292458 1.922645
0.339 3.289860 1.922514
0.340 3.282915 1.922591
0.341 3.282486 1.922683
0.342 3.282073 1.922781
0.343 3.281672 1.922885
0.344 3.277119 1.918825
0.345 3.272333 1.914523
0.346 3.271993 1.914659
0.347 3.271667 1.914804
0.348 3.271356 1.914957
0.349 3.271065 1.915123
0.350 3.270791 1.915297
0.351 3.270528 1.915477
0.352 3.270276 1.915664
0.353 3.270040 1.915860
0.354 3.269826 1.916072
0.355 3.269624 1.916290
0.356 3.269429 1.918304
0.357 3.269247 1.925084
0.358 3.269079 1.925582
0.359 3.268928 1.925833
0.360 3.268785 1.926091
0.361 3.268651 1.926353
0.362 3.271214 1.926637
0.363 3.277041 1.926928
0.364 3.276950 1.932562
0.365 3.276869 1.936125
0.366 3.277939 1.936432
0.367 3.284676 1.936756
0.368 3.285303 1.937087
0.369 3.285271 1.937426
0.370 3.285438 1.942915
0.371 3.291768 1.946733
0.372 3.293855 1.947096
0.373 3.295296 1.947463
0.374 3.301972 1.950321
0.375 3.302541 1.956834
0.376 3.307005 1.957231
0.377 3.311258 1.957634
0.378 3.311337 1.958048
0.379 3.318872 1.965913
0.380 3.320136 1.967502
0.381 3.321990 1.967939
0.382 3.328977 1.970999
0.383 3.332929 1.977301
0.384 3.337879 1.977898
0.385 3.338222 1.978543
0.386 3.344533 1.985150
0.387 3.347022 1.987926
0.388 3.354467 1.988417
0.389 3.357453 1.990321
0.390 3.364871 1.998006
0.391 3.368154 1.998532
0.392 3.373992 2.002534
0.393 3.378576 2.008170
0.394 3.388263 2.008700
0.395 3.392348 2.014831
0.396 3.398873 2.018377
0.397 3.401688 2.019314
0.398 3.409728 2.026489
0.399 3.419375 2.029085
0.400 3.427128 2.036762
0.401 3.430043 2.038373
0.402 3.439666 2.041583
0.403 3.449285 2.048130
0.404 3.455516 2.052097
0.405 3.459894 2.057907
0.406 3.469494 2.062802
0.407 3.479087 2.067711
0.408 3.488979 2.073442
0.409 3.504145 2.077531
0.410 3.516422 2.083954
0.411 3.525987 2.087376
0.412 3.536413 2.094351
0.413 3.552702 2.097228
0.414 3.564440 2.104667
0.415 3.581133 2.107273
0.416 3.598106 2.114943
0.417 3.609875 2.117007
0.418 3.627878 2.117672
0.419 3.646278 2.118340
0.420 3.664644 2.119010
0.421 3.682996 2.117557
0.422 3.703012 2.111779
0.423 3.727518 2.109874
0.424 3.746492 2.102496
0.425 3.764747 2.094447
0.426 3.780607 2.086430
0.427 3.792687 2.075847
0.428 3.807780 2.062278
0.429 3.820349 2.053962
0.430 3.835295 2.042864
0.431 3.845227 2.029610
0.432 3.851882 2.018960
0.433 3.856013 2.005808
0.434 3.862270 1.997658
0.435 3.863208 1.986812
0.436 3.867157 1.973888
0.437 3.873763 1.968751
0.438 3.874804 1.966541
0.439 3.875913 1.959513
0.440 3.877041 1.954426
0.441 3.878206 1.955410
0.442 3.879417 1.956406
0.443 3.880796 1.957453
0.444 3.882171 1.958495
0.445 3.885452 1.961444
0.446 3.893605 1.969085
0.447 3.897541 1.972386
0.448 3.906524 1.980676
0.449 3.915926 1.990016
0.450 3.921092 1.999290
0.451 3.935514 2.006994
0.452 3.947473 2.009522
0.453 3.965579 2.018114
0.454 3.984214 2.027118
0.455 4.002878 2.036029
0.456 4.021593 2.044835
0.457 4.046749 2.052973
0.458 4.073654 2.056730
0.459 4.100521 2.062162
0.460 4.127383 2.065425
0.461 4.158773 2.065484
0.462 4.192043 2.063024
0.463 4.225251 2.055776
0.464 4.258378 2.048280
0.465 4.291351 2.039959
0.466 4.324207 2.028145
0.467 4.356981 2.013169
0.468 4.388677 1.997004
0.469 4.415872 1.975327
0.470 4.446352 1.953054
0.471 4.476096 1.930349
0.472 4.502411 1.905866
0.473 4.528155 1.875761
0.474 4.548665 1.845069
0.475 4.568140 1.813797
0.476 4.587393 1.781942
0.477 4.605535 1.749618
0.478 4.617226 1.716525
0.479 4.633480 1.683190
0.480 4.643028 1.649509
0.481 4.649003 1.615756
0.482 4.656013 1.581933
0.483 4.659167 1.548216
0.484 4.659831 1.518771
0.485 4.660049 1.488741
0.486 4.657837 1.458116
0.487 4.652442 1.431282
0.488 4.651228 1.405453
0.489 4.644412 1.379731
0.490 4.636678 1.354096
0.491 4.628820 1.328686
0.492 4.623192 1.303635
0.493 4.621284 1.279726
0.494 4.613215 1.261780
0.495 4.605107 1.237890
0.496 4.596911 1.218763
0.497 4.588728 1.201592
0.498 4.580496 1.184474
0.499 4.570986 1.167629
0.500 4.556032 1.150882
0.501 4.547336 1.134212
0.502 4.539149 1.117717
0.503 4.530966 1.105234
0.504 4.522793 1.093437
0.505 4.514636 1.078536
0.506 4.506496 1.069160
0.507 4.498369 1.053550
0.508 4.490256 1.042908
0.509 4.482159 1.029907
0.510 4.474080 1.017331
0.511 4.466022 1.007750
0.512 4.457987 0.998966
0.513 4.449971 0.989401
0.514 4.441970 0.979871
0.515 4.433988 0.970677
0.516 4.426030 0.961786
0.517 4.419503 0.953309
0.518 4.415454 0.944985
0.519 4.410873 0.936737
0.520 4.402999 0.928748
0.521 4.395153 0.921300
0.522 4.387322 0.913865
0.523 4.379510 0.906458
0.524 4.371724 0.899571
0.525 4.367357 0.892932
0.526 4.363294 0.886357
0.527 4.357106 0.879802
0.528 4.349407 0.873280
0.529 4.342027 0.866838
0.530 4.336170 0.860602
0.531 4.334939 0.854871
0.532 4.327449 0.849163
0.533 4.319864 0.843491
0.534 4.316130 0.837869
0.535 4.312172 0.832271
0.536 4.305852 0.826842
0.537 4.299096 0.821666
0.538 4.294943 0.816473
0.539 4.291588 0.811253
0.540 4.286291 0.806404
0.541 4.283278 0.801613
0.542 4.278405 0.796847
0.543 4.271044 0.792115
0.544 4.264733 0.787412
0.545 4.263969 0.782714
0.546 4.257521 0.778600
0.547 4.254457 0.774184
0.548 4.250578 0.769878
0.549 4.245934 0.765666
0.550 4.242785 0.761312
0.551 4.238375 0.757097
0.552 4.234368 0.753168
0.553 4.230796 0.749285
0.554 4.226767 0.745414
0.555 4.222357 0.741552
0.556 4.219912 0.737700
0.557 4.214366 0.733874
0.558 4.211540 0.730068
0.559 4.207810 0.726273
0.560 4.202339 0.722484
0.561 4.201550 0.718706
0.562 4.195121 0.714951
0.563 4.192089 0.711608
0.564 4.191389 0.708299
0.565 4.190417 0.704626
0.566 4.184323 0.700915
0.567 4.181649 0.697632
0.568 4.178136 0.694295
0.569 4.173252 0.690830
0.570 4.171006 0.687635
0.571 4.166448 0.684596
0.572 4.162758 0.681364
0.573 4.160554 0.678001
0.574 4.160028 0.674786
0.575 4.156181 0.671790
0.576 4.152504 0.668824
0.577 4.149859 0.665791
0.578 4.149350 0.662523
0.579 4.146073 0.659285
0.580 4.142398 0.656220
0.581 4.139247 0.653303
0.582 4.138750 0.650395
0.583 4.136039 0.647501
0.584 4.132476 0.644618
0.585 4.128545 0.641744
0.586 4.125497 0.638876
0.587 4.121739 0.636013
0.588 4.118669 0.633160
0.589 4.118203 0.630322
0.590 4.115599 0.627708
0.591 4.112111 0.625188
0.592 4.108225 0.622711
0.593 4.107770 0.619900
0.594 4.105749 0.617102
0.595 4.102623 0.614313
0.596 4.098575 0.611534
0.597 4.097399 0.608958
0.598 4.096962 0.606473
0.599 4.096527 0.604058
0.600 4.093725 0.601340
0.601 4.090378 0.598723
0.602 4.086657 0.596259
0.603 4.086236 0.593850
0.604 4.084272 0.591276
0.605 4.080955 0.588576
0.606 4.077628 0.586178
0.607 4.075992 0.583771
0.608 4.075291 0.581364
0.609 4.071569 0.579012
0.610 4.068386 0.576612
0.611 4.065794 0.574192
0.612 4.065406 0.571902
0.613 4.065020 0.569522
0.614 4.064379 0.567090
0.615 4.059924 0.564856
0.616 4.056822 0.562492
0.617 4.054891 0.560018
0.618 4.054518 0.557855
0.619 4.054147 0.555536
0.620 4.053778 0.553036
0.621 4.048806 0.550906
0.622 4.045039 0.548840
0.623 4.044178 0.546829
0.624 4.043631 0.544395
0.625 4.041998 0.541976
0.626 4.036313 0.539988
0.627 4.034060 0.537954
0.628 4.033708 0.535872
0.629 4.033360 0.533434
0.630 4.032338 0.531214
0.631 4.030525 0.529251
0.632 4.026667 0.527296
0.633 4.023404 0.525288
0.634 4.023069 0.523116
0.635 4.022735 0.520896
0.636 4.022403 0.518646
0.637 4.019077 0.516715
0.638 4.016018 0.514789
0.639 4.013473 0.512867
0.640 4.012508 0.510949
0.641 4.012186 0.509008
0.642 4.011868 0.506669
0.643 4.009687 0.504470
0.644 4.004642 0.502484
0.645 4.002729 0.500568
0.646 4.002035 0.498677
0.647 4.001731 0.496791
0.648 4.001428 0.494907
0.649 4.001127 0.493028
0.650 3.999790 0.491157
0.651 3.997910 0.489290
0.652 3.994277 0.487430
0.653 3.991351 0.485572
0.654 3.991059 0.483717
0.655 3.990769 0.481865
0.656 3.990480 0.480017
0.657 3.987303 0.478178
0.658 3.983365 0.476341
0.659 3.981893 0.474511
0.660 3.980752 0.472683
0.661 3.980472 0.470858
0.662 3.979890 0.469036
0.663 3.979026 0.467217
0.664 3.975442 0.465406
0.665 3.970930 0.463598
0.666 3.970519 0.461797
0.667 3.970255 0.459996
0.668 3.969992 0.458199
0.669 3.969730 0.456405
0.670 3.969469 0.454614
0.671 3.967098 0.452830
0.672 3.963102 0.451050
0.673 3.961166 0.449275
0.674 3.959935 0.447502
0.675 3.959600 0.445768
0.676 3.959265 0.444067
0.677 3.957935 0.442732
0.678 3.956046 0.441301
0.679 3.952255 0.439549
0.680 3.949770 0.437798
0.681 3.949531 0.436052
0.682 3.949292 0.434308
0.683 3.949053 0.432567
0.684 3.948816 0.431072
0.685 3.948581 0.429732
0.686 3.945063 0.428155
0.687 3.940310 0.426489
0.688 3.939295 0.424778
0.689 3.939068 0.423057
0.690 3.938842 0.421495
0.691 3.938616 0.419949
0.692 3.938393 0.418515
0.693 3.937979 0.417067
0.694 3.934504 0.415367
0.695 3.931270 0.413714
0.696 3.929893 0.412424
0.697 3.928702 0.411077
0.698 3.928486 0.409422
0.699 3.928018 0.407786
0.700 3.926504 0.406233
0.701 3.924616 0.404718
0.702 3.921379 0.403346
0.703 3.918834 0.401906
0.704 3.918630 0.400236
0.705 3.918426 0.398656
0.706 3.918222 0.397373
0.707 3.917927 0.396027
0.708 3.917304 0.394456
0.709 3.916020 0.392943
0.710 3.912018 0.391673
0.711 3.908630 0.390377
0.712 3.908438 0.388951
0.713 3.908246 0.387523
0.714 3.908054 0.386082
0.715 3.907862 0.384653
0.716 3.907672 0.383416
0.717 3.907483 0.382180
0.718 3.903214 0.380649
0.719 3.898897 0.379114
0.720 3.898329 0.377805
0.721 3.898146 0.376520
0.722 3.897963 0.375177
0.723 3.897780 0.373822
0.724 3.897599 0.372389
0.725 3.897419 0.370924
0.726 3.894865 0.369615
0.727 3.890655 0.368415
0.728 3.888295 0.367098
0.729 3.888123 0.365643
0.730 3.887951 0.364301
0.731 3.887779 0.363204
0.732 3.887067 0.362054
0.733 3.883510 0.360624
0.734 3.879952 0.359193
0.735 3.879186 0.358003
0.736 3.878447 0.356817
0.737 3.878174 0.355431
0.738 3.878010 0.353999
0.739 3.877846 0.352784
0.740 3.877683 0.351704
0.741 3.876110 0.350485
0.742 3.872482 0.349063
0.743 3.869424 0.347699
0.744 3.868867 0.346589
0.745 3.868310 0.345479
0.746 3.868137 0.344410
0.747 3.867983 0.343344
0.748 3.867830 0.342088
0.749 3.867676 0.340751
0.750 3.865852 0.339491
0.751 3.861921 0.338326
0.752 3.858624 0.337179
0.753 3.858477 0.336125
0.754 3.858330 0.335071
0.755 3.858185 0.334021
0.756 3.858039 0.332971
0.757 3.857893 0.331736
0.758 3.857748 0.330365
0.759 3.856650 0.329067
0.760 3.852819 0.327977
0.761 3.848989 0.326887
0.762 3.848582 0.325845
0.763 3.848444 0.324807
0.764 3.848308 0.323771
0.765 3.848172 0.322736
0.766 3.847961 0.321702
0.767 3.847486 0.320671
0.768 3.847010 0.319639
0.769 3.844064 0.318611
0.770 3.840670 0.317583
0.771 3.838767 0.316558
0.772 3.838637 0.315536
0.773 3.838508 0.314495
0.774 3.838379 0.313121
0.775 3.838251 0.311746
0.776 3.837264 0.310599
0.777 3.835780 0.309582
0.778 3.834136 0.308567
0.779 3.831848 0.307555
0.780 3.829560 0.306543
0.781 3.828892 0.305549
0.782 3.828769 0.304560
0.783 3.828647 0.303660
0.784 3.828526 0.302983
0.785 3.828404 0.302306
0.786 3.826229 0.301369
0.787 3.823544 0.300368
0.788 3.821374 0.299368
0.789 3.820381 0.298371
0.790 3.819388 0.297373
0.791 3.819091 0.296379
0.792 3.818977 0.295386
0.793 3.818864 0.294394
0.794 3.818751 0.293405
0.795 3.818639 0.292415
0.796 3.816118 0.291428
0.797 3.812649 0.290441
0.798 3.809702 0.289483
0.799 3.809593 0.288683
0.800 3.809483 0.287882
0.801 3.809374 0.287066
0.802 3.809267 0.286238
0.803 3.809160 0.285409
0.804 3.808082 0.284437
0.805 3.806986 0.283461
0.806 3.805409 0.282570
0.807 3.803015 0.281822
0.808 3.800622 0.281073
0.809 3.799928 0.280238
0.810 3.799824 0.279372
0.811 3.799721 0.278496
0.812 3.799621 0.277532
0.813 3.799520 0.276567
0.814 3.798219 0.275724
0.815 3.795345 0.275041
0.816 3.792471 0.274357
0.817 3.791360 0.273499
0.818 3.790830 0.272584
0.819 3.790323 0.271678
0.820 3.790226 0.270938
0.821 3.790129 0.270197
0.822 3.789939 0.269430
0.823 3.789563 0.268610
0.824 3.789187 0.267789
0.825 3.787270 0.267063
0.826 3.784332 0.266400
0.827 3.781394 0.265737
0.828 3.780871 0.264835
0.829 3.780778 0.263891
0.830 3.780685 0.262971
0.831 3.780594 0.262338
0.832 3.780503 0.261706
0.833 3.779716 0.261055
0.834 3.777202 0.260361
0.835 3.774689 0.259667
0.836 3.773034 0.258922
0.837 3.772315 0.258122
0.838 3.771595 0.257321
0.839 3.771287 0.256587
0.840 3.771199 0.255889
0.841 3.771112 0.255190
0.842 3.770731 0.254579
0.843 3.770278 0.253988
0.844 3.769824 0.253398
0.845 3.767269 0.252741
0.846 3.764573 0.252079
0.847 3.762010 0.251418
0.848 3.761928 0.250794
0.849 3.761846 0.250170
0.850 3.761765 0.249525
0.851 3.761683 0.248754
0.852 3.761602 0.247984
0.853 3.760899 0.247276
0.854 3.757987 0.246791
0.855 3.755076 0.246307
0.856 3.752915 0.245743
0.857 3.752752 0.244971
0.858 3.752590 0.244198
0.859 3.752453 0.243515
0.860 3.752377 0.243035
0.861 3.752301 0.242554
0.862 3.752225 0.242036
0.863 3.752149 0.241438
0.864 3.752073 0.240841
0.865 3.751197 0.240229
0.866 3.748555 0.239585
0.867 3.745913 0.238941
0.868 3.743922 0.238345
0.869 3.743581 0.237870
0.870 3.743241 0.237395
0.871 3.742963 0.236920
0.872 3.742892 0.236447
0.873 3.742821 0.235974
0.874 3.742566 0.235482
0.875 3.741346 0.234895
0.876 3.740125 0.234308
0.877 3.738874 0.233718
0.878 3.737186 0.233087
0.879 3.735498 0.232455
0.880 3.733810 0.231824
0.881 3.733663 0.231348
0.882 3.733595 0.230881
0.883 3.733527 0.230413
0.884 3.733460 0.229947
0.885 3.733393 0.229481
0.886 3.733325 0.229015
0.887 3.731495 0.228550
0.888 3.728726 0.228086
0.889 3.725957 0.227621
0.890 3.724459 0.227158
0.891 3.724394 0.226695
0.892 3.724330 0.226233
0.893 3.724266 0.225771
0.894 3.724205 0.225311
0.895 3.724143 0.224850
0.896 3.724069 0.224390
0.897 3.723652 0.223931
0.898 3.723235 0.223472
0.899 3.722818 0.223014
0.900 3.720904 0.222556
0.901 3.718572 0.222099
0.902 3.716240 0.221641
0.903 3.715058 0.221218
0.904 3.714999 0.220828
0.905 3.714941 0.220438
0.906 3.714882 0.220075
0.907 3.714826 0.219816
0.908 3.714769 0.219556
0.909 3.714712 0.219296
0.910 3.713769 0.218868
0.911 3.712706 0.218416
0.912 3.711642 0.217964
0.913 3.710291 0.217513
0.914 3.708686 0.217063
0.915 3.707081 0.216613
0.916 3.705721 0.216203
0.917 3.705666 0.216007
0.918 3.705611 0.215812
0.919 3.705557 0.215617
0.920 3.705503 0.215231
0.921 3.705450 0.214785
0.922 3.705396 0.214339
0.923 3.704717 0.213956
0.924 3.702799 0.213698
0.925 3.700880 0.213440
0.926 3.698961 0.213181
0.927 3.698143 0.212815
0.928 3.697468 0.212434
0.929 3.696793 0.212053
0.930 3.696374 0.211744
0.931 3.696323 0.211540
0.932 3.696272 0.211336
0.933 3.696221 0.211131
0.934 3.696172 0.210721
0.935 3.696123 0.210291
0.936 3.696073 0.209860
0.937 3.695669 0.209418
0.938 3.694685 0.208956
0.939 3.693701 0.208495
0.940 3.692717 0.208034
0.941 3.691856 0.207607
0.942 3.691020 0.207188
0.943 3.690185 0.206768
0.944 3.689442 0.206393
0.945 3.688992 0.206157
0.946 3.688541 0.205921
0.947 3.688090 0.205684
0.948 3.687670 0.205584
0.949 3.687268 0.205563
0.950 3.686865 0.205543
0.951 3.686463 0.205522
0.952 3.686040 0.205155
0.953 3.685616 0.204788
0.954 3.685193 0.204420
0.955 3.684771 0.204091
0.956 3.684351 0.203842
0.957 3.683932 0.203592
0.958 3.683512 0.203343
0.959 3.683130 0.202976
0.960 3.682770 0.202541
0.961 3.682410 0.202107
0.962 3.682049 0.201673
0.963 3.681699 0.201238
0.964 3.681349 0.200803
0.965 3.680999 0.200368
0.966 3.680647 0.199951
0.967 3.680283 0.199625
0.968 3.679920 0.199300
0.969 3.679556 0.198974
0.970 3.679193 0.198690
0.971 3.678833 0.198474
0.972 3.678473 0.198258
0.973 3.678113 0.198042
0.974 3.677772 0.197829
0.975 3.677447 0.197619
0.976 3.677122 0.197408
0.977 3.676796 0.197198
0.978 3.676438 0.196771
0.979 3.676068 0.196264
0.980 3.675699 0.195757
0.981 3.675329 0.195250
0.982 3.675016 0.194978
0.983 3.674712 0.194745
0.984 3.674408 0.194512
0.985 3.674105 0.194279
0.986 3.673818 0.194084
0.987 3.673533 0.193890
0.988 3.673248 0.193697
0.989 3.672961 0.193497
0.990 3.672637 0.193088
0.991 3.672312 0.192678
0.992 3.671988 0.192269
0.993 3.671663 0.191859
0.994 3.671344 0.191453
0.995 3.671025 0.191047
0.996 3.670706 0.190641
0.997 3.670388 0.190234
0.998 3.670074 0.189814
0.999 3.669759 0.189394
1.000 3.669445 0.188975
1.001 3.669130 0.188556
1.002 3.668810 0.188145
1.003 3.668489 0.187735
1.004 3.668168 0.187325
1.005 3.667847 0.186915
1.006 3.667547 0.186547
1.007 3.667247 0.186180
1.008 3.666948 0.185814
1.009 3.666648 0.185447
1.010 3.666366 0.185166
1.011 3.666086 0.184896
1.012 3.665806 0.184627
1.013 3.665527 0.184357
1.014 3.665246 0.184122
1.015 3.664964 0.183898
1.016 3.664683 0.183674
1.017 3.664402 0.183450
1.018 3.664138 0.183128
1.019 3.663887 0.182738
1.020 3.663636 0.182348
1.021 3.663384 0.181959
1.022 3.663126 0.181561
1.023 3.662858 0.181152
1.024 3.662590 0.180744
1.025 3.662322 0.180335
1.026 3.662050 0.179895
1.027 3.661760 0.179298
1.028 3.661470 0.178701
1.029 3.661181 0.178104
1.030 3.660891 0.177506
1.031 3.660627 0.177009
1.032 3.660367 0.176523
1.033 3.660107 0.176037
1.034 3.659847 0.175551
1.035 3.659575 0.175184
1.036 3.659297 0.174899
1.037 3.659018 0.174613
1.038 3.658739 0.174327
1.039 3.658465 0.174059
1.040 3.658202 0.173842
1.041 3.657939 0.173625
1.042 3.657676 0.173408
1.043 3.657413 0.173191
1.044 3.657161 0.172821
1.045 3.656911 0.172431
1.046 3.656661 0.172041
1.047 3.656411 0.171652
1.048 3.656164 0.171259
1.049 3.655920 0.170862
1.050 3.655677 0.170465
1.051 3.655433 0.170068
1.052 3.655190 0.169672
1.053 3.654973 0.169308
1.054 3.654757 0.168943
1.055 3.654540 0.168579
1.056 3.654323 0.168214
1.057 3.654097 0.167825
1.058 3.653862 0.167416
1.059 3.653627 0.167007
1.060 3.653392 0.166598
1.061 3.653157 0.166190
1.062 3.652917 0.165912
1.063 3.652676 0.165633
1.064 3.652436 0.165354
1.065 3.652196 0.165075
1.066 3.651957 0.164793
1.067 3.651717 0.164506
1.068 3.651478 0.164219
1.069 3.651239 0.163933
1.070 3.651000 0.163646
1.071 3.650755 0.163321
1.072 3.650509 0.162989
1.073 3.650262 0.162657
1.074 3.650016 0.162325
1.075 3.649777 0.161994
1.076 3.649563 0.161668
1.077 3.649350 0.161341
1.078 3.649137 0.161014
1.079 3.648923 0.160687
1.080 3.648707 0.160342
1.081 3.648488 0.159980
1.082 3.648268 0.159618
1.083 3.648049 0.159255
1.084 3.647829 0.158893
1.085 3.647605 0.158537
1.086 3.647379 0.158182
1.087 3.647154 0.157827
1.088 3.646928 0.157472
1.089 3.646703 0.157121
1.090 3.646493 0.156933
1.091 3.646284 0.156745
1.092 3.646074 0.156557
1.093 3.645864 0.156369
1.094 3.645653 0.156183
1.095 3.645432 0.156006
1.096 3.645212 0.155829
1.097 3.644992 0.155652
1.098 3.644772 0.155475
1.099 3.644566 0.155307
1.100 3.644384 0.155154
1.101 3.644202 0.155000
1.102 3.644020 0.154847
1.103 3.643838 0.154693
1.104 3.643650 0.154517
1.105 3.643455 0.154315
1.106 3.643260 0.154113
1.107 3.643065 0.153911
1.108 3.642870 0.153709
1.109 3.642685 0.153525
1.110 3.642508 0.153355
1.111 3.642331 0.153186
1.112 3.642154 0.153017
1.113 3.641977 0.152847
1.114 3.641792 0.152678
1.115 3.641599 0.152508
1.116 3.641407 0.152338
1.117 3.641215 0.152168
1.118 3.641023 0.151999
1.119 3.640834 0.151840
1.120 3.640648 0.151692
1.121 3.640462 0.151544
1.122 3.640276 0.151396
1.123 3.640090 0.151248
1.124 3.639908 0.151139
1.125 3.639731 0.151076
1.126 3.639554 0.151013
1.127 3.639377 0.150951
1.128 3.639201 0.150888
1.129 3.639022 0.150753
1.130 3.638841 0.150471
1.131 3.638660 0.150188
1.132 3.638478 0.149905
1.133 3.638297 0.149623
1.134 3.638115 0.149362
1.135 3.637930 0.149218
1.136 3.637745 0.149073
1.137 3.637560 0.148928
1.138 3.637375 0.148784
1.139 3.637190 0.148639
1.140 3.637017 0.148560
1.141 3.636844 0.148485
1.142 3.636671 0.148410
1.143 3.636499 0.148334
1.144 3.636326 0.148259
1.145 3.636167 0.148103
1.146 3.636014 0.147909
1.147 3.635861 0.147715
1.148 3.635708 0.147521
1.149 3.635555 0.147328
1.150 3.635394 0.147138
1.151 3.635218 0.146955
1.152 3.635043 0.146772
1.153 3.634867 0.146588
1.154 3.634692 0.146405
1.155 3.634516 0.146223
1.156 3.634339 0.146087
1.157 3.634161 0.145952
1.158 3.633984 0.145816
1.159 3.633807 0.145680
1.160 3.633629 0.145545
1.161 3.633455 0.145319
1.162 3.633284 0.145033
1.163 3.633112 0.144747
1.164 3.632941 0.144462
1.165 3.632770 0.144176
1.166 3.632599 0.143905
1.167 3.632432 0.143723
1.168 3.632266 0.143540
1.169 3.632099 0.143357
1.170 3.631933 0.143174
1.171 3.631766 0.142991
1.172 3.631603 0.142901
1.173 3.631441 0.142865
1.174 3.631279 0.142829
1.175 3.631117 0.142793
1.176 3.630955 0.142758
1.177 3.630793 0.142717
1.178 3.630639 0.142599
1.179 3.630484 0.142481
1.180 3.630330 0.142363
1.181 3.630175 0.142245
1.182 3.630020 0.142127
1.183 3.629868 0.141973
1.184 3.629720 0.141774
1.185 3.629571 0.141575
1.186 3.629422 0.141377
1.187 3.629274 0.141178
1.188 3.629125 0.140979
1.189 3.628979 0.140812
1.190 3.628835 0.140655
1.191 3.628690 0.140498
1.192 3.628546 0.140341
1.193 3.628401 0.140184
1.194 3.628257 0.140027
1.195 3.628116 0.139861
1.196 3.627975 0.139695
1.197 3.627835 0.139529
1.198 3.627694 0.139363
1.199 3.627553 0.139197
1.200 3.627414 0.139045
1.201 3.627282 0.138933
1.202 3.627149 0.138820
1.203 3.627016 0.138707
1.204 3.626884 0.138595
1.205 3.626751 0.138482
1.206 3.626621 0.138362
1.207 3.626494 0.138230
1.208 3.626367 0.138099
1.209 3.626240 0.137967
1.210 3.626113 0.137836
1.211 3.625986 0.137705
1.212 3.625861 0.137550
1.213 3.625738 0.137374
1.214 3.625615 0.137198
1.215 3.625491 0.137021
1.216 3.625368 0.136845
1.217 3.625245 0.136669
1.218 3.625124 0.136431
1.219 3.625004 0.136146
1.220 3.624885 0.135861
1.221 3.624765 0.135576
1.222 3.624646 0.135292
1.223 3.624526 0.135007
1.224 3.624410 0.134791
1.225 3.624297 0.134629
1.226 3.624183 0.134467
1.227 3.624070 0.134306
1.228 3.623956 0.134144
1.229 3.623843 0.133982
1.230 3.623732 0.133840
1.231 3.623623 0.133718
1.232 3.623515 0.133596
1.233 3.623406 0.133474
1.234 3.623297 0.133352
1.235 3.623189 0.133229
1.236 3.623081 0.133073
1.237 3.622976 0.132852
1.238 3.622870 0.132631
1.239 3.622765 0.132410
1.240 3.622659 0.132189
1.241 3.622554 0.131968
1.242 3.622449 0.131734
1.243 3.622347 0.131429
1.244 3.622245 0.131125
1.245 3.622143 0.130820
1.246 3.622041 0.130516
1.247 3.621939 0.130211
1.248 3.621837 0.129907
1.249 3.621739 0.129659
1.250 3.621641 0.129417
1.251 3.621543 0.129175
1.252 3.621444 0.128933
1.253 3.621346 0.128691
1.254 3.621248 0.128449
1.255 3.621152 0.128294
1.256 3.621058 0.128203
1.257 3.620963 0.128111
1.258 3.620869 0.128019
1.259 3.620775 0.127928
1.260 3.620680 0.127836
1.261 3.620587 0.127734
1.262 3.620496 0.127590
1.263 3.620405 0.127446
1.264 3.620314 0.127302
1.265 3.620223 0.127158
1.266 3.620132 0.127014
1.267 3.620042 0.126870
1.268 3.619954 0.126709
1.269 3.619867 0.126542
1.270 3.619779 0.126375
1.271 3.619692 0.126209
1.272 3.619605 0.126042
1.273 3.619518 0.125875
1.274 3.619431 0.125673
1.275 3.619343 0.125350
1.276 3.619256 0.125027
1.277 3.619168 0.124704
1.278 3.619080 0.124381
1.279 3.618992 0.124058
1.280 3.618905 0.123735
1.281 3.618818 0.123459
1.282 3.618733 0.123209
1.283 3.618648 0.122959
1.284 3.618562 0.122710
1.285 3.618477 0.122460
1.286 3.618392 0.122210
1.287 3.618306 0.121960
1.288 3.618225 0.121647
1.289 3.618143 0.121334
1.290 3.618061 0.121020
1.291 3.617980 0.120706
1.292 3.617898 0.120393
1.293 3.617817 0.120079
1.294 3.617736 0.119777
1.295 3.617659 0.119508
1.296 3.617581 0.119239
1.297 3.617504 0.118969
1.298 3.617426 0.118700
1.299 3.617349 0.118431
1.300 3.617272 0.118161
1.301 3.617191 0.117882
1.302 3.617107 0.117592
1.303 3.617022 0.117303
1.304 3.616938 0.117013
1.305 3.616853 0.116723
1.306 3.616769 0.116434
1.307 3.616685 0.116144
1.308 3.616600 0.115889
1.309 3.616516 0.115655
1.310 3.616431 0.115422
1.311 3.616347 0.115189
1.312 3.616262 0.114955
1.313 3.616178 0.114722
1.314 3.616094 0.114489
1.315 3.616012 0.114270
1.316 3.615932 0.114057
1.317 3.615852 0.113845
1.318 3.615772 0.113632
1.319 3.615692 0.113420
1.320 3.615612 0.113207
1.321 3.615532 0.112995
1.322 3.615455 0.112708
1.323 3.615380 0.112384
1.324 3.615305 0.112060
1.325 3.615229 0.111736
1.326 3.615154 0.111412
1.327 3.615079 0.111088
1.328 3.615004 0.110764
1.329 3.614924 0.110491
1.330 3.614842 0.110255
1.331 3.614760 0.110018
1.332 3.614678 0.109782
1.333 3.614596 0.109546
1.334 3.614514 0.109310
1.335 3.614432 0.109074
1.336 3.614351 0.108802
1.337 3.614270 0.108480
1.338 3.614189 0.108158
1.339 3.614108 0.107837
1.340 3.614027 0.107515
1.341 3.613946 0.107193
1.342 3.613865 0.106871
1.343 3.613786 0.106571
1.344 3.613711 0.106379
1.345 3.613636 0.106186
1.346 3.613561 0.105993
1.347 3.613486 0.105801
1.348 3.613412 0.105608
1.349 3.613337 0.105416
1.350 3.613262 0.105223
1.351 3.613193 0.104963
1.352 3.613124 0.104691
1.353 3.613056 0.104419
1.354 3.612987 0.104147
1.355 3.612919 0.103875
1.356 3.612850 0.103603
1.357 3.612781 0.103331
1.358 3.612714 0.103056
1.359 3.612648 0.102777
1.360 3.612581 0.102498
1.361 3.612515 0.102218
1.362 3.612449 0.101939
1.363 3.612382 0.101660
1.364 3.612316 0.101381
1.365 3.612250 0.101102
1.366 3.612189 0.100888
1.367 3.612129 0.100675
1.368 3.612069 0.100463
1.369 3.612009 0.100251
1.370 3.611949 0.100039
1.371 3.611889 0.099827
1.372 3.611829 0.099615
1.373 3.611772 0.099365
1.374 3.611721 0.099062
1.375 3.611669 0.098758
1.376 3.611618 0.098454
1.377 3.611567 0.098150
1.378 3.611515 0.097847
1.379 3.611464 0.097543
1.380 3.611413 0.097239
1.381 3.611369 0.096980
1.382 3.611328 0.096736
1.383 3.611287 0.096492
1.384 3.611246 0.096247
1.385 3.611205 0.096003
1.386 3.611164 0.095758
1.387 3.611123 0.095514
1.388 3.611083 0.095265
1.389 3.611060 0.094848
1.390 3.611037 0.094431
1.391 3.611013 0.094015
1.392 3.610990 0.093598
1.393 3.610967 0.093181
1.394 3.610944 0.092764
1.395 3.610921 0.092347
1.396 3.610901 0.091943
1.397 3.610894 0.091587
1.398 3.610887 0.091231
1.399 3.610880 0.090875
1.400 3.610873 0.090519
1.401 3.610866 0.090164
1.402 3.610859 0.089808
1.403 3.610851 0.089452
1.404 3.610850 0.089118
1.405 3.610860 0.088835
1.406 3.610870 0.088552
1.407 3.610881 0.088270
1.408 3.610891 0.087987
1.409 3.610901 0.087704
1.410 3.610912 0.087422
1.411 3.610922 0.087139
1.412 3.610939 0.086852
1.413 3.610971 0.086556
1.414 3.611003 0.086259
1.415 3.611035 0.085962
1.416 3.611067 0.085666
1.417 3.611100 0.085369
1.418 3.611132 0.085073
1.419 3.611164 0.084776
1.420 3.611208 0.084467
1.421 3.611297 0.084105
1.422 3.611387 0.083744
1.423 3.611476 0.083382
1.424 3.611566 0.083021
1.425 3.611656 0.082659
1.426 3.611745 0.082298
1.427 3.611835 0.081937
1.428 3.611925 0.081574
1.429 3.612062 0.081164
1.430 3.612199 0.080753
1.431 3.612336 0.080342
1.432 3.612473 0.079932
1.433 3.612611 0.079521
1.434 3.612748 0.079111
1.435 3.612885 0.078700
1.436 3.613022 0.078290
1.437 3.613199 0.077868
1.438 3.613390 0.077444
1.439 3.613581 0.077019
1.440 3.613773 0.076594
1.441 3.613964 0.076169
1.442 3.614155 0.075744
1.443 3.614346 0.075319
1.444 3.614537 0.074894
1.445 3.614755 0.074463
1.446 3.615020 0.074023
1.447 3.615284 0.073582
1.448 3.615549 0.073141
1.449 3.615813 0.072700
1.450 3.616078 0.072260
1.451 3.616342 0.071819
1.452 3.616607 0.071378
1.453 3.616871 0.070937
1.454 3.617227 0.070397
1.455 3.617594 0.069844
1.456 3.617961 0.069291
1.457 3.618329 0.068738
1.458 3.618696 0.068185
1.459 3.619063 0.067632
1.460 3.619430 0.067079
1.461 3.619798 0.066526
1.462 3.620196 0.065920
1.463 3.620662 0.065199
1.464 3.621128 0.064477
1.465 3.621594 0.063755
1.466 3.622060 0.063034
1.467 3.622527 0.062312
1.468 3.622993 0.061590
1.469 3.623459 0.060869
1.470 3.623925 0.060147
1.471 3.624430 0.059464
1.472 3.624957 0.058804
1.473 3.625484 0.058145
1.474 3.626010 0.057485
1.475 3.626537 0.056825
1.476 3.627064 0.056165
1.477 3.627591 0.055505
1.478 3.628118 0.054846
1.479 3.628644 0.054186
1.480 3.629146 0.053446
1.481 3.629643 0.052692
1.482 3.630140 0.051939
1.483 3.630637 0.051185
1.484 3.631134 0.050431
1.485 3.631631 0.049678
1.486 3.632128 0.048924
1.487 3.632625 0.048171
1.488 3.633122 0.047417
1.489 3.633221 0.046495
1.490 3.633308 0.045566
1.491 3.633394 0.044638
1.492 3.633481 0.043710
1.493 3.633567 0.042782
1.494 3.633653 0.041854
1.495 3.633740 0.040926
1.496 3.633826 0.039998
1.497 3.633913 0.039070
1.498 3.633999 0.038142
1.499 3.633915 0.037152
1.500 3.633726 0.036124
1.501 3.633537 0.035096
1.502 3.633347 0.034068
1.503 3.633158 0.033040
1.504 3.632969 0.032012
1.505 3.632780 0.030984
1.506 3.632590 0.029955
1.507 3.632401 0.028927
1.508 3.632212 0.027899
1.509 3.631981 0.026904
1.510 3.631455 0.026138
1.511 3.630928 0.025373
1.512 3.630401 0.024608
1.513 3.629875 0.023842
1.514 3.629348 0.023077
1.515 3.628822 0.022312
1.516 3.628295 0.021547
1.517 3.627769 0.020781
1.518 3.627242 0.020016
1.519 3.626716 0.019251
1.520 3.626054 0.018529
1.521 3.625246 0.017854
1.522 3.624438 0.017180
1.523 3.623630 0.016505
1.524 3.622823 0.015831
1.525 3.622015 0.015156
1.526 3.621207 0.014482
1.527 3.620399 0.013807
1.528 3.619591 0.013132
1.529 3.618784 0.012458
1.530 3.617976 0.011783
1.531 3.617092 0.011269
1.532 3.616174 0.010829
1.533 3.615255 0.010389
1.534 3.614337 0.009949
1.535 3.613418 0.009508
1.536 3.612500 0.009068
1.537 3.611581 0.008628
1.538 3.610663 0.008188
1.539 3.609744 0.007747
1.540 3.608826 0.007307
1.541 3.607907 0.006867
1.542 3.606949 0.006584
1.543 3.605977 0.006357
1.544 3.605006 0.006130
1.545 3.604034 0.005902
1.546 3.603062 0.005675
1.547 3.602090 0.005448
1.548 3.601118 0.005221
1.549 3.600146 0.004994
1.550 3.599174 0.004766
1.551 3.598202 0.004539
1.552 3.597230 0.004312
1.553 3.596299 0.004129
1.554 3.595392 0.003971
1.555 3.594484 0.003814
1.556 3.593576 0.003656
1.557 3.592669 0.003499
1.558 3.591761 0.003341
1.559 3.590854 0.003184
1.560 3.589946 0.003026
1.561 3.589039 0.002868
1.562 3.588131 0.002711
1.563 3.587224 0.002553
1.564 3.586350 0.002437
1.565 3.585535 0.002394
1.566 3.584721 0.002351
1.567 3.583906 0.002308
1.568 3.583091 0.002265
1.569 3.582277 0.002222
1.570 3.581462 0.002179
1.571 3.580647 0.002136
1.572 3.579833 0.002093
1.573 3.579018 0.002049
1.574 3.578203 0.002006
1.575 3.577389 0.001963
1.576 3.576683 0.001903
1.577 3.575986 0.001842
1.578 3.575289 0.001781
1.579 3.574592 0.001720
1.580 3.573895 0.001658
1.581 3.573197 0.001597
1.582 3.572500 0.001536
1.583 3.571803 0.001475
1.584 3.571106 0.001413
1.585 3.570409 0.001352
1.586 3.569711 0.001291
1.587 3.569044 0.001243
1.588 3.568435 0.001223
1.589 3.567826 0.001202
1.590 3.567218 0.001182
1.591 3.566609 0.001162
1.592 3.566000 0.001141
1.593 3.565392 0.001121
1.594 3.564783 0.001100
1.595 3.564174 0.001080
1.596 3.563565 0.001059
1.597 3.562957 0.001039
1.598 3.562348 0.001018
1.599 3.561784 0.001007
1.600 3.561256 0.001003
1.601 3.560727 0.000998
1.602 3.560198 0.000994
1.603 3.559670 0.000990
1.604 3.559141 0.000985
1.605 3.558612 0.000981
1.606 3.558084 0.000977
1.607 3.557555 0.000972
1.608 3.557026 0.000968
1.609 3.556498 0.000964
1.610 3.555969 0.000959
1.611 3.555473 0.000944
1.612 3.554997 0.000921
1.613 3.554522 0.000898
1.614 3.554046 0.000875
1.615 3.553571 0.000853
1.616 3.553095 0.000830
1.617 3.552620 0.000807
1.618 3.552144 0.000784
1.619 3.551668 0.000761
1.620 3.551193 0.000739
1.621 3.550717 0.000716
1.622 3.550242 0.000693
1.623 3.549783 0.000673
1.624 3.549342 0.000657
1.625 3.548902 0.000641
1.626 3.548461 0.000625
1.627 3.548020 0.000609
1.628 3.547580 0.000592
1.629 3.547139 0.000576
1.630 3.546699 0.000560
1.631 3.546258 0.000544
1.632 3.545817 0.000528
1.633 3.545377 0.000511
1.634 3.544936 0.000495
1.635 3.544497 0.000479
1.636 3.544065 0.000463
1.637 3.543633 0.000447
1.638 3.543201 0.000431
1.639 3.542769 0.000415
1.640 3.542338 0.000399
1.641 3.541906 0.000383
1.642 3.541474 0.000367
1.643 3.541042 0.000351
1.644 3.540610 0.000335
1.645 3.540178 0.000319
1.646 3.539746 0.000304
1.647 3.539315 0.000288
1.648 3.538890 0.000272
1.649 3.538468 0.000256
1.650 3.538046 0.000240
1.651 3.537625 0.000225
1.652 3.537203 0.000209
1.653 3.536782 0.000193
1.654 3.536360 0.000178
1.655 3.535939 0.000162
1.656 3.535517 0.000146
1.657 3.535096 0.000131
1.658 3.534674 0.000115
1.659 3.534252 0.000099
1.660 3.533831 0.000084
1.661 3.533418 0.000077
1.662 3.533005 0.000070
1.663 3.532592 0.000064
1.664 3.532179 0.000057
1.665 3.531766 0.000051
1.666 3.531353 0.000045
1.667 3.530940 0.000038
1.668 3.530527 0.000032
1.669 3.530114 0.000025
1.670 3.529701 0.000019
1.671 3.529288 0.000012
1.672 3.528875 0.000006
1.673 3.528463 0.000000
1.674 3.528059 0.000000
1.675 3.527655 0.000000
1.676 3.527252 0.000000
1.677 3.526848 0.000000
1.678 3.526444 0.000000
1.679 3.526040 0.000000
1.680 3.525636 0.000000
1.681 3.525232 0.000000
1.682 3.524828 0.000000
1.683 3.524424 0.000000
1.684 3.524020 0.000000
1.685 3.523616 0.000000
1.686 3.523212 0.000000
1.687 3.522816 0.000000
1.688 3.522420 0.000000
1.689 3.522025 0.000000
1.690 3.521629 0.000000
1.691 3.521233 0.000000
1.692 3.520837 0.000000
1.693 3.520441 0.000000
1.694 3.520045 0.000000
1.695 3.519649 0.000000
1.696 3.519253 0.000000
1.697 3.518857 0.000000
1.698 3.518461 0.000000
1.699 3.518066 0.000000
1.700 3.517675 0.000000
1.701 3.517287 0.000000
1.702 3.516898 0.000000
1.703 3.516510 0.000000
1.704 3.516121 0.000000
1.705 3.515733 0.000000
1.706 3.515345 0.000000
1.707 3.514956 0.000000
1.708 3.514568 0.000000
1.709 3.514180 0.000000
1.710 3.513791 0.000000
1.711 3.513403 0.000000
1.712 3.513015 0.000000
1.713 3.512628 0.000000
1.714 3.512248 0.000000
1.715 3.511867 0.000000
1.716 3.511487 0.000000
1.717 3.511107 0.000000
1.718 3.510727 0.000000
1.719 3.510347 0.000000
1.720 3.509966 0.000000
1.721 3.509586 0.000000
1.722 3.509206 0.000000
1.723 3.508826 0.000000
1.724 3.508446 0.000000
1.725 3.508066 0.000000
1.726 3.507685 0.000000
1.727 3.507308 0.000000
1.728 3.506935 0.000000
1.729 3.506562 0.000000
1.730 3.506189 0.000000
1.731 3.505816 0.000000
1.732 3.505443 0.000000
1.733 3.505069 0.000000
1.734 3.504696 0.000000
1.735 3.504323 0.000000
1.736 3.503950 0.000000
1.737 3.503577 0.000000
1.738 3.503204 0.000000
1.739 3.502831 0.000000
1.740 3.502457 0.000000
1.741 3.502088 0.000000
1.742 3.501723 0.000000
1.743 3.501357 0.000000
1.744 3.500992 0.000000
1.745 3.500627 0.000000
1.746 3.500261 0.000000
1.747 3.499896 0.000000
1.748 3.499531 0.000000
1.749 3.499165 0.000000
1.750 3.498800 0.000000
1.751 3.498434 0.000000
1.752 3.498069 0.000000
1.753 3.497704 0.000000
1.754 3.497338 0.000000
1.755 3.496975 0.000000
1.756 3.496616 0.000000
1.757 3.496257 0.000000
1.758 3.495898 0.000000
1.759 3.495539 0.000000
1.760 3.495179 0.000000
1.761 3.494820 0.000000
1.762 3.494461 0.000000
1.763 3.494102 0.000000
1.764 3.493743 0.000000
1.765 3.493384 0.000000
1.766 3.493025 0.000000
1.767 3.492666 0.000000
1.768 3.492307 0.000000
1.769 3.491948 0.000000
1.770 3.491596 0.000000
1.771 3.491246 0.000000
1.772 3.490895 0.000000
1.773 3.490544 0.000000
1.774 3.490194 0.000000
1.775 3.489843 0.000000
1.776 3.489492 0.000000
1.777 3.489142 0.000000
1.778 3.488791 0.000000
1.779 3.488440 0.000000
1.780 3.488090 0.000000
1.781 3.487739 0.000000
1.782 3.487388 0.000000
1.783 3.487038 0.000000
1.784 3.486689 0.000000
1.785 3.486344 0.000000
1.786 3.486000 0.000000
1.787 3.485655 0.000000
1.788 3.485311 0.000000
1.789 3.484966 0.000000
1.790 3.484621 0.000000
1.791 3.484277 0.000000
1.792 3.483932 0.000000
1.793 3.483588 0.000000
1.794 3.483243 0.000000
1.795 3.482898 0.000000
1.796 3.482554 0.000000
1.797 3.482209 0.000000
1.798 3.481865 0.000000
1.799 3.481523 0.000000
1.800 3.481186 0.000000
1.801 3.480848 0.000000
1.802 3.480511 0.000000
1.803 3.480174 0.000000
1.804 3.479837 0.000000
1.805 3.479499 0.000000
1.806 3.479162 0.000000
1.807 3.478825 0.000000
1.808 3.478487 0.000000
1.809 3.478150 0.000000
1.810 3.477813 0.000000
1.811 3.477476 0.000000
1.812 3.477138 0.000000
1.813 3.476801 0.000000
1.814 3.476465 0.000000
1.815 3.476133 0.000000
1.816 3.475801 0.000000
1.817 3.475469 0.000000
1.818 3.475137 0.000000
1.819 3.474806 0.000000
1.820 3.474474 0.000000
1.821 3.474142 0.000000
1.822 3.473810 0.000000
1.823 3.473478 0.000000
1.824 3.473146 0.000000
1.825 3.472814 0.000000
1.826 3.472482 0.000000
1.827 3.472150 0.000000
1.828 3.471819 0.000000
1.829 3.471487 0.000000
1.830 3.471161 0.000000
1.831 3.470836 0.000000
1.832 3.470512 0.000000
1.833 3.470187 0.000000
1.834 3.469863 0.000000
1.835 3.469538 0.000000
1.836 3.469213 0.000000
1.837 3.468889 0.000000
1.838 3.468564 0.000000
1.839 3.468240 0.000000
1.840 3.467915 0.000000
1.841 3.467591 0.000000
1.842 3.467266 0.000000
1.843 3.466941 0.000000
1.844 3.466617 0.000000
1.845 3.466293 0.000000
1.846 3.465974 0.000000
1.847 3.465654 0.000000
1.848 3.465335 0.000000
1.849 3.465016 0.000000
1.850 3.464696 0.000000
1.851 3.464377 0.000000
1.852 3.464058 0.000000
1.853 3.463738 0.000000
1.854 3.463419 0.000000
1.855 3.463099 0.000000
1.856 3.462780 0.000000
1.857 3.462461 0.000000
1.858 3.462141 0.000000
1.859 3.461822 0.000000
1.860 3.461503 0.000000
1.861 3.461185 0.000000
1.862 3.460873 0.000000
1.863 3.460560 0.000000
1.864 3.460248 0.000000
1.865 3.459936 0.000000
1.866 3.459624 0.000000
1.867 3.459311 0.000000
1.868 3.458999 0.000000
1.869 3.458687 0.000000
1.870 3.458375 0.000000
1.871 3.458062 0.000000
1.872 3.457750 0.000000
1.873 3.457438 0.000000
1.874 3.457126 0.000000
1.875 3.456813 0.000000
1.876 3.456501 0.000000
1.877 3.456189 0.000000
1.878 3.455882 0.000000
1.879 3.455575 0.000000
1.880 3.455268 0.000000
1.881 3.454961 0.000000
1.882 3.454654 0.000000
1.883 3.454347 0.000000
1.884 3.454040 0.000000
1.885 3.453733 0.000000
1.886 3.453426 0.000000
1.887 3.453119 0.000000
1.888 3.452812 0.000000
1.889 3.452505 0.000000
1.890 3.452198 0.000000
1.891 3.451891 0.000000
1.892 3.451584 0.000000
1.893 3.451277 0.000000
1.894 3.450974 0.000000
1.895 3.450674 0.000000
1.896 3.450375 0.000000
1.897 3.450075 0.000000
1.898 3.449775 0.000000
1.899 3.449476 0.000000
1.900 3.449176 0.000000
1.901 3.448876 0.000000
1.902 3.448577 0.000000
1.903 3.448277 0.000000
1.904 3.447978 0.000000
1.905 3.447678 0.000000
1.906 3.447378 0.000000
1.907 3.447079 0.000000
1.908 3.446779 0.000000
1.909 3.446479 0.000000
1.910 3.446180 0.000000
1.911 3.445884 0.000000
1.912 3.445589 0.000000
1.913 3.445295 0.000000
1.914 3.445000 0.000000
1.915 3.444706 0.000000
1.916 3.444412 0.000000
1.917 3.444117 0.000000
1.918 3.443823 0.000000
1.919 3.443528 0.000000
1.920 3.443234 0.000000
1.921 3.442939 0.000000
1.922 3.442645 0.000000
1.923 3.442350 0.000000
1.924 3.442056 0.000000
1.925 3.441761 0.000000
1.926 3.441467 0.000000
1.927 3.441172 0.000000
1.928 3.440882 0.000000
1.929 3.440593 0.000000
1.930 3.440305 0.000000
1.931 3.440016 0.000000
1.932 3.439728 0.000000
1.933 3.439439 0.000000
1.934 3.439151 0.000000
1.935 3.438862 0.000000
1.936 3.438574 0.000000
1.937 3.438285 0.000000
1.938 3.437997 0.000000
1.939 3.437708 0.000000
1.940 3.437420 0.000000
1.941 3.437131 0.000000
1.942 3.436843 0.000000
1.943 3.436554 0.000000
1.944 3.436266 0.000000
1.945 3.435979 0.000000
1.946 3.435695 0.000000
1.947 3.435412 0.000000
1.948 3.435129 0.000000
1.949 3.434845 0.000000
1.950 3.434562 0.000000