0.251 2.004988 3.270737
0.252 2.051304 3.285776
0.253 2.096701 3.296010
0.254 2.147752 3.312351
0.255 2.191718 3.322207
0.256 2.241977 3.332315
0.257 2.292714 3.342592
0.258 2.342677 3.352842
0.259 2.393785 3.362771
0.260 2.452921 3.371650
0.261 2.507853 3.378319
0.262 2.568594 3.377530
0.263 2.630940 3.377725
0.264 2.694693 3.366920
0.265 2.762296 3.357189
0.266 2.823306 3.338956
0.267 2.884166 3.317960
0.268 2.946258 3.293779
0.269 3.004019 3.261063
0.270 3.057016 3.226598
0.271 3.109683 3.191263
0.272 3.154039 3.151002
0.273 3.200393 3.111082
0.274 3.237415 3.071621
0.275 3.272052 3.027343
0.276 3.304342 2.982299
0.277 3.334352 2.942022
0.278 3.362778 2.898614
0.279 3.383678 2.854643
0.280 3.404405 2.808803
0.281 3.425212 2.769931
0.282 3.439291 2.726603
0.283 3.453057 2.685626
0.284 3.466556 2.646758
0.285 3.474261 2.608368
0.286 3.483615 2.569348
0.287 3.492451 2.531863
0.288 3.495994 2.496659
0.289 3.499081 2.458374
0.290 3.502264 2.424414
0.291 3.503002 2.392174
0.292 3.502469 2.360596
0.293 3.499556 2.330248
0.294 3.497240 2.300852
0.295 3.496469 2.270868
0.296 3.490431 2.243267
0.297 3.484557 2.218382
0.298 3.478831 2.193872
0.299 3.473286 2.169795
0.300 3.467983 2.148581
0.301 3.457545 2.129451
0.302 3.451373 2.109213
0.303 3.441068 2.090304
0.304 3.435387 2.070926
0.305 3.425322 2.053093
0.306 3.420140 2.040234
0.307 3.410289 2.022769
0.308 3.402384 2.010444
0.309 3.394821 1.999058
0.310 3.385023 1.987879
0.311 3.381417 1.976925
0.312 3.371663 1.966102
0.313 3.362955 1.955418
0.314 3.356202 1.944888
0.315 3.348990 1.934880
0.316 3.340089 1.930699
0.317 3.332121 1.920591
0.318 3.328241 1.917032
0.319 3.321272 1.907308
0.320 3.315647 1.903640
0.321 3.308226 1.898141
0.322 3.305218 1.891810
0.323 3.297499 1.887879
0.324 3.294937 1.884556
0.325 3.287252 1.882014
0.326 3.285467 1.877932
0.327 3.277297 1.876396
0.328 3.275682 1.871506
0.329 3.268388 1.871609
0.330 3.266262 1.868571
0.331 3.264474 1.865428
0.332 3.257082 1.865629
0.333 3.255868 1.865889
0.334 3.254699 1.866168
0.335 3.253573 1.866465
0.336 3.246911 1.861198
0.337 3.245049 1.860696
0.338 3.244105 1.861094
0.339 3.243202 1.861518
0.340 3.242366 1.861982
0.341 3.241580 1.862474
0.342 3.240835 1.862988
0.343 3.240122 1.863521
0.344 3.239474 1.864097
0.345 3.238877 1.864707
0.346 3.238311 1.865336
0.347 3.237782 1.871897
0.348 3.237290 1.873129
0.349 3.236859 1.873847
0.350 3.236453 1.874583
0.351 3.236080 1.875344
0.352 3.240526 1.876168
0.353 3.241977 1.878142
0.354 3.241730 1.884304
0.355 3.241810 1.885208
0.356 3.247249 1.886129
0.357 3.247714 1.887081
0.358 3.247624 1.888056
0.359 3.248319 1.895110
0.360 3.254058 1.896573
0.361 3.254268 1.897626
0.362 3.259808 1.899446
0.363 3.260747 1.906297
0.364 3.264771 1.907440
0.365 3.267563 1.908609
0.366 3.269541 1.911551
0.367 3.274557 1.917510
0.368 3.274877 1.918764
0.369 3.281057 1.921166
0.370 3.284651 1.927630
0.371 3.289035 1.929153
0.372 3.289790 1.930780
0.373 3.296122 1.937957
0.374 3.300259 1.939779
0.375 3.304192 1.941204
0.376 3.310534 1.948330
0.377 3.314258 1.950626
0.378 3.319288 1.955722
0.379 3.325389 1.960121
0.380 3.333102 1.962953
0.381 3.336945 1.969704
0.382 3.342315 1.971409
0.383 3.348613 1.977905
0.384 3.357730 1.981566
0.385 3.364574 1.988974
0.386 3.369577 1.990786
0.387 3.378789 1.997506
0.388 3.386778 2.001910
0.389 3.390829 2.008847
0.390 3.400138 2.013886
0.391 3.409485 2.018837
0.392 3.419584 2.026253
0.393 3.434234 2.030728
0.394 3.444186 2.037191
0.395 3.453851 2.043035
0.396 3.468752 2.047332
0.397 3.480543 2.054851
0.398 3.497132 2.059488
0.399 3.511365 2.065936
0.400 3.525566 2.067884
0.401 3.543053 2.069845
0.402 3.560541 2.071820
0.403 3.578073 2.071726
0.404 3.599002 2.069388
0.405 3.619641 2.066780
0.406 3.637212 2.061134
0.407 3.653507 2.055567
0.408 3.666081 2.048066
0.409 3.680640 2.038103
0.410 3.694913 2.032712
0.411 3.707170 2.022624
0.412 3.717134 2.015473
0.413 3.721663 2.004600
0.414 3.728890 1.998901
0.415 3.731680 1.990235
0.416 3.738950 1.982820
0.417 3.744015 1.983113
0.418 3.747291 1.979410
0.419 3.750635 1.976237
0.420 3.754105 1.979167
0.421 3.757849 1.982176
0.422 3.761959 1.985293
0.423 3.766814 1.989156
0.424 3.776869 1.997868
0.425 3.783697 2.002807
0.426 3.795520 2.012559
0.427 3.805113 2.022980
0.428 3.818530 2.032908
0.429 3.834815 2.038388
0.430 3.854084 2.046577
0.431 3.875266 2.056209
0.432 3.896656 2.065558
0.433 3.920684 2.074565
0.434 3.949361 2.080628
0.435 3.978468 2.085459
0.436 4.007653 2.089194
0.437 4.041339 2.089090
0.438 4.074728 2.086774
0.439 4.108061 2.080877
0.440 4.141265 2.074382
0.441 4.174214 2.066751
0.442 4.206987 2.056477
0.443 4.239665 2.043537
0.444 4.272260 2.030240
0.445 4.300760 2.011989
0.446 4.331923 1.992962
0.447 4.363417 1.973166
0.448 4.392928 1.952186
0.449 4.421941 1.927159
0.450 4.448616 1.899547
0.451 4.473160 1.870568
0.452 4.496969 1.840220
0.453 4.520049 1.808597
0.454 4.540954 1.775745
0.455 4.557469 1.741291
0.456 4.576346 1.706246
0.457 4.588534 1.670264
0.458 4.597814 1.634104
0.459 4.606200 1.597714
0.460 4.611618 1.561437
0.461 4.613815 1.527644
0.462 4.614437 1.494956
0.463 4.613134 1.461327
0.464 4.608260 1.431544
0.465 4.606561 1.402709
0.466 4.599363 1.374089
0.467 4.591954 1.345770
0.468 4.584977 1.318220
0.469 4.580653 1.291586
0.470 4.573927 1.269119
0.471 4.565527 1.244089
0.472 4.556836 1.222309
0.473 4.548125 1.202649
0.474 4.539251 1.183180
0.475 4.528098 1.164359
0.476 4.515435 1.145759
0.477 4.506335 1.127272
0.478 4.497461 1.110924
0.479 4.488577 1.096763
0.480 4.479704 1.081071
0.481 4.470851 1.068367
0.482 4.462012 1.052071
0.483 4.453185 1.039720
0.484 4.444376 1.025070
0.485 4.435595 1.011536
0.486 4.426847 1.000938
0.487 4.418139 0.990326
0.488 4.409449 0.979044
0.489 4.400787 0.968327
0.490 4.392163 0.957919
0.491 4.384532 0.948076
0.492 4.379209 0.938387
0.493 4.372957 0.928850
0.494 4.364481 0.919749
0.495 4.356050 0.911077
0.496 4.347640 0.902438
0.497 4.339268 0.894081
0.498 4.332523 0.886206
0.499 4.327609 0.878512
0.500 4.320899 0.870851
0.501 4.312689 0.863270
0.502 4.304898 0.855863
0.503 4.299306 0.848792
0.504 4.294812 0.842048
0.505 4.286764 0.835366
0.506 4.280014 0.828794
0.507 4.275983 0.822335
0.508 4.269384 0.815955
0.509 4.261912 0.809884
0.510 4.256887 0.803853
0.511 4.252445 0.797896
0.512 4.246271 0.792265
0.513 4.243044 0.786666
0.514 4.235676 0.781153
0.515 4.228069 0.775736
0.516 4.224860 0.770333
0.517 4.219186 0.765304
0.518 4.214747 0.760232
0.519 4.210081 0.755263
0.520 4.205102 0.750361
0.521 4.200783 0.745404
0.522 4.195842 0.740628
0.523 4.191295 0.736097
0.524 4.187070 0.731600
0.525 4.181683 0.727120
0.526 4.178275 0.722662
0.527 4.172641 0.718254
0.528 4.169144 0.713901
0.529 4.164129 0.709567
0.530 4.159720 0.705245
0.531 4.156110 0.700953
0.532 4.150081 0.696811
0.533 4.148292 0.693109
0.534 4.146646 0.688956
0.535 4.140834 0.684778
0.536 4.137336 0.680974
0.537 4.132942 0.677129
0.538 4.128384 0.673283
0.539 4.124834 0.669640
0.540 4.119756 0.666095
0.541 4.116405 0.662267
0.542 4.114723 0.658608
0.543 4.111041 0.655112
0.544 4.106864 0.651684
0.545 4.103823 0.648191
0.546 4.102064 0.644551
0.547 4.098002 0.640950
0.548 4.093885 0.637595
0.549 4.091678 0.634275
0.550 4.089155 0.630977
0.551 4.085293 0.627709
0.552 4.081005 0.624467
0.553 4.077479 0.621227
0.554 4.073244 0.617999
0.555 4.070580 0.614801
0.556 4.068613 0.611695
0.557 4.065190 0.608751
0.558 4.060776 0.605912
0.559 4.058903 0.602833
0.560 4.056502 0.599720
0.561 4.052916 0.596633
0.562 4.048655 0.593569
0.563 4.047411 0.590715
0.564 4.046174 0.587936
0.565 4.043960 0.585066
0.566 4.040453 0.582092
0.567 4.036466 0.579333
0.568 4.034888 0.576613
0.569 4.032325 0.573756
0.570 4.028687 0.570861
0.571 4.025056 0.568187
0.572 4.023758 0.565510
0.573 4.020879 0.562865
0.574 4.017147 0.560222
0.575 4.013966 0.557536
0.576 4.012774 0.554986
0.577 4.011676 0.552367
0.578 4.009639 0.549750
0.579 4.005091 0.547263
0.580 4.002518 0.544593
0.581 4.000870 0.542070
0.582 3.999811 0.539615
0.583 3.998759 0.536939
0.584 3.994163 0.534547
0.585 3.990585 0.532249
0.586 3.989147 0.529964
0.587 3.988036 0.527276
0.588 3.983919 0.524914
0.589 3.979657 0.522690
0.590 3.978653 0.520420
0.591 3.977658 0.517874
0.592 3.976087 0.515486
0.593 3.973758 0.513324
0.594 3.969505 0.511176
0.595 3.967320 0.508911
0.596 3.966363 0.506565
0.597 3.965413 0.504171
0.598 3.962523 0.501998
0.599 3.959235 0.499899
0.600 3.956417 0.497809
0.601 3.955237 0.495721
0.602 3.954320 0.493491
0.603 3.953410 0.491050
0.604 3.948725 0.488907
0.605 3.945530 0.486823
0.606 3.944311 0.484785
0.607 3.943436 0.482751
0.608 3.942569 0.480722
0.609 3.941698 0.478700
0.610 3.939498 0.476702
0.611 3.936505 0.474710
0.612 3.932731 0.472725
0.613 3.931877 0.470744
0.614 3.931045 0.468768
0.615 3.930216 0.466798
0.616 3.926356 0.464848
0.617 3.923266 0.462905
0.618 3.921441 0.460969
0.619 3.920516 0.459036
0.620 3.919547 0.457107
0.621 3.918251 0.455186
0.622 3.914533 0.453280
0.623 3.910917 0.451381
0.624 3.910159 0.449491
0.625 3.909402 0.447602
0.626 3.908646 0.445715
0.627 3.907897 0.443839
0.628 3.905613 0.441972
0.629 3.901669 0.440115
0.630 3.899830 0.438268
0.631 3.898500 0.436432
0.632 3.897774 0.434621
0.633 3.896431 0.433042
0.634 3.894676 0.431558
0.635 3.890929 0.429743
0.636 3.888480 0.427933
0.637 3.887791 0.426129
0.638 3.887102 0.424328
0.639 3.886415 0.422577
0.640 3.885736 0.421125
0.641 3.883154 0.419541
0.642 3.878600 0.417818
0.643 3.877282 0.416059
0.644 3.876628 0.414317
0.645 3.875975 0.412699
0.646 3.875326 0.411132
0.647 3.874682 0.409618
0.648 3.871824 0.407928
0.649 3.868560 0.406227
0.650 3.866935 0.404848
0.651 3.865700 0.403347
0.652 3.865076 0.401653
0.653 3.863699 0.400021
0.654 3.861961 0.398418
0.655 3.858816 0.396972
0.656 3.856179 0.395477
0.657 3.855588 0.393785
0.658 3.854998 0.392253
0.659 3.854408 0.390894
0.660 3.853559 0.389357
0.661 3.852612 0.387753
0.662 3.848854 0.386406
0.663 3.845646 0.385043
0.664 3.845088 0.383573
0.665 3.844531 0.382099
0.666 3.843973 0.380616
0.667 3.843421 0.379247
0.668 3.842871 0.377946
0.669 3.839364 0.376435
0.670 3.835326 0.374886
0.671 3.834793 0.373552
0.672 3.834261 0.372204
0.673 3.833729 0.370808
0.674 3.833201 0.369378
0.675 3.832679 0.367891
0.676 3.830286 0.366529
0.677 3.826279 0.365277
0.678 3.824686 0.363874
0.679 3.824185 0.362403
0.680 3.823684 0.361190
0.681 3.823184 0.360030
0.682 3.819861 0.358593
0.683 3.816630 0.357164
0.684 3.815650 0.355933
0.685 3.814767 0.354661
0.686 3.814290 0.353220
0.687 3.813812 0.351868
0.688 3.813336 0.350732
0.689 3.811705 0.349483
0.690 3.808222 0.348053
0.691 3.805980 0.346750
0.692 3.805177 0.345596
0.693 3.804563 0.344463
0.694 3.804115 0.343348
0.695 3.803667 0.342095
0.696 3.803219 0.340744
0.697 3.800684 0.339491
0.698 3.796951 0.338293
0.699 3.795436 0.337162
0.700 3.795006 0.336066
0.701 3.794579 0.334972
0.702 3.794154 0.333879
0.703 3.793728 0.332588
0.704 3.793303 0.331216
0.705 3.790597 0.330019
0.706 3.786963 0.328894
0.707 3.785594 0.327804
0.708 3.785192 0.326728
0.709 3.784793 0.325655
0.710 3.784395 0.324583
0.711 3.783805 0.323513
0.712 3.783111 0.322444
0.713 3.780880 0.321378
0.714 3.777639 0.320315
0.715 3.775964 0.319256
0.716 3.775583 0.318201
0.717 3.775204 0.317000
0.718 3.774827 0.315638
0.719 3.773976 0.314401
0.720 3.772413 0.313352
0.721 3.770634 0.312305
0.722 3.768371 0.311262
0.723 3.766494 0.310224
0.724 3.766135 0.309205
0.725 3.765775 0.308210
0.726 3.765418 0.307464
0.727 3.765061 0.306719
0.728 3.762553 0.305701
0.729 3.759948 0.304670
0.730 3.758559 0.303645
0.731 3.757444 0.302620
0.732 3.756845 0.301600
0.733 3.756510 0.300582
0.734 3.756177 0.299566
0.735 3.755845 0.298552
0.736 3.754586 0.297539
0.737 3.751305 0.296526
0.738 3.748384 0.295534
0.739 3.748060 0.294688
0.740 3.747736 0.293842
0.741 3.747420 0.292976
0.742 3.747105 0.292107
0.743 3.746185 0.291149
0.744 3.745001 0.290152
0.745 3.743288 0.289248
0.746 3.740962 0.288450
0.747 3.739076 0.287631
0.748 3.738770 0.286732
0.749 3.738465 0.285833
0.750 3.738167 0.284852
0.751 3.737870 0.283869
0.752 3.735900 0.283055
0.753 3.733160 0.282319
0.754 3.731241 0.281502
0.755 3.730568 0.280562
0.756 3.729932 0.279637
0.757 3.729645 0.278853
0.758 3.729357 0.278069
0.759 3.728882 0.277231
0.760 3.728355 0.276378
0.761 3.726806 0.275588
0.762 3.724017 0.274875
0.763 3.721498 0.274135
0.764 3.721221 0.273173
0.765 3.720945 0.272211
0.766 3.720674 0.271456
0.767 3.720404 0.270771
0.768 3.719330 0.270067
0.769 3.716923 0.269329
0.770 3.714515 0.268592
0.771 3.713678 0.267762
0.772 3.712859 0.266930
0.773 3.712367 0.266152
0.774 3.712108 0.265411
0.775 3.711795 0.264686
0.776 3.711216 0.264042
0.777 3.710637 0.263398
0.778 3.708600 0.262709
0.779 3.706037 0.262003
0.780 3.704140 0.261307
0.781 3.703897 0.260635
0.782 3.703654 0.259963
0.783 3.703411 0.259184
0.784 3.703169 0.258383
0.785 3.702062 0.257668
0.786 3.699311 0.257122
0.787 3.696559 0.256575
0.788 3.695884 0.255812
0.789 3.695579 0.255011
0.790 3.695300 0.254298
0.791 3.695073 0.253756
0.792 3.694846 0.253215
0.793 3.694619 0.252589
0.794 3.694392 0.251943
0.795 3.693554 0.251287
0.796 3.691048 0.250601
0.797 3.688542 0.249916
0.798 3.687490 0.249338
0.799 3.687037 0.248804
0.800 3.686616 0.248270
0.801 3.686404 0.247738
0.802 3.686192 0.247205
0.803 3.685428 0.246618
0.804 3.684191 0.245985
0.805 3.682955 0.245351
0.806 3.681333 0.244682
0.807 3.679682 0.244010
0.808 3.678469 0.243382
0.809 3.678266 0.242858
0.810 3.678063 0.242333
0.811 3.677861 0.241810
0.812 3.677659 0.241287
0.813 3.677458 0.240765
0.814 3.674849 0.240243
0.815 3.672233 0.239721
0.816 3.670389 0.239201
0.817 3.670196 0.238682
0.818 3.670003 0.238163
0.819 3.669815 0.237646
0.820 3.669631 0.237131
0.821 3.669446 0.236615
0.822 3.668973 0.236100
0.823 3.668472 0.235586
0.824 3.667670 0.235071
0.825 3.665454 0.234558
0.826 3.663237 0.234045
0.827 3.661885 0.233558
0.828 3.661709 0.233106
0.829 3.661533 0.232654
0.830 3.661361 0.232280
0.831 3.661190 0.231946
0.832 3.661020 0.231612
0.833 3.660067 0.231128
0.834 3.658994 0.230622
0.835 3.657892 0.230116
0.836 3.656332 0.229611
0.837 3.654773 0.229106
0.838 3.653540 0.228655
0.839 3.653376 0.228380
0.840 3.653211 0.228106
0.841 3.653048 0.227743
0.842 3.652887 0.227244
0.843 3.652726 0.226745
0.844 3.651683 0.226335
0.845 3.649844 0.226005
0.846 3.648006 0.225675
0.847 3.646885 0.225274
0.848 3.646165 0.224834
0.849 3.645445 0.224393
0.850 3.645143 0.224071
0.851 3.644989 0.223790
0.852 3.644835 0.223510
0.853 3.644686 0.223064
0.854 3.644538 0.222580
0.855 3.644389 0.222096
0.856 3.643507 0.221589
0.857 3.642516 0.221077
0.858 3.641525 0.220566
0.859 3.640655 0.220089
0.860 3.639798 0.219615
0.861 3.638941 0.219141
0.862 3.638407 0.218821
0.863 3.637901 0.218513
0.864 3.637395 0.218205
0.865 3.636932 0.218077
0.866 3.636473 0.217964
0.867 3.636014 0.217852
0.868 3.635538 0.217461
0.869 3.635060 0.217035
0.870 3.634583 0.216609
0.871 3.634108 0.216273
0.872 3.633634 0.215954
0.873 3.633160 0.215635
0.874 3.632729 0.215188
0.875 3.632310 0.214703
0.876 3.631892 0.214218
0.877 3.631482 0.213732
0.878 3.631075 0.213247
0.879 3.630668 0.212762
0.880 3.630255 0.212333
0.881 3.629835 0.211947
0.882 3.629416 0.211560
0.883 3.628998 0.211217
0.884 3.628583 0.210930
0.885 3.628167 0.210643
0.886 3.627760 0.210358
0.887 3.627380 0.210077
0.888 3.626999 0.209797
0.889 3.626615 0.209491
0.890 3.626197 0.208941
0.891 3.625779 0.208391
0.892 3.625361 0.207841
0.893 3.624997 0.207513
0.894 3.624640 0.207212
0.895 3.624282 0.206911
0.896 3.623936 0.206634
0.897 3.623595 0.206369
0.898 3.623254 0.206104
0.899 3.622901 0.205758
0.900 3.622530 0.205296
0.901 3.622159 0.204835
0.902 3.621789 0.204374
0.903 3.621426 0.203916
0.904 3.621064 0.203458
0.905 3.620702 0.203000
0.906 3.620343 0.202532
0.907 3.619986 0.202061
0.908 3.619628 0.201591
0.909 3.619268 0.201125
0.910 3.618904 0.200663
0.911 3.618540 0.200201
0.912 3.618180 0.199746
0.913 3.617839 0.199324
0.914 3.617497 0.198902
0.915 3.617155 0.198480
0.916 3.616829 0.198130
0.917 3.616506 0.197797
0.918 3.616184 0.197465
0.919 3.615861 0.197149
0.920 3.615537 0.196857
0.921 3.615214 0.196566
0.922 3.614890 0.196275
0.923 3.614593 0.195834
0.924 3.614297 0.195391
0.925 3.614001 0.194948
0.926 3.613698 0.194496
0.927 3.613389 0.194036
0.928 3.613079 0.193576
0.929 3.612768 0.193105
0.930 3.612441 0.192473
0.931 3.612113 0.191840
0.932 3.611785 0.191208
0.933 3.611472 0.190633
0.934 3.611172 0.190103
0.935 3.610871 0.189572
0.936 3.610570 0.189049
0.937 3.610252 0.188702
0.938 3.609935 0.188355
0.939 3.609617 0.188008
0.940 3.609309 0.187692
0.941 3.609011 0.187409
0.942 3.608713 0.187125
0.943 3.608415 0.186841
0.944 3.608130 0.186413
0.945 3.607847 0.185970
0.946 3.607564 0.185527
0.947 3.607283 0.185083
0.948 3.607006 0.184634
0.949 3.606729 0.184184
0.950 3.606452 0.183735
0.951 3.606192 0.183306
0.952 3.605940 0.182886
0.953 3.605688 0.182466
0.954 3.605436 0.182046
0.955 3.605170 0.181586
0.956 3.604905 0.181125
0.957 3.604639 0.180664
0.958 3.604373 0.180241
0.959 3.604105 0.179901
0.960 3.603837 0.179560
0.961 3.603568 0.179220
0.962 3.603301 0.178875
0.963 3.603034 0.178527
0.964 3.602767 0.178179
0.965 3.602500 0.177831
0.966 3.602227 0.177448
0.967 3.601953 0.177058
0.968 3.601680 0.176668
0.969 3.601408 0.176279
0.970 3.601167 0.175894
0.971 3.600926 0.175509
0.972 3.600684 0.175125
0.973 3.600442 0.174731
0.974 3.600196 0.174314
0.975 3.599950 0.173896
0.976 3.599705 0.173479
0.977 3.599456 0.173064
0.978 3.599205 0.172653
0.979 3.598953 0.172243
0.980 3.598701 0.171832
0.981 3.598458 0.171507
0.982 3.598221 0.171251
0.983 3.597985 0.170994
0.984 3.597748 0.170738
0.985 3.597509 0.170488
0.986 3.597268 0.170242
0.987 3.597028 0.169996
0.988 3.596787 0.169750
0.989 3.596575 0.169520
0.990 3.596373 0.169295
0.991 3.596171 0.169071
0.992 3.595970 0.168846
0.993 3.595759 0.168587
0.994 3.595546 0.168317
0.995 3.595332 0.168048
0.996 3.595118 0.167778
0.997 3.594918 0.167532
0.998 3.594721 0.167292
0.999 3.594525 0.167053
1.000 3.594328 0.166814
1.001 3.594122 0.166574
1.002 3.593912 0.166334
1.003 3.593703 0.166095
1.004 3.593494 0.165855
1.005 3.593289 0.165629
1.006 3.593087 0.165410
1.007 3.592884 0.165191
1.008 3.592682 0.164971
1.009 3.592484 0.164800
1.010 3.592290 0.164660
1.011 3.592096 0.164521
1.012 3.591902 0.164381
1.013 3.591706 0.164144
1.014 3.591508 0.163798
1.015 3.591310 0.163453
1.016 3.591111 0.163108
1.017 3.590914 0.162804
1.018 3.590718 0.162587
1.019 3.590522 0.162371
1.020 3.590326 0.162154
1.021 3.590131 0.161946
1.022 3.589950 0.161794
1.023 3.589768 0.161643
1.024 3.589587 0.161491
1.025 3.589405 0.161340
1.026 3.589240 0.161088
1.027 3.589077 0.160826
1.028 3.588914 0.160563
1.029 3.588752 0.160300
1.030 3.588575 0.160044
1.031 3.588391 0.159792
1.032 3.588207 0.159539
1.033 3.588023 0.159286
1.034 3.587841 0.159048
1.035 3.587660 0.158839
1.036 3.587479 0.158630
1.037 3.587299 0.158421
1.038 3.587118 0.158212
1.039 3.586946 0.157861
1.040 3.586774 0.157511
1.041 3.586601 0.157160
1.042 3.586429 0.156810
1.043 3.586260 0.156520
1.044 3.586092 0.156266
1.045 3.585925 0.156012
1.046 3.585758 0.155758
1.047 3.585591 0.155535
1.048 3.585428 0.155420
1.049 3.585265 0.155304
1.050 3.585102 0.155189
1.051 3.584939 0.155073
1.052 3.584787 0.154895
1.053 3.584638 0.154700
1.054 3.584489 0.154505
1.055 3.584341 0.154310
1.056 3.584195 0.154091
1.057 3.584055 0.153819
1.058 3.583916 0.153546
1.059 3.583776 0.153273
1.060 3.583637 0.153001
1.061 3.583501 0.152759
1.062 3.583365 0.152525
1.063 3.583230 0.152292
1.064 3.583095 0.152059
1.065 3.582961 0.151823
1.066 3.582829 0.151582
1.067 3.582697 0.151340
1.068 3.582565 0.151098
1.069 3.582433 0.150856
1.070 3.582312 0.150642
1.071 3.582198 0.150444
1.072 3.582083 0.150247
1.073 3.581969 0.150049
1.074 3.581855 0.149852
1.075 3.581750 0.149634
1.076 3.581645 0.149416
1.077 3.581541 0.149198
1.078 3.581436 0.148980
1.079 3.581333 0.148749
1.080 3.581232 0.148488
1.081 3.581131 0.148228
1.082 3.581030 0.147967
1.083 3.580929 0.147706
1.084 3.580830 0.147386
1.085 3.580733 0.147022
1.086 3.580636 0.146658
1.087 3.580538 0.146294
1.088 3.580441 0.145930
1.089 3.580354 0.145651
1.090 3.580268 0.145391
1.091 3.580183 0.145132
1.092 3.580098 0.144873
1.093 3.580013 0.144613
1.094 3.579935 0.144386
1.095 3.579857 0.144159
1.096 3.579779 0.143931
1.097 3.579701 0.143704
1.098 3.579624 0.143462
1.099 3.579549 0.143140
1.100 3.579474 0.142818
1.101 3.579400 0.142496
1.102 3.579325 0.142174
1.103 3.579251 0.141831
1.104 3.579180 0.141430
1.105 3.579108 0.141028
1.106 3.579037 0.140627
1.107 3.578965 0.140225
1.108 3.578895 0.139837
1.109 3.578828 0.139476
1.110 3.578761 0.139115
1.111 3.578694 0.138753
1.112 3.578627 0.138392
1.113 3.578562 0.138078
1.114 3.578499 0.137853
1.115 3.578436 0.137627
1.116 3.578373 0.137401
1.117 3.578310 0.137175
1.118 3.578248 0.136932
1.119 3.578188 0.136656
1.120 3.578128 0.136380
1.121 3.578069 0.136103
1.122 3.578009 0.135827
1.123 3.577950 0.135545
1.124 3.577894 0.135246
1.125 3.577838 0.134948
1.126 3.577782 0.134650
1.127 3.577725 0.134351
1.128 3.577668 0.134028
1.129 3.577601 0.133560
1.130 3.577534 0.133091
1.131 3.577467 0.132623
1.132 3.577400 0.132155
1.133 3.577334 0.131686
1.134 3.577265 0.131279
1.135 3.577197 0.130872
1.136 3.577128 0.130465
1.137 3.577060 0.130059
1.138 3.576991 0.129652
1.139 3.576925 0.129198
1.140 3.576860 0.128729
1.141 3.576795 0.128261
1.142 3.576730 0.127792
1.143 3.576664 0.127324
1.144 3.576601 0.126877
1.145 3.576540 0.126451
1.146 3.576479 0.126026
1.147 3.576418 0.125600
1.148 3.576357 0.125174
1.149 3.576289 0.124742
1.150 3.576196 0.124286
1.151 3.576102 0.123830
1.152 3.576009 0.123374
1.153 3.575915 0.122918
1.154 3.575822 0.122462
1.155 3.575720 0.122049
1.156 3.575617 0.121643
1.157 3.575514 0.121237
1.158 3.575411 0.120832
1.159 3.575307 0.120426
1.160 3.575206 0.120029
1.161 3.575107 0.119643
1.162 3.575007 0.119258
1.163 3.574908 0.118872
1.164 3.574809 0.118486
1.165 3.574709 0.118101
1.166 3.574615 0.117608
1.167 3.574520 0.117115
1.168 3.574426 0.116621
1.169 3.574331 0.116128
1.170 3.574237 0.115634
1.171 3.574126 0.115185
1.172 3.573999 0.114784
1.173 3.573872 0.114383
1.174 3.573745 0.113982
1.175 3.573618 0.113581
1.176 3.573491 0.113180
1.177 3.573357 0.112705
1.178 3.573222 0.112224
1.179 3.573086 0.111742
1.180 3.572951 0.111261
1.181 3.572816 0.110779
1.182 3.572682 0.110336
1.183 3.572553 0.109980
1.184 3.572423 0.109625
1.185 3.572294 0.109269
1.186 3.572164 0.108913
1.187 3.572035 0.108557
1.188 3.571909 0.108152
1.189 3.571786 0.107719
1.190 3.571663 0.107286
1.191 3.571540 0.106853
1.192 3.571416 0.106420
1.193 3.571293 0.105987
1.194 3.571162 0.105569
1.195 3.571031 0.105152
1.196 3.570899 0.104735
1.197 3.570767 0.104318
1.198 3.570636 0.103901
1.199 3.570505 0.103494
1.200 3.570376 0.103150
1.201 3.570247 0.102806
1.202 3.570118 0.102463
1.203 3.569989 0.102119
1.204 3.569860 0.101775
1.205 3.569733 0.101404
1.206 3.569613 0.100971
1.207 3.569492 0.100538
1.208 3.569372 0.100105
1.209 3.569251 0.099672
1.210 3.569131 0.099239
1.211 3.569015 0.098830
1.212 3.568905 0.098455
1.213 3.568795 0.098080
1.214 3.568685 0.097705
1.215 3.568575 0.097330
1.216 3.568465 0.096955
1.217 3.568369 0.096514
1.218 3.568290 0.095997
1.219 3.568211 0.095481
1.220 3.568132 0.094964
1.221 3.568053 0.094447
1.222 3.567974 0.093931
1.223 3.567904 0.093445
1.224 3.567845 0.092997
1.225 3.567786 0.092549
1.226 3.567727 0.092100
1.227 3.567669 0.091652
1.228 3.567610 0.091204
1.229 3.567558 0.090784
1.230 3.567516 0.090407
1.231 3.567475 0.090031
1.232 3.567433 0.089654
1.233 3.567392 0.089278
1.234 3.567351 0.088901
1.235 3.567315 0.088521
1.236 3.567295 0.088131
1.237 3.567275 0.087740
1.238 3.567256 0.087350
1.239 3.567236 0.086960
1.240 3.567216 0.086569
1.241 3.567205 0.086175
1.242 3.567308 0.085719
1.243 3.567412 0.085263
1.244 3.567515 0.084808
1.245 3.567618 0.084352
1.246 3.567721 0.083897
1.247 3.567825 0.083441
1.248 3.567983 0.082945
1.249 3.568154 0.082441
1.250 3.568325 0.081936
1.251 3.568496 0.081431
1.252 3.568666 0.080927
1.253 3.568837 0.080422
1.254 3.569035 0.079910
1.255 3.569260 0.079391
1.256 3.569485 0.078872
1.257 3.569709 0.078353
1.258 3.569934 0.077834
1.259 3.570159 0.077315
1.260 3.570393 0.076794
1.261 3.570690 0.076258
1.262 3.570988 0.075723
1.263 3.571285 0.075187
1.264 3.571583 0.074652
1.265 3.571880 0.074116
1.266 3.572178 0.073581
1.267 3.572562 0.072858
1.268 3.572988 0.072045
1.269 3.573414 0.071233
1.270 3.573840 0.070420
1.271 3.574265 0.069608
1.272 3.574691 0.068795
1.273 3.575135 0.067946
1.274 3.575667 0.066918
1.275 3.576200 0.065889
1.276 3.576733 0.064861
1.277 3.577265 0.063832
1.278 3.577798 0.062804
1.279 3.578331 0.061775
1.280 3.578899 0.060782
1.281 3.579493 0.059815
1.282 3.580087 0.058848
1.283 3.580682 0.057880
1.284 3.581276 0.056913
1.285 3.581870 0.055946
1.286 3.582464 0.054978
1.287 3.583031 0.053923
1.288 3.583597 0.052863
1.289 3.584163 0.051802
1.290 3.584729 0.050742
1.291 3.585294 0.049681
1.292 3.585860 0.048621
1.293 3.586235 0.047509
1.294 3.585953 0.046217
1.295 3.585670 0.044925
1.296 3.585388 0.043634
1.297 3.585106 0.042342
1.298 3.584823 0.041051
1.299 3.584541 0.039759
1.300 3.584258 0.038468
1.301 3.583976 0.037176
1.302 3.583694 0.035885
1.303 3.583167 0.034534
1.304 3.582600 0.033172
1.305 3.582033 0.031811
1.306 3.581466 0.030450
1.307 3.580899 0.029089
1.308 3.580333 0.027727
1.309 3.579766 0.026366
1.310 3.579199 0.025005
1.311 3.578632 0.023644
1.312 3.577950 0.022490
1.313 3.577057 0.021718
1.314 3.576164 0.020945
1.315 3.575271 0.020172
1.316 3.574378 0.019399
1.317 3.573486 0.018627
1.318 3.572593 0.017854
1.319 3.571700 0.017081
1.320 3.570807 0.016308
1.321 3.569914 0.015536
1.322 3.568865 0.014850
1.323 3.567752 0.014200
1.324 3.566639 0.013551
1.325 3.565526 0.012901
1.326 3.564413 0.012252
1.327 3.563299 0.011602
1.328 3.562186 0.010952
1.329 3.561073 0.010303
1.330 3.559960 0.009653
1.331 3.558847 0.009003
1.332 3.557781 0.008604
1.333 3.556719 0.008226
1.334 3.555657 0.007848
1.335 3.554595 0.007470
1.336 3.553533 0.007092
1.337 3.552471 0.006714
1.338 3.551409 0.006336
1.339 3.550347 0.005958
1.340 3.549286 0.005580
1.341 3.548224 0.005202
1.342 3.547142 0.005006
1.343 3.546060 0.004812
1.344 3.544978 0.004618
1.345 3.543896 0.004425
1.346 3.542813 0.004231
1.347 3.541731 0.004037
1.348 3.540649 0.003843
1.349 3.539567 0.003649
1.350 3.538485 0.003456
1.351 3.537403 0.003262
1.352 3.536420 0.003124
1.353 3.535446 0.002991
1.354 3.534473 0.002858
1.355 3.533500 0.002726
1.356 3.532526 0.002593
1.357 3.531553 0.002460
1.358 3.530579 0.002328
1.359 3.529606 0.002195
1.360 3.528633 0.002063
1.361 3.527659 0.001930
1.362 3.526746 0.001861
1.363 3.525862 0.001824
1.364 3.524978 0.001787
1.365 3.524094 0.001749
1.366 3.523210 0.001712
1.367 3.522326 0.001675
1.368 3.521442 0.001637
1.369 3.520558 0.001600
1.370 3.519674 0.001563
1.371 3.518790 0.001525
1.372 3.517941 0.001484
1.373 3.517183 0.001432
1.374 3.516425 0.001381
1.375 3.515667 0.001329
1.376 3.514909 0.001278
1.377 3.514151 0.001227
1.378 3.513393 0.001175
1.379 3.512634 0.001124
1.380 3.511876 0.001072
1.381 3.511118 0.001021
1.382 3.510360 0.000969
1.383 3.509662 0.000943
1.384 3.508987 0.000925
1.385 3.508311 0.000907
1.386 3.507636 0.000890
1.387 3.506960 0.000872
1.388 3.506285 0.000855
1.389 3.505609 0.000837
1.390 3.504934 0.000820
1.391 3.504258 0.000802
1.392 3.503583 0.000784
1.393 3.502908 0.000767
1.394 3.502319 0.000763
1.395 3.501729 0.000759
1.396 3.501139 0.000756
1.397 3.500549 0.000752
1.398 3.499960 0.000748
1.399 3.499370 0.000744
1.400 3.498780 0.000740
1.401 3.498190 0.000736
1.402 3.497601 0.000732
1.403 3.497011 0.000728
1.404 3.496428 0.000723
1.405 3.495889 0.000704
1.406 3.495350 0.000684
1.407 3.494811 0.000665
1.408 3.494272 0.000646
1.409 3.493733 0.000627
1.410 3.493194 0.000608
1.411 3.492655 0.000589
1.412 3.492116 0.000570
1.413 3.491576 0.000551
1.414 3.491037 0.000532
1.415 3.490502 0.000514
1.416 3.490003 0.000500
1.417 3.489505 0.000487
1.418 3.489007 0.000473
1.419 3.488508 0.000460
1.420 3.488010 0.000446
1.421 3.487512 0.000433
1.422 3.487014 0.000419
1.423 3.486515 0.000406
1.424 3.486017 0.000393
1.425 3.485519 0.000379
1.426 3.485020 0.000366
1.427 3.484534 0.000352
1.428 3.484049 0.000339
1.429 3.483565 0.000326
1.430 3.483080 0.000313
1.431 3.482596 0.000300
1.432 3.482111 0.000286
1.433 3.481627 0.000273
1.434 3.481142 0.000260
1.435 3.480657 0.000247
1.436 3.480173 0.000233
1.437 3.479688 0.000220
1.438 3.479212 0.000207
1.439 3.478745 0.000194
1.440 3.478279 0.000181
1.441 3.477812 0.000168
1.442 3.477346 0.000155
1.443 3.476879 0.000142
1.444 3.476413 0.000129
1.445 3.475946 0.000117
1.446 3.475480 0.000104
1.447 3.475013 0.000091
1.448 3.474547 0.000078
1.449 3.474080 0.000065
1.450 3.473625 0.000058
1.451 3.473172 0.000053
1.452 3.472719 0.000048
1.453 3.472266 0.000042
1.454 3.471813 0.000037
1.455 3.471360 0.000032
1.456 3.470907 0.000026
1.457 3.470454 0.000021
1.458 3.470001 0.000016
1.459 3.469548 0.000010
1.460 3.469095 0.000005
1.461 3.468643 0.000000
1.462 3.468204 0.000000
1.463 3.467766 0.000000
1.464 3.467327 0.000000
1.465 3.466889 0.000000
1.466 3.466451 0.000000
1.467 3.466012 0.000000
1.468 3.465574 0.000000
1.469 3.465135 0.000000
1.470 3.464697 0.000000
1.471 3.464258 0.000000
1.472 3.463820 0.000000
1.473 3.463383 0.000000
1.474 3.462956 0.000000
1.475 3.462530 0.000000
1.476 3.462103 0.000000
1.477 3.461677 0.000000
1.478 3.461250 0.000000
1.479 3.460824 0.000000
1.480 3.460397 0.000000
1.481 3.459971 0.000000
1.482 3.459544 0.000000
1.483 3.459118 0.000000
1.484 3.458691 0.000000
1.485 3.458265 0.000000
1.486 3.457848 0.000000
1.487 3.457432 0.000000
1.488 3.457017 0.000000
1.489 3.456601 0.000000
1.490 3.456185 0.000000
1.491 3.455769 0.000000
1.492 3.455354 0.000000
1.493 3.454938 0.000000
1.494 3.454522 0.000000
1.495 3.454106 0.000000
1.496 3.453690 0.000000
1.497 3.453275 0.000000
1.498 3.452866 0.000000
1.499 3.452462 0.000000
1.500 3.452059 0.000000
1.501 3.451656 0.000000
1.502 3.451253 0.000000
1.503 3.450849 0.000000
1.504 3.450446 0.000000
1.505 3.450043 0.000000
1.506 3.449639 0.000000
1.507 3.449236 0.000000
1.508 3.448833 0.000000
1.509 3.448430 0.000000
1.510 3.448026 0.000000
1.511 3.447632 0.000000
1.512 3.447238 0.000000
1.513 3.446844 0.000000
1.514 3.446451 0.000000
1.515 3.446057 0.000000
1.516 3.445663 0.000000
1.517 3.445269 0.000000
1.518 3.444875 0.000000
1.519 3.444481 0.000000
1.520 3.444087 0.000000
1.521 3.443693 0.000000
1.522 3.443300 0.000000
1.523 3.442908 0.000000
1.524 3.442525 0.000000
1.525 3.442143 0.000000
1.526 3.441761 0.000000
1.527 3.441379 0.000000
1.528 3.440996 0.000000
1.529 3.440614 0.000000
1.530 3.440232 0.000000
1.531 3.439849 0.000000
1.532 3.439467 0.000000
1.533 3.439085 0.000000
1.534 3.438702 0.000000
1.535 3.438320 0.000000
1.536 3.437939 0.000000
1.537 3.437564 0.000000
1.538 3.437189 0.000000
1.539 3.436815 0.000000
1.540 3.436440 0.000000
1.541 3.436065 0.000000
1.542 3.435690 0.000000
1.543 3.435316 0.000000
1.544 3.434941 0.000000
1.545 3.434566 0.000000
1.546 3.434191 0.000000
1.547 3.433816 0.000000
1.548 3.433442 0.000000
1.549 3.433067 0.000000
1.550 3.432704 0.000000
1.551 3.432343 0.000000
1.552 3.431982 0.000000
1.553 3.431621 0.000000
1.554 3.431259 0.000000
1.555 3.430898 0.000000
1.556 3.430537 0.000000
1.557 3.430176 0.000000
1.558 3.429814 0.000000
1.559 3.429453 0.000000
1.560 3.429092 0.000000
1.561 3.428730 0.000000
1.562 3.428369 0.000000
1.563 3.428011 0.000000
1.564 3.427657 0.000000
1.565 3.427303 0.000000
1.566 3.426948 0.000000
1.567 3.426594 0.000000
1.568 3.426240 0.000000
1.569 3.425886 0.000000
1.570 3.425532 0.000000
1.571 3.425178 0.000000
1.572 3.424823 0.000000
1.573 3.424469 0.000000
1.574 3.424115 0.000000
1.575 3.423761 0.000000
1.576 3.423407 0.000000
1.577 3.423060 0.000000
1.578 3.422717 0.000000
1.579 3.422373 0.000000
1.580 3.422029 0.000000
1.581 3.421686 0.000000
1.582 3.421342 0.000000
1.583 3.420998 0.000000
1.584 3.420655 0.000000
1.585 3.420311 0.000000
1.586 3.419967 0.000000
1.587 3.419624 0.000000
1.588 3.419280 0.000000
1.589 3.418936 0.000000
1.590 3.418593 0.000000
1.591 3.418253 0.000000
1.592 3.417915 0.000000
1.593 3.417577 0.000000
1.594 3.417238 0.000000
1.595 3.416900 0.000000
1.596 3.416562 0.000000
1.597 3.416223 0.000000
1.598 3.415885 0.000000
1.599 3.415547 0.000000
1.600 3.415209 0.000000
1.601 3.414870 0.000000
1.602 3.414532 0.000000
1.603 3.414194 0.000000
1.604 3.413855 0.000000
1.605 3.413523 0.000000
1.606 3.413196 0.000000
1.607 3.412868 0.000000
1.608 3.412541 0.000000
1.609 3.412213 0.000000
1.610 3.411885 0.000000
1.611 3.411558 0.000000
1.612 3.411230 0.000000
1.613 3.410903 0.000000
1.614 3.410575 0.000000
1.615 3.410247 0.000000
1.616 3.409920 0.000000
1.617 3.409592 0.000000
1.618 3.409265 0.000000
1.619 3.408938 0.000000
1.620 3.408615 0.000000
1.621 3.408293 0.000000
1.622 3.407970 0.000000
1.623 3.407648 0.000000
1.624 3.407325 0.000000
1.625 3.407002 0.000000
1.626 3.406680 0.000000
1.627 3.406357 0.000000
1.628 3.406035 0.000000
1.629 3.405712 0.000000
1.630 3.405390 0.000000
1.631 3.405067 0.000000
1.632 3.404744 0.000000
1.633 3.404422 0.000000
1.634 3.404104 0.000000
1.635 3.403791 0.000000
1.636 3.403479 0.000000
1.637 3.403167 0.000000
1.638 3.402855 0.000000
1.639 3.402542 0.000000
1.640 3.402230 0.000000
1.641 3.401918 0.000000
1.642 3.401605 0.000000
1.643 3.401293 0.000000
1.644 3.400981 0.000000
1.645 3.400668 0.000000
1.646 3.400356 0.000000
1.647 3.400044 0.000000
1.648 3.399731 0.000000
1.649 3.399422 0.000000
1.650 3.399115 0.000000
1.651 3.398808 0.000000
1.652 3.398501 0.000000
1.653 3.398194 0.000000
1.654 3.397887 0.000000
1.655 3.397580 0.000000
1.656 3.397273 0.000000
1.657 3.396966 0.000000
1.658 3.396659 0.000000
1.659 3.396352 0.000000
1.660 3.396045 0.000000
1.661 3.395738 0.000000
1.662 3.395431 0.000000
1.663 3.395124 0.000000
1.664 3.394819 0.000000
1.665 3.394523 0.000000
1.666 3.394227 0.000000
1.667 3.393931 0.000000
1.668 3.393636 0.000000
1.669 3.393340 0.000000
1.670 3.393044 0.000000
1.671 3.392748 0.000000
1.672 3.392452 0.000000
1.673 3.392156 0.000000
1.674 3.391861 0.000000
1.675 3.391565 0.000000
1.676 3.391269 0.000000
1.677 3.390973 0.000000
1.678 3.390677 0.000000
1.679 3.390381 0.000000
1.680 3.390089 0.000000
1.681 3.389798 0.000000
1.682 3.389507 0.000000
1.683 3.389217 0.000000
1.684 3.388926 0.000000
1.685 3.388635 0.000000
1.686 3.388344 0.000000
1.687 3.388054 0.000000
1.688 3.387763 0.000000
1.689 3.387472 0.000000
1.690 3.387182 0.000000
1.691 3.386891 0.000000
1.692 3.386600 0.000000
1.693 3.386310 0.000000
1.694 3.386019 0.000000
1.695 3.385728 0.000000
1.696 3.385443 0.000000
1.697 3.385160 0.000000
1.698 3.384877 0.000000
1.699 3.384594 0.000000
1.700 3.384311 0.000000
1.701 3.384028 0.000000
1.702 3.383744 0.000000
1.703 3.383461 0.000000
1.704 3.383178 0.000000
1.705 3.382895 0.000000
1.706 3.382612 0.000000
1.707 3.382329 0.000000
1.708 3.382046 0.000000
1.709 3.381762 0.000000
1.710 3.381479 0.000000
1.711 3.381196 0.000000
1.712 3.380916 0.000000
1.713 3.380639 0.000000
1.714 3.380361 0.000000
1.715 3.380083 0.000000
1.716 3.379805 0.000000
1.717 3.379528 0.000000
1.718 3.379250 0.000000
1.719 3.378972 0.000000
1.720 3.378694 0.000000
1.721 3.378417 0.000000
1.722 3.378139 0.000000
1.723 3.377861 0.000000
1.724 3.377583 0.000000
1.725 3.377306 0.000000
1.726 3.377028 0.000000
1.727 3.376750 0.000000
1.728 3.376474 0.000000
1.729 3.376205 0.000000
1.730 3.375935 0.000000
1.731 3.375666 0.000000
1.732 3.375397 0.000000
1.733 3.375127 0.000000
1.734 3.374858 0.000000
1.735 3.374588 0.000000
1.736 3.374319 0.000000
1.737 3.374050 0.000000
1.738 3.373780 0.000000
1.739 3.373511 0.000000
1.740 3.373242 0.000000
1.741 3.372972 0.000000
1.742 3.372703 0.000000
1.743 3.372434 0.000000
1.744 3.372164 0.000000
1.745 3.371897 0.000000
1.746 3.371633 0.000000
1.747 3.371370 0.000000
1.748 3.371106 0.000000
1.749 3.370842 0.000000
1.750 3.370578 0.000000
1.751 3.370315 0.000000
1.752 3.370051 0.000000
1.753 3.369787 0.000000
1.754 3.369524 0.000000
1.755 3.369260 0.000000
1.756 3.368996 0.000000
1.757 3.368732 0.000000
1.758 3.368469 0.000000
1.759 3.368205 0.000000
1.760 3.367941 0.000000
1.761 3.367677 0.000000
1.762 3.367416 0.000000
1.763 3.367160 0.000000
1.764 3.366904 0.000000
1.765 3.366648 0.000000
1.766 3.366392 0.000000
1.767 3.366136 0.000000
1.768 3.365881 0.000000
1.769 3.365625 0.000000
1.770 3.365369 0.000000
1.771 3.365113 0.000000
1.772 3.364857 0.000000
1.773 3.364601 0.000000
1.774 3.364345 0.000000
1.775 3.364089 0.000000
1.776 3.363833 0.000000
1.777 3.363577 0.000000
1.778 3.363321 0.000000
1.779 3.363065 0.000000
1.780 3.362814 0.000000
1.781 3.362563 0.000000
1.782 3.362313 0.000000
1.783 3.362062 0.000000
1.784 3.361811 0.000000
1.785 3.361560 0.000000
1.786 3.361310 0.000000
1.787 3.361059 0.000000
1.788 3.360808 0.000000
1.789 3.360557 0.000000
1.790 3.360307 0.000000
1.791 3.360056 0.000000
1.792 3.359805 0.000000
1.793 3.359555 0.000000
1.794 3.359304 0.000000
1.795 3.359053 0.000000
1.796 3.358802 0.000000
1.797 3.358552 0.000000
1.798 3.358308 0.000000
1.799 3.358063 0.000000
1.800 3.357819 0.000000
1.801 3.357574 0.000000
1.802 3.357330 0.000000
1.803 3.357085 0.000000
1.804 3.356841 0.000000
1.805 3.356597 0.000000
1.806 3.356352 0.000000
1.807 3.356108 0.000000
1.808 3.355863 0.000000
1.809 3.355619 0.000000
1.810 3.355374 0.000000
1.811 3.355130 0.000000
1.812 3.354885 0.000000
1.813 3.354641 0.000000
1.814 3.354396 0.000000
1.815 3.354152 0.000000
1.816 3.353913 0.000000
1.817 3.353674 0.000000
1.818 3.353436 0.000000
1.819 3.353197 0.000000
1.820 3.352958 0.000000
1.821 3.352720 0.000000
1.822 3.352481 0.000000
1.823 3.352242 0.000000
1.824 3.352004 0.000000
1.825 3.351765 0.000000
1.826 3.351527 0.000000
1.827 3.351288 0.000000
1.828 3.351049 0.000000
1.829 3.350811 0.000000
1.830 3.350572 0.000000
1.831 3.350333 0.000000
1.832 3.350095 0.000000
1.833 3.349856 0.000000
1.834 3.349620 0.000000
1.835 3.349389 0.000000
1.836 3.349157 0.000000
1.837 3.348925 0.000000
1.838 3.348693 0.000000
1.839 3.348461 0.000000
1.840 3.348229 0.000000
1.841 3.347997 0.000000
1.842 3.347766 0.000000
1.843 3.347534 0.000000
1.844 3.347302 0.000000
1.845 3.347070 0.000000
1.846 3.346838 0.000000
1.847 3.346606 0.000000
1.848 3.346374 0.000000
1.849 3.346143 0.000000
1.850 3.345911 0.000000
1.851 3.345679 0.000000
1.852 3.345447 0.000000
1.853 3.345218 0.000000
1.854 3.344991 0.000000
1.855 3.344765 0.000000
1.856 3.344538 0.000000
1.857 3.344312 0.000000
1.858 3.344085 0.000000
1.859 3.343858 0.000000
1.860 3.343632 0.000000
1.861 3.343405 0.000000
1.862 3.343179 0.000000
1.863 3.342952 0.000000
1.864 3.342726 0.000000
1.865 3.342499 0.000000
1.866 3.342272 0.000000
1.867 3.342046 0.000000
1.868 3.341819 0.000000
1.869 3.341593 0.000000
1.870 3.341366 0.000000
1.871 3.341140 0.000000
1.872 3.340914 0.000000
1.873 3.340693 0.000000
1.874 3.340472 0.000000
1.875 3.340251 0.000000
1.876 3.340030 0.000000
1.877 3.339808 0.000000
1.878 3.339587 0.000000
1.879 3.339366 0.000000
1.880 3.339145 0.000000
1.881 3.338924 0.000000
1.882 3.338703 0.000000
1.883 3.338482 0.000000
1.884 3.338260 0.000000
1.885 3.338039 0.000000
1.886 3.337818 0.000000
1.887 3.337597 0.000000
1.888 3.337376 0.000000
1.889 3.337155 0.000000
1.890 3.336934 0.000000
1.891 3.336713 0.000000
1.892 3.336494 0.000000
1.893 3.336278 0.000000
1.894 3.336063 0.000000
1.895 3.335847 0.000000
1.896 3.335631 0.000000
1.897 3.335415 0.000000
1.898 3.335200 0.000000
1.899 3.334984 0.000000
1.900 3.334768 0.000000
1.901 3.334552 0.000000
1.902 3.334337 0.000000
1.903 3.334121 0.000000
1.904 3.333905 0.000000
1.905 3.333689 0.000000
1.906 3.333474 0.000000
1.907 3.333258 0.000000
1.908 3.333042 0.000000
1.909 3.332827 0.000000
1.910 3.332611 0.000000
1.911 3.332395 0.000000
1.912 3.332181 0.000000
1.913 3.331971 0.000000
1.914 3.331760 0.000000
1.915 3.331549 0.000000
1.916 3.331338 0.000000
1.917 3.331128 0.000000
1.918 3.330917 0.000000
1.919 3.330706 0.000000
1.920 3.330496 0.000000
1.921 3.330285 0.000000
1.922 3.330074 0.000000
1.923 3.329863 0.000000
1.924 3.329653 0.000000
1.925 3.329442 0.000000
1.926 3.329231 0.000000
1.927 3.329020 0.000000
1.928 3.328810 0.000000
1.929 3.328599 0.000000
1.930 3.328388 0.000000
1.931 3.328178 0.000000
1.932 3.327967 0.000000
1.933 3.327761 0.000000
1.934 3.327556 0.000000
1.935 3.327350 0.000000
1.936 3.327145 0.000000
1.937 3.326940 0.000000
1.938 3.326735 0.000000
1.939 3.326529 0.000000
1.940 3.326324 0.000000
1.941 3.326119 0.000000
1.942 3.325914 0.000000
1.943 3.325708 0.000000
1.944 3.325503 0.000000
1.945 3.325298 0.000000
1.946 3.325093 0.000000
1.947 3.324887 0.000000
1.948 3.324682 0.000000
1.949 3.324477 0.000000
1.950 3.324272 0.000000