0.251 2.315822 3.453468
0.252 2.385495 3.456089
0.253 2.454091 3.457913
0.254 2.519596 3.458181
0.255 2.586268 3.458718
0.256 2.654480 3.459955
0.257 2.725605 3.461124
0.258 2.801526 3.460695
0.259 2.883424 3.456579
0.260 2.969129 3.444403
0.261 3.059460 3.425563
0.262 3.151992 3.393766
0.263 3.243505 3.352404
0.264 3.329500 3.298520
0.265 3.411052 3.235613
0.266 3.483066 3.162850
0.267 3.543916 3.084265
0.268 3.594372 3.001504
0.269 3.633269 2.917555
0.270 3.662140 2.835209
0.271 3.681612 2.753853
0.272 3.693556 2.675396
0.273 3.699340 2.602912
0.274 3.699152 2.533624
0.275 3.693954 2.468669
0.276 3.686224 2.411282
0.277 3.675060 2.356528
0.278 3.663006 2.305899
0.279 3.649616 2.259040
0.280 3.634925 2.215683
0.281 3.620362 2.175789
0.282 3.604105 2.138640
0.283 3.588219 2.104442
0.284 3.572474 2.072441
0.285 3.555564 2.042575
0.286 3.539163 2.014564
0.287 3.523450 1.990101
0.288 3.506637 1.965488
0.289 3.490096 1.944025
0.290 3.474096 1.923788
0.291 3.458747 1.904879
0.292 3.443083 1.889252
0.293 3.427940 1.873308
0.294 3.412304 1.858580
0.295 3.398787 1.845462
0.296 3.384910 1.833651
0.297 3.371341 1.822303
0.298 3.358052 1.813047
0.299 3.345508 1.804661
0.300 3.334745 1.796886
0.301 3.323044 1.789618
0.302 3.311757 1.782759
0.303 3.301013 1.776348
0.304 3.290936 1.772203
0.305 3.281062 1.766744
0.306 3.273365 1.763407
0.307 3.264492 1.759694
0.308 3.255955 1.756722
0.309 3.249058 1.753981
0.310 3.241818 1.751347
0.311 3.234654 1.750757
0.312 3.229152 1.748819
0.313 3.222211 1.747564
0.314 3.216808 1.747035
0.315 3.211437 1.746776
0.316 3.207174 1.745848
0.317 3.201622 1.746499
0.318 3.198143 1.747290
0.319 3.194827 1.748153
0.320 3.189779 1.747176
0.321 3.186885 1.748255
0.322 3.184203 1.749487
0.323 3.181744 1.750856
0.324 3.179477 1.752336
0.325 3.177338 1.753890
0.326 3.175406 1.755586
0.327 3.173665 1.757411
0.328 3.172041 1.760603
0.329 3.170571 1.763307
0.330 3.169303 1.765455
0.331 3.168133 1.767677
0.332 3.168643 1.770104
0.333 3.168399 1.773622
0.334 3.167717 1.777214
0.335 3.168998 1.779939
0.336 3.168863 1.782809
0.337 3.168653 1.786834
0.338 3.170578 1.790894
0.339 3.171024 1.794070
0.340 3.173027 1.798880
0.341 3.174509 1.802844
0.342 3.176074 1.806397
0.343 3.178721 1.811942
0.344 3.179817 1.815878
0.345 3.182920 1.820694
0.346 3.186253 1.825812
0.347 3.187767 1.829995
0.348 3.191386 1.836186
0.349 3.195226 1.840542
0.350 3.199101 1.846841
0.351 3.202976 1.851731
0.352 3.206954 1.858240
0.353 3.212410 1.863594
0.354 3.216998 1.869853
0.355 3.221660 1.876096
0.356 3.228298 1.882556
0.357 3.233120 1.888985
0.358 3.240153 1.895644
0.359 3.246514 1.902414
0.360 3.252837 1.909422
0.361 3.260541 1.916514
0.362 3.269462 1.924031
0.363 3.278563 1.931723
0.364 3.287116 1.939014
0.365 3.297399 1.946471
0.366 3.308722 1.953752
0.367 3.319292 1.961209
0.368 3.331649 1.967368
0.369 3.344415 1.973595
0.370 3.357508 1.978042
0.371 3.372722 1.983132
0.372 3.386199 1.986414
0.373 3.397992 1.989893
0.374 3.410735 1.991591
0.375 3.423529 1.994799
0.376 3.434902 1.997711
0.377 3.444484 2.000208
0.378 3.454096 2.004370
0.379 3.465095 2.008355
0.380 3.475274 2.015728
0.381 3.485994 2.022245
0.382 3.497298 2.031711
0.383 3.510221 2.041659
0.384 3.523869 2.052108
0.385 3.540843 2.063719
0.386 3.560233 2.076416
0.387 3.579694 2.089156
0.388 3.603745 2.099492
0.389 3.630177 2.110273
0.390 3.658219 2.120353
0.391 3.688908 2.128948
0.392 3.722053 2.134665
0.393 3.756007 2.138917
0.394 3.791518 2.139740
0.395 3.826580 2.138192
0.396 3.861563 2.134335
0.397 3.896288 2.129191
0.398 3.930592 2.122431
0.399 3.964619 2.114194
0.400 3.998516 2.104446
0.401 4.032303 2.093910
0.402 4.065556 2.081256
0.403 4.099504 2.067429
0.404 4.134221 2.052338
0.405 4.169230 2.035713
0.406 4.204204 2.017187
0.407 4.239438 1.995418
0.408 4.273825 1.970432
0.409 4.307268 1.942807
0.410 4.339895 1.912537
0.411 4.371237 1.879923
0.412 4.400323 1.844893
0.413 4.425873 1.806677
0.414 4.449677 1.767082
0.415 4.469227 1.725826
0.416 4.485799 1.683911
0.417 4.499174 1.641594
0.418 4.508810 1.598915
0.419 4.515762 1.556820
0.420 4.518337 1.516980
0.421 4.519523 1.476661
0.422 4.517298 1.439037
0.423 4.513954 1.403256
0.424 4.508413 1.367983
0.425 4.501844 1.334212
0.426 4.494637 1.302858
0.427 4.486905 1.273226
0.428 4.477927 1.244061
0.429 4.468194 1.217972
0.430 4.458472 1.192372
0.431 4.447756 1.168685
0.432 4.436100 1.145792
0.433 4.425738 1.123135
0.434 4.415360 1.103073
0.435 4.404952 1.083752
0.436 4.394567 1.065085
0.437 4.384198 1.046219
0.438 4.373839 1.029462
0.439 4.363512 1.012205
0.440 4.353247 0.996409
0.441 4.343082 0.981797
0.442 4.332948 0.967060
0.443 4.322879 0.952816
0.444 4.312939 0.939504
0.445 4.304230 0.926464
0.446 4.295173 0.913741
0.447 4.285479 0.901759
0.448 4.275854 0.890098
0.449 4.266305 0.878680
0.450 4.257441 0.867904
0.451 4.249336 0.857483
0.452 4.240353 0.847166
0.453 4.231259 0.837199
0.454 4.223066 0.827757
0.455 4.215352 0.818506
0.456 4.206531 0.809465
0.457 4.199154 0.800828
0.458 4.191302 0.792307
0.459 4.182989 0.784041
0.460 4.175764 0.776051
0.461 4.168498 0.768330
0.462 4.161588 0.760715
0.463 4.153938 0.753305
0.464 4.146084 0.746196
0.465 4.140026 0.739131
0.466 4.132838 0.732297
0.467 4.126481 0.725671
0.468 4.119901 0.719177
0.469 4.113450 0.712697
0.470 4.107068 0.706503
0.471 4.100981 0.700482
0.472 4.094542 0.694510
0.473 4.088725 0.688609
0.474 4.082447 0.682873
0.475 4.076755 0.677259
0.476 4.070778 0.671659
0.477 4.064946 0.666159
0.478 4.059383 0.660928
0.479 4.054742 0.655713
0.480 4.048844 0.650444
0.481 4.043689 0.645451
0.482 4.037839 0.640479
0.483 4.032803 0.635614
0.484 4.027066 0.630850
0.485 4.022149 0.626072
0.486 4.017800 0.621455
0.487 4.012476 0.616904
0.488 4.007634 0.612386
0.489 4.003333 0.607912
0.490 3.998304 0.603520
0.491 3.993601 0.599219
0.492 3.989354 0.594974
0.493 3.984492 0.590824
0.494 3.979625 0.586729
0.495 3.974823 0.582643
0.496 3.970326 0.578623
0.497 3.966296 0.574726
0.498 3.961650 0.570926
0.499 3.957247 0.567120
0.500 3.953309 0.563299
0.501 3.948804 0.559564
0.502 3.944514 0.555900
0.503 3.940990 0.552311
0.504 3.937231 0.548754
0.505 3.932880 0.545220
0.506 3.928682 0.541799
0.507 3.925084 0.538372
0.508 3.920774 0.534921
0.509 3.916654 0.531636
0.510 3.913307 0.528384
0.511 3.908967 0.525150
0.512 3.904943 0.521917
0.513 3.901767 0.518815
0.514 3.898644 0.515701
0.515 3.894391 0.512646
0.516 3.890584 0.509561
0.517 3.887372 0.506592
0.518 3.884352 0.503632
0.519 3.880459 0.500713
0.520 3.876454 0.497880
0.521 3.873374 0.495042
0.522 3.870004 0.492193
0.523 3.865605 0.489506
0.524 3.862726 0.486792
0.525 3.859872 0.483979
0.526 3.856626 0.481377
0.527 3.852731 0.478820
0.528 3.849566 0.476217
0.529 3.846823 0.473591
0.530 3.843684 0.471038
0.531 3.840077 0.468595
0.532 3.836784 0.466175
0.533 3.834128 0.463753
0.534 3.831505 0.461215
0.535 3.827598 0.458827
0.536 3.824484 0.456503
0.537 3.821904 0.454197
0.538 3.819397 0.451900
0.539 3.816811 0.449632
0.540 3.813824 0.447414
0.541 3.810243 0.445224
0.542 3.807627 0.443035
0.543 3.805220 0.440861
0.544 3.802269 0.438720
0.545 3.798874 0.436615
0.546 3.796159 0.434532
0.547 3.793826 0.432448
0.548 3.791353 0.430384
0.549 3.788117 0.428356
0.550 3.785049 0.426356
0.551 3.782848 0.424368
0.552 3.780647 0.422379
0.553 3.778467 0.420413
0.554 3.775401 0.418482
0.555 3.772451 0.416576
0.556 3.770078 0.414683
0.557 3.767963 0.412800
0.558 3.765511 0.411070
0.559 3.762480 0.409269
0.560 3.759799 0.407450
0.561 3.757787 0.405642
0.562 3.755775 0.403834
0.563 3.753788 0.402169
0.564 3.750850 0.400468
0.565 3.747909 0.398739
0.566 3.745998 0.397010
0.567 3.744085 0.395335
0.568 3.742190 0.393706
0.569 3.739811 0.392067
0.570 3.736943 0.390418
0.571 3.734708 0.388903
0.572 3.732805 0.387283
0.573 3.730759 0.385667
0.574 3.728406 0.384093
0.575 3.725597 0.382596
0.576 3.723686 0.381024
0.577 3.721949 0.379503
0.578 3.720194 0.378038
0.579 3.718336 0.376499
0.580 3.715577 0.375066
0.581 3.713173 0.373642
0.582 3.711528 0.372193
0.583 3.709884 0.370740
0.584 3.708254 0.369347
0.585 3.706184 0.367956
0.586 3.703152 0.366512
0.587 3.701476 0.365160
0.588 3.699903 0.363801
0.589 3.698333 0.362427
0.590 3.696786 0.361033
0.591 3.694234 0.359724
0.592 3.691773 0.358420
0.593 3.690287 0.357063
0.594 3.688803 0.355818
0.595 3.686761 0.354536
0.596 3.684147 0.353204
0.597 3.682512 0.351974
0.598 3.681007 0.350698
0.599 3.679588 0.349410
0.600 3.678170 0.348226
0.601 3.675912 0.346967
0.602 3.673563 0.345706
0.603 3.672069 0.344545
0.604 3.670697 0.343402
0.605 3.669362 0.342234
0.606 3.668025 0.340999
0.607 3.665617 0.339823
0.608 3.663404 0.338681
0.609 3.662121 0.337577
0.610 3.660846 0.336479
0.611 3.659573 0.335345
0.612 3.658300 0.334133
0.613 3.655985 0.333011
0.614 3.653816 0.331921
0.615 3.652610 0.330855
0.616 3.651413 0.329794
0.617 3.650192 0.328735
0.618 3.648878 0.327676
0.619 3.646861 0.326626
0.620 3.644680 0.325583
0.621 3.643536 0.324556
0.622 3.642397 0.323458
0.623 3.641258 0.322311
0.624 3.639636 0.321290
0.625 3.637897 0.320273
0.626 3.636005 0.319264
0.627 3.634802 0.318272
0.628 3.633719 0.317315
0.629 3.632642 0.316443
0.630 3.630947 0.315492
0.631 3.628982 0.314502
0.632 3.627617 0.313523
0.633 3.626408 0.312551
0.634 3.625394 0.311586
0.635 3.624388 0.310625
0.636 3.623150 0.309665
0.637 3.620927 0.308705
0.638 3.619390 0.307788
0.639 3.618407 0.306905
0.640 3.617448 0.306024
0.641 3.616402 0.305130
0.642 3.615092 0.304197
0.643 3.613505 0.303313
0.644 3.611720 0.302464
0.645 3.610715 0.301582
0.646 3.609791 0.300692
0.647 3.608887 0.299782
0.648 3.607440 0.298929
0.649 3.605526 0.298124
0.650 3.604331 0.297248
0.651 3.603300 0.296368
0.652 3.602423 0.295550
0.653 3.601514 0.294724
0.654 3.600557 0.293886
0.655 3.598960 0.293089
0.656 3.597066 0.292311
0.657 3.596163 0.291435
0.658 3.595321 0.290577
0.659 3.594496 0.289818
0.660 3.593281 0.289052
0.661 3.591580 0.288279
0.662 3.590336 0.287480
0.663 3.589305 0.286669
0.664 3.588487 0.285891
0.665 3.587676 0.285123
0.666 3.586763 0.284397
0.667 3.585580 0.283664
0.668 3.583853 0.282918
0.669 3.582643 0.282181
0.670 3.581895 0.281451
0.671 3.581147 0.280681
0.672 3.580399 0.279896
0.673 3.578721 0.279212
0.674 3.576999 0.278534
0.675 3.576259 0.277761
0.676 3.575527 0.277012
0.677 3.574825 0.276350
0.678 3.574123 0.275671
0.679 3.573421 0.274964
0.680 3.572241 0.274252
0.681 3.570594 0.273534
0.682 3.569505 0.272860
0.683 3.568742 0.272211
0.684 3.568059 0.271564
0.685 3.567402 0.270917
0.686 3.566373 0.270233
0.687 3.565283 0.269543
0.688 3.564034 0.268842
0.689 3.562801 0.268144
0.690 3.562170 0.267512
0.691 3.561539 0.266879
0.692 3.560911 0.266249
0.693 3.560102 0.265618
0.694 3.558448 0.264988
0.695 3.557035 0.264359
0.696 3.556434 0.263734
0.697 3.555839 0.263111
0.698 3.555262 0.262491
0.699 3.554645 0.261872
0.700 3.553938 0.261254
0.701 3.552996 0.260636
0.702 3.551556 0.260018
0.703 3.550410 0.259410
0.704 3.549859 0.258823
0.705 3.549313 0.258254
0.706 3.548779 0.257721
0.707 3.548124 0.257165
0.708 3.547207 0.256559
0.709 3.546230 0.255953
0.710 3.545104 0.255348
0.711 3.544130 0.254768
0.712 3.543612 0.254266
0.713 3.543097 0.253745
0.714 3.542590 0.253151
0.715 3.541982 0.252567
0.716 3.540756 0.252047
0.717 3.539562 0.251523
0.718 3.538817 0.250954
0.719 3.538072 0.250386
0.720 3.537582 0.249889
0.721 3.537097 0.249393
0.722 3.536626 0.248823
0.723 3.536156 0.248243
0.724 3.535407 0.247655
0.725 3.534577 0.247063
0.726 3.533784 0.246482
0.727 3.533011 0.245907
0.728 3.532326 0.245370
0.729 3.531721 0.244869
0.730 3.531128 0.244401
0.731 3.530556 0.243987
0.732 3.529983 0.243545
0.733 3.529406 0.242995
0.734 3.528829 0.242448
0.735 3.528253 0.241945
0.736 3.527677 0.241442
0.737 3.527130 0.240880
0.738 3.526588 0.240309
0.739 3.526055 0.239739
0.740 3.525526 0.239171
0.741 3.524995 0.238622
0.742 3.524462 0.238097
0.743 3.523929 0.237581
0.744 3.523398 0.237100
0.745 3.522867 0.236618
0.746 3.522365 0.236142
0.747 3.521865 0.235665
0.748 3.521360 0.235105
0.749 3.520855 0.234514
0.750 3.520363 0.233973
0.751 3.519886 0.233491
0.752 3.519411 0.233011
0.753 3.518941 0.232544
0.754 3.518472 0.232078
0.755 3.518009 0.231536
0.756 3.517547 0.230984
0.757 3.517097 0.230435
0.758 3.516654 0.229886
0.759 3.516213 0.229336
0.760 3.515775 0.228782
0.761 3.515337 0.228227
0.762 3.514896 0.227677
0.763 3.514456 0.227126
0.764 3.514026 0.226586
0.765 3.513604 0.226055
0.766 3.513185 0.225532
0.767 3.512778 0.225042
0.768 3.512370 0.224551
0.769 3.511964 0.224076
0.770 3.511557 0.223604
0.771 3.511156 0.223102
0.772 3.510762 0.222563
0.773 3.510367 0.222023
0.774 3.509976 0.221479
0.775 3.509584 0.220935
0.776 3.509192 0.220345
0.777 3.508798 0.219726
0.778 3.508407 0.219114
0.779 3.508026 0.218540
0.780 3.507646 0.217966
0.781 3.507260 0.217450
0.782 3.506872 0.216958
0.783 3.506491 0.216472
0.784 3.506132 0.216008
0.785 3.505773 0.215543
0.786 3.505429 0.215026
0.787 3.505089 0.214491
0.788 3.504751 0.213955
0.789 3.504416 0.213417
0.790 3.504081 0.212879
0.791 3.503755 0.212351
0.792 3.503431 0.211826
0.793 3.503109 0.211297
0.794 3.502793 0.210755
0.795 3.502478 0.210212
0.796 3.502167 0.209705
0.797 3.501859 0.209216
0.798 3.501551 0.208728
0.799 3.501245 0.208236
0.800 3.500938 0.207745
0.801 3.500630 0.207243
0.802 3.500321 0.206733
0.803 3.500012 0.206222
0.804 3.499723 0.205714
0.805 3.499436 0.205207
0.806 3.499150 0.204696
0.807 3.498866 0.204175
0.808 3.498582 0.203654
0.809 3.498297 0.203135
0.810 3.498011 0.202617
0.811 3.497726 0.202099
0.812 3.497446 0.201649
0.813 3.497167 0.201201
0.814 3.496896 0.200753
0.815 3.496640 0.200308
0.816 3.496383 0.199863
0.817 3.496147 0.199424
0.818 3.495923 0.198988
0.819 3.495698 0.198552
0.820 3.495471 0.198096
0.821 3.495243 0.197640
0.822 3.495016 0.197186
0.823 3.494796 0.196743
0.824 3.494575 0.196300
0.825 3.494356 0.195857
0.826 3.494137 0.195414
0.827 3.493918 0.194971
0.828 3.493704 0.194534
0.829 3.493493 0.194101
0.830 3.493281 0.193667
0.831 3.493073 0.193267
0.832 3.492866 0.192870
0.833 3.492659 0.192460
0.834 3.492449 0.191968
0.835 3.492240 0.191477
0.836 3.492039 0.191004
0.837 3.491854 0.190571
0.838 3.491670 0.190137
0.839 3.491495 0.189717
0.840 3.491329 0.189313
0.841 3.491164 0.188908
0.842 3.491004 0.188471
0.843 3.490849 0.188016
0.844 3.490693 0.187560
0.845 3.490531 0.187108
0.846 3.490366 0.186657
0.847 3.490202 0.186206
0.848 3.490057 0.185769
0.849 3.489916 0.185334
0.850 3.489775 0.184899
0.851 3.489649 0.184399
0.852 3.489523 0.183897
0.853 3.489397 0.183396
0.854 3.489275 0.182937
0.855 3.489153 0.182479
0.856 3.489031 0.182026
0.857 3.488912 0.181631
0.858 3.488792 0.181237
0.859 3.488676 0.180838
0.860 3.488595 0.180397
0.861 3.488514 0.179956
0.862 3.488434 0.179510
0.863 3.488373 0.179028
0.864 3.488312 0.178546
0.865 3.488252 0.178066
0.866 3.488194 0.177601
0.867 3.488137 0.177137
0.868 3.488080 0.176672
0.869 3.488024 0.176204
0.870 3.487968 0.175736
0.871 3.487912 0.175268
0.872 3.487906 0.174794
0.873 3.487899 0.174320
0.874 3.487893 0.173846
0.875 3.487908 0.173353
0.876 3.487925 0.172857
0.877 3.487942 0.172362
0.878 3.487962 0.171850
0.879 3.487983 0.171333
0.880 3.488004 0.170817
0.881 3.488026 0.170267
0.882 3.488049 0.169702
0.883 3.488071 0.169136
0.884 3.488112 0.168569
0.885 3.488167 0.168001
0.886 3.488223 0.167433
0.887 3.488284 0.166861
0.888 3.488356 0.166284
0.889 3.488427 0.165706
0.890 3.488499 0.165121
0.891 3.488573 0.164497
0.892 3.488647 0.163874
0.893 3.488722 0.163250
0.894 3.488797 0.162591
0.895 3.488873 0.161930
0.896 3.488949 0.161269
0.897 3.489029 0.160561
0.898 3.489112 0.159835
0.899 3.489194 0.159110
0.900 3.489278 0.158398
0.901 3.489364 0.157702
0.902 3.489450 0.157006
0.903 3.489536 0.156304
0.904 3.489624 0.155582
0.905 3.489712 0.154860
0.906 3.489800 0.154137
0.907 3.489890 0.153405
0.908 3.489979 0.152671
0.909 3.490069 0.151938
0.910 3.490133 0.151113
0.911 3.490176 0.150211
0.912 3.490219 0.149309
0.913 3.490259 0.148406
0.914 3.490284 0.147496
0.915 3.490309 0.146587
0.916 3.490334 0.145678
0.917 3.490359 0.144743
0.918 3.490386 0.143802
0.919 3.490412 0.142861
0.920 3.490439 0.141928
0.921 3.490467 0.141007
0.922 3.490496 0.140087
0.923 3.490525 0.139166
0.924 3.490433 0.138187
0.925 3.490336 0.137206
0.926 3.490239 0.136225
0.927 3.490118 0.135247
0.928 3.489975 0.134272
0.929 3.489832 0.133297
0.930 3.489689 0.132322
0.931 3.489546 0.131355
0.932 3.489403 0.130389
0.933 3.489260 0.129422
0.934 3.489119 0.128430
0.935 3.488979 0.127411
0.936 3.488839 0.126393
0.937 3.488699 0.125374
0.938 3.488436 0.124429
0.939 3.488168 0.123487
0.940 3.487899 0.122545
0.941 3.487614 0.121592
0.942 3.487301 0.120622
0.943 3.486989 0.119652
0.944 3.486676 0.118683
0.945 3.486365 0.117762
0.946 3.486054 0.116853
0.947 3.485743 0.115944
0.948 3.485433 0.115028
0.949 3.485125 0.114081
0.950 3.484818 0.113134
0.951 3.484511 0.112187
0.952 3.484177 0.111299
0.953 3.483819 0.110461
0.954 3.483462 0.109623
0.955 3.483104 0.108784
0.956 3.482735 0.108007
0.957 3.482363 0.107238
0.958 3.481991 0.106470
0.959 3.481620 0.105695
0.960 3.481252 0.104884
0.961 3.480884 0.104073
0.962 3.480516 0.103262
0.963 3.480151 0.102463
0.964 3.479789 0.101679
0.965 3.479426 0.100896
0.966 3.479064 0.100113
0.967 3.478751 0.099363
0.968 3.478463 0.098631
0.969 3.478176 0.097899
0.970 3.477888 0.097166
0.971 3.477626 0.096497
0.972 3.477367 0.095838
0.973 3.477109 0.095178
0.974 3.476851 0.094520
0.975 3.476602 0.093896
0.976 3.476353 0.093272
0.977 3.476104 0.092649
0.978 3.475857 0.092023
0.979 3.475619 0.091392
0.980 3.475381 0.090761
0.981 3.475143 0.090130
0.982 3.475018 0.089487
0.983 3.475137 0.088818
0.984 3.475255 0.088149
0.985 3.475373 0.087480
0.986 3.475542 0.086801
0.987 3.475785 0.086106
0.988 3.476028 0.085411
0.989 3.476272 0.084716
0.990 3.476528 0.084018
0.991 3.476800 0.083316
0.992 3.477072 0.082614
0.993 3.477344 0.081912
0.994 3.477634 0.081205
0.995 3.477943 0.080493
0.996 3.478252 0.079781
0.997 3.478561 0.079069
0.998 3.478956 0.077939
0.999 3.479447 0.076345
1.000 3.479937 0.074751
1.001 3.480427 0.073158
1.002 3.480957 0.071423
1.003 3.481539 0.069502
1.004 3.482120 0.067582
1.005 3.482702 0.065662
1.006 3.483295 0.063752
1.007 3.483912 0.061862
1.008 3.484528 0.059972
1.009 3.485144 0.058081
1.010 3.485757 0.056180
1.011 3.486363 0.054244
1.012 3.486969 0.052309
1.013 3.487574 0.050373
1.014 3.487970 0.048405
1.015 3.486674 0.046175
1.016 3.485378 0.043945
1.017 3.484083 0.041714
1.018 3.482787 0.039484
1.019 3.481491 0.037254
1.020 3.480195 0.035024
1.021 3.478899 0.032793
1.022 3.477504 0.030570
1.023 3.475917 0.028359
1.024 3.474329 0.026148
1.025 3.472742 0.023937
1.026 3.471155 0.021726
1.027 3.469568 0.019515
1.028 3.467980 0.017304
1.029 3.466393 0.015092
1.030 3.464681 0.013547
1.031 3.462820 0.012798
1.032 3.460958 0.012048
1.033 3.459097 0.011299
1.034 3.457235 0.010550
1.035 3.455374 0.009801
1.036 3.453512 0.009052
1.037 3.451651 0.008302
1.038 3.449772 0.007645
1.039 3.447873 0.007101
1.040 3.445974 0.006558
1.041 3.444074 0.006014
1.042 3.442175 0.005471
1.043 3.440276 0.004927
1.044 3.438377 0.004384
1.045 3.436477 0.003840
1.046 3.434732 0.003408
1.047 3.433331 0.003223
1.048 3.431930 0.003039
1.049 3.430529 0.002855
1.050 3.429127 0.002670
1.051 3.427726 0.002486
1.052 3.426325 0.002301
1.053 3.424924 0.002117
1.054 3.423526 0.001937
1.055 3.422198 0.001846
1.056 3.420870 0.001756
1.057 3.419542 0.001665
1.058 3.418214 0.001575
1.059 3.416886 0.001484
1.060 3.415557 0.001394
1.061 3.414229 0.001303
1.062 3.412901 0.001213
1.063 3.411719 0.001144
1.064 3.410616 0.001088
1.065 3.409512 0.001031
1.066 3.408409 0.000975
1.067 3.407306 0.000918
1.068 3.406203 0.000862
1.069 3.405100 0.000805
1.070 3.403997 0.000749
1.071 3.402902 0.000697
1.072 3.401873 0.000677
1.073 3.400845 0.000658
1.074 3.399816 0.000638
1.075 3.398787 0.000619
1.076 3.397759 0.000599
1.077 3.396730 0.000580
1.078 3.395701 0.000560
1.079 3.394673 0.000541
1.080 3.393707 0.000520
1.081 3.392821 0.000498
1.082 3.391934 0.000477
1.083 3.391047 0.000455
1.084 3.390160 0.000433
1.085 3.389274 0.000411
1.086 3.388387 0.000389
1.087 3.387500 0.000367
1.088 3.386613 0.000345
1.089 3.385766 0.000332
1.090 3.384941 0.000323
1.091 3.384116 0.000314
1.092 3.383291 0.000306
1.093 3.382466 0.000297
1.094 3.381641 0.000288
1.095 3.380816 0.000280
1.096 3.379990 0.000271
1.097 3.379165 0.000262
1.098 3.378406 0.000258
1.099 3.377678 0.000256
1.100 3.376950 0.000253
1.101 3.376222 0.000251
1.102 3.375493 0.000248
1.103 3.374765 0.000246
1.104 3.374037 0.000243
1.105 3.373309 0.000241
1.106 3.372580 0.000238
1.107 3.371876 0.000233
1.108 3.371189 0.000225
1.109 3.370503 0.000217
1.110 3.369816 0.000210
1.111 3.369129 0.000202
1.112 3.368442 0.000194
1.113 3.367756 0.000186
1.114 3.367069 0.000179
1.115 3.366382 0.000171
1.116 3.365713 0.000164
1.117 3.365080 0.000159
1.118 3.364448 0.000153
1.119 3.363816 0.000148
1.120 3.363184 0.000143
1.121 3.362552 0.000138
1.122 3.361919 0.000132
1.123 3.361287 0.000127
1.124 3.360655 0.000122
1.125 3.360023 0.000117
1.126 3.359414 0.000111
1.127 3.358809 0.000106
1.128 3.358203 0.000101
1.129 3.357597 0.000096
1.130 3.356991 0.000091
1.131 3.356386 0.000086
1.132 3.355780 0.000081
1.133 3.355174 0.000076
1.134 3.354568 0.000071
1.135 3.353975 0.000066
1.136 3.353408 0.000061
1.137 3.352840 0.000056
1.138 3.352272 0.000051
1.139 3.351705 0.000046
1.140 3.351137 0.000042
1.141 3.350569 0.000037
1.142 3.350002 0.000032
1.143 3.349434 0.000027
1.144 3.348866 0.000022
1.145 3.348314 0.000019
1.146 3.347772 0.000017
1.147 3.347231 0.000015
1.148 3.346689 0.000013
1.149 3.346147 0.000011
1.150 3.345605 0.000009
1.151 3.345064 0.000007
1.152 3.344522 0.000005
1.153 3.343980 0.000003
1.154 3.343438 0.000001
1.155 3.342917 0.000000
1.156 3.342404 0.000000
1.157 3.341891 0.000000
1.158 3.341378 0.000000
1.159 3.340865 0.000000
1.160 3.340353 0.000000
1.161 3.339840 0.000000
1.162 3.339327 0.000000
1.163 3.338814 0.000000
1.164 3.338301 0.000000
1.165 3.337802 0.000000
1.166 3.337311 0.000000
1.167 3.336820 0.000000
1.168 3.336329 0.000000
1.169 3.335838 0.000000
1.170 3.335347 0.000000
1.171 3.334856 0.000000
1.172 3.334365 0.000000
1.173 3.333874 0.000000
1.174 3.333383 0.000000
1.175 3.332898 0.000000
1.176 3.332426 0.000000
1.177 3.331953 0.000000
1.178 3.331481 0.000000
1.179 3.331008 0.000000
1.180 3.330536 0.000000
1.181 3.330063 0.000000
1.182 3.329591 0.000000
1.183 3.329118 0.000000
1.184 3.328646 0.000000
1.185 3.328173 0.000000
1.186 3.327722 0.000000
1.187 3.327273 0.000000
1.188 3.326824 0.000000
1.189 3.326375 0.000000
1.190 3.325926 0.000000
1.191 3.325477 0.000000
1.192 3.325028 0.000000
1.193 3.324579 0.000000
1.194 3.324130 0.000000
1.195 3.323681 0.000000
1.196 3.323237 0.000000
1.197 3.322803 0.000000
1.198 3.322369 0.000000
1.199 3.321935 0.000000
1.200 3.321501 0.000000
1.201 3.321068 0.000000
1.202 3.320634 0.000000
1.203 3.320200 0.000000
1.204 3.319766 0.000000
1.205 3.319332 0.000000
1.206 3.318898 0.000000
1.207 3.318474 0.000000
1.208 3.318061 0.000000
1.209 3.317649 0.000000
1.210 3.317236 0.000000
1.211 3.316823 0.000000
1.212 3.316410 0.000000
1.213 3.315997 0.000000
1.214 3.315585 0.000000
1.215 3.315172 0.000000
1.216 3.314759 0.000000
1.217 3.314346 0.000000
1.218 3.313938 0.000000
1.219 3.313535 0.000000
1.220 3.313133 0.000000
1.221 3.312730 0.000000
1.222 3.312328 0.000000
1.223 3.311925 0.000000
1.224 3.311522 0.000000
1.225 3.311120 0.000000
1.226 3.310717 0.000000
1.227 3.310315 0.000000
1.228 3.309912 0.000000
1.229 3.309516 0.000000
1.230 3.309140 0.000000
1.231 3.308763 0.000000
1.232 3.308387 0.000000
1.233 3.308011 0.000000
1.234 3.307634 0.000000
1.235 3.307258 0.000000
1.236 3.306882 0.000000
1.237 3.306506 0.000000
1.238 3.306129 0.000000
1.239 3.305753 0.000000
1.240 3.305377 0.000000
1.241 3.305008 0.000000
1.242 3.304641 0.000000
1.243 3.304274 0.000000
1.244 3.303907 0.000000
1.245 3.303540 0.000000
1.246 3.303173 0.000000
1.247 3.302806 0.000000
1.248 3.302439 0.000000
1.249 3.302072 0.000000
1.250 3.301705 0.000000
1.251 3.301338 0.000000
1.252 3.300974 0.000000
1.253 3.300625 0.000000
1.254 3.300276 0.000000
1.255 3.299928 0.000000
1.256 3.299579 0.000000
1.257 3.299231 0.000000
1.258 3.298882 0.000000
1.259 3.298533 0.000000
1.260 3.298185 0.000000
1.261 3.297836 0.000000
1.262 3.297488 0.000000
1.263 3.297139 0.000000
1.264 3.296792 0.000000
1.265 3.296448 0.000000
1.266 3.296104 0.000000
1.267 3.295760 0.000000
1.268 3.295417 0.000000
1.269 3.295073 0.000000
1.270 3.294729 0.000000
1.271 3.294385 0.000000
1.272 3.294041 0.000000
1.273 3.293698 0.000000
1.274 3.293354 0.000000
1.275 3.293010 0.000000
1.276 3.292670 0.000000
1.277 3.292346 0.000000
1.278 3.292021 0.000000
1.279 3.291696 0.000000
1.280 3.291371 0.000000
1.281 3.291046 0.000000
1.282 3.290722 0.000000
1.283 3.290397 0.000000
1.284 3.290072 0.000000
1.285 3.289747 0.000000
1.286 3.289423 0.000000
1.287 3.289098 0.000000
1.288 3.288773 0.000000
1.289 3.288452 0.000000
1.290 3.288131 0.000000
1.291 3.287811 0.000000
1.292 3.287490 0.000000
1.293 3.287169 0.000000
1.294 3.286848 0.000000
1.295 3.286528 0.000000
1.296 3.286207 0.000000
1.297 3.285886 0.000000
1.298 3.285565 0.000000
1.299 3.285245 0.000000
1.300 3.284924 0.000000
1.301 3.284609 0.000000
1.302 3.284306 0.000000
1.303 3.284004 0.000000
1.304 3.283701 0.000000
1.305 3.283398 0.000000
1.306 3.283095 0.000000
1.307 3.282793 0.000000
1.308 3.282490 0.000000
1.309 3.282187 0.000000
1.310 3.281884 0.000000
1.311 3.281582 0.000000
1.312 3.281279 0.000000
1.313 3.280976 0.000000
1.314 3.280676 0.000000
1.315 3.280378 0.000000
1.316 3.280081 0.000000
1.317 3.279783 0.000000
1.318 3.279485 0.000000
1.319 3.279187 0.000000
1.320 3.278890 0.000000
1.321 3.278592 0.000000
1.322 3.278294 0.000000
1.323 3.277996 0.000000
1.324 3.277699 0.000000
1.325 3.277401 0.000000
1.326 3.277103 0.000000
1.327 3.276814 0.000000
1.328 3.276537 0.000000
1.329 3.276260 0.000000
1.330 3.275982 0.000000
1.331 3.275705 0.000000
1.332 3.275428 0.000000
1.333 3.275150 0.000000
1.334 3.274873 0.000000
1.335 3.274595 0.000000
1.336 3.274318 0.000000
1.337 3.274041 0.000000
1.338 3.273763 0.000000
1.339 3.273486 0.000000
1.340 3.273209 0.000000
1.341 3.272936 0.000000
1.342 3.272664 0.000000
1.343 3.272391 0.000000
1.344 3.272118 0.000000
1.345 3.271845 0.000000
1.346 3.271573 0.000000
1.347 3.271300 0.000000
1.348 3.271027 0.000000
1.349 3.270755 0.000000
1.350 3.270482 0.000000
1.351 3.270209 0.000000
1.352 3.269936 0.000000
1.353 3.269664 0.000000
1.354 3.269397 0.000000
1.355 3.269135 0.000000
1.356 3.268873 0.000000
1.357 3.268612 0.000000
1.358 3.268350 0.000000
1.359 3.268088 0.000000
1.360 3.267826 0.000000
1.361 3.267565 0.000000
1.362 3.267303 0.000000
1.363 3.267041 0.000000
1.364 3.266780 0.000000
1.365 3.266518 0.000000
1.366 3.266256 0.000000
1.367 3.265995 0.000000
1.368 3.265736 0.000000
1.369 3.265480 0.000000
1.370 3.265224 0.000000
1.371 3.264968 0.000000
1.372 3.264712 0.000000
1.373 3.264455 0.000000
1.374 3.264199 0.000000
1.375 3.263943 0.000000
1.376 3.263687 0.000000
1.377 3.263431 0.000000
1.378 3.263174 0.000000
1.379 3.262918 0.000000
1.380 3.262662 0.000000
1.381 3.262406 0.000000
1.382 3.262156 0.000000
1.383 3.261913 0.000000
1.384 3.261670 0.000000
1.385 3.261428 0.000000
1.386 3.261185 0.000000
1.387 3.260942 0.000000
1.388 3.260699 0.000000
1.389 3.260456 0.000000
1.390 3.260213 0.000000
1.391 3.259971 0.000000
1.392 3.259728 0.000000
1.393 3.259485 0.000000
1.394 3.259242 0.000000
1.395 3.258999 0.000000
1.396 3.258757 0.000000
1.397 3.258520 0.000000
1.398 3.258283 0.000000
1.399 3.258047 0.000000
1.400 3.257810 0.000000
1.401 3.257574 0.000000
1.402 3.257337 0.000000
1.403 3.257100 0.000000
1.404 3.256864 0.000000
1.405 3.256627 0.000000
1.406 3.256390 0.000000
1.407 3.256154 0.000000
1.408 3.255917 0.000000
1.409 3.255681 0.000000
1.410 3.255444 0.000000
1.411 3.255210 0.000000
1.412 3.254986 0.000000
1.413 3.254761 0.000000
1.414 3.254537 0.000000
1.415 3.254312 0.000000
1.416 3.254087 0.000000
1.417 3.253863 0.000000
1.418 3.253638 0.000000
1.419 3.253413 0.000000
1.420 3.253189 0.000000
1.421 3.252964 0.000000
1.422 3.252740 0.000000
1.423 3.252515 0.000000
1.424 3.252290 0.000000
1.425 3.252066 0.000000
1.426 3.251842 0.000000
1.427 3.251623 0.000000
1.428 3.251403 0.000000
1.429 3.251184 0.000000
1.430 3.250964 0.000000
1.431 3.250745 0.000000
1.432 3.250526 0.000000
1.433 3.250306 0.000000
1.434 3.250087 0.000000
1.435 3.249868 0.000000
1.436 3.249648 0.000000
1.437 3.249429 0.000000
1.438 3.249210 0.000000
1.439 3.248990 0.000000
1.440 3.248771 0.000000
1.441 3.248551 0.000000
1.442 3.248338 0.000000
1.443 3.248127 0.000000
1.444 3.247915 0.000000
1.445 3.247704 0.000000
1.446 3.247493 0.000000
1.447 3.247281 0.000000
1.448 3.247070 0.000000
1.449 3.246859 0.000000
1.450 3.246647 0.000000
1.451 3.246436 0.000000
1.452 3.246225 0.000000
1.453 3.246013 0.000000
1.454 3.245802 0.000000
1.455 3.245591 0.000000
1.456 3.245379 0.000000
1.457 3.245168 0.000000
1.458 3.244964 0.000000
1.459 3.244760 0.000000
1.460 3.244555 0.000000
1.461 3.244351 0.000000
1.462 3.244147 0.000000
1.463 3.243943 0.000000
1.464 3.243738 0.000000
1.465 3.243534 0.000000
1.466 3.243330 0.000000
1.467 3.243126 0.000000
1.468 3.242921 0.000000
1.469 3.242717 0.000000
1.470 3.242513 0.000000
1.471 3.242309 0.000000
1.472 3.242104 0.000000
1.473 3.241900 0.000000
1.474 3.241705 0.000000
1.475 3.241510 0.000000
1.476 3.241315 0.000000
1.477 3.241120 0.000000
1.478 3.240926 0.000000
1.479 3.240731 0.000000
1.480 3.240536 0.000000
1.481 3.240341 0.000000
1.482 3.240147 0.000000
1.483 3.239952 0.000000
1.484 3.239757 0.000000
1.485 3.239562 0.000000
1.486 3.239368 0.000000
1.487 3.239173 0.000000
1.488 3.238978 0.000000
1.489 3.238783 0.000000
1.490 3.238591 0.000000
1.491 3.238402 0.000000
1.492 3.238213 0.000000
1.493 3.238024 0.000000
1.494 3.237835 0.000000
1.495 3.237646 0.000000
1.496 3.237457 0.000000
1.497 3.237268 0.000000
1.498 3.237079 0.000000
1.499 3.236890 0.000000
1.500 3.236701 0.000000
1.501 3.236512 0.000000
1.502 3.236323 0.000000
1.503 3.236134 0.000000
1.504 3.235945 0.000000
1.505 3.235757 0.000000
1.506 3.235568 0.000000
1.507 3.235382 0.000000
1.508 3.235200 0.000000
1.509 3.235017 0.000000
1.510 3.234834 0.000000
1.511 3.234651 0.000000
1.512 3.234468 0.000000
1.513 3.234286 0.000000
1.514 3.234103 0.000000
1.515 3.233920 0.000000
1.516 3.233737 0.000000
1.517 3.233554 0.000000
1.518 3.233372 0.000000
1.519 3.233189 0.000000
1.520 3.233006 0.000000
1.521 3.232823 0.000000
1.522 3.232640 0.000000
1.523 3.232458 0.000000
1.524 3.232277 0.000000
1.525 3.232101 0.000000
1.526 3.231924 0.000000
1.527 3.231748 0.000000
1.528 3.231571 0.000000
1.529 3.231394 0.000000
1.530 3.231218 0.000000
1.531 3.231041 0.000000
1.532 3.230864 0.000000
1.533 3.230688 0.000000
1.534 3.230511 0.000000
1.535 3.230334 0.000000
1.536 3.230158 0.000000
1.537 3.229981 0.000000
1.538 3.229805 0.000000
1.539 3.229628 0.000000
1.540 3.229451 0.000000
1.541 3.229275 0.000000
1.542 3.229102 0.000000
1.543 3.228931 0.000000
1.544 3.228760 0.000000
1.545 3.228588 0.000000
1.546 3.228417 0.000000
1.547 3.228246 0.000000
1.548 3.228074 0.000000
1.549 3.227903 0.000000
1.550 3.227732 0.000000
1.551 3.227560 0.000000
1.552 3.227389 0.000000
1.553 3.227218 0.000000
1.554 3.227046 0.000000
1.555 3.226875 0.000000
1.556 3.226704 0.000000
1.557 3.226532 0.000000
1.558 3.226361 0.000000
1.559 3.226190 0.000000
1.560 3.226023 0.000000
1.561 3.225859 0.000000
1.562 3.225694 0.000000
1.563 3.225529 0.000000
1.564 3.225364 0.000000
1.565 3.225199 0.000000
1.566 3.225035 0.000000
1.567 3.224870 0.000000
1.568 3.224705 0.000000
1.569 3.224540 0.000000
1.570 3.224375 0.000000
1.571 3.224211 0.000000
1.572 3.224046 0.000000
1.573 3.223881 0.000000
1.574 3.223716 0.000000
1.575 3.223551 0.000000
1.576 3.223386 0.000000
1.577 3.223222 0.000000
1.578 3.223058 0.000000
1.579 3.222898 0.000000
1.580 3.222738 0.000000
1.581 3.222577 0.000000
1.582 3.222417 0.000000
1.583 3.222257 0.000000
1.584 3.222096 0.000000
1.585 3.221936 0.000000
1.586 3.221776 0.000000
1.587 3.221615 0.000000
1.588 3.221455 0.000000
1.589 3.221295 0.000000
1.590 3.221134 0.000000
1.591 3.220974 0.000000
1.592 3.220813 0.000000
1.593 3.220653 0.000000
1.594 3.220493 0.000000
1.595 3.220332 0.000000
1.596 3.220172 0.000000
1.597 3.220016 0.000000
1.598 3.219865 0.000000
1.599 3.219713 0.000000
1.600 3.219562 0.000000
1.601 3.219411 0.000000
1.602 3.219260 0.000000
1.603 3.219109 0.000000
1.604 3.218957 0.000000
1.605 3.218806 0.000000
1.606 3.218655 0.000000
1.607 3.218504 0.000000
1.608 3.218353 0.000000
1.609 3.218201 0.000000
1.610 3.218050 0.000000
1.611 3.217899 0.000000
1.612 3.217748 0.000000
1.613 3.217596 0.000000
1.614 3.217445 0.000000
1.615 3.217294 0.000000
1.616 3.217143 0.000000
1.617 3.216997 0.000000
1.618 3.216850 0.000000
1.619 3.216704 0.000000
1.620 3.216557 0.000000
1.621 3.216411 0.000000
1.622 3.216264 0.000000
1.623 3.216118 0.000000
1.624 3.215971 0.000000
1.625 3.215825 0.000000
1.626 3.215678 0.000000
1.627 3.215532 0.000000
1.628 3.215385 0.000000
1.629 3.215239 0.000000
1.630 3.215092 0.000000
1.631 3.214946 0.000000
1.632 3.214799 0.000000
1.633 3.214653 0.000000
1.634 3.214506 0.000000
1.635 3.214360 0.000000
1.636 3.214215 0.000000
1.637 3.214073 0.000000
1.638 3.213931 0.000000
1.639 3.213789 0.000000
1.640 3.213647 0.000000
1.641 3.213505 0.000000
1.642 3.213363 0.000000
1.643 3.213221 0.000000
1.644 3.213079 0.000000
1.645 3.212937 0.000000
1.646 3.212795 0.000000
1.647 3.212653 0.000000
1.648 3.212511 0.000000
1.649 3.212369 0.000000
1.650 3.212227 0.000000
1.651 3.212085 0.000000
1.652 3.211943 0.000000
1.653 3.211801 0.000000
1.654 3.211660 0.000000
1.655 3.211518 0.000000
1.656 3.211376 0.000000
1.657 3.211236 0.000000
1.658 3.211096 0.000000
1.659 3.210956 0.000000
1.660 3.210817 0.000000
1.661 3.210677 0.000000
1.662 3.210537 0.000000
1.663 3.210397 0.000000
1.664 3.210258 0.000000
1.665 3.210118 0.000000
1.666 3.209978 0.000000
1.667 3.209838 0.000000
1.668 3.209699 0.000000
1.669 3.209559 0.000000
1.670 3.209419 0.000000
1.671 3.209279 0.000000
1.672 3.209140 0.000000
1.673 3.209000 0.000000
1.674 3.208860 0.000000
1.675 3.208721 0.000000
1.676 3.208581 0.000000
1.677 3.208443 0.000000
1.678 3.208312 0.000000
1.679 3.208182 0.000000
1.680 3.208052 0.000000
1.681 3.207922 0.000000
1.682 3.207792 0.000000
1.683 3.207661 0.000000
1.684 3.207531 0.000000
1.685 3.207401 0.000000
1.686 3.207271 0.000000
1.687 3.207141 0.000000
1.688 3.207010 0.000000
1.689 3.206880 0.000000
1.690 3.206750 0.000000
1.691 3.206620 0.000000
1.692 3.206490 0.000000
1.693 3.206359 0.000000
1.694 3.206229 0.000000
1.695 3.206099 0.000000
1.696 3.205969 0.000000
1.697 3.205839 0.000000
1.698 3.205708 0.000000
1.699 3.205581 0.000000
1.700 3.205453 0.000000
1.701 3.205326 0.000000
1.702 3.205198 0.000000
1.703 3.205071 0.000000
1.704 3.204944 0.000000
1.705 3.204816 0.000000
1.706 3.204689 0.000000
1.707 3.204561 0.000000
1.708 3.204434 0.000000
1.709 3.204307 0.000000
1.710 3.204179 0.000000
1.711 3.204052 0.000000
1.712 3.203924 0.000000
1.713 3.203797 0.000000
1.714 3.203670 0.000000
1.715 3.203542 0.000000
1.716 3.203415 0.000000
1.717 3.203288 0.000000
1.718 3.203160 0.000000
1.719 3.203033 0.000000
1.720 3.202905 0.000000
1.721 3.202784 0.000000
1.722 3.202663 0.000000
1.723 3.202543 0.000000
1.724 3.202422 0.000000
1.725 3.202302 0.000000
1.726 3.202181 0.000000
1.727 3.202060 0.000000
1.728 3.201940 0.000000
1.729 3.201819 0.000000
1.730 3.201699 0.000000
1.731 3.201578 0.000000
1.732 3.201457 0.000000
1.733 3.201337 0.000000
1.734 3.201216 0.000000
1.735 3.201096 0.000000
1.736 3.200975 0.000000
1.737 3.200854 0.000000
1.738 3.200734 0.000000
1.739 3.200613 0.000000
1.740 3.200493 0.000000
1.741 3.200372 0.000000
1.742 3.200251 0.000000
1.743 3.200132 0.000000
1.744 3.200013 0.000000
1.745 3.199894 0.000000
1.746 3.199775 0.000000
1.747 3.199657 0.000000
1.748 3.199538 0.000000
1.749 3.199419 0.000000
1.750 3.199300 0.000000
1.751 3.199182 0.000000
1.752 3.199063 0.000000
1.753 3.198944 0.000000
1.754 3.198826 0.000000
1.755 3.198707 0.000000
1.756 3.198588 0.000000
1.757 3.198469 0.000000
1.758 3.198351 0.000000
1.759 3.198232 0.000000
1.760 3.198113 0.000000
1.761 3.197994 0.000000
1.762 3.197876 0.000000
1.763 3.197757 0.000000
1.764 3.197638 0.000000
1.765 3.197519 0.000000
1.766 3.197403 0.000000
1.767 3.197291 0.000000
1.768 3.197179 0.000000
1.769 3.197067 0.000000
1.770 3.196955 0.000000
1.771 3.196843 0.000000
1.772 3.196731 0.000000
1.773 3.196619 0.000000
1.774 3.196507 0.000000
1.775 3.196395 0.000000
1.776 3.196283 0.000000
1.777 3.196172 0.000000
1.778 3.196060 0.000000
1.779 3.195948 0.000000
1.780 3.195836 0.000000
1.781 3.195724 0.000000
1.782 3.195612 0.000000
1.783 3.195500 0.000000
1.784 3.195388 0.000000
1.785 3.195276 0.000000
1.786 3.195164 0.000000
1.787 3.195052 0.000000
1.788 3.194940 0.000000
1.789 3.194828 0.000000
1.790 3.194717 0.000000
1.791 3.194607 0.000000
1.792 3.194497 0.000000
1.793 3.194388 0.000000
1.794 3.194278 0.000000
1.795 3.194168 0.000000
1.796 3.194058 0.000000
1.797 3.193948 0.000000
1.798 3.193838 0.000000
1.799 3.193728 0.000000
1.800 3.193618 0.000000
1.801 3.193508 0.000000
1.802 3.193398 0.000000
1.803 3.193288 0.000000
1.804 3.193178 0.000000
1.805 3.193068 0.000000
1.806 3.192958 0.000000
1.807 3.192848 0.000000
1.808 3.192738 0.000000
1.809 3.192628 0.000000
1.810 3.192518 0.000000
1.811 3.192408 0.000000
1.812 3.192298 0.000000
1.813 3.192188 0.000000
1.814 3.192080 0.000000
1.815 3.191977 0.000000
1.816 3.191873 0.000000
1.817 3.191770 0.000000
1.818 3.191666 0.000000
1.819 3.191562 0.000000
1.820 3.191459 0.000000
1.821 3.191355 0.000000
1.822 3.191252 0.000000
1.823 3.191148 0.000000
1.824 3.191044 0.000000
1.825 3.190941 0.000000
1.826 3.190837 0.000000
1.827 3.190734 0.000000
1.828 3.190630 0.000000
1.829 3.190526 0.000000
1.830 3.190423 0.000000
1.831 3.190319 0.000000
1.832 3.190216 0.000000
1.833 3.190112 0.000000
1.834 3.190008 0.000000
1.835 3.189905 0.000000
1.836 3.189801 0.000000
1.837 3.189698 0.000000
1.838 3.189594 0.000000
1.839 3.189491 0.000000
1.840 3.189390 0.000000
1.841 3.189288 0.000000
1.842 3.189187 0.000000
1.843 3.189086 0.000000
1.844 3.188984 0.000000
1.845 3.188883 0.000000
1.846 3.188781 0.000000
1.847 3.188680 0.000000
1.848 3.188579 0.000000
1.849 3.188477 0.000000
1.850 3.188376 0.000000
1.851 3.188274 0.000000
1.852 3.188173 0.000000
1.853 3.188072 0.000000
1.854 3.187970 0.000000
1.855 3.187869 0.000000
1.856 3.187767 0.000000
1.857 3.187666 0.000000
1.858 3.187565 0.000000
1.859 3.187463 0.000000
1.860 3.187362 0.000000
1.861 3.187260 0.000000
1.862 3.187159 0.000000
1.863 3.187058 0.000000
1.864 3.186956 0.000000
1.865 3.186858 0.000000
1.866 3.186762 0.000000
1.867 3.186666 0.000000
1.868 3.186570 0.000000
1.869 3.186475 0.000000
1.870 3.186379 0.000000
1.871 3.186283 0.000000
1.872 3.186187 0.000000
1.873 3.186091 0.000000
1.874 3.185995 0.000000
1.875 3.185899 0.000000
1.876 3.185803 0.000000
1.877 3.185707 0.000000
1.878 3.185612 0.000000
1.879 3.185516 0.000000
1.880 3.185420 0.000000
1.881 3.185324 0.000000
1.882 3.185228 0.000000
1.883 3.185132 0.000000
1.884 3.185036 0.000000
1.885 3.184940 0.000000
1.886 3.184844 0.000000
1.887 3.184749 0.000000
1.888 3.184653 0.000000
1.889 3.184557 0.000000
1.890 3.184461 0.000000
1.891 3.184365 0.000000
1.892 3.184272 0.000000
1.893 3.184178 0.000000
1.894 3.184085 0.000000
1.895 3.183991 0.000000
1.896 3.183898 0.000000
1.897 3.183804 0.000000
1.898 3.183711 0.000000
1.899 3.183617 0.000000
1.900 3.183524 0.000000
1.901 3.183430 0.000000
1.902 3.183337 0.000000
1.903 3.183243 0.000000
1.904 3.183150 0.000000
1.905 3.183056 0.000000
1.906 3.182963 0.000000
1.907 3.182869 0.000000
1.908 3.182776 0.000000
1.909 3.182682 0.000000
1.910 3.182589 0.000000
1.911 3.182495 0.000000
1.912 3.182402 0.000000
1.913 3.182308 0.000000
1.914 3.182215 0.000000
1.915 3.182121 0.000000
1.916 3.182028 0.000000
1.917 3.181934 0.000000
1.918 3.181841 0.000000
1.919 3.181752 0.000000
1.920 3.181663 0.000000
1.921 3.181575 0.000000
1.922 3.181486 0.000000
1.923 3.181398 0.000000
1.924 3.181309 0.000000
1.925 3.181221 0.000000
1.926 3.181132 0.000000
1.927 3.181043 0.000000
1.928 3.180955 0.000000
1.929 3.180866 0.000000
1.930 3.180778 0.000000
1.931 3.180689 0.000000
1.932 3.180601 0.000000
1.933 3.180512 0.000000
1.934 3.180424 0.000000
1.935 3.180335 0.000000
1.936 3.180246 0.000000
1.937 3.180158 0.000000
1.938 3.180069 0.000000
1.939 3.179981 0.000000
1.940 3.179892 0.000000
1.941 3.179804 0.000000
1.942 3.179715 0.000000
1.943 3.179626 0.000000
1.944 3.179538 0.000000
1.945 3.179449 0.000000
1.946 3.179361 0.000000
1.947 3.179275 0.000000
1.948 3.179188 0.000000
1.949 3.179102 0.000000
1.950 3.179016 0.000000