0.251 2.200084 3.386483
0.252 2.260298 3.393839
0.253 2.320310 3.399921
0.254 2.379095 3.405816
0.255 2.436741 3.410050
0.256 2.496841 3.414822
0.257 2.558321 3.419915
0.258 2.622897 3.424441
0.259 2.694361 3.426995
0.260 2.765819 3.425573
0.261 2.843119 3.416647
0.262 2.922343 3.401669
0.263 3.004827 3.379172
0.264 3.083988 3.347156
0.265 3.159256 3.306913
0.266 3.233352 3.260097
0.267 3.299157 3.204285
0.268 3.358495 3.144534
0.269 3.411363 3.081752
0.270 3.453367 3.015677
0.271 3.491158 2.950394
0.272 3.519193 2.884306
0.273 3.541665 2.820460
0.274 3.559566 2.757720
0.275 3.573774 2.698758
0.276 3.581456 2.640819
0.277 3.586463 2.584846
0.278 3.590046 2.535635
0.279 3.589274 2.485963
0.280 3.587893 2.439179
0.281 3.585219 2.394947
0.282 3.580211 2.353226
0.283 3.574968 2.314087
0.284 3.567236 2.277779
0.285 3.559204 2.241374
0.286 3.551452 2.207673
0.287 3.540337 2.175308
0.288 3.530129 2.147903
0.289 3.520527 2.118195
0.290 3.511400 2.092034
0.291 3.498996 2.066084
0.292 3.486954 2.043230
0.293 3.475280 2.021213
0.294 3.464037 2.000088
0.295 3.452484 1.983488
0.296 3.439241 1.964372
0.297 3.426645 1.948670
0.298 3.415873 1.931903
0.299 3.403174 1.917042
0.300 3.393979 1.905834
0.301 3.382071 1.892009
0.302 3.370285 1.882001
0.303 3.359026 1.872490
0.304 3.351490 1.863370
0.305 3.340840 1.854572
0.306 3.330426 1.846049
0.307 3.320988 1.837848
0.308 3.312061 1.832232
0.309 3.303688 1.825976
0.310 3.295748 1.822170
0.311 3.288046 1.815033
0.312 3.280602 1.811665
0.313 3.273693 1.808171
0.314 3.266528 1.804574
0.315 3.261404 1.800544
0.316 3.254150 1.799661
0.317 3.250066 1.796524
0.318 3.242832 1.794972
0.319 3.238969 1.792995
0.320 3.232772 1.793237
0.321 3.229780 1.789912
0.322 3.223702 1.790277
0.323 3.220722 1.790814
0.324 3.218262 1.791404
0.325 3.215474 1.791601
0.326 3.210078 1.789119
0.327 3.208044 1.789937
0.328 3.206112 1.790820
0.329 3.204337 1.791800
0.330 3.202686 1.792849
0.331 3.201126 1.793950
0.332 3.199657 1.795108
0.333 3.198366 1.796389
0.334 3.197158 1.797724
0.335 3.196032 1.802543
0.336 3.195018 1.804218
0.337 3.194118 1.805761
0.338 3.193284 1.807353
0.339 3.194606 1.809085
0.340 3.195678 1.811593
0.341 3.195164 1.816362
0.342 3.195875 1.818252
0.343 3.198110 1.820274
0.344 3.197901 1.822354
0.345 3.198219 1.827917
0.346 3.201472 1.830397
0.347 3.202275 1.832661
0.348 3.205414 1.837663
0.349 3.206876 1.841139
0.350 3.209779 1.843650
0.351 3.211878 1.847825
0.352 3.214595 1.852570
0.353 3.217292 1.855295
0.354 3.220464 1.861442
0.355 3.224449 1.864644
0.356 3.226128 1.868207
0.357 3.230366 1.874262
0.358 3.235292 1.877350
0.359 3.239355 1.883112
0.360 3.243285 1.887381
0.361 3.247362 1.893647
0.362 3.254097 1.897640
0.363 3.258514 1.904101
0.364 3.263966 1.908143
0.365 3.269570 1.914635
0.366 3.277406 1.920559
0.367 3.281960 1.926150
0.368 3.289751 1.931562
0.369 3.297383 1.937790
0.370 3.302599 1.944647
0.371 3.311070 1.951840
0.372 3.319679 1.957887
0.373 3.331496 1.964142
0.374 3.340831 1.971334
0.375 3.350344 1.978420
0.376 3.362451 1.984936
0.377 3.375279 1.990994
0.378 3.388344 1.998759
0.379 3.401299 2.003065
0.380 3.416326 2.007412
0.381 3.431443 2.011320
0.382 3.448159 2.012651
0.383 3.465785 2.014042
0.384 3.481318 2.013314
0.385 3.494068 2.012720
0.386 3.507959 2.008797
0.387 3.521519 2.008269
0.388 3.533293 2.004643
0.389 3.541874 2.002028
0.390 3.551287 2.001004
0.391 3.557662 1.999277
0.392 3.567606 1.998733
0.393 3.574720 2.002830
0.394 3.582148 2.004211
0.395 3.589888 2.010412
0.396 3.598450 2.017209
0.397 3.607656 2.024187
0.398 3.619835 2.033756
0.399 3.632835 2.042672
0.400 3.649181 2.054354
0.401 3.664114 2.066181
0.402 3.685241 2.075693
0.403 3.707710 2.084669
0.404 3.732766 2.094948
0.405 3.758597 2.104347
0.406 3.789346 2.111993
0.407 3.821163 2.117459
0.408 3.854122 2.120615
0.409 3.888869 2.120917
0.410 3.923140 2.118445
0.411 3.957331 2.113791
0.412 3.991275 2.108029
0.413 4.024875 2.100722
0.414 4.058253 2.091562
0.415 4.091521 2.080687
0.416 4.124696 2.069217
0.417 4.156023 2.054386
0.418 4.188902 2.038700
0.419 4.222388 2.021820
0.420 4.255417 2.003554
0.421 4.288153 1.982619
0.422 4.320450 1.958469
0.423 4.351238 1.932120
0.424 4.381057 1.903538
0.425 4.410108 1.872359
0.426 4.437601 1.839417
0.427 4.461585 1.803963
0.428 4.483670 1.766793
0.429 4.504051 1.728556
0.430 4.519917 1.689065
0.431 4.532771 1.649266
0.432 4.542515 1.609011
0.433 4.549393 1.569046
0.434 4.553142 1.530982
0.435 4.554373 1.493584
0.436 4.553451 1.456549
0.437 4.550122 1.423036
0.438 4.545572 1.390069
0.439 4.539201 1.357500
0.440 4.532084 1.326446
0.441 4.526018 1.296847
0.442 4.518519 1.270175
0.443 4.509703 1.242500
0.444 4.500333 1.218406
0.445 4.490971 1.195125
0.446 4.481042 1.172951
0.447 4.468169 1.151589
0.448 4.458198 1.130527
0.449 4.448404 1.111110
0.450 4.438567 1.093863
0.451 4.428738 1.075688
0.452 4.418934 1.059529
0.453 4.409139 1.042607
0.454 4.399358 1.026892
0.455 4.389610 1.010948
0.456 4.379918 0.997293
0.457 4.370296 0.984237
0.458 4.360700 0.970895
0.459 4.351152 0.958035
0.460 4.341685 0.945898
0.461 4.333910 0.934122
0.462 4.326529 0.922538
0.463 4.317246 0.911478
0.464 4.308049 0.900986
0.465 4.298885 0.890559
0.466 4.289799 0.880554
0.467 4.282736 0.871088
0.468 4.275546 0.861748
0.469 4.266682 0.852533
0.470 4.258058 0.843615
0.471 4.250936 0.835106
0.472 4.244272 0.826846
0.473 4.235713 0.818736
0.474 4.229123 0.810903
0.475 4.222348 0.803185
0.476 4.214222 0.795700
0.477 4.207547 0.788396
0.478 4.201576 0.781325
0.479 4.194741 0.774470
0.480 4.189057 0.767698
0.481 4.181147 0.761123
0.482 4.174484 0.754693
0.483 4.168985 0.748392
0.484 4.162729 0.742288
0.485 4.157057 0.736318
0.486 4.151182 0.730438
0.487 4.145485 0.724563
0.488 4.139706 0.718948
0.489 4.134302 0.713508
0.490 4.128457 0.708111
0.491 4.123365 0.702752
0.492 4.117341 0.697487
0.493 4.112734 0.692343
0.494 4.106498 0.687226
0.495 4.102272 0.682135
0.496 4.095896 0.677143
0.497 4.091822 0.672537
0.498 4.088409 0.667742
0.499 4.082521 0.662895
0.500 4.078186 0.658389
0.501 4.072624 0.653827
0.502 4.068118 0.649392
0.503 4.062830 0.645091
0.504 4.058202 0.640702
0.505 4.054800 0.636411
0.506 4.050297 0.632255
0.507 4.045560 0.628152
0.508 4.042005 0.624011
0.509 4.038030 0.619875
0.510 4.033353 0.615862
0.511 4.029544 0.611944
0.512 4.025992 0.608070
0.513 4.021481 0.604262
0.514 4.016901 0.600496
0.515 4.012535 0.596733
0.516 4.008099 0.593005
0.517 4.005242 0.589367
0.518 4.001195 0.585884
0.519 3.996464 0.582478
0.520 3.993629 0.578906
0.521 3.989885 0.575384
0.522 3.985468 0.571911
0.523 3.982155 0.568541
0.524 3.979578 0.565263
0.525 3.976424 0.561969
0.526 3.972357 0.558659
0.527 3.968388 0.555493
0.528 3.965808 0.552340
0.529 3.961737 0.549042
0.530 3.957708 0.545969
0.531 3.954995 0.542928
0.532 3.951400 0.539913
0.533 3.947446 0.536896
0.534 3.944258 0.533918
0.535 3.941959 0.531015
0.536 3.939556 0.528069
0.537 3.935013 0.525235
0.538 3.931729 0.522298
0.539 3.929257 0.519513
0.540 3.927051 0.516704
0.541 3.923820 0.513902
0.542 3.919287 0.511254
0.543 3.916833 0.508659
0.544 3.914643 0.505821
0.545 3.910140 0.503250
0.546 3.906847 0.500719
0.547 3.904753 0.498094
0.548 3.902528 0.495409
0.549 3.899671 0.492980
0.550 3.895537 0.490577
0.551 3.892980 0.488081
0.552 3.890980 0.485540
0.553 3.888511 0.483053
0.554 3.884887 0.480727
0.555 3.881702 0.478424
0.556 3.879525 0.476122
0.557 3.877603 0.473697
0.558 3.874902 0.471247
0.559 3.870484 0.468967
0.560 3.868423 0.466752
0.561 3.866540 0.464539
0.562 3.864717 0.462336
0.563 3.862707 0.460154
0.564 3.860033 0.458008
0.565 3.856388 0.455881
0.566 3.853957 0.453758
0.567 3.852202 0.451642
0.568 3.850335 0.449541
0.569 3.846507 0.447476
0.570 3.843774 0.445429
0.571 3.841699 0.443388
0.572 3.839967 0.441349
0.573 3.837962 0.439326
0.574 3.834349 0.437334
0.575 3.831443 0.435357
0.576 3.829845 0.433390
0.577 3.828246 0.431423
0.578 3.826660 0.429471
0.579 3.824174 0.427538
0.580 3.820611 0.425627
0.581 3.818517 0.423731
0.582 3.816821 0.421852
0.583 3.815081 0.420061
0.584 3.812948 0.418428
0.585 3.809491 0.416591
0.586 3.807181 0.414758
0.587 3.805722 0.412931
0.588 3.804263 0.411105
0.589 3.802820 0.409473
0.590 3.800366 0.407824
0.591 3.796373 0.406078
0.592 3.794958 0.404312
0.593 3.793572 0.402601
0.594 3.792189 0.400943
0.595 3.790820 0.399354
0.596 3.788123 0.397671
0.597 3.785259 0.396022
0.598 3.783263 0.394549
0.599 3.781831 0.392898
0.600 3.780217 0.391241
0.601 3.778160 0.389626
0.602 3.775202 0.388128
0.603 3.773012 0.386562
0.604 3.771755 0.384910
0.605 3.770499 0.383480
0.606 3.769126 0.381969
0.607 3.767576 0.380390
0.608 3.764169 0.378996
0.609 3.761965 0.377559
0.610 3.760776 0.376083
0.611 3.759588 0.374599
0.612 3.758408 0.373183
0.613 3.757190 0.371825
0.614 3.753645 0.370315
0.615 3.751294 0.368880
0.616 3.750157 0.367523
0.617 3.749021 0.366125
0.618 3.747894 0.364703
0.619 3.746777 0.363249
0.620 3.743617 0.361946
0.621 3.740957 0.360617
0.622 3.739885 0.359192
0.623 3.738813 0.357926
0.624 3.737355 0.356673
0.625 3.734321 0.355270
0.626 3.732320 0.353964
0.627 3.730964 0.352713
0.628 3.729941 0.351330
0.629 3.728918 0.350037
0.630 3.727897 0.348858
0.631 3.725184 0.347519
0.632 3.722571 0.346194
0.633 3.721362 0.345020
0.634 3.720304 0.343865
0.635 3.719342 0.342722
0.636 3.718380 0.341421
0.637 3.716641 0.340157
0.638 3.713474 0.338963
0.639 3.711898 0.337825
0.640 3.710975 0.336709
0.641 3.710059 0.335599
0.642 3.709143 0.334414
0.643 3.708228 0.333114
0.644 3.705740 0.331940
0.645 3.702783 0.330816
0.646 3.701916 0.329731
0.647 3.701052 0.328648
0.648 3.700194 0.327568
0.649 3.699202 0.326489
0.650 3.698144 0.325411
0.651 3.695427 0.324342
0.652 3.693150 0.323277
0.653 3.692328 0.322223
0.654 3.691510 0.321059
0.655 3.690696 0.319800
0.656 3.689236 0.318709
0.657 3.687588 0.317662
0.658 3.685504 0.316623
0.659 3.683827 0.315591
0.660 3.683048 0.314574
0.661 3.682273 0.313662
0.662 3.681501 0.312833
0.663 3.679529 0.311852
0.664 3.677235 0.310829
0.665 3.675961 0.309815
0.666 3.674808 0.308804
0.667 3.674081 0.307802
0.668 3.673357 0.306801
0.669 3.672638 0.305802
0.670 3.670681 0.304804
0.671 3.667953 0.303806
0.672 3.666844 0.302903
0.673 3.666140 0.302023
0.674 3.665454 0.301134
0.675 3.664688 0.300233
0.676 3.663414 0.299258
0.677 3.661913 0.298322
0.678 3.659859 0.297482
0.679 3.658409 0.296615
0.680 3.657745 0.295710
0.681 3.657090 0.294775
0.682 3.656443 0.293818
0.683 3.654644 0.292979
0.684 3.652330 0.292193
0.685 3.651152 0.291294
0.686 3.650252 0.290367
0.687 3.649600 0.289541
0.688 3.648974 0.288725
0.689 3.648194 0.287867
0.690 3.647294 0.287017
0.691 3.644967 0.286256
0.692 3.642896 0.285469
0.693 3.642292 0.284537
0.694 3.641691 0.283645
0.695 3.641103 0.282907
0.696 3.640140 0.282160
0.697 3.638094 0.281390
0.698 3.636369 0.280602
0.699 3.635417 0.279768
0.700 3.634587 0.278955
0.701 3.634019 0.278182
0.702 3.633381 0.277434
0.703 3.632603 0.276733
0.704 3.631366 0.276018
0.705 3.629233 0.275278
0.706 3.627631 0.274546
0.707 3.627098 0.273830
0.708 3.626565 0.273085
0.709 3.626032 0.272280
0.710 3.625014 0.271524
0.711 3.622761 0.270897
0.712 3.620915 0.270229
0.713 3.620358 0.269430
0.714 3.619813 0.268664
0.715 3.619313 0.268045
0.716 3.618814 0.267418
0.717 3.618314 0.266726
0.718 3.617749 0.266034
0.719 3.615685 0.265318
0.720 3.613620 0.264602
0.721 3.612915 0.263989
0.722 3.612279 0.263381
0.723 3.611786 0.262774
0.724 3.611319 0.262167
0.725 3.610331 0.261509
0.726 3.609155 0.260833
0.727 3.607808 0.260142
0.728 3.606350 0.259441
0.729 3.605365 0.258790
0.730 3.604916 0.258196
0.731 3.604469 0.257601
0.732 3.604023 0.257008
0.733 3.603324 0.256415
0.734 3.601203 0.255823
0.735 3.599082 0.255231
0.736 3.598610 0.254643
0.737 3.598183 0.254055
0.738 3.597770 0.253470
0.739 3.597361 0.252886
0.740 3.596826 0.252303
0.741 3.596199 0.251721
0.742 3.595141 0.251139
0.743 3.593320 0.250557
0.744 3.591688 0.249981
0.745 3.591297 0.249445
0.746 3.590906 0.248908
0.747 3.590527 0.248447
0.748 3.590148 0.247994
0.749 3.589375 0.247467
0.750 3.588369 0.246895
0.751 3.587241 0.246323
0.752 3.585895 0.245752
0.753 3.584622 0.245193
0.754 3.584256 0.244785
0.755 3.583890 0.244377
0.756 3.583530 0.243850
0.757 3.583171 0.243287
0.758 3.582271 0.242780
0.759 3.580740 0.242337
0.760 3.579315 0.241883
0.761 3.578567 0.241362
0.762 3.577819 0.240841
0.763 3.577393 0.240410
0.764 3.577050 0.240004
0.765 3.576712 0.239535
0.766 3.576381 0.238988
0.767 3.576010 0.238440
0.768 3.575089 0.237873
0.769 3.574168 0.237307
0.770 3.573311 0.236758
0.771 3.572484 0.236218
0.772 3.571729 0.235711
0.773 3.571157 0.235289
0.774 3.570585 0.234867
0.775 3.570048 0.234564
0.776 3.569517 0.234281
0.777 3.568980 0.233902
0.778 3.568437 0.233398
0.779 3.567893 0.232894
0.780 3.567353 0.232465
0.781 3.566812 0.232036
0.782 3.566294 0.231547
0.783 3.565798 0.231003
0.784 3.565303 0.230460
0.785 3.564819 0.229918
0.786 3.564336 0.229376
0.787 3.563847 0.228873
0.788 3.563356 0.228401
0.789 3.562864 0.227933
0.790 3.562375 0.227531
0.791 3.561886 0.227129
0.792 3.561414 0.226730
0.793 3.560958 0.226334
0.794 3.560502 0.225938
0.795 3.560027 0.225356
0.796 3.559551 0.224771
0.797 3.559094 0.224262
0.798 3.558662 0.223853
0.799 3.558230 0.223444
0.800 3.557809 0.223057
0.801 3.557389 0.222674
0.802 3.556966 0.222254
0.803 3.556536 0.221732
0.804 3.556106 0.221211
0.805 3.555686 0.220691
0.806 3.555271 0.220172
0.807 3.554856 0.219653
0.808 3.554445 0.219126
0.809 3.554035 0.218598
0.810 3.553623 0.218073
0.811 3.553208 0.217551
0.812 3.552794 0.217029
0.813 3.552394 0.216529
0.814 3.552000 0.216037
0.815 3.551607 0.215548
0.816 3.551230 0.215120
0.817 3.550853 0.214692
0.818 3.550476 0.214274
0.819 3.550098 0.213876
0.820 3.549721 0.213477
0.821 3.549357 0.213008
0.822 3.548999 0.212501
0.823 3.548642 0.211994
0.824 3.548280 0.211477
0.825 3.547918 0.210960
0.826 3.547554 0.210421
0.827 3.547182 0.209782
0.828 3.546810 0.209142
0.829 3.546446 0.208532
0.830 3.546094 0.207964
0.831 3.545742 0.207397
0.832 3.545382 0.206912
0.833 3.545018 0.206475
0.834 3.544654 0.206039
0.835 3.544310 0.205640
0.836 3.543971 0.205250
0.837 3.543632 0.204859
0.838 3.543310 0.204355
0.839 3.542989 0.203851
0.840 3.542669 0.203345
0.841 3.542353 0.202836
0.842 3.542038 0.202327
0.843 3.541727 0.201824
0.844 3.541429 0.201335
0.845 3.541131 0.200847
0.846 3.540833 0.200347
0.847 3.540533 0.199829
0.848 3.540233 0.199312
0.849 3.539935 0.198839
0.850 3.539638 0.198408
0.851 3.539341 0.197977
0.852 3.539045 0.197543
0.853 3.538749 0.197107
0.854 3.538454 0.196671
0.855 3.538155 0.196215
0.856 3.537855 0.195748
0.857 3.537555 0.195282
0.858 3.537274 0.194818
0.859 3.537001 0.194356
0.860 3.536729 0.193894
0.861 3.536456 0.193415
0.862 3.536183 0.192930
0.863 3.535909 0.192444
0.864 3.535634 0.191962
0.865 3.535357 0.191482
0.866 3.535080 0.191001
0.867 3.534810 0.190596
0.868 3.534544 0.190227
0.869 3.534277 0.189857
0.870 3.534018 0.189492
0.871 3.533763 0.189130
0.872 3.533507 0.188767
0.873 3.533272 0.188414
0.874 3.533053 0.188066
0.875 3.532833 0.187719
0.876 3.532610 0.187356
0.877 3.532383 0.186976
0.878 3.532156 0.186596
0.879 3.531933 0.186225
0.880 3.531718 0.185866
0.881 3.531503 0.185508
0.882 3.531287 0.185150
0.883 3.531067 0.184792
0.884 3.530846 0.184434
0.885 3.530627 0.184077
0.886 3.530414 0.183733
0.887 3.530201 0.183390
0.888 3.529988 0.183047
0.889 3.529781 0.182756
0.890 3.529574 0.182470
0.891 3.529367 0.182185
0.892 3.529159 0.181794
0.893 3.528949 0.181359
0.894 3.528739 0.180924
0.895 3.528537 0.180534
0.896 3.528341 0.180192
0.897 3.528146 0.179850
0.898 3.527955 0.179519
0.899 3.527777 0.179224
0.900 3.527600 0.178929
0.901 3.527422 0.178634
0.902 3.527258 0.178260
0.903 3.527095 0.177884
0.904 3.526931 0.177508
0.905 3.526758 0.177137
0.906 3.526579 0.176768
0.907 3.526401 0.176399
0.908 3.526227 0.176041
0.909 3.526063 0.175702
0.910 3.525899 0.175363
0.911 3.525735 0.175022
0.912 3.525583 0.174579
0.913 3.525432 0.174135
0.914 3.525280 0.173691
0.915 3.525131 0.173292
0.916 3.524984 0.172919
0.917 3.524836 0.172545
0.918 3.524690 0.172197
0.919 3.524546 0.171925
0.920 3.524402 0.171654
0.921 3.524258 0.171382
0.922 3.524137 0.171057
0.923 3.524021 0.170721
0.924 3.523905 0.170385
0.925 3.523795 0.170026
0.926 3.523694 0.169631
0.927 3.523594 0.169235
0.928 3.523493 0.168840
0.929 3.523396 0.168470
0.930 3.523300 0.168104
0.931 3.523203 0.167737
0.932 3.523107 0.167367
0.933 3.523013 0.166994
0.934 3.522919 0.166621
0.935 3.522825 0.166248
0.936 3.522763 0.165892
0.937 3.522704 0.165537
0.938 3.522645 0.165182
0.939 3.522593 0.164820
0.940 3.522552 0.164444
0.941 3.522510 0.164067
0.942 3.522469 0.163691
0.943 3.522431 0.163290
0.944 3.522393 0.162881
0.945 3.522356 0.162473
0.946 3.522319 0.162051
0.947 3.522284 0.161566
0.948 3.522249 0.161080
0.949 3.522215 0.160595
0.950 3.522193 0.160136
0.951 3.522182 0.159700
0.952 3.522171 0.159264
0.953 3.522160 0.158828
0.954 3.522159 0.158401
0.955 3.522161 0.157976
0.956 3.522162 0.157550
0.957 3.522163 0.157111
0.958 3.522168 0.156614
0.959 3.522172 0.156117
0.960 3.522176 0.155621
0.961 3.522181 0.155096
0.962 3.522188 0.154540
0.963 3.522194 0.153984
0.964 3.522201 0.153429
0.965 3.522211 0.152861
0.966 3.522224 0.152290
0.967 3.522236 0.151718
0.968 3.522248 0.151147
0.969 3.522264 0.150655
0.970 3.522280 0.150165
0.971 3.522296 0.149676
0.972 3.522312 0.149180
0.973 3.522331 0.148652
0.974 3.522350 0.148124
0.975 3.522369 0.147596
0.976 3.522388 0.147062
0.977 3.522409 0.146517
0.978 3.522431 0.145972
0.979 3.522452 0.145427
0.980 3.522459 0.144801
0.981 3.522450 0.144081
0.982 3.522440 0.143362
0.983 3.522431 0.142642
0.984 3.522415 0.141937
0.985 3.522395 0.141244
0.986 3.522375 0.140550
0.987 3.522355 0.139857
0.988 3.522337 0.139133
0.989 3.522319 0.138392
0.990 3.522301 0.137651
0.991 3.522283 0.136910
0.992 3.522268 0.136191
0.993 3.522253 0.135482
0.994 3.522239 0.134773
0.995 3.522224 0.134064
0.996 3.522151 0.133322
0.997 3.522053 0.132566
0.998 3.521954 0.131809
0.999 3.521855 0.131052
1.000 3.521737 0.130315
1.001 3.521608 0.129586
1.002 3.521480 0.128858
1.003 3.521351 0.128129
1.004 3.521224 0.127410
1.005 3.521098 0.126696
1.006 3.520971 0.125982
1.007 3.520845 0.125268
1.008 3.520721 0.124511
1.009 3.520598 0.123716
1.010 3.520476 0.122921
1.011 3.520353 0.122125
1.012 3.520196 0.121366
1.013 3.519988 0.120658
1.014 3.519780 0.119950
1.015 3.519572 0.119242
1.016 3.519357 0.118519
1.017 3.519121 0.117757
1.018 3.518885 0.116994
1.019 3.518649 0.116231
1.020 3.518413 0.115475
1.021 3.518181 0.114807
1.022 3.517949 0.114139
1.023 3.517716 0.113471
1.024 3.517484 0.112804
1.025 3.517256 0.112086
1.026 3.517029 0.111360
1.027 3.516802 0.110633
1.028 3.516575 0.109907
1.029 3.516329 0.109220
1.030 3.516071 0.108560
1.031 3.515813 0.107900
1.032 3.515554 0.107240
1.033 3.515294 0.106602
1.034 3.515029 0.106017
1.035 3.514764 0.105431
1.036 3.514499 0.104846
1.037 3.514235 0.104260
1.038 3.513976 0.103609
1.039 3.513718 0.102956
1.040 3.513459 0.102303
1.041 3.513201 0.101650
1.042 3.512948 0.101023
1.043 3.512698 0.100414
1.044 3.512448 0.099805
1.045 3.512197 0.099196
1.046 3.511958 0.098578
1.047 3.511764 0.097925
1.048 3.511569 0.097272
1.049 3.511375 0.096620
1.050 3.511180 0.095967
1.051 3.511005 0.095370
1.052 3.510837 0.094791
1.053 3.510668 0.094211
1.054 3.510500 0.093632
1.055 3.510335 0.093068
1.056 3.510181 0.092544
1.057 3.510026 0.092020
1.058 3.509871 0.091495
1.059 3.509717 0.090971
1.060 3.509575 0.090439
1.061 3.509437 0.089904
1.062 3.509299 0.089369
1.063 3.509162 0.088834
1.064 3.509076 0.088288
1.065 3.509191 0.087699
1.066 3.509307 0.087111
1.067 3.509422 0.086523
1.068 3.509538 0.085935
1.069 3.509715 0.085323
1.070 3.509931 0.084696
1.071 3.510148 0.084069
1.072 3.510364 0.083442
1.073 3.510581 0.082815
1.074 3.510839 0.082177
1.075 3.511098 0.081539
1.076 3.511358 0.080900
1.077 3.511617 0.080262
1.078 3.511893 0.079620
1.079 3.512209 0.078968
1.080 3.512525 0.078316
1.081 3.512841 0.077664
1.082 3.513157 0.077012
1.083 3.513567 0.076001
1.084 3.514045 0.074737
1.085 3.514523 0.073473
1.086 3.515001 0.072208
1.087 3.515479 0.070944
1.088 3.516042 0.069444
1.089 3.516623 0.067895
1.090 3.517204 0.066347
1.091 3.517785 0.064798
1.092 3.518367 0.063251
1.093 3.518998 0.061749
1.094 3.519629 0.060248
1.095 3.520260 0.058746
1.096 3.520891 0.057244
1.097 3.521518 0.055730
1.098 3.522129 0.054156
1.099 3.522740 0.052583
1.100 3.523351 0.051010
1.101 3.523962 0.049437
1.102 3.524124 0.047779
1.103 3.523241 0.045924
1.104 3.522359 0.044068
1.105 3.521476 0.042213
1.106 3.520593 0.040357
1.107 3.519710 0.038502
1.108 3.518828 0.036647
1.109 3.517945 0.034791
1.110 3.517061 0.032936
1.111 3.515887 0.031062
1.112 3.514714 0.029189
1.113 3.513540 0.027316
1.114 3.512366 0.025443
1.115 3.511193 0.023570
1.116 3.510019 0.021697
1.117 3.508845 0.019823
1.118 3.507672 0.017950
1.119 3.506325 0.016722
1.120 3.504853 0.015958
1.121 3.503382 0.015193
1.122 3.501910 0.014429
1.123 3.500439 0.013664
1.124 3.498967 0.012900
1.125 3.497495 0.012135
1.126 3.496024 0.011371
1.127 3.494549 0.010611
1.128 3.492963 0.010020
1.129 3.491377 0.009428
1.130 3.489792 0.008836
1.131 3.488206 0.008245
1.132 3.486620 0.007653
1.133 3.485035 0.007061
1.134 3.483449 0.006470
1.135 3.481863 0.005878
1.136 3.480387 0.005400
1.137 3.479117 0.005133
1.138 3.477847 0.004867
1.139 3.476577 0.004601
1.140 3.475307 0.004334
1.141 3.474037 0.004068
1.142 3.472767 0.003802
1.143 3.471497 0.003536
1.144 3.470227 0.003269
1.145 3.468976 0.003073
1.146 3.467741 0.002939
1.147 3.466505 0.002805
1.148 3.465270 0.002671
1.149 3.464035 0.002537
1.150 3.462800 0.002402
1.151 3.461564 0.002268
1.152 3.460329 0.002134
1.153 3.459094 0.002000
1.154 3.457961 0.001892
1.155 3.456904 0.001804
1.156 3.455847 0.001715
1.157 3.454790 0.001627
1.158 3.453734 0.001538
1.159 3.452677 0.001450
1.160 3.451620 0.001361
1.161 3.450563 0.001273
1.162 3.449506 0.001184
1.163 3.448488 0.001125
1.164 3.447512 0.001098
1.165 3.446536 0.001071
1.166 3.445560 0.001044
1.167 3.444585 0.001017
1.168 3.443609 0.000990
1.169 3.442633 0.000963
1.170 3.441658 0.000936
1.171 3.440682 0.000909
1.172 3.439739 0.000880
1.173 3.438899 0.000845
1.174 3.438060 0.000811
1.175 3.437220 0.000777
1.176 3.436381 0.000743
1.177 3.435541 0.000708
1.178 3.434702 0.000674
1.179 3.433863 0.000640
1.180 3.433023 0.000605
1.181 3.432184 0.000571
1.182 3.431404 0.000555
1.183 3.430636 0.000543
1.184 3.429867 0.000530
1.185 3.429099 0.000518
1.186 3.428330 0.000505
1.187 3.427561 0.000493
1.188 3.426793 0.000481
1.189 3.426024 0.000468
1.190 3.425256 0.000456
1.191 3.424516 0.000446
1.192 3.423840 0.000443
1.193 3.423164 0.000440
1.194 3.422489 0.000437
1.195 3.421813 0.000434
1.196 3.421137 0.000431
1.197 3.420462 0.000428
1.198 3.419786 0.000425
1.199 3.419110 0.000422
1.200 3.418435 0.000419
1.201 3.417787 0.000410
1.202 3.417157 0.000398
1.203 3.416527 0.000385
1.204 3.415897 0.000373
1.205 3.415267 0.000360
1.206 3.414636 0.000348
1.207 3.414006 0.000335
1.208 3.413376 0.000323
1.209 3.412746 0.000310
1.210 3.412116 0.000298
1.211 3.411523 0.000288
1.212 3.410942 0.000279
1.213 3.410362 0.000271
1.214 3.409781 0.000262
1.215 3.409200 0.000253
1.216 3.408619 0.000245
1.217 3.408038 0.000236
1.218 3.407457 0.000227
1.219 3.406876 0.000219
1.220 3.406296 0.000210
1.221 3.405730 0.000201
1.222 3.405171 0.000193
1.223 3.404612 0.000184
1.224 3.404052 0.000176
1.225 3.403493 0.000167
1.226 3.402933 0.000159
1.227 3.402374 0.000150
1.228 3.401814 0.000142
1.229 3.401255 0.000133
1.230 3.400695 0.000125
1.231 3.400152 0.000117
1.232 3.399623 0.000108
1.233 3.399094 0.000100
1.234 3.398564 0.000092
1.235 3.398035 0.000084
1.236 3.397505 0.000076
1.237 3.396976 0.000067
1.238 3.396447 0.000059
1.239 3.395917 0.000051
1.240 3.395388 0.000043
1.241 3.394862 0.000035
1.242 3.394354 0.000032
1.243 3.393845 0.000029
1.244 3.393337 0.000025
1.245 3.392829 0.000022
1.246 3.392320 0.000018
1.247 3.391812 0.000015
1.248 3.391303 0.000011
1.249 3.390795 0.000008
1.250 3.390286 0.000005
1.251 3.389778 0.000001
1.252 3.389285 0.000000
1.253 3.388800 0.000000
1.254 3.388314 0.000000
1.255 3.387829 0.000000
1.256 3.387344 0.000000
1.257 3.386859 0.000000
1.258 3.386374 0.000000
1.259 3.385888 0.000000
1.260 3.385403 0.000000
1.261 3.384918 0.000000
1.262 3.384433 0.000000
1.263 3.383964 0.000000
1.264 3.383497 0.000000
1.265 3.383030 0.000000
1.266 3.382563 0.000000
1.267 3.382095 0.000000
1.268 3.381628 0.000000
1.269 3.381161 0.000000
1.270 3.380693 0.000000
1.271 3.380226 0.000000
1.272 3.379759 0.000000
1.273 3.379292 0.000000
1.274 3.378840 0.000000
1.275 3.378388 0.000000
1.276 3.377936 0.000000
1.277 3.377484 0.000000
1.278 3.377033 0.000000
1.279 3.376581 0.000000
1.280 3.376129 0.000000
1.281 3.375677 0.000000
1.282 3.375225 0.000000
1.283 3.374773 0.000000
1.284 3.374321 0.000000
1.285 3.373888 0.000000
1.286 3.373455 0.000000
1.287 3.373022 0.000000
1.288 3.372589 0.000000
1.289 3.372157 0.000000
1.290 3.371724 0.000000
1.291 3.371291 0.000000
1.292 3.370858 0.000000
1.293 3.370426 0.000000
1.294 3.369993 0.000000
1.295 3.369560 0.000000
1.296 3.369136 0.000000
1.297 3.368716 0.000000
1.298 3.368296 0.000000
1.299 3.367876 0.000000
1.300 3.367457 0.000000
1.301 3.367037 0.000000
1.302 3.366617 0.000000
1.303 3.366197 0.000000
1.304 3.365777 0.000000
1.305 3.365357 0.000000
1.306 3.364937 0.000000
1.307 3.364521 0.000000
1.308 3.364118 0.000000
1.309 3.363716 0.000000
1.310 3.363313 0.000000
1.311 3.362911 0.000000
1.312 3.362508 0.000000
1.313 3.362105 0.000000
1.314 3.361703 0.000000
1.315 3.361300 0.000000
1.316 3.360898 0.000000
1.317 3.360495 0.000000
1.318 3.360093 0.000000
1.319 3.359695 0.000000
1.320 3.359301 0.000000
1.321 3.358908 0.000000
1.322 3.358515 0.000000
1.323 3.358121 0.000000
1.324 3.357728 0.000000
1.325 3.357335 0.000000
1.326 3.356941 0.000000
1.327 3.356548 0.000000
1.328 3.356155 0.000000
1.329 3.355761 0.000000
1.330 3.355368 0.000000
1.331 3.354987 0.000000
1.332 3.354615 0.000000
1.333 3.354243 0.000000
1.334 3.353871 0.000000
1.335 3.353499 0.000000
1.336 3.353127 0.000000
1.337 3.352754 0.000000
1.338 3.352382 0.000000
1.339 3.352010 0.000000
1.340 3.351638 0.000000
1.341 3.351266 0.000000
1.342 3.350894 0.000000
1.343 3.350526 0.000000
1.344 3.350162 0.000000
1.345 3.349798 0.000000
1.346 3.349435 0.000000
1.347 3.349071 0.000000
1.348 3.348707 0.000000
1.349 3.348344 0.000000
1.350 3.347980 0.000000
1.351 3.347616 0.000000
1.352 3.347253 0.000000
1.353 3.346889 0.000000
1.354 3.346525 0.000000
1.355 3.346164 0.000000
1.356 3.345815 0.000000
1.357 3.345467 0.000000
1.358 3.345119 0.000000
1.359 3.344770 0.000000
1.360 3.344422 0.000000
1.361 3.344074 0.000000
1.362 3.343725 0.000000
1.363 3.343377 0.000000
1.364 3.343029 0.000000
1.365 3.342680 0.000000
1.366 3.342332 0.000000
1.367 3.341983 0.000000
1.368 3.341638 0.000000
1.369 3.341295 0.000000
1.370 3.340951 0.000000
1.371 3.340608 0.000000
1.372 3.340265 0.000000
1.373 3.339922 0.000000
1.374 3.339578 0.000000
1.375 3.339235 0.000000
1.376 3.338892 0.000000
1.377 3.338549 0.000000
1.378 3.338205 0.000000
1.379 3.337862 0.000000
1.380 3.337519 0.000000
1.381 3.337188 0.000000
1.382 3.336860 0.000000
1.383 3.336533 0.000000
1.384 3.336205 0.000000
1.385 3.335878 0.000000
1.386 3.335550 0.000000
1.387 3.335223 0.000000
1.388 3.334895 0.000000
1.389 3.334568 0.000000
1.390 3.334240 0.000000
1.391 3.333913 0.000000
1.392 3.333585 0.000000
1.393 3.333258 0.000000
1.394 3.332933 0.000000
1.395 3.332610 0.000000
1.396 3.332287 0.000000
1.397 3.331964 0.000000
1.398 3.331641 0.000000
1.399 3.331318 0.000000
1.400 3.330995 0.000000
1.401 3.330672 0.000000
1.402 3.330349 0.000000
1.403 3.330026 0.000000
1.404 3.329703 0.000000
1.405 3.329380 0.000000
1.406 3.329057 0.000000
1.407 3.328740 0.000000
1.408 3.328432 0.000000
1.409 3.328124 0.000000
1.410 3.327816 0.000000
1.411 3.327508 0.000000
1.412 3.327200 0.000000
1.413 3.326892 0.000000
1.414 3.326584 0.000000
1.415 3.326276 0.000000
1.416 3.325968 0.000000
1.417 3.325660 0.000000
1.418 3.325352 0.000000
1.419 3.325044 0.000000
1.420 3.324736 0.000000
1.421 3.324432 0.000000
1.422 3.324129 0.000000
1.423 3.323826 0.000000
1.424 3.323524 0.000000
1.425 3.323221 0.000000
1.426 3.322918 0.000000
1.427 3.322615 0.000000
1.428 3.322312 0.000000
1.429 3.322009 0.000000
1.430 3.321706 0.000000
1.431 3.321404 0.000000
1.432 3.321101 0.000000
1.433 3.320798 0.000000
1.434 3.320496 0.000000
1.435 3.320210 0.000000
1.436 3.319924 0.000000
1.437 3.319638 0.000000
1.438 3.319351 0.000000
1.439 3.319065 0.000000
1.440 3.318779 0.000000
1.441 3.318493 0.000000
1.442 3.318207 0.000000
1.443 3.317921 0.000000
1.444 3.317635 0.000000
1.445 3.317348 0.000000
1.446 3.317062 0.000000
1.447 3.316776 0.000000
1.448 3.316490 0.000000
1.449 3.316209 0.000000
1.450 3.315927 0.000000
1.451 3.315646 0.000000
1.452 3.315365 0.000000
1.453 3.315084 0.000000
1.454 3.314803 0.000000
1.455 3.314521 0.000000
1.456 3.314240 0.000000
1.457 3.313959 0.000000
1.458 3.313678 0.000000
1.459 3.313397 0.000000
1.460 3.313115 0.000000
1.461 3.312834 0.000000
1.462 3.312553 0.000000
1.463 3.312277 0.000000
1.464 3.312006 0.000000
1.465 3.311734 0.000000
1.466 3.311463 0.000000
1.467 3.311191 0.000000
1.468 3.310920 0.000000
1.469 3.310648 0.000000
1.470 3.310377 0.000000
1.471 3.310105 0.000000
1.472 3.309834 0.000000
1.473 3.309562 0.000000
1.474 3.309291 0.000000
1.475 3.309019 0.000000
1.476 3.308748 0.000000
1.477 3.308476 0.000000
1.478 3.308210 0.000000
1.479 3.307944 0.000000
1.480 3.307678 0.000000
1.481 3.307412 0.000000
1.482 3.307146 0.000000
1.483 3.306880 0.000000
1.484 3.306614 0.000000
1.485 3.306348 0.000000
1.486 3.306082 0.000000
1.487 3.305816 0.000000
1.488 3.305550 0.000000
1.489 3.305284 0.000000
1.490 3.305018 0.000000
1.491 3.304752 0.000000
1.492 3.304486 0.000000
1.493 3.304231 0.000000
1.494 3.303977 0.000000
1.495 3.303722 0.000000
1.496 3.303468 0.000000
1.497 3.303213 0.000000
1.498 3.302959 0.000000
1.499 3.302704 0.000000
1.500 3.302450 0.000000
1.501 3.302195 0.000000
1.502 3.301940 0.000000
1.503 3.301686 0.000000
1.504 3.301431 0.000000
1.505 3.301177 0.000000
1.506 3.300922 0.000000
1.507 3.300668 0.000000
1.508 3.300418 0.000000
1.509 3.300169 0.000000
1.510 3.299921 0.000000
1.511 3.299672 0.000000
1.512 3.299424 0.000000
1.513 3.299175 0.000000
1.514 3.298927 0.000000
1.515 3.298678 0.000000
1.516 3.298430 0.000000
1.517 3.298181 0.000000
1.518 3.297933 0.000000
1.519 3.297684 0.000000
1.520 3.297436 0.000000
1.521 3.297187 0.000000
1.522 3.296938 0.000000
1.523 3.296692 0.000000
1.524 3.296454 0.000000
1.525 3.296215 0.000000
1.526 3.295977 0.000000
1.527 3.295739 0.000000
1.528 3.295501 0.000000
1.529 3.295263 0.000000
1.530 3.295025 0.000000
1.531 3.294787 0.000000
1.532 3.294549 0.000000
1.533 3.294310 0.000000
1.534 3.294072 0.000000
1.535 3.293834 0.000000
1.536 3.293596 0.000000
1.537 3.293358 0.000000
1.538 3.293120 0.000000
1.539 3.292883 0.000000
1.540 3.292650 0.000000
1.541 3.292417 0.000000
1.542 3.292185 0.000000
1.543 3.291952 0.000000
1.544 3.291719 0.000000
1.545 3.291486 0.000000
1.546 3.291253 0.000000
1.547 3.291020 0.000000
1.548 3.290788 0.000000
1.549 3.290555 0.000000
1.550 3.290322 0.000000
1.551 3.290089 0.000000
1.552 3.289856 0.000000
1.553 3.289623 0.000000
1.554 3.289391 0.000000
1.555 3.289158 0.000000
1.556 3.288933 0.000000
1.557 3.288707 0.000000
1.558 3.288482 0.000000
1.559 3.288256 0.000000
1.560 3.288031 0.000000
1.561 3.287805 0.000000
1.562 3.287580 0.000000
1.563 3.287354 0.000000
1.564 3.287129 0.000000
1.565 3.286904 0.000000
1.566 3.286678 0.000000
1.567 3.286453 0.000000
1.568 3.286227 0.000000
1.569 3.286002 0.000000
1.570 3.285776 0.000000
1.571 3.285551 0.000000
1.572 3.285329 0.000000
1.573 3.285110 0.000000
1.574 3.284891 0.000000
1.575 3.284672 0.000000
1.576 3.284453 0.000000
1.577 3.284235 0.000000
1.578 3.284016 0.000000
1.579 3.283797 0.000000
1.580 3.283578 0.000000
1.581 3.283359 0.000000
1.582 3.283141 0.000000
1.583 3.282922 0.000000
1.584 3.282703 0.000000
1.585 3.282484 0.000000
1.586 3.282265 0.000000
1.587 3.282047 0.000000
1.588 3.281828 0.000000
1.589 3.281613 0.000000
1.590 3.281403 0.000000
1.591 3.281193 0.000000
1.592 3.280982 0.000000
1.593 3.280772 0.000000
1.594 3.280562 0.000000
1.595 3.280351 0.000000
1.596 3.280141 0.000000
1.597 3.279931 0.000000
1.598 3.279720 0.000000
1.599 3.279510 0.000000
1.600 3.279300 0.000000
1.601 3.279090 0.000000
1.602 3.278879 0.000000
1.603 3.278669 0.000000
1.604 3.278459 0.000000
1.605 3.278248 0.000000
1.606 3.278039 0.000000
1.607 3.277834 0.000000
1.608 3.277630 0.000000
1.609 3.277425 0.000000
1.610 3.277220 0.000000
1.611 3.277016 0.000000
1.612 3.276811 0.000000
1.613 3.276606 0.000000
1.614 3.276402 0.000000
1.615 3.276197 0.000000
1.616 3.275992 0.000000
1.617 3.275788 0.000000
1.618 3.275583 0.000000
1.619 3.275378 0.000000
1.620 3.275173 0.000000
1.621 3.274969 0.000000
1.622 3.274764 0.000000
1.623 3.274559 0.000000
1.624 3.274358 0.000000
1.625 3.274159 0.000000
1.626 3.273960 0.000000
1.627 3.273762 0.000000
1.628 3.273563 0.000000
1.629 3.273364 0.000000
1.630 3.273165 0.000000
1.631 3.272967 0.000000
1.632 3.272768 0.000000
1.633 3.272569 0.000000
1.634 3.272370 0.000000
1.635 3.272172 0.000000
1.636 3.271973 0.000000
1.637 3.271774 0.000000
1.638 3.271575 0.000000
1.639 3.271377 0.000000
1.640 3.271178 0.000000
1.641 3.270979 0.000000
1.642 3.270783 0.000000
1.643 3.270590 0.000000
1.644 3.270397 0.000000
1.645 3.270205 0.000000
1.646 3.270012 0.000000
1.647 3.269819 0.000000
1.648 3.269626 0.000000
1.649 3.269433 0.000000
1.650 3.269240 0.000000
1.651 3.269048 0.000000
1.652 3.268855 0.000000
1.653 3.268662 0.000000
1.654 3.268469 0.000000
1.655 3.268276 0.000000
1.656 3.268083 0.000000
1.657 3.267891 0.000000
1.658 3.267698 0.000000
1.659 3.267505 0.000000
1.660 3.267312 0.000000
1.661 3.267124 0.000000
1.662 3.266937 0.000000
1.663 3.266749 0.000000
1.664 3.266562 0.000000
1.665 3.266374 0.000000
1.666 3.266186 0.000000
1.667 3.265999 0.000000
1.668 3.265811 0.000000
1.669 3.265624 0.000000
1.670 3.265436 0.000000
1.671 3.265248 0.000000
1.672 3.265061 0.000000
1.673 3.264873 0.000000
1.674 3.264686 0.000000
1.675 3.264498 0.000000
1.676 3.264311 0.000000
1.677 3.264123 0.000000
1.678 3.263935 0.000000
1.679 3.263748 0.000000
1.680 3.263567 0.000000
1.681 3.263385 0.000000
1.682 3.263204 0.000000
1.683 3.263022 0.000000
1.684 3.262841 0.000000
1.685 3.262660 0.000000
1.686 3.262478 0.000000
1.687 3.262297 0.000000
1.688 3.262115 0.000000
1.689 3.261934 0.000000
1.690 3.261753 0.000000
1.691 3.261571 0.000000
1.692 3.261390 0.000000
1.693 3.261208 0.000000
1.694 3.261027 0.000000
1.695 3.260846 0.000000
1.696 3.260664 0.000000
1.697 3.260483 0.000000
1.698 3.260301 0.000000
1.699 3.260123 0.000000
1.700 3.259946 0.000000
1.701 3.259769 0.000000
1.702 3.259593 0.000000
1.703 3.259416 0.000000
1.704 3.259239 0.000000
1.705 3.259062 0.000000
1.706 3.258885 0.000000
1.707 3.258709 0.000000
1.708 3.258532 0.000000
1.709 3.258355 0.000000
1.710 3.258178 0.000000
1.711 3.258001 0.000000
1.712 3.257824 0.000000
1.713 3.257648 0.000000
1.714 3.257471 0.000000
1.715 3.257294 0.000000
1.716 3.257117 0.000000
1.717 3.256940 0.000000
1.718 3.256763 0.000000
1.719 3.256594 0.000000
1.720 3.256425 0.000000
1.721 3.256257 0.000000
1.722 3.256088 0.000000
1.723 3.255919 0.000000
1.724 3.255751 0.000000
1.725 3.255582 0.000000
1.726 3.255413 0.000000
1.727 3.255244 0.000000
1.728 3.255076 0.000000
1.729 3.254907 0.000000
1.730 3.254738 0.000000
1.731 3.254570 0.000000
1.732 3.254401 0.000000
1.733 3.254232 0.000000
1.734 3.254064 0.000000
1.735 3.253895 0.000000
1.736 3.253726 0.000000
1.737 3.253557 0.000000
1.738 3.253389 0.000000
1.739 3.253223 0.000000
1.740 3.253059 0.000000
1.741 3.252895 0.000000
1.742 3.252731 0.000000
1.743 3.252567 0.000000
1.744 3.252403 0.000000
1.745 3.252239 0.000000
1.746 3.252076 0.000000
1.747 3.251912 0.000000
1.748 3.251748 0.000000
1.749 3.251584 0.000000
1.750 3.251420 0.000000
1.751 3.251256 0.000000
1.752 3.251092 0.000000
1.753 3.250928 0.000000
1.754 3.250764 0.000000
1.755 3.250600 0.000000
1.756 3.250436 0.000000
1.757 3.250272 0.000000
1.758 3.250108 0.000000
1.759 3.249944 0.000000
1.760 3.249785 0.000000
1.761 3.249625 0.000000
1.762 3.249466 0.000000
1.763 3.249307 0.000000
1.764 3.249147 0.000000
1.765 3.248988 0.000000
1.766 3.248829 0.000000
1.767 3.248669 0.000000
1.768 3.248510 0.000000
1.769 3.248351 0.000000
1.770 3.248191 0.000000
1.771 3.248032 0.000000
1.772 3.247873 0.000000
1.773 3.247714 0.000000
1.774 3.247554 0.000000
1.775 3.247395 0.000000
1.776 3.247236 0.000000
1.777 3.247076 0.000000
1.778 3.246917 0.000000
1.779 3.246758 0.000000
1.780 3.246598 0.000000
1.781 3.246441 0.000000
1.782 3.246284 0.000000
1.783 3.246128 0.000000
1.784 3.245972 0.000000
1.785 3.245815 0.000000
1.786 3.245659 0.000000
1.787 3.245502 0.000000
1.788 3.245346 0.000000
1.789 3.245189 0.000000
1.790 3.245033 0.000000
1.791 3.244876 0.000000
1.792 3.244720 0.000000
1.793 3.244563 0.000000
1.794 3.244407 0.000000
1.795 3.244250 0.000000
1.796 3.244094 0.000000
1.797 3.243937 0.000000
1.798 3.243781 0.000000
1.799 3.243624 0.000000
1.800 3.243468 0.000000
1.801 3.243311 0.000000
1.802 3.243155 0.000000
1.803 3.243006 0.000000
1.804 3.242858 0.000000
1.805 3.242710 0.000000
1.806 3.242562 0.000000
1.807 3.242414 0.000000
1.808 3.242266 0.000000
1.809 3.242117 0.000000
1.810 3.241969 0.000000
1.811 3.241821 0.000000
1.812 3.241673 0.000000
1.813 3.241525 0.000000
1.814 3.241377 0.000000
1.815 3.241229 0.000000
1.816 3.241081 0.000000
1.817 3.240933 0.000000
1.818 3.240785 0.000000
1.819 3.240637 0.000000
1.820 3.240489 0.000000
1.821 3.240340 0.000000
1.822 3.240192 0.000000
1.823 3.240044 0.000000
1.824 3.239896 0.000000
1.825 3.239750 0.000000
1.826 3.239605 0.000000
1.827 3.239460 0.000000
1.828 3.239316 0.000000
1.829 3.239171 0.000000
1.830 3.239026 0.000000
1.831 3.238881 0.000000
1.832 3.238736 0.000000
1.833 3.238592 0.000000
1.834 3.238447 0.000000
1.835 3.238302 0.000000
1.836 3.238157 0.000000
1.837 3.238012 0.000000
1.838 3.237867 0.000000
1.839 3.237723 0.000000
1.840 3.237578 0.000000
1.841 3.237433 0.000000
1.842 3.237288 0.000000
1.843 3.237143 0.000000
1.844 3.236999 0.000000
1.845 3.236854 0.000000
1.846 3.236709 0.000000
1.847 3.236564 0.000000
1.848 3.236424 0.000000
1.849 3.236285 0.000000
1.850 3.236147 0.000000
1.851 3.236008 0.000000
1.852 3.235870 0.000000
1.853 3.235731 0.000000
1.854 3.235593 0.000000
1.855 3.235454 0.000000
1.856 3.235316 0.000000
1.857 3.235177 0.000000
1.858 3.235039 0.000000
1.859 3.234900 0.000000
1.860 3.234761 0.000000
1.861 3.234623 0.000000
1.862 3.234484 0.000000
1.863 3.234346 0.000000
1.864 3.234207 0.000000
1.865 3.234069 0.000000
1.866 3.233930 0.000000
1.867 3.233792 0.000000
1.868 3.233653 0.000000
1.869 3.233515 0.000000
1.870 3.233376 0.000000
1.871 3.233238 0.000000
1.872 3.233102 0.000000
1.873 3.232966 0.000000
1.874 3.232830 0.000000
1.875 3.232694 0.000000
1.876 3.232558 0.000000
1.877 3.232422 0.000000
1.878 3.232286 0.000000
1.879 3.232150 0.000000
1.880 3.232014 0.000000
1.881 3.231878 0.000000
1.882 3.231742 0.000000
1.883 3.231606 0.000000
1.884 3.231470 0.000000
1.885 3.231334 0.000000
1.886 3.231198 0.000000
1.887 3.231062 0.000000
1.888 3.230926 0.000000
1.889 3.230790 0.000000
1.890 3.230654 0.000000
1.891 3.230518 0.000000
1.892 3.230382 0.000000
1.893 3.230246 0.000000
1.894 3.230110 0.000000
1.895 3.229975 0.000000
1.896 3.229846 0.000000
1.897 3.229716 0.000000
1.898 3.229586 0.000000
1.899 3.229456 0.000000
1.900 3.229327 0.000000
1.901 3.229197 0.000000
1.902 3.229067 0.000000
1.903 3.228937 0.000000
1.904 3.228808 0.000000
1.905 3.228678 0.000000
1.906 3.228548 0.000000
1.907 3.228418 0.000000
1.908 3.228289 0.000000
1.909 3.228159 0.000000
1.910 3.228029 0.000000
1.911 3.227899 0.000000
1.912 3.227770 0.000000
1.913 3.227640 0.000000
1.914 3.227510 0.000000
1.915 3.227380 0.000000
1.916 3.227251 0.000000
1.917 3.227121 0.000000
1.918 3.226991 0.000000
1.919 3.226861 0.000000
1.920 3.226733 0.000000
1.921 3.226606 0.000000
1.922 3.226479 0.000000
1.923 3.226351 0.000000
1.924 3.226224 0.000000
1.925 3.226097 0.000000
1.926 3.225970 0.000000
1.927 3.225843 0.000000
1.928 3.225716 0.000000
1.929 3.225589 0.000000
1.930 3.225461 0.000000
1.931 3.225334 0.000000
1.932 3.225207 0.000000
1.933 3.225080 0.000000
1.934 3.224953 0.000000
1.935 3.224826 0.000000
1.936 3.224698 0.000000
1.937 3.224571 0.000000
1.938 3.224444 0.000000
1.939 3.224317 0.000000
1.940 3.224190 0.000000
1.941 3.224063 0.000000
1.942 3.223935 0.000000
1.943 3.223808 0.000000
1.944 3.223681 0.000000
1.945 3.223555 0.000000
1.946 3.223434 0.000000
1.947 3.223313 0.000000
1.948 3.223192 0.000000
1.949 3.223070 0.000000
1.950 3.222949 0.000000