0.251 1.897126 3.205490
0.252 1.936687 3.224627
0.253 1.975741 3.237596
0.254 2.022312 3.258342
0.255 2.060449 3.271000
0.256 2.104108 3.283731
0.257 2.147496 3.296522
0.258 2.191729 3.309352
0.259 2.237726 3.322016
0.260 2.287880 3.334282
0.261 2.340707 3.346006
0.262 2.386918 3.351853
0.263 2.441299 3.358058
0.264 2.495784 3.359144
0.265 2.554154 3.356618
0.266 2.612367 3.352538
0.267 2.665677 3.342666
0.268 2.720591 3.331535
0.269 2.777329 3.318746
0.270 2.830804 3.297118
0.271 2.882605 3.274808
0.272 2.933999 3.254003
0.273 2.980686 3.225936
0.274 3.029419 3.198046
0.275 3.071810 3.170476
0.276 3.111224 3.135876
0.277 3.149157 3.105037
0.278 3.186075 3.067743
0.279 3.222080 3.037514
0.280 3.255746 3.001057
0.281 3.283440 2.960418
0.282 3.309204 2.923001
0.283 3.336927 2.889325
0.284 3.357741 2.848677
0.285 3.378363 2.810320
0.286 3.398814 2.774628
0.287 3.413183 2.737607
0.288 3.429229 2.699399
0.289 3.443443 2.663525
0.290 3.453772 2.630332
0.291 3.461968 2.589891
0.292 3.470178 2.557644
0.293 3.478362 2.523108
0.294 3.478668 2.487588
0.295 3.482212 2.460353
0.296 3.486341 2.425972
0.297 3.487705 2.398950
0.298 3.488452 2.365691
0.299 3.485340 2.338731
0.300 3.482312 2.313039
0.301 3.479355 2.287569
0.302 3.476486 2.262349
0.303 3.473738 2.238993
0.304 3.466427 2.220743
0.305 3.460428 2.197202
0.306 3.454580 2.179906
0.307 3.447420 2.156045
0.308 3.443043 2.139664
0.309 3.434763 2.121159
0.310 3.431440 2.107664
0.311 3.422425 2.088521
0.312 3.413768 2.076405
0.313 3.408391 2.064395
0.314 3.400442 2.052496
0.315 3.398513 2.040729
0.316 3.388859 2.029041
0.317 3.381616 2.017442
0.318 3.376278 2.005936
0.319 3.367924 1.994516
0.320 3.359964 1.989669
0.321 3.355255 1.979976
0.322 3.347578 1.972902
0.323 3.345895 1.965710
0.324 3.336979 1.956318
0.325 3.331426 1.951762
0.326 3.326612 1.947663
0.327 3.323492 1.940071
0.328 3.316400 1.935296
0.329 3.314823 1.931521
0.330 3.306728 1.929672
0.331 3.305506 1.923393
0.332 3.298058 1.923382
0.333 3.295745 1.915353
0.334 3.291477 1.915401
0.335 3.286169 1.915462
0.336 3.285439 1.907653
0.337 3.282071 1.907577
0.338 3.276044 1.907690
0.339 3.275429 1.907824
0.340 3.274836 1.907967
0.341 3.274264 1.908119
0.342 3.267617 1.902182
0.343 3.265170 1.900428
0.344 3.264684 1.900627
0.345 3.264219 1.900839
0.346 3.263782 1.901067
0.347 3.263366 1.901307
0.348 3.262982 1.901565
0.349 3.262609 1.901829
0.350 3.262252 1.902102
0.351 3.261932 1.902400
0.352 3.261631 1.902710
0.353 3.261344 1.903028
0.354 3.261074 1.910110
0.355 3.260817 1.911733
0.356 3.260598 1.912096
0.357 3.260387 1.912464
0.358 3.260189 1.912841
0.359 3.260924 1.913243
0.360 3.267915 1.913662
0.361 3.267782 1.917495
0.362 3.267662 1.922563
0.363 3.268236 1.923007
0.364 3.274749 1.923472
0.365 3.275460 1.923951
0.366 3.275413 1.924442
0.367 3.275633 1.930019
0.368 3.281751 1.933507
0.369 3.283434 1.934034
0.370 3.285384 1.934565
0.371 3.291493 1.938612
0.372 3.291609 1.943728
0.373 3.298066 1.944305
0.374 3.299831 1.944894
0.375 3.301828 1.947376
0.376 3.308134 1.954156
0.377 3.308291 1.954783
0.378 3.313573 1.955591
0.379 3.316702 1.962673
0.380 3.323985 1.964777
0.381 3.325193 1.965446
0.382 3.327833 1.968520
0.383 3.333764 1.974871
0.384 3.338907 1.975581
0.385 3.342407 1.976294
0.386 3.349078 1.983358
0.387 3.352276 1.985810
0.388 3.359562 1.987986
0.389 3.362833 1.995009
0.390 3.372026 1.996125
0.391 3.377053 2.001416
0.392 3.383063 2.005728
0.393 3.386211 2.006871
0.394 3.394096 2.013954
0.395 3.403637 2.016856
0.396 3.410925 2.024426
0.397 3.414672 2.025874
0.398 3.424212 2.030165
0.399 3.433759 2.035600
0.400 3.438280 2.041478
0.401 3.444798 2.045383
0.402 3.454357 2.052627
0.403 3.463910 2.056145
0.404 3.474507 2.063568
0.405 3.490350 2.066988
0.406 3.500621 2.073928
0.407 3.510179 2.077943
0.408 3.523254 2.083787
0.409 3.537272 2.089009
0.410 3.551818 2.093755
0.411 3.570091 2.100196
0.412 3.582567 2.103611
0.413 3.598553 2.104577
0.414 3.616782 2.105548
0.415 3.634989 2.106524
0.416 3.653186 2.105875
0.417 3.672482 2.100474
0.418 3.696875 2.099130
0.419 3.715729 2.092301
0.420 3.733874 2.084804
0.421 3.748880 2.077344
0.422 3.762138 2.066273
0.423 3.776290 2.054481
0.424 3.790251 2.047136
0.425 3.803489 2.035085
0.426 3.813108 2.024479
0.427 3.817202 2.011670
0.428 3.823894 2.002069
0.429 3.827890 1.994940
0.430 3.830023 1.981979
0.431 3.837077 1.973338
0.432 3.840210 1.972609
0.433 3.841817 1.966915
0.434 3.843450 1.960357
0.435 3.845137 1.961165
0.436 3.846889 1.962616
0.437 3.848853 1.964130
0.438 3.850864 1.965654
0.439 3.854396 1.968701
0.440 3.863051 1.976641
0.441 3.867553 1.980217
0.442 3.877179 1.988831
0.443 3.886619 1.998449
0.444 3.893747 2.007968
0.445 3.909178 2.015531
0.446 3.922146 2.018688
0.447 3.941375 2.027962
0.448 3.960664 2.037111
0.449 3.980026 2.046116
0.450 4.001632 2.054963
0.451 4.028415 2.061478
0.452 4.055896 2.064307
0.453 4.083355 2.071093
0.454 4.113099 2.071805
0.455 4.146068 2.070712
0.456 4.179280 2.065509
0.457 4.212422 2.058481
0.458 4.245409 2.051008
0.459 4.278239 2.041160
0.460 4.310966 2.027915
0.461 4.343614 2.013408
0.462 4.372600 1.994892
0.463 4.401930 1.973821
0.464 4.432560 1.952219
0.465 4.461088 1.929748
0.466 4.488099 1.903505
0.467 4.512544 1.874011
0.468 4.533842 1.843709
0.469 4.554417 1.812598
0.470 4.574399 1.780737
0.471 4.591757 1.748117
0.472 4.605551 1.714634
0.473 4.621556 1.680795
0.474 4.630830 1.646498
0.475 4.637181 1.612132
0.476 4.644841 1.577628
0.477 4.647249 1.543326
0.478 4.647877 1.514220
0.479 4.648176 1.482575
0.480 4.645268 1.451624
0.481 4.640093 1.424889
0.482 4.638269 1.398327
0.483 4.630694 1.371888
0.484 4.622999 1.345615
0.485 4.615919 1.319727
0.486 4.611679 1.294524
0.487 4.606848 1.272698
0.488 4.598684 1.251146
0.489 4.590416 1.229094
0.490 4.582087 1.210428
0.491 4.573774 1.192645
0.492 4.564902 1.175127
0.493 4.551741 1.157840
0.494 4.540776 1.140667
0.495 4.532252 1.123544
0.496 4.523887 1.109283
0.497 4.515527 1.096752
0.498 4.507180 1.082304
0.499 4.498851 1.070913
0.500 4.490537 1.056492
0.501 4.482235 1.044227
0.502 4.473949 1.031456
0.503 4.465683 1.018366
0.504 4.457440 1.007922
0.505 4.449223 0.998711
0.506 4.441027 0.988830
0.507 4.432848 0.978898
0.508 4.424691 0.969330
0.509 4.416562 0.960103
0.510 4.410004 0.951296
0.511 4.405678 0.942631
0.512 4.400350 0.934075
0.513 4.392319 0.925853
0.514 4.384320 0.918097
0.515 4.376337 0.910357
0.516 4.368375 0.902690
0.517 4.360446 0.895603
0.518 4.356990 0.888734
0.519 4.352192 0.881883
0.520 4.344870 0.875062
0.521 4.337047 0.868297
0.522 4.329975 0.861681
0.523 4.326019 0.855434
0.524 4.321793 0.849457
0.525 4.314072 0.843515
0.526 4.307468 0.837628
0.527 4.304816 0.831809
0.528 4.299066 0.825998
0.529 4.291523 0.820584
0.530 4.286567 0.815180
0.531 4.282718 0.809770
0.532 4.277934 0.804584
0.533 4.273665 0.799581
0.534 4.269955 0.794604
0.535 4.262503 0.789672
0.536 4.255090 0.784791
0.537 4.253767 0.779914
0.538 4.248121 0.775507
0.539 4.244252 0.770967
0.540 4.240497 0.766458
0.541 4.235559 0.762091
0.542 4.232226 0.757572
0.543 4.227652 0.753191
0.544 4.223480 0.749104
0.545 4.219753 0.745064
0.546 4.215439 0.741037
0.547 4.211163 0.737022
0.548 4.208173 0.733021
0.549 4.202365 0.729050
0.550 4.200118 0.725112
0.551 4.195148 0.721182
0.552 4.191042 0.717260
0.553 4.188724 0.713353
0.554 4.181705 0.709473
0.555 4.180545 0.706206
0.556 4.179657 0.702557
0.557 4.176238 0.698745
0.558 4.171074 0.695039
0.559 4.169162 0.691747
0.560 4.163734 0.688120
0.561 4.160402 0.684708
0.562 4.156850 0.681467
0.563 4.152203 0.678264
0.564 4.149332 0.674749
0.565 4.148320 0.671402
0.566 4.145467 0.668217
0.567 4.141433 0.665131
0.568 4.138013 0.662052
0.569 4.137276 0.658688
0.570 4.134456 0.655348
0.571 4.130683 0.652136
0.572 4.127063 0.649113
0.573 4.126347 0.646101
0.574 4.123682 0.643106
0.575 4.120034 0.640125
0.576 4.116027 0.637158
0.577 4.112858 0.634194
0.578 4.108947 0.631239
0.579 4.106107 0.628296
0.580 4.105372 0.625377
0.581 4.102374 0.622699
0.582 4.098564 0.620107
0.583 4.095408 0.617455
0.584 4.094751 0.614561
0.585 4.091958 0.611689
0.586 4.088367 0.608827
0.587 4.084793 0.606012
0.588 4.084160 0.603404
0.589 4.083531 0.600877
0.590 4.081999 0.598262
0.591 4.078870 0.595445
0.592 4.075108 0.592893
0.593 4.073036 0.590381
0.594 4.072096 0.587859
0.595 4.068695 0.585074
0.596 4.065290 0.582508
0.597 4.062611 0.580035
0.598 4.062031 0.577554
0.599 4.058833 0.575121
0.600 4.055370 0.572671
0.601 4.052462 0.570172
0.602 4.051696 0.567804
0.603 4.051138 0.565381
0.604 4.050583 0.562878
0.605 4.046173 0.560575
0.606 4.042911 0.558159
0.607 4.040887 0.555634
0.608 4.040348 0.553410
0.609 4.039812 0.551015
0.610 4.039133 0.548479
0.611 4.033742 0.546321
0.612 4.030648 0.544208
0.613 4.029645 0.542129
0.614 4.029023 0.539545
0.615 4.025933 0.537225
0.616 4.020271 0.535181
0.617 4.019561 0.533069
0.618 4.019054 0.530799
0.619 4.018550 0.528320
0.620 4.016803 0.526250
0.621 4.014127 0.524238
0.622 4.009902 0.522234
0.623 4.008557 0.520066
0.624 4.008072 0.517835
0.625 4.007591 0.515546
0.626 4.005285 0.513454
0.627 4.001930 0.511479
0.628 3.999313 0.509513
0.629 3.997671 0.507549
0.630 3.997205 0.505587
0.631 3.996744 0.503278
0.632 3.995158 0.500994
0.633 3.990129 0.498971
0.634 3.987747 0.497007
0.635 3.986916 0.495077
0.636 3.986476 0.493151
0.637 3.986037 0.491228
0.638 3.985601 0.489311
0.639 3.984046 0.487404
0.640 3.981933 0.485502
0.641 3.978186 0.483608
0.642 3.975859 0.481716
0.643 3.975436 0.479826
0.644 3.975017 0.477943
0.645 3.974290 0.476063
0.646 3.970265 0.474194
0.647 3.967230 0.472330
0.648 3.965670 0.470471
0.649 3.964928 0.468614
0.650 3.964518 0.466759
0.651 3.963549 0.464911
0.652 3.961531 0.463068
0.653 3.957034 0.461233
0.654 3.954915 0.459403
0.655 3.954534 0.457576
0.656 3.954152 0.455752
0.657 3.953771 0.453930
0.658 3.953394 0.452115
0.659 3.951697 0.450304
0.660 3.947704 0.448501
0.661 3.945340 0.446703
0.662 3.944025 0.444908
0.663 3.943510 0.443148
0.664 3.943074 0.441420
0.665 3.941666 0.440050
0.666 3.939583 0.438566
0.667 3.935793 0.436794
0.668 3.933686 0.435026
0.669 3.933340 0.433262
0.670 3.932993 0.431500
0.671 3.932647 0.429740
0.672 3.932305 0.428319
0.673 3.931756 0.426934
0.674 3.927038 0.425250
0.675 3.923259 0.423555
0.676 3.922931 0.421819
0.677 3.922603 0.420145
0.678 3.922275 0.418578
0.679 3.921949 0.417068
0.680 3.921625 0.415612
0.681 3.919244 0.413988
0.682 3.915769 0.412275
0.683 3.913879 0.410873
0.684 3.912439 0.409559
0.685 3.912007 0.407928
0.686 3.911693 0.406259
0.687 3.910123 0.404690
0.688 3.908396 0.403137
0.689 3.905155 0.401745
0.690 3.902437 0.400302
0.691 3.902140 0.398623
0.692 3.901844 0.397038
0.693 3.901549 0.395734
0.694 3.901126 0.394342
0.695 3.900424 0.392759
0.696 3.898527 0.391282
0.697 3.894548 0.389992
0.698 3.892069 0.388641
0.699 3.891790 0.387201
0.700 3.891511 0.385754
0.701 3.891232 0.384299
0.702 3.890954 0.382935
0.703 3.890679 0.381679
0.704 3.888560 0.380291
0.705 3.884279 0.378748
0.706 3.881829 0.377315
0.707 3.881562 0.376014
0.708 3.881296 0.374684
0.709 3.881030 0.373315
0.710 3.880766 0.371902
0.711 3.880505 0.370428
0.712 3.878780 0.369050
0.713 3.874605 0.367834
0.714 3.871700 0.366538
0.715 3.871449 0.365075
0.716 3.871199 0.363703
0.717 3.870949 0.362588
0.718 3.870086 0.361412
0.719 3.866547 0.359973
0.720 3.863281 0.358558
0.721 3.862483 0.357357
0.722 3.861685 0.356156
0.723 3.861447 0.354718
0.724 3.861209 0.353279
0.725 3.860971 0.352145
0.726 3.860733 0.351049
0.727 3.857914 0.349698
0.728 3.854309 0.348270
0.729 3.852589 0.347034
0.730 3.851972 0.345910
0.731 3.851545 0.344807
0.732 3.851322 0.343726
0.733 3.851098 0.342560
0.734 3.850875 0.341216
0.735 3.850111 0.339897
0.736 3.846215 0.338721
0.737 3.842319 0.337544
0.738 3.841959 0.336473
0.739 3.841745 0.335406
0.740 3.841533 0.334341
0.741 3.841321 0.333278
0.742 3.841109 0.332044
0.743 3.840898 0.330668
0.744 3.839536 0.329380
0.745 3.835739 0.328278
0.746 3.832233 0.327181
0.747 3.832033 0.326131
0.748 3.831833 0.325080
0.749 3.831635 0.324033
0.750 3.831437 0.322987
0.751 3.831054 0.321942
0.752 3.830525 0.320898
0.753 3.829203 0.319855
0.754 3.825834 0.318816
0.755 3.822464 0.317777
0.756 3.822227 0.316743
0.757 3.822038 0.315710
0.758 3.821850 0.314445
0.759 3.821663 0.313069
0.760 3.821009 0.311817
0.761 3.819501 0.310789
0.762 3.817981 0.309762
0.763 3.815691 0.308739
0.764 3.813402 0.307717
0.765 3.812514 0.306710
0.766 3.812336 0.305711
0.767 3.812157 0.304803
0.768 3.811980 0.304108
0.769 3.811804 0.303412
0.770 3.809336 0.302427
0.771 3.806661 0.301415
0.772 3.804846 0.300406
0.773 3.803821 0.299399
0.774 3.802891 0.298393
0.775 3.802725 0.297390
0.776 3.802559 0.296388
0.777 3.802394 0.295388
0.778 3.802230 0.294390
0.779 3.801268 0.293392
0.780 3.797831 0.292396
0.781 3.794394 0.291399
0.782 3.793536 0.290547
0.783 3.793376 0.289733
0.784 3.793217 0.288910
0.785 3.793061 0.288070
0.786 3.792904 0.287229
0.787 3.791951 0.286270
0.788 3.790830 0.285286
0.789 3.789300 0.284374
0.790 3.786914 0.283612
0.791 3.784528 0.282849
0.792 3.783939 0.281995
0.793 3.783788 0.281118
0.794 3.783639 0.280216
0.795 3.783492 0.279243
0.796 3.783345 0.278271
0.797 3.781259 0.277495
0.798 3.778406 0.276796
0.799 3.775891 0.276065
0.800 3.775326 0.275140
0.801 3.774761 0.274216
0.802 3.774434 0.273388
0.803 3.774292 0.272634
0.804 3.774151 0.271881
0.805 3.773749 0.271053
0.806 3.773337 0.270222
0.807 3.772068 0.269444
0.808 3.769154 0.268766
0.809 3.766240 0.268089
0.810 3.765288 0.267218
0.811 3.765151 0.266266
0.812 3.765015 0.265330
0.813 3.764882 0.264683
0.814 3.764750 0.264036
0.815 3.763713 0.263366
0.816 3.761214 0.262659
0.817 3.758716 0.261952
0.818 3.757434 0.261173
0.819 3.756688 0.260362
0.820 3.755943 0.259552
0.821 3.755808 0.258840
0.822 3.755680 0.258128
0.823 3.755458 0.257445
0.824 3.754974 0.256840
0.825 3.754490 0.256235
0.826 3.752863 0.255594
0.827 3.750187 0.254919
0.828 3.747512 0.254245
0.829 3.746781 0.253598
0.830 3.746661 0.252960
0.831 3.746542 0.252322
0.832 3.746422 0.251544
0.833 3.746303 0.250764
0.834 3.745675 0.250034
0.835 3.742789 0.249533
0.836 3.739903 0.249032
0.837 3.738004 0.248428
0.838 3.737807 0.247646
0.839 3.737611 0.246864
0.840 3.737459 0.246233
0.841 3.737348 0.245736
0.842 3.737236 0.245239
0.843 3.737125 0.244665
0.844 3.737014 0.244054
0.845 3.736902 0.243443
0.846 3.734780 0.242796
0.847 3.732159 0.242140
0.848 3.729537 0.241484
0.849 3.728960 0.240978
0.850 3.728592 0.240487
0.851 3.728224 0.239997
0.852 3.728118 0.239508
0.853 3.728014 0.239019
0.854 3.727845 0.238523
0.855 3.726616 0.237923
0.856 3.725387 0.237323
0.857 3.724110 0.236718
0.858 3.722424 0.236075
0.859 3.720737 0.235431
0.860 3.719255 0.234808
0.861 3.719156 0.234325
0.862 3.719056 0.233843
0.863 3.718957 0.233360
0.864 3.718858 0.232879
0.865 3.718760 0.232398
0.866 3.718354 0.231918
0.867 3.715609 0.231438
0.868 3.712863 0.230958
0.869 3.710325 0.230479
0.870 3.710231 0.230002
0.871 3.710137 0.229524
0.872 3.710043 0.229047
0.873 3.709952 0.228572
0.874 3.709862 0.228096
0.875 3.709772 0.227621
0.876 3.709355 0.227147
0.877 3.708916 0.226674
0.878 3.708478 0.226200
0.879 3.706472 0.225728
0.880 3.704157 0.225256
0.881 3.701841 0.224783
0.882 3.701109 0.224358
0.883 3.701023 0.223952
0.884 3.700937 0.223547
0.885 3.700853 0.223213
0.886 3.700770 0.222935
0.887 3.700686 0.222657
0.888 3.700215 0.222305
0.889 3.699145 0.221839
0.890 3.698075 0.221372
0.891 3.696898 0.220906
0.892 3.695296 0.220441
0.893 3.693694 0.219976
0.894 3.692092 0.219512
0.895 3.691989 0.219293
0.896 3.691909 0.219079
0.897 3.691828 0.218864
0.898 3.691750 0.218467
0.899 3.691671 0.218006
0.900 3.691593 0.217546
0.901 3.690630 0.217175
0.902 3.688720 0.216899
0.903 3.686811 0.216623
0.904 3.685142 0.216324
0.905 3.684454 0.215927
0.906 3.683765 0.215531
0.907 3.683076 0.215134
0.908 3.682932 0.214892
0.909 3.682857 0.214669
0.910 3.682782 0.214446
0.911 3.682709 0.214101
0.912 3.682637 0.213656
0.913 3.682565 0.213211
0.914 3.682316 0.212761
0.915 3.681326 0.212286
0.916 3.680335 0.211811
0.917 3.679345 0.211336
0.918 3.678473 0.210894
0.919 3.677628 0.210460
0.920 3.676784 0.210026
0.921 3.676090 0.209664
0.922 3.675624 0.209410
0.923 3.675159 0.209157
0.924 3.674693 0.208903
0.925 3.674274 0.208853
0.926 3.673857 0.208811
0.927 3.673440 0.208769
0.928 3.673012 0.208556
0.929 3.672574 0.208173
0.930 3.672136 0.207790
0.931 3.671699 0.207409
0.932 3.671264 0.207143
0.933 3.670830 0.206876
0.934 3.670396 0.206609
0.935 3.669992 0.206251
0.936 3.669616 0.205803
0.937 3.669241 0.205355
0.938 3.668865 0.204907
0.939 3.668501 0.204459
0.940 3.668136 0.204010
0.941 3.667772 0.203561
0.942 3.667402 0.203155
0.943 3.667023 0.202814
0.944 3.666645 0.202473
0.945 3.666267 0.202132
0.946 3.665891 0.201878
0.947 3.665517 0.201644
0.948 3.665142 0.201411
0.949 3.664774 0.201179
0.950 3.664434 0.200951
0.951 3.664094 0.200724
0.952 3.663755 0.200496
0.953 3.663392 0.200113
0.954 3.663009 0.199593
0.955 3.662626 0.199074
0.956 3.662244 0.198554
0.957 3.661917 0.198266
0.958 3.661599 0.198016
0.959 3.661282 0.197767
0.960 3.660967 0.197523
0.961 3.660667 0.197312
0.962 3.660368 0.197101
0.963 3.660068 0.196890
0.964 3.659753 0.196590
0.965 3.659416 0.196167
0.966 3.659079 0.195743
0.967 3.658743 0.195320
0.968 3.658410 0.194899
0.969 3.658079 0.194478
0.970 3.657749 0.194058
0.971 3.657418 0.193638
0.972 3.657092 0.193207
0.973 3.656766 0.192773
0.974 3.656440 0.192340
0.975 3.656114 0.191907
0.976 3.655782 0.191483
0.977 3.655449 0.191059
0.978 3.655117 0.190634
0.979 3.654789 0.190218
0.980 3.654478 0.189837
0.981 3.654167 0.189455
0.982 3.653857 0.189074
0.983 3.653552 0.188721
0.984 3.653261 0.188436
0.985 3.652970 0.188151
0.986 3.652678 0.187866
0.987 3.652387 0.187597
0.988 3.652094 0.187357
0.989 3.651802 0.187116
0.990 3.651509 0.186876
0.991 3.651230 0.186564
0.992 3.650967 0.186160
0.993 3.650704 0.185756
0.994 3.650441 0.185351
0.995 3.650171 0.184939
0.996 3.649892 0.184516
0.997 3.649613 0.184093
0.998 3.649334 0.183671
0.999 3.649045 0.183164
1.000 3.648745 0.182556
1.001 3.648445 0.181947
1.002 3.648145 0.181339
1.003 3.647857 0.180775
1.004 3.647586 0.180276
1.005 3.647315 0.179777
1.006 3.647044 0.179278
1.007 3.646767 0.178845
1.008 3.646478 0.178544
1.009 3.646189 0.178243
1.010 3.645900 0.177942
1.011 3.645615 0.177656
1.012 3.645342 0.177422
1.013 3.645070 0.177189
1.014 3.644797 0.176956
1.015 3.644526 0.176708
1.016 3.644267 0.176304
1.017 3.644008 0.175900
1.018 3.643749 0.175496
1.019 3.643490 0.175092
1.020 3.643237 0.174682
1.021 3.642984 0.174271
1.022 3.642732 0.173860
1.023 3.642479 0.173449
1.024 3.642245 0.173060
1.025 3.642019 0.172681
1.026 3.641793 0.172301
1.027 3.641567 0.171922
1.028 3.641334 0.171523
1.029 3.641090 0.171100
1.030 3.640847 0.170677
1.031 3.640604 0.170254
1.032 3.640359 0.169852
1.033 3.640112 0.169558
1.034 3.639864 0.169263
1.035 3.639616 0.168969
1.036 3.639368 0.168674
1.037 3.639121 0.168373
1.038 3.638874 0.168071
1.039 3.638627 0.167769
1.040 3.638380 0.167467
1.041 3.638130 0.167142
1.042 3.637876 0.166795
1.043 3.637622 0.166448
1.044 3.637368 0.166101
1.045 3.637118 0.165755
1.046 3.636897 0.165413
1.047 3.636676 0.165071
1.048 3.636455 0.164729
1.049 3.636234 0.164387
1.050 3.636009 0.164021
1.051 3.635783 0.163644
1.052 3.635556 0.163268
1.053 3.635329 0.162891
1.054 3.635101 0.162515
1.055 3.634868 0.162146
1.056 3.634635 0.161776
1.057 3.634402 0.161406
1.058 3.634169 0.161037
1.059 3.633948 0.160785
1.060 3.633731 0.160580
1.061 3.633514 0.160375
1.062 3.633297 0.160171
1.063 3.633078 0.159968
1.064 3.632852 0.159774
1.065 3.632626 0.159581
1.066 3.632400 0.159387
1.067 3.632174 0.159194
1.068 3.631970 0.159014
1.069 3.631783 0.158843
1.070 3.631595 0.158673
1.071 3.631408 0.158503
1.072 3.631220 0.158332
1.073 3.631020 0.158115
1.074 3.630820 0.157897
1.075 3.630619 0.157678
1.076 3.630419 0.157460
1.077 3.630224 0.157251
1.078 3.630042 0.157065
1.079 3.629859 0.156879
1.080 3.629677 0.156693
1.081 3.629494 0.156507
1.082 3.629303 0.156320
1.083 3.629105 0.156134
1.084 3.628908 0.155947
1.085 3.628711 0.155761
1.086 3.628513 0.155574
1.087 3.628322 0.155406
1.088 3.628131 0.155241
1.089 3.627940 0.155076
1.090 3.627749 0.154911
1.091 3.627559 0.154753
1.092 3.627377 0.154673
1.093 3.627195 0.154593
1.094 3.627013 0.154513
1.095 3.626831 0.154432
1.096 3.626648 0.154296
1.097 3.626462 0.153998
1.098 3.626276 0.153699
1.099 3.626089 0.153401
1.100 3.625903 0.153102
1.101 3.625716 0.152856
1.102 3.625527 0.152695
1.103 3.625338 0.152533
1.104 3.625149 0.152371
1.105 3.624961 0.152209
1.106 3.624778 0.152080
1.107 3.624602 0.151987
1.108 3.624426 0.151895
1.109 3.624251 0.151802
1.110 3.624075 0.151709
1.111 3.623909 0.151556
1.112 3.623753 0.151345
1.113 3.623597 0.151135
1.114 3.623440 0.150924
1.115 3.623284 0.150714
1.116 3.623116 0.150509
1.117 3.622938 0.150309
1.118 3.622759 0.150109
1.119 3.622581 0.149909
1.120 3.622402 0.149709
1.121 3.622223 0.149531
1.122 3.622044 0.149378
1.123 3.621864 0.149225
1.124 3.621685 0.149072
1.125 3.621505 0.148919
1.126 3.621328 0.148710
1.127 3.621156 0.148408
1.128 3.620983 0.148106
1.129 3.620810 0.147804
1.130 3.620637 0.147502
1.131 3.620465 0.147224
1.132 3.620297 0.147024
1.133 3.620130 0.146824
1.134 3.619962 0.146624
1.135 3.619794 0.146424
1.136 3.619626 0.146231
1.137 3.619463 0.146178
1.138 3.619299 0.146124
1.139 3.619136 0.146070
1.140 3.618972 0.146016
1.141 3.618809 0.145962
1.142 3.618653 0.145842
1.143 3.618499 0.145706
1.144 3.618344 0.145569
1.145 3.618190 0.145433
1.146 3.618035 0.145297
1.147 3.617885 0.145119
1.148 3.617737 0.144902
1.149 3.617589 0.144685
1.150 3.617441 0.144469
1.151 3.617293 0.144252
1.152 3.617147 0.144044
1.153 3.617003 0.143868
1.154 3.616860 0.143693
1.155 3.616716 0.143518
1.156 3.616573 0.143343
1.157 3.616429 0.143168
1.158 3.616289 0.142986
1.159 3.616149 0.142802
1.160 3.616009 0.142618
1.161 3.615869 0.142434
1.162 3.615729 0.142250
1.163 3.615593 0.142085
1.164 3.615464 0.141953
1.165 3.615334 0.141821
1.166 3.615204 0.141689
1.167 3.615075 0.141556
1.168 3.614945 0.141424
1.169 3.614822 0.141274
1.170 3.614699 0.141123
1.171 3.614576 0.140971
1.172 3.614453 0.140819
1.173 3.614330 0.140668
1.174 3.614208 0.140500
1.175 3.614089 0.140304
1.176 3.613970 0.140108
1.177 3.613850 0.139911
1.178 3.613731 0.139715
1.179 3.613612 0.139519
1.180 3.613495 0.139239
1.181 3.613380 0.138934
1.182 3.613264 0.138629
1.183 3.613149 0.138325
1.184 3.613033 0.138020
1.185 3.612919 0.137732
1.186 3.612811 0.137547
1.187 3.612703 0.137363
1.188 3.612595 0.137178
1.189 3.612487 0.136994
1.190 3.612378 0.136809
1.191 3.612273 0.136642
1.192 3.612170 0.136495
1.193 3.612067 0.136349
1.194 3.611965 0.136203
1.195 3.611862 0.136057
1.196 3.611759 0.135910
1.197 3.611659 0.135696
1.198 3.611559 0.135451
1.199 3.611460 0.135206
1.200 3.611360 0.134961
1.201 3.611261 0.134716
1.202 3.611161 0.134471
1.203 3.611065 0.134152
1.204 3.610969 0.133824
1.205 3.610873 0.133496
1.206 3.610777 0.133167
1.207 3.610681 0.132839
1.208 3.610585 0.132512
1.209 3.610493 0.132242
1.210 3.610400 0.131972
1.211 3.610308 0.131701
1.212 3.610216 0.131431
1.213 3.610124 0.131161
1.214 3.610032 0.130905
1.215 3.609944 0.130784
1.216 3.609856 0.130662
1.217 3.609768 0.130540
1.218 3.609679 0.130418
1.219 3.609591 0.130296
1.220 3.609503 0.130168
1.221 3.609419 0.129993
1.222 3.609334 0.129819
1.223 3.609249 0.129645
1.224 3.609164 0.129470
1.225 3.609080 0.129296
1.226 3.608995 0.129120
1.227 3.608914 0.128923
1.228 3.608833 0.128725
1.229 3.608752 0.128528
1.230 3.608671 0.128331
1.231 3.608590 0.128134
1.232 3.608509 0.127937
1.233 3.608425 0.127582
1.234 3.608342 0.127224
1.235 3.608258 0.126867
1.236 3.608174 0.126509
1.237 3.608090 0.126151
1.238 3.608006 0.125794
1.239 3.607923 0.125495
1.240 3.607841 0.125209
1.241 3.607758 0.124922
1.242 3.607676 0.124636
1.243 3.607594 0.124350
1.244 3.607511 0.124063
1.245 3.607431 0.123739
1.246 3.607352 0.123388
1.247 3.607274 0.123038
1.248 3.607195 0.122688
1.249 3.607116 0.122337
1.250 3.607038 0.121987
1.251 3.606960 0.121651
1.252 3.606886 0.121345
1.253 3.606811 0.121039
1.254 3.606737 0.120733
1.255 3.606662 0.120427
1.256 3.606588 0.120121
1.257 3.606513 0.119815
1.258 3.606426 0.119487
1.259 3.606339 0.119159
1.260 3.606252 0.118830
1.261 3.606165 0.118501
1.262 3.606078 0.118173
1.263 3.605991 0.117844
1.264 3.605902 0.117546
1.265 3.605813 0.117273
1.266 3.605724 0.117000
1.267 3.605635 0.116727
1.268 3.605545 0.116454
1.269 3.605456 0.116181
1.270 3.605367 0.115910
1.271 3.605282 0.115657
1.272 3.605197 0.115405
1.273 3.605112 0.115153
1.274 3.605027 0.114901
1.275 3.604943 0.114649
1.276 3.604858 0.114396
1.277 3.604775 0.114085
1.278 3.604695 0.113721
1.279 3.604615 0.113357
1.280 3.604535 0.112993
1.281 3.604455 0.112629
1.282 3.604374 0.112265
1.283 3.604294 0.111901
1.284 3.604203 0.111619
1.285 3.604110 0.111345
1.286 3.604018 0.111071
1.287 3.603925 0.110797
1.288 3.603832 0.110522
1.289 3.603740 0.110248
1.290 3.603647 0.109954
1.291 3.603554 0.109594
1.292 3.603460 0.109234
1.293 3.603367 0.108875
1.294 3.603273 0.108515
1.295 3.603180 0.108155
1.296 3.603086 0.107796
1.297 3.602996 0.107499
1.298 3.602908 0.107269
1.299 3.602821 0.107039
1.300 3.602733 0.106809
1.301 3.602646 0.106579
1.302 3.602559 0.106350
1.303 3.602471 0.106120
1.304 3.602388 0.105837
1.305 3.602307 0.105528
1.306 3.602226 0.105218
1.307 3.602145 0.104909
1.308 3.602064 0.104599
1.309 3.601983 0.104290
1.310 3.601902 0.103980
1.311 3.601820 0.103669
1.312 3.601739 0.103357
1.313 3.601658 0.103045
1.314 3.601577 0.102733
1.315 3.601496 0.102421
1.316 3.601415 0.102110
1.317 3.601334 0.101798
1.318 3.601257 0.101541
1.319 3.601181 0.101298
1.320 3.601105 0.101056
1.321 3.601030 0.100813
1.322 3.600954 0.100570
1.323 3.600879 0.100327
1.324 3.600803 0.100085
1.325 3.600734 0.099773
1.326 3.600667 0.099438
1.327 3.600600 0.099103
1.328 3.600533 0.098768
1.329 3.600467 0.098434
1.330 3.600400 0.098099
1.331 3.600333 0.097764
1.332 3.600273 0.097467
1.333 3.600216 0.097192
1.334 3.600160 0.096917
1.335 3.600104 0.096642
1.336 3.600048 0.096367
1.337 3.599991 0.096092
1.338 3.599935 0.095817
1.339 3.599888 0.095468
1.340 3.599852 0.095025
1.341 3.599817 0.094583
1.342 3.599781 0.094140
1.343 3.599746 0.093697
1.344 3.599710 0.093255
1.345 3.599675 0.092812
1.346 3.599642 0.092380
1.347 3.599624 0.092001
1.348 3.599606 0.091621
1.349 3.599587 0.091242
1.350 3.599569 0.090863
1.351 3.599551 0.090483
1.352 3.599532 0.090104
1.353 3.599514 0.089725
1.354 3.599510 0.089405
1.355 3.599509 0.089099
1.356 3.599509 0.088793
1.357 3.599508 0.088488
1.358 3.599507 0.088182
1.359 3.599506 0.087876
1.360 3.599506 0.087570
1.361 3.599513 0.087259
1.362 3.599535 0.086939
1.363 3.599556 0.086619
1.364 3.599577 0.086300
1.365 3.599599 0.085980
1.366 3.599620 0.085660
1.367 3.599641 0.085340
1.368 3.599663 0.085020
1.369 3.599746 0.084644
1.370 3.599840 0.084258
1.371 3.599933 0.083873
1.372 3.600026 0.083487
1.373 3.600120 0.083102
1.374 3.600213 0.082716
1.375 3.600307 0.082331
1.376 3.600414 0.081932
1.377 3.600559 0.081497
1.378 3.600705 0.081062
1.379 3.600851 0.080627
1.380 3.600997 0.080192
1.381 3.601143 0.079757
1.382 3.601289 0.079322
1.383 3.601435 0.078887
1.384 3.601612 0.078443
1.385 3.601812 0.077993
1.386 3.602013 0.077544
1.387 3.602213 0.077094
1.388 3.602414 0.076644
1.389 3.602614 0.076195
1.390 3.602815 0.075745
1.391 3.603015 0.075296
1.392 3.603275 0.074833
1.393 3.603550 0.074367
1.394 3.603824 0.073901
1.395 3.604098 0.073435
1.396 3.604373 0.072970
1.397 3.604647 0.072504
1.398 3.604922 0.072038
1.399 3.605196 0.071572
1.400 3.605574 0.070965
1.401 3.605958 0.070350
1.402 3.606342 0.069736
1.403 3.606726 0.069121
1.404 3.607109 0.068506
1.405 3.607493 0.067892
1.406 3.607877 0.067277
1.407 3.608261 0.066662
1.408 3.608746 0.065867
1.409 3.609232 0.065072
1.410 3.609717 0.064276
1.411 3.610203 0.063481
1.412 3.610688 0.062685
1.413 3.611174 0.061890
1.414 3.611660 0.061095
1.415 3.612145 0.060299
1.416 3.612690 0.059564
1.417 3.613237 0.058831
1.418 3.613784 0.058098
1.419 3.614331 0.057365
1.420 3.614878 0.056632
1.421 3.615425 0.055899
1.422 3.615972 0.055166
1.423 3.616519 0.054433
1.424 3.617041 0.053622
1.425 3.617559 0.052794
1.426 3.618076 0.051966
1.427 3.618593 0.051139
1.428 3.619110 0.050311
1.429 3.619628 0.049483
1.430 3.620145 0.048656
1.431 3.620662 0.047828
1.432 3.620866 0.046885
1.433 3.620862 0.045867
1.434 3.620859 0.044849
1.435 3.620856 0.043831
1.436 3.620853 0.042813
1.437 3.620849 0.041795
1.438 3.620846 0.040777
1.439 3.620843 0.039759
1.440 3.620840 0.038741
1.441 3.620836 0.037723
1.442 3.620687 0.036656
1.443 3.620405 0.035545
1.444 3.620123 0.034434
1.445 3.619842 0.033324
1.446 3.619560 0.032213
1.447 3.619279 0.031102
1.448 3.618997 0.029991
1.449 3.618716 0.028880
1.450 3.618434 0.027769
1.451 3.618153 0.026658
1.452 3.617768 0.025653
1.453 3.617151 0.024884
1.454 3.616535 0.024116
1.455 3.615918 0.023348
1.456 3.615302 0.022580
1.457 3.614685 0.021811
1.458 3.614068 0.021043
1.459 3.613452 0.020275
1.460 3.612835 0.019507
1.461 3.612218 0.018738
1.462 3.611602 0.017970
1.463 3.610734 0.017295
1.464 3.609850 0.016625
1.465 3.608967 0.015956
1.466 3.608083 0.015286
1.467 3.607200 0.014617
1.468 3.606316 0.013947
1.469 3.605433 0.013278
1.470 3.604550 0.012608
1.471 3.603666 0.011939
1.472 3.602783 0.011269
1.473 3.601869 0.010704
1.474 3.600914 0.010278
1.475 3.599959 0.009852
1.476 3.599004 0.009427
1.477 3.598049 0.009001
1.478 3.597095 0.008575
1.479 3.596140 0.008149
1.480 3.595185 0.007724
1.481 3.594230 0.007298
1.482 3.593275 0.006872
1.483 3.592320 0.006446
1.484 3.591331 0.006178
1.485 3.590331 0.005958
1.486 3.589331 0.005739
1.487 3.588331 0.005520
1.488 3.587330 0.005300
1.489 3.586330 0.005081
1.490 3.585330 0.004861
1.491 3.584330 0.004642
1.492 3.583330 0.004423
1.493 3.582329 0.004203
1.494 3.581329 0.003984
1.495 3.580400 0.003828
1.496 3.579475 0.003676
1.497 3.578550 0.003525
1.498 3.577625 0.003373
1.499 3.576700 0.003221
1.500 3.575775 0.003070
1.501 3.574850 0.002918
1.502 3.573925 0.002766
1.503 3.573001 0.002615
1.504 3.572076 0.002463
1.505 3.571151 0.002311
1.506 3.570314 0.002265
1.507 3.569481 0.002223
1.508 3.568649 0.002181
1.509 3.567816 0.002139
1.510 3.566983 0.002098
1.511 3.566150 0.002056
1.512 3.565318 0.002014
1.513 3.564485 0.001972
1.514 3.563652 0.001931
1.515 3.562819 0.001889
1.516 3.561987 0.001847
1.517 3.561251 0.001791
1.518 3.560538 0.001732
1.519 3.559825 0.001674
1.520 3.559112 0.001615
1.521 3.558399 0.001556
1.522 3.557686 0.001497
1.523 3.556973 0.001438
1.524 3.556260 0.001379
1.525 3.555547 0.001320
1.526 3.554834 0.001261
1.527 3.554121 0.001202
1.528 3.553452 0.001163
1.529 3.552826 0.001143
1.530 3.552200 0.001123
1.531 3.551574 0.001104
1.532 3.550948 0.001084
1.533 3.550322 0.001064
1.534 3.549697 0.001044
1.535 3.549071 0.001025
1.536 3.548445 0.001005
1.537 3.547819 0.000985
1.538 3.547193 0.000965
1.539 3.546569 0.000946
1.540 3.546025 0.000942
1.541 3.545481 0.000937
1.542 3.544937 0.000933
1.543 3.544392 0.000929
1.544 3.543848 0.000925
1.545 3.543304 0.000921
1.546 3.542759 0.000916
1.547 3.542215 0.000912
1.548 3.541671 0.000908
1.549 3.541127 0.000904
1.550 3.540582 0.000899
1.551 3.540057 0.000889
1.552 3.539566 0.000867
1.553 3.539074 0.000845
1.554 3.538582 0.000823
1.555 3.538091 0.000801
1.556 3.537599 0.000779
1.557 3.537107 0.000757
1.558 3.536615 0.000735
1.559 3.536124 0.000714
1.560 3.535632 0.000692
1.561 3.535140 0.000670
1.562 3.534649 0.000648
1.563 3.534176 0.000629
1.564 3.533721 0.000614
1.565 3.533266 0.000598
1.566 3.532811 0.000583
1.567 3.532355 0.000567
1.568 3.531900 0.000552
1.569 3.531445 0.000536
1.570 3.530989 0.000520
1.571 3.530534 0.000505
1.572 3.530079 0.000489
1.573 3.529624 0.000474
1.574 3.529168 0.000458
1.575 3.528718 0.000443
1.576 3.528273 0.000427
1.577 3.527828 0.000412
1.578 3.527382 0.000397
1.579 3.526937 0.000382
1.580 3.526492 0.000366
1.581 3.526046 0.000351
1.582 3.525601 0.000336
1.583 3.525156 0.000320
1.584 3.524711 0.000305
1.585 3.524265 0.000290
1.586 3.523820 0.000274
1.587 3.523379 0.000259
1.588 3.522946 0.000244
1.589 3.522513 0.000229
1.590 3.522079 0.000214
1.591 3.521646 0.000199
1.592 3.521213 0.000184
1.593 3.520780 0.000169
1.594 3.520347 0.000154
1.595 3.519914 0.000139
1.596 3.519481 0.000124
1.597 3.519048 0.000109
1.598 3.518615 0.000094
1.599 3.518182 0.000079
1.600 3.517758 0.000072
1.601 3.517335 0.000066
1.602 3.516911 0.000060
1.603 3.516488 0.000054
1.604 3.516065 0.000047
1.605 3.515642 0.000041
1.606 3.515218 0.000035
1.607 3.514795 0.000029
1.608 3.514372 0.000023
1.609 3.513949 0.000016
1.610 3.513526 0.000010
1.611 3.513102 0.000004
1.612 3.512683 0.000000
1.613 3.512270 0.000000
1.614 3.511857 0.000000
1.615 3.511444 0.000000
1.616 3.511031 0.000000
1.617 3.510618 0.000000
1.618 3.510206 0.000000
1.619 3.509793 0.000000
1.620 3.509380 0.000000
1.621 3.508967 0.000000
1.622 3.508554 0.000000
1.623 3.508142 0.000000
1.624 3.507729 0.000000
1.625 3.507321 0.000000
1.626 3.506917 0.000000
1.627 3.506513 0.000000
1.628 3.506109 0.000000
1.629 3.505706 0.000000
1.630 3.505302 0.000000
1.631 3.504898 0.000000
1.632 3.504494 0.000000
1.633 3.504090 0.000000
1.634 3.503686 0.000000
1.635 3.503283 0.000000
1.636 3.502879 0.000000
1.637 3.502475 0.000000
1.638 3.502076 0.000000
1.639 3.501680 0.000000
1.640 3.501285 0.000000
1.641 3.500889 0.000000
1.642 3.500494 0.000000
1.643 3.500098 0.000000
1.644 3.499703 0.000000
1.645 3.499307 0.000000
1.646 3.498912 0.000000
1.647 3.498516 0.000000
1.648 3.498121 0.000000
1.649 3.497725 0.000000
1.650 3.497330 0.000000
1.651 3.496938 0.000000
1.652 3.496551 0.000000
1.653 3.496165 0.000000
1.654 3.495779 0.000000
1.655 3.495393 0.000000
1.656 3.495007 0.000000
1.657 3.494620 0.000000
1.658 3.494234 0.000000
1.659 3.493848 0.000000
1.660 3.493462 0.000000
1.661 3.493075 0.000000
1.662 3.492689 0.000000
1.663 3.492303 0.000000
1.664 3.491917 0.000000
1.665 3.491538 0.000000
1.666 3.491159 0.000000
1.667 3.490780 0.000000
1.668 3.490402 0.000000
1.669 3.490023 0.000000
1.670 3.489645 0.000000
1.671 3.489266 0.000000
1.672 3.488887 0.000000
1.673 3.488509 0.000000
1.674 3.488130 0.000000
1.675 3.487752 0.000000
1.676 3.487373 0.000000
1.677 3.486994 0.000000
1.678 3.486619 0.000000
1.679 3.486249 0.000000
1.680 3.485879 0.000000
1.681 3.485509 0.000000
1.682 3.485139 0.000000
1.683 3.484769 0.000000
1.684 3.484399 0.000000
1.685 3.484029 0.000000
1.686 3.483659 0.000000
1.687 3.483290 0.000000
1.688 3.482920 0.000000
1.689 3.482550 0.000000
1.690 3.482180 0.000000
1.691 3.481810 0.000000
1.692 3.481443 0.000000
1.693 3.481080 0.000000
1.694 3.480717 0.000000
1.695 3.480353 0.000000
1.696 3.479990 0.000000
1.697 3.479627 0.000000
1.698 3.479264 0.000000
1.699 3.478900 0.000000
1.700 3.478537 0.000000
1.701 3.478174 0.000000
1.702 3.477810 0.000000
1.703 3.477447 0.000000
1.704 3.477084 0.000000
1.705 3.476721 0.000000
1.706 3.476361 0.000000
1.707 3.476007 0.000000
1.708 3.475654 0.000000
1.709 3.475300 0.000000
1.710 3.474947 0.000000
1.711 3.474593 0.000000
1.712 3.474240 0.000000
1.713 3.473886 0.000000
1.714 3.473532 0.000000
1.715 3.473179 0.000000
1.716 3.472825 0.000000
1.717 3.472472 0.000000
1.718 3.472118 0.000000
1.719 3.471764 0.000000
1.720 3.471411 0.000000
1.721 3.471064 0.000000
1.722 3.470717 0.000000
1.723 3.470370 0.000000
1.724 3.470022 0.000000
1.725 3.469675 0.000000
1.726 3.469328 0.000000
1.727 3.468981 0.000000
1.728 3.468633 0.000000
1.729 3.468286 0.000000
1.730 3.467939 0.000000
1.731 3.467592 0.000000
1.732 3.467244 0.000000
1.733 3.466897 0.000000
1.734 3.466550 0.000000
1.735 3.466207 0.000000
1.736 3.465867 0.000000
1.737 3.465528 0.000000
1.738 3.465189 0.000000
1.739 3.464850 0.000000
1.740 3.464511 0.000000
1.741 3.464172 0.000000
1.742 3.463833 0.000000
1.743 3.463494 0.000000
1.744 3.463154 0.000000
1.745 3.462815 0.000000
1.746 3.462476 0.000000
1.747 3.462137 0.000000
1.748 3.461798 0.000000
1.749 3.461459 0.000000
1.750 3.461123 0.000000
1.751 3.460790 0.000000
1.752 3.460456 0.000000
1.753 3.460122 0.000000
1.754 3.459788 0.000000
1.755 3.459455 0.000000
1.756 3.459121 0.000000
1.757 3.458787 0.000000
1.758 3.458453 0.000000
1.759 3.458120 0.000000
1.760 3.457786 0.000000
1.761 3.457452 0.000000
1.762 3.457119 0.000000
1.763 3.456785 0.000000
1.764 3.456451 0.000000
1.765 3.456122 0.000000
1.766 3.455797 0.000000
1.767 3.455471 0.000000
1.768 3.455146 0.000000
1.769 3.454820 0.000000
1.770 3.454494 0.000000
1.771 3.454169 0.000000
1.772 3.453843 0.000000
1.773 3.453518 0.000000
1.774 3.453192 0.000000
1.775 3.452867 0.000000
1.776 3.452541 0.000000
1.777 3.452215 0.000000
1.778 3.451890 0.000000
1.779 3.451564 0.000000
1.780 3.451240 0.000000
1.781 3.450920 0.000000
1.782 3.450599 0.000000
1.783 3.450279 0.000000
1.784 3.449959 0.000000
1.785 3.449638 0.000000
1.786 3.449318 0.000000
1.787 3.448997 0.000000
1.788 3.448677 0.000000
1.789 3.448357 0.000000
1.790 3.448036 0.000000
1.791 3.447716 0.000000
1.792 3.447396 0.000000
1.793 3.447075 0.000000
1.794 3.446755 0.000000
1.795 3.446434 0.000000
1.796 3.446119 0.000000
1.797 3.445807 0.000000
1.798 3.445494 0.000000
1.799 3.445182 0.000000
1.800 3.444869 0.000000
1.801 3.444557 0.000000
1.802 3.444244 0.000000
1.803 3.443932 0.000000
1.804 3.443619 0.000000
1.805 3.443307 0.000000
1.806 3.442994 0.000000
1.807 3.442682 0.000000
1.808 3.442369 0.000000
1.809 3.442057 0.000000
1.810 3.441744 0.000000
1.811 3.441432 0.000000
1.812 3.441124 0.000000
1.813 3.440816 0.000000
1.814 3.440509 0.000000
1.815 3.440202 0.000000
1.816 3.439895 0.000000
1.817 3.439588 0.000000
1.818 3.439281 0.000000
1.819 3.438973 0.000000
1.820 3.438666 0.000000
1.821 3.438359 0.000000
1.822 3.438052 0.000000
1.823 3.437745 0.000000
1.824 3.437437 0.000000
1.825 3.437130 0.000000
1.826 3.436823 0.000000
1.827 3.436516 0.000000
1.828 3.436214 0.000000
1.829 3.435915 0.000000
1.830 3.435616 0.000000
1.831 3.435317 0.000000
1.832 3.435018 0.000000
1.833 3.434719 0.000000
1.834 3.434421 0.000000
1.835 3.434122 0.000000
1.836 3.433823 0.000000
1.837 3.433524 0.000000
1.838 3.433225 0.000000
1.839 3.432926 0.000000
1.840 3.432627 0.000000
1.841 3.432328 0.000000
1.842 3.432030 0.000000
1.843 3.431731 0.000000
1.844 3.431433 0.000000
1.845 3.431139 0.000000
1.846 3.430845 0.000000
1.847 3.430551 0.000000
1.848 3.430258 0.000000
1.849 3.429964 0.000000
1.850 3.429670 0.000000
1.851 3.429377 0.000000
1.852 3.429083 0.000000
1.853 3.428789 0.000000
1.854 3.428496 0.000000
1.855 3.428202 0.000000
1.856 3.427908 0.000000
1.857 3.427614 0.000000
1.858 3.427321 0.000000
1.859 3.427027 0.000000
1.860 3.426733 0.000000
1.861 3.426442 0.000000
1.862 3.426155 0.000000
1.863 3.425867 0.000000
1.864 3.425580 0.000000
1.865 3.425293 0.000000
1.866 3.425006 0.000000
1.867 3.424718 0.000000
1.868 3.424431 0.000000
1.869 3.424144 0.000000
1.870 3.423856 0.000000
1.871 3.423569 0.000000
1.872 3.423282 0.000000
1.873 3.422994 0.000000
1.874 3.422707 0.000000
1.875 3.422420 0.000000
1.876 3.422132 0.000000
1.877 3.421845 0.000000
1.878 3.421560 0.000000
1.879 3.421278 0.000000
1.880 3.420995 0.000000
1.881 3.420713 0.000000
1.882 3.420431 0.000000
1.883 3.420149 0.000000
1.884 3.419867 0.000000
1.885 3.419585 0.000000
1.886 3.419303 0.000000
1.887 3.419021 0.000000
1.888 3.418739 0.000000
1.889 3.418457 0.000000
1.890 3.418175 0.000000
1.891 3.417893 0.000000
1.892 3.417611 0.000000
1.893 3.417329 0.000000
1.894 3.417047 0.000000
1.895 3.416765 0.000000
1.896 3.416489 0.000000
1.897 3.416214 0.000000
1.898 3.415939 0.000000
1.899 3.415663 0.000000
1.900 3.415388 0.000000
1.901 3.415113 0.000000
1.902 3.414838 0.000000
1.903 3.414562 0.000000
1.904 3.414287 0.000000
1.905 3.414012 0.000000
1.906 3.413737 0.000000
1.907 3.413461 0.000000
1.908 3.413186 0.000000
1.909 3.412911 0.000000
1.910 3.412636 0.000000
1.911 3.412360 0.000000
1.912 3.412085 0.000000
1.913 3.411811 0.000000
1.914 3.411541 0.000000
1.915 3.411271 0.000000
1.916 3.411001 0.000000
1.917 3.410731 0.000000
1.918 3.410461 0.000000
1.919 3.410192 0.000000
1.920 3.409922 0.000000
1.921 3.409652 0.000000
1.922 3.409382 0.000000
1.923 3.409112 0.000000
1.924 3.408842 0.000000
1.925 3.408572 0.000000
1.926 3.408302 0.000000
1.927 3.408032 0.000000
1.928 3.407762 0.000000
1.929 3.407492 0.000000
1.930 3.407222 0.000000
1.931 3.406954 0.000000
1.932 3.406690 0.000000
1.933 3.406427 0.000000
1.934 3.406163 0.000000
1.935 3.405900 0.000000
1.936 3.405637 0.000000
1.937 3.405373 0.000000
1.938 3.405110 0.000000
1.939 3.404846 0.000000
1.940 3.404583 0.000000
1.941 3.404319 0.000000
1.942 3.404056 0.000000
1.943 3.403792 0.000000
1.944 3.403529 0.000000
1.945 3.403265 0.000000
1.946 3.403002 0.000000
1.947 3.402738 0.000000
1.948 3.402475 0.000000
1.949 3.402211 0.000000
1.950 3.401952 0.000000