0.251 1.963476 3.245715
0.252 2.007121 3.262348
0.253 2.050016 3.273675
0.254 2.099288 3.291743
0.255 2.140939 3.302701
0.256 2.189205 3.313847
0.257 2.236592 3.325112
0.258 2.283952 3.336402
0.259 2.332383 3.347450
0.260 2.388764 3.357710
0.261 2.442305 3.366816
0.262 2.497622 3.367378
0.263 2.556782 3.372443
0.264 2.616253 3.364374
0.265 2.682465 3.360050
0.266 2.740930 3.346326
0.267 2.798163 3.329975
0.268 2.860460 3.311115
0.269 2.914209 3.284464
0.270 2.971650 3.257318
0.271 3.020971 3.229247
0.272 3.070885 3.194013
0.273 3.116330 3.158760
0.274 3.159772 3.123891
0.275 3.197063 3.084676
0.276 3.232250 3.047246
0.277 3.265849 3.004378
0.278 3.297996 2.968638
0.279 3.327367 2.927837
0.280 3.351240 2.883505
0.281 3.373126 2.843677
0.282 3.395002 2.807104
0.283 3.411688 2.764720
0.284 3.428119 2.723930
0.285 3.444339 2.685595
0.286 3.453387 2.649196
0.287 3.464153 2.611963
0.288 3.476222 2.574286
0.289 3.481324 2.538464
0.290 3.486464 2.501182
0.291 3.491676 2.466458
0.292 3.493688 2.434239
0.293 3.495081 2.402891
0.294 3.493648 2.372292
0.295 3.492747 2.342386
0.296 3.493963 2.312464
0.297 3.489085 2.283678
0.298 3.484331 2.258408
0.299 3.479694 2.233455
0.300 3.475201 2.208863
0.301 3.470892 2.185768
0.302 3.462807 2.167859
0.303 3.455587 2.145227
0.304 3.447992 2.127916
0.305 3.440774 2.105653
0.306 3.433804 2.088965
0.307 3.426528 2.072976
0.308 3.420345 2.058140
0.309 3.412798 2.041989
0.310 3.402692 2.030258
0.311 3.394150 2.018728
0.312 3.389558 2.007335
0.313 3.382264 1.996099
0.314 3.376333 1.984989
0.315 3.367375 1.973989
0.316 3.358917 1.963110
0.317 3.352784 1.955074
0.318 3.346168 1.948802
0.319 3.337102 1.940005
0.320 3.334741 1.934852
0.321 3.326293 1.925350
0.322 3.320702 1.921327
0.323 3.315069 1.917091
0.324 3.311276 1.910173
0.325 3.304600 1.905250
0.326 3.302139 1.902587
0.327 3.294503 1.899421
0.328 3.293071 1.895392
0.329 3.284636 1.893934
0.330 3.283342 1.888352
0.331 3.276163 1.888432
0.332 3.273884 1.886076
0.333 3.272576 1.881586
0.334 3.265308 1.881738
0.335 3.263630 1.881941
0.336 3.262685 1.882162
0.337 3.261768 1.882394
0.338 3.257572 1.879320
0.339 3.253016 1.875863
0.340 3.252245 1.876173
0.341 3.251510 1.876507
0.342 3.250819 1.876866
0.343 3.250164 1.877245
0.344 3.249559 1.877653
0.345 3.248975 1.878072
0.346 3.248416 1.878505
0.347 3.247924 1.878986
0.348 3.247456 1.879481
0.349 3.247010 1.881338
0.350 3.246596 1.887473
0.351 3.246217 1.888136
0.352 3.245876 1.888713
0.353 3.245556 1.889305
0.354 3.245268 1.889922
0.355 3.251176 1.890582
0.356 3.251888 1.892749
0.357 3.251692 1.899011
0.358 3.251837 1.899713
0.359 3.257752 1.900448
0.360 3.258375 1.901207
0.361 3.258302 1.901985
0.362 3.258775 1.908324
0.363 3.264643 1.910688
0.364 3.265356 1.911526
0.365 3.270004 1.912383
0.366 3.272562 1.919334
0.367 3.274379 1.921248
0.368 3.279792 1.922171
0.369 3.280067 1.923121
0.370 3.286387 1.930201
0.371 3.287596 1.932158
0.372 3.290812 1.933165
0.373 3.295242 1.938760
0.374 3.301243 1.942325
0.375 3.303026 1.943390
0.376 3.305868 1.946921
0.377 3.310945 1.952665
0.378 3.316558 1.953798
0.379 3.319647 1.955600
0.380 3.326611 1.963183
0.381 3.330514 1.964369
0.382 3.334865 1.970326
0.383 3.341775 1.973854
0.384 3.349522 1.976571
0.385 3.353181 1.983406
0.386 3.358944 1.984737
0.387 3.364650 1.990938
0.388 3.373948 1.994616
0.389 3.381708 2.001847
0.390 3.385522 2.004022
0.391 3.394872 2.008718
0.392 3.404249 2.013787
0.393 3.407955 2.020837
0.394 3.415966 2.024892
0.395 3.425411 2.032085
0.396 3.434865 2.036472
0.397 3.448377 2.041994
0.398 3.460898 2.048246
0.399 3.470408 2.052165
0.400 3.481296 2.059731
0.401 3.496337 2.063953
0.402 3.509064 2.070550
0.403 3.526863 2.076101
0.404 3.539812 2.080618
0.405 3.555411 2.082166
0.406 3.573229 2.083723
0.407 3.591037 2.085289
0.408 3.608877 2.084462
0.409 3.630167 2.081420
0.410 3.651612 2.078561
0.411 3.669442 2.072128
0.412 3.686356 2.065761
0.413 3.698226 2.058936
0.414 3.713976 2.046746
0.415 3.726793 2.039847
0.416 3.741347 2.030316
0.417 3.751447 2.020462
0.418 3.756483 2.009449
0.419 3.763769 2.001367
0.420 3.767822 1.995223
0.421 3.771611 1.983584
0.422 3.779463 1.978045
0.423 3.781899 1.977674
0.424 3.784509 1.972556
0.425 3.787178 1.970657
0.426 3.789948 1.972981
0.427 3.792990 1.975385
0.428 3.796237 1.977847
0.429 3.800492 1.981318
0.430 3.809990 1.989725
0.431 3.815832 1.994075
0.432 3.826765 2.003372
0.433 3.836223 2.013481
0.434 3.847081 2.023405
0.435 3.863277 2.029633
0.436 3.880009 2.035818
0.437 3.900395 2.045349
0.438 3.920933 2.054650
0.439 3.941683 2.063713
0.440 3.969044 2.071460
0.441 3.997536 2.075006
0.442 4.026024 2.081684
0.443 4.056598 2.082588
0.444 4.089901 2.081784
0.445 4.123175 2.077182
0.446 4.156376 2.070727
0.447 4.189389 2.063643
0.448 4.222207 2.054512
0.449 4.254900 2.042422
0.450 4.287509 2.028808
0.451 4.317811 2.012434
0.452 4.347089 1.992949
0.453 4.378202 1.972784
0.454 4.408390 1.951773
0.455 4.436581 1.928444
0.456 4.464045 1.900656
0.457 4.487772 1.871704
0.458 4.510501 1.841595
0.459 4.532842 1.810241
0.460 4.553891 1.777933
0.461 4.569767 1.744186
0.462 4.587195 1.709792
0.463 4.600733 1.674740
0.464 4.610039 1.639333
0.465 4.617965 1.603764
0.466 4.624325 1.568158
0.467 4.626708 1.533869
0.468 4.627236 1.503045
0.469 4.626494 1.470061
0.470 4.622407 1.439851
0.471 4.619961 1.411799
0.472 4.614254 1.383958
0.473 4.606840 1.356262
0.474 4.599208 1.329047
0.475 4.593624 1.302652
0.476 4.589739 1.278275
0.477 4.581467 1.256647
0.478 4.573038 1.232986
0.479 4.564470 1.213053
0.480 4.555917 1.194138
0.481 4.546836 1.175607
0.482 4.533640 1.157435
0.483 4.522956 1.139429
0.484 4.514189 1.121477
0.485 4.505507 1.106879
0.486 4.496826 1.093540
0.487 4.488160 1.077671
0.488 4.479514 1.066530
0.489 4.470880 1.050079
0.490 4.462260 1.038436
0.491 4.453658 1.024171
0.492 4.445082 1.011331
0.493 4.436535 1.001290
0.494 4.428022 0.991123
0.495 4.419527 0.980271
0.496 4.411055 0.969993
0.497 4.402617 0.959963
0.498 4.394956 0.950500
0.499 4.389966 0.941205
0.500 4.384551 0.932018
0.501 4.376238 0.923178
0.502 4.367970 0.914864
0.503 4.359720 0.906571
0.504 4.351497 0.898411
0.505 4.343815 0.890806
0.506 4.339706 0.883435
0.507 4.334151 0.876083
0.508 4.326067 0.868775
0.509 4.318027 0.861568
0.510 4.311051 0.854595
0.511 4.308384 0.848097
0.512 4.301203 0.841675
0.513 4.293301 0.835325
0.514 4.289100 0.829084
0.515 4.284023 0.822880
0.516 4.276902 0.816917
0.517 4.270692 0.811119
0.518 4.266212 0.805345
0.519 4.261441 0.799727
0.520 4.256339 0.794348
0.521 4.252594 0.789002
0.522 4.245009 0.783726
0.523 4.237477 0.778528
0.524 4.235723 0.773330
0.525 4.229395 0.768615
0.526 4.225743 0.763709
0.527 4.221004 0.758970
0.528 4.216355 0.754248
0.529 4.212240 0.749483
0.530 4.207489 0.744895
0.531 4.203123 0.740551
0.532 4.199215 0.736235
0.533 4.193975 0.731935
0.534 4.190590 0.727653
0.535 4.185492 0.723407
0.536 4.181565 0.719205
0.537 4.177631 0.715028
0.538 4.172132 0.710858
0.539 4.170313 0.706704
0.540 4.163264 0.702596
0.541 4.161082 0.699011
0.542 4.159710 0.695152
0.543 4.155897 0.691123
0.544 4.150911 0.687243
0.545 4.148216 0.683681
0.546 4.142581 0.679844
0.547 4.139578 0.676280
0.548 4.135129 0.672858
0.549 4.130979 0.669319
0.550 4.128370 0.665666
0.551 4.126988 0.662163
0.552 4.122519 0.658862
0.553 4.118723 0.655573
0.554 4.116554 0.652138
0.555 4.114413 0.648617
0.556 4.110467 0.645153
0.557 4.106463 0.641941
0.558 4.104929 0.638742
0.559 4.102335 0.635564
0.560 4.098548 0.632408
0.561 4.094384 0.629274
0.562 4.090998 0.626141
0.563 4.086863 0.623020
0.564 4.084234 0.619921
0.565 4.082675 0.616896
0.566 4.079464 0.614051
0.567 4.075188 0.611319
0.568 4.072979 0.608390
0.569 4.071213 0.605361
0.570 4.068008 0.602353
0.571 4.063777 0.599369
0.572 4.061867 0.596547
0.573 4.060872 0.593830
0.574 4.059721 0.591156
0.575 4.056417 0.588218
0.576 4.052665 0.585474
0.577 4.049922 0.582819
0.578 4.048836 0.580180
0.579 4.045288 0.577282
0.580 4.041742 0.574595
0.581 4.039088 0.571998
0.582 4.038172 0.569397
0.583 4.034356 0.566849
0.584 4.030955 0.564262
0.585 4.028373 0.561680
0.586 4.027488 0.559209
0.587 4.026610 0.556626
0.588 4.024093 0.554108
0.589 4.019680 0.551683
0.590 4.017414 0.549056
0.591 4.016064 0.546621
0.592 4.015215 0.544220
0.593 4.014372 0.541592
0.594 4.009831 0.539261
0.595 4.006080 0.537027
0.596 4.004800 0.534842
0.597 4.003873 0.532210
0.598 4.000502 0.529825
0.599 3.995283 0.527676
0.600 3.994479 0.525466
0.601 3.993680 0.523046
0.602 3.992664 0.520574
0.603 3.990562 0.518468
0.604 3.986956 0.516371
0.605 3.983499 0.514233
0.606 3.982732 0.511943
0.607 3.981969 0.509605
0.608 3.980510 0.507328
0.609 3.977048 0.505273
0.610 3.974136 0.503228
0.611 3.971916 0.501186
0.612 3.971178 0.499147
0.613 3.970448 0.496826
0.614 3.968734 0.494487
0.615 3.963758 0.492401
0.616 3.961547 0.490377
0.617 3.960547 0.488381
0.618 3.959850 0.486387
0.619 3.959157 0.484400
0.620 3.958346 0.482419
0.621 3.956239 0.480457
0.622 3.953253 0.478501
0.623 3.949484 0.476549
0.624 3.948707 0.474602
0.625 3.948040 0.472659
0.626 3.947377 0.470722
0.627 3.943981 0.468799
0.628 3.940479 0.466883
0.629 3.938759 0.464976
0.630 3.937717 0.463070
0.631 3.937061 0.461166
0.632 3.935896 0.459271
0.633 3.933370 0.457384
0.634 3.928920 0.455507
0.635 3.927522 0.453637
0.636 3.926917 0.451770
0.637 3.926312 0.449906
0.638 3.925710 0.448047
0.639 3.925111 0.446192
0.640 3.921537 0.444352
0.641 3.918138 0.442517
0.642 3.916671 0.440688
0.643 3.915706 0.438881
0.644 3.915126 0.437091
0.645 3.913676 0.435623
0.646 3.911649 0.434114
0.647 3.907878 0.432314
0.648 3.905800 0.430519
0.649 3.905250 0.428728
0.650 3.904699 0.426940
0.651 3.904150 0.425197
0.652 3.903608 0.423776
0.653 3.901407 0.422238
0.654 3.896778 0.420528
0.655 3.894948 0.418786
0.656 3.894426 0.417029
0.657 3.893905 0.415421
0.658 3.893385 0.413843
0.659 3.892870 0.412350
0.660 3.891024 0.410750
0.661 3.887565 0.409021
0.662 3.885422 0.407551
0.663 3.883870 0.406196
0.664 3.883287 0.404536
0.665 3.882625 0.402863
0.666 3.880952 0.401271
0.667 3.878736 0.399738
0.668 3.875505 0.398316
0.669 3.873789 0.396747
0.670 3.873317 0.395057
0.671 3.872846 0.393627
0.672 3.872376 0.392288
0.673 3.871558 0.390710
0.674 3.870432 0.389137
0.675 3.866519 0.387816
0.676 3.863477 0.386460
0.677 3.863032 0.385000
0.678 3.862587 0.383534
0.679 3.862143 0.382061
0.680 3.861702 0.380689
0.681 3.861263 0.379404
0.682 3.858301 0.377939
0.683 3.854111 0.376387
0.684 3.852905 0.375016
0.685 3.852481 0.373692
0.686 3.852057 0.372311
0.687 3.851633 0.370923
0.688 3.851217 0.369438
0.689 3.850472 0.367975
0.690 3.846389 0.366736
0.691 3.842922 0.365457
0.692 3.842522 0.363987
0.693 3.842123 0.362592
0.694 3.841724 0.361448
0.695 3.840429 0.360216
0.696 3.836945 0.358769
0.697 3.834325 0.357398
0.698 3.833418 0.356178
0.699 3.832705 0.354874
0.700 3.832325 0.353431
0.701 3.831945 0.352114
0.702 3.831566 0.350992
0.703 3.829906 0.349745
0.704 3.826366 0.348312
0.705 3.823967 0.346997
0.706 3.823238 0.345853
0.707 3.822656 0.344725
0.708 3.822300 0.343622
0.709 3.821943 0.342426
0.710 3.821587 0.341076
0.711 3.820063 0.339779
0.712 3.816256 0.338588
0.713 3.813462 0.337427
0.714 3.813121 0.336340
0.715 3.812780 0.335254
0.716 3.812441 0.334171
0.717 3.812102 0.333039
0.718 3.811764 0.331663
0.719 3.811141 0.330308
0.720 3.807432 0.329190
0.721 3.803724 0.328072
0.722 3.803372 0.327004
0.723 3.803052 0.325936
0.724 3.802735 0.324872
0.725 3.802418 0.323809
0.726 3.801863 0.322747
0.727 3.801236 0.321686
0.728 3.798908 0.320628
0.729 3.795607 0.319573
0.730 3.793785 0.318521
0.731 3.793482 0.317472
0.732 3.793180 0.316315
0.733 3.792881 0.314945
0.734 3.792371 0.313630
0.735 3.790827 0.312588
0.736 3.789283 0.311545
0.737 3.787013 0.310508
0.738 3.784734 0.309472
0.739 3.784035 0.308454
0.740 3.783749 0.307441
0.741 3.783464 0.306595
0.742 3.783181 0.305869
0.743 3.782039 0.305034
0.744 3.779400 0.304009
0.745 3.776963 0.302984
0.746 3.775883 0.301965
0.747 3.774803 0.300945
0.748 3.774441 0.299931
0.749 3.774175 0.298917
0.750 3.773910 0.297906
0.751 3.773647 0.296895
0.752 3.772314 0.295886
0.753 3.768961 0.294878
0.754 3.765786 0.293880
0.755 3.765529 0.293045
0.756 3.765271 0.292210
0.757 3.765019 0.291358
0.758 3.764769 0.290499
0.759 3.764120 0.289581
0.760 3.762960 0.288587
0.761 3.761673 0.287615
0.762 3.759316 0.286830
0.763 3.756960 0.286045
0.764 3.756212 0.285179
0.765 3.755969 0.284287
0.766 3.755730 0.283359
0.767 3.755494 0.282377
0.768 3.755192 0.281403
0.769 3.752398 0.280681
0.770 3.749605 0.279959
0.771 3.748188 0.279101
0.772 3.747558 0.278165
0.773 3.747021 0.277267
0.774 3.746793 0.276493
0.775 3.746565 0.275720
0.776 3.746131 0.274888
0.777 3.745650 0.274042
0.778 3.744275 0.273251
0.779 3.741427 0.272551
0.780 3.738579 0.271851
0.781 3.738170 0.270909
0.782 3.737951 0.269949
0.783 3.737734 0.269122
0.784 3.737521 0.268451
0.785 3.737307 0.267780
0.786 3.734898 0.267055
0.787 3.732447 0.266328
0.788 3.730800 0.265554
0.789 3.730009 0.264729
0.790 3.729218 0.263904
0.791 3.728996 0.263171
0.792 3.728790 0.262440
0.793 3.728436 0.261754
0.794 3.727895 0.261125
0.795 3.727354 0.260495
0.796 3.724951 0.259807
0.797 3.722335 0.259113
0.798 3.720532 0.258430
0.799 3.720340 0.257770
0.800 3.720147 0.257111
0.801 3.719955 0.256349
0.802 3.719763 0.255553
0.803 3.719144 0.254801
0.804 3.716330 0.254272
0.805 3.713515 0.253743
0.806 3.712107 0.253067
0.807 3.711846 0.252271
0.808 3.711584 0.251476
0.809 3.711398 0.250931
0.810 3.711218 0.250406
0.811 3.711039 0.249852
0.812 3.710859 0.249219
0.813 3.710679 0.248586
0.814 3.709041 0.247927
0.815 3.706481 0.247252
0.816 3.703920 0.246577
0.817 3.703355 0.246048
0.818 3.702936 0.245531
0.819 3.702575 0.245014
0.820 3.702408 0.244498
0.821 3.702240 0.243982
0.822 3.701520 0.243412
0.823 3.700284 0.242790
0.824 3.699047 0.242169
0.825 3.697471 0.241516
0.826 3.695801 0.240854
0.827 3.694174 0.240196
0.828 3.694013 0.239687
0.829 3.693853 0.239179
0.830 3.693693 0.238671
0.831 3.693533 0.238164
0.832 3.693374 0.237657
0.833 3.692038 0.237151
0.834 3.689361 0.236645
0.835 3.686684 0.236139
0.836 3.685669 0.235635
0.837 3.685517 0.235133
0.838 3.685365 0.234630
0.839 3.685217 0.234129
0.840 3.685071 0.233628
0.841 3.684925 0.233128
0.842 3.684454 0.232629
0.843 3.683977 0.232130
0.844 3.683291 0.231631
0.845 3.681027 0.231133
0.846 3.678763 0.230636
0.847 3.676989 0.230153
0.848 3.676850 0.229719
0.849 3.676711 0.229285
0.850 3.676573 0.228891
0.851 3.676439 0.228579
0.852 3.676304 0.228267
0.853 3.675794 0.227884
0.854 3.674719 0.227393
0.855 3.673644 0.226902
0.856 3.672340 0.226411
0.857 3.670758 0.225921
0.858 3.669176 0.225432
0.859 3.668300 0.225058
0.860 3.668170 0.224808
0.861 3.668040 0.224557
0.862 3.667911 0.224190
0.863 3.667784 0.223705
0.864 3.667657 0.223221
0.865 3.666673 0.222823
0.866 3.664799 0.222515
0.867 3.662925 0.222206
0.868 3.661589 0.221845
0.869 3.660880 0.221421
0.870 3.660171 0.220998
0.871 3.659704 0.220643
0.872 3.659582 0.220385
0.873 3.659461 0.220128
0.874 3.659341 0.219799
0.875 3.659224 0.219330
0.876 3.659107 0.218861
0.877 3.658775 0.218385
0.878 3.657781 0.217887
0.879 3.656787 0.217389
0.880 3.655811 0.216897
0.881 3.654957 0.216438
0.882 3.654102 0.215979
0.883 3.653247 0.215521
0.884 3.652753 0.215233
0.885 3.652263 0.214947
0.886 3.651772 0.214661
0.887 3.651321 0.214544
0.888 3.650878 0.214460
0.889 3.650435 0.214377
0.890 3.649979 0.214082
0.891 3.649516 0.213673
0.892 3.649054 0.213264
0.893 3.648593 0.212904
0.894 3.648134 0.212606
0.895 3.647675 0.212307
0.896 3.647228 0.211973
0.897 3.646826 0.211501
0.898 3.646424 0.211030
0.899 3.646023 0.210559
0.900 3.645632 0.210087
0.901 3.645242 0.209615
0.902 3.644851 0.209144
0.903 3.644452 0.208743
0.904 3.644048 0.208374
0.905 3.643645 0.208005
0.906 3.643243 0.207676
0.907 3.642843 0.207411
0.908 3.642443 0.207146
0.909 3.642045 0.206881
0.910 3.641680 0.206621
0.911 3.641315 0.206362
0.912 3.640950 0.206102
0.913 3.640557 0.205644
0.914 3.640153 0.205105
0.915 3.639748 0.204566
0.916 3.639364 0.204114
0.917 3.639022 0.203834
0.918 3.638680 0.203553
0.919 3.638338 0.203273
0.920 3.638013 0.203027
0.921 3.637688 0.202784
0.922 3.637363 0.202540
0.923 3.637022 0.202193
0.924 3.636663 0.201746
0.925 3.636305 0.201299
0.926 3.635948 0.200852
0.927 3.635597 0.200408
0.928 3.635247 0.199964
0.929 3.634897 0.199521
0.930 3.634549 0.199069
0.931 3.634204 0.198613
0.932 3.633858 0.198156
0.933 3.633512 0.197700
0.934 3.633161 0.197253
0.935 3.632809 0.196805
0.936 3.632457 0.196357
0.937 3.632117 0.195933
0.938 3.631787 0.195526
0.939 3.631457 0.195120
0.940 3.631127 0.194713
0.941 3.630817 0.194399
0.942 3.630506 0.194085
0.943 3.630196 0.193771
0.944 3.629885 0.193475
0.945 3.629573 0.193204
0.946 3.629261 0.192933
0.947 3.628950 0.192662
0.948 3.628661 0.192264
0.949 3.628378 0.191836
0.950 3.628095 0.191407
0.951 3.627809 0.190976
0.952 3.627511 0.190530
0.953 3.627213 0.190084
0.954 3.626916 0.189638
0.955 3.626608 0.189102
0.956 3.626290 0.188477
0.957 3.625973 0.187852
0.958 3.625656 0.187228
0.959 3.625361 0.186689
0.960 3.625072 0.186169
0.961 3.624783 0.185650
0.962 3.624492 0.185148
0.963 3.624185 0.184819
0.964 3.623878 0.184490
0.965 3.623571 0.184161
0.966 3.623271 0.183854
0.967 3.622982 0.183590
0.968 3.622694 0.183327
0.969 3.622405 0.183063
0.970 3.622125 0.182708
0.971 3.621851 0.182280
0.972 3.621577 0.181852
0.973 3.621303 0.181424
0.974 3.621034 0.180990
0.975 3.620766 0.180556
0.976 3.620498 0.180121
0.977 3.620230 0.179686
0.978 3.619986 0.179279
0.979 3.619744 0.178874
0.980 3.619502 0.178470
0.981 3.619259 0.178064
0.982 3.619002 0.177618
0.983 3.618745 0.177171
0.984 3.618488 0.176724
0.985 3.618230 0.176294
0.986 3.617969 0.175971
0.987 3.617709 0.175649
0.988 3.617448 0.175326
0.989 3.617187 0.175003
0.990 3.616928 0.174673
0.991 3.616668 0.174343
0.992 3.616408 0.174013
0.993 3.616147 0.173672
0.994 3.615881 0.173299
0.995 3.615614 0.172926
0.996 3.615348 0.172552
0.997 3.615089 0.172180
0.998 3.614856 0.171812
0.999 3.614622 0.171444
1.000 3.614388 0.171076
1.001 3.614154 0.170700
1.002 3.613915 0.170298
1.003 3.613676 0.169896
1.004 3.613437 0.169494
1.005 3.613198 0.169093
1.006 3.612953 0.168698
1.007 3.612708 0.168303
1.008 3.612463 0.167908
1.009 3.612219 0.167521
1.010 3.611990 0.167285
1.011 3.611761 0.167050
1.012 3.611531 0.166814
1.013 3.611302 0.166578
1.014 3.611067 0.166353
1.015 3.610831 0.166128
1.016 3.610596 0.165903
1.017 3.610360 0.165678
1.018 3.610155 0.165470
1.019 3.609958 0.165267
1.020 3.609762 0.165065
1.021 3.609565 0.164862
1.022 3.609362 0.164633
1.023 3.609153 0.164384
1.024 3.608944 0.164135
1.025 3.608735 0.163886
1.026 3.608532 0.163647
1.027 3.608340 0.163429
1.028 3.608149 0.163211
1.029 3.607957 0.162993
1.030 3.607765 0.162776
1.031 3.607559 0.162557
1.032 3.607354 0.162339
1.033 3.607149 0.162121
1.034 3.606944 0.161902
1.035 3.606744 0.161700
1.036 3.606546 0.161503
1.037 3.606347 0.161306
1.038 3.606149 0.161109
1.039 3.605954 0.160946
1.040 3.605764 0.160831
1.041 3.605574 0.160716
1.042 3.605385 0.160601
1.043 3.605195 0.160475
1.044 3.605001 0.160148
1.045 3.604806 0.159821
1.046 3.604612 0.159495
1.047 3.604418 0.159168
1.048 3.604224 0.158925
1.049 3.604031 0.158731
1.050 3.603837 0.158537
1.051 3.603643 0.158342
1.052 3.603451 0.158161
1.053 3.603272 0.158033
1.054 3.603092 0.157906
1.055 3.602912 0.157779
1.056 3.602732 0.157652
1.057 3.602565 0.157444
1.058 3.602404 0.157202
1.059 3.602244 0.156961
1.060 3.602083 0.156719
1.061 3.601918 0.156479
1.062 3.601736 0.156248
1.063 3.601553 0.156016
1.064 3.601371 0.155785
1.065 3.601188 0.155553
1.066 3.601006 0.155350
1.067 3.600826 0.155163
1.068 3.600645 0.154977
1.069 3.600464 0.154791
1.070 3.600283 0.154604
1.071 3.600109 0.154272
1.072 3.599936 0.153941
1.073 3.599763 0.153609
1.074 3.599590 0.153278
1.075 3.599418 0.152982
1.076 3.599250 0.152750
1.077 3.599081 0.152518
1.078 3.598913 0.152286
1.079 3.598744 0.152053
1.080 3.598579 0.151918
1.081 3.598415 0.151828
1.082 3.598251 0.151738
1.083 3.598087 0.151648
1.084 3.597923 0.151558
1.085 3.597770 0.151391
1.086 3.597618 0.151220
1.087 3.597467 0.151049
1.088 3.597315 0.150878
1.089 3.597164 0.150692
1.090 3.597021 0.150442
1.091 3.596877 0.150192
1.092 3.596733 0.149942
1.093 3.596590 0.149692
1.094 3.596448 0.149457
1.095 3.596308 0.149247
1.096 3.596169 0.149038
1.097 3.596029 0.148828
1.098 3.595890 0.148618
1.099 3.595752 0.148404
1.100 3.595617 0.148186
1.101 3.595481 0.147967
1.102 3.595345 0.147749
1.103 3.595209 0.147531
1.104 3.595082 0.147342
1.105 3.594961 0.147171
1.106 3.594839 0.147001
1.107 3.594718 0.146830
1.108 3.594596 0.146659
1.109 3.594481 0.146475
1.110 3.594368 0.146284
1.111 3.594255 0.146093
1.112 3.594142 0.145902
1.113 3.594029 0.145711
1.114 3.593919 0.145490
1.115 3.593809 0.145255
1.116 3.593700 0.145021
1.117 3.593591 0.144786
1.118 3.593482 0.144552
1.119 3.593375 0.144246
1.120 3.593269 0.143905
1.121 3.593164 0.143565
1.122 3.593058 0.143224
1.123 3.592952 0.142883
1.124 3.592853 0.142610
1.125 3.592758 0.142381
1.126 3.592662 0.142153
1.127 3.592567 0.141924
1.128 3.592471 0.141695
1.129 3.592379 0.141483
1.130 3.592290 0.141290
1.131 3.592201 0.141096
1.132 3.592112 0.140902
1.133 3.592023 0.140708
1.134 3.591935 0.140484
1.135 3.591850 0.140193
1.136 3.591764 0.139902
1.137 3.591678 0.139611
1.138 3.591593 0.139321
1.139 3.591508 0.139022
1.140 3.591425 0.138650
1.141 3.591343 0.138277
1.142 3.591260 0.137905
1.143 3.591178 0.137533
1.144 3.591096 0.137160
1.145 3.591017 0.136828
1.146 3.590939 0.136504
1.147 3.590861 0.136180
1.148 3.590783 0.135856
1.149 3.590704 0.135531
1.150 3.590628 0.135281
1.151 3.590554 0.135099
1.152 3.590480 0.134916
1.153 3.590406 0.134734
1.154 3.590332 0.134551
1.155 3.590258 0.134360
1.156 3.590187 0.134126
1.157 3.590116 0.133892
1.158 3.590046 0.133658
1.159 3.589975 0.133423
1.160 3.589904 0.133189
1.161 3.589836 0.132938
1.162 3.589769 0.132682
1.163 3.589702 0.132425
1.164 3.589635 0.132168
1.165 3.589568 0.131912
1.166 3.589498 0.131607
1.167 3.589424 0.131183
1.168 3.589349 0.130760
1.169 3.589275 0.130336
1.170 3.589200 0.129913
1.171 3.589126 0.129490
1.172 3.589051 0.129117
1.173 3.588976 0.128760
1.174 3.588901 0.128403
1.175 3.588826 0.128046
1.176 3.588751 0.127688
1.177 3.588677 0.127318
1.178 3.588606 0.126898
1.179 3.588535 0.126477
1.180 3.588463 0.126057
1.181 3.588392 0.125636
1.182 3.588321 0.125216
1.183 3.588252 0.124821
1.184 3.588184 0.124444
1.185 3.588117 0.124068
1.186 3.588050 0.123691
1.187 3.587983 0.123314
1.188 3.587916 0.122937
1.189 3.587826 0.122536
1.190 3.587735 0.122132
1.191 3.587644 0.121728
1.192 3.587553 0.121324
1.193 3.587461 0.120920
1.194 3.587369 0.120526
1.195 3.587271 0.120175
1.196 3.587173 0.119824
1.197 3.587075 0.119473
1.198 3.586978 0.119122
1.199 3.586880 0.118771
1.200 3.586784 0.118428
1.201 3.586690 0.118098
1.202 3.586596 0.117767
1.203 3.586503 0.117437
1.204 3.586409 0.117106
1.205 3.586315 0.116776
1.206 3.586224 0.116383
1.207 3.586135 0.115943
1.208 3.586046 0.115502
1.209 3.585957 0.115062
1.210 3.585868 0.114621
1.211 3.585780 0.114180
1.212 3.585675 0.113800
1.213 3.585562 0.113452
1.214 3.585449 0.113103
1.215 3.585336 0.112754
1.216 3.585223 0.112405
1.217 3.585110 0.112056
1.218 3.584993 0.111649
1.219 3.584875 0.111217
1.220 3.584757 0.110785
1.221 3.584639 0.110353
1.222 3.584521 0.109921
1.223 3.584403 0.109489
1.224 3.584289 0.109146
1.225 3.584177 0.108843
1.226 3.584065 0.108539
1.227 3.583953 0.108235
1.228 3.583841 0.107931
1.229 3.583728 0.107628
1.230 3.583620 0.107275
1.231 3.583514 0.106893
1.232 3.583409 0.106511
1.233 3.583303 0.106128
1.234 3.583197 0.105746
1.235 3.583091 0.105364
1.236 3.582983 0.104985
1.237 3.582873 0.104611
1.238 3.582762 0.104237
1.239 3.582651 0.103863
1.240 3.582541 0.103488
1.241 3.582430 0.103114
1.242 3.582320 0.102761
1.243 3.582214 0.102458
1.244 3.582107 0.102156
1.245 3.582000 0.101854
1.246 3.581893 0.101552
1.247 3.581787 0.101249
1.248 3.581680 0.100944
1.249 3.581582 0.100551
1.250 3.581484 0.100158
1.251 3.581386 0.099765
1.252 3.581288 0.099371
1.253 3.581190 0.098978
1.254 3.581092 0.098585
1.255 3.581001 0.098233
1.256 3.580914 0.097899
1.257 3.580826 0.097565
1.258 3.580739 0.097231
1.259 3.580652 0.096896
1.260 3.580564 0.096562
1.261 3.580485 0.096179
1.262 3.580424 0.095691
1.263 3.580364 0.095203
1.264 3.580303 0.094715
1.265 3.580242 0.094227
1.266 3.580181 0.093739
1.267 3.580121 0.093251
1.268 3.580077 0.092820
1.269 3.580035 0.092399
1.270 3.579993 0.091978
1.271 3.579952 0.091556
1.272 3.579910 0.091135
1.273 3.579868 0.090714
1.274 3.579833 0.090318
1.275 3.579809 0.089969
1.276 3.579785 0.089621
1.277 3.579761 0.089273
1.278 3.579737 0.088924
1.279 3.579712 0.088576
1.280 3.579688 0.088228
1.281 3.579681 0.087869
1.282 3.579679 0.087506
1.283 3.579677 0.087144
1.284 3.579675 0.086781
1.285 3.579673 0.086419
1.286 3.579671 0.086057
1.287 3.579680 0.085687
1.288 3.579780 0.085259
1.289 3.579880 0.084831
1.290 3.579979 0.084402
1.291 3.580079 0.083974
1.292 3.580179 0.083546
1.293 3.580278 0.083117
1.294 3.580402 0.082670
1.295 3.580563 0.082192
1.296 3.580724 0.081714
1.297 3.580885 0.081236
1.298 3.581046 0.080758
1.299 3.581207 0.080280
1.300 3.581368 0.079802
1.301 3.581562 0.079316
1.302 3.581778 0.078823
1.303 3.581993 0.078331
1.304 3.582209 0.077838
1.305 3.582425 0.077346
1.306 3.582641 0.076853
1.307 3.582856 0.076361
1.308 3.583126 0.075856
1.309 3.583415 0.075347
1.310 3.583705 0.074839
1.311 3.583995 0.074330
1.312 3.584284 0.073821
1.313 3.584574 0.073312
1.314 3.584863 0.072803
1.315 3.585248 0.072118
1.316 3.585658 0.071386
1.317 3.586069 0.070654
1.318 3.586480 0.069922
1.319 3.586890 0.069189
1.320 3.587301 0.068457
1.321 3.587711 0.067725
1.322 3.588203 0.066837
1.323 3.588719 0.065902
1.324 3.589235 0.064968
1.325 3.589751 0.064033
1.326 3.590267 0.063099
1.327 3.590783 0.062165
1.328 3.591299 0.061230
1.329 3.591857 0.060338
1.330 3.592435 0.059466
1.331 3.593013 0.058594
1.332 3.593591 0.057722
1.333 3.594169 0.056849
1.334 3.594747 0.055977
1.335 3.595325 0.055105
1.336 3.595887 0.054184
1.337 3.596436 0.053217
1.338 3.596985 0.052250
1.339 3.597534 0.051283
1.340 3.598083 0.050317
1.341 3.598631 0.049350
1.342 3.599180 0.048383
1.343 3.599530 0.047356
1.344 3.599359 0.046174
1.345 3.599189 0.044991
1.346 3.599018 0.043808
1.347 3.598848 0.042625
1.348 3.598677 0.041442
1.349 3.598507 0.040259
1.350 3.598336 0.039076
1.351 3.598166 0.037893
1.352 3.597995 0.036710
1.353 3.597642 0.035475
1.354 3.597189 0.034213
1.355 3.596736 0.032951
1.356 3.596284 0.031689
1.357 3.595831 0.030427
1.358 3.595378 0.029165
1.359 3.594925 0.027903
1.360 3.594472 0.026641
1.361 3.594019 0.025379
1.362 3.593567 0.024117
1.363 3.592824 0.023286
1.364 3.592041 0.022514
1.365 3.591258 0.021742
1.366 3.590475 0.020970
1.367 3.589693 0.020199
1.368 3.588910 0.019427
1.369 3.588127 0.018655
1.370 3.587344 0.017883
1.371 3.586562 0.017112
1.372 3.585779 0.016340
1.373 3.584764 0.015678
1.374 3.583742 0.015020
1.375 3.582720 0.014361
1.376 3.581698 0.013703
1.377 3.580676 0.013045
1.378 3.579654 0.012387
1.379 3.578632 0.011728
1.380 3.577610 0.011070
1.381 3.576588 0.010412
1.382 3.575566 0.009753
1.383 3.574546 0.009333
1.384 3.573526 0.008935
1.385 3.572506 0.008538
1.386 3.571486 0.008140
1.387 3.570466 0.007743
1.388 3.569446 0.007345
1.389 3.568426 0.006947
1.390 3.567406 0.006550
1.391 3.566386 0.006152
1.392 3.565366 0.005755
1.393 3.564325 0.005494
1.394 3.563274 0.005290
1.395 3.562224 0.005085
1.396 3.561174 0.004881
1.397 3.560123 0.004677
1.398 3.559073 0.004473
1.399 3.558023 0.004268
1.400 3.556973 0.004064
1.401 3.555922 0.003860
1.402 3.554872 0.003656
1.403 3.553855 0.003474
1.404 3.552900 0.003333
1.405 3.551946 0.003193
1.406 3.550991 0.003053
1.407 3.550036 0.002912
1.408 3.549081 0.002772
1.409 3.548126 0.002631
1.410 3.547171 0.002491
1.411 3.546216 0.002351
1.412 3.545262 0.002210
1.413 3.544307 0.002070
1.414 3.543428 0.002014
1.415 3.542564 0.001975
1.416 3.541699 0.001936
1.417 3.540835 0.001897
1.418 3.539971 0.001858
1.419 3.539107 0.001819
1.420 3.538242 0.001779
1.421 3.537378 0.001740
1.422 3.536514 0.001701
1.423 3.535649 0.001662
1.424 3.534806 0.001620
1.425 3.534065 0.001566
1.426 3.533325 0.001511
1.427 3.532584 0.001457
1.428 3.531843 0.001402
1.429 3.531102 0.001348
1.430 3.530362 0.001293
1.431 3.529621 0.001239
1.432 3.528880 0.001184
1.433 3.528139 0.001130
1.434 3.527399 0.001075
1.435 3.526686 0.001033
1.436 3.526030 0.001014
1.437 3.525374 0.000996
1.438 3.524718 0.000977
1.439 3.524061 0.000959
1.440 3.523405 0.000940
1.441 3.522749 0.000922
1.442 3.522093 0.000903
1.443 3.521437 0.000885
1.444 3.520780 0.000867
1.445 3.520124 0.000848
1.446 3.519496 0.000835
1.447 3.518924 0.000830
1.448 3.518352 0.000826
1.449 3.517780 0.000822
1.450 3.517208 0.000818
1.451 3.516636 0.000814
1.452 3.516064 0.000810
1.453 3.515492 0.000806
1.454 3.514920 0.000802
1.455 3.514348 0.000798
1.456 3.513776 0.000794
1.457 3.513213 0.000788
1.458 3.512692 0.000767
1.459 3.512171 0.000747
1.460 3.511651 0.000727
1.461 3.511130 0.000707
1.462 3.510610 0.000687
1.463 3.510089 0.000666
1.464 3.509569 0.000646
1.465 3.509048 0.000626
1.466 3.508528 0.000606
1.467 3.508007 0.000586
1.468 3.507486 0.000565
1.469 3.506998 0.000550
1.470 3.506517 0.000536
1.471 3.506035 0.000522
1.472 3.505554 0.000507
1.473 3.505072 0.000493
1.474 3.504591 0.000479
1.475 3.504109 0.000464
1.476 3.503628 0.000450
1.477 3.503146 0.000436
1.478 3.502665 0.000421
1.479 3.502183 0.000407
1.480 3.501706 0.000393
1.481 3.501236 0.000379
1.482 3.500767 0.000365
1.483 3.500298 0.000351
1.484 3.499829 0.000337
1.485 3.499359 0.000322
1.486 3.498890 0.000308
1.487 3.498421 0.000294
1.488 3.497952 0.000280
1.489 3.497482 0.000266
1.490 3.497013 0.000252
1.491 3.496544 0.000238
1.492 3.496084 0.000224
1.493 3.495631 0.000210
1.494 3.495177 0.000197
1.495 3.494724 0.000183
1.496 3.494270 0.000169
1.497 3.493817 0.000155
1.498 3.493363 0.000141
1.499 3.492910 0.000128
1.500 3.492456 0.000114
1.501 3.492003 0.000100
1.502 3.491549 0.000086
1.503 3.491096 0.000073
1.504 3.490651 0.000065
1.505 3.490209 0.000059
1.506 3.489768 0.000053
1.507 3.489326 0.000047
1.508 3.488885 0.000042
1.509 3.488443 0.000036
1.510 3.488002 0.000030
1.511 3.487560 0.000025
1.512 3.487119 0.000019
1.513 3.486677 0.000013
1.514 3.486236 0.000008
1.515 3.485795 0.000002
1.516 3.485361 0.000000
1.517 3.484933 0.000000
1.518 3.484504 0.000000
1.519 3.484076 0.000000
1.520 3.483647 0.000000
1.521 3.483219 0.000000
1.522 3.482790 0.000000
1.523 3.482362 0.000000
1.524 3.481933 0.000000
1.525 3.481505 0.000000
1.526 3.481076 0.000000
1.527 3.480648 0.000000
1.528 3.480223 0.000000
1.529 3.479805 0.000000
1.530 3.479387 0.000000
1.531 3.478970 0.000000
1.532 3.478552 0.000000
1.533 3.478134 0.000000
1.534 3.477716 0.000000
1.535 3.477299 0.000000
1.536 3.476881 0.000000
1.537 3.476463 0.000000
1.538 3.476045 0.000000
1.539 3.475628 0.000000
1.540 3.475210 0.000000
1.541 3.474801 0.000000
1.542 3.474393 0.000000
1.543 3.473985 0.000000
1.544 3.473577 0.000000
1.545 3.473169 0.000000
1.546 3.472761 0.000000
1.547 3.472353 0.000000
1.548 3.471945 0.000000
1.549 3.471537 0.000000
1.550 3.471129 0.000000
1.551 3.470721 0.000000
1.552 3.470313 0.000000
1.553 3.469907 0.000000
1.554 3.469510 0.000000
1.555 3.469114 0.000000
1.556 3.468717 0.000000
1.557 3.468320 0.000000
1.558 3.467923 0.000000
1.559 3.467527 0.000000
1.560 3.467130 0.000000
1.561 3.466733 0.000000
1.562 3.466336 0.000000
1.563 3.465940 0.000000
1.564 3.465543 0.000000
1.565 3.465146 0.000000
1.566 3.464752 0.000000
1.567 3.464364 0.000000
1.568 3.463976 0.000000
1.569 3.463588 0.000000
1.570 3.463200 0.000000
1.571 3.462812 0.000000
1.572 3.462424 0.000000
1.573 3.462036 0.000000
1.574 3.461648 0.000000
1.575 3.461260 0.000000
1.576 3.460872 0.000000
1.577 3.460484 0.000000
1.578 3.460095 0.000000
1.579 3.459709 0.000000
1.580 3.459332 0.000000
1.581 3.458954 0.000000
1.582 3.458577 0.000000
1.583 3.458199 0.000000
1.584 3.457821 0.000000
1.585 3.457444 0.000000
1.586 3.457066 0.000000
1.587 3.456689 0.000000
1.588 3.456311 0.000000
1.589 3.455933 0.000000
1.590 3.455556 0.000000
1.591 3.455178 0.000000
1.592 3.454801 0.000000
1.593 3.454429 0.000000
1.594 3.454059 0.000000
1.595 3.453688 0.000000
1.596 3.453318 0.000000
1.597 3.452948 0.000000
1.598 3.452577 0.000000
1.599 3.452207 0.000000
1.600 3.451836 0.000000
1.601 3.451466 0.000000
1.602 3.451095 0.000000
1.603 3.450725 0.000000
1.604 3.450355 0.000000
1.605 3.449984 0.000000
1.606 3.449617 0.000000
1.607 3.449259 0.000000
1.608 3.448901 0.000000
1.609 3.448542 0.000000
1.610 3.448184 0.000000
1.611 3.447825 0.000000
1.612 3.447467 0.000000
1.613 3.447108 0.000000
1.614 3.446750 0.000000
1.615 3.446392 0.000000
1.616 3.446033 0.000000
1.617 3.445675 0.000000
1.618 3.445316 0.000000
1.619 3.444958 0.000000
1.620 3.444603 0.000000
1.621 3.444251 0.000000
1.622 3.443900 0.000000
1.623 3.443548 0.000000
1.624 3.443196 0.000000
1.625 3.442845 0.000000
1.626 3.442493 0.000000
1.627 3.442142 0.000000
1.628 3.441790 0.000000
1.629 3.441438 0.000000
1.630 3.441087 0.000000
1.631 3.440735 0.000000
1.632 3.440383 0.000000
1.633 3.440032 0.000000
1.634 3.439685 0.000000
1.635 3.439343 0.000000
1.636 3.439001 0.000000
1.637 3.438659 0.000000
1.638 3.438317 0.000000
1.639 3.437975 0.000000
1.640 3.437633 0.000000
1.641 3.437290 0.000000
1.642 3.436948 0.000000
1.643 3.436606 0.000000
1.644 3.436264 0.000000
1.645 3.435922 0.000000
1.646 3.435580 0.000000
1.647 3.435238 0.000000
1.648 3.434897 0.000000
1.649 3.434561 0.000000
1.650 3.434224 0.000000
1.651 3.433887 0.000000
1.652 3.433551 0.000000
1.653 3.433214 0.000000
1.654 3.432877 0.000000
1.655 3.432541 0.000000
1.656 3.432204 0.000000
1.657 3.431867 0.000000
1.658 3.431531 0.000000
1.659 3.431194 0.000000
1.660 3.430857 0.000000
1.661 3.430521 0.000000
1.662 3.430184 0.000000
1.663 3.429854 0.000000
1.664 3.429527 0.000000
1.665 3.429200 0.000000
1.666 3.428873 0.000000
1.667 3.428546 0.000000
1.668 3.428219 0.000000
1.669 3.427892 0.000000
1.670 3.427565 0.000000
1.671 3.427238 0.000000
1.672 3.426911 0.000000
1.673 3.426584 0.000000
1.674 3.426257 0.000000
1.675 3.425930 0.000000
1.676 3.425604 0.000000
1.677 3.425277 0.000000
1.678 3.424954 0.000000
1.679 3.424632 0.000000
1.680 3.424311 0.000000
1.681 3.423989 0.000000
1.682 3.423667 0.000000
1.683 3.423345 0.000000
1.684 3.423023 0.000000
1.685 3.422701 0.000000
1.686 3.422379 0.000000
1.687 3.422058 0.000000
1.688 3.421736 0.000000
1.689 3.421414 0.000000
1.690 3.421092 0.000000
1.691 3.420770 0.000000
1.692 3.420448 0.000000
1.693 3.420134 0.000000
1.694 3.419822 0.000000
1.695 3.419509 0.000000
1.696 3.419197 0.000000
1.697 3.418884 0.000000
1.698 3.418572 0.000000
1.699 3.418259 0.000000
1.700 3.417947 0.000000
1.701 3.417634 0.000000
1.702 3.417322 0.000000
1.703 3.417009 0.000000
1.704 3.416697 0.000000
1.705 3.416384 0.000000
1.706 3.416071 0.000000
1.707 3.415759 0.000000
1.708 3.415449 0.000000
1.709 3.415142 0.000000
1.710 3.414835 0.000000
1.711 3.414528 0.000000
1.712 3.414221 0.000000
1.713 3.413913 0.000000
1.714 3.413606 0.000000
1.715 3.413299 0.000000
1.716 3.412992 0.000000
1.717 3.412685 0.000000
1.718 3.412377 0.000000
1.719 3.412070 0.000000
1.720 3.411763 0.000000
1.721 3.411456 0.000000
1.722 3.411149 0.000000
1.723 3.410841 0.000000
1.724 3.410543 0.000000
1.725 3.410246 0.000000
1.726 3.409949 0.000000
1.727 3.409652 0.000000
1.728 3.409355 0.000000
1.729 3.409058 0.000000
1.730 3.408760 0.000000
1.731 3.408463 0.000000
1.732 3.408166 0.000000
1.733 3.407869 0.000000
1.734 3.407572 0.000000
1.735 3.407275 0.000000
1.736 3.406977 0.000000
1.737 3.406680 0.000000
1.738 3.406383 0.000000
1.739 3.406086 0.000000
1.740 3.405794 0.000000
1.741 3.405502 0.000000
1.742 3.405210 0.000000
1.743 3.404918 0.000000
1.744 3.404626 0.000000
1.745 3.404334 0.000000
1.746 3.404042 0.000000
1.747 3.403750 0.000000
1.748 3.403458 0.000000
1.749 3.403166 0.000000
1.750 3.402874 0.000000
1.751 3.402582 0.000000
1.752 3.402290 0.000000
1.753 3.401998 0.000000
1.754 3.401706 0.000000
1.755 3.401414 0.000000
1.756 3.401128 0.000000
1.757 3.400843 0.000000
1.758 3.400558 0.000000
1.759 3.400273 0.000000
1.760 3.399988 0.000000
1.761 3.399703 0.000000
1.762 3.399418 0.000000
1.763 3.399133 0.000000
1.764 3.398848 0.000000
1.765 3.398564 0.000000
1.766 3.398279 0.000000
1.767 3.397994 0.000000
1.768 3.397709 0.000000
1.769 3.397424 0.000000
1.770 3.397139 0.000000
1.771 3.396854 0.000000
1.772 3.396571 0.000000
1.773 3.396291 0.000000
1.774 3.396012 0.000000
1.775 3.395732 0.000000
1.776 3.395453 0.000000
1.777 3.395173 0.000000
1.778 3.394894 0.000000
1.779 3.394614 0.000000
1.780 3.394335 0.000000
1.781 3.394055 0.000000
1.782 3.393775 0.000000
1.783 3.393496 0.000000
1.784 3.393216 0.000000
1.785 3.392937 0.000000
1.786 3.392657 0.000000
1.787 3.392378 0.000000
1.788 3.392098 0.000000
1.789 3.391823 0.000000
1.790 3.391551 0.000000
1.791 3.391279 0.000000
1.792 3.391008 0.000000
1.793 3.390736 0.000000
1.794 3.390464 0.000000
1.795 3.390192 0.000000
1.796 3.389920 0.000000
1.797 3.389649 0.000000
1.798 3.389377 0.000000
1.799 3.389105 0.000000
1.800 3.388833 0.000000
1.801 3.388561 0.000000
1.802 3.388290 0.000000
1.803 3.388018 0.000000
1.804 3.387746 0.000000
1.805 3.387474 0.000000
1.806 3.387205 0.000000
1.807 3.386939 0.000000
1.808 3.386672 0.000000
1.809 3.386406 0.000000
1.810 3.386140 0.000000
1.811 3.385873 0.000000
1.812 3.385607 0.000000
1.813 3.385341 0.000000
1.814 3.385075 0.000000
1.815 3.384808 0.000000
1.816 3.384542 0.000000
1.817 3.384276 0.000000
1.818 3.384009 0.000000
1.819 3.383743 0.000000
1.820 3.383477 0.000000
1.821 3.383211 0.000000
1.822 3.382944 0.000000
1.823 3.382678 0.000000
1.824 3.382419 0.000000
1.825 3.382160 0.000000
1.826 3.381901 0.000000
1.827 3.381642 0.000000
1.828 3.381383 0.000000
1.829 3.381124 0.000000
1.830 3.380865 0.000000
1.831 3.380606 0.000000
1.832 3.380347 0.000000
1.833 3.380088 0.000000
1.834 3.379829 0.000000
1.835 3.379570 0.000000
1.836 3.379311 0.000000
1.837 3.379052 0.000000
1.838 3.378793 0.000000
1.839 3.378534 0.000000
1.840 3.378275 0.000000
1.841 3.378017 0.000000
1.842 3.377763 0.000000
1.843 3.377509 0.000000
1.844 3.377256 0.000000
1.845 3.377002 0.000000
1.846 3.376748 0.000000
1.847 3.376494 0.000000
1.848 3.376240 0.000000
1.849 3.375986 0.000000
1.850 3.375733 0.000000
1.851 3.375479 0.000000
1.852 3.375225 0.000000
1.853 3.374971 0.000000
1.854 3.374717 0.000000
1.855 3.374463 0.000000
1.856 3.374210 0.000000
1.857 3.373956 0.000000
1.858 3.373702 0.000000
1.859 3.373448 0.000000
1.860 3.373201 0.000000
1.861 3.372953 0.000000
1.862 3.372705 0.000000
1.863 3.372457 0.000000
1.864 3.372209 0.000000
1.865 3.371961 0.000000
1.866 3.371714 0.000000
1.867 3.371466 0.000000
1.868 3.371218 0.000000
1.869 3.370970 0.000000
1.870 3.370722 0.000000
1.871 3.370474 0.000000
1.872 3.370227 0.000000
1.873 3.369979 0.000000
1.874 3.369731 0.000000
1.875 3.369483 0.000000
1.876 3.369235 0.000000
1.877 3.368987 0.000000
1.878 3.368743 0.000000
1.879 3.368500 0.000000
1.880 3.368258 0.000000
1.881 3.368016 0.000000
1.882 3.367774 0.000000
1.883 3.367532 0.000000
1.884 3.367290 0.000000
1.885 3.367047 0.000000
1.886 3.366805 0.000000
1.887 3.366563 0.000000
1.888 3.366321 0.000000
1.889 3.366079 0.000000
1.890 3.365837 0.000000
1.891 3.365594 0.000000
1.892 3.365352 0.000000
1.893 3.365110 0.000000
1.894 3.364868 0.000000
1.895 3.364626 0.000000
1.896 3.364384 0.000000
1.897 3.364146 0.000000
1.898 3.363910 0.000000
1.899 3.363674 0.000000
1.900 3.363438 0.000000
1.901 3.363203 0.000000
1.902 3.362967 0.000000
1.903 3.362731 0.000000
1.904 3.362495 0.000000
1.905 3.362260 0.000000
1.906 3.362024 0.000000
1.907 3.361788 0.000000
1.908 3.361552 0.000000
1.909 3.361317 0.000000
1.910 3.361081 0.000000
1.911 3.360845 0.000000
1.912 3.360609 0.000000
1.913 3.360373 0.000000
1.914 3.360138 0.000000
1.915 3.359902 0.000000
1.916 3.359668 0.000000
1.917 3.359438 0.000000
1.918 3.359207 0.000000
1.919 3.358977 0.000000
1.920 3.358746 0.000000
1.921 3.358515 0.000000
1.922 3.358285 0.000000
1.923 3.358054 0.000000
1.924 3.357824 0.000000
1.925 3.357593 0.000000
1.926 3.357363 0.000000
1.927 3.357132 0.000000
1.928 3.356901 0.000000
1.929 3.356671 0.000000
1.930 3.356440 0.000000
1.931 3.356210 0.000000
1.932 3.355979 0.000000
1.933 3.355749 0.000000
1.934 3.355518 0.000000
1.935 3.355287 0.000000
1.936 3.355061 0.000000
1.937 3.354835 0.000000
1.938 3.354610 0.000000
1.939 3.354385 0.000000
1.940 3.354160 0.000000
1.941 3.353934 0.000000
1.942 3.353709 0.000000
1.943 3.353484 0.000000
1.944 3.353259 0.000000
1.945 3.353033 0.000000
1.946 3.352808 0.000000
1.947 3.352583 0.000000
1.948 3.352358 0.000000
1.949 3.352132 0.000000
1.950 3.351907 0.000000