# optical n&k TableODB values for p-GaAs (dop:+3.000e+16) according to Levinshtein et.al. 
# wavelength range 1-6 eV 
# columnentries: wavelength [um] refraction [1] extinction [1] 
# absorption data: 
# 1-1.3 eV set to constant value of 1.3 eV 
# 1.3-1.57 eV for 11 different dopings according to Levinshtein 
# 1.57-1.8 eV skipped to maintain smoothness 
# 1.8-6 eV identical for all doping levels according to Levinshtein 
# refractive index data: 
# 1-1.3 Blakemore J.Appl.Phys.(USA) vol 62. (1987) p.4528 
# 1.31-1.49 Casey J.Appl.Phys.(USA) vol 46. (1975) p.250 
# 1.5-6 Aspnes Phys.Rev.B(USA) vol 27. (1983) p.985 
# created by G. Letay on 03.07.2007 - 18:39
+2.0664e-01 +1.2640e+00 +2.2250e+00 
+2.0838e-01 +1.2760e+00 +2.2587e+00 
+2.1014e-01 +1.2880e+00 +2.2970e+00 
+2.1194e-01 +1.2995e+00 +2.3644e+00 
+2.1377e-01 +1.3110e+00 +2.4383e+00 
+2.1562e-01 +1.3180e+00 +2.5153e+00 
+2.1752e-01 +1.3250e+00 +2.5636e+00 
+2.1944e-01 +1.3370e+00 +2.6518e+00 
+2.2140e-01 +1.3490e+00 +2.7655e+00 
+2.2339e-01 +1.3660e+00 +2.8730e+00 
+2.2543e-01 +1.3830e+00 +2.9950e+00 
+2.2749e-01 +1.4065e+00 +3.0709e+00 
+2.2960e-01 +1.4300e+00 +3.1039e+00 
+2.3175e-01 +1.4645e+00 +3.1756e+00 
+2.3393e-01 +1.4990e+00 +3.2054e+00 
+2.3616e-01 +1.5490e+00 +3.2358e+00 
+2.3843e-01 +1.5990e+00 +3.2668e+00 
+2.4075e-01 +1.7005e+00 +3.2858e+00 
+2.4311e-01 +1.8020e+00 +3.1893e+00 
+2.4551e-01 +2.0375e+00 +3.1361e+00 
+2.4797e-01 +2.2730e+00 +3.0702e+00 
+2.5047e-01 +2.5815e+00 +2.9465e+00 
+2.5303e-01 +2.8900e+00 +2.8626e+00 
+2.5564e-01 +3.1160e+00 +2.7250e+00 
+2.5830e-01 +3.3420e+00 +2.6398e+00 
+2.6102e-01 +3.4700e+00 +2.5881e+00 
+2.6380e-01 +3.5980e+00 +2.5130e+00 
+2.6663e-01 +3.6835e+00 +2.4339e+00 
+2.6953e-01 +3.7690e+00 +2.3657e+00 
+2.7249e-01 +3.8410e+00 +2.2937e+00 
+2.7552e-01 +3.9130e+00 +2.2402e+00 
+2.7862e-01 +3.9640e+00 +2.1857e+00 
+2.8178e-01 +4.0150e+00 +2.1608e+00 
+2.8502e-01 +3.9770e+00 +2.0897e+00 
+2.8834e-01 +3.9390e+00 +2.0512e+00 
+2.9173e-01 +3.8745e+00 +2.0130e+00 
+2.9520e-01 +3.8100e+00 +1.9752e+00 
+2.9876e-01 +3.7510e+00 +1.9513e+00 
+3.0240e-01 +3.6920e+00 +1.9291e+00 
+3.0613e-01 +3.6465e+00 +1.9398e+00 
+3.0996e-01 +3.6010e+00 +1.9402e+00 
+3.1388e-01 +3.5695e+00 +1.9589e+00 
+3.1791e-01 +3.5380e+00 +2.0141e+00 
+3.2204e-01 +3.5195e+00 +2.0712e+00 
+3.2627e-01 +3.5010e+00 +2.0983e+00 
+3.3062e-01 +3.4930e+00 +2.1585e+00 
+3.3509e-01 +3.4850e+00 +2.1547e+00 
+3.3968e-01 +3.4900e+00 +2.1990e+00 
+3.4440e-01 +3.4950e+00 +2.1836e+00 
+3.4925e-01 +3.5130e+00 +2.1676e+00 
+3.5424e-01 +3.5310e+00 +2.1511e+00 
+3.5937e-01 +3.5635e+00 +2.1020e+00 
+3.6466e-01 +3.5960e+00 +2.0533e+00 
+3.7010e-01 +3.6525e+00 +1.9555e+00 
+3.7571e-01 +3.7090e+00 +1.7915e+00 
+3.8149e-01 +3.8235e+00 +1.5896e+00 
+3.8745e-01 +3.9380e+00 +1.3977e+00 
+3.9360e-01 +4.1555e+00 +1.1559e+00 
+3.9995e-01 +4.3730e+00 +8.9881e-01 
+4.0651e-01 +4.4410e+00 +7.3095e-01 
+4.1328e-01 +4.5090e+00 +6.3898e-01 
+4.2029e-01 +4.7805e+00 +5.5805e-01 
+4.2753e-01 +5.0520e+00 +4.9397e-01 
+4.3503e-01 +5.0055e+00 +4.5000e-01 
+4.4280e-01 +4.9590e+00 +4.1332e-01 
+4.5085e-01 +4.8265e+00 +3.6894e-01 
+4.5920e-01 +4.6940e+00 +3.3881e-01 
+4.6786e-01 +4.5930e+00 +3.1791e-01 
+4.7686e-01 +4.4920e+00 +2.9338e-01 
+4.8621e-01 +4.4125e+00 +2.7444e-01 
+4.9594e-01 +4.3330e+00 +2.5993e-01 
+5.0606e-01 +4.2690e+00 +2.4633e-01 
+5.1660e-01 +4.2050e+00 +2.3264e-01 
+5.2759e-01 +4.1525e+00 +2.2491e-01 
+5.3906e-01 +4.1000e+00 +2.1727e-01 
+5.5104e-01 +4.0565e+00 +2.0974e-01 
+5.6356e-01 +4.0130e+00 +1.9927e-01 
+5.7667e-01 +3.9765e+00 +1.8916e-01 
+5.9040e-01 +3.9400e+00 +1.7941e-01 
+6.0480e-01 +3.9090e+00 +1.6495e-01 
+6.1992e-01 +3.8780e+00 +1.5290e-01 
+6.3582e-01 +3.8520e+00 +1.3742e-01 
+6.5255e-01 +3.8260e+00 +1.2316e-01 
+6.7018e-01 +3.8060e+00 +1.0518e-01 
+6.8880e-01 +3.7860e+00 +9.5918e-02 
+7.0848e-01 +3.7640e+00 +9.2286e-02 
+7.2932e-01 +3.7420e+00 +8.8441e-02 
+7.5142e-01 +3.7210e+00 +8.4363e-02 
+7.7490e-01 +3.7000e+00 +8.0029e-02 
+7.8971e-01 +3.6898e+00 +7.7297e-02 
+7.9072e-01 +3.6891e+00 +7.6094e-02 
+7.9173e-01 +3.6884e+00 +7.5726e-02 
+7.9274e-01 +3.6878e+00 +7.5361e-02 
+7.9375e-01 +3.6871e+00 +7.4997e-02 
+7.9477e-01 +3.6864e+00 +7.4635e-02 
+7.9579e-01 +3.6857e+00 +7.4276e-02 
+7.9681e-01 +3.6850e+00 +7.3917e-02 
+7.9784e-01 +3.6844e+00 +7.3561e-02 
+7.9887e-01 +3.6837e+00 +7.3207e-02 
+7.9990e-01 +3.6830e+00 +7.2855e-02 
+8.0093e-01 +3.6823e+00 +7.2504e-02 
+8.0197e-01 +3.6816e+00 +7.2157e-02 
+8.0301e-01 +3.6810e+00 +7.1812e-02 
+8.0405e-01 +3.6803e+00 +7.1401e-02 
+8.0509e-01 +3.6796e+00 +7.0861e-02 
+8.0614e-01 +3.6789e+00 +7.0326e-02 
+8.0719e-01 +3.6782e+00 +6.9794e-02 
+8.0824e-01 +3.6776e+00 +6.9267e-02 
+8.0930e-01 +3.6769e+00 +6.8744e-02 
+8.1035e-01 +3.6762e+00 +6.8225e-02 
+8.1141e-01 +3.6755e+00 +6.7710e-02 
+8.1248e-01 +3.6748e+00 +6.7199e-02 
+8.1354e-01 +3.6742e+00 +6.6692e-02 
+8.1461e-01 +3.6735e+00 +6.6189e-02 
+8.1569e-01 +3.6728e+00 +6.5665e-02 
+8.1676e-01 +3.6721e+00 +6.5127e-02 
+8.1784e-01 +3.6714e+00 +6.4593e-02 
+8.1892e-01 +3.6708e+00 +6.4055e-02 
+8.2000e-01 +3.6701e+00 +6.3515e-02 
+8.2109e-01 +3.6694e+00 +6.2980e-02 
+8.2218e-01 +3.6687e+00 +6.2449e-02 
+8.2327e-01 +3.6680e+00 +6.1923e-02 
+8.2436e-01 +3.6674e+00 +6.1401e-02 
+8.2546e-01 +3.6667e+00 +6.0884e-02 
+8.2656e-01 +3.6660e+00 +6.0371e-02 
+8.2766e-01 +3.6604e+00 +5.9863e-02 
+8.2877e-01 +3.6548e+00 +5.9347e-02 
+8.2988e-01 +3.6492e+00 +5.8829e-02 
+8.3099e-01 +3.6436e+00 +5.8315e-02 
+8.3211e-01 +3.6380e+00 +5.7806e-02 
+8.3323e-01 +3.6376e+00 +5.7301e-02 
+8.3435e-01 +3.6372e+00 +5.6801e-02 
+8.3547e-01 +3.6368e+00 +5.6295e-02 
+8.3660e-01 +3.6364e+00 +5.5791e-02 
+8.3773e-01 +3.6360e+00 +5.5291e-02 
+8.3886e-01 +3.6358e+00 +5.4795e-02 
+8.4000e-01 +3.6356e+00 +5.4104e-02 
+8.4114e-01 +3.6354e+00 +5.3421e-02 
+8.4228e-01 +3.6352e+00 +5.2747e-02 
+8.4343e-01 +3.6350e+00 +5.2082e-02 
+8.4458e-01 +3.6348e+00 +5.1425e-02 
+8.4573e-01 +3.6346e+00 +5.0777e-02 
+8.4689e-01 +3.6344e+00 +5.0137e-02 
+8.4805e-01 +3.6342e+00 +4.9505e-02 
+8.4921e-01 +3.6340e+00 +4.9030e-02 
+8.5037e-01 +3.6340e+00 +4.8594e-02 
+8.5154e-01 +3.6340e+00 +4.8178e-02 
+8.5271e-01 +3.6340e+00 +4.7767e-02 
+8.5389e-01 +3.6340e+00 +4.7360e-02 
+8.5506e-01 +3.6340e+00 +4.6955e-02 
+8.5624e-01 +3.6342e+00 +4.6555e-02 
+8.5743e-01 +3.6344e+00 +4.6175e-02 
+8.5862e-01 +3.6346e+00 +4.5982e-02 
+8.5981e-01 +3.6348e+00 +4.5769e-02 
+8.6100e-01 +3.6350e+00 +4.5557e-02 
+8.6220e-01 +3.6360e+00 +4.5366e-02 
+8.6340e-01 +3.6370e+00 +4.5359e-02 
+8.6460e-01 +3.6380e+00 +4.5324e-02 
+8.6581e-01 +3.6390e+00 +4.5280e-02 
+8.6702e-01 +3.6400e+00 +4.3121e-02 
+8.6824e-01 +3.6412e+00 +4.0569e-02 
+8.6945e-01 +3.6424e+00 +3.5672e-02 
+8.7068e-01 +3.6436e+00 +3.0526e-02 
+8.7190e-01 +3.6448e+00 +2.4788e-02 
+8.7313e-01 +3.6460e+00 +1.9543e-02 
+8.7436e-01 +3.6424e+00 +1.5139e-02 
+8.7559e-01 +3.6388e+00 +1.1286e-02 
+8.7683e-01 +3.6352e+00 +8.6806e-03 
+8.7807e-01 +3.6316e+00 +6.7801e-03 
+8.7932e-01 +3.6280e+00 +5.2950e-03 
+8.8057e-01 +3.6246e+00 +4.1984e-03 
+8.8182e-01 +3.6212e+00 +3.3362e-03 
+8.8308e-01 +3.6178e+00 +2.6418e-03 
+8.8434e-01 +3.6144e+00 +2.0236e-03 
+8.8560e-01 +3.6110e+00 +1.5600e-03 
+8.8687e-01 +3.6088e+00 +1.2491e-03 
+8.8814e-01 +3.6066e+00 +1.0005e-03 
+8.8941e-01 +3.6044e+00 +7.9643e-04 
+8.9069e-01 +3.6022e+00 +6.2975e-04 
+8.9197e-01 +3.6000e+00 +4.9816e-04 
+8.9326e-01 +3.5980e+00 +3.9501e-04 
+8.9455e-01 +3.5960e+00 +3.1434e-04 
+8.9584e-01 +3.5940e+00 +2.6431e-04 
+8.9714e-01 +3.5920e+00 +2.2470e-04 
+8.9844e-01 +3.5900e+00 +1.9120e-04 
+8.9974e-01 +3.5882e+00 +1.6318e-04 
+9.0105e-01 +3.5864e+00 +1.4478e-04 
+9.0236e-01 +3.5846e+00 +1.3124e-04 
+9.0367e-01 +3.5828e+00 +1.1899e-04 
+9.0499e-01 +3.5810e+00 +1.0814e-04 
+9.0632e-01 +3.5794e+00 +9.9615e-05 
+9.0764e-01 +3.5778e+00 +9.3358e-05 
+9.0897e-01 +3.5762e+00 +8.7621e-05 
+9.1031e-01 +3.5746e+00 +8.2460e-05 
+9.1165e-01 +3.5730e+00 +7.8414e-05 
+9.1299e-01 +3.5716e+00 +7.7160e-05 
+9.1434e-01 +3.5702e+00 +7.5975e-05 
+9.1569e-01 +3.5688e+00 +7.5036e-05 
+9.1704e-01 +3.5674e+00 +7.4157e-05 
+9.1840e-01 +3.5660e+00 +7.3308e-05 
+9.1976e-01 +3.5644e+00 +7.2486e-05 
+9.2113e-01 +3.5628e+00 +7.1690e-05 
+9.2250e-01 +3.5612e+00 +7.0919e-05 
+9.2388e-01 +3.5596e+00 +7.0172e-05 
+9.2526e-01 +3.5580e+00 +6.9446e-05 
+9.2664e-01 +3.5564e+00 +6.8743e-05 
+9.2803e-01 +3.5548e+00 +6.8320e-05 
+9.2942e-01 +3.5532e+00 +6.7904e-05 
+9.3081e-01 +3.5516e+00 +6.7491e-05 
+9.3221e-01 +3.5500e+00 +6.7081e-05 
+9.3362e-01 +3.5492e+00 +6.6674e-05 
+9.3502e-01 +3.5484e+00 +6.6269e-05 
+9.3644e-01 +3.5476e+00 +6.5867e-05 
+9.3785e-01 +3.5468e+00 +6.5467e-05 
+9.3927e-01 +3.5460e+00 +6.5070e-05 
+9.4070e-01 +3.5450e+00 +6.4675e-05 
+9.4213e-01 +3.5440e+00 +6.4283e-05 
+9.4356e-01 +3.5430e+00 +6.3894e-05 
+9.4500e-01 +3.5420e+00 +6.3507e-05 
+9.4644e-01 +3.5410e+00 +6.3122e-05 
+9.4789e-01 +3.5398e+00 +6.2740e-05 
+9.4934e-01 +3.5386e+00 +6.2361e-05 
+9.5080e-01 +3.5374e+00 +6.1984e-05 
+9.5226e-01 +3.5362e+00 +6.1609e-05 
+9.5372e-01 +3.5350e+00 +6.1237e-05 
+9.9187e-01 +3.5140e+00 +6.3686e-05 
+1.0332e+00 +3.4930e+00 +6.6340e-05 
+1.0781e+00 +3.4735e+00 +6.9224e-05 
+1.1271e+00 +3.4540e+00 +7.2371e-05 
+1.1808e+00 +3.4380e+00 +7.5817e-05 
+1.2398e+00 +3.4220e+00 +7.9608e-05 
