# version   = $Id$
# title     = ank-Datei (wavelength,Absorption,n,k)
# title     = MgF
# reference = M. Breselge VASE-Messungen am IAF
# reference = Cauchy material; Probe: 1p; Fit vom: 20.12.2002
# reference = Daten aus Diplomarbeit von Martin Breselge
# reference = Dieser Datensatz wurde von S. Philipps zur Simulation
# reference = von ARC-Schichen von GaAs und GaInP-Solarzellen verwendet.  
# note      = von 248 nm bis 1550/2000 nm
# history   = created on 2003-1-14 by M. Breselge
# history   = Werte für 1550 - 2000 nm als konstant angenommen
# unit      = nm,cm^-1,1,1
# columns   = A,B,C,D
# col1label = Wellenlänge [nm]
# col2label = Absorption [cm^-1]
# col3label = n
# col4label = k
# xtitle    = Wellenlänge [nm]
# ytitle    = n,k
# dataType  = list
+2.4800000e+02 +7.0488218e+03 +1.4419970e+00 +1.3911000e-02 
+2.4850000e+02 +6.9771119e+03 +1.4417660e+00 +1.3797240e-02 
+2.4900000e+02 +6.9061644e+03 +1.4415350e+00 +1.3684420e-02 
+2.4950000e+02 +6.8359646e+03 +1.4413040e+00 +1.3572520e-02 
+2.5000000e+02 +6.7665030e+03 +1.4410740e+00 +1.3461530e-02 
+2.5051000e+02 +6.6975078e+03 +1.4408450e+00 +1.3351450e-02 
+2.5101000e+02 +6.6295077e+03 +1.4406160e+00 +1.3242270e-02 
+2.5152000e+02 +6.5619617e+03 +1.4403870e+00 +1.3133980e-02 
+2.5203000e+02 +6.4951328e+03 +1.4401590e+00 +1.3026580e-02 
+2.5255000e+02 +6.4287572e+03 +1.4399320e+00 +1.2920060e-02 
+2.5306000e+02 +6.3633328e+03 +1.4397040e+00 +1.2814400e-02 
+2.5358000e+02 +6.2983593e+03 +1.4394780e+00 +1.2709620e-02 
+2.5410000e+02 +6.2340672e+03 +1.4392510e+00 +1.2605680e-02 
+2.5462000e+02 +6.1704621e+03 +1.4390260e+00 +1.2502600e-02 
+2.5514000e+02 +6.1075300e+03 +1.4388000e+00 +1.2400360e-02 
+2.5567000e+02 +6.0450303e+03 +1.4385750e+00 +1.2298960e-02 
+2.5620000e+02 +5.9831963e+03 +1.4383510e+00 +1.2198390e-02 
+2.5673000e+02 +5.9220190e+03 +1.4381270e+00 +1.2098640e-02 
+2.5726000e+02 +5.8614894e+03 +1.4379030e+00 +1.1999700e-02 
+2.5780000e+02 +5.8013834e+03 +1.4376800e+00 +1.1901580e-02 
+2.5833000e+02 +5.7421353e+03 +1.4374580e+00 +1.1804250e-02 
+2.5887000e+02 +5.6832985e+03 +1.4372360e+00 +1.1707720e-02 
+2.5941000e+02 +5.6250942e+03 +1.4370140e+00 +1.1611990e-02 
+2.5996000e+02 +5.5672899e+03 +1.4367930e+00 +1.1517030e-02 
+2.6050000e+02 +5.5103173e+03 +1.4365720e+00 +1.1422850e-02 
+2.6105000e+02 +5.4537423e+03 +1.4363520e+00 +1.1329440e-02 
+2.6160000e+02 +5.3977750e+03 +1.4361320e+00 +1.1236800e-02 
+2.6216000e+02 +5.3421983e+03 +1.4359130e+00 +1.1144910e-02 
+2.6271000e+02 +5.2874185e+03 +1.4356940e+00 +1.1053770e-02 
+2.6327000e+02 +5.2330268e+03 +1.4354760e+00 +1.0963380e-02 
+2.6383000e+02 +5.1792185e+03 +1.4352580e+00 +1.0873730e-02 
+2.6439000e+02 +5.1259851e+03 +1.4350400e+00 +1.0784810e-02 
+2.6496000e+02 +5.0731315e+03 +1.4348230e+00 +1.0696620e-02 
+2.6552000e+02 +5.0210346e+03 +1.4346070e+00 +1.0609150e-02 
+2.6609000e+02 +4.9693103e+03 +1.4343910e+00 +1.0522400e-02 
+2.6667000e+02 +4.9179526e+03 +1.4341750e+00 +1.0436350e-02 
+2.6724000e+02 +4.8673338e+03 +1.4339600e+00 +1.0351010e-02 
+2.6782000e+02 +4.8170743e+03 +1.4337450e+00 +1.0266360e-02 
+2.6840000e+02 +4.7673598e+03 +1.4335310e+00 +1.0182410e-02 
+2.6898000e+02 +4.7181821e+03 +1.4333170e+00 +1.0099150e-02 
+2.6957000e+02 +4.6693551e+03 +1.4331040e+00 +1.0016560e-02 
+2.7015000e+02 +4.6212292e+03 +1.4328910e+00 +9.9346510e-03 
+2.7074000e+02 +4.5734520e+03 +1.4326790e+00 +9.8534130e-03 
+2.7133000e+02 +4.5261897e+03 +1.4324670e+00 +9.7728380e-03 
+2.7193000e+02 +4.4792713e+03 +1.4322560e+00 +9.6929200e-03 
+2.7253000e+02 +4.4328630e+03 +1.4320450e+00 +9.6136600e-03 
+2.7313000e+02 +4.3869548e+03 +1.4318340e+00 +9.5350440e-03 
+2.7373000e+02 +4.3415436e+03 +1.4316240e+00 +9.4570720e-03 
+2.7434000e+02 +4.2964670e+03 +1.4314140e+00 +9.3797390e-03 
+2.7494000e+02 +4.2520340e+03 +1.4312050e+00 +9.3030380e-03 
+2.7556000e+02 +4.2077737e+03 +1.4309970e+00 +9.2269610e-03 
+2.7617000e+02 +4.1641477e+03 +1.4307880e+00 +9.1515100e-03 
+2.7679000e+02 +4.1208443e+03 +1.4305810e+00 +9.0766740e-03 
+2.7740000e+02 +4.0781587e+03 +1.4303730e+00 +9.0024500e-03 
+2.7803000e+02 +4.0356454e+03 +1.4301670e+00 +8.9288350e-03 
+2.7865000e+02 +3.9937382e+03 +1.4299600e+00 +8.8558200e-03 
+2.7928000e+02 +3.9521452e+03 +1.4297540e+00 +8.7834040e-03 
+2.7991000e+02 +3.9110033e+03 +1.4295490e+00 +8.7115760e-03 
+2.8054000e+02 +3.8703109e+03 +1.4293440e+00 +8.6403390e-03 
+2.8118000e+02 +3.8299243e+03 +1.4291390e+00 +8.5696830e-03 
+2.8182000e+02 +3.7899794e+03 +1.4289350e+00 +8.4996060e-03 
+2.8246000e+02 +3.7504708e+03 +1.4287320e+00 +8.4301030e-03 
+2.8311000e+02 +3.7112606e+03 +1.4285290e+00 +8.3611650e-03 
+2.8375000e+02 +3.6726105e+03 +1.4283260e+00 +8.2927940e-03 
+2.8440000e+02 +3.6342531e+03 +1.4281240e+00 +8.2249810e-03 
+2.8506000e+02 +3.5961884e+03 +1.4279220e+00 +8.1577210e-03 
+2.8571000e+02 +3.5586668e+03 +1.4277210e+00 +8.0910130e-03 
+2.8637000e+02 +3.5214308e+03 +1.4275200e+00 +8.0248480e-03 
+2.8704000e+02 +3.4844829e+03 +1.4273200e+00 +7.9592270e-03 
+2.8770000e+02 +3.4480601e+03 +1.4271200e+00 +7.8941400e-03 
+2.8837000e+02 +3.4119189e+03 +1.4269210e+00 +7.8295880e-03 
+2.8904000e+02 +3.3761743e+03 +1.4267220e+00 +7.7655630e-03 
+2.8972000e+02 +3.3407062e+03 +1.4265230e+00 +7.7020600e-03 
+2.9040000e+02 +3.3056297e+03 +1.4263250e+00 +7.6390780e-03 
+2.9108000e+02 +3.2709389e+03 +1.4261280e+00 +7.5766100e-03 
+2.9176000e+02 +3.2366304e+03 +1.4259310e+00 +7.5146540e-03 
+2.9245000e+02 +3.2025889e+03 +1.4257340e+00 +7.4532030e-03 
+2.9314000e+02 +3.1689232e+03 +1.4255380e+00 +7.3922550e-03 
+2.9384000e+02 +3.1355224e+03 +1.4253420e+00 +7.3318060e-03 
+2.9454000e+02 +3.1024912e+03 +1.4251470e+00 +7.2718510e-03 
+2.9524000e+02 +3.0698255e+03 +1.4249520e+00 +7.2123870e-03 
+2.9594000e+02 +3.0375203e+03 +1.4247580e+00 +7.1534080e-03 
+2.9665000e+02 +3.0054713e+03 +1.4245640e+00 +7.0949130e-03 
+2.9736000e+02 +2.9737765e+03 +1.4243710e+00 +7.0368940e-03 
+2.9808000e+02 +2.9423342e+03 +1.4241780e+00 +6.9793500e-03 
+2.9880000e+02 +2.9112416e+03 +1.4239850e+00 +6.9222770e-03 
+2.9952000e+02 +2.8804943e+03 +1.4237930e+00 +6.8656710e-03 
+3.0024000e+02 +2.8500883e+03 +1.4236020e+00 +6.8095280e-03 
+3.0097000e+02 +2.8199258e+03 +1.4234110e+00 +6.7538440e-03 
+3.0170000e+02 +2.7900987e+03 +1.4232200e+00 +6.6986150e-03 
+3.0244000e+02 +2.7605126e+03 +1.4230300e+00 +6.6438390e-03 
+3.0318000e+02 +2.7312558e+03 +1.4228400e+00 +6.5895090e-03 
+3.0392000e+02 +2.7023258e+03 +1.4226510e+00 +6.5356250e-03 
+3.0467000e+02 +2.6736297e+03 +1.4224620e+00 +6.4821800e-03 
+3.0542000e+02 +2.6452543e+03 +1.4222740e+00 +6.4291720e-03 
+3.0617000e+02 +2.6171961e+03 +1.4220860e+00 +6.3765980e-03 
+3.0693000e+02 +2.5893671e+03 +1.4218990e+00 +6.3244550e-03 
+3.0769000e+02 +2.5618496e+03 +1.4217120e+00 +6.2727380e-03 
+3.0846000e+02 +2.5345574e+03 +1.4215260e+00 +6.2214430e-03 
+3.0923000e+02 +2.5075719e+03 +1.4213400e+00 +6.1705680e-03 
+3.1000000e+02 +2.4808890e+03 +1.4211540e+00 +6.1201090e-03 
+3.1078000e+02 +2.4544259e+03 +1.4209690e+00 +6.0700620e-03 
+3.1156000e+02 +2.4282607e+03 +1.4207840e+00 +6.0204250e-03 
+3.1234000e+02 +2.4023892e+03 +1.4206000e+00 +5.9711930e-03 
+3.1313000e+02 +2.3767328e+03 +1.4204170e+00 +5.9223650e-03 
+3.1392000e+02 +2.3513652e+03 +1.4202340e+00 +5.8739360e-03 
+3.1472000e+02 +2.3262092e+03 +1.4200510e+00 +5.8259030e-03 
+3.1552000e+02 +2.3013369e+03 +1.4198690e+00 +5.7782620e-03 
+3.1633000e+02 +2.2766730e+03 +1.4196870e+00 +5.7310100e-03 
+3.1714000e+02 +2.2522887e+03 +1.4195050e+00 +5.6841460e-03 
+3.1795000e+02 +2.2281801e+03 +1.4193250e+00 +5.6376650e-03 
+3.1877000e+02 +2.2042743e+03 +1.4191440e+00 +5.5915630e-03 
+3.1959000e+02 +2.1806398e+03 +1.4189640e+00 +5.5458390e-03 
+3.2041000e+02 +2.1572730e+03 +1.4187850e+00 +5.5004890e-03 
+3.2124000e+02 +2.1341033e+03 +1.4186060e+00 +5.4555080e-03 
+3.2208000e+02 +2.1111319e+03 +1.4184270e+00 +5.4108970e-03 
+3.2292000e+02 +2.0884217e+03 +1.4182490e+00 +5.3666500e-03 
+3.2376000e+02 +2.0659698e+03 +1.4180710e+00 +5.3227650e-03 
+3.2461000e+02 +2.0437101e+03 +1.4178940e+00 +5.2792390e-03 
+3.2546000e+02 +2.0217038e+03 +1.4177180e+00 +5.2360680e-03 
+3.2632000e+02 +1.9998871e+03 +1.4175410e+00 +5.1932510e-03 
+3.2718000e+02 +1.9783196e+03 +1.4173660e+00 +5.1507840e-03 
+3.2804000e+02 +1.9569981e+03 +1.4171900e+00 +5.1086640e-03 
+3.2891000e+02 +1.9358606e+03 +1.4170150e+00 +5.0668880e-03 
+3.2979000e+02 +1.9149074e+03 +1.4168410e+00 +5.0254550e-03 
+3.3067000e+02 +1.8941937e+03 +1.4166670e+00 +4.9843590e-03 
+3.3155000e+02 +1.8737177e+03 +1.4164940e+00 +4.9436000e-03 
+3.3244000e+02 +1.8534206e+03 +1.4163210e+00 +4.9031750e-03 
+3.3333000e+02 +1.8333563e+03 +1.4161480e+00 +4.8630800e-03 
+3.3423000e+02 +1.8134676e+03 +1.4159760e+00 +4.8233120e-03 
+3.3514000e+02 +1.7937544e+03 +1.4158040e+00 +4.7838700e-03 
+3.3604000e+02 +1.7743215e+03 +1.4156330e+00 +4.7447510e-03 
+3.3696000e+02 +1.7550073e+03 +1.4154630e+00 +4.7059510e-03 
+3.3787000e+02 +1.7359678e+03 +1.4152920e+00 +4.6674690e-03 
+3.3880000e+02 +1.7170462e+03 +1.4151230e+00 +4.6293020e-03 
+3.3973000e+02 +1.6983432e+03 +1.4149530e+00 +4.5914460e-03 
+3.4066000e+02 +1.6798562e+03 +1.4147850e+00 +4.5538990e-03 
+3.4160000e+02 +1.6615346e+03 +1.4146160e+00 +4.5166600e-03 
+3.4254000e+02 +1.6434255e+03 +1.4144480e+00 +4.4797260e-03 
+3.4349000e+02 +1.6254786e+03 +1.4142810e+00 +4.4430940e-03 
+3.4444000e+02 +1.6077399e+03 +1.4141140e+00 +4.4067610e-03 
+3.4540000e+02 +1.5901607e+03 +1.4139470e+00 +4.3707250e-03 
+3.4637000e+02 +1.5727406e+03 +1.4137810e+00 +4.3349840e-03 
+3.4734000e+02 +1.5555234e+03 +1.4136160e+00 +4.2995350e-03 
+3.4831000e+02 +1.5385068e+03 +1.4134510e+00 +4.2643760e-03 
+3.4930000e+02 +1.5216011e+03 +1.4132860e+00 +4.2295050e-03 
+3.5028000e+02 +1.5049359e+03 +1.4131220e+00 +4.1949180e-03 
+3.5127000e+02 +1.4884229e+03 +1.4129580e+00 +4.1606150e-03 
+3.5227000e+02 +1.4720608e+03 +1.4127950e+00 +4.1265920e-03 
+3.5328000e+02 +1.4558493e+03 +1.4126320e+00 +4.0928480e-03 
+3.5429000e+02 +1.4398275e+03 +1.4124700e+00 +4.0593780e-03 
+3.5530000e+02 +1.4239944e+03 +1.4123080e+00 +4.0261840e-03 
+3.5632000e+02 +1.4083064e+03 +1.4121460e+00 +3.9932590e-03 
+3.5735000e+02 +1.3927642e+03 +1.4119850e+00 +3.9606050e-03 
+3.5838000e+02 +1.3774051e+03 +1.4118250e+00 +3.9282180e-03 
+3.5942000e+02 +1.3621887e+03 +1.4116650e+00 +3.8960960e-03 
+3.6047000e+02 +1.3471141e+03 +1.4115050e+00 +3.8642360e-03 
+3.6152000e+02 +1.3322174e+03 +1.4113460e+00 +3.8326360e-03 
+3.6257000e+02 +1.3174968e+03 +1.4111870e+00 +3.8012950e-03 
+3.6364000e+02 +1.3028784e+03 +1.4110290e+00 +3.7702110e-03 
+3.6471000e+02 +1.2884329e+03 +1.4108720e+00 +3.7393800e-03 
+3.6578000e+02 +1.2741588e+03 +1.4107140e+00 +3.7088020e-03 
+3.6686000e+02 +1.2600189e+03 +1.4105580e+00 +3.6784730e-03 
+3.6795000e+02 +1.2460136e+03 +1.4104010e+00 +3.6483940e-03 
+3.6905000e+02 +1.2321407e+03 +1.4102450e+00 +3.6185590e-03 
+3.7015000e+02 +1.2184335e+03 +1.4100900e+00 +3.5889690e-03 
+3.7126000e+02 +1.2048565e+03 +1.4099350e+00 +3.5596200e-03 
+3.7237000e+02 +1.1914419e+03 +1.4097810e+00 +3.5305120e-03 
+3.7349000e+02 +1.1781555e+03 +1.4096270e+00 +3.5016420e-03 
+3.7462000e+02 +1.1649963e+03 +1.4094730e+00 +3.4730070e-03 
+3.7576000e+02 +1.1519642e+03 +1.4093200e+00 +3.4446070e-03 
+3.7690000e+02 +1.1390883e+03 +1.4091670e+00 +3.4164390e-03 
+3.7805000e+02 +1.1263370e+03 +1.4090150e+00 +3.3885020e-03 
+3.7920000e+02 +1.1137387e+03 +1.4088630e+00 +3.3607930e-03 
+3.8037000e+02 +1.1012332e+03 +1.4087120e+00 +3.3333100e-03 
+3.8154000e+02 +1.0888789e+03 +1.4085620e+00 +3.3060530e-03 
+3.8272000e+02 +1.0766449e+03 +1.4084110e+00 +3.2790180e-03 
+3.8390000e+02 +1.0645585e+03 +1.4082610e+00 +3.2522040e-03 
+3.8509000e+02 +1.0525903e+03 +1.4081120e+00 +3.2256090e-03 
+3.8629000e+02 +1.0407397e+03 +1.4079630e+00 +3.1992320e-03 
+3.8750000e+02 +1.0290061e+03 +1.4078150e+00 +3.1730710e-03 
+3.8871000e+02 +1.0174147e+03 +1.4076670e+00 +3.1471240e-03 
+3.8994000e+02 +1.0059116e+03 +1.4075190e+00 +3.1213880e-03 
+3.9117000e+02 +9.9454903e+02 +1.4073720e+00 +3.0958640e-03 
+3.9241000e+02 +9.8329921e+02 +1.4072250e+00 +3.0705480e-03 
+3.9365000e+02 +9.7218602e+02 +1.4070790e+00 +3.0454380e-03 
+3.9490000e+02 +9.6118415e+02 +1.4069340e+00 +3.0205350e-03 
+3.9617000e+02 +9.5026814e+02 +1.4067880e+00 +2.9958350e-03 
+3.9744000e+02 +9.3948576e+02 +1.4066440e+00 +2.9713370e-03 
+3.9871000e+02 +9.2883510e+02 +1.4064990e+00 +2.9470390e-03 
+4.0000000e+02 +9.1826868e+02 +1.4063560e+00 +2.9229400e-03 
+4.0129000e+02 +9.0783189e+02 +1.4062120e+00 +2.8990380e-03 
+4.0260000e+02 +8.9747827e+02 +1.4060690e+00 +2.8753310e-03 
+4.0391000e+02 +8.8725247e+02 +1.4059270e+00 +2.8518190e-03 
+4.0523000e+02 +8.7713037e+02 +1.4057850e+00 +2.8284980e-03 
+4.0656000e+02 +8.6711203e+02 +1.4056430e+00 +2.8053690e-03 
+4.0789000e+02 +8.5721693e+02 +1.4055020e+00 +2.7824280e-03 
+4.0924000e+02 +8.4740247e+02 +1.4053620e+00 +2.7596750e-03 
+4.1060000e+02 +8.3768908e+02 +1.4052220e+00 +2.7371080e-03 
+4.1196000e+02 +8.2809594e+02 +1.4050820e+00 +2.7147250e-03 
+4.1333000e+02 +8.1860208e+02 +1.4049430e+00 +2.6925260e-03 
+4.1472000e+02 +8.0918676e+02 +1.4048040e+00 +2.6705080e-03 
+4.1611000e+02 +7.9988901e+02 +1.4046660e+00 +2.6486710e-03 
+4.1751000e+02 +7.9068780e+02 +1.4045280e+00 +2.6270120e-03 
+4.1892000e+02 +7.8158254e+02 +1.4043910e+00 +2.6055300e-03 
+4.2034000e+02 +7.7257230e+02 +1.4042540e+00 +2.5842230e-03 
+4.2177000e+02 +7.6365677e+02 +1.4041180e+00 +2.5630910e-03 
+4.2321000e+02 +7.5483472e+02 +1.4039820e+00 +2.5421310e-03 
+4.2466000e+02 +7.4610614e+02 +1.4038460e+00 +2.5213440e-03 
+4.2612000e+02 +7.3746919e+02 +1.4037110e+00 +2.5007250e-03 
+4.2759000e+02 +7.2892414e+02 +1.4035770e+00 +2.4802760e-03 
+4.2907000e+02 +7.2046977e+02 +1.4034420e+00 +2.4599940e-03 
+4.3056000e+02 +7.1210543e+02 +1.4033090e+00 +2.4398780e-03 
+4.3206000e+02 +7.0383019e+02 +1.4031760e+00 +2.4199260e-03 
+4.3357000e+02 +6.9564340e+02 +1.4030430e+00 +2.4001370e-03 
+4.3509000e+02 +6.8754473e+02 +1.4029110e+00 +2.3805110e-03 
+4.3662000e+02 +6.7953264e+02 +1.4027790e+00 +2.3610440e-03 
+4.3816000e+02 +6.7160706e+02 +1.4026480e+00 +2.3417370e-03 
+4.3972000e+02 +6.6375197e+02 +1.4025170e+00 +2.3225880e-03 
+4.4128000e+02 +6.5599684e+02 +1.4023860e+00 +2.3035950e-03 
+4.4286000e+02 +6.4831134e+02 +1.4022570e+00 +2.2847580e-03 
+4.4444000e+02 +6.4072374e+02 +1.4021270e+00 +2.2660740e-03 
+4.4604000e+02 +6.3320489e+02 +1.4019980e+00 +2.2475440e-03 
+4.4765000e+02 +6.2576820e+02 +1.4018700e+00 +2.2291650e-03 
+4.4928000e+02 +6.1839924e+02 +1.4017410e+00 +2.2109360e-03 
+4.5091000e+02 +6.1112508e+02 +1.4016140e+00 +2.1928560e-03 
+4.5255000e+02 +6.0393108e+02 +1.4014870e+00 +2.1749240e-03 
+4.5421000e+02 +5.9680342e+02 +1.4013600e+00 +2.1571390e-03 
+4.5588000e+02 +5.8975470e+02 +1.4012340e+00 +2.1394990e-03 
+4.5756000e+02 +5.8278452e+02 +1.4011080e+00 +2.1220040e-03 
+4.5926000e+02 +5.7587912e+02 +1.4009830e+00 +2.1046510e-03 
+4.6097000e+02 +5.6905129e+02 +1.4008580e+00 +2.0874410e-03 
+4.6269000e+02 +5.6229980e+02 +1.4007340e+00 +2.0703710e-03 
+4.6442000e+02 +5.5562423e+02 +1.4006100e+00 +2.0534410e-03 
+4.6617000e+02 +5.4901187e+02 +1.4004860e+00 +2.0366490e-03 
+4.6792000e+02 +5.4248602e+02 +1.4003630e+00 +2.0199950e-03 
+4.6970000e+02 +5.3601069e+02 +1.4002410e+00 +2.0034760e-03 
+4.7148000e+02 +5.2962049e+02 +1.4001190e+00 +1.9870930e-03 
+4.7328000e+02 +5.2329184e+02 +1.3999970e+00 +1.9708440e-03 
+4.7510000e+02 +5.1702455e+02 +1.3998760e+00 +1.9547280e-03 
+4.7692000e+02 +5.1083962e+02 +1.3997550e+00 +1.9387430e-03 
+4.7876000e+02 +5.0471501e+02 +1.3996350e+00 +1.9228890e-03 
+4.8062000e+02 +4.9865054e+02 +1.3995150e+00 +1.9071650e-03 
+4.8249000e+02 +4.9265595e+02 +1.3993960e+00 +1.8915690e-03 
+4.8438000e+02 +4.8672077e+02 +1.3992770e+00 +1.8761010e-03 
+4.8627000e+02 +4.8086454e+02 +1.3991590e+00 +1.8607600e-03 
+4.8819000e+02 +4.7505664e+02 +1.3990410e+00 +1.8455440e-03 
+4.9012000e+02 +4.6931646e+02 +1.3989240e+00 +1.8304520e-03 
+4.9206000e+02 +4.6364356e+02 +1.3988070e+00 +1.8154840e-03 
+4.9402000e+02 +4.5802770e+02 +1.3986900e+00 +1.8006380e-03 
+4.9600000e+02 +4.5246864e+02 +1.3985740e+00 +1.7859130e-03 
+4.9799000e+02 +4.4697535e+02 +1.3984590e+00 +1.7713090e-03 
+5.0000000e+02 +4.4153803e+02 +1.3983440e+00 +1.7568240e-03 
+5.0202000e+02 +4.3616535e+02 +1.3982290e+00 +1.7424580e-03 
+5.0407000e+02 +4.3083926e+02 +1.3981150e+00 +1.7282090e-03 
+5.0612000e+02 +4.2558537e+02 +1.3980010e+00 +1.7140770e-03 
+5.0820000e+02 +4.2037774e+02 +1.3978880e+00 +1.7000610e-03 
+5.1029000e+02 +4.1523225e+02 +1.3977750e+00 +1.6861580e-03 
+5.1240000e+02 +4.1014093e+02 +1.3976630e+00 +1.6723700e-03 
+5.1452000e+02 +4.0511110e+02 +1.3975510e+00 +1.6586950e-03 
+5.1667000e+02 +4.0012631e+02 +1.3974390e+00 +1.6451310e-03 
+5.1883000e+02 +3.9520210e+02 +1.3973290e+00 +1.6316780e-03 
+5.2101000e+02 +3.9033027e+02 +1.3972180e+00 +1.6183350e-03 
+5.2321000e+02 +3.8551048e+02 +1.3971080e+00 +1.6051010e-03 
+5.2542000e+02 +3.8074988e+02 +1.3969990e+00 +1.5919760e-03 
+5.2766000e+02 +3.7603327e+02 +1.3968890e+00 +1.5789580e-03 
+5.2991000e+02 +3.7137466e+02 +1.3967810e+00 +1.5660460e-03 
+5.3219000e+02 +3.6675979e+02 +1.3966730e+00 +1.5532400e-03 
+5.3448000e+02 +3.6220198e+02 +1.3965650e+00 +1.5405380e-03 
+5.3680000e+02 +3.5768765e+02 +1.3964580e+00 +1.5279410e-03 
+5.3913000e+02 +3.5322939e+02 +1.3963510e+00 +1.5154460e-03 
+5.4148000e+02 +3.4882052e+02 +1.3962450e+00 +1.5030540e-03 
+5.4386000e+02 +3.4445409e+02 +1.3961390e+00 +1.4907630e-03 
+5.4626000e+02 +3.4013627e+02 +1.3960340e+00 +1.4785720e-03 
+5.4867000e+02 +3.3587300e+02 +1.3959290e+00 +1.4664810e-03 
+5.5111000e+02 +3.3165154e+02 +1.3958240e+00 +1.4544890e-03 
+5.5357000e+02 +3.2747771e+02 +1.3957200e+00 +1.4425950e-03 
+5.5605000e+02 +3.2335133e+02 +1.3956170e+00 +1.4307990e-03 
+5.5856000e+02 +3.1926604e+02 +1.3955140e+00 +1.4190990e-03 
+5.6109000e+02 +3.1522735e+02 +1.3954110e+00 +1.4074940e-03 
+5.6364000e+02 +3.1123505e+02 +1.3953090e+00 +1.3959840e-03 
+5.6621000e+02 +3.0728894e+02 +1.3952070e+00 +1.3845690e-03 
+5.6881000e+02 +3.0338304e+02 +1.3951060e+00 +1.3732470e-03 
+5.7143000e+02 +2.9952243e+02 +1.3950050e+00 +1.3620170e-03 
+5.7407000e+02 +2.9570712e+02 +1.3949050e+00 +1.3508800e-03 
+5.7674000e+02 +2.9193117e+02 +1.3948050e+00 +1.3398330e-03 
+5.7944000e+02 +2.8819482e+02 +1.3947060e+00 +1.3288770e-03 
+5.8216000e+02 +2.8450258e+02 +1.3946070e+00 +1.3180100e-03 
+5.8491000e+02 +2.8084939e+02 +1.3945080e+00 +1.3072320e-03 
+5.8768000e+02 +2.7723978e+02 +1.3944110e+00 +1.2965420e-03 
+5.9048000e+02 +2.7366886e+02 +1.3943130e+00 +1.2859400e-03 
+5.9330000e+02 +2.7014075e+02 +1.3942160e+00 +1.2754240e-03 
+5.9615000e+02 +2.6665094e+02 +1.3941190e+00 +1.2649950e-03 
+5.9903000e+02 +2.6319879e+02 +1.3940230e+00 +1.2546500e-03 
+6.0194000e+02 +2.5978467e+02 +1.3939280e+00 +1.2443910e-03 
+6.0488000e+02 +2.5640793e+02 +1.3938320e+00 +1.2342150e-03 
+6.0784000e+02 +2.5307270e+02 +1.3937380e+00 +1.2241220e-03 
+6.1084000e+02 +2.4977050e+02 +1.3936440e+00 +1.2141120e-03 
+6.1386000e+02 +2.4650934e+02 +1.3935500e+00 +1.2041840e-03 
+6.1692000e+02 +2.4328084e+02 +1.3934560e+00 +1.1943370e-03 
+6.2000000e+02 +2.4009267e+02 +1.3933640e+00 +1.1845700e-03 
+6.2312000e+02 +2.3693695e+02 +1.3932710e+00 +1.1748830e-03 
+6.2626000e+02 +2.3382126e+02 +1.3931790e+00 +1.1652760e-03 
+6.2944000e+02 +2.3073756e+02 +1.3930880e+00 +1.1557470e-03 
+6.3265000e+02 +2.2768957e+02 +1.3929970e+00 +1.1462960e-03 
+6.3590000e+02 +2.2467343e+02 +1.3929060e+00 +1.1369220e-03 
+6.3918000e+02 +2.2169269e+02 +1.3928160e+00 +1.1276250e-03 
+6.4249000e+02 +2.1874705e+02 +1.3927260e+00 +1.1184040e-03 
+6.4583000e+02 +2.1583636e+02 +1.3926370e+00 +1.1092590e-03 
+6.4921000e+02 +2.1295683e+02 +1.3925490e+00 +1.1001880e-03 
+6.5263000e+02 +2.1010849e+02 +1.3924600e+00 +1.0911910e-03 
+6.5608000e+02 +2.0729455e+02 +1.3923730e+00 +1.0822680e-03 
+6.5957000e+02 +2.0451155e+02 +1.3922850e+00 +1.0734180e-03 
+6.6310000e+02 +2.0175932e+02 +1.3921980e+00 +1.0646400e-03 
+6.6667000e+02 +1.9903787e+02 +1.3921120e+00 +1.0559340e-03 
+6.7027000e+02 +1.9634994e+02 +1.3920260e+00 +1.0472990e-03 
+6.7391000e+02 +1.9369247e+02 +1.3919410e+00 +1.0387350e-03 
+6.7760000e+02 +1.9106243e+02 +1.3918560e+00 +1.0302410e-03 
+6.8132000e+02 +1.8846531e+02 +1.3917710e+00 +1.0218160e-03 
+6.8508000e+02 +1.8589838e+02 +1.3916870e+00 +1.0134610e-03 
+6.8889000e+02 +1.8335839e+02 +1.3916030e+00 +1.0051730e-03 
+6.9274000e+02 +1.8084833e+02 +1.3915200e+00 +9.9695350e-04 
+6.9663000e+02 +1.7836787e+02 +1.3914380e+00 +9.8880110e-04 
+7.0056000e+02 +1.7591685e+02 +1.3913550e+00 +9.8071520e-04 
+7.0455000e+02 +1.7349022e+02 +1.3912740e+00 +9.7269560e-04 
+7.0857000e+02 +1.7109529e+02 +1.3911920e+00 +9.6474150e-04 
+7.1264000e+02 +1.6872701e+02 +1.3911120e+00 +9.5685240e-04 
+7.1676000e+02 +1.6638535e+02 +1.3910310e+00 +9.4902790e-04 
+7.2093000e+02 +1.6407021e+02 +1.3909510e+00 +9.4126730e-04 
+7.2515000e+02 +1.6178155e+02 +1.3908720e+00 +9.3357020e-04 
+7.2941000e+02 +1.5952146e+02 +1.3907930e+00 +9.2593600e-04 
+7.3373000e+02 +1.5728546e+02 +1.3907140e+00 +9.1836430e-04 
+7.3810000e+02 +1.5507567e+02 +1.3906360e+00 +9.1085450e-04 
+7.4251000e+02 +1.5289405e+02 +1.3905590e+00 +9.0340610e-04 
+7.4699000e+02 +1.5073430e+02 +1.3904820e+00 +8.9601860e-04 
+7.5152000e+02 +1.4860053e+02 +1.3904050e+00 +8.8869150e-04 
+7.5610000e+02 +1.4649259e+02 +1.3903290e+00 +8.8142430e-04 
+7.6074000e+02 +1.4440847e+02 +1.3902530e+00 +8.7421660e-04 
+7.6543000e+02 +1.4234999e+02 +1.3901780e+00 +8.6706780e-04 
+7.7019000e+02 +1.4031338e+02 +1.3901030e+00 +8.5997750e-04 
+7.7500000e+02 +1.3830225e+02 +1.3900290e+00 +8.5294510e-04 
+7.7987000e+02 +1.3631471e+02 +1.3899550e+00 +8.4597020e-04 
+7.8481000e+02 +1.3434899e+02 +1.3898810e+00 +8.3905240e-04 
+7.8981000e+02 +1.3240680e+02 +1.3898080e+00 +8.3219110e-04 
+7.9487000e+02 +1.3048808e+02 +1.3897360e+00 +8.2538600e-04 
+8.0000000e+02 +1.2859112e+02 +1.3896640e+00 +8.1863650e-04 
+8.0519000e+02 +1.2671750e+02 +1.3895920e+00 +8.1194220e-04 
+8.1046000e+02 +1.2486404e+02 +1.3895210e+00 +8.0530260e-04 
+8.1579000e+02 +1.2303386e+02 +1.3894510e+00 +7.9871740e-04 
+8.2119000e+02 +1.2122531e+02 +1.3893800e+00 +7.9218590e-04 
+8.2667000e+02 +1.1943698e+02 +1.3893110e+00 +7.8570790e-04 
+8.3221000e+02 +1.1767171e+02 +1.3892410e+00 +7.7928290e-04 
+8.3784000e+02 +1.1592523e+02 +1.3891730e+00 +7.7291050e-04 
+8.4354000e+02 +1.1420034e+02 +1.3891040e+00 +7.6659010e-04 
+8.4932000e+02 +1.1249565e+02 +1.3890370e+00 +7.6032140e-04 
+8.5517000e+02 +1.1081246e+02 +1.3889690e+00 +7.5410390e-04 
+8.6111000e+02 +1.0914816e+02 +1.3889020e+00 +7.4793730e-04 
+8.6713000e+02 +1.0750405e+02 +1.3888360e+00 +7.4182110e-04 
+8.7324000e+02 +1.0587891e+02 +1.3887700e+00 +7.3575500e-04 
+8.7943000e+02 +1.0427394e+02 +1.3887040e+00 +7.2973840e-04 
+8.8571000e+02 +1.0268797e+02 +1.3886390e+00 +7.2377110e-04 
+8.9209000e+02 +1.0111985e+02 +1.3885750e+00 +7.1785250e-04 
+8.9855000e+02 +9.9571918e+01 +1.3885100e+00 +7.1198240e-04 
+9.0511000e+02 +9.8041904e+01 +1.3884470e+00 +7.0616020e-04 
+9.1176000e+02 +9.6530954e+01 +1.3883830e+00 +7.0038570e-04 
+9.1852000e+02 +9.5036947e+01 +1.3883210e+00 +6.9465830e-04 
+9.2537000e+02 +9.3562052e+01 +1.3882580e+00 +6.8897790e-04 
+9.3233000e+02 +9.2104206e+01 +1.3881970e+00 +6.8334380e-04 
+9.3939000e+02 +9.0664493e+01 +1.3881350e+00 +6.7775590e-04 
+9.4656000e+02 +8.9241942e+01 +1.3880740e+00 +6.7221360e-04 
+9.5385000e+02 +8.7835696e+01 +1.3880140e+00 +6.6671660e-04 
+9.6124000e+02 +8.6447685e+01 +1.3879540e+00 +6.6126470e-04 
+9.6875000e+02 +8.5076087e+01 +1.3878940e+00 +6.5585730e-04 
+9.7638000e+02 +8.3720989e+01 +1.3878350e+00 +6.5049410e-04 
+9.8413000e+02 +8.2382453e+01 +1.3877770e+00 +6.4517470e-04 
+9.9200000e+02 +8.1060552e+01 +1.3877190e+00 +6.3989890e-04 
+1.0000000e+03 +7.9754507e+01 +1.3876610e+00 +6.3466620e-04 
+1.0081000e+03 +7.8466744e+01 +1.3876040e+00 +6.2947630e-04 
+1.0164000e+03 +7.7189562e+01 +1.3875470e+00 +6.2432880e-04 
+1.0248000e+03 +7.5930835e+01 +1.3874910e+00 +6.1922350e-04 
+1.0333000e+03 +7.4690406e+01 +1.3874350e+00 +6.1415980e-04 
+1.0420000e+03 +7.3461121e+01 +1.3873800e+00 +6.0913760e-04 
+1.0508000e+03 +7.2250221e+01 +1.3873250e+00 +6.0415640e-04 
+1.0598000e+03 +7.1050862e+01 +1.3872700e+00 +5.9921600e-04 
+1.0690000e+03 +6.9863378e+01 +1.3872160e+00 +5.9431600e-04 
+1.0783000e+03 +6.8694462e+01 +1.3871630e+00 +5.8945610e-04 
+1.0877000e+03 +6.7543901e+01 +1.3871100e+00 +5.8463580e-04 
+1.0973000e+03 +6.6405487e+01 +1.3870570e+00 +5.7985510e-04 
+1.1071000e+03 +6.5279452e+01 +1.3870050e+00 +5.7511340e-04 
+1.1171000e+03 +6.4166053e+01 +1.3869530e+00 +5.7041050e-04 
+1.1273000e+03 +6.3065501e+01 +1.3869020e+00 +5.6574600e-04 
+1.1376000e+03 +6.1983457e+01 +1.3868510e+00 +5.6111970e-04 
+1.1481000e+03 +6.0914357e+01 +1.3868010e+00 +5.5653120e-04 
+1.1589000e+03 +5.9853204e+01 +1.3867510e+00 +5.5198020e-04 
+1.1698000e+03 +5.8810614e+01 +1.3867020e+00 +5.4746640e-04 
+1.1810000e+03 +5.7776533e+01 +1.3866530e+00 +5.4298960e-04 
+1.1923000e+03 +5.6760978e+01 +1.3866050e+00 +5.3854940e-04 
+1.2039000e+03 +5.5754374e+01 +1.3865570e+00 +5.3414540e-04 
+1.2157000e+03 +5.4761715e+01 +1.3865090e+00 +5.2977760e-04 
+1.2277000e+03 +5.3783012e+01 +1.3864620e+00 +5.2544530e-04 
+1.2400000e+03 +5.2814084e+01 +1.3864160e+00 +5.2114860e-04 
+1.2525000e+03 +5.1859420e+01 +1.3863700e+00 +5.1688690e-04 
+1.2653000e+03 +5.0915025e+01 +1.3863240e+00 +5.1266020e-04 
+1.2784000e+03 +4.9981206e+01 +1.3862790e+00 +5.0846800e-04 
+1.2917000e+03 +4.9062061e+01 +1.3862340e+00 +5.0431000e-04 
+1.3053000e+03 +4.8153864e+01 +1.3861900e+00 +5.0018610e-04 
+1.3191000e+03 +4.7260442e+01 +1.3861460e+00 +4.9609590e-04 
+1.3333000e+03 +4.6374752e+01 +1.3861030e+00 +4.9203910e-04 
+1.3478000e+03 +4.5500695e+01 +1.3860600e+00 +4.8801550e-04 
+1.3626000e+03 +4.4638449e+01 +1.3860180e+00 +4.8402480e-04 
+1.3778000e+03 +4.3785000e+01 +1.3859760e+00 +4.8006680e-04 
+1.3933000e+03 +4.2943842e+01 +1.3859340e+00 +4.7614110e-04 
+1.4091000e+03 +4.2115088e+01 +1.3858930e+00 +4.7224750e-04 
+1.4253000e+03 +4.1295926e+01 +1.3858530e+00 +4.6838570e-04 
+1.4419000e+03 +4.0486704e+01 +1.3858130e+00 +4.6455560e-04 
+1.4588000e+03 +3.9690427e+01 +1.3857730e+00 +4.6075670e-04 
+1.4762000e+03 +3.8901855e+01 +1.3857340e+00 +4.5698890e-04 
+1.4940000e+03 +3.8124047e+01 +1.3856950e+00 +4.5325200e-04 
+1.5122000e+03 +3.7357197e+01 +1.3856570e+00 +4.4954550e-04 
+1.5309000e+03 +3.6599126e+01 +1.3856190e+00 +4.4586940e-04 
+1.5500000e+03 +3.5852536e+01 +1.3855820e+00 +4.4222340e-04 
+2.0000000e+03 +3.5852536e+01 +1.3855820e+00 +4.4222340e-04 

