0.253 2.000706 3.217901
0.254 2.043959 3.230551
0.255 2.091016 3.247888
0.256 2.132355 3.259085
0.257 2.179860 3.270876
0.258 2.225882 3.282007
0.259 2.272890 3.293782
0.260 2.321844 3.304763
0.261 2.376367 3.315572
0.262 2.429380 3.324011
0.263 2.483771 3.325920
0.264 2.541587 3.329762
0.265 2.600499 3.323607
0.266 2.664010 3.319004
0.267 2.721866 3.306917
0.268 2.779434 3.291682
0.269 2.839848 3.273704
0.270 2.893683 3.249734
0.271 2.950058 3.224600
0.272 2.998485 3.196791
0.273 3.048925 3.163898
0.274 3.093353 3.130163
0.275 3.138096 3.096838
0.276 3.175875 3.060902
0.277 3.211699 3.023327
0.278 3.246418 2.982478
0.279 3.279184 2.947757
0.280 3.309862 2.907850
0.281 3.333308 2.866060
0.282 3.357293 2.824867
0.283 3.381125 2.788034
0.284 3.398565 2.746870
0.285 3.416368 2.708022
0.286 3.432750 2.671024
0.287 3.444067 2.633034
0.288 3.456819 2.594440
0.289 3.468480 2.557690
0.290 3.475367 2.523334
0.291 3.481256 2.485299
0.292 3.486414 2.452073
0.293 3.491610 2.419074
0.294 3.490955 2.385853
0.295 3.490296 2.357047
0.296 3.492092 2.325043
0.297 3.493609 2.296497
0.298 3.489850 2.265212
0.299 3.485752 2.240084
0.300 3.480961 2.215178
0.301 3.476886 2.190258
0.302 3.472855 2.165646
0.303 3.467419 2.147097
0.304 3.458420 2.125149
0.305 3.453514 2.107356
0.306 3.444295 2.085979
0.307 3.439297 2.067687
0.308 3.430501 2.049512
0.309 3.425320 2.036162
0.310 3.416218 2.018416
0.311 3.409020 2.005128
0.312 3.401823 1.993933
0.313 3.393638 1.982187
0.314 3.389448 1.971020
0.315 3.381156 1.959185
0.316 3.373352 1.948186
0.317 3.366974 1.937229
0.318 3.359117 1.926866
0.319 3.350475 1.921657
0.320 3.344188 1.912649
0.321 3.338433 1.906858
0.322 3.334660 1.898598
0.323 3.327329 1.892138
0.324 3.319717 1.885473
0.325 3.316740 1.881173
0.326 3.309862 1.876822
0.327 3.306006 1.870022
0.328 3.301283 1.868502
0.329 3.296471 1.863772
0.330 3.293045 1.861851
0.331 3.287580 1.857497
0.332 3.283821 1.855313
0.333 3.278025 1.854552
0.334 3.276004 1.850569
0.335 3.274156 1.848141
0.336 3.268040 1.847979
0.337 3.266081 1.847979
0.338 3.265084 1.848058
0.339 3.263710 1.848358
0.340 3.258593 1.843592
0.341 3.255363 1.842103
0.342 3.254912 1.841980
0.343 3.254099 1.842070
0.344 3.253171 1.842802
0.345 3.252920 1.843053
0.346 3.252180 1.843794
0.347 3.251923 1.843980
0.348 3.251172 1.844038
0.349 3.250921 1.844784
0.350 3.250190 1.845187
0.351 3.249953 1.847663
0.352 3.249160 1.852175
0.353 3.248992 1.853809
0.354 3.248992 1.854028
0.355 3.248924 1.854836
0.356 3.248687 1.855765
0.357 3.253554 1.856090
0.358 3.254992 1.858000
0.359 3.254992 1.863332
0.360 3.255490 1.865064
0.361 3.259627 1.865817
0.362 3.261769 1.866759
0.363 3.261991 1.867070
0.364 3.261990 1.872768
0.365 3.266933 1.875626
0.366 3.268909 1.876801
0.367 3.272200 1.878082
0.368 3.275376 1.882697
0.369 3.277717 1.886360
0.370 3.282831 1.887788
0.371 3.283979 1.887979
0.372 3.287902 1.893401
0.373 3.291308 1.897149
0.374 3.293862 1.898336
0.375 3.298657 1.901937
0.376 3.303119 1.906838
0.377 3.306211 1.908766
0.378 3.308213 1.910279
0.379 3.313331 1.915836
0.380 3.318815 1.918757
0.381 3.323192 1.920096
0.382 3.328506 1.925205
0.383 3.332283 1.928512
0.384 3.338125 1.932165
0.385 3.343363 1.937200
0.386 3.350659 1.939900
0.387 3.356115 1.945014
0.388 3.361362 1.949231
0.389 3.366068 1.952278
0.390 3.373729 1.957443
0.391 3.383339 1.963407
0.392 3.388308 1.967838
0.393 3.394939 1.970948
0.394 3.403458 1.976622
0.395 3.410973 1.981940
0.396 3.416749 1.986637
0.397 3.424508 1.992270
0.398 3.434163 1.997644
0.399 3.444124 2.004001
0.400 3.457872 2.009071
0.401 3.470020 2.014851
0.402 3.479643 2.020496
0.403 3.491756 2.025534
0.404 3.505201 2.031075
0.405 3.520101 2.035761
0.406 3.535804 2.041611
0.407 3.549405 2.045997
0.408 3.565431 2.047701
0.409 3.583262 2.049285
0.410 3.601210 2.050375
0.411 3.619379 2.048391
0.412 3.640936 2.046157
0.413 3.661672 2.042620
0.414 3.679842 2.036362
0.415 3.696538 2.030001
0.416 3.710632 2.021887
0.417 3.724176 2.011905
0.418 3.738060 2.003157
0.419 3.751300 1.993917
0.420 3.762403 1.984149
0.421 3.768611 1.973342
0.422 3.774990 1.963980
0.423 3.779339 1.956371
0.424 3.783391 1.946822
0.425 3.789265 1.939545
0.426 3.793248 1.937030
0.427 3.795798 1.933486
0.428 3.798235 1.930441
0.429 3.800828 1.931241
0.430 3.803227 1.933230
0.431 3.805819 1.935224
0.432 3.809896 1.938800
0.433 3.816987 1.944785
0.434 3.824291 1.950664
0.435 3.832598 1.957608
0.436 3.842435 1.966963
0.437 3.852547 1.976893
0.438 3.866461 1.985098
0.439 3.882601 1.991175
0.440 3.900788 1.998993
0.441 3.920583 2.008224
0.442 3.941021 2.017112
0.443 3.964297 2.025326
0.444 3.991499 2.031390
0.445 4.019956 2.036704
0.446 4.049016 2.040435
0.447 4.080493 2.040649
0.448 4.113394 2.038709
0.449 4.146275 2.033575
0.450 4.179174 2.026429
0.451 4.212074 2.018203
0.452 4.244894 2.007937
0.453 4.277183 1.995288
0.454 4.308430 1.980398
0.455 4.338512 1.963216
0.456 4.368607 1.943272
0.457 4.399243 1.922723
0.458 4.427940 1.900343
0.459 4.455098 1.874982
0.460 4.480950 1.846762
0.461 4.504327 1.817494
0.462 4.526192 1.786897
0.463 4.547470 1.754944
0.464 4.565955 1.722191
0.465 4.582207 1.688719
0.466 4.597552 1.654457
0.467 4.609014 1.619614
0.468 4.617694 1.584622
0.469 4.624913 1.549376
0.470 4.629928 1.514524
0.471 4.630987 1.482030
0.472 4.630989 1.450609
0.473 4.628887 1.419268
0.474 4.625617 1.390411
0.475 4.621580 1.362796
0.476 4.615688 1.335370
0.477 4.608336 1.308053
0.478 4.601379 1.281078
0.479 4.596475 1.255760
0.480 4.591261 1.232888
0.481 4.582914 1.210636
0.482 4.574433 1.188160
0.483 4.565941 1.169095
0.484 4.557016 1.150542
0.485 4.546504 1.132172
0.486 4.534762 1.114162
0.487 4.524834 1.096220
0.488 4.516072 1.079766
0.489 4.507157 1.065581
0.490 4.498661 1.051561
0.491 4.490183 1.038077
0.492 4.481691 1.024227
0.493 4.473254 1.010151
0.494 4.464731 0.997203
0.495 4.456323 0.983838
0.496 4.447778 0.972090
0.497 4.439379 0.961957
0.498 4.430830 0.951616
0.499 4.422438 0.941109
0.500 4.413886 0.931089
0.501 4.405584 0.921152
0.502 4.398290 0.911591
0.503 4.393041 0.902568
0.504 4.387218 0.893612
0.505 4.379930 0.885054
0.506 4.371588 0.877023
0.507 4.363127 0.868603
0.508 4.355079 0.860624
0.509 4.348511 0.853001
0.510 4.343222 0.845594
0.511 4.337242 0.838514
0.512 4.330017 0.831528
0.513 4.322679 0.824550
0.514 4.316545 0.817571
0.515 4.311768 0.811062
0.516 4.305877 0.804529
0.517 4.298837 0.798054
0.518 4.293185 0.791994
0.519 4.288611 0.786013
0.520 4.282379 0.780096
0.521 4.275714 0.774423
0.522 4.270765 0.768994
0.523 4.265864 0.763518
0.524 4.261479 0.757971
0.525 4.256672 0.752592
0.526 4.250612 0.747474
0.527 4.244305 0.742472
0.528 4.239335 0.737489
0.529 4.235070 0.732504
0.530 4.230328 0.727587
0.531 4.226342 0.722898
0.532 4.221957 0.718434
0.533 4.217412 0.713552
0.534 4.213036 0.709058
0.535 4.208904 0.704903
0.536 4.204504 0.700503
0.537 4.200099 0.696028
0.538 4.196116 0.691915
0.539 4.192075 0.687927
0.540 4.187687 0.683941
0.541 4.183352 0.679483
0.542 4.179113 0.675144
0.543 4.175214 0.671004
0.544 4.171115 0.667069
0.545 4.166674 0.663349
0.546 4.164777 0.659858
0.547 4.161897 0.656001
0.548 4.158125 0.652043
0.549 4.154033 0.648112
0.550 4.149836 0.644384
0.551 4.145600 0.640958
0.552 4.141922 0.637504
0.553 4.138070 0.633897
0.554 4.134620 0.630495
0.555 4.131822 0.627065
0.556 4.129328 0.623540
0.557 4.125726 0.620374
0.558 4.122919 0.616910
0.559 4.120187 0.613556
0.560 4.117278 0.610124
0.561 4.114138 0.606602
0.562 4.111039 0.603430
0.563 4.108707 0.600423
0.564 4.105765 0.597433
0.565 4.102215 0.594443
0.566 4.098273 0.591452
0.567 4.094285 0.588461
0.568 4.091211 0.585472
0.569 4.088648 0.582482
0.570 4.086204 0.579491
0.571 4.083048 0.576499
0.572 4.080215 0.573510
0.573 4.077700 0.570520
0.574 4.075217 0.567529
0.575 4.072104 0.564538
0.576 4.069262 0.561547
0.577 4.067217 0.558861
0.578 4.065704 0.556332
0.579 4.064017 0.553552
0.580 4.060984 0.550586
0.581 4.057970 0.547871
0.582 4.055248 0.545350
0.583 4.053075 0.542573
0.584 4.050055 0.540036
0.585 4.047046 0.537430
0.586 4.044347 0.534668
0.587 4.042092 0.532111
0.588 4.039412 0.529520
0.589 4.036646 0.526933
0.590 4.034201 0.524397
0.591 4.032848 0.522037
0.592 4.031228 0.519604
0.593 4.029080 0.517058
0.594 4.025940 0.514427
0.595 4.023424 0.512046
0.596 4.021537 0.509773
0.597 4.020662 0.507400
0.598 4.018786 0.505030
0.599 4.016196 0.502626
0.600 4.012778 0.500159
0.601 4.010609 0.497916
0.602 4.008431 0.495602
0.603 4.006085 0.493174
0.604 4.003005 0.490972
0.605 4.000631 0.488763
0.606 3.998935 0.486539
0.607 3.997939 0.484209
0.608 3.996083 0.482006
0.609 3.993549 0.479871
0.610 3.990650 0.477455
0.611 3.988767 0.475147
0.612 3.987560 0.472935
0.613 3.985944 0.470934
0.614 3.983680 0.468938
0.615 3.980969 0.466944
0.616 3.978848 0.464935
0.617 3.977327 0.462717
0.618 3.976339 0.460315
0.619 3.974231 0.458094
0.620 3.971643 0.455977
0.621 3.968487 0.453983
0.622 3.966896 0.451990
0.623 3.965701 0.449996
0.624 3.964943 0.448003
0.625 3.963882 0.446009
0.626 3.962538 0.444015
0.627 3.960462 0.442022
0.628 3.958166 0.440028
0.629 3.955793 0.438035
0.630 3.954343 0.436041
0.631 3.952750 0.434048
0.632 3.950982 0.432054
0.633 3.948673 0.430380
0.634 3.946407 0.428732
0.635 3.944593 0.426981
0.636 3.943188 0.425080
0.637 3.942036 0.423086
0.638 3.940040 0.421093
0.639 3.937868 0.419099
0.640 3.935386 0.417106
0.641 3.933707 0.415253
0.642 3.932400 0.413464
0.643 3.931776 0.411764
0.644 3.930809 0.409992
0.645 3.929301 0.408107
0.646 3.927100 0.406144
0.647 3.924655 0.404163
0.648 3.922897 0.402514
0.649 3.921363 0.400831
0.650 3.920247 0.399084
0.651 3.918492 0.397396
0.652 3.916397 0.395740
0.653 3.914131 0.394125
0.654 3.912117 0.392494
0.655 3.910978 0.390798
0.656 3.910146 0.389170
0.657 3.909615 0.387608
0.658 3.908181 0.385912
0.659 3.906461 0.384180
0.660 3.904065 0.382540
0.661 3.901996 0.380883
0.662 3.900778 0.379180
0.663 3.899950 0.377485
0.664 3.899488 0.375797
0.665 3.898266 0.374274
0.666 3.896784 0.372807
0.667 3.894441 0.371217
0.668 3.892210 0.369616
0.669 3.890646 0.367988
0.670 3.889279 0.366390
0.671 3.888238 0.364842
0.672 3.886704 0.363309
0.673 3.884792 0.361787
0.674 3.882795 0.360301
0.675 3.880769 0.358827
0.676 3.879691 0.357267
0.677 3.878740 0.355709
0.678 3.878282 0.354269
0.679 3.877564 0.352849
0.680 3.875978 0.351492
0.681 3.874141 0.350097
0.682 3.871877 0.348637
0.683 3.870138 0.347186
0.684 3.868919 0.345743
0.685 3.868137 0.344285
0.686 3.867619 0.342818
0.687 3.866397 0.341336
0.688 3.864920 0.339848
0.689 3.862935 0.338551
0.690 3.860848 0.337292
0.691 3.859623 0.335999
0.692 3.858471 0.334702
0.693 3.857955 0.333190
0.694 3.857362 0.331684
0.695 3.855702 0.330279
0.696 3.853977 0.328893
0.697 3.851800 0.327642
0.698 3.849839 0.326373
0.699 3.848928 0.325020
0.700 3.847920 0.323662
0.701 3.846539 0.322284
0.702 3.844985 0.320937
0.703 3.842850 0.319689
0.704 3.840930 0.318412
0.705 3.839685 0.317045
0.706 3.838621 0.315706
0.707 3.838117 0.314457
0.708 3.837437 0.313211
0.709 3.836182 0.311973
0.710 3.834771 0.310733
0.711 3.832784 0.309484
0.712 3.830939 0.308238
0.713 3.829748 0.307005
0.714 3.828648 0.305771
0.715 3.828129 0.304522
0.716 3.827541 0.303275
0.717 3.826127 0.302048
0.718 3.824707 0.300821
0.719 3.822686 0.299572
0.720 3.820665 0.298324
0.721 3.819640 0.297309
0.722 3.818690 0.296312
0.723 3.818314 0.295130
0.724 3.818049 0.293911
0.725 3.817045 0.292671
0.726 3.815770 0.291422
0.727 3.813966 0.290328
0.728 3.811831 0.289332
0.729 3.810287 0.288335
0.730 3.809370 0.287338
0.731 3.808643 0.286269
0.732 3.808279 0.285061
0.733 3.807740 0.283845
0.734 3.806449 0.282597
0.735 3.805143 0.281354
0.736 3.803204 0.280358
0.737 3.801265 0.279361
0.738 3.800169 0.278331
0.739 3.799232 0.277295
0.740 3.798529 0.276148
0.741 3.797952 0.274940
0.742 3.796949 0.273736
0.743 3.795407 0.272537
0.744 3.793885 0.271383
0.745 3.792429 0.270387
0.746 3.790974 0.269390
0.747 3.790338 0.268585
0.748 3.789710 0.267782
0.749 3.788769 0.267021
0.750 3.787721 0.266274
0.751 3.786356 0.265406
0.752 3.784653 0.264409
0.753 3.783072 0.263412
0.754 3.781951 0.262416
0.755 3.780831 0.261419
0.756 3.780393 0.260422
0.757 3.780013 0.259425
0.758 3.779202 0.258429
0.759 3.778130 0.257432
0.760 3.776789 0.256435
0.761 3.774842 0.255438
0.762 3.772895 0.254442
0.763 3.772023 0.253445
0.764 3.771176 0.252448
0.765 3.770559 0.251451
0.766 3.770074 0.250454
0.767 3.769352 0.249505
0.768 3.768005 0.248681
0.769 3.766657 0.247857
0.770 3.765243 0.247100
0.771 3.763821 0.246350
0.772 3.762800 0.245474
0.773 3.762154 0.244477
0.774 3.761464 0.243499
0.775 3.760422 0.242668
0.776 3.759380 0.241837
0.777 3.757911 0.241062
0.778 3.756254 0.240311
0.779 3.754789 0.239503
0.780 3.753864 0.238532
0.781 3.752939 0.237562
0.782 3.752426 0.236711
0.783 3.752008 0.235887
0.784 3.751373 0.235130
0.785 3.750336 0.234496
0.786 3.749298 0.233862
0.787 3.747647 0.233125
0.788 3.745905 0.232373
0.789 3.744579 0.231537
0.790 3.743940 0.230562
0.791 3.743301 0.229587
0.792 3.742567 0.228736
0.793 3.741818 0.227903
0.794 3.740778 0.227136
0.795 3.739175 0.226496
0.796 3.737572 0.225857
0.797 3.736425 0.225126
0.798 3.735394 0.224372
0.799 3.734517 0.223608
0.800 3.734130 0.222812
0.801 3.733744 0.222016
0.802 3.732983 0.221367
0.803 3.732031 0.220793
0.804 3.731042 0.220210
0.805 3.729555 0.219502
0.806 3.728068 0.218794
0.807 3.726978 0.218128
0.808 3.726351 0.217511
0.809 3.725725 0.216894
0.810 3.724772 0.216263
0.811 3.723754 0.215629
0.812 3.722610 0.214985
0.813 3.720932 0.214294
0.814 3.719255 0.213602
0.815 3.718156 0.212883
0.816 3.717568 0.212138
0.817 3.716980 0.211394
0.818 3.716759 0.210765
0.819 3.716601 0.210156
0.820 3.716337 0.209564
0.821 3.715508 0.209068
0.822 3.714678 0.208572
0.823 3.713516 0.208004
0.824 3.711937 0.207346
0.825 3.710359 0.206689
0.826 3.709390 0.206118
0.827 3.708668 0.205582
0.828 3.707947 0.205046
0.829 3.707547 0.204434
0.830 3.707160 0.203819
0.831 3.706613 0.203190
0.832 3.705402 0.202506
0.833 3.704190 0.201822
0.834 3.702962 0.201184
0.835 3.701709 0.200613
0.836 3.700457 0.200041
0.837 3.699721 0.199539
0.838 3.699328 0.199081
0.839 3.698934 0.198624
0.840 3.698217 0.198121
0.841 3.697407 0.197604
0.842 3.696597 0.197087
0.843 3.694942 0.196585
0.844 3.693226 0.196084
0.845 3.691591 0.195585
0.846 3.691020 0.195108
0.847 3.690450 0.194632
0.848 3.689966 0.194143
0.849 3.689855 0.193602
0.850 3.689745 0.193061
0.851 3.689423 0.192549
0.852 3.688571 0.192110
0.853 3.687719 0.191671
0.854 3.686646 0.191189
0.855 3.685186 0.190631
0.856 3.683726 0.190073
0.857 3.682710 0.189599
0.858 3.682302 0.189238
0.859 3.681895 0.188878
0.860 3.681482 0.188530
0.861 3.681062 0.188196
0.862 3.680643 0.187861
0.863 3.679987 0.187487
0.864 3.679071 0.187069
0.865 3.678156 0.186651
0.866 3.677084 0.186182
0.867 3.675838 0.185656
0.868 3.674592 0.185129
0.869 3.673767 0.184684
0.870 3.673468 0.184342
0.871 3.673168 0.184000
0.872 3.672792 0.183657
0.873 3.672301 0.183313
0.874 3.671811 0.182968
0.875 3.671005 0.182622
0.876 3.669563 0.182274
0.877 3.668122 0.181926
0.878 3.666841 0.181581
0.879 3.666061 0.181243
0.880 3.665281 0.180906
0.881 3.664578 0.180570
0.882 3.664381 0.180243
0.883 3.664185 0.179917
0.884 3.663988 0.179590
0.885 3.663755 0.179130
0.886 3.663521 0.178669
0.887 3.663287 0.178208
0.888 3.662524 0.177700
0.889 3.661661 0.177184
0.890 3.660798 0.176668
0.891 3.659962 0.176218
0.892 3.659139 0.175803
0.893 3.658316 0.175387
0.894 3.657667 0.175099
0.895 3.657220 0.174961
0.896 3.656772 0.174823
0.897 3.656305 0.174644
0.898 3.655776 0.174337
0.899 3.655247 0.174030
0.900 3.654717 0.173723
0.901 3.654347 0.173419
0.902 3.653977 0.173114
0.903 3.653608 0.172809
0.904 3.653151 0.172500
0.905 3.652658 0.172191
0.906 3.652166 0.171881
0.907 3.651720 0.171536
0.908 3.651336 0.171144
0.909 3.650952 0.170751
0.910 3.650565 0.170347
0.911 3.650145 0.169848
0.912 3.649726 0.169350
0.913 3.649307 0.168851
0.914 3.648908 0.168506
0.915 3.648517 0.168210
0.916 3.648125 0.167914
0.917 3.647753 0.167619
0.918 3.647412 0.167325
0.919 3.647071 0.167032
0.920 3.646730 0.166738
0.921 3.646364 0.166372
0.922 3.645997 0.166005
0.923 3.645631 0.165639
0.924 3.645184 0.165192
0.925 3.644678 0.164686
0.926 3.644172 0.164180
0.927 3.643696 0.163704
0.928 3.643409 0.163419
0.929 3.643121 0.163134
0.930 3.642834 0.162849
0.931 3.642548 0.162567
0.932 3.642263 0.162287
0.933 3.641978 0.162007
0.934 3.641693 0.161713
0.935 3.641408 0.161353
0.936 3.641123 0.160994
0.937 3.640839 0.160634
0.938 3.640528 0.160188
0.939 3.640204 0.159693
0.940 3.639880 0.159199
0.941 3.639545 0.158720
0.942 3.639118 0.158375
0.943 3.638692 0.158029
0.944 3.638265 0.157684
0.945 3.637871 0.157264
0.946 3.637508 0.156776
0.947 3.637145 0.156287
0.948 3.636782 0.155799
0.949 3.636500 0.155480
0.950 3.636225 0.155176
0.951 3.635951 0.154872
0.952 3.635674 0.154555
0.953 3.635393 0.154206
0.954 3.635112 0.153857
0.955 3.634830 0.153508
0.956 3.634543 0.153218
0.957 3.634252 0.152962
0.958 3.633961 0.152705
0.959 3.633670 0.152449
0.960 3.633395 0.151979
0.961 3.633120 0.151496
0.962 3.632846 0.151014
0.963 3.632540 0.150534
0.964 3.632128 0.150063
0.965 3.631716 0.149592
0.966 3.631304 0.149121
0.967 3.630922 0.148580
0.968 3.630572 0.147966
0.969 3.630221 0.147352
0.970 3.629871 0.146737
0.971 3.629584 0.146227
0.972 3.629322 0.145759
0.973 3.629059 0.145291
0.974 3.628797 0.144824
0.975 3.628537 0.144544
0.976 3.628277 0.144284
0.977 3.628017 0.144024
0.978 3.627757 0.143761
0.979 3.627499 0.143465
0.980 3.627241 0.143168
0.981 3.626982 0.142871
0.982 3.626725 0.142542
0.983 3.626469 0.142093
0.984 3.626213 0.141643
0.985 3.625957 0.141193
0.986 3.625701 0.140741
0.987 3.625447 0.140282
0.988 3.625193 0.139824
0.989 3.624939 0.139365
0.990 3.624686 0.138938
0.991 3.624434 0.138561
0.992 3.624182 0.138184
0.993 3.623930 0.137807
0.994 3.623679 0.137398
0.995 3.623429 0.136948
0.996 3.623179 0.136497
0.997 3.622929 0.136047
0.998 3.622680 0.135674
0.999 3.622432 0.135396
1.000 3.622184 0.135118
1.001 3.621936 0.134840
1.002 3.621688 0.134515
1.003 3.621442 0.134128
1.004 3.621196 0.133741
1.005 3.620950 0.133354
1.006 3.620705 0.132993
1.007 3.620461 0.132673
1.008 3.620217 0.132354
1.009 3.619973 0.132034
1.010 3.619729 0.131724
1.011 3.619487 0.131437
1.012 3.619245 0.131149
1.013 3.619003 0.130862
1.014 3.618762 0.130542
1.015 3.618521 0.130062
1.016 3.618281 0.129582
1.017 3.618041 0.129102
1.018 3.617801 0.128622
1.019 3.617563 0.128189
1.020 3.617325 0.127756
1.021 3.617087 0.127323
1.022 3.616849 0.126889
1.023 3.616612 0.126619
1.024 3.616376 0.126383
1.025 3.616140 0.126147
1.026 3.615904 0.125911
1.027 3.615669 0.125679
1.028 3.615434 0.125450
1.029 3.615200 0.125220
1.030 3.614966 0.124991
1.031 3.614732 0.124778
1.032 3.614500 0.124596
1.033 3.614268 0.124414
1.034 3.614035 0.124231
1.035 3.613803 0.124053
1.036 3.613573 0.123939
1.037 3.613342 0.123824
1.038 3.613112 0.123710
1.039 3.612882 0.123596
1.040 3.612654 0.123364
1.041 3.612427 0.123089
1.042 3.612201 0.122814
1.043 3.611974 0.122538
1.044 3.611758 0.122320
1.045 3.611562 0.122199
1.046 3.611365 0.122078
1.047 3.611169 0.121958
1.048 3.610973 0.121837
1.049 3.610866 0.121616
1.050 3.610762 0.121391
1.051 3.610659 0.121167
1.052 3.610555 0.120942
1.053 3.610427 0.120718
1.054 3.610276 0.120496
1.055 3.610125 0.120273
1.056 3.609974 0.120050
1.057 3.609820 0.119827
1.058 3.609599 0.119606
1.059 3.609378 0.119386
1.060 3.609157 0.119165
1.061 3.608937 0.118944
1.062 3.608717 0.118724
1.063 3.608498 0.118505
1.064 3.608279 0.118286
1.065 3.608060 0.118067
1.066 3.607841 0.117848
1.067 3.607624 0.117631
1.068 3.607406 0.117414
1.069 3.607189 0.117197
1.070 3.606972 0.116979
1.071 3.606759 0.116763
1.072 3.606550 0.116548
1.073 3.606342 0.116332
1.074 3.606134 0.116117
1.075 3.605925 0.115902
1.076 3.605762 0.115700
1.077 3.605612 0.115502
1.078 3.605463 0.115305
1.079 3.605314 0.115107
1.080 3.605171 0.114915
1.081 3.605101 0.114781
1.082 3.605032 0.114648
1.083 3.604962 0.114514
1.084 3.604892 0.114381
1.085 3.604771 0.114185
1.086 3.604561 0.113882
1.087 3.604351 0.113579
1.088 3.604141 0.113277
1.089 3.603932 0.112974
1.090 3.603723 0.112730
1.091 3.603515 0.112522
1.092 3.603307 0.112314
1.093 3.603099 0.112106
1.094 3.602892 0.111898
1.095 3.602700 0.111699
1.096 3.602512 0.111503
1.097 3.602324 0.111306
1.098 3.602137 0.111109
1.099 3.601949 0.110912
1.100 3.601875 0.110767
1.101 3.601803 0.110623
1.102 3.601731 0.110479
1.103 3.601659 0.110335
1.104 3.601583 0.110186
1.105 3.601475 0.109986
1.106 3.601367 0.109786
1.107 3.601259 0.109586
1.108 3.601151 0.109386
1.109 3.601032 0.109186
1.110 3.600863 0.108986
1.111 3.600693 0.108786
1.112 3.600524 0.108586
1.113 3.600355 0.108386
1.114 3.600181 0.108186
1.115 3.599989 0.107986
1.116 3.599797 0.107786
1.117 3.599605 0.107586
1.118 3.599413 0.107386
1.119 3.599233 0.107186
1.120 3.599103 0.106986
1.121 3.598972 0.106786
1.122 3.598841 0.106586
1.123 3.598711 0.106386
1.124 3.598584 0.106185
1.125 3.598484 0.105986
1.126 3.598384 0.105786
1.127 3.598284 0.105586
1.128 3.598185 0.105386
1.129 3.598085 0.105186
1.130 3.597985 0.104986
1.131 3.597885 0.104786
1.132 3.597784 0.104586
1.133 3.597684 0.104385
1.134 3.597584 0.104185
1.135 3.597492 0.103993
1.136 3.597400 0.103802
1.137 3.597309 0.103610
1.138 3.597218 0.103419
1.139 3.597126 0.103228
1.140 3.597083 0.103084
1.141 3.597062 0.102964
1.142 3.597042 0.102843
1.143 3.597022 0.102722
1.144 3.597001 0.102602
1.145 3.596989 0.102486
1.146 3.596989 0.102377
1.147 3.596990 0.102268
1.148 3.596990 0.102159
1.149 3.596990 0.102050
1.150 3.596990 0.101931
1.151 3.596990 0.101741
1.152 3.596990 0.101552
1.153 3.596990 0.101362
1.154 3.596990 0.101172
1.155 3.596990 0.100983
1.156 3.596990 0.100785
1.157 3.596990 0.100586
1.158 3.596990 0.100387
1.159 3.596990 0.100187
1.160 3.596990 0.099988
1.161 3.596990 0.099788
1.162 3.596990 0.099587
1.163 3.596990 0.099387
1.164 3.596990 0.099186
1.165 3.596990 0.098985
1.166 3.596990 0.098785
1.167 3.596990 0.098585
1.168 3.596990 0.098386
1.169 3.596990 0.098186
1.170 3.596990 0.097986
1.171 3.596990 0.097787
1.172 3.596990 0.097587
1.173 3.596990 0.097386
1.174 3.596990 0.097186
1.175 3.596990 0.096986
1.176 3.596990 0.096785
1.177 3.596990 0.096585
1.178 3.596990 0.096385
1.179 3.596990 0.096185
1.180 3.596990 0.095985
1.181 3.596990 0.095785
1.182 3.596990 0.095585
1.183 3.596991 0.095386
1.184 3.596991 0.095186
1.185 3.596991 0.094985
1.186 3.596991 0.094785
1.187 3.596991 0.094585
1.188 3.596991 0.094385
1.189 3.596991 0.094185
1.190 3.596991 0.093985
1.191 3.596991 0.093785
1.192 3.596991 0.093585
1.193 3.596991 0.093385
1.194 3.596991 0.093185
1.195 3.596991 0.092985
1.196 3.596991 0.092786
1.197 3.596991 0.092586
1.198 3.596991 0.092386
1.199 3.596991 0.092187
1.200 3.596991 0.091987
1.201 3.596991 0.091787
1.202 3.596991 0.091586
1.203 3.596991 0.091386
1.204 3.596991 0.091185
1.205 3.596991 0.090985
1.206 3.596991 0.090785
1.207 3.596991 0.090585
1.208 3.596991 0.090385
1.209 3.596991 0.090186
1.210 3.596991 0.089986
1.211 3.596991 0.089786
1.212 3.596991 0.089587
1.213 3.596991 0.089386
1.214 3.596991 0.089186
1.215 3.596991 0.088986
1.216 3.596991 0.088785
1.217 3.596991 0.088585
1.218 3.596991 0.088385
1.219 3.596991 0.088185
1.220 3.596991 0.087985
1.221 3.596991 0.087785
1.222 3.596991 0.087585
1.223 3.596991 0.087385
1.224 3.596991 0.087185
1.225 3.596991 0.086986
1.226 3.596991 0.086786
1.227 3.596991 0.086586
1.228 3.596991 0.086386
1.229 3.596992 0.086187
1.230 3.596992 0.085987
1.231 3.596992 0.085786
1.232 3.596992 0.085586
1.233 3.596992 0.085386
1.234 3.596992 0.085185
1.235 3.596992 0.084985
1.236 3.596992 0.084785
1.237 3.596992 0.084585
1.238 3.596992 0.084385
1.239 3.596992 0.084185
1.240 3.596992 0.083986
1.241 3.596992 0.083786
1.242 3.596992 0.083586
1.243 3.596992 0.083386
1.244 3.596992 0.083186
1.245 3.596992 0.082986
1.246 3.596992 0.082786
1.247 3.596992 0.082586
1.248 3.596992 0.082386
1.249 3.596992 0.082185
1.250 3.596992 0.081985
1.251 3.596992 0.081785
1.252 3.596992 0.081585
1.253 3.596992 0.081385
1.254 3.596992 0.081185
1.255 3.596992 0.080985
1.256 3.596992 0.080785
1.257 3.596992 0.080586
1.258 3.596992 0.080386
1.259 3.596992 0.080187
1.260 3.596992 0.079987
1.261 3.596992 0.079787
1.262 3.596992 0.079587
1.263 3.596992 0.079387
1.264 3.596992 0.079186
1.265 3.596992 0.078986
1.266 3.596992 0.078785
1.267 3.596992 0.078585
1.268 3.596992 0.078385
1.269 3.596992 0.078185
1.270 3.596992 0.077985
1.271 3.596992 0.077785
1.272 3.596992 0.077585
1.273 3.596992 0.077385
1.274 3.596992 0.077185
1.275 3.596992 0.076986
1.276 3.596992 0.076786
1.277 3.596992 0.076587
1.278 3.596992 0.076387
1.279 3.596992 0.076188
1.280 3.596992 0.075988
1.281 3.596992 0.075788
1.282 3.596992 0.075587
1.283 3.596992 0.075387
1.284 3.596992 0.075186
1.285 3.596992 0.074986
1.286 3.596992 0.074785
1.287 3.596992 0.074585
1.288 3.596992 0.074385
1.289 3.596992 0.074185
1.290 3.596992 0.073985
1.291 3.596992 0.073785
1.292 3.596992 0.073585
1.293 3.596992 0.073385
1.294 3.596992 0.073183
1.295 3.596992 0.072979
1.296 3.596992 0.072774
1.297 3.596992 0.072570
1.298 3.596992 0.072366
1.299 3.596992 0.072162
1.300 3.596992 0.071958
1.301 3.596992 0.071684
1.302 3.596992 0.071383
1.303 3.596992 0.071083
1.304 3.596992 0.070782
1.305 3.596992 0.070482
1.306 3.596992 0.070181
1.307 3.596992 0.069880
1.308 3.596992 0.069580
1.309 3.596992 0.069279
1.310 3.596992 0.068979
1.311 3.596992 0.068679
1.312 3.596992 0.068378
1.313 3.596992 0.068078
1.314 3.596992 0.067777
1.315 3.596992 0.067463
1.316 3.596992 0.067149
1.317 3.596992 0.066835
1.318 3.596992 0.066520
1.319 3.596992 0.066206
1.320 3.596992 0.065891
1.321 3.596992 0.065577
1.322 3.596992 0.065178
1.323 3.596992 0.064778
1.324 3.596992 0.064377
1.325 3.596992 0.063977
1.326 3.596992 0.063577
1.327 3.596992 0.063176
1.328 3.596992 0.062776
1.329 3.596992 0.062376
1.330 3.596992 0.061975
1.331 3.596992 0.061575
1.332 3.596992 0.061174
1.333 3.596992 0.060774
1.334 3.596992 0.060374
1.335 3.596992 0.059973
1.336 3.596991 0.059574
1.337 3.596991 0.059174
1.338 3.596991 0.058774
1.339 3.596991 0.058375
1.340 3.596991 0.057975
1.341 3.596991 0.057575
1.342 3.596991 0.057175
1.343 3.596991 0.056775
1.344 3.596991 0.056375
1.345 3.596991 0.055974
1.346 3.596991 0.055574
1.347 3.596991 0.055173
1.348 3.596991 0.054773
1.349 3.596991 0.054372
1.350 3.596991 0.053944
1.351 3.596991 0.053447
1.352 3.596990 0.052950
1.353 3.596990 0.052453
1.354 3.596990 0.051956
1.355 3.596990 0.051459
1.356 3.596990 0.050962
1.357 3.596990 0.050465
1.358 3.596990 0.049909
1.359 3.596990 0.049347
1.360 3.596990 0.048786
1.361 3.596989 0.048224
1.362 3.596989 0.047662
1.363 3.596989 0.047100
1.364 3.596989 0.046539
1.365 3.596989 0.045934
1.366 3.596989 0.045278
1.367 3.596989 0.044622
1.368 3.596989 0.043967
1.369 3.596988 0.043311
1.370 3.596988 0.042655
1.371 3.596988 0.042000
1.372 3.596988 0.041344
1.373 3.596988 0.040556
1.374 3.596988 0.039757
1.375 3.596988 0.038958
1.376 3.596988 0.038159
1.377 3.596988 0.037360
1.378 3.596987 0.036561
1.379 3.596987 0.035762
1.380 3.596987 0.034913
1.381 3.596987 0.033952
1.382 3.596987 0.032991
1.383 3.596987 0.032031
1.384 3.596987 0.031070
1.385 3.596987 0.030109
1.386 3.596987 0.029149
1.387 3.596987 0.028188
1.388 3.596987 0.027227
1.389 3.596987 0.026266
1.390 3.596987 0.025306
1.391 3.596987 0.024345
1.392 3.596987 0.023384
1.393 3.596987 0.022424
1.394 3.596987 0.021463
1.395 3.596987 0.020502
1.396 3.596987 0.019541
1.397 3.596987 0.018581
1.398 3.596987 0.017620
1.399 3.596987 0.016659
1.400 3.596987 0.015699
1.401 3.596987 0.014738
1.402 3.596987 0.013777
1.403 3.596987 0.012816
1.404 3.596987 0.011856
1.405 3.596987 0.010895
1.406 3.596987 0.009934
1.407 3.596987 0.008974
1.408 3.596987 0.008633
1.409 3.596987 0.008372
1.410 3.596987 0.008111
1.411 3.596987 0.007851
1.412 3.596987 0.007590
1.413 3.596987 0.007329
1.414 3.596987 0.007069
1.415 3.596987 0.006808
1.416 3.596987 0.006547
1.417 3.596987 0.006287
1.418 3.596987 0.006026
1.419 3.596987 0.005765
1.420 3.596987 0.005505
1.421 3.596987 0.005244
1.422 3.596987 0.004983
1.423 3.596987 0.004723
1.424 3.596987 0.004462
1.425 3.596987 0.004201
1.426 3.596987 0.003941
1.427 3.596987 0.003680
1.428 3.596987 0.003419
1.429 3.596987 0.003158
1.430 3.596987 0.002898
1.431 3.596987 0.002637
1.432 3.596987 0.002376
1.433 3.596987 0.002116
1.434 3.596987 0.001855
1.435 3.596987 0.001594
1.436 3.596987 0.001408
1.437 3.596987 0.001360
1.438 3.596987 0.001312
1.439 3.596987 0.001264
1.440 3.596987 0.001216
1.441 3.596987 0.001168
1.442 3.596987 0.001120
1.443 3.596987 0.001072
1.444 3.596987 0.001024
1.445 3.596987 0.000977
1.446 3.596987 0.000929
1.447 3.596987 0.000881
1.448 3.596988 0.000833
1.449 3.596988 0.000785
1.450 3.596988 0.000737
1.451 3.596988 0.000689
1.452 3.596988 0.000641
1.453 3.596988 0.000593
1.454 3.596988 0.000545
1.455 3.596988 0.000497
1.456 3.596988 0.000449
1.457 3.596988 0.000401
1.458 3.596988 0.000353
1.459 3.596988 0.000305
1.460 3.596988 0.000257
1.461 3.596988 0.000209
1.462 3.596988 0.000162
1.463 3.596988 0.000114
1.464 3.596988 0.000066
1.465 3.596988 0.000018
1.466 3.596988 0.000000
1.467 3.596988 0.000000
1.468 3.596988 0.000000
1.469 3.596988 0.000000
1.470 3.596988 0.000000
1.471 3.596988 0.000000
1.472 3.596988 0.000000
1.473 3.596988 0.000000
1.474 3.596989 0.000000
1.475 3.596989 0.000000
1.476 3.596989 0.000000
1.477 3.596989 0.000000
1.478 3.596989 0.000000
1.479 3.596989 0.000000
1.480 3.596989 0.000000
1.481 3.596989 0.000000
1.482 3.596989 0.000000
1.483 3.596989 0.000000
1.484 3.596989 0.000000
1.485 3.596989 0.000000
1.486 3.596989 0.000000
1.487 3.596989 0.000000
1.488 3.596989 0.000000
1.489 3.596989 0.000000
1.490 3.596989 0.000000
1.491 3.596989 0.000000
1.492 3.596989 0.000000
1.493 3.596989 0.000000
1.494 3.596990 0.000000
1.495 3.596990 0.000000
1.496 3.596990 0.000000
1.497 3.596990 0.000000
1.498 3.596990 0.000000
1.499 3.596990 0.000000
1.500 3.596990 0.000000
1.501 3.596990 0.000000
1.502 3.596990 0.000000
1.503 3.596990 0.000000
1.504 3.596990 0.000000
1.505 3.596990 0.000000
1.506 3.596990 0.000000
1.507 3.596990 0.000000
1.508 3.596990 0.000000
1.509 3.596990 0.000000
1.510 3.596990 0.000000
1.511 3.596991 0.000000
1.512 3.596991 0.000000
1.513 3.596991 0.000000
1.514 3.596991 0.000000
1.515 3.596991 0.000000
1.516 3.596991 0.000000
1.517 3.596991 0.000000
1.518 3.596991 0.000000
1.519 3.596991 0.000000
1.520 3.596991 0.000000
1.521 3.596991 0.000000
1.522 3.596991 0.000000
1.523 3.596991 0.000000
1.524 3.596991 0.000000
1.525 3.596991 0.000000
1.526 3.596991 0.000000
1.527 3.596991 0.000000
1.528 3.596992 0.000000
1.529 3.596992 0.000000
1.530 3.596992 0.000000
1.531 3.596992 0.000000
1.532 3.596992 0.000000
1.533 3.596992 0.000000
1.534 3.596992 0.000000
1.535 3.596992 0.000000
1.536 3.596992 0.000000
1.537 3.596992 0.000000
1.538 3.596992 0.000000
1.539 3.596992 0.000000
1.540 3.596992 0.000000
1.541 3.596992 0.000000
1.542 3.596992 0.000000
1.543 3.596992 0.000000
1.544 3.596992 0.000000
1.545 3.596993 0.000000
1.546 3.596993 0.000000
1.547 3.596993 0.000000
1.548 3.596993 0.000000
1.549 3.596993 0.000000
1.550 3.596993 0.000000
1.551 3.596993 0.000000
1.552 3.596993 0.000000
1.553 3.596993 0.000000
1.554 3.596993 0.000000
1.555 3.596993 0.000000
1.556 3.596993 0.000000
1.557 3.596993 0.000000
1.558 3.596993 0.000000
1.559 3.596993 0.000000
1.560 3.596993 0.000000
1.561 3.596993 0.000000
1.562 3.596994 0.000000
1.563 3.596994 0.000000
1.564 3.596994 0.000000
1.565 3.596994 0.000000
1.566 3.596994 0.000000
1.567 3.596994 0.000000
1.568 3.596994 0.000000
1.569 3.596994 0.000000
1.570 3.596994 0.000000
1.571 3.596994 0.000000
1.572 3.596994 0.000000
1.573 3.596994 0.000000
1.574 3.596994 0.000000
1.575 3.596994 0.000000
1.576 3.596994 0.000000
1.577 3.596994 0.000000
1.578 3.596994 0.000000
1.579 3.596994 0.000000
1.580 3.596994 0.000000
1.581 3.596995 0.000000
1.582 3.596995 0.000000
1.583 3.596995 0.000000
1.584 3.596995 0.000000
1.585 3.596995 0.000000
1.586 3.596995 0.000000
1.587 3.596995 0.000000
1.588 3.596995 0.000000
1.589 3.596995 0.000000
1.590 3.596995 0.000000
1.591 3.596995 0.000000
1.592 3.596995 0.000000
1.593 3.596995 0.000000
1.594 3.596995 0.000000
1.595 3.596995 0.000000
1.596 3.596995 0.000000
1.597 3.596995 0.000000
1.598 3.596995 0.000000
1.599 3.596995 0.000000
1.600 3.596996 0.000000
1.601 3.596996 0.000000
1.602 3.596996 0.000000
1.603 3.596996 0.000000
1.604 3.596996 0.000000
1.605 3.596996 0.000000
1.606 3.596996 0.000000
1.607 3.596996 0.000000
1.608 3.596996 0.000000
1.609 3.596996 0.000000
1.610 3.596996 0.000000
1.611 3.596996 0.000000
1.612 3.596996 0.000000
1.613 3.596996 0.000000
1.614 3.596996 0.000000
1.615 3.596996 0.000000
1.616 3.596996 0.000000
1.617 3.596996 0.000000
1.618 3.596996 0.000000
1.619 3.596996 0.000000
1.620 3.596996 0.000000
1.621 3.596996 0.000000
1.622 3.596997 0.000000
1.623 3.596997 0.000000
1.624 3.596997 0.000000
1.625 3.596997 0.000000
1.626 3.596997 0.000000
1.627 3.596997 0.000000
1.628 3.596997 0.000000
1.629 3.596997 0.000000
1.630 3.596997 0.000000
1.631 3.596997 0.000000
1.632 3.596997 0.000000
1.633 3.596997 0.000000
1.634 3.596997 0.000000
1.635 3.596997 0.000000
1.636 3.596997 0.000000
1.637 3.596997 0.000000
1.638 3.596997 0.000000
1.639 3.596997 0.000000
1.640 3.596997 0.000000
1.641 3.596997 0.000000
1.642 3.596997 0.000000
1.643 3.596997 0.000000
1.644 3.596997 0.000000
1.645 3.596997 0.000000
1.646 3.596997 0.000000
1.647 3.596998 0.000000
1.648 3.596998 0.000000
1.649 3.596998 0.000000
1.650 3.596998 0.000000
1.651 3.596998 0.000000
1.652 3.596998 0.000000
1.653 3.596998 0.000000
1.654 3.596998 0.000000
1.655 3.596998 0.000000
1.656 3.596998 0.000000
1.657 3.596998 0.000000
1.658 3.596998 0.000000
1.659 3.596998 0.000000
1.660 3.596998 0.000000
1.661 3.596998 0.000000
1.662 3.596998 0.000000
1.663 3.596998 0.000000
1.664 3.596998 0.000000
1.665 3.596998 0.000000
1.666 3.596998 0.000000
1.667 3.596998 0.000000
1.668 3.596998 0.000000
1.669 3.596998 0.000000
1.670 3.596998 0.000000
1.671 3.596998 0.000000
1.672 3.596998 0.000000
1.673 3.596998 0.000000
1.674 3.596999 0.000000
1.675 3.596999 0.000000
1.676 3.596999 0.000000
1.677 3.596999 0.000000
1.678 3.596999 0.000000
1.679 3.596999 0.000000
1.680 3.596999 0.000000
1.681 3.596999 0.000000
1.682 3.596999 0.000000
1.683 3.596999 0.000000
1.684 3.596999 0.000000
1.685 3.596999 0.000000
1.686 3.596999 0.000000
1.687 3.596999 0.000000
1.688 3.596999 0.000000
1.689 3.596999 0.000000
1.690 3.596999 0.000000
1.691 3.596999 0.000000
1.692 3.596999 0.000000
1.693 3.596999 0.000000
1.694 3.596999 0.000000
1.695 3.596999 0.000000
1.696 3.596999 0.000000
1.697 3.596999 0.000000
1.698 3.596999 0.000000
1.699 3.596999 0.000000
1.700 3.596999 0.000000
1.701 3.596999 0.000000
1.702 3.596999 0.000000
1.703 3.596999 0.000000
1.704 3.596999 0.000000
1.705 3.596999 0.000000
1.706 3.597000 0.000000
1.707 3.597000 0.000000
1.708 3.597000 0.000000
1.709 3.597000 0.000000
1.710 3.597000 0.000000
1.711 3.597000 0.000000
1.712 3.597000 0.000000
1.713 3.597000 0.000000
1.714 3.597000 0.000000
1.715 3.597000 0.000000
1.716 3.597000 0.000000
1.717 3.597000 0.000000
1.718 3.597000 0.000000
1.719 3.597000 0.000000
1.720 3.597000 0.000000
1.721 3.597000 0.000000
1.722 3.597000 0.000000
1.723 3.597000 0.000000
1.724 3.597000 0.000000
1.725 3.597000 0.000000
1.726 3.597000 0.000000
1.727 3.597000 0.000000
1.728 3.597000 0.000000
1.729 3.597000 0.000000
1.730 3.597000 0.000000
1.731 3.597000 0.000000
1.732 3.597000 0.000000
1.733 3.597000 0.000000
1.734 3.597000 0.000000
1.735 3.597000 0.000000
1.736 3.597000 0.000000
1.737 3.597000 0.000000
1.738 3.597000 0.000000
1.739 3.597000 0.000000
1.740 3.597000 0.000000
1.741 3.597000 0.000000
1.742 3.597000 0.000000
1.743 3.597001 0.000000
1.744 3.597001 0.000000
1.745 3.597001 0.000000
1.746 3.597001 0.000000
1.747 3.597001 0.000000
1.748 3.597001 0.000000
1.749 3.597001 0.000000
1.750 3.597001 0.000000
1.751 3.597001 0.000000
1.752 3.597001 0.000000
1.753 3.597001 0.000000
1.754 3.597001 0.000000
1.755 3.597001 0.000000
1.756 3.597001 0.000000
1.757 3.597001 0.000000
1.758 3.597001 0.000000
1.759 3.597001 0.000000
1.760 3.597001 0.000000
1.761 3.597001 0.000000
1.762 3.597001 0.000000
1.763 3.597001 0.000000
1.764 3.597001 0.000000
1.765 3.597001 0.000000
1.766 3.597001 0.000000
1.767 3.597001 0.000000
1.768 3.597001 0.000000
1.769 3.597001 0.000000
1.770 3.597001 0.000000
1.771 3.597001 0.000000
1.772 3.597001 0.000000
1.773 3.597001 0.000000
1.774 3.597001 0.000000
1.775 3.597001 0.000000
1.776 3.597001 0.000000
1.777 3.597001 0.000000
1.778 3.597001 0.000000
1.779 3.597001 0.000000
1.780 3.597001 0.000000
1.781 3.597001 0.000000
1.782 3.597001 0.000000
1.783 3.597001 0.000000
1.784 3.597001 0.000000
1.785 3.597002 0.000000
1.786 3.597002 0.000000
1.787 3.597002 0.000000
1.788 3.597002 0.000000
1.789 3.597002 0.000000
1.790 3.597002 0.000000
1.791 3.597002 0.000000
1.792 3.597002 0.000000
1.793 3.597002 0.000000
1.794 3.597002 0.000000
1.795 3.597002 0.000000
1.796 3.597002 0.000000
1.797 3.597002 0.000000
1.798 3.597002 0.000000
1.799 3.597002 0.000000
1.800 3.597002 0.000000
1.801 NaN NaN
1.802 NaN NaN
1.803 NaN NaN
1.804 NaN NaN
1.805 NaN NaN
1.806 NaN NaN
1.807 NaN NaN
1.808 NaN NaN
1.809 NaN NaN
1.810 NaN NaN
1.811 NaN NaN
1.812 NaN NaN
1.813 NaN NaN
1.814 NaN NaN
1.815 NaN NaN
1.816 NaN NaN
1.817 NaN NaN
1.818 NaN NaN
1.819 NaN NaN
1.820 NaN NaN
1.821 NaN NaN
1.822 NaN NaN
1.823 NaN NaN
1.824 NaN NaN
1.825 NaN NaN
1.826 NaN NaN
1.827 NaN NaN
1.828 NaN NaN
1.829 NaN NaN
1.830 NaN NaN
1.831 NaN NaN
1.832 NaN NaN
1.833 NaN NaN
1.834 NaN NaN
1.835 NaN NaN
1.836 NaN NaN
1.837 NaN NaN
1.838 NaN NaN
1.839 NaN NaN
1.840 NaN NaN
1.841 NaN NaN
1.842 NaN NaN
1.843 NaN NaN
1.844 NaN NaN
1.845 NaN NaN
1.846 NaN NaN
1.847 NaN NaN
1.848 NaN NaN
1.849 NaN NaN
1.850 NaN NaN
1.851 NaN NaN
1.852 NaN NaN
1.853 NaN NaN
1.854 NaN NaN
1.855 NaN NaN
1.856 NaN NaN
1.857 NaN NaN
1.858 NaN NaN
1.859 NaN NaN
1.860 NaN NaN
1.861 NaN NaN
1.862 NaN NaN
1.863 NaN NaN
1.864 NaN NaN
1.865 NaN NaN
1.866 NaN NaN
1.867 NaN NaN
1.868 NaN NaN
1.869 NaN NaN
1.870 NaN NaN
1.871 NaN NaN
1.872 NaN NaN
1.873 NaN NaN
1.874 NaN NaN
1.875 NaN NaN
1.876 NaN NaN
1.877 NaN NaN
1.878 NaN NaN
1.879 NaN NaN
1.880 NaN NaN
1.881 NaN NaN
1.882 NaN NaN
1.883 NaN NaN
1.884 NaN NaN
1.885 NaN NaN
1.886 NaN NaN
1.887 NaN NaN
1.888 NaN NaN
1.889 NaN NaN
1.890 NaN NaN
1.891 NaN NaN
1.892 NaN NaN
1.893 NaN NaN
1.894 NaN NaN
1.895 NaN NaN
1.896 NaN NaN
1.897 NaN NaN
1.898 NaN NaN
1.899 NaN NaN
1.900 NaN NaN
1.901 NaN NaN
1.902 NaN NaN
1.903 NaN NaN
1.904 NaN NaN
1.905 NaN NaN
1.906 NaN NaN
1.907 NaN NaN
1.908 NaN NaN
1.909 NaN NaN
1.910 NaN NaN
1.911 NaN NaN
1.912 NaN NaN
1.913 NaN NaN
1.914 NaN NaN
1.915 NaN NaN
1.916 NaN NaN
1.917 NaN NaN
1.918 NaN NaN
1.919 NaN NaN
1.920 NaN NaN
1.921 NaN NaN
1.922 NaN NaN
1.923 NaN NaN
1.924 NaN NaN
1.925 NaN NaN
1.926 NaN NaN
1.927 NaN NaN
1.928 NaN NaN
1.929 NaN NaN
1.930 NaN NaN
1.931 NaN NaN
1.932 NaN NaN
1.933 NaN NaN
1.934 NaN NaN
1.935 NaN NaN
1.936 NaN NaN
1.937 NaN NaN
1.938 NaN NaN
1.939 NaN NaN
1.940 NaN NaN
1.941 NaN NaN
1.942 NaN NaN
1.943 NaN NaN
1.944 NaN NaN
1.945 NaN NaN
1.946 NaN NaN
1.947 NaN NaN
1.948 NaN NaN
1.949 NaN NaN
1.950 NaN NaN