0.253 1.871577 3.177633
0.254 1.913119 3.199744
0.255 1.948969 3.216395
0.256 1.984361 3.231044
0.257 2.025219 3.245798
0.258 2.067492 3.260325
0.259 2.109092 3.274956
0.260 2.149071 3.289408
0.261 2.196922 3.303757
0.262 2.239490 3.317905
0.263 2.285088 3.323210
0.264 2.333272 3.335650
0.265 2.381791 3.336930
0.266 2.437689 3.342483
0.267 2.487653 3.341642
0.268 2.535694 3.338575
0.269 2.587551 3.334873
0.270 2.639654 3.330326
0.271 2.690434 3.317365
0.272 2.741187 3.304239
0.273 2.790628 3.293230
0.274 2.839602 3.274330
0.275 2.887962 3.255125
0.276 2.935396 3.236109
0.277 2.978110 3.212754
0.278 3.019867 3.189104
0.279 3.061210 3.157989
0.280 3.102082 3.133496
0.281 3.142498 3.104037
0.282 3.175432 3.072633
0.283 3.210001 3.033628
0.284 3.242962 3.002342
0.285 3.271948 2.970580
0.286 3.297418 2.933333
0.287 3.322991 2.895732
0.288 3.348220 2.861499
0.289 3.365956 2.826963
0.290 3.386366 2.789789
0.291 3.405277 2.754368
0.292 3.419716 2.721882
0.293 3.431674 2.681845
0.294 3.443378 2.648678
0.295 3.455055 2.613259
0.296 3.460715 2.579220
0.297 3.467665 2.549008
0.298 3.471560 2.517731
0.299 3.476024 2.486033
0.300 3.483439 2.456953
0.301 3.482544 2.423616
0.302 3.481584 2.397318
0.303 3.480445 2.371192
0.304 3.479452 2.345134
0.305 3.478507 2.319142
0.306 3.477400 2.297261
0.307 3.470108 2.276877
0.308 3.466442 2.253129
0.309 3.461902 2.235333
0.310 3.455578 2.210762
0.311 3.453683 2.193967
0.312 3.444795 2.173175
0.313 3.443486 2.160143
0.314 3.434237 2.139108
0.315 3.429988 2.125895
0.316 3.423101 2.113536
0.317 3.414967 2.101089
0.318 3.412568 2.088802
0.319 3.407317 2.076451
0.320 3.401501 2.064186
0.321 3.393128 2.052053
0.322 3.388208 2.039950
0.323 3.381415 2.028422
0.324 3.373139 2.023978
0.325 3.369515 2.013564
0.326 3.361872 2.005839
0.327 3.361027 1.998871
0.328 3.352887 1.988546
0.329 3.348283 1.984204
0.330 3.341756 1.977388
0.331 3.340174 1.971537
0.332 3.333012 1.966792
0.333 3.330747 1.959575
0.334 3.326689 1.958544
0.335 3.321113 1.952944
0.336 3.319795 1.949586
0.337 3.312217 1.947405
0.338 3.310677 1.940777
0.339 3.305524 1.940518
0.340 3.301347 1.939379
0.341 3.300936 1.932823
0.342 3.298047 1.931394
0.343 3.291599 1.931393
0.344 3.291194 1.931393
0.345 3.290959 1.931487
0.346 3.290354 1.931198
0.347 3.287979 1.928926
0.348 3.281090 1.922425
0.349 3.281027 1.922415
0.350 3.280823 1.922441
0.351 3.280611 1.922609
0.352 3.280537 1.922683
0.353 3.280391 1.922829
0.354 3.280292 1.922926
0.355 3.280176 1.922926
0.356 3.280042 1.923022
0.357 3.279961 1.923173
0.358 3.279798 1.923360
0.359 3.279740 1.924096
0.360 3.279561 1.927287
0.361 3.279528 1.932880
0.362 3.279528 1.932933
0.363 3.279523 1.933103
0.364 3.279408 1.933329
0.365 3.280148 1.933441
0.366 3.281734 1.933644
0.367 3.288292 1.934510
0.368 3.288506 1.938383
0.369 3.288803 1.943230
0.370 3.289876 1.943438
0.371 3.295140 1.943645
0.372 3.297740 1.943764
0.373 3.297740 1.944953
0.374 3.298677 1.946646
0.375 3.301018 1.952814
0.376 3.307337 1.953808
0.377 3.308223 1.954401
0.378 3.311980 1.955610
0.379 3.316963 1.959917
0.380 3.318027 1.963910
0.381 3.323075 1.964044
0.382 3.326673 1.965301
0.383 3.327796 1.966531
0.384 3.334015 1.972492
0.385 3.336412 1.974545
0.386 3.338796 1.975685
0.387 3.345262 1.978122
0.388 3.347898 1.984241
0.389 3.354061 1.984795
0.390 3.355777 1.986153
0.391 3.359784 1.989502
0.392 3.365353 1.994392
0.393 3.370209 1.995512
0.394 3.375078 1.996520
0.395 3.380481 2.001495
0.396 3.385172 2.005674
0.397 3.391198 2.006701
0.398 3.395619 2.012343
0.399 3.402052 2.016050
0.400 3.410818 2.017060
0.401 3.414177 2.023193
0.402 3.421607 2.026187
0.403 3.425699 2.028298
0.404 3.433174 2.035380
0.405 3.441881 2.037856
0.406 3.451349 2.044749
0.407 3.454809 2.046705
0.408 3.462555 2.047761
0.409 3.471430 2.055031
0.410 3.480706 2.057621
0.411 3.484196 2.065059
0.412 3.492717 2.067833
0.413 3.503014 2.075199
0.414 3.513664 2.077916
0.415 3.524610 2.085255
0.416 3.539890 2.088232
0.417 3.550824 2.095093
0.418 3.561263 2.098329
0.419 3.572845 2.105046
0.420 3.589128 2.108294
0.421 3.601225 2.115215
0.422 3.618537 2.117388
0.423 3.637098 2.123494
0.424 3.649885 2.124458
0.425 3.666856 2.124531
0.426 3.685476 2.123875
0.427 3.704949 2.123423
0.428 3.724064 2.122637
0.429 3.743136 2.116152
0.430 3.766200 2.112367
0.431 3.786026 2.105691
0.432 3.803323 2.096401
0.433 3.820698 2.087021
0.434 3.833907 2.078089
0.435 3.847725 2.064920
0.436 3.860843 2.052104
0.437 3.872515 2.042558
0.438 3.885254 2.030566
0.439 3.893524 2.017434
0.440 3.899218 2.005995
0.441 3.902011 1.991541
0.442 3.908420 1.983349
0.443 3.910053 1.974600
0.444 3.911149 1.961027
0.445 3.917087 1.954019
0.446 3.919183 1.951931
0.447 3.919763 1.946994
0.448 3.920276 1.940980
0.449 3.920974 1.939078
0.450 3.922068 1.940046
0.451 3.923791 1.941477
0.452 3.925359 1.942735
0.453 3.927190 1.944264
0.454 3.931869 1.948793
0.455 3.938461 1.955403
0.456 3.942210 1.958645
0.457 3.952473 1.966933
0.458 3.961868 1.975052
0.459 3.968352 1.983663
0.460 3.982780 1.992459
0.461 3.996275 1.996774
0.462 4.011690 2.002294
0.463 4.030903 2.010479
0.464 4.050515 2.018346
0.465 4.070168 2.026160
0.466 4.091079 2.033378
0.467 4.117668 2.039612
0.468 4.144823 2.040526
0.469 4.171931 2.043607
0.470 4.199013 2.044599
0.471 4.229893 2.042822
0.472 4.263384 2.037555
0.473 4.296801 2.028802
0.474 4.329959 2.019167
0.475 4.362822 2.008782
0.476 4.395331 1.992344
0.477 4.427361 1.974383
0.478 4.456636 1.953361
0.479 4.485318 1.929200
0.480 4.514646 1.904317
0.481 4.540371 1.876928
0.482 4.563807 1.845995
0.483 4.583049 1.813788
0.484 4.600714 1.781385
0.485 4.618164 1.748670
0.486 4.631878 1.715933
0.487 4.643791 1.683073
0.488 4.659329 1.650058
0.489 4.662178 1.617010
0.490 4.668852 1.584013
0.491 4.673250 1.551155
0.492 4.674553 1.520453
0.493 4.674930 1.493004
0.494 4.674182 1.461856
0.495 4.669321 1.435177
0.496 4.666183 1.409656
0.497 4.662348 1.384759
0.498 4.655171 1.360013
0.499 4.647609 1.335325
0.500 4.640520 1.310694
0.501 4.637084 1.286653
0.502 4.632324 1.265877
0.503 4.625233 1.245960
0.504 4.617288 1.224127
0.505 4.609202 1.206429
0.506 4.601298 1.189784
0.507 4.593221 1.173536
0.508 4.581994 1.157191
0.509 4.569414 1.140999
0.510 4.560352 1.124881
0.511 4.552174 1.108837
0.512 4.544188 1.097700
0.513 4.536196 1.084981
0.514 4.528276 1.072696
0.515 4.520394 1.061176
0.516 4.512520 1.048534
0.517 4.504662 1.036815
0.518 4.496814 1.025316
0.519 4.488973 1.012108
0.520 4.481154 1.002757
0.521 4.473327 0.994212
0.522 4.465538 0.985382
0.523 4.457730 0.976214
0.524 4.449965 0.967361
0.525 4.442187 0.958684
0.526 4.434474 0.950428
0.527 4.430071 0.942411
0.528 4.426405 0.934499
0.529 4.420196 0.926785
0.530 4.412945 0.919407
0.531 4.405419 0.912298
0.532 4.397733 0.905268
0.533 4.390080 0.898310
0.534 4.382953 0.891802
0.535 4.379423 0.885479
0.536 4.375633 0.879217
0.537 4.368820 0.873014
0.538 4.361584 0.866866
0.539 4.354179 0.860726
0.540 4.350078 0.854905
0.541 4.346315 0.849339
0.542 4.340750 0.843900
0.543 4.334237 0.838476
0.544 4.329061 0.833050
0.545 4.327038 0.827751
0.546 4.320450 0.822460
0.547 4.313441 0.817649
0.548 4.309417 0.812691
0.549 4.306011 0.807738
0.550 4.301029 0.803058
0.551 4.298191 0.798462
0.552 4.293982 0.793883
0.553 4.287878 0.789356
0.554 4.282042 0.784877
0.555 4.277702 0.780471
0.556 4.274835 0.776197
0.557 4.269622 0.772190
0.558 4.266948 0.767942
0.559 4.263031 0.763869
0.560 4.258088 0.759943
0.561 4.257037 0.755612
0.562 4.250967 0.751771
0.563 4.247920 0.748053
0.564 4.244817 0.744372
0.565 4.239750 0.740671
0.566 4.237367 0.736937
0.567 4.233207 0.733307
0.568 4.229443 0.729703
0.569 4.226189 0.726089
0.570 4.222244 0.722433
0.571 4.218505 0.718741
0.572 4.215106 0.715098
0.573 4.211618 0.711560
0.574 4.207298 0.708209
0.575 4.206300 0.705079
0.576 4.204838 0.701734
0.577 4.202122 0.698256
0.578 4.197137 0.694815
0.579 4.195005 0.691685
0.580 4.191061 0.688422
0.581 4.186374 0.685139
0.582 4.184983 0.682262
0.583 4.179894 0.679330
0.584 4.176413 0.676180
0.585 4.175621 0.672836
0.586 4.175040 0.669960
0.587 4.170798 0.667100
0.588 4.166474 0.664252
0.589 4.165501 0.661420
0.590 4.164870 0.658134
0.591 4.161881 0.655014
0.592 4.156882 0.652113
0.593 4.155550 0.649285
0.594 4.154725 0.646516
0.595 4.153068 0.643777
0.596 4.148072 0.641043
0.597 4.145699 0.638312
0.598 4.142703 0.635584
0.599 4.137620 0.632859
0.600 4.135669 0.630139
0.601 4.134521 0.627421
0.602 4.133949 0.624711
0.603 4.129248 0.622403
0.604 4.126163 0.619937
0.605 4.124525 0.617330
0.606 4.123986 0.614630
0.607 4.121035 0.611933
0.608 4.116644 0.609239
0.609 4.114980 0.606549
0.610 4.114078 0.604162
0.611 4.113695 0.601950
0.612 4.113336 0.599431
0.613 4.110385 0.596821
0.614 4.105760 0.594178
0.615 4.104325 0.592029
0.616 4.103384 0.589676
0.617 4.102876 0.587145
0.618 4.097808 0.584586
0.619 4.094544 0.582217
0.620 4.093440 0.580074
0.621 4.092867 0.577581
0.622 4.090667 0.575208
0.623 4.085314 0.573128
0.624 4.083661 0.570701
0.625 4.083107 0.568280
0.626 4.082814 0.566253
0.627 4.082133 0.563944
0.628 4.081071 0.561480
0.629 4.076155 0.559358
0.630 4.073176 0.557127
0.631 4.072666 0.554759
0.632 4.072410 0.552619
0.633 4.071862 0.550470
0.634 4.070100 0.548130
0.635 4.066959 0.545990
0.636 4.062888 0.543986
0.637 4.062303 0.541870
0.638 4.061157 0.539703
0.639 4.058611 0.537436
0.640 4.055617 0.535398
0.641 4.052479 0.533462
0.642 4.052097 0.531274
0.643 4.051771 0.529100
0.644 4.051544 0.526953
0.645 4.048933 0.524978
0.646 4.045235 0.523081
0.647 4.043272 0.521106
0.648 4.041850 0.519035
0.649 4.041617 0.516752
0.650 4.041282 0.514685
0.651 4.040882 0.512755
0.652 4.036349 0.510889
0.653 4.032217 0.509031
0.654 4.031762 0.507171
0.655 4.031422 0.505232
0.656 4.031219 0.503198
0.657 4.029955 0.501019
0.658 4.028285 0.498783
0.659 4.024491 0.496930
0.660 4.021453 0.495087
0.661 4.021209 0.493247
0.662 4.020988 0.491408
0.663 4.020797 0.489572
0.664 4.020553 0.487738
0.665 4.020287 0.485905
0.666 4.016955 0.484076
0.667 4.013529 0.482248
0.668 4.011983 0.480423
0.669 4.010829 0.478599
0.670 4.010552 0.476778
0.671 4.010009 0.474958
0.672 4.009196 0.473141
0.673 4.006057 0.471400
0.674 4.001795 0.469697
0.675 4.000816 0.467928
0.676 4.000452 0.466146
0.677 4.000208 0.464340
0.678 3.999581 0.462534
0.679 3.996760 0.460731
0.680 3.994103 0.458930
0.681 3.991854 0.457131
0.682 3.990447 0.455360
0.683 3.990229 0.453627
0.684 3.990053 0.451897
0.685 3.989915 0.450169
0.686 3.989326 0.448409
0.687 3.988482 0.446631
0.688 3.985270 0.444849
0.689 3.981203 0.443065
0.690 3.980227 0.441377
0.691 3.979925 0.439710
0.692 3.979664 0.438149
0.693 3.979407 0.436602
0.694 3.976295 0.435115
0.695 3.973086 0.433628
0.696 3.971465 0.431923
0.697 3.969925 0.430219
0.698 3.969755 0.428529
0.699 3.969589 0.426848
0.700 3.969475 0.425257
0.701 3.969180 0.423686
0.702 3.967401 0.422268
0.703 3.965479 0.420825
0.704 3.962488 0.419187
0.705 3.959823 0.417539
0.706 3.959681 0.415819
0.707 3.959542 0.414137
0.708 3.959434 0.412804
0.709 3.959290 0.411453
0.710 3.958717 0.409890
0.711 3.958009 0.408327
0.712 3.953924 0.406731
0.713 3.949839 0.405135
0.714 3.949580 0.403780
0.715 3.949359 0.402428
0.716 3.949096 0.400817
0.717 3.948830 0.399187
0.718 3.945952 0.397806
0.719 3.942637 0.396467
0.720 3.940977 0.394986
0.721 3.939804 0.393464
0.722 3.939343 0.391901
0.723 3.939223 0.390318
0.724 3.939112 0.388918
0.725 3.939009 0.387656
0.726 3.937799 0.386339
0.727 3.935212 0.384954
0.728 3.932839 0.383550
0.729 3.930938 0.382106
0.730 3.929330 0.380698
0.731 3.929197 0.379466
0.732 3.929064 0.378232
0.733 3.928950 0.376719
0.734 3.928835 0.375205
0.735 3.927112 0.373857
0.736 3.925070 0.372541
0.737 3.922869 0.371263
0.738 3.920583 0.370004
0.739 3.919274 0.368650
0.740 3.919152 0.367181
0.741 3.919031 0.365767
0.742 3.918916 0.364524
0.743 3.918772 0.363279
0.744 3.916923 0.361875
0.745 3.915073 0.360471
0.746 3.912763 0.359154
0.747 3.910322 0.357862
0.748 3.909140 0.356575
0.749 3.909085 0.355293
0.750 3.908807 0.354050
0.751 3.907904 0.352920
0.752 3.907000 0.351790
0.753 3.903742 0.350410
0.754 3.900447 0.349026
0.755 3.899317 0.347672
0.756 3.899153 0.346332
0.757 3.899025 0.345062
0.758 3.898953 0.343902
0.759 3.898825 0.342742
0.760 3.897885 0.341563
0.761 3.896945 0.340385
0.762 3.894428 0.339114
0.763 3.891325 0.337809
0.764 3.889345 0.336571
0.765 3.889195 0.335444
0.766 3.889045 0.334318
0.767 3.888943 0.333291
0.768 3.888840 0.332263
0.769 3.887986 0.330979
0.770 3.886706 0.329547
0.771 3.885084 0.328218
0.772 3.882409 0.327201
0.773 3.879734 0.326184
0.774 3.879216 0.325164
0.775 3.879121 0.324142
0.776 3.879042 0.323073
0.777 3.878985 0.321935
0.778 3.878928 0.320797
0.779 3.877210 0.319517
0.780 3.875446 0.318234
0.781 3.873484 0.317094
0.782 3.871339 0.316088
0.783 3.869298 0.315081
0.784 3.869242 0.314067
0.785 3.869187 0.313054
0.786 3.869074 0.311995
0.787 3.868918 0.310900
0.788 3.868625 0.309812
0.789 3.866316 0.308813
0.790 3.864007 0.307814
0.791 3.862171 0.306816
0.792 3.860730 0.305817
0.793 3.859307 0.304817
0.794 3.859258 0.303721
0.795 3.859209 0.302624
0.796 3.859051 0.301444
0.797 3.858767 0.300167
0.798 3.858482 0.298889
0.799 3.855714 0.297871
0.800 3.852664 0.296882
0.801 3.850448 0.295898
0.802 3.850047 0.294925
0.803 3.849646 0.293952
0.804 3.849431 0.293152
0.805 3.849289 0.292421
0.806 3.849122 0.291676
0.807 3.848725 0.290810
0.808 3.848327 0.289945
0.809 3.846662 0.289026
0.810 3.843546 0.288047
0.811 3.840429 0.287068
0.812 3.839763 0.286091
0.813 3.839651 0.285115
0.814 3.839540 0.284139
0.815 3.839432 0.283165
0.816 3.839324 0.282191
0.817 3.838587 0.281219
0.818 3.837114 0.280247
0.819 3.835642 0.279276
0.820 3.833760 0.278306
0.821 3.831748 0.277337
0.822 3.829807 0.276379
0.823 3.829745 0.275684
0.824 3.829683 0.274990
0.825 3.829564 0.274220
0.826 3.829308 0.273274
0.827 3.829053 0.272327
0.828 3.827504 0.271413
0.829 3.824850 0.270526
0.830 3.822197 0.269640
0.831 3.821147 0.268902
0.832 3.820596 0.268209
0.833 3.820045 0.267517
0.834 3.819871 0.266587
0.835 3.819709 0.265649
0.836 3.819501 0.264721
0.837 3.819036 0.263846
0.838 3.818570 0.262971
0.839 3.817364 0.262154
0.840 3.814588 0.261460
0.841 3.811812 0.260766
0.842 3.810289 0.259966
0.843 3.810186 0.259045
0.844 3.810083 0.258124
0.845 3.809949 0.257388
0.846 3.809793 0.256777
0.847 3.809637 0.256166
0.848 3.808105 0.255487
0.849 3.805997 0.254779
0.850 3.803890 0.254071
0.851 3.802629 0.253249
0.852 3.801589 0.252399
0.853 3.800549 0.251548
0.854 3.800305 0.250754
0.855 3.800189 0.249970
0.856 3.800072 0.249185
0.857 3.799732 0.248446
0.858 3.799371 0.247712
0.859 3.799009 0.246978
0.860 3.796413 0.246351
0.861 3.793670 0.245730
0.862 3.790928 0.245109
0.863 3.790698 0.244412
0.864 3.790613 0.243712
0.865 3.790527 0.243011
0.866 3.790360 0.242293
0.867 3.790186 0.241573
0.868 3.790012 0.240854
0.869 3.788142 0.240321
0.870 3.786076 0.239809
0.871 3.784010 0.239296
0.872 3.782956 0.238602
0.873 3.782094 0.237872
0.874 3.781233 0.237142
0.875 3.780881 0.236482
0.876 3.780689 0.235843
0.877 3.780496 0.235204
0.878 3.780035 0.234598
0.879 3.779437 0.234007
0.880 3.778840 0.233417
0.881 3.777321 0.232797
0.882 3.775022 0.232152
0.883 3.772722 0.231508
0.884 3.771322 0.230885
0.885 3.771290 0.230296
0.886 3.771257 0.229708
0.887 3.771194 0.229151
0.888 3.771028 0.228699
0.889 3.770862 0.228248
0.890 3.770687 0.227785
0.891 3.770315 0.227063
0.892 3.769943 0.226341
0.893 3.769570 0.225618
0.894 3.767481 0.225112
0.895 3.765036 0.224651
0.896 3.762591 0.224190
0.897 3.761547 0.223720
0.898 3.761466 0.223244
0.899 3.761385 0.222768
0.900 3.761244 0.222286
0.901 3.760980 0.221795
0.902 3.760717 0.221304
0.903 3.760340 0.220803
0.904 3.757814 0.220112
0.905 3.755289 0.219422
0.906 3.752763 0.218732
0.907 3.752050 0.218228
0.908 3.751964 0.217790
0.909 3.751879 0.217351
0.910 3.751753 0.216907
0.911 3.751570 0.216456
0.912 3.751387 0.216006
0.913 3.751122 0.215555
0.914 3.749465 0.215110
0.915 3.747808 0.214665
0.916 3.746151 0.214220
0.917 3.744921 0.213777
0.918 3.743896 0.213337
0.919 3.742870 0.212896
0.920 3.742113 0.212453
0.921 3.742086 0.212003
0.922 3.742059 0.211554
0.923 3.742032 0.211104
0.924 3.741858 0.210670
0.925 3.741656 0.210238
0.926 3.741453 0.209806
0.927 3.740600 0.209368
0.928 3.738684 0.208918
0.929 3.736768 0.208468
0.930 3.734853 0.208018
0.931 3.734113 0.207606
0.932 3.733509 0.207197
0.933 3.732904 0.206789
0.934 3.732497 0.206455
0.935 3.732401 0.206238
0.936 3.732306 0.206020
0.937 3.732210 0.205803
0.938 3.732011 0.205432
0.939 3.731794 0.205034
0.940 3.731577 0.204635
0.941 3.730752 0.204226
0.942 3.728431 0.203790
0.943 3.726110 0.203354
0.944 3.723788 0.202919
0.945 3.723050 0.202595
0.946 3.722994 0.202319
0.947 3.722938 0.202044
0.948 3.722875 0.201765
0.949 3.722730 0.201446
0.950 3.722585 0.201128
0.951 3.722440 0.200809
0.952 3.722230 0.200456
0.953 3.721934 0.200056
0.954 3.721637 0.199657
0.955 3.721341 0.199258
0.956 3.719624 0.199017
0.957 3.717463 0.198825
0.958 3.715302 0.198634
0.959 3.713269 0.198429
0.960 3.713235 0.198033
0.961 3.713200 0.197637
0.962 3.713166 0.197241
0.963 3.713117 0.196901
0.964 3.713042 0.196678
0.965 3.712966 0.196455
0.966 3.712891 0.196232
0.967 3.712665 0.195888
0.968 3.712327 0.195452
0.969 3.711988 0.195017
0.970 3.711650 0.194582
0.971 3.710661 0.194161
0.972 3.709489 0.193746
0.973 3.708317 0.193330
0.974 3.707145 0.192914
0.975 3.706642 0.192597
0.976 3.706166 0.192283
0.977 3.705690 0.191970
0.978 3.705222 0.191681
0.979 3.704818 0.191594
0.980 3.704413 0.191507
0.981 3.704009 0.191421
0.982 3.703609 0.191313
0.983 3.703223 0.191135
0.984 3.702837 0.190957
0.985 3.702451 0.190779
0.986 3.702060 0.190564
0.987 3.701656 0.190270
0.988 3.701252 0.189975
0.989 3.700848 0.189681
0.990 3.700454 0.189389
0.991 3.700076 0.189101
0.992 3.699698 0.188814
0.993 3.699320 0.188526
0.994 3.698962 0.188169
0.995 3.698631 0.187709
0.996 3.698301 0.187249
0.997 3.697971 0.186789
0.998 3.697639 0.186374
0.999 3.697303 0.186027
1.000 3.696968 0.185680
1.001 3.696633 0.185332
1.002 3.696297 0.185024
1.003 3.695961 0.184783
1.004 3.695624 0.184542
1.005 3.695288 0.184301
1.006 3.694953 0.184069
1.007 3.694620 0.183857
1.008 3.694287 0.183646
1.009 3.693954 0.183434
1.010 3.693620 0.183199
1.011 3.693280 0.182860
1.012 3.692939 0.182520
1.013 3.692598 0.182181
1.014 3.692259 0.181841
1.015 3.691952 0.181494
1.016 3.691644 0.181147
1.017 3.691337 0.180800
1.018 3.691029 0.180454
1.019 3.690754 0.180231
1.020 3.690484 0.180025
1.021 3.690213 0.179820
1.022 3.689943 0.179615
1.023 3.689675 0.179379
1.024 3.689409 0.179128
1.025 3.689142 0.178876
1.026 3.688876 0.178625
1.027 3.688586 0.178297
1.028 3.688266 0.177866
1.029 3.687946 0.177436
1.030 3.687625 0.177005
1.031 3.687307 0.176585
1.032 3.686995 0.176226
1.033 3.686683 0.175866
1.034 3.686371 0.175507
1.035 3.686059 0.175148
1.036 3.685758 0.174741
1.037 3.685460 0.174325
1.038 3.685161 0.173909
1.039 3.684862 0.173492
1.040 3.684566 0.173111
1.041 3.684273 0.172766
1.042 3.683980 0.172422
1.043 3.683687 0.172077
1.044 3.683398 0.171735
1.045 3.683137 0.171415
1.046 3.682877 0.171095
1.047 3.682617 0.170776
1.048 3.682357 0.170456
1.049 3.682092 0.170228
1.050 3.681826 0.170043
1.051 3.681559 0.169858
1.052 3.681293 0.169673
1.053 3.681028 0.169454
1.054 3.680770 0.169116
1.055 3.680512 0.168777
1.056 3.680254 0.168438
1.057 3.679996 0.168099
1.058 3.679734 0.167738
1.059 3.679470 0.167368
1.060 3.679207 0.166998
1.061 3.678943 0.166628
1.062 3.678677 0.166233
1.063 3.678404 0.165721
1.064 3.678130 0.165210
1.065 3.677857 0.164698
1.066 3.677584 0.164187
1.067 3.677325 0.163681
1.068 3.677075 0.163179
1.069 3.676826 0.162677
1.070 3.676576 0.162175
1.071 3.676326 0.161673
1.072 3.676076 0.161326
1.073 3.675826 0.160981
1.074 3.675576 0.160636
1.075 3.675325 0.160290
1.076 3.675075 0.159986
1.077 3.674823 0.159762
1.078 3.674571 0.159539
1.079 3.674319 0.159315
1.080 3.674067 0.159091
1.081 3.673824 0.158812
1.082 3.673586 0.158502
1.083 3.673348 0.158192
1.084 3.673110 0.157881
1.085 3.672871 0.157571
1.086 3.672634 0.157194
1.087 3.672396 0.156810
1.088 3.672159 0.156426
1.089 3.671921 0.156041
1.090 3.671686 0.155662
1.091 3.671471 0.155317
1.092 3.671256 0.154972
1.093 3.671041 0.154628
1.094 3.670826 0.154283
1.095 3.670612 0.153928
1.096 3.670401 0.153548
1.097 3.670190 0.153169
1.098 3.669980 0.152790
1.099 3.669769 0.152410
1.100 3.669549 0.152054
1.101 3.669315 0.151727
1.102 3.669082 0.151400
1.103 3.668848 0.151073
1.104 3.668615 0.150746
1.105 3.668391 0.150469
1.106 3.668176 0.150236
1.107 3.667960 0.150003
1.108 3.667745 0.149769
1.109 3.667529 0.149536
1.110 3.667300 0.149261
1.111 3.667061 0.148955
1.112 3.666822 0.148649
1.113 3.666582 0.148343
1.114 3.666343 0.148037
1.115 3.666114 0.147735
1.116 3.665892 0.147436
1.117 3.665670 0.147136
1.118 3.665448 0.146837
1.119 3.665226 0.146538
1.120 3.665018 0.146213
1.121 3.664820 0.145867
1.122 3.664622 0.145522
1.123 3.664425 0.145176
1.124 3.664227 0.144830
1.125 3.664021 0.144491
1.126 3.663805 0.144159
1.127 3.663589 0.143827
1.128 3.663374 0.143495
1.129 3.663158 0.143164
1.130 3.662944 0.142855
1.131 3.662734 0.142598
1.132 3.662524 0.142341
1.133 3.662313 0.142084
1.134 3.662103 0.141827
1.135 3.661894 0.141584
1.136 3.661687 0.141429
1.137 3.661481 0.141275
1.138 3.661275 0.141120
1.139 3.661068 0.140965
1.140 3.660862 0.140811
1.141 3.660665 0.140686
1.142 3.660470 0.140564
1.143 3.660274 0.140443
1.144 3.660079 0.140321
1.145 3.659883 0.140200
1.146 3.659691 0.140051
1.147 3.659500 0.139887
1.148 3.659309 0.139722
1.149 3.659119 0.139558
1.150 3.658928 0.139393
1.151 3.658740 0.139230
1.152 3.658557 0.139069
1.153 3.658374 0.138908
1.154 3.658191 0.138748
1.155 3.658008 0.138587
1.156 3.657825 0.138426
1.157 3.657667 0.138292
1.158 3.657510 0.138159
1.159 3.657354 0.138027
1.160 3.657197 0.137895
1.161 3.657040 0.137763
1.162 3.656875 0.137619
1.163 3.656701 0.137464
1.164 3.656527 0.137308
1.165 3.656353 0.137153
1.166 3.656179 0.136997
1.167 3.656005 0.136843
1.168 3.655831 0.136747
1.169 3.655658 0.136652
1.170 3.655484 0.136556
1.171 3.655311 0.136461
1.172 3.655137 0.136365
1.173 3.654961 0.136241
1.174 3.654782 0.136087
1.175 3.654603 0.135932
1.176 3.654424 0.135778
1.177 3.654245 0.135624
1.178 3.654066 0.135470
1.179 3.653890 0.135266
1.180 3.653714 0.135058
1.181 3.653537 0.134850
1.182 3.653361 0.134641
1.183 3.653185 0.134433
1.184 3.653004 0.134258
1.185 3.652812 0.134170
1.186 3.652620 0.134083
1.187 3.652429 0.133995
1.188 3.652237 0.133908
1.189 3.652045 0.133821
1.190 3.651874 0.133724
1.191 3.651719 0.133620
1.192 3.651564 0.133516
1.193 3.651409 0.133413
1.194 3.651253 0.133309
1.195 3.651098 0.133205
1.196 3.650957 0.133046
1.197 3.650820 0.132876
1.198 3.650682 0.132706
1.199 3.650544 0.132536
1.200 3.650406 0.132366
1.201 3.650267 0.132197
1.202 3.650098 0.132068
1.203 3.649928 0.131939
1.204 3.649759 0.131810
1.205 3.649590 0.131681
1.206 3.649420 0.131552
1.207 3.649249 0.131416
1.208 3.649071 0.131245
1.209 3.648893 0.131075
1.210 3.648715 0.130904
1.211 3.648537 0.130734
1.212 3.648359 0.130563
1.213 3.648183 0.130373
1.214 3.648009 0.130130
1.215 3.647835 0.129887
1.216 3.647662 0.129644
1.217 3.647488 0.129400
1.218 3.647315 0.129157
1.219 3.647149 0.128963
1.220 3.647000 0.128887
1.221 3.646851 0.128811
1.222 3.646703 0.128735
1.223 3.646554 0.128660
1.224 3.646406 0.128584
1.225 3.646258 0.128510
1.226 3.646116 0.128443
1.227 3.645973 0.128375
1.228 3.645830 0.128308
1.229 3.645688 0.128240
1.230 3.645545 0.128172
1.231 3.645401 0.128094
1.232 3.645250 0.127962
1.233 3.645099 0.127829
1.234 3.644948 0.127697
1.235 3.644797 0.127565
1.236 3.644646 0.127432
1.237 3.644495 0.127300
1.238 3.644338 0.127144
1.239 3.644182 0.126987
1.240 3.644025 0.126831
1.241 3.643868 0.126675
1.242 3.643712 0.126519
1.243 3.643555 0.126363
1.244 3.643408 0.126215
1.245 3.643263 0.126069
1.246 3.643117 0.125924
1.247 3.642972 0.125778
1.248 3.642827 0.125632
1.249 3.642682 0.125486
1.250 3.642543 0.125350
1.251 3.642410 0.125223
1.252 3.642277 0.125096
1.253 3.642144 0.124970
1.254 3.642011 0.124843
1.255 3.641878 0.124716
1.256 3.641746 0.124599
1.257 3.641617 0.124525
1.258 3.641489 0.124451
1.259 3.641360 0.124377
1.260 3.641231 0.124303
1.261 3.641103 0.124229
1.262 3.640974 0.124155
1.263 3.640848 0.124015
1.264 3.640722 0.123856
1.265 3.640597 0.123697
1.266 3.640471 0.123538
1.267 3.640345 0.123379
1.268 3.640220 0.123220
1.269 3.640099 0.123059
1.270 3.639989 0.122896
1.271 3.639878 0.122733
1.272 3.639768 0.122569
1.273 3.639658 0.122406
1.274 3.639548 0.122242
1.275 3.639438 0.122079
1.276 3.639335 0.121885
1.277 3.639235 0.121682
1.278 3.639134 0.121479
1.279 3.639034 0.121276
1.280 3.638934 0.121073
1.281 3.638833 0.120870
1.282 3.638733 0.120688
1.283 3.638637 0.120616
1.284 3.638541 0.120544
1.285 3.638444 0.120472
1.286 3.638348 0.120401
1.287 3.638251 0.120329
1.288 3.638155 0.120257
1.289 3.638059 0.120156
1.290 3.637965 0.120025
1.291 3.637871 0.119893
1.292 3.637777 0.119761
1.293 3.637683 0.119629
1.294 3.637589 0.119497
1.295 3.637495 0.119365
1.296 3.637403 0.119181
1.297 3.637312 0.118978
1.298 3.637221 0.118774
1.299 3.637130 0.118571
1.300 3.637039 0.118368
1.301 3.636947 0.118165
1.302 3.636856 0.117962
1.303 3.636767 0.117712
1.304 3.636679 0.117459
1.305 3.636590 0.117206
1.306 3.636502 0.116953
1.307 3.636413 0.116699
1.308 3.636324 0.116446
1.309 3.636236 0.116198
1.310 3.636150 0.116087
1.311 3.636065 0.115977
1.312 3.635979 0.115867
1.313 3.635893 0.115756
1.314 3.635807 0.115646
1.315 3.635722 0.115536
1.316 3.635636 0.115428
1.317 3.635553 0.115349
1.318 3.635470 0.115270
1.319 3.635387 0.115191
1.320 3.635304 0.115111
1.321 3.635221 0.115032
1.322 3.635138 0.114953
1.323 3.635056 0.114874
1.324 3.634976 0.114788
1.325 3.634896 0.114703
1.326 3.634816 0.114617
1.327 3.634736 0.114532
1.328 3.634656 0.114446
1.329 3.634576 0.114361
1.330 3.634496 0.114275
1.331 3.634419 0.114056
1.332 3.634342 0.113825
1.333 3.634265 0.113593
1.334 3.634188 0.113362
1.335 3.634111 0.113131
1.336 3.634034 0.112900
1.337 3.633957 0.112669
1.338 3.633882 0.112483
1.339 3.633808 0.112314
1.340 3.633735 0.112144
1.341 3.633661 0.111975
1.342 3.633587 0.111805
1.343 3.633513 0.111635
1.344 3.633439 0.111466
1.345 3.633367 0.111274
1.346 3.633296 0.111057
1.347 3.633225 0.110840
1.348 3.633155 0.110622
1.349 3.633084 0.110405
1.350 3.633013 0.110188
1.351 3.632942 0.109971
1.352 3.632872 0.109754
1.353 3.632804 0.109545
1.354 3.632737 0.109335
1.355 3.632669 0.109125
1.356 3.632602 0.108915
1.357 3.632534 0.108705
1.358 3.632467 0.108495
1.359 3.632399 0.108285
1.360 3.632334 0.108072
1.361 3.632270 0.107858
1.362 3.632206 0.107644
1.363 3.632141 0.107429
1.364 3.632077 0.107215
1.365 3.632013 0.107001
1.366 3.631949 0.106787
1.367 3.631885 0.106582
1.368 3.631824 0.106416
1.369 3.631764 0.106251
1.370 3.631703 0.106086
1.371 3.631642 0.105920
1.372 3.631581 0.105755
1.373 3.631520 0.105590
1.374 3.631459 0.105425
1.375 3.631400 0.105262
1.376 3.631343 0.105102
1.377 3.631285 0.104942
1.378 3.631228 0.104781
1.379 3.631171 0.104621
1.380 3.631113 0.104461
1.381 3.631056 0.104300
1.382 3.630999 0.104140
1.383 3.630945 0.103947
1.384 3.630891 0.103752
1.385 3.630837 0.103556
1.386 3.630783 0.103360
1.387 3.630729 0.103165
1.388 3.630676 0.102969
1.389 3.630622 0.102774
1.390 3.630569 0.102579
1.391 3.630518 0.102388
1.392 3.630468 0.102197
1.393 3.630418 0.102007
1.394 3.630368 0.101816
1.395 3.630317 0.101626
1.396 3.630267 0.101435
1.397 3.630217 0.101244
1.398 3.630168 0.101050
1.399 3.630121 0.100845
1.400 3.630075 0.100641
1.401 3.630029 0.100436
1.402 3.629982 0.100232
1.403 3.629936 0.100027
1.404 3.629889 0.099823
1.405 3.629843 0.099618
1.406 3.629798 0.099419
1.407 3.629756 0.099227
1.408 3.629714 0.099036
1.409 3.629672 0.098845
1.410 3.629630 0.098654
1.411 3.629588 0.098463
1.412 3.629546 0.098272
1.413 3.629504 0.098081
1.414 3.629464 0.097905
1.415 3.629427 0.097760
1.416 3.629390 0.097614
1.417 3.629352 0.097469
1.418 3.629315 0.097323
1.419 3.629278 0.097178
1.420 3.629240 0.097032
1.421 3.629203 0.096887
1.422 3.629167 0.096725
1.423 3.629135 0.096503
1.424 3.629102 0.096280
1.425 3.629070 0.096058
1.426 3.629038 0.095836
1.427 3.629005 0.095614
1.428 3.628973 0.095391
1.429 3.628940 0.095169
1.430 3.628908 0.094947
1.431 3.628881 0.094778
1.432 3.628855 0.094609
1.433 3.628828 0.094440
1.434 3.628801 0.094271
1.435 3.628774 0.094102
1.436 3.628747 0.093933
1.437 3.628720 0.093764
1.438 3.628694 0.093596
1.439 3.628671 0.093409
1.440 3.628651 0.093215
1.441 3.628631 0.093020
1.442 3.628610 0.092825
1.443 3.628590 0.092631
1.444 3.628569 0.092436
1.445 3.628549 0.092242
1.446 3.628529 0.092047
1.447 3.628510 0.091848
1.448 3.628497 0.091636
1.449 3.628484 0.091424
1.450 3.628471 0.091212
1.451 3.628458 0.091000
1.452 3.628445 0.090788
1.453 3.628432 0.090576
1.454 3.628419 0.090365
1.455 3.628406 0.090153
1.456 3.628400 0.089923
1.457 3.628395 0.089688
1.458 3.628390 0.089453
1.459 3.628386 0.089218
1.460 3.628381 0.088983
1.461 3.628376 0.088748
1.462 3.628372 0.088513
1.463 3.628367 0.088278
1.464 3.628364 0.088028
1.465 3.628369 0.087693
1.466 3.628374 0.087358
1.467 3.628379 0.087023
1.468 3.628385 0.086688
1.469 3.628390 0.086353
1.470 3.628395 0.086018
1.471 3.628400 0.085683
1.472 3.628405 0.085349
1.473 3.628416 0.085039
1.474 3.628433 0.084761
1.475 3.628450 0.084483
1.476 3.628467 0.084205
1.477 3.628484 0.083927
1.478 3.628501 0.083649
1.479 3.628518 0.083371
1.480 3.628535 0.083093
1.481 3.628552 0.082815
1.482 3.628578 0.082553
1.483 3.628610 0.082301
1.484 3.628642 0.082049
1.485 3.628674 0.081797
1.486 3.628705 0.081545
1.487 3.628737 0.081293
1.488 3.628769 0.081041
1.489 3.628801 0.080789
1.490 3.628832 0.080537
1.491 3.628877 0.080253
1.492 3.628928 0.079956
1.493 3.628978 0.079659
1.494 3.629029 0.079362
1.495 3.629080 0.079065
1.496 3.629130 0.078768
1.497 3.629181 0.078471
1.498 3.629231 0.078173
1.499 3.629282 0.077876
1.500 3.629349 0.077588
1.501 3.629425 0.077304
1.502 3.629501 0.077020
1.503 3.629576 0.076736
1.504 3.629652 0.076452
1.505 3.629728 0.076168
1.506 3.629803 0.075884
1.507 3.629879 0.075600
1.508 3.629955 0.075316
1.509 3.630049 0.074974
1.510 3.630159 0.074581
1.511 3.630269 0.074188
1.512 3.630379 0.073795
1.513 3.630489 0.073403
1.514 3.630599 0.073010
1.515 3.630709 0.072617
1.516 3.630819 0.072224
1.517 3.630930 0.071831
1.518 3.631053 0.071444
1.519 3.631211 0.071070
1.520 3.631369 0.070697
1.521 3.631527 0.070323
1.522 3.631685 0.069949
1.523 3.631843 0.069576
1.524 3.632000 0.069202
1.525 3.632158 0.068828
1.526 3.632316 0.068455
1.527 3.632474 0.068081
1.528 3.632690 0.067680
1.529 3.632911 0.067277
1.530 3.633132 0.066873
1.531 3.633353 0.066470
1.532 3.633575 0.066066
1.533 3.633796 0.065663
1.534 3.634017 0.065259
1.535 3.634238 0.064856
1.536 3.634459 0.064452
1.537 3.634712 0.064018
1.538 3.635008 0.063544
1.539 3.635303 0.063070
1.540 3.635598 0.062596
1.541 3.635894 0.062122
1.542 3.636189 0.061648
1.543 3.636485 0.061174
1.544 3.636780 0.060700
1.545 3.637075 0.060226
1.546 3.637371 0.059752
1.547 3.637721 0.059221
1.548 3.638084 0.058679
1.549 3.638446 0.058136
1.550 3.638808 0.057594
1.551 3.639170 0.057051
1.552 3.639532 0.056509
1.553 3.639895 0.055966
1.554 3.640257 0.055424
1.555 3.640619 0.054882
1.556 3.640984 0.054336
1.557 3.641371 0.053760
1.558 3.641758 0.053184
1.559 3.642145 0.052608
1.560 3.642532 0.052032
1.561 3.642919 0.051456
1.562 3.643306 0.050881
1.563 3.643693 0.050305
1.564 3.644080 0.049729
1.565 3.644468 0.049153
1.566 3.644838 0.048546
1.567 3.645164 0.047851
1.568 3.645489 0.047156
1.569 3.645814 0.046461
1.570 3.646139 0.045766
1.571 3.646465 0.045072
1.572 3.646790 0.044377
1.573 3.647115 0.043682
1.574 3.647440 0.042987
1.575 3.647766 0.042292
1.576 3.648024 0.041569
1.577 3.648121 0.040780
1.578 3.648217 0.039990
1.579 3.648314 0.039200
1.580 3.648411 0.038411
1.581 3.648507 0.037621
1.582 3.648604 0.036831
1.583 3.648700 0.036042
1.584 3.648797 0.035252
1.585 3.648894 0.034462
1.586 3.648990 0.033673
1.587 3.649087 0.032883
1.588 3.649183 0.032093
1.589 3.649280 0.031304
1.590 3.649377 0.030514
1.591 3.649473 0.029724
1.592 3.649570 0.028935
1.593 3.649560 0.028339
1.594 3.649505 0.027825
1.595 3.649450 0.027311
1.596 3.649395 0.026797
1.597 3.649340 0.026284
1.598 3.649285 0.025770
1.599 3.649230 0.025256
1.600 3.649175 0.024743
1.601 3.649120 0.024229
1.602 3.649065 0.023715
1.603 3.649009 0.023201
1.604 3.648954 0.022688
1.605 3.648899 0.022174
1.606 3.648844 0.021660
1.607 3.648789 0.021147
1.608 3.648734 0.020633
1.609 3.648679 0.020119
1.610 3.648499 0.019695
1.611 3.648278 0.019299
1.612 3.648058 0.018903
1.613 3.647837 0.018507
1.614 3.647617 0.018111
1.615 3.647396 0.017715
1.616 3.647176 0.017319
1.617 3.646956 0.016923
1.618 3.646735 0.016527
1.619 3.646515 0.016131
1.620 3.646294 0.015735
1.621 3.646074 0.015339
1.622 3.645853 0.014943
1.623 3.645633 0.014547
1.624 3.645412 0.014151
1.625 3.645192 0.013755
1.626 3.644971 0.013359
1.627 3.644690 0.013011
1.628 3.644333 0.012723
1.629 3.643976 0.012435
1.630 3.643620 0.012147
1.631 3.643263 0.011859
1.632 3.642906 0.011571
1.633 3.642550 0.011282
1.634 3.642193 0.010994
1.635 3.641836 0.010706
1.636 3.641479 0.010418
1.637 3.641123 0.010130
1.638 3.640766 0.009841
1.639 3.640409 0.009553
1.640 3.640053 0.009265
1.641 3.639696 0.008977
1.642 3.639339 0.008689
1.643 3.638982 0.008401
1.644 3.638626 0.008112
1.645 3.638217 0.007898
1.646 3.637792 0.007706
1.647 3.637367 0.007515
1.648 3.636943 0.007323
1.649 3.636518 0.007131
1.650 3.636093 0.006940
1.651 3.635668 0.006748
1.652 3.635244 0.006556
1.653 3.634819 0.006365
1.654 3.634394 0.006173
1.655 3.633969 0.005981
1.656 3.633544 0.005789
1.657 3.633120 0.005598
1.658 3.632695 0.005406
1.659 3.632270 0.005214
1.660 3.631845 0.005023
1.661 3.631421 0.004831
1.662 3.630996 0.004639
1.663 3.630566 0.004522
1.664 3.630134 0.004437
1.665 3.629702 0.004353
1.666 3.629270 0.004268
1.667 3.628838 0.004184
1.668 3.628406 0.004099
1.669 3.627974 0.004015
1.670 3.627542 0.003931
1.671 3.627110 0.003846
1.672 3.626678 0.003762
1.673 3.626246 0.003677
1.674 3.625814 0.003593
1.675 3.625381 0.003508
1.676 3.624949 0.003424
1.677 3.624517 0.003339
1.678 3.624085 0.003255
1.679 3.623653 0.003170
1.680 3.623221 0.003086
1.681 3.622797 0.003005
1.682 3.622402 0.002940
1.683 3.622006 0.002875
1.684 3.621611 0.002809
1.685 3.621215 0.002744
1.686 3.620819 0.002678
1.687 3.620424 0.002613
1.688 3.620028 0.002547
1.689 3.619633 0.002482
1.690 3.619237 0.002416
1.691 3.618842 0.002351
1.692 3.618446 0.002285
1.693 3.618051 0.002220
1.694 3.617655 0.002154
1.695 3.617260 0.002089
1.696 3.616864 0.002023
1.697 3.616469 0.001958
1.698 3.616073 0.001892
1.699 3.615678 0.001827
1.700 3.615299 0.001777
1.701 3.614956 0.001759
1.702 3.614612 0.001741
1.703 3.614268 0.001723
1.704 3.613925 0.001705
1.705 3.613581 0.001687
1.706 3.613238 0.001669
1.707 3.612894 0.001652
1.708 3.612551 0.001634
1.709 3.612207 0.001616
1.710 3.611863 0.001598
1.711 3.611520 0.001580
1.712 3.611176 0.001562
1.713 3.610833 0.001544
1.714 3.610489 0.001526
1.715 3.610145 0.001508
1.716 3.609802 0.001490
1.717 3.609458 0.001472
1.718 3.609115 0.001454
1.719 3.608772 0.001436
1.720 3.608482 0.001417
1.721 3.608192 0.001398
1.722 3.607902 0.001378
1.723 3.607612 0.001359
1.724 3.607322 0.001340
1.725 3.607033 0.001321
1.726 3.606743 0.001301
1.727 3.606453 0.001282
1.728 3.606163 0.001263
1.729 3.605873 0.001244
1.730 3.605583 0.001224
1.731 3.605294 0.001205
1.732 3.605004 0.001186
1.733 3.604714 0.001167
1.734 3.604424 0.001147
1.735 3.604134 0.001128
1.736 3.603844 0.001109
1.737 3.603555 0.001090
1.738 3.603265 0.001070
1.739 3.602985 0.001052
1.740 3.602736 0.001037
1.741 3.602488 0.001022
1.742 3.602239 0.001007
1.743 3.601990 0.000991
1.744 3.601742 0.000976
1.745 3.601493 0.000961
1.746 3.601245 0.000946
1.747 3.600996 0.000931
1.748 3.600747 0.000916
1.749 3.600499 0.000900
1.750 3.600250 0.000885
1.751 3.600001 0.000870
1.752 3.599753 0.000855
1.753 3.599504 0.000840
1.754 3.599256 0.000825
1.755 3.599007 0.000810
1.756 3.598758 0.000794
1.757 3.598510 0.000779
1.758 3.598261 0.000764
1.759 3.598013 0.000749
1.760 3.597798 0.000751
1.761 3.597583 0.000752
1.762 3.597368 0.000753
1.763 3.597153 0.000755
1.764 3.596938 0.000756
1.765 3.596722 0.000757
1.766 3.596507 0.000759
1.767 3.596292 0.000760
1.768 3.596077 0.000761
1.769 3.595862 0.000763
1.770 3.595647 0.000764
1.771 3.595432 0.000765
1.772 3.595217 0.000767
1.773 3.595002 0.000768
1.774 3.594786 0.000769
1.775 3.594571 0.000771
1.776 3.594356 0.000772
1.777 3.594141 0.000774
1.778 3.593926 0.000775
1.779 3.593711 0.000776
1.780 3.593503 0.000773
1.781 3.593312 0.000761
1.782 3.593121 0.000749
1.783 3.592929 0.000737
1.784 3.592738 0.000725
1.785 3.592546 0.000713
1.786 3.592355 0.000700
1.787 3.592164 0.000688
1.788 3.591972 0.000676
1.789 3.591781 0.000664
1.790 3.591590 0.000652
1.791 3.591398 0.000640
1.792 3.591207 0.000628
1.793 3.591015 0.000615
1.794 3.590824 0.000603
1.795 3.590633 0.000591
1.796 3.590441 0.000579
1.797 3.590250 0.000567
1.798 3.590058 0.000555
1.799 3.589867 0.000543
1.800 3.589676 0.000530
1.801 NaN NaN
1.802 NaN NaN
1.803 NaN NaN
1.804 NaN NaN
1.805 NaN NaN
1.806 NaN NaN
1.807 NaN NaN
1.808 NaN NaN
1.809 NaN NaN
1.810 NaN NaN
1.811 NaN NaN
1.812 NaN NaN
1.813 NaN NaN
1.814 NaN NaN
1.815 NaN NaN
1.816 NaN NaN
1.817 NaN NaN
1.818 NaN NaN
1.819 NaN NaN
1.820 NaN NaN
1.821 NaN NaN
1.822 NaN NaN
1.823 NaN NaN
1.824 NaN NaN
1.825 NaN NaN
1.826 NaN NaN
1.827 NaN NaN
1.828 NaN NaN
1.829 NaN NaN
1.830 NaN NaN
1.831 NaN NaN
1.832 NaN NaN
1.833 NaN NaN
1.834 NaN NaN
1.835 NaN NaN
1.836 NaN NaN
1.837 NaN NaN
1.838 NaN NaN
1.839 NaN NaN
1.840 NaN NaN
1.841 NaN NaN
1.842 NaN NaN
1.843 NaN NaN
1.844 NaN NaN
1.845 NaN NaN
1.846 NaN NaN
1.847 NaN NaN
1.848 NaN NaN
1.849 NaN NaN
1.850 NaN NaN
1.851 NaN NaN
1.852 NaN NaN
1.853 NaN NaN
1.854 NaN NaN
1.855 NaN NaN
1.856 NaN NaN
1.857 NaN NaN
1.858 NaN NaN
1.859 NaN NaN
1.860 NaN NaN
1.861 NaN NaN
1.862 NaN NaN
1.863 NaN NaN
1.864 NaN NaN
1.865 NaN NaN
1.866 NaN NaN
1.867 NaN NaN
1.868 NaN NaN
1.869 NaN NaN
1.870 NaN NaN
1.871 NaN NaN
1.872 NaN NaN
1.873 NaN NaN
1.874 NaN NaN
1.875 NaN NaN
1.876 NaN NaN
1.877 NaN NaN
1.878 NaN NaN
1.879 NaN NaN
1.880 NaN NaN
1.881 NaN NaN
1.882 NaN NaN
1.883 NaN NaN
1.884 NaN NaN
1.885 NaN NaN
1.886 NaN NaN
1.887 NaN NaN
1.888 NaN NaN
1.889 NaN NaN
1.890 NaN NaN
1.891 NaN NaN
1.892 NaN NaN
1.893 NaN NaN
1.894 NaN NaN
1.895 NaN NaN
1.896 NaN NaN
1.897 NaN NaN
1.898 NaN NaN
1.899 NaN NaN
1.900 NaN NaN
1.901 NaN NaN
1.902 NaN NaN
1.903 NaN NaN
1.904 NaN NaN
1.905 NaN NaN
1.906 NaN NaN
1.907 NaN NaN
1.908 NaN NaN
1.909 NaN NaN
1.910 NaN NaN
1.911 NaN NaN
1.912 NaN NaN
1.913 NaN NaN
1.914 NaN NaN
1.915 NaN NaN
1.916 NaN NaN
1.917 NaN NaN
1.918 NaN NaN
1.919 NaN NaN
1.920 NaN NaN
1.921 NaN NaN
1.922 NaN NaN
1.923 NaN NaN
1.924 NaN NaN
1.925 NaN NaN
1.926 NaN NaN
1.927 NaN NaN
1.928 NaN NaN
1.929 NaN NaN
1.930 NaN NaN
1.931 NaN NaN
1.932 NaN NaN
1.933 NaN NaN
1.934 NaN NaN
1.935 NaN NaN
1.936 NaN NaN
1.937 NaN NaN
1.938 NaN NaN
1.939 NaN NaN
1.940 NaN NaN
1.941 NaN NaN
1.942 NaN NaN
1.943 NaN NaN
1.944 NaN NaN
1.945 NaN NaN
1.946 NaN NaN
1.947 NaN NaN
1.948 NaN NaN
1.949 NaN NaN
1.950 NaN NaN