0.253 1.859150 3.173725
0.254 1.900602 3.196765
0.255 1.935373 3.213305
0.256 1.970169 3.228270
0.257 2.010612 3.243284
0.258 2.052583 3.258123
0.259 2.093611 3.273013
0.260 2.132536 3.287767
0.261 2.179890 3.302425
0.262 2.222125 3.316932
0.263 2.266330 3.322464
0.264 2.313781 3.335526
0.265 2.361465 3.337878
0.266 2.415965 3.343478
0.267 2.465840 3.344162
0.268 2.513047 3.342011
0.269 2.563189 3.339395
0.270 2.615757 3.336200
0.271 2.665090 3.324177
0.272 2.716590 3.313069
0.273 2.764868 3.303979
0.274 2.815078 3.286357
0.275 2.862341 3.268473
0.276 2.911490 3.250700
0.277 2.954645 3.230106
0.278 2.996933 3.206157
0.279 3.038856 3.177466
0.280 3.080432 3.152805
0.281 3.121609 3.125324
0.282 3.157158 3.094787
0.283 3.192315 3.056472
0.284 3.224526 3.025404
0.285 3.256186 2.995144
0.286 3.282536 2.957219
0.287 3.308814 2.920883
0.288 3.334900 2.887636
0.289 3.355109 2.851931
0.290 3.376226 2.814840
0.291 3.393947 2.781342
0.292 3.411655 2.747806
0.293 3.424163 2.708931
0.294 3.436477 2.673614
0.295 3.448675 2.638205
0.296 3.457641 2.605966
0.297 3.463479 2.572828
0.298 3.466604 2.544497
0.299 3.473999 2.509610
0.300 3.481117 2.482267
0.301 3.482027 2.446892
0.302 3.481350 2.420219
0.303 3.480572 2.393971
0.304 3.479820 2.367791
0.305 3.479146 2.341683
0.306 3.478412 2.316141
0.307 3.474900 2.299033
0.308 3.467729 2.273909
0.309 3.466882 2.256849
0.310 3.457353 2.232295
0.311 3.456347 2.212300
0.312 3.447686 2.191305
0.313 3.445754 2.177322
0.314 3.440450 2.159921
0.315 3.434632 2.142536
0.316 3.425616 2.129961
0.317 3.421210 2.117505
0.318 3.414877 2.105047
0.319 3.413267 2.092684
0.320 3.404689 2.080270
0.321 3.399194 2.068017
0.322 3.393978 2.055802
0.323 3.384961 2.043666
0.324 3.380605 2.034874
0.325 3.373736 2.028919
0.326 3.366597 2.017974
0.327 3.363849 2.013502
0.328 3.360469 2.002824
0.329 3.353467 1.996095
0.330 3.345961 1.988616
0.331 3.343685 1.985860
0.332 3.340414 1.977288
0.333 3.333756 1.972146
0.334 3.332971 1.967760
0.335 3.324546 1.966890
0.336 3.323384 1.958400
0.337 3.319532 1.957819
0.338 3.313683 1.952487
0.339 3.312888 1.948905
0.340 3.304066 1.948633
0.341 3.303690 1.946292
0.342 3.303238 1.939463
0.343 3.297422 1.939450
0.344 3.293780 1.939450
0.345 3.293614 1.939460
0.346 3.293428 1.939551
0.347 3.292726 1.938966
0.348 3.287841 1.934267
0.349 3.283580 1.930185
0.350 3.283518 1.930184
0.351 3.283357 1.930232
0.352 3.283227 1.930352
0.353 3.283186 1.930393
0.354 3.283062 1.930517
0.355 3.283019 1.930551
0.356 3.282903 1.930555
0.357 3.282842 1.930659
0.358 3.282755 1.930738
0.359 3.282660 1.930950
0.360 3.282609 1.931547
0.361 3.282479 1.936507
0.362 3.282477 1.940544
0.363 3.282477 1.940561
0.364 3.282469 1.940710
0.365 3.282394 1.940867
0.366 3.283093 1.940930
0.367 3.285802 1.941139
0.368 3.291743 1.941835
0.369 3.291745 1.946613
0.370 3.292022 1.950781
0.371 3.292797 1.950939
0.372 3.299225 1.951077
0.373 3.301193 1.951219
0.374 3.301232 1.952082
0.375 3.301943 1.953770
0.376 3.304581 1.960456
0.377 3.310937 1.961199
0.378 3.311566 1.961663
0.379 3.315731 1.962514
0.380 3.320658 1.967285
0.381 3.321409 1.971260
0.382 3.326915 1.971364
0.383 3.330429 1.972261
0.384 3.331343 1.973252
0.385 3.337874 1.979601
0.386 3.340213 1.981692
0.387 3.342268 1.982503
0.388 3.349054 1.984546
0.389 3.351327 1.991487
0.390 3.358132 1.991849
0.391 3.359705 1.992812
0.392 3.363004 1.995669
0.393 3.369308 2.001473
0.394 3.373276 2.002298
0.395 3.379015 2.003059
0.396 3.383520 2.007128
0.397 3.389113 2.012387
0.398 3.394087 2.013182
0.399 3.399457 2.017846
0.400 3.404781 2.022627
0.401 3.413899 2.023406
0.402 3.418115 2.028797
0.403 3.424301 2.032690
0.404 3.428849 2.033657
0.405 3.435524 2.039936
0.406 3.444440 2.043403
0.407 3.453991 2.049402
0.408 3.458126 2.053041
0.409 3.464826 2.053831
0.410 3.473961 2.060125
0.411 3.483280 2.063643
0.412 3.487314 2.070131
0.413 3.494478 2.073719
0.414 3.504301 2.080233
0.415 3.514781 2.083750
0.416 3.524656 2.089975
0.417 3.539253 2.093868
0.418 3.552368 2.099552
0.419 3.562532 2.103702
0.420 3.572816 2.109092
0.421 3.587868 2.113329
0.422 3.601830 2.118586
0.423 3.616235 2.122771
0.424 3.634665 2.127069
0.425 3.649620 2.131511
0.426 3.663822 2.131746
0.427 3.682421 2.131502
0.428 3.701386 2.131080
0.429 3.720555 2.130690
0.430 3.739264 2.127348
0.431 3.759824 2.121087
0.432 3.784010 2.118317
0.433 3.801772 2.109260
0.434 3.819406 2.099936
0.435 3.836000 2.090721
0.436 3.848094 2.080458
0.437 3.863844 2.065063
0.438 3.874545 2.055014
0.439 3.888171 2.045073
0.440 3.899255 2.030750
0.441 3.907345 2.019310
0.442 3.911163 2.005852
0.443 3.916060 1.993350
0.444 3.920881 1.985135
0.445 3.921424 1.974334
0.446 3.924378 1.961131
0.447 3.929624 1.955307
0.448 3.930798 1.953681
0.449 3.931185 1.946608
0.450 3.931571 1.940751
0.451 3.932094 1.939453
0.452 3.932950 1.940207
0.453 3.934218 1.941245
0.454 3.935330 1.942139
0.455 3.936700 1.943298
0.456 3.941813 1.948334
0.457 3.947972 1.954509
0.458 3.951542 1.957540
0.459 3.961353 1.965918
0.460 3.969854 1.974208
0.461 3.975020 1.982878
0.462 3.990163 1.991614
0.463 4.002791 1.995203
0.464 4.017826 2.000689
0.465 4.036451 2.008969
0.466 4.055334 2.017036
0.467 4.074232 2.025058
0.468 4.094402 2.032650
0.469 4.120506 2.039496
0.470 4.147160 2.040572
0.471 4.173762 2.044288
0.472 4.200335 2.046190
0.473 4.230574 2.044937
0.474 4.264101 2.040359
0.475 4.297554 2.032050
0.476 4.330814 2.022808
0.477 4.363866 2.013391
0.478 4.396615 1.997428
0.479 4.429052 1.979931
0.480 4.458742 1.959490
0.481 4.486563 1.935178
0.482 4.516823 1.910428
0.483 4.542779 1.883697
0.484 4.566540 1.853166
0.485 4.586401 1.820799
0.486 4.603704 1.788319
0.487 4.620870 1.755652
0.488 4.635156 1.722940
0.489 4.646945 1.690190
0.490 4.661571 1.657351
0.491 4.666700 1.624485
0.492 4.672341 1.591665
0.493 4.677158 1.558862
0.494 4.678721 1.527753
0.495 4.679132 1.500888
0.496 4.679175 1.469746
0.497 4.674281 1.442610
0.498 4.670845 1.417293
0.499 4.667698 1.392593
0.500 4.660896 1.368076
0.501 4.653301 1.343625
0.502 4.645489 1.319225
0.503 4.641741 1.294886
0.504 4.637660 1.273637
0.505 4.631037 1.254119
0.506 4.623291 1.232530
0.507 4.615298 1.213932
0.508 4.607374 1.197314
0.509 4.599417 1.181139
0.510 4.589366 1.165036
0.511 4.577211 1.148977
0.512 4.566596 1.133006
0.513 4.558366 1.117093
0.514 4.550410 1.103616
0.515 4.542509 1.092931
0.516 4.534611 1.079773
0.517 4.526783 1.068390
0.518 4.518961 1.056949
0.519 4.511152 1.043330
0.520 4.503363 1.034176
0.521 4.495575 1.019890
0.522 4.487811 1.009511
0.523 4.480047 1.000963
0.524 4.472304 0.992439
0.525 4.464571 0.983560
0.526 4.456847 0.974648
0.527 4.449144 0.966014
0.528 4.441443 0.957572
0.529 4.433826 0.949652
0.530 4.432292 0.941819
0.531 4.427060 0.934065
0.532 4.420188 0.926639
0.533 4.412784 0.919514
0.534 4.405234 0.912546
0.535 4.397629 0.905644
0.536 4.390134 0.898896
0.537 4.383222 0.892653
0.538 4.382060 0.886469
0.539 4.376452 0.880327
0.540 4.369384 0.874232
0.541 4.362071 0.868164
0.542 4.355669 0.862199
0.543 4.351963 0.856523
0.544 4.348370 0.851134
0.545 4.341803 0.845813
0.546 4.335527 0.840471
0.547 4.331676 0.835174
0.548 4.328660 0.829940
0.549 4.321862 0.824752
0.550 4.314724 0.820152
0.551 4.312158 0.815153
0.552 4.308120 0.810349
0.553 4.303701 0.805762
0.554 4.300796 0.801253
0.555 4.296543 0.796755
0.556 4.289894 0.792306
0.557 4.284458 0.787892
0.558 4.280596 0.783569
0.559 4.277545 0.779402
0.560 4.272234 0.775483
0.561 4.270223 0.771248
0.562 4.265784 0.767299
0.563 4.261364 0.763373
0.564 4.260315 0.759101
0.565 4.253872 0.755363
0.566 4.251354 0.751713
0.567 4.248061 0.748082
0.568 4.243121 0.744437
0.569 4.240916 0.740773
0.570 4.236640 0.737189
0.571 4.232956 0.733622
0.572 4.229776 0.730048
0.573 4.225873 0.726446
0.574 4.222183 0.722822
0.575 4.218837 0.719232
0.576 4.215424 0.715734
0.577 4.211103 0.712431
0.578 4.210185 0.709336
0.579 4.208888 0.706040
0.580 4.206361 0.702584
0.581 4.201277 0.699193
0.582 4.199055 0.696106
0.583 4.195499 0.692918
0.584 4.190300 0.689606
0.585 4.189132 0.686776
0.586 4.184507 0.683906
0.587 4.180320 0.680856
0.588 4.179742 0.677474
0.589 4.179319 0.674616
0.590 4.175877 0.671801
0.591 4.170517 0.668997
0.592 4.169740 0.666208
0.593 4.169217 0.663037
0.594 4.167273 0.659852
0.595 4.161718 0.656994
0.596 4.159969 0.654203
0.597 4.159127 0.651451
0.598 4.158717 0.648735
0.599 4.153578 0.646025
0.600 4.150366 0.643317
0.601 4.148465 0.640613
0.602 4.143292 0.637913
0.603 4.140382 0.635217
0.604 4.139001 0.632524
0.605 4.138622 0.629835
0.606 4.135196 0.627448
0.607 4.130988 0.625139
0.608 4.129381 0.622574
0.609 4.128639 0.619933
0.610 4.127331 0.617261
0.611 4.122511 0.614594
0.612 4.119986 0.611931
0.613 4.118676 0.609367
0.614 4.118402 0.607220
0.615 4.118141 0.604835
0.616 4.117224 0.602312
0.617 4.112241 0.599667
0.618 4.109481 0.597344
0.619 4.108237 0.595207
0.620 4.107876 0.592693
0.621 4.105031 0.590156
0.622 4.099788 0.587599
0.623 4.098618 0.585484
0.624 4.097889 0.583228
0.625 4.097521 0.580707
0.626 4.092958 0.578579
0.627 4.088538 0.576435
0.628 4.088078 0.573916
0.629 4.087777 0.571727
0.630 4.087548 0.569712
0.631 4.086729 0.567242
0.632 4.084097 0.564939
0.633 4.079031 0.562863
0.634 4.077782 0.560544
0.635 4.077460 0.558226
0.636 4.077314 0.556157
0.637 4.076287 0.553940
0.638 4.074556 0.551604
0.639 4.070637 0.549610
0.640 4.067522 0.547608
0.641 4.067192 0.545499
0.642 4.065507 0.543304
0.643 4.062948 0.541054
0.644 4.059774 0.539128
0.645 4.057348 0.537148
0.646 4.057077 0.534965
0.647 4.056870 0.532813
0.648 4.056708 0.530685
0.649 4.053310 0.528779
0.650 4.049878 0.526891
0.651 4.047995 0.524959
0.652 4.046935 0.522856
0.653 4.046769 0.520567
0.654 4.046514 0.518557
0.655 4.046076 0.516638
0.656 4.040924 0.514792
0.657 4.037192 0.512947
0.658 4.036868 0.511103
0.659 4.036643 0.509176
0.660 4.036499 0.507181
0.661 4.035195 0.504992
0.662 4.033526 0.502762
0.663 4.029634 0.500933
0.664 4.026673 0.499104
0.665 4.026499 0.497279
0.666 4.026343 0.495456
0.667 4.026207 0.493635
0.668 4.026035 0.491817
0.669 4.025845 0.490000
0.670 4.022545 0.488186
0.671 4.018896 0.486374
0.672 4.017423 0.484565
0.673 4.016244 0.482757
0.674 4.016048 0.480953
0.675 4.015647 0.479150
0.676 4.014937 0.477349
0.677 4.012176 0.475594
0.678 4.007763 0.473876
0.679 4.006259 0.472120
0.680 4.006000 0.470347
0.681 4.005813 0.468561
0.682 4.005640 0.466773
0.683 4.002884 0.464988
0.684 4.000075 0.463205
0.685 3.997843 0.461424
0.686 3.995991 0.459653
0.687 3.995836 0.457921
0.688 3.995697 0.456191
0.689 3.995599 0.454463
0.690 3.995263 0.452724
0.691 3.994508 0.450963
0.692 3.992260 0.449201
0.693 3.988076 0.447436
0.694 3.985868 0.445714
0.695 3.985653 0.444034
0.696 3.985456 0.442445
0.697 3.985275 0.440929
0.698 3.983262 0.439433
0.699 3.979978 0.437952
0.700 3.977746 0.436333
0.701 3.976160 0.434631
0.702 3.975509 0.432936
0.703 3.975388 0.431246
0.704 3.975293 0.429618
0.705 3.975211 0.428023
0.706 3.974074 0.426568
0.707 3.972345 0.425190
0.708 3.969791 0.423642
0.709 3.966743 0.421992
0.710 3.965458 0.420309
0.711 3.965357 0.418603
0.712 3.965269 0.417116
0.713 3.965192 0.415802
0.714 3.964929 0.414358
0.715 3.964485 0.412787
0.716 3.962357 0.411210
0.717 3.958138 0.409625
0.718 3.955430 0.408134
0.719 3.955273 0.406801
0.720 3.955107 0.405382
0.721 3.954919 0.403747
0.722 3.954133 0.402169
0.723 3.950745 0.400846
0.724 3.947529 0.399506
0.725 3.946401 0.397980
0.726 3.945273 0.396454
0.727 3.945138 0.394882
0.728 3.945053 0.393308
0.729 3.944978 0.391990
0.730 3.944904 0.390730
0.731 3.943146 0.389391
0.732 3.940552 0.388013
0.733 3.938315 0.386603
0.734 3.936427 0.385162
0.735 3.935136 0.383797
0.736 3.935042 0.382583
0.737 3.934950 0.381326
0.738 3.934868 0.379814
0.739 3.934787 0.378301
0.740 3.932874 0.376989
0.741 3.930856 0.375689
0.742 3.928617 0.374408
0.743 3.926296 0.373136
0.744 3.925107 0.371766
0.745 3.925021 0.370302
0.746 3.924935 0.368904
0.747 3.924854 0.367685
0.748 3.924749 0.366464
0.749 3.922977 0.365054
0.750 3.921204 0.363644
0.751 3.918883 0.362317
0.752 3.916375 0.361019
0.753 3.915018 0.359738
0.754 3.914979 0.358475
0.755 3.914816 0.357238
0.756 3.914048 0.356119
0.757 3.913281 0.355001
0.758 3.910224 0.353645
0.759 3.906801 0.352252
0.760 3.905162 0.350894
0.761 3.905045 0.349568
0.762 3.904942 0.348273
0.763 3.904891 0.347103
0.764 3.904840 0.345933
0.765 3.904129 0.344778
0.766 3.903301 0.343626
0.767 3.901314 0.342389
0.768 3.898092 0.341061
0.769 3.895192 0.339757
0.770 3.895086 0.338659
0.771 3.894980 0.337561
0.772 3.894897 0.336514
0.773 3.894824 0.335488
0.774 3.894424 0.334342
0.775 3.893248 0.332915
0.776 3.892072 0.331487
0.777 3.889497 0.330417
0.778 3.886713 0.329400
0.779 3.885098 0.328382
0.780 3.885031 0.327363
0.781 3.884963 0.326344
0.782 3.884922 0.325235
0.783 3.884882 0.324123
0.784 3.884013 0.322914
0.785 3.882320 0.321609
0.786 3.880620 0.320307
0.787 3.878415 0.319301
0.788 3.876211 0.318295
0.789 3.875110 0.317287
0.790 3.875071 0.316278
0.791 3.875032 0.315268
0.792 3.874922 0.314202
0.793 3.874811 0.313136
0.794 3.873696 0.312101
0.795 3.871376 0.311103
0.796 3.869056 0.310106
0.797 3.867531 0.309109
0.798 3.866093 0.308113
0.799 3.865124 0.307084
0.800 3.865090 0.305991
0.801 3.865055 0.304898
0.802 3.864896 0.303671
0.803 3.864694 0.302398
0.804 3.864060 0.301168
0.805 3.860913 0.300182
0.806 3.857766 0.299195
0.807 3.856083 0.298214
0.808 3.855710 0.297240
0.809 3.855337 0.296265
0.810 3.855207 0.295500
0.811 3.855107 0.294761
0.812 3.854964 0.293994
0.813 3.854682 0.293140
0.814 3.854401 0.292287
0.815 3.852431 0.291363
0.816 3.849176 0.290387
0.817 3.845921 0.289411
0.818 3.845459 0.288438
0.819 3.845379 0.287465
0.820 3.845300 0.286492
0.821 3.845224 0.285522
0.822 3.845148 0.284552
0.823 3.844473 0.283582
0.824 3.843063 0.282614
0.825 3.841653 0.281647
0.826 3.839769 0.280681
0.827 3.837689 0.279716
0.828 3.835609 0.278751
0.829 3.835455 0.278066
0.830 3.835411 0.277398
0.831 3.835344 0.276683
0.832 3.835163 0.275736
0.833 3.834982 0.274788
0.834 3.833861 0.273857
0.835 3.831128 0.272953
0.836 3.828396 0.272050
0.837 3.826876 0.271277
0.838 3.826340 0.270611
0.839 3.825805 0.269945
0.840 3.825571 0.269084
0.841 3.825456 0.268145
0.842 3.825342 0.267207
0.843 3.825021 0.266310
0.844 3.824667 0.265419
0.845 3.824313 0.264529
0.846 3.821436 0.263857
0.847 3.818523 0.263188
0.848 3.815868 0.262496
0.849 3.815796 0.261573
0.850 3.815723 0.260649
0.851 3.815643 0.259782
0.852 3.815533 0.259174
0.853 3.815423 0.258567
0.854 3.814826 0.257936
0.855 3.812709 0.257227
0.856 3.810592 0.256519
0.857 3.808778 0.255773
0.858 3.807716 0.254935
0.859 3.806655 0.254096
0.860 3.805899 0.253277
0.861 3.805816 0.252501
0.862 3.805734 0.251725
0.863 3.805596 0.250960
0.864 3.805340 0.250221
0.865 3.805085 0.249481
0.866 3.804047 0.248779
0.867 3.801179 0.248166
0.868 3.798311 0.247553
0.869 3.796176 0.246921
0.870 3.796116 0.246234
0.871 3.796056 0.245547
0.872 3.795983 0.244851
0.873 3.795860 0.244119
0.874 3.795737 0.243387
0.875 3.795376 0.242683
0.876 3.793276 0.242189
0.877 3.791175 0.241695
0.878 3.789096 0.241196
0.879 3.788219 0.240459
0.880 3.787343 0.239721
0.881 3.786466 0.238984
0.882 3.786250 0.238335
0.883 3.786114 0.237696
0.884 3.785978 0.237058
0.885 3.785570 0.236462
0.886 3.785069 0.235881
0.887 3.784568 0.235299
0.888 3.782958 0.234686
0.889 3.780526 0.234051
0.890 3.778095 0.233416
0.891 3.776583 0.232800
0.892 3.776560 0.232216
0.893 3.776537 0.231631
0.894 3.776498 0.231069
0.895 3.776381 0.230621
0.896 3.776264 0.230173
0.897 3.776146 0.229725
0.898 3.775887 0.229019
0.899 3.775616 0.228294
0.900 3.775345 0.227568
0.901 3.773542 0.227022
0.902 3.770963 0.226568
0.903 3.768384 0.226114
0.904 3.766757 0.225657
0.905 3.766700 0.225192
0.906 3.766643 0.224728
0.907 3.766577 0.224262
0.908 3.766391 0.223788
0.909 3.766205 0.223313
0.910 3.766018 0.222839
0.911 3.764048 0.222201
0.912 3.761424 0.221502
0.913 3.758800 0.220804
0.914 3.757129 0.220202
0.915 3.757068 0.219766
0.916 3.757008 0.219329
0.917 3.756947 0.218893
0.918 3.756819 0.218448
0.919 3.756689 0.218004
0.920 3.756560 0.217560
0.921 3.755551 0.217118
0.922 3.753900 0.216678
0.923 3.752248 0.216238
0.924 3.750681 0.215798
0.925 3.749619 0.215362
0.926 3.748557 0.214925
0.927 3.747495 0.214489
0.928 3.747143 0.214048
0.929 3.747124 0.213606
0.930 3.747105 0.213164
0.931 3.747062 0.212725
0.932 3.746919 0.212296
0.933 3.746776 0.211867
0.934 3.746632 0.211437
0.935 3.745254 0.211000
0.936 3.743298 0.210559
0.937 3.741343 0.210117
0.938 3.739576 0.209680
0.939 3.738956 0.209269
0.940 3.738337 0.208857
0.941 3.737717 0.208445
0.942 3.737415 0.208151
0.943 3.737347 0.207944
0.944 3.737279 0.207737
0.945 3.737212 0.207529
0.946 3.737060 0.207139
0.947 3.736907 0.206745
0.948 3.736753 0.206351
0.949 3.735788 0.205944
0.950 3.733376 0.205515
0.951 3.730964 0.205085
0.952 3.728552 0.204655
0.953 3.727824 0.204339
0.954 3.727785 0.204070
0.955 3.727745 0.203800
0.956 3.727704 0.203529
0.957 3.727601 0.203214
0.958 3.727499 0.202898
0.959 3.727396 0.202582
0.960 3.727259 0.202238
0.961 3.727050 0.201836
0.962 3.726841 0.201434
0.963 3.726632 0.201031
0.964 3.725202 0.200760
0.965 3.722927 0.200580
0.966 3.720652 0.200399
0.967 3.718377 0.200219
0.968 3.717963 0.199857
0.969 3.717938 0.199458
0.970 3.717914 0.199059
0.971 3.717889 0.198666
0.972 3.717835 0.198463
0.973 3.717782 0.198260
0.974 3.717728 0.198057
0.975 3.717625 0.197807
0.976 3.717331 0.197380
0.977 3.717038 0.196953
0.978 3.716745 0.196525
0.979 3.716127 0.196100
0.980 3.714921 0.195679
0.981 3.713716 0.195258
0.982 3.712511 0.194837
0.983 3.711650 0.194462
0.984 3.711176 0.194138
0.985 3.710702 0.193815
0.986 3.710228 0.193491
0.987 3.709796 0.193309
0.988 3.709399 0.193240
0.989 3.709001 0.193170
0.990 3.708603 0.193101
0.991 3.708214 0.192973
0.992 3.707831 0.192805
0.993 3.707448 0.192638
0.994 3.707065 0.192471
0.995 3.706673 0.192225
0.996 3.706274 0.191933
0.997 3.705876 0.191640
0.998 3.705477 0.191348
0.999 3.705093 0.191067
1.000 3.704717 0.190792
1.001 3.704342 0.190518
1.002 3.703966 0.190243
1.003 3.703621 0.189861
1.004 3.703298 0.189401
1.005 3.702975 0.188941
1.006 3.702652 0.188480
1.007 3.702326 0.188075
1.008 3.701995 0.187724
1.009 3.701664 0.187374
1.010 3.701333 0.187023
1.011 3.701000 0.186718
1.012 3.700664 0.186482
1.013 3.700328 0.186245
1.014 3.699991 0.186009
1.015 3.699658 0.185784
1.016 3.699334 0.185591
1.017 3.699010 0.185398
1.018 3.698686 0.185205
1.019 3.698362 0.185001
1.020 3.698029 0.184670
1.021 3.697697 0.184339
1.022 3.697364 0.184008
1.023 3.697032 0.183677
1.024 3.696720 0.183328
1.025 3.696412 0.182977
1.026 3.696103 0.182626
1.027 3.695795 0.182275
1.028 3.695511 0.182018
1.029 3.695243 0.181819
1.030 3.694974 0.181621
1.031 3.694705 0.181423
1.032 3.694438 0.181212
1.033 3.694174 0.180975
1.034 3.693909 0.180739
1.035 3.693645 0.180503
1.036 3.693380 0.180264
1.037 3.693064 0.179833
1.038 3.692748 0.179401
1.039 3.692433 0.178970
1.040 3.692117 0.178539
1.041 3.691810 0.178160
1.042 3.691507 0.177807
1.043 3.691203 0.177454
1.044 3.690900 0.177100
1.045 3.690599 0.176730
1.046 3.690304 0.176314
1.047 3.690008 0.175898
1.048 3.689713 0.175482
1.049 3.689417 0.175066
1.050 3.689123 0.174711
1.051 3.688829 0.174367
1.052 3.688535 0.174023
1.053 3.688242 0.173678
1.054 3.687962 0.173343
1.055 3.687705 0.173021
1.056 3.687448 0.172699
1.057 3.687191 0.172377
1.058 3.686934 0.172055
1.059 3.686669 0.171865
1.060 3.686403 0.171694
1.061 3.686137 0.171524
1.062 3.685871 0.171353
1.063 3.685610 0.171130
1.064 3.685359 0.170801
1.065 3.685108 0.170473
1.066 3.684858 0.170144
1.067 3.684607 0.169815
1.068 3.684354 0.169467
1.069 3.684102 0.169112
1.070 3.683849 0.168757
1.071 3.683596 0.168402
1.072 3.683341 0.168028
1.073 3.683072 0.167523
1.074 3.682802 0.167017
1.075 3.682532 0.166512
1.076 3.682263 0.166007
1.077 3.682003 0.165499
1.078 3.681755 0.164988
1.079 3.681507 0.164478
1.080 3.681259 0.163967
1.081 3.681011 0.163456
1.082 3.680762 0.163067
1.083 3.680513 0.162716
1.084 3.680264 0.162364
1.085 3.680016 0.162013
1.086 3.679767 0.161665
1.087 3.679516 0.161453
1.088 3.679265 0.161241
1.089 3.679015 0.161029
1.090 3.678764 0.160817
1.091 3.678517 0.160585
1.092 3.678280 0.160288
1.093 3.678044 0.159991
1.094 3.677808 0.159694
1.095 3.677572 0.159397
1.096 3.677336 0.159065
1.097 3.677100 0.158684
1.098 3.676864 0.158302
1.099 3.676629 0.157920
1.100 3.676393 0.157538
1.101 3.676170 0.157181
1.102 3.675958 0.156845
1.103 3.675747 0.156508
1.104 3.675535 0.156172
1.105 3.675323 0.155835
1.106 3.675114 0.155471
1.107 3.674907 0.155090
1.108 3.674700 0.154709
1.109 3.674493 0.154329
1.110 3.674286 0.153948
1.111 3.674062 0.153604
1.112 3.673831 0.153279
1.113 3.673599 0.152955
1.114 3.673368 0.152630
1.115 3.673136 0.152305
1.116 3.672917 0.152048
1.117 3.672704 0.151825
1.118 3.672492 0.151603
1.119 3.672279 0.151380
1.120 3.672067 0.151157
1.121 3.671838 0.150883
1.122 3.671600 0.150576
1.123 3.671362 0.150268
1.124 3.671124 0.149961
1.125 3.670886 0.149654
1.126 3.670657 0.149355
1.127 3.670437 0.149064
1.128 3.670217 0.148772
1.129 3.669998 0.148481
1.130 3.669778 0.148190
1.131 3.669568 0.147882
1.132 3.669374 0.147548
1.133 3.669180 0.147214
1.134 3.668986 0.146879
1.135 3.668793 0.146545
1.136 3.668595 0.146211
1.137 3.668381 0.145879
1.138 3.668168 0.145548
1.139 3.667954 0.145216
1.140 3.667741 0.144885
1.141 3.667527 0.144553
1.142 3.667319 0.144292
1.143 3.667112 0.144034
1.144 3.666904 0.143776
1.145 3.666697 0.143518
1.146 3.666489 0.143260
1.147 3.666284 0.143075
1.148 3.666081 0.142925
1.149 3.665877 0.142776
1.150 3.665673 0.142626
1.151 3.665470 0.142477
1.152 3.665270 0.142337
1.153 3.665078 0.142215
1.154 3.664885 0.142094
1.155 3.664693 0.141973
1.156 3.664501 0.141851
1.157 3.664309 0.141730
1.158 3.664122 0.141573
1.159 3.663935 0.141414
1.160 3.663748 0.141255
1.161 3.663561 0.141096
1.162 3.663374 0.140938
1.163 3.663191 0.140778
1.164 3.663011 0.140619
1.165 3.662832 0.140459
1.166 3.662652 0.140299
1.167 3.662473 0.140140
1.168 3.662294 0.139981
1.169 3.662136 0.139853
1.170 3.661978 0.139726
1.171 3.661821 0.139598
1.172 3.661663 0.139470
1.173 3.661505 0.139342
1.174 3.661337 0.139204
1.175 3.661160 0.139054
1.176 3.660983 0.138904
1.177 3.660805 0.138755
1.178 3.660628 0.138605
1.179 3.660451 0.138455
1.180 3.660279 0.138364
1.181 3.660108 0.138279
1.182 3.659936 0.138193
1.183 3.659765 0.138108
1.184 3.659594 0.138022
1.185 3.659421 0.137920
1.186 3.659246 0.137771
1.187 3.659071 0.137622
1.188 3.658896 0.137474
1.189 3.658720 0.137325
1.190 3.658545 0.137176
1.191 3.658372 0.136995
1.192 3.658199 0.136788
1.193 3.658026 0.136581
1.194 3.657854 0.136374
1.195 3.657681 0.136167
1.196 3.657509 0.135960
1.197 3.657322 0.135859
1.198 3.657133 0.135782
1.199 3.656944 0.135705
1.200 3.656754 0.135628
1.201 3.656565 0.135550
1.202 3.656376 0.135473
1.203 3.656223 0.135378
1.204 3.656071 0.135284
1.205 3.655918 0.135189
1.206 3.655765 0.135094
1.207 3.655612 0.134999
1.208 3.655461 0.134893
1.209 3.655319 0.134721
1.210 3.655177 0.134549
1.211 3.655036 0.134376
1.212 3.654894 0.134204
1.213 3.654752 0.134031
1.214 3.654604 0.133871
1.215 3.654435 0.133753
1.216 3.654266 0.133634
1.217 3.654096 0.133516
1.218 3.653927 0.133397
1.219 3.653758 0.133278
1.220 3.653587 0.133149
1.221 3.653412 0.132984
1.222 3.653237 0.132819
1.223 3.653062 0.132654
1.224 3.652887 0.132489
1.225 3.652712 0.132325
1.226 3.652538 0.132144
1.227 3.652368 0.131898
1.228 3.652197 0.131653
1.229 3.652027 0.131408
1.230 3.651856 0.131163
1.231 3.651686 0.130917
1.232 3.651517 0.130690
1.233 3.651366 0.130620
1.234 3.651214 0.130551
1.235 3.651063 0.130481
1.236 3.650911 0.130412
1.237 3.650760 0.130342
1.238 3.650608 0.130273
1.239 3.650462 0.130214
1.240 3.650315 0.130155
1.241 3.650169 0.130097
1.242 3.650023 0.130039
1.243 3.649877 0.129980
1.244 3.649731 0.129922
1.245 3.649581 0.129814
1.246 3.649431 0.129688
1.247 3.649280 0.129561
1.248 3.649130 0.129434
1.249 3.648979 0.129308
1.250 3.648828 0.129181
1.251 3.648676 0.129043
1.252 3.648523 0.128891
1.253 3.648370 0.128739
1.254 3.648216 0.128587
1.255 3.648063 0.128434
1.256 3.647909 0.128282
1.257 3.647756 0.128131
1.258 3.647612 0.127990
1.259 3.647468 0.127849
1.260 3.647324 0.127707
1.261 3.647180 0.127566
1.262 3.647035 0.127425
1.263 3.646891 0.127284
1.264 3.646753 0.127156
1.265 3.646619 0.127035
1.266 3.646484 0.126915
1.267 3.646350 0.126794
1.268 3.646215 0.126673
1.269 3.646081 0.126552
1.270 3.645947 0.126442
1.271 3.645817 0.126378
1.272 3.645686 0.126314
1.273 3.645556 0.126250
1.274 3.645426 0.126186
1.275 3.645295 0.126122
1.276 3.645165 0.126057
1.277 3.645037 0.125935
1.278 3.644910 0.125780
1.279 3.644783 0.125624
1.280 3.644655 0.125469
1.281 3.644528 0.125314
1.282 3.644401 0.125158
1.283 3.644274 0.125003
1.284 3.644159 0.124838
1.285 3.644044 0.124673
1.286 3.643929 0.124509
1.287 3.643813 0.124344
1.288 3.643698 0.124179
1.289 3.643583 0.124015
1.290 3.643470 0.123835
1.291 3.643363 0.123625
1.292 3.643256 0.123415
1.293 3.643149 0.123205
1.294 3.643041 0.122996
1.295 3.642934 0.122786
1.296 3.642827 0.122576
1.297 3.642722 0.122451
1.298 3.642618 0.122387
1.299 3.642515 0.122323
1.300 3.642411 0.122259
1.301 3.642308 0.122195
1.302 3.642205 0.122131
1.303 3.642101 0.122068
1.304 3.642000 0.121956
1.305 3.641899 0.121830
1.306 3.641798 0.121703
1.307 3.641697 0.121577
1.308 3.641596 0.121450
1.309 3.641496 0.121324
1.310 3.641395 0.121198
1.311 3.641297 0.121006
1.312 3.641199 0.120803
1.313 3.641101 0.120600
1.314 3.641003 0.120398
1.315 3.640905 0.120195
1.316 3.640808 0.119992
1.317 3.640710 0.119790
1.318 3.640615 0.119539
1.319 3.640520 0.119283
1.320 3.640425 0.119027
1.321 3.640330 0.118770
1.322 3.640235 0.118514
1.323 3.640140 0.118258
1.324 3.640045 0.118001
1.325 3.639952 0.117874
1.326 3.639860 0.117771
1.327 3.639769 0.117668
1.328 3.639677 0.117565
1.329 3.639585 0.117462
1.330 3.639493 0.117359
1.331 3.639401 0.117256
1.332 3.639311 0.117177
1.333 3.639222 0.117107
1.334 3.639134 0.117038
1.335 3.639045 0.116968
1.336 3.638956 0.116898
1.337 3.638867 0.116829
1.338 3.638778 0.116759
1.339 3.638691 0.116686
1.340 3.638605 0.116609
1.341 3.638519 0.116533
1.342 3.638434 0.116456
1.343 3.638348 0.116380
1.344 3.638263 0.116303
1.345 3.638177 0.116227
1.346 3.638092 0.116112
1.347 3.638010 0.115879
1.348 3.637927 0.115647
1.349 3.637844 0.115414
1.350 3.637762 0.115182
1.351 3.637679 0.114949
1.352 3.637597 0.114717
1.353 3.637514 0.114484
1.354 3.637435 0.114310
1.355 3.637356 0.114144
1.356 3.637277 0.113977
1.357 3.637197 0.113810
1.358 3.637118 0.113644
1.359 3.637039 0.113477
1.360 3.636960 0.113310
1.361 3.636883 0.113120
1.362 3.636807 0.112903
1.363 3.636731 0.112685
1.364 3.636655 0.112468
1.365 3.636579 0.112250
1.366 3.636503 0.112032
1.367 3.636428 0.111815
1.368 3.636352 0.111597
1.369 3.636279 0.111387
1.370 3.636207 0.111177
1.371 3.636135 0.110967
1.372 3.636062 0.110757
1.373 3.635990 0.110548
1.374 3.635917 0.110338
1.375 3.635845 0.110128
1.376 3.635774 0.109917
1.377 3.635705 0.109702
1.378 3.635636 0.109488
1.379 3.635568 0.109273
1.380 3.635499 0.109059
1.381 3.635430 0.108844
1.382 3.635362 0.108630
1.383 3.635293 0.108415
1.384 3.635226 0.108235
1.385 3.635161 0.108073
1.386 3.635096 0.107911
1.387 3.635031 0.107749
1.388 3.634965 0.107587
1.389 3.634900 0.107425
1.390 3.634835 0.107263
1.391 3.634770 0.107101
1.392 3.634708 0.106943
1.393 3.634646 0.106787
1.394 3.634585 0.106630
1.395 3.634524 0.106473
1.396 3.634462 0.106316
1.397 3.634401 0.106160
1.398 3.634339 0.106003
1.399 3.634278 0.105846
1.400 3.634220 0.105651
1.401 3.634163 0.105457
1.402 3.634105 0.105263
1.403 3.634048 0.105068
1.404 3.633990 0.104874
1.405 3.633932 0.104679
1.406 3.633875 0.104485
1.407 3.633817 0.104291
1.408 3.633764 0.104102
1.409 3.633710 0.103912
1.410 3.633656 0.103723
1.411 3.633602 0.103534
1.412 3.633549 0.103345
1.413 3.633495 0.103156
1.414 3.633441 0.102967
1.415 3.633387 0.102777
1.416 3.633338 0.102573
1.417 3.633288 0.102370
1.418 3.633238 0.102166
1.419 3.633188 0.101962
1.420 3.633139 0.101758
1.421 3.633089 0.101554
1.422 3.633039 0.101350
1.423 3.632990 0.101146
1.424 3.632944 0.100955
1.425 3.632899 0.100765
1.426 3.632854 0.100575
1.427 3.632810 0.100386
1.428 3.632765 0.100196
1.429 3.632720 0.100007
1.430 3.632675 0.099817
1.431 3.632630 0.099628
1.432 3.632588 0.099470
1.433 3.632549 0.099329
1.434 3.632509 0.099188
1.435 3.632469 0.099047
1.436 3.632429 0.098906
1.437 3.632389 0.098765
1.438 3.632349 0.098624
1.439 3.632309 0.098484
1.440 3.632271 0.098316
1.441 3.632236 0.098093
1.442 3.632202 0.097870
1.443 3.632167 0.097647
1.444 3.632133 0.097424
1.445 3.632098 0.097201
1.446 3.632063 0.096979
1.447 3.632029 0.096756
1.448 3.631994 0.096533
1.449 3.631965 0.096361
1.450 3.631936 0.096196
1.451 3.631908 0.096030
1.452 3.631879 0.095864
1.453 3.631850 0.095698
1.454 3.631822 0.095532
1.455 3.631793 0.095367
1.456 3.631764 0.095201
1.457 3.631738 0.095024
1.458 3.631716 0.094831
1.459 3.631695 0.094638
1.460 3.631673 0.094444
1.461 3.631651 0.094251
1.462 3.631629 0.094058
1.463 3.631607 0.093864
1.464 3.631586 0.093671
1.465 3.631564 0.093478
1.466 3.631548 0.093270
1.467 3.631534 0.093058
1.468 3.631520 0.092847
1.469 3.631506 0.092635
1.470 3.631493 0.092423
1.471 3.631479 0.092211
1.472 3.631465 0.091999
1.473 3.631451 0.091788
1.474 3.631437 0.091575
1.475 3.631432 0.091339
1.476 3.631427 0.091102
1.477 3.631422 0.090866
1.478 3.631417 0.090629
1.479 3.631412 0.090393
1.480 3.631407 0.090156
1.481 3.631402 0.089920
1.482 3.631397 0.089683
1.483 3.631395 0.089424
1.484 3.631400 0.089081
1.485 3.631406 0.088738
1.486 3.631411 0.088395
1.487 3.631417 0.088052
1.488 3.631422 0.087708
1.489 3.631428 0.087365
1.490 3.631433 0.087022
1.491 3.631439 0.086679
1.492 3.631448 0.086354
1.493 3.631466 0.086078
1.494 3.631484 0.085803
1.495 3.631502 0.085527
1.496 3.631521 0.085252
1.497 3.631539 0.084976
1.498 3.631557 0.084700
1.499 3.631575 0.084425
1.500 3.631594 0.084149
1.501 3.631615 0.083880
1.502 3.631649 0.083633
1.503 3.631683 0.083386
1.504 3.631717 0.083139
1.505 3.631751 0.082891
1.506 3.631785 0.082644
1.507 3.631819 0.082397
1.508 3.631853 0.082149
1.509 3.631887 0.081902
1.510 3.631922 0.081651
1.511 3.631976 0.081357
1.512 3.632030 0.081062
1.513 3.632084 0.080768
1.514 3.632138 0.080473
1.515 3.632192 0.080178
1.516 3.632246 0.079884
1.517 3.632300 0.079589
1.518 3.632354 0.079295
1.519 3.632409 0.079000
1.520 3.632484 0.078722
1.521 3.632565 0.078447
1.522 3.632646 0.078173
1.523 3.632727 0.077898
1.524 3.632807 0.077624
1.525 3.632888 0.077350
1.526 3.632969 0.077075
1.527 3.633050 0.076801
1.528 3.633131 0.076526
1.529 3.633227 0.076203
1.530 3.633345 0.075812
1.531 3.633462 0.075422
1.532 3.633580 0.075032
1.533 3.633698 0.074641
1.534 3.633815 0.074251
1.535 3.633933 0.073861
1.536 3.634051 0.073470
1.537 3.634168 0.073080
1.538 3.634286 0.072689
1.539 3.634451 0.072318
1.540 3.634620 0.071948
1.541 3.634788 0.071578
1.542 3.634957 0.071208
1.543 3.635126 0.070838
1.544 3.635294 0.070469
1.545 3.635463 0.070099
1.546 3.635631 0.069729
1.547 3.635800 0.069359
1.548 3.635990 0.068979
1.549 3.636226 0.068577
1.550 3.636462 0.068175
1.551 3.636698 0.067774
1.552 3.636935 0.067372
1.553 3.637171 0.066970
1.554 3.637407 0.066568
1.555 3.637643 0.066166
1.556 3.637879 0.065765
1.557 3.638116 0.065363
1.558 3.638397 0.064922
1.559 3.638713 0.064452
1.560 3.639028 0.063982
1.561 3.639343 0.063511
1.562 3.639659 0.063041
1.563 3.639974 0.062571
1.564 3.640289 0.062101
1.565 3.640605 0.061631
1.566 3.640920 0.061161
1.567 3.641236 0.060691
1.568 3.641602 0.060172
1.569 3.641988 0.059633
1.570 3.642375 0.059095
1.571 3.642762 0.058556
1.572 3.643148 0.058018
1.573 3.643535 0.057480
1.574 3.643922 0.056941
1.575 3.644309 0.056403
1.576 3.644695 0.055864
1.577 3.645082 0.055326
1.578 3.645488 0.054767
1.579 3.645901 0.054199
1.580 3.646314 0.053632
1.581 3.646727 0.053065
1.582 3.647141 0.052498
1.583 3.647554 0.051931
1.584 3.647967 0.051364
1.585 3.648380 0.050796
1.586 3.648793 0.050229
1.587 3.649206 0.049662
1.588 3.649579 0.049024
1.589 3.649926 0.048340
1.590 3.650273 0.047656
1.591 3.650621 0.046972
1.592 3.650968 0.046288
1.593 3.651315 0.045605
1.594 3.651662 0.044921
1.595 3.652009 0.044237
1.596 3.652356 0.043553
1.597 3.652703 0.042869
1.598 3.652966 0.042150
1.599 3.653082 0.041371
1.600 3.653197 0.040592
1.601 3.653313 0.039812
1.602 3.653429 0.039033
1.603 3.653545 0.038254
1.604 3.653661 0.037474
1.605 3.653777 0.036695
1.606 3.653893 0.035915
1.607 3.654008 0.035136
1.608 3.654124 0.034357
1.609 3.654240 0.033577
1.610 3.654356 0.032798
1.611 3.654472 0.032019
1.612 3.654588 0.031239
1.613 3.654668 0.030501
1.614 3.654601 0.029930
1.615 3.654535 0.029359
1.616 3.654469 0.028788
1.617 3.654403 0.028217
1.618 3.654337 0.027646
1.619 3.654270 0.027075
1.620 3.654204 0.026504
1.621 3.654138 0.025933
1.622 3.654072 0.025363
1.623 3.654006 0.024792
1.624 3.653939 0.024221
1.625 3.653873 0.023650
1.626 3.653807 0.023079
1.627 3.653741 0.022508
1.628 3.653675 0.021937
1.629 3.653461 0.021442
1.630 3.653195 0.020974
1.631 3.652930 0.020505
1.632 3.652664 0.020037
1.633 3.652399 0.019569
1.634 3.652133 0.019101
1.635 3.651868 0.018633
1.636 3.651602 0.018164
1.637 3.651337 0.017696
1.638 3.651071 0.017228
1.639 3.650806 0.016760
1.640 3.650540 0.016292
1.641 3.650275 0.015823
1.642 3.650009 0.015355
1.643 3.649744 0.014887
1.644 3.649478 0.014419
1.645 3.649050 0.014069
1.646 3.648620 0.013721
1.647 3.648189 0.013373
1.648 3.647759 0.013025
1.649 3.647328 0.012677
1.650 3.646897 0.012330
1.651 3.646467 0.011982
1.652 3.646036 0.011634
1.653 3.645606 0.011286
1.654 3.645175 0.010938
1.655 3.644744 0.010590
1.656 3.644314 0.010242
1.657 3.643883 0.009895
1.658 3.643453 0.009547
1.659 3.643022 0.009199
1.660 3.642591 0.008851
1.661 3.642085 0.008609
1.662 3.641571 0.008378
1.663 3.641057 0.008146
1.664 3.640543 0.007914
1.665 3.640029 0.007682
1.666 3.639515 0.007450
1.667 3.639001 0.007218
1.668 3.638488 0.006986
1.669 3.637974 0.006754
1.670 3.637460 0.006522
1.671 3.636946 0.006290
1.672 3.636432 0.006059
1.673 3.635918 0.005827
1.674 3.635404 0.005595
1.675 3.634890 0.005363
1.676 3.634377 0.005131
1.677 3.633857 0.004968
1.678 3.633334 0.004866
1.679 3.632810 0.004763
1.680 3.632286 0.004661
1.681 3.631762 0.004558
1.682 3.631238 0.004456
1.683 3.630714 0.004354
1.684 3.630190 0.004251
1.685 3.629667 0.004149
1.686 3.629143 0.004046
1.687 3.628619 0.003944
1.688 3.628095 0.003842
1.689 3.627571 0.003739
1.690 3.627047 0.003637
1.691 3.626523 0.003534
1.692 3.626000 0.003432
1.693 3.625476 0.003329
1.694 3.624987 0.003246
1.695 3.624507 0.003166
1.696 3.624026 0.003087
1.697 3.623546 0.003007
1.698 3.623065 0.002928
1.699 3.622584 0.002848
1.700 3.622104 0.002768
1.701 3.621623 0.002689
1.702 3.621142 0.002609
1.703 3.620662 0.002530
1.704 3.620181 0.002450
1.705 3.619700 0.002371
1.706 3.619220 0.002291
1.707 3.618739 0.002212
1.708 3.618258 0.002132
1.709 3.617778 0.002052
1.710 3.617297 0.001973
1.711 3.616865 0.001938
1.712 3.616446 0.001916
1.713 3.616028 0.001894
1.714 3.615609 0.001873
1.715 3.615191 0.001851
1.716 3.614772 0.001829
1.717 3.614353 0.001807
1.718 3.613935 0.001785
1.719 3.613516 0.001763
1.720 3.613098 0.001742
1.721 3.612679 0.001720
1.722 3.612261 0.001698
1.723 3.611842 0.001676
1.724 3.611424 0.001654
1.725 3.611005 0.001632
1.726 3.610587 0.001610
1.727 3.610168 0.001589
1.728 3.609775 0.001566
1.729 3.609421 0.001543
1.730 3.609067 0.001519
1.731 3.608713 0.001496
1.732 3.608359 0.001472
1.733 3.608005 0.001449
1.734 3.607651 0.001425
1.735 3.607297 0.001402
1.736 3.606944 0.001378
1.737 3.606590 0.001354
1.738 3.606236 0.001331
1.739 3.605882 0.001307
1.740 3.605528 0.001284
1.741 3.605174 0.001260
1.742 3.604820 0.001237
1.743 3.604466 0.001213
1.744 3.604112 0.001190
1.745 3.603759 0.001166
1.746 3.603436 0.001146
1.747 3.603132 0.001127
1.748 3.602828 0.001109
1.749 3.602523 0.001090
1.750 3.602219 0.001072
1.751 3.601915 0.001053
1.752 3.601610 0.001035
1.753 3.601306 0.001016
1.754 3.601002 0.000998
1.755 3.600697 0.000979
1.756 3.600393 0.000960
1.757 3.600089 0.000942
1.758 3.599784 0.000923
1.759 3.599480 0.000905
1.760 3.599176 0.000886
1.761 3.598871 0.000868
1.762 3.598567 0.000849
1.763 3.598263 0.000831
1.764 3.597979 0.000822
1.765 3.597715 0.000824
1.766 3.597451 0.000826
1.767 3.597187 0.000827
1.768 3.596923 0.000829
1.769 3.596659 0.000831
1.770 3.596395 0.000832
1.771 3.596131 0.000834
1.772 3.595867 0.000836
1.773 3.595603 0.000837
1.774 3.595340 0.000839
1.775 3.595076 0.000841
1.776 3.594812 0.000842
1.777 3.594548 0.000844
1.778 3.594284 0.000846
1.779 3.594020 0.000847
1.780 3.593756 0.000849
1.781 3.593492 0.000851
1.782 3.593228 0.000852
1.783 3.592993 0.000837
1.784 3.592757 0.000822
1.785 3.592522 0.000807
1.786 3.592287 0.000792
1.787 3.592051 0.000777
1.788 3.591816 0.000762
1.789 3.591580 0.000747
1.790 3.591345 0.000732
1.791 3.591109 0.000718
1.792 3.590874 0.000703
1.793 3.590638 0.000688
1.794 3.590403 0.000673
1.795 3.590168 0.000658
1.796 3.589932 0.000643
1.797 3.589697 0.000628
1.798 3.589461 0.000613
1.799 3.589226 0.000598
1.800 3.588990 0.000583
1.801 NaN NaN
1.802 NaN NaN
1.803 NaN NaN
1.804 NaN NaN
1.805 NaN NaN
1.806 NaN NaN
1.807 NaN NaN
1.808 NaN NaN
1.809 NaN NaN
1.810 NaN NaN
1.811 NaN NaN
1.812 NaN NaN
1.813 NaN NaN
1.814 NaN NaN
1.815 NaN NaN
1.816 NaN NaN
1.817 NaN NaN
1.818 NaN NaN
1.819 NaN NaN
1.820 NaN NaN
1.821 NaN NaN
1.822 NaN NaN
1.823 NaN NaN
1.824 NaN NaN
1.825 NaN NaN
1.826 NaN NaN
1.827 NaN NaN
1.828 NaN NaN
1.829 NaN NaN
1.830 NaN NaN
1.831 NaN NaN
1.832 NaN NaN
1.833 NaN NaN
1.834 NaN NaN
1.835 NaN NaN
1.836 NaN NaN
1.837 NaN NaN
1.838 NaN NaN
1.839 NaN NaN
1.840 NaN NaN
1.841 NaN NaN
1.842 NaN NaN
1.843 NaN NaN
1.844 NaN NaN
1.845 NaN NaN
1.846 NaN NaN
1.847 NaN NaN
1.848 NaN NaN
1.849 NaN NaN
1.850 NaN NaN
1.851 NaN NaN
1.852 NaN NaN
1.853 NaN NaN
1.854 NaN NaN
1.855 NaN NaN
1.856 NaN NaN
1.857 NaN NaN
1.858 NaN NaN
1.859 NaN NaN
1.860 NaN NaN
1.861 NaN NaN
1.862 NaN NaN
1.863 NaN NaN
1.864 NaN NaN
1.865 NaN NaN
1.866 NaN NaN
1.867 NaN NaN
1.868 NaN NaN
1.869 NaN NaN
1.870 NaN NaN
1.871 NaN NaN
1.872 NaN NaN
1.873 NaN NaN
1.874 NaN NaN
1.875 NaN NaN
1.876 NaN NaN
1.877 NaN NaN
1.878 NaN NaN
1.879 NaN NaN
1.880 NaN NaN
1.881 NaN NaN
1.882 NaN NaN
1.883 NaN NaN
1.884 NaN NaN
1.885 NaN NaN
1.886 NaN NaN
1.887 NaN NaN
1.888 NaN NaN
1.889 NaN NaN
1.890 NaN NaN
1.891 NaN NaN
1.892 NaN NaN
1.893 NaN NaN
1.894 NaN NaN
1.895 NaN NaN
1.896 NaN NaN
1.897 NaN NaN
1.898 NaN NaN
1.899 NaN NaN
1.900 NaN NaN
1.901 NaN NaN
1.902 NaN NaN
1.903 NaN NaN
1.904 NaN NaN
1.905 NaN NaN
1.906 NaN NaN
1.907 NaN NaN
1.908 NaN NaN
1.909 NaN NaN
1.910 NaN NaN
1.911 NaN NaN
1.912 NaN NaN
1.913 NaN NaN
1.914 NaN NaN
1.915 NaN NaN
1.916 NaN NaN
1.917 NaN NaN
1.918 NaN NaN
1.919 NaN NaN
1.920 NaN NaN
1.921 NaN NaN
1.922 NaN NaN
1.923 NaN NaN
1.924 NaN NaN
1.925 NaN NaN
1.926 NaN NaN
1.927 NaN NaN
1.928 NaN NaN
1.929 NaN NaN
1.930 NaN NaN
1.931 NaN NaN
1.932 NaN NaN
1.933 NaN NaN
1.934 NaN NaN
1.935 NaN NaN
1.936 NaN NaN
1.937 NaN NaN
1.938 NaN NaN
1.939 NaN NaN
1.940 NaN NaN
1.941 NaN NaN
1.942 NaN NaN
1.943 NaN NaN
1.944 NaN NaN
1.945 NaN NaN
1.946 NaN NaN
1.947 NaN NaN
1.948 NaN NaN
1.949 NaN NaN
1.950 NaN NaN