0.253 2.500914 3.467586
0.254 2.570457 3.466835
0.255 2.639100 3.466271
0.256 2.710817 3.466170
0.257 2.786162 3.465572
0.258 2.866818 3.462620
0.259 2.954160 3.454749
0.260 3.045968 3.438948
0.261 3.141056 3.412447
0.262 3.236997 3.374068
0.263 3.331768 3.323998
0.264 3.419881 3.261156
0.265 3.500471 3.188040
0.266 3.570464 3.106165
0.267 3.627532 3.018082
0.268 3.671509 2.927546
0.269 3.703404 2.836802
0.270 3.725203 2.748817
0.271 3.737033 2.664153
0.272 3.741097 2.583710
0.273 3.739210 2.509196
0.274 3.732228 2.440390
0.275 3.720219 2.376943
0.276 3.706694 2.319470
0.277 3.690695 2.266083
0.278 3.673816 2.217244
0.279 3.655802 2.172448
0.280 3.637440 2.131058
0.281 3.619113 2.093779
0.282 3.600066 2.059077
0.283 3.581191 2.027034
0.284 3.562681 1.997471
0.285 3.543336 1.970352
0.286 3.525185 1.945440
0.287 3.507694 1.922513
0.288 3.489464 1.900898
0.289 3.471667 1.881671
0.290 3.454734 1.863896
0.291 3.438412 1.848011
0.292 3.421702 1.833329
0.293 3.406152 1.820156
0.294 3.390792 1.807477
0.295 3.376086 1.796244
0.296 3.362422 1.786785
0.297 3.348514 1.777338
0.298 3.335669 1.769801
0.299 3.323376 1.762899
0.300 3.311890 1.756477
0.301 3.300322 1.750554
0.302 3.289766 1.745194
0.303 3.279178 1.741257
0.304 3.269520 1.737217
0.305 3.260787 1.734047
0.306 3.252175 1.731143
0.307 3.243801 1.728630
0.308 3.236189 1.726905
0.309 3.229276 1.724881
0.310 3.222493 1.724025
0.311 3.216281 1.723219
0.312 3.210160 1.722384
0.313 3.204369 1.722481
0.314 3.199421 1.722031
0.315 3.194527 1.722327
0.316 3.190025 1.723162
0.317 3.186293 1.724136
0.318 3.182140 1.724511
0.319 3.178318 1.725214
0.320 3.175404 1.726524
0.321 3.172598 1.728163
0.322 3.170173 1.729838
0.323 3.167851 1.731612
0.324 3.165728 1.733516
0.325 3.163807 1.735604
0.326 3.162069 1.738363
0.327 3.160480 1.741446
0.328 3.159193 1.743846
0.329 3.157997 1.746550
0.330 3.158205 1.749279
0.331 3.157546 1.752849
0.332 3.156944 1.756475
0.333 3.157720 1.759710
0.334 3.157582 1.762994
0.335 3.157800 1.767602
0.336 3.158869 1.771369
0.337 3.160043 1.775328
0.338 3.161232 1.780208
0.339 3.163043 1.784338
0.340 3.164495 1.789022
0.341 3.166482 1.794124
0.342 3.168653 1.798787
0.343 3.171328 1.804342
0.344 3.173521 1.809054
0.345 3.176770 1.815047
0.346 3.180092 1.820094
0.347 3.183783 1.826210
0.348 3.187523 1.831925
0.349 3.191657 1.838318
0.350 3.196477 1.844384
0.351 3.201046 1.850732
0.352 3.206085 1.857235
0.353 3.212153 1.864271
0.354 3.217449 1.870690
0.355 3.223877 1.878002
0.356 3.229888 1.885031
0.357 3.236821 1.892465
0.358 3.244462 1.900109
0.359 3.253434 1.907601
0.360 3.261377 1.915371
0.361 3.270717 1.923071
0.362 3.280813 1.930815
0.363 3.290983 1.938706
0.364 3.302059 1.945741
0.365 3.313802 1.952801
0.366 3.326211 1.958850
0.367 3.339466 1.964755
0.368 3.351997 1.969938
0.369 3.363786 1.974851
0.370 3.375812 1.979554
0.371 3.387910 1.984492
0.372 3.398744 1.989500
0.373 3.409528 1.995364
0.374 3.420275 2.001216
0.375 3.431959 2.009271
0.376 3.443901 2.017913
0.377 3.456360 2.027908
0.378 3.470235 2.038912
0.379 3.485421 2.050558
0.380 3.503239 2.063064
0.381 3.523613 2.075927
0.382 3.544911 2.089158
0.383 3.570238 2.100449
0.384 3.597575 2.111497
0.385 3.626746 2.121454
0.386 3.658828 2.129482
0.387 3.692545 2.135684
0.388 3.727730 2.138687
0.389 3.763221 2.139419
0.390 3.798487 2.137843
0.391 3.833699 2.133635
0.392 3.868585 2.128286
0.393 3.903058 2.121316
0.394 3.937269 2.112950
0.395 3.971255 2.103473
0.396 4.005109 2.092864
0.397 4.039166 2.080971
0.398 4.073744 2.067622
0.399 4.109026 2.052973
0.400 4.144808 2.036399
0.401 4.180686 2.018003
0.402 4.216785 1.996086
0.403 4.252685 1.971547
0.404 4.287420 1.943978
0.405 4.321141 1.913192
0.406 4.353716 1.880334
0.407 4.383121 1.843833
0.408 4.409974 1.804987
0.409 4.433869 1.764590
0.410 4.454481 1.722473
0.411 4.472013 1.679638
0.412 4.485070 1.636353
0.413 4.494677 1.592880
0.414 4.501666 1.550108
0.415 4.505007 1.508446
0.416 4.506799 1.467419
0.417 4.504490 1.429018
0.418 4.500612 1.392170
0.419 4.495731 1.356139
0.420 4.488558 1.322466
0.421 4.480613 1.290277
0.422 4.472883 1.259557
0.423 4.463578 1.231054
0.424 4.453730 1.203736
0.425 4.443655 1.178000
0.426 4.432960 1.153893
0.427 4.421696 1.130533
0.428 4.410934 1.107969
0.429 4.400269 1.087408
0.430 4.389649 1.067613
0.431 4.379069 1.048370
0.432 4.368558 1.030031
0.433 4.357965 1.012528
0.434 4.347458 0.995187
0.435 4.337116 0.979530
0.436 4.326695 0.964273
0.437 4.316389 0.949250
0.438 4.306240 0.935146
0.439 4.296157 0.921400
0.440 4.286930 0.908106
0.441 4.277529 0.895448
0.442 4.267799 0.883314
0.443 4.257968 0.871352
0.444 4.248508 0.859961
0.445 4.239635 0.849006
0.446 4.230854 0.838308
0.447 4.221779 0.828029
0.448 4.212958 0.818133
0.449 4.204645 0.808406
0.450 4.196200 0.798943
0.451 4.187796 0.790006
0.452 4.179920 0.781207
0.453 4.171628 0.772554
0.454 4.163736 0.764449
0.455 4.156275 0.756354
0.456 4.148712 0.748458
0.457 4.141337 0.740822
0.458 4.133703 0.733491
0.459 4.126483 0.726158
0.460 4.119395 0.719063
0.461 4.112733 0.712256
0.462 4.105908 0.705575
0.463 4.099199 0.698888
0.464 4.092680 0.692564
0.465 4.086193 0.686295
0.466 4.079762 0.680084
0.467 4.073652 0.674103
0.468 4.067294 0.668282
0.469 4.061243 0.662408
0.470 4.055215 0.656618
0.471 4.049092 0.651068
0.472 4.043529 0.645755
0.473 4.038251 0.640330
0.474 4.032433 0.635007
0.475 4.026778 0.629827
0.476 4.021055 0.624816
0.477 4.015614 0.619772
0.478 4.010176 0.614906
0.479 4.005104 0.610083
0.480 3.999964 0.605319
0.481 3.994793 0.600670
0.482 3.989925 0.596075
0.483 3.985024 0.591487
0.484 3.979960 0.587014
0.485 3.975269 0.582658
0.486 3.970499 0.578424
0.487 3.965491 0.574226
0.488 3.960479 0.570024
0.489 3.955762 0.565928
0.490 3.951360 0.561913
0.491 3.946746 0.557917
0.492 3.942124 0.553939
0.493 3.937800 0.550043
0.494 3.933333 0.546230
0.495 3.928900 0.542471
0.496 3.924882 0.538817
0.497 3.920828 0.535146
0.498 3.916414 0.531554
0.499 3.912128 0.528061
0.500 3.908085 0.524514
0.501 3.903756 0.521089
0.502 3.899602 0.517709
0.503 3.895722 0.514336
0.504 3.891540 0.511043
0.505 3.887461 0.507853
0.506 3.884048 0.504647
0.507 3.880307 0.501469
0.508 3.876144 0.498369
0.509 3.872323 0.495297
0.510 3.869044 0.492379
0.511 3.865422 0.489364
0.512 3.861191 0.486317
0.513 3.857598 0.483482
0.514 3.854277 0.480589
0.515 3.850263 0.477823
0.516 3.846645 0.475099
0.517 3.843374 0.472298
0.518 3.840020 0.469589
0.519 3.836413 0.466962
0.520 3.832912 0.464292
0.521 3.829782 0.461643
0.522 3.826497 0.459120
0.523 3.822945 0.456649
0.524 3.819538 0.454190
0.525 3.816500 0.451568
0.526 3.813442 0.449130
0.527 3.809765 0.446760
0.528 3.806632 0.444413
0.529 3.803823 0.442069
0.530 3.800986 0.439743
0.531 3.798066 0.437460
0.532 3.794950 0.435218
0.533 3.791639 0.432990
0.534 3.788815 0.430764
0.535 3.786131 0.428568
0.536 3.782923 0.426497
0.537 3.779789 0.424445
0.538 3.776962 0.422351
0.539 3.774226 0.420235
0.540 3.771360 0.418151
0.541 3.768164 0.416110
0.542 3.765528 0.414081
0.543 3.763073 0.412164
0.544 3.760625 0.410227
0.545 3.757924 0.408246
0.546 3.754845 0.406309
0.547 3.752180 0.404464
0.548 3.749791 0.402592
0.549 3.747179 0.400804
0.550 3.744341 0.398994
0.551 3.741581 0.397178
0.552 3.739322 0.395472
0.553 3.737104 0.393646
0.554 3.734670 0.391925
0.555 3.731966 0.390231
0.556 3.729328 0.388529
0.557 3.727085 0.386814
0.558 3.724932 0.385185
0.559 3.722681 0.383576
0.560 3.720132 0.381907
0.561 3.717565 0.380250
0.562 3.715319 0.378695
0.563 3.713224 0.377140
0.564 3.710843 0.375601
0.565 3.708371 0.374083
0.566 3.706006 0.372548
0.567 3.704042 0.370911
0.568 3.702078 0.369509
0.569 3.699973 0.368051
0.570 3.697658 0.366566
0.571 3.695116 0.365102
0.572 3.693265 0.363650
0.573 3.691415 0.362280
0.574 3.689499 0.360910
0.575 3.687442 0.359494
0.576 3.684850 0.358107
0.577 3.682854 0.356724
0.578 3.681072 0.355343
0.579 3.679282 0.353970
0.580 3.677302 0.352719
0.581 3.675089 0.351402
0.582 3.672974 0.350072
0.583 3.671247 0.348773
0.584 3.669399 0.347538
0.585 3.667280 0.346253
0.586 3.665100 0.344948
0.587 3.663325 0.343694
0.588 3.661756 0.342493
0.589 3.660096 0.341277
0.590 3.658259 0.340032
0.591 3.656087 0.338860
0.592 3.654224 0.337655
0.593 3.652593 0.336454
0.594 3.651167 0.335324
0.595 3.649450 0.334112
0.596 3.647510 0.332932
0.597 3.645323 0.331830
0.598 3.643926 0.330756
0.599 3.642517 0.329673
0.600 3.641051 0.328573
0.601 3.639410 0.327405
0.602 3.637440 0.326307
0.603 3.635418 0.325255
0.604 3.634149 0.324218
0.605 3.632802 0.323118
0.606 3.631368 0.322005
0.607 3.629751 0.320945
0.608 3.627925 0.319914
0.609 3.626173 0.318899
0.610 3.624858 0.317898
0.611 3.623493 0.316808
0.612 3.622034 0.315720
0.613 3.620349 0.314726
0.614 3.618721 0.313737
0.615 3.617190 0.312761
0.616 3.615920 0.311817
0.617 3.614622 0.310925
0.618 3.613234 0.310039
0.619 3.611454 0.309073
0.620 3.609922 0.308112
0.621 3.608564 0.307155
0.622 3.607495 0.306212
0.623 3.606244 0.305272
0.624 3.604828 0.304335
0.625 3.603070 0.303397
0.626 3.601580 0.302461
0.627 3.600540 0.301530
0.628 3.599362 0.300611
0.629 3.598107 0.299721
0.630 3.596701 0.298927
0.631 3.595269 0.298059
0.632 3.593827 0.297147
0.633 3.592741 0.296240
0.634 3.591614 0.295353
0.635 3.590426 0.294493
0.636 3.588964 0.293675
0.637 3.587500 0.292855
0.638 3.586422 0.291966
0.639 3.585372 0.291140
0.640 3.584349 0.290370
0.641 3.583096 0.289524
0.642 3.581781 0.288685
0.643 3.580367 0.287917
0.644 3.579183 0.287093
0.645 3.578180 0.286225
0.646 3.577090 0.285460
0.647 3.575921 0.284711
0.648 3.574491 0.283970
0.649 3.573278 0.283174
0.650 3.572266 0.282325
0.651 3.571344 0.281567
0.652 3.570406 0.280828
0.653 3.569198 0.280093
0.654 3.567972 0.279342
0.655 3.566718 0.278568
0.656 3.565706 0.277802
0.657 3.564809 0.277039
0.658 3.563760 0.276294
0.659 3.562641 0.275554
0.660 3.561274 0.274833
0.661 3.560183 0.274116
0.662 3.559432 0.273403
0.663 3.558616 0.272692
0.664 3.557770 0.271982
0.665 3.556810 0.271271
0.666 3.555798 0.270565
0.667 3.554529 0.269891
0.668 3.553431 0.269232
0.669 3.552659 0.268601
0.670 3.551825 0.267933
0.671 3.550940 0.267234
0.672 3.549908 0.266535
0.673 3.548823 0.265835
0.674 3.547788 0.265137
0.675 3.546790 0.264443
0.676 3.546121 0.263783
0.677 3.545367 0.263134
0.678 3.544359 0.262520
0.679 3.543303 0.261877
0.680 3.542175 0.261189
0.681 3.541253 0.260550
0.682 3.540504 0.259953
0.683 3.539791 0.259308
0.684 3.539096 0.258639
0.685 3.538265 0.258019
0.686 3.537399 0.257412
0.687 3.536364 0.256764
0.688 3.535311 0.256112
0.689 3.534655 0.255532
0.690 3.533999 0.254952
0.691 3.533333 0.254378
0.692 3.532620 0.253797
0.693 3.531669 0.253187
0.694 3.530735 0.252587
0.695 3.529849 0.252014
0.696 3.529061 0.251443
0.697 3.528508 0.250873
0.698 3.527876 0.250281
0.699 3.527091 0.249644
0.700 3.526242 0.249033
0.701 3.525288 0.248466
0.702 3.524427 0.247898
0.703 3.523705 0.247329
0.704 3.523065 0.246765
0.705 3.522541 0.246210
0.706 3.521976 0.245646
0.707 3.521353 0.245068
0.708 3.520664 0.244477
0.709 3.519875 0.243866
0.710 3.519121 0.243280
0.711 3.518425 0.242734
0.712 3.517761 0.242188
0.713 3.517156 0.241644
0.714 3.516539 0.241124
0.715 3.515895 0.240660
0.716 3.515275 0.240172
0.717 3.514731 0.239610
0.718 3.514175 0.239047
0.719 3.513563 0.238483
0.720 3.512956 0.237919
0.721 3.512396 0.237355
0.722 3.511836 0.236791
0.723 3.511312 0.236181
0.724 3.510788 0.235571
0.725 3.510205 0.235037
0.726 3.509614 0.234512
0.727 3.509068 0.233987
0.728 3.508534 0.233462
0.729 3.508016 0.232938
0.730 3.507506 0.232414
0.731 3.507004 0.231889
0.732 3.506508 0.231363
0.733 3.506003 0.230843
0.734 3.505482 0.230335
0.735 3.504962 0.229824
0.736 3.504446 0.229302
0.737 3.503931 0.228779
0.738 3.503461 0.228185
0.739 3.502991 0.227590
0.740 3.502546 0.226994
0.741 3.502106 0.226397
0.742 3.501673 0.225852
0.743 3.501244 0.225342
0.744 3.500803 0.224799
0.745 3.500345 0.224204
0.746 3.499884 0.223623
0.747 3.499406 0.223114
0.748 3.498928 0.222606
0.749 3.498510 0.222100
0.750 3.498099 0.221595
0.751 3.497691 0.221071
0.752 3.497285 0.220537
0.753 3.496879 0.219995
0.754 3.496473 0.219439
0.755 3.496068 0.218881
0.756 3.495666 0.218311
0.757 3.495265 0.217740
0.758 3.494873 0.217152
0.759 3.494484 0.216560
0.760 3.494081 0.215975
0.761 3.493662 0.215399
0.762 3.493241 0.214833
0.763 3.492813 0.214338
0.764 3.492384 0.213842
0.765 3.491998 0.213347
0.766 3.491622 0.212853
0.767 3.491258 0.212323
0.768 3.490910 0.211750
0.769 3.490562 0.211182
0.770 3.490224 0.210689
0.771 3.489887 0.210196
0.772 3.489551 0.209650
0.773 3.489216 0.209079
0.774 3.488881 0.208509
0.775 3.488549 0.207942
0.776 3.488216 0.207375
0.777 3.487898 0.206872
0.778 3.487582 0.206379
0.779 3.487270 0.205886
0.780 3.486964 0.205392
0.781 3.486657 0.204898
0.782 3.486352 0.204340
0.783 3.486046 0.203779
0.784 3.485742 0.203245
0.785 3.485440 0.202735
0.786 3.485138 0.202224
0.787 3.484847 0.201685
0.788 3.484555 0.201146
0.789 3.484267 0.200637
0.790 3.483980 0.200153
0.791 3.483693 0.199669
0.792 3.483407 0.199186
0.793 3.483120 0.198702
0.794 3.482838 0.198218
0.795 3.482558 0.197735
0.796 3.482279 0.197252
0.797 3.482069 0.196767
0.798 3.481862 0.196283
0.799 3.481658 0.195799
0.800 3.481458 0.195315
0.801 3.481257 0.194831
0.802 3.481029 0.194347
0.803 3.480795 0.193863
0.804 3.480562 0.193379
0.805 3.480331 0.192896
0.806 3.480099 0.192413
0.807 3.479874 0.191930
0.808 3.479653 0.191448
0.809 3.479431 0.190966
0.810 3.479214 0.190516
0.811 3.478996 0.190066
0.812 3.478779 0.189594
0.813 3.478562 0.189081
0.814 3.478345 0.188568
0.815 3.478149 0.188126
0.816 3.477963 0.187715
0.817 3.477777 0.187303
0.818 3.477642 0.186821
0.819 3.477508 0.186339
0.820 3.477363 0.185858
0.821 3.477194 0.185376
0.822 3.477025 0.184894
0.823 3.476857 0.184412
0.824 3.476689 0.183931
0.825 3.476520 0.183450
0.826 3.476357 0.182948
0.827 3.476194 0.182444
0.828 3.476035 0.181937
0.829 3.475901 0.181405
0.830 3.475768 0.180873
0.831 3.475662 0.180380
0.832 3.475606 0.179960
0.833 3.475551 0.179540
0.834 3.475453 0.179072
0.835 3.475322 0.178567
0.836 3.475190 0.178062
0.837 3.475097 0.177570
0.838 3.475015 0.177083
0.839 3.474934 0.176595
0.840 3.474883 0.176096
0.841 3.474835 0.175596
0.842 3.474785 0.175095
0.843 3.474726 0.174591
0.844 3.474666 0.174086
0.845 3.474609 0.173581
0.846 3.474558 0.173077
0.847 3.474507 0.172572
0.848 3.474467 0.172066
0.849 3.474447 0.171557
0.850 3.474428 0.171048
0.851 3.474431 0.170524
0.852 3.474465 0.169982
0.853 3.474498 0.169440
0.854 3.474540 0.168892
0.855 3.474591 0.168339
0.856 3.474641 0.167785
0.857 3.474698 0.167239
0.858 3.474761 0.166699
0.859 3.474824 0.166158
0.860 3.474903 0.165625
0.861 3.474991 0.165097
0.862 3.475079 0.164569
0.863 3.475189 0.163990
0.864 3.475312 0.163379
0.865 3.475435 0.162768
0.866 3.475565 0.162133
0.867 3.475699 0.161483
0.868 3.475834 0.160834
0.869 3.475969 0.160184
0.870 3.476104 0.159534
0.871 3.476239 0.158884
0.872 3.476374 0.158229
0.873 3.476510 0.157569
0.874 3.476646 0.156909
0.875 3.476784 0.156198
0.876 3.476925 0.155432
0.877 3.477066 0.154666
0.878 3.477208 0.153887
0.879 3.477351 0.153088
0.880 3.477495 0.152290
0.881 3.477638 0.151492
0.882 3.477782 0.150693
0.883 3.477926 0.149894
0.884 3.478069 0.149094
0.885 3.478208 0.148285
0.886 3.478347 0.147477
0.887 3.478485 0.146668
0.888 3.478572 0.145749
0.889 3.478659 0.144830
0.890 3.478745 0.143910
0.891 3.478818 0.142961
0.892 3.478888 0.142005
0.893 3.478958 0.141050
0.894 3.479028 0.140095
0.895 3.479099 0.139139
0.896 3.479170 0.138184
0.897 3.479237 0.137228
0.898 3.479299 0.136268
0.899 3.479360 0.135309
0.900 3.479403 0.134342
0.901 3.479325 0.133324
0.902 3.479247 0.132307
0.903 3.479170 0.131289
0.904 3.479057 0.130257
0.905 3.478938 0.129221
0.906 3.478819 0.128186
0.907 3.478701 0.127151
0.908 3.478584 0.126115
0.909 3.478466 0.125080
0.910 3.478347 0.124045
0.911 3.478221 0.123012
0.912 3.478096 0.121980
0.913 3.477971 0.120947
0.914 3.477718 0.119950
0.915 3.477452 0.118957
0.916 3.477185 0.117964
0.917 3.476896 0.116977
0.918 3.476588 0.115996
0.919 3.476280 0.115015
0.920 3.475972 0.114034
0.921 3.475664 0.113052
0.922 3.475357 0.112070
0.923 3.475050 0.111088
0.924 3.474742 0.110110
0.925 3.474433 0.109134
0.926 3.474124 0.108158
0.927 3.473799 0.107216
0.928 3.473432 0.106367
0.929 3.473065 0.105517
0.930 3.472698 0.104668
0.931 3.472318 0.103848
0.932 3.471935 0.103034
0.933 3.471551 0.102221
0.934 3.471168 0.101408
0.935 3.470785 0.100594
0.936 3.470403 0.099781
0.937 3.470020 0.098967
0.938 3.469640 0.098157
0.939 3.469260 0.097349
0.940 3.468881 0.096540
0.941 3.468519 0.095767
0.942 3.468213 0.095108
0.943 3.467908 0.094450
0.944 3.467603 0.093792
0.945 3.467311 0.093147
0.946 3.467028 0.092510
0.947 3.466744 0.091873
0.948 3.466460 0.091235
0.949 3.466177 0.090584
0.950 3.465893 0.089934
0.951 3.465610 0.089283
0.952 3.465330 0.088631
0.953 3.465056 0.087980
0.954 3.464782 0.087328
0.955 3.464508 0.086676
0.956 3.464514 0.085999
0.957 3.464608 0.085314
0.958 3.464702 0.084629
0.959 3.464804 0.083943
0.960 3.465003 0.083247
0.961 3.465202 0.082550
0.962 3.465401 0.081854
0.963 3.465600 0.081158
0.964 3.465800 0.080461
0.965 3.465999 0.079765
0.966 3.466198 0.079069
0.967 3.466399 0.078364
0.968 3.466601 0.077655
0.969 3.466802 0.076945
0.970 3.467004 0.076235
0.971 3.467328 0.074734
0.972 3.467675 0.073080
0.973 3.468022 0.071425
0.974 3.468371 0.069761
0.975 3.468764 0.067822
0.976 3.469156 0.065883
0.977 3.469548 0.063945
0.978 3.469941 0.062000
0.979 3.470337 0.060035
0.980 3.470733 0.058069
0.981 3.471129 0.056103
0.982 3.471526 0.054116
0.983 3.471926 0.052087
0.984 3.472326 0.050058
0.985 3.472726 0.048029
0.986 3.472348 0.045862
0.987 3.470975 0.043517
0.988 3.469602 0.041172
0.989 3.468229 0.038828
0.990 3.466856 0.036483
0.991 3.465483 0.034139
0.992 3.463980 0.031759
0.993 3.462336 0.029342
0.994 3.460693 0.026925
0.995 3.459050 0.024507
0.996 3.457407 0.022090
0.997 3.455763 0.019673
0.998 3.454080 0.017609
0.999 3.452348 0.015968
1.000 3.450616 0.014328
1.001 3.448884 0.012687
1.002 3.447153 0.011047
1.003 3.445421 0.009406
1.004 3.443645 0.008142
1.005 3.441789 0.007567
1.006 3.439932 0.006993
1.007 3.438076 0.006418
1.008 3.436220 0.005843
1.009 3.434363 0.005268
1.010 3.432515 0.004712
1.011 3.430700 0.004242
1.012 3.428886 0.003773
1.013 3.427072 0.003303
1.014 3.425258 0.002833
1.015 3.423444 0.002363
1.016 3.421630 0.001894
1.017 3.420348 0.001740
1.018 3.419112 0.001612
1.019 3.417875 0.001484
1.020 3.416638 0.001356
1.021 3.415401 0.001228
1.022 3.414164 0.001100
1.023 3.412972 0.001008
1.024 3.411812 0.000941
1.025 3.410651 0.000875
1.026 3.409490 0.000808
1.027 3.408330 0.000742
1.028 3.407169 0.000675
1.029 3.406035 0.000614
1.030 3.405019 0.000575
1.031 3.404003 0.000537
1.032 3.402986 0.000498
1.033 3.401970 0.000460
1.034 3.400954 0.000421
1.035 3.399938 0.000383
1.036 3.399018 0.000365
1.037 3.398142 0.000358
1.038 3.397265 0.000350
1.039 3.396389 0.000342
1.040 3.395513 0.000334
1.041 3.394636 0.000326
1.042 3.393762 0.000316
1.043 3.392906 0.000287
1.044 3.392051 0.000259
1.045 3.391195 0.000230
1.046 3.390340 0.000201
1.047 3.389484 0.000172
1.048 3.388629 0.000143
1.049 3.387828 0.000123
1.050 3.387093 0.000113
1.051 3.386358 0.000103
1.052 3.385623 0.000093
1.053 3.384889 0.000083
1.054 3.384154 0.000072
1.055 3.383419 0.000062
1.056 3.382692 0.000057
1.057 3.381969 0.000054
1.058 3.381246 0.000051
1.059 3.380523 0.000047
1.060 3.379800 0.000044
1.061 3.379077 0.000041
1.062 3.378354 0.000038
1.063 3.377692 0.000036
1.064 3.377037 0.000034
1.065 3.376382 0.000032
1.066 3.375727 0.000030
1.067 3.375072 0.000028
1.068 3.374417 0.000026
1.069 3.373762 0.000024
1.070 3.373150 0.000023
1.071 3.372540 0.000021
1.072 3.371930 0.000020
1.073 3.371320 0.000019
1.074 3.370710 0.000018
1.075 3.370100 0.000017
1.076 3.369489 0.000016
1.077 3.368893 0.000015
1.078 3.368298 0.000014
1.079 3.367703 0.000013
1.080 3.367107 0.000012
1.081 3.366512 0.000011
1.082 3.365917 0.000010
1.083 3.365321 0.000009
1.084 3.364771 0.000008
1.085 3.364229 0.000008
1.086 3.363687 0.000007
1.087 3.363145 0.000007
1.088 3.362603 0.000007
1.089 3.362060 0.000006
1.090 3.361518 0.000006
1.091 3.360979 0.000005
1.092 3.360440 0.000005
1.093 3.359902 0.000005
1.094 3.359363 0.000004
1.095 3.358825 0.000004
1.096 3.358286 0.000004
1.097 3.357748 0.000003
1.098 3.357225 0.000003
1.099 3.356731 0.000003
1.100 3.356236 0.000003
1.101 3.355742 0.000002
1.102 3.355247 0.000002
1.103 3.354752 0.000002
1.104 3.354258 0.000002
1.105 3.353763 0.000002
1.106 3.353288 0.000002
1.107 3.352812 0.000002
1.108 3.352337 0.000001
1.109 3.351862 0.000001
1.110 3.351387 0.000001
1.111 3.350912 0.000001
1.112 3.350437 0.000001
1.113 3.349969 0.000001
1.114 3.349508 0.000001
1.115 3.349048 0.000001
1.116 3.348587 0.000001
1.117 3.348126 0.000001
1.118 3.347666 0.000001
1.119 3.347205 0.000001
1.120 3.346745 0.000000
1.121 3.346316 0.000000
1.122 3.345891 0.000000
1.123 3.345467 0.000000
1.124 3.345042 0.000000
1.125 3.344618 0.000000
1.126 3.344193 0.000000
1.127 3.343769 0.000000
1.128 3.343345 0.000000
1.129 3.342922 0.000000
1.130 3.342500 0.000000
1.131 3.342077 0.000000
1.132 3.341655 0.000000
1.133 3.341232 0.000000
1.134 3.340810 0.000000
1.135 3.340387 0.000000
1.136 3.339976 0.000000
1.137 3.339584 0.000000
1.138 3.339192 0.000000
1.139 3.338799 0.000000
1.140 3.338407 0.000000
1.141 3.338015 0.000000
1.142 3.337622 0.000000
1.143 3.337230 0.000000
1.144 3.336841 0.000000
1.145 3.336458 0.000000
1.146 3.336074 0.000000
1.147 3.335690 0.000000
1.148 3.335306 0.000000
1.149 3.334922 0.000000
1.150 3.334538 0.000000
1.151 3.334154 0.000000
1.152 3.333776 0.000000
1.153 3.333405 0.000000
1.154 3.333033 0.000000
1.155 3.332662 0.000000
1.156 3.332291 0.000000
1.157 3.331920 0.000000
1.158 3.331549 0.000000
1.159 3.331177 0.000000
1.160 3.330813 0.000000
1.161 3.330464 0.000000
1.162 3.330115 0.000000
1.163 3.329767 0.000000
1.164 3.329418 0.000000
1.165 3.329069 0.000000
1.166 3.328721 0.000000
1.167 3.328372 0.000000
1.168 3.328023 0.000000
1.169 3.327676 0.000000
1.170 3.327328 0.000000
1.171 3.326980 0.000000
1.172 3.326633 0.000000
1.173 3.326285 0.000000
1.174 3.325937 0.000000
1.175 3.325590 0.000000
1.176 3.325242 0.000000
1.177 3.324911 0.000000
1.178 3.324589 0.000000
1.179 3.324266 0.000000
1.180 3.323944 0.000000
1.181 3.323621 0.000000
1.182 3.323299 0.000000
1.183 3.322976 0.000000
1.184 3.322654 0.000000
1.185 3.322332 0.000000
1.186 3.322013 0.000000
1.187 3.321695 0.000000
1.188 3.321376 0.000000
1.189 3.321057 0.000000
1.190 3.320738 0.000000
1.191 3.320420 0.000000
1.192 3.320101 0.000000
1.193 3.319782 0.000000
1.194 3.319471 0.000000
1.195 3.319167 0.000000
1.196 3.318863 0.000000
1.197 3.318558 0.000000
1.198 3.318254 0.000000
1.199 3.317950 0.000000
1.200 3.317646 0.000000
1.201 3.317341 0.000000
1.202 3.317037 0.000000
1.203 3.316748 0.000000
1.204 3.316462 0.000000
1.205 3.316176 0.000000
1.206 3.315890 0.000000
1.207 3.315604 0.000000
1.208 3.315318 0.000000
1.209 3.315032 0.000000
1.210 3.314746 0.000000
1.211 3.314460 0.000000
1.212 3.314175 0.000000
1.213 3.313891 0.000000
1.214 3.313607 0.000000
1.215 3.313323 0.000000
1.216 3.313038 0.000000
1.217 3.312754 0.000000
1.218 3.312470 0.000000
1.219 3.312185 0.000000
1.220 3.311901 0.000000
1.221 3.311633 0.000000
1.222 3.311366 0.000000
1.223 3.311100 0.000000
1.224 3.310833 0.000000
1.225 3.310566 0.000000
1.226 3.310300 0.000000
1.227 3.310033 0.000000
1.228 3.309766 0.000000
1.229 3.309500 0.000000
1.230 3.309234 0.000000
1.231 3.308969 0.000000
1.232 3.308705 0.000000
1.233 3.308440 0.000000
1.234 3.308175 0.000000
1.235 3.307910 0.000000
1.236 3.307645 0.000000
1.237 3.307380 0.000000
1.238 3.307115 0.000000
1.239 3.306855 0.000000
1.240 3.306601 0.000000
1.241 3.306346 0.000000
1.242 3.306092 0.000000
1.243 3.305837 0.000000
1.244 3.305583 0.000000
1.245 3.305328 0.000000
1.246 3.305073 0.000000
1.247 3.304819 0.000000
1.248 3.304565 0.000000
1.249 3.304320 0.000000
1.250 3.304075 0.000000
1.251 3.303830 0.000000
1.252 3.303584 0.000000
1.253 3.303339 0.000000
1.254 3.303094 0.000000
1.255 3.302849 0.000000
1.256 3.302604 0.000000
1.257 3.302358 0.000000
1.258 3.302115 0.000000
1.259 3.301872 0.000000
1.260 3.301629 0.000000
1.261 3.301387 0.000000
1.262 3.301144 0.000000
1.263 3.300901 0.000000
1.264 3.300659 0.000000
1.265 3.300416 0.000000
1.266 3.300173 0.000000
1.267 3.299931 0.000000
1.268 3.299700 0.000000
1.269 3.299473 0.000000
1.270 3.299245 0.000000
1.271 3.299018 0.000000
1.272 3.298791 0.000000
1.273 3.298563 0.000000
1.274 3.298336 0.000000
1.275 3.298108 0.000000
1.276 3.297881 0.000000
1.277 3.297653 0.000000
1.278 3.297427 0.000000
1.279 3.297201 0.000000
1.280 3.296974 0.000000
1.281 3.296748 0.000000
1.282 3.296521 0.000000
1.283 3.296295 0.000000
1.284 3.296069 0.000000
1.285 3.295842 0.000000
1.286 3.295616 0.000000
1.287 3.295390 0.000000
1.288 3.295177 0.000000
1.289 3.294964 0.000000
1.290 3.294752 0.000000
1.291 3.294540 0.000000
1.292 3.294328 0.000000
1.293 3.294115 0.000000
1.294 3.293903 0.000000
1.295 3.293691 0.000000
1.296 3.293479 0.000000
1.297 3.293267 0.000000
1.298 3.293061 0.000000
1.299 3.292858 0.000000
1.300 3.292655 0.000000
1.301 3.292452 0.000000
1.302 3.292248 0.000000
1.303 3.292045 0.000000
1.304 3.291842 0.000000
1.305 3.291639 0.000000
1.306 3.291436 0.000000
1.307 3.291232 0.000000
1.308 3.291030 0.000000
1.309 3.290829 0.000000
1.310 3.290629 0.000000
1.311 3.290428 0.000000
1.312 3.290227 0.000000
1.313 3.290026 0.000000
1.314 3.289826 0.000000
1.315 3.289625 0.000000
1.316 3.289424 0.000000
1.317 3.289223 0.000000
1.318 3.289022 0.000000
1.319 3.288830 0.000000
1.320 3.288639 0.000000
1.321 3.288447 0.000000
1.322 3.288256 0.000000
1.323 3.288064 0.000000
1.324 3.287873 0.000000
1.325 3.287681 0.000000
1.326 3.287490 0.000000
1.327 3.287299 0.000000
1.328 3.287107 0.000000
1.329 3.286916 0.000000
1.330 3.286725 0.000000
1.331 3.286533 0.000000
1.332 3.286342 0.000000
1.333 3.286151 0.000000
1.334 3.285960 0.000000
1.335 3.285769 0.000000
1.336 3.285578 0.000000
1.337 3.285386 0.000000
1.338 3.285195 0.000000
1.339 3.285004 0.000000
1.340 3.284818 0.000000
1.341 3.284638 0.000000
1.342 3.284458 0.000000
1.343 3.284279 0.000000
1.344 3.284099 0.000000
1.345 3.283920 0.000000
1.346 3.283740 0.000000
1.347 3.283561 0.000000
1.348 3.283381 0.000000
1.349 3.283202 0.000000
1.350 3.283022 0.000000
1.351 3.282845 0.000000
1.352 3.282670 0.000000
1.353 3.282496 0.000000
1.354 3.282321 0.000000
1.355 3.282147 0.000000
1.356 3.281972 0.000000
1.357 3.281798 0.000000
1.358 3.281623 0.000000
1.359 3.281449 0.000000
1.360 3.281274 0.000000
1.361 3.281099 0.000000
1.362 3.280926 0.000000
1.363 3.280755 0.000000
1.364 3.280585 0.000000
1.365 3.280415 0.000000
1.366 3.280244 0.000000
1.367 3.280074 0.000000
1.368 3.279904 0.000000
1.369 3.279733 0.000000
1.370 3.279563 0.000000
1.371 3.279393 0.000000
1.372 3.279222 0.000000
1.373 3.279052 0.000000
1.374 3.278890 0.000000
1.375 3.278730 0.000000
1.376 3.278571 0.000000
1.377 3.278411 0.000000
1.378 3.278252 0.000000
1.379 3.278092 0.000000
1.380 3.277932 0.000000
1.381 3.277773 0.000000
1.382 3.277613 0.000000
1.383 3.277454 0.000000
1.384 3.277294 0.000000
1.385 3.277134 0.000000
1.386 3.276975 0.000000
1.387 3.276816 0.000000
1.388 3.276657 0.000000
1.389 3.276498 0.000000
1.390 3.276339 0.000000
1.391 3.276180 0.000000
1.392 3.276020 0.000000
1.393 3.275861 0.000000
1.394 3.275702 0.000000
1.395 3.275543 0.000000
1.396 3.275384 0.000000
1.397 3.275228 0.000000
1.398 3.275077 0.000000
1.399 3.274926 0.000000
1.400 3.274776 0.000000
1.401 3.274625 0.000000
1.402 3.274474 0.000000
1.403 3.274323 0.000000
1.404 3.274173 0.000000
1.405 3.274022 0.000000
1.406 3.273871 0.000000
1.407 3.273720 0.000000
1.408 3.273569 0.000000
1.409 3.273420 0.000000
1.410 3.273271 0.000000
1.411 3.273123 0.000000
1.412 3.272974 0.000000
1.413 3.272826 0.000000
1.414 3.272677 0.000000
1.415 3.272529 0.000000
1.416 3.272380 0.000000
1.417 3.272232 0.000000
1.418 3.272083 0.000000
1.419 3.271935 0.000000
1.420 3.271787 0.000000
1.421 3.271639 0.000000
1.422 3.271496 0.000000
1.423 3.271352 0.000000
1.424 3.271208 0.000000
1.425 3.271065 0.000000
1.426 3.270921 0.000000
1.427 3.270778 0.000000
1.428 3.270634 0.000000
1.429 3.270491 0.000000
1.430 3.270347 0.000000
1.431 3.270204 0.000000
1.432 3.270060 0.000000
1.433 3.269916 0.000000
1.434 3.269780 0.000000
1.435 3.269645 0.000000
1.436 3.269510 0.000000
1.437 3.269375 0.000000
1.438 3.269241 0.000000
1.439 3.269106 0.000000
1.440 3.268971 0.000000
1.441 3.268836 0.000000
1.442 3.268702 0.000000
1.443 3.268567 0.000000
1.444 3.268432 0.000000
1.445 3.268297 0.000000
1.446 3.268163 0.000000
1.447 3.268028 0.000000
1.448 3.267894 0.000000
1.449 3.267759 0.000000
1.450 3.267625 0.000000
1.451 3.267490 0.000000
1.452 3.267356 0.000000
1.453 3.267222 0.000000
1.454 3.267087 0.000000
1.455 3.266953 0.000000
1.456 3.266818 0.000000
1.457 3.266684 0.000000
1.458 3.266549 0.000000
1.459 3.266418 0.000000
1.460 3.266291 0.000000
1.461 3.266165 0.000000
1.462 3.266039 0.000000
1.463 3.265913 0.000000
1.464 3.265787 0.000000
1.465 3.265661 0.000000
1.466 3.265534 0.000000
1.467 3.265408 0.000000
1.468 3.265282 0.000000
1.469 3.265156 0.000000
1.470 3.265030 0.000000
1.471 3.264904 0.000000
1.472 3.264778 0.000000
1.473 3.264653 0.000000
1.474 3.264528 0.000000
1.475 3.264403 0.000000
1.476 3.264278 0.000000
1.477 3.264153 0.000000
1.478 3.264028 0.000000
1.479 3.263903 0.000000
1.480 3.263778 0.000000
1.481 3.263653 0.000000
1.482 3.263528 0.000000
1.483 3.263403 0.000000
1.484 3.263278 0.000000
1.485 3.263153 0.000000
1.486 3.263032 0.000000
1.487 3.262911 0.000000
1.488 3.262790 0.000000
1.489 3.262669 0.000000
1.490 3.262548 0.000000
1.491 3.262427 0.000000
1.492 3.262306 0.000000
1.493 3.262185 0.000000
1.494 3.262064 0.000000
1.495 3.261943 0.000000
1.496 3.261822 0.000000
1.497 3.261701 0.000000
1.498 3.261580 0.000000
1.499 3.261460 0.000000
1.500 3.261344 0.000000
1.501 3.261228 0.000000
1.502 3.261112 0.000000
1.503 3.260996 0.000000
1.504 3.260880 0.000000
1.505 3.260764 0.000000
1.506 3.260648 0.000000
1.507 3.260531 0.000000
1.508 3.260415 0.000000
1.509 3.260299 0.000000
1.510 3.260183 0.000000
1.511 3.260067 0.000000
1.512 3.259951 0.000000
1.513 3.259835 0.000000
1.514 3.259720 0.000000
1.515 3.259604 0.000000
1.516 3.259488 0.000000
1.517 3.259373 0.000000
1.518 3.259257 0.000000
1.519 3.259142 0.000000
1.520 3.259026 0.000000
1.521 3.258911 0.000000
1.522 3.258795 0.000000
1.523 3.258680 0.000000
1.524 3.258564 0.000000
1.525 3.258448 0.000000
1.526 3.258333 0.000000
1.527 3.258221 0.000000
1.528 3.258113 0.000000
1.529 3.258005 0.000000
1.530 3.257897 0.000000
1.531 3.257789 0.000000
1.532 3.257681 0.000000
1.533 3.257573 0.000000
1.534 3.257465 0.000000
1.535 3.257357 0.000000
1.536 3.257249 0.000000
1.537 3.257140 0.000000
1.538 3.257032 0.000000
1.539 3.256924 0.000000
1.540 3.256816 0.000000
1.541 3.256708 0.000000
1.542 3.256601 0.000000
1.543 3.256494 0.000000
1.544 3.256386 0.000000
1.545 3.256279 0.000000
1.546 3.256171 0.000000
1.547 3.256064 0.000000
1.548 3.255957 0.000000
1.549 3.255849 0.000000
1.550 3.255742 0.000000
1.551 3.255634 0.000000
1.552 3.255527 0.000000
1.553 3.255420 0.000000
1.554 3.255312 0.000000
1.555 3.255205 0.000000
1.556 3.255101 0.000000
1.557 3.254999 0.000000
1.558 3.254898 0.000000
1.559 3.254797 0.000000
1.560 3.254695 0.000000
1.561 3.254594 0.000000
1.562 3.254493 0.000000
1.563 3.254392 0.000000
1.564 3.254290 0.000000
1.565 3.254189 0.000000
1.566 3.254088 0.000000
1.567 3.253986 0.000000
1.568 3.253885 0.000000
1.569 3.253784 0.000000
1.570 3.253683 0.000000
1.571 3.253585 0.000000
1.572 3.253489 0.000000
1.573 3.253393 0.000000
1.574 3.253297 0.000000
1.575 3.253201 0.000000
1.576 3.253105 0.000000
1.577 3.253010 0.000000
1.578 3.252914 0.000000
1.579 3.252818 0.000000
1.580 3.252722 0.000000
1.581 3.252626 0.000000
1.582 3.252530 0.000000
1.583 3.252434 0.000000
1.584 3.252339 0.000000
1.585 3.252243 0.000000
1.586 3.252147 0.000000
1.587 3.252052 0.000000
1.588 3.251957 0.000000
1.589 3.251861 0.000000
1.590 3.251766 0.000000
1.591 3.251671 0.000000
1.592 3.251576 0.000000
1.593 3.251480 0.000000
1.594 3.251385 0.000000
1.595 3.251290 0.000000
1.596 3.251195 0.000000
1.597 3.251099 0.000000
1.598 3.251004 0.000000
1.599 3.250909 0.000000
1.600 3.250814 0.000000
1.601 3.250718 0.000000
1.602 3.250627 0.000000
1.603 3.250535 0.000000
1.604 3.250443 0.000000
1.605 3.250352 0.000000
1.606 3.250260 0.000000
1.607 3.250168 0.000000
1.608 3.250077 0.000000
1.609 3.249985 0.000000
1.610 3.249894 0.000000
1.611 3.249802 0.000000
1.612 3.249710 0.000000
1.613 3.249619 0.000000
1.614 3.249527 0.000000
1.615 3.249435 0.000000
1.616 3.249344 0.000000
1.617 3.249252 0.000000
1.618 3.249161 0.000000
1.619 3.249069 0.000000
1.620 3.248978 0.000000
1.621 3.248886 0.000000
1.622 3.248795 0.000000
1.623 3.248703 0.000000
1.624 3.248612 0.000000
1.625 3.248520 0.000000
1.626 3.248429 0.000000
1.627 3.248337 0.000000
1.628 3.248246 0.000000
1.629 3.248154 0.000000
1.630 3.248063 0.000000
1.631 3.247971 0.000000
1.632 3.247880 0.000000
1.633 3.247789 0.000000
1.634 3.247704 0.000000
1.635 3.247619 0.000000
1.636 3.247533 0.000000
1.637 3.247448 0.000000
1.638 3.247363 0.000000
1.639 3.247278 0.000000
1.640 3.247193 0.000000
1.641 3.247108 0.000000
1.642 3.247022 0.000000
1.643 3.246937 0.000000
1.644 3.246852 0.000000
1.645 3.246767 0.000000
1.646 3.246682 0.000000
1.647 3.246596 0.000000
1.648 3.246511 0.000000
1.649 3.246426 0.000000
1.650 3.246344 0.000000
1.651 3.246262 0.000000
1.652 3.246181 0.000000
1.653 3.246100 0.000000
1.654 3.246019 0.000000
1.655 3.245937 0.000000
1.656 3.245856 0.000000
1.657 3.245775 0.000000
1.658 3.245693 0.000000
1.659 3.245612 0.000000
1.660 3.245531 0.000000
1.661 3.245450 0.000000
1.662 3.245368 0.000000
1.663 3.245287 0.000000
1.664 3.245206 0.000000
1.665 3.245125 0.000000
1.666 3.245043 0.000000
1.667 3.244963 0.000000
1.668 3.244883 0.000000
1.669 3.244803 0.000000
1.670 3.244723 0.000000
1.671 3.244643 0.000000
1.672 3.244563 0.000000
1.673 3.244483 0.000000
1.674 3.244403 0.000000
1.675 3.244323 0.000000
1.676 3.244243 0.000000
1.677 3.244163 0.000000
1.678 3.244083 0.000000
1.679 3.244003 0.000000
1.680 3.243923 0.000000
1.681 3.243843 0.000000
1.682 3.243763 0.000000
1.683 3.243683 0.000000
1.684 3.243607 0.000000
1.685 3.243532 0.000000
1.686 3.243457 0.000000
1.687 3.243381 0.000000
1.688 3.243306 0.000000
1.689 3.243231 0.000000
1.690 3.243156 0.000000
1.691 3.243081 0.000000
1.692 3.243005 0.000000
1.693 3.242930 0.000000
1.694 3.242855 0.000000
1.695 3.242780 0.000000
1.696 3.242705 0.000000
1.697 3.242629 0.000000
1.698 3.242554 0.000000
1.699 3.242479 0.000000
1.700 3.242404 0.000000
1.701 3.242329 0.000000
1.702 3.242254 0.000000
1.703 3.242179 0.000000
1.704 3.242103 0.000000
1.705 3.242028 0.000000
1.706 3.241953 0.000000
1.707 3.241878 0.000000
1.708 3.241803 0.000000
1.709 3.241728 0.000000
1.710 3.241653 0.000000
1.711 3.241578 0.000000
1.712 3.241503 0.000000
1.713 3.241428 0.000000
1.714 3.241352 0.000000
1.715 3.241277 0.000000
1.716 3.241202 0.000000
1.717 3.241127 0.000000
1.718 3.241052 0.000000
1.719 3.240980 0.000000
1.720 3.240909 0.000000
1.721 3.240839 0.000000
1.722 3.240768 0.000000
1.723 3.240697 0.000000
1.724 3.240627 0.000000
1.725 3.240556 0.000000
1.726 3.240485 0.000000
1.727 3.240415 0.000000
1.728 3.240344 0.000000
1.729 3.240274 0.000000
1.730 3.240203 0.000000
1.731 3.240132 0.000000
1.732 3.240062 0.000000
1.733 3.239991 0.000000
1.734 3.239921 0.000000
1.735 3.239850 0.000000
1.736 3.239779 0.000000
1.737 3.239709 0.000000
1.738 3.239641 0.000000
1.739 3.239572 0.000000
1.740 3.239503 0.000000
1.741 3.239435 0.000000
1.742 3.239366 0.000000
1.743 3.239297 0.000000
1.744 3.239228 0.000000
1.745 3.239160 0.000000
1.746 3.239091 0.000000
1.747 3.239022 0.000000
1.748 3.238953 0.000000
1.749 3.238885 0.000000
1.750 3.238816 0.000000
1.751 3.238747 0.000000
1.752 3.238678 0.000000
1.753 3.238610 0.000000
1.754 3.238541 0.000000
1.755 3.238472 0.000000
1.756 3.238405 0.000000
1.757 3.238338 0.000000
1.758 3.238270 0.000000
1.759 3.238203 0.000000
1.760 3.238136 0.000000
1.761 3.238069 0.000000
1.762 3.238002 0.000000
1.763 3.237935 0.000000
1.764 3.237868 0.000000
1.765 3.237801 0.000000
1.766 3.237734 0.000000
1.767 3.237666 0.000000
1.768 3.237599 0.000000
1.769 3.237532 0.000000
1.770 3.237465 0.000000
1.771 3.237398 0.000000
1.772 3.237331 0.000000
1.773 3.237264 0.000000
1.774 3.237197 0.000000
1.775 3.237133 0.000000
1.776 3.237071 0.000000
1.777 3.237008 0.000000
1.778 3.236945 0.000000
1.779 3.236882 0.000000
1.780 3.236819 0.000000
1.781 3.236757 0.000000
1.782 3.236694 0.000000
1.783 3.236631 0.000000
1.784 3.236568 0.000000
1.785 3.236505 0.000000
1.786 3.236443 0.000000
1.787 3.236380 0.000000
1.788 3.236317 0.000000
1.789 3.236254 0.000000
1.790 3.236192 0.000000
1.791 3.236129 0.000000
1.792 3.236066 0.000000
1.793 3.236003 0.000000
1.794 3.235940 0.000000
1.795 3.235878 0.000000
1.796 3.235815 0.000000
1.797 3.235752 0.000000
1.798 3.235690 0.000000
1.799 3.235627 0.000000
1.800 3.235564 0.000000
1.801 3.235502 0.000000
1.802 3.235439 0.000000
1.803 3.235376 0.000000
1.804 3.235314 0.000000
1.805 3.235251 0.000000
1.806 3.235188 0.000000
1.807 3.235126 0.000000
1.808 3.235063 0.000000
1.809 3.235000 0.000000
1.810 3.234938 0.000000
1.811 3.234875 0.000000
1.812 3.234812 0.000000
1.813 3.234750 0.000000
1.814 3.234690 0.000000
1.815 3.234632 0.000000
1.816 3.234573 0.000000
1.817 3.234515 0.000000
1.818 3.234457 0.000000
1.819 3.234399 0.000000
1.820 3.234340 0.000000
1.821 3.234282 0.000000
1.822 3.234224 0.000000
1.823 3.234166 0.000000
1.824 3.234107 0.000000
1.825 3.234049 0.000000
1.826 3.233991 0.000000
1.827 3.233933 0.000000
1.828 3.233874 0.000000
1.829 3.233816 0.000000
1.830 3.233758 0.000000
1.831 3.233700 0.000000
1.832 3.233641 0.000000
1.833 3.233583 0.000000
1.834 3.233525 0.000000
1.835 3.233468 0.000000
1.836 3.233411 0.000000
1.837 3.233354 0.000000
1.838 3.233297 0.000000
1.839 3.233240 0.000000
1.840 3.233183 0.000000
1.841 3.233126 0.000000
1.842 3.233069 0.000000
1.843 3.233012 0.000000
1.844 3.232955 0.000000
1.845 3.232898 0.000000
1.846 3.232841 0.000000
1.847 3.232784 0.000000
1.848 3.232727 0.000000
1.849 3.232669 0.000000
1.850 3.232612 0.000000
1.851 3.232555 0.000000
1.852 3.232498 0.000000
1.853 3.232441 0.000000
1.854 3.232384 0.000000
1.855 3.232328 0.000000
1.856 3.232273 0.000000
1.857 3.232218 0.000000
1.858 3.232163 0.000000
1.859 3.232107 0.000000
1.860 3.232052 0.000000
1.861 3.231997 0.000000
1.862 3.231941 0.000000
1.863 3.231886 0.000000
1.864 3.231831 0.000000
1.865 3.231776 0.000000
1.866 3.231720 0.000000
1.867 3.231665 0.000000
1.868 3.231610 0.000000
1.869 3.231554 0.000000
1.870 3.231499 0.000000
1.871 3.231444 0.000000
1.872 3.231389 0.000000
1.873 3.231333 0.000000
1.874 3.231278 0.000000
1.875 3.231223 0.000000
1.876 3.231169 0.000000
1.877 3.231117 0.000000
1.878 3.231065 0.000000
1.879 3.231013 0.000000
1.880 3.230961 0.000000
1.881 3.230909 0.000000
1.882 3.230857 0.000000
1.883 3.230805 0.000000
1.884 3.230753 0.000000
1.885 3.230701 0.000000
1.886 3.230649 0.000000
1.887 3.230597 0.000000
1.888 3.230545 0.000000
1.889 3.230493 0.000000
1.890 3.230441 0.000000
1.891 3.230389 0.000000
1.892 3.230337 0.000000
1.893 3.230285 0.000000
1.894 3.230233 0.000000
1.895 3.230181 0.000000
1.896 3.230129 0.000000
1.897 3.230077 0.000000
1.898 3.230025 0.000000
1.899 3.229973 0.000000
1.900 3.229922 0.000000
1.901 3.229870 0.000000
1.902 3.229818 0.000000
1.903 3.229766 0.000000
1.904 3.229714 0.000000
1.905 3.229662 0.000000
1.906 3.229610 0.000000
1.907 3.229558 0.000000
1.908 3.229506 0.000000
1.909 3.229454 0.000000
1.910 3.229403 0.000000
1.911 3.229351 0.000000
1.912 3.229299 0.000000
1.913 3.229247 0.000000
1.914 3.229195 0.000000
1.915 3.229143 0.000000
1.916 3.229091 0.000000
1.917 3.229039 0.000000
1.918 3.228987 0.000000
1.919 3.228936 0.000000
1.920 3.228886 0.000000
1.921 3.228838 0.000000
1.922 3.228791 0.000000
1.923 3.228743 0.000000
1.924 3.228695 0.000000
1.925 3.228647 0.000000
1.926 3.228599 0.000000
1.927 3.228552 0.000000
1.928 3.228504 0.000000
1.929 3.228456 0.000000
1.930 3.228408 0.000000
1.931 3.228360 0.000000
1.932 3.228313 0.000000
1.933 3.228265 0.000000
1.934 3.228217 0.000000
1.935 3.228169 0.000000
1.936 3.228121 0.000000
1.937 3.228074 0.000000
1.938 3.228026 0.000000
1.939 3.227978 0.000000
1.940 3.227930 0.000000
1.941 3.227882 0.000000
1.942 3.227835 0.000000
1.943 3.227787 0.000000
1.944 3.227740 0.000000
1.945 3.227693 0.000000
1.946 3.227646 0.000000
1.947 3.227599 0.000000
1.948 3.227551 0.000000
1.949 3.227504 0.000000
1.950 3.227457 0.000000