0.253 1.841398 3.168134
0.254 1.882745 3.192508
0.255 1.915969 3.208872
0.256 1.949874 3.224281
0.257 1.989831 3.239665
0.258 2.031380 3.254942
0.259 2.071554 3.270203
0.260 2.108912 3.285377
0.261 2.155637 3.300471
0.262 2.197577 3.315473
0.263 2.239620 3.321605
0.264 2.286100 3.335208
0.265 2.332604 3.339110
0.266 2.384985 3.344582
0.267 2.434882 3.347521
0.268 2.480912 3.346624
0.269 2.528729 3.345497
0.270 2.581895 3.344166
0.271 2.629114 3.333633
0.272 2.681711 3.325348
0.273 2.727784 3.318927
0.274 2.780166 3.303029
0.275 2.825363 3.286984
0.276 2.877372 3.270992
0.277 2.920898 3.253815
0.278 2.963878 3.229708
0.279 3.006591 3.204857
0.280 3.049091 3.178797
0.281 3.091308 3.155326
0.282 3.130788 3.125941
0.283 3.165350 3.090065
0.284 3.197826 3.057980
0.285 3.233274 3.029058
0.286 3.260765 2.991523
0.287 3.288036 2.958385
0.288 3.315203 2.924026
0.289 3.340046 2.886548
0.290 3.359423 2.852353
0.291 3.377536 2.819536
0.292 3.399740 2.782698
0.293 3.412975 2.747799
0.294 3.426092 2.708678
0.295 3.439103 2.675772
0.296 3.451569 2.643056
0.297 3.455518 2.606828
0.298 3.462450 2.579611
0.299 3.470638 2.544279
0.300 3.474652 2.516127
0.301 3.481013 2.483248
0.302 3.480721 2.453120
0.303 3.480410 2.426681
0.304 3.480059 2.400329
0.305 3.479760 2.374057
0.306 3.479467 2.347862
0.307 3.479095 2.328083
0.308 3.469872 2.305594
0.309 3.468830 2.282763
0.310 3.462979 2.263773
0.311 3.458568 2.238336
0.312 3.456261 2.222101
0.313 3.448314 2.201603
0.314 3.447843 2.188662
0.315 3.438045 2.166406
0.316 3.434421 2.153645
0.317 3.427789 2.141063
0.318 3.419685 2.128480
0.319 3.417660 2.115972
0.320 3.413211 2.103476
0.321 3.407353 2.091027
0.322 3.398825 2.078649
0.323 3.394832 2.066308
0.324 3.387367 2.054115
0.325 3.380379 2.048643
0.326 3.376457 2.039376
0.327 3.367491 2.029306
0.328 3.367222 2.024779
0.329 3.360664 2.012951
0.330 3.356968 2.009354
0.331 3.347627 1.999971
0.332 3.347092 1.996380
0.333 3.341537 1.989901
0.334 3.337193 1.982449
0.335 3.335917 1.980182
0.336 3.327635 1.977750
0.337 3.327045 1.970485
0.338 3.321221 1.970186
0.339 3.317184 1.962842
0.340 3.316031 1.960722
0.341 3.307437 1.960558
0.342 3.307208 1.956993
0.343 3.306972 1.950972
0.344 3.299955 1.950969
0.345 3.297259 1.950969
0.346 3.297187 1.950974
0.347 3.297105 1.951016
0.348 3.296779 1.950732
0.349 3.291356 1.945397
0.350 3.287178 1.941291
0.351 3.287150 1.941291
0.352 3.287080 1.941312
0.353 3.287024 1.941365
0.354 3.287006 1.941382
0.355 3.286952 1.941436
0.356 3.286933 1.941452
0.357 3.286884 1.941453
0.358 3.286855 1.941495
0.359 3.286821 1.941533
0.360 3.286776 1.941610
0.361 3.286756 1.941857
0.362 3.286700 1.945811
0.363 3.286694 1.951442
0.364 3.286694 1.951455
0.365 3.286692 1.951510
0.366 3.286656 1.951580
0.367 3.286882 1.951615
0.368 3.287786 1.951674
0.369 3.295751 1.951930
0.370 3.296371 1.954981
0.371 3.296442 1.961545
0.372 3.296771 1.961604
0.373 3.301630 1.961674
0.374 3.306129 1.961694
0.375 3.306129 1.961999
0.376 3.306334 1.962822
0.377 3.307070 1.969732
0.378 3.315158 1.971707
0.379 3.316208 1.971838
0.380 3.317875 1.972190
0.381 3.325778 1.973541
0.382 3.326126 1.981131
0.383 3.328782 1.981774
0.384 3.335649 1.982005
0.385 3.335950 1.982397
0.386 3.339874 1.986285
0.387 3.345540 1.991839
0.388 3.345911 1.992137
0.389 3.351223 1.992482
0.390 3.355811 1.997845
0.391 3.361506 2.001897
0.392 3.365238 2.002208
0.393 3.365764 2.002682
0.394 3.372656 2.009327
0.395 3.376045 2.012015
0.396 3.383031 2.012393
0.397 3.386018 2.013295
0.398 3.393282 2.020396
0.399 3.395927 2.022406
0.400 3.403085 2.023182
0.401 3.405897 2.030400
0.402 3.413841 2.032476
0.403 3.423227 2.032980
0.404 3.425846 2.040166
0.405 3.433542 2.042501
0.406 3.436285 2.043944
0.407 3.443919 2.051459
0.408 3.453401 2.053724
0.409 3.463103 2.061035
0.410 3.465769 2.062612
0.411 3.473194 2.062943
0.412 3.482668 2.070203
0.413 3.492216 2.072875
0.414 3.495103 2.080047
0.415 3.502403 2.082994
0.416 3.512152 2.089987
0.417 3.522135 2.093077
0.418 3.531839 2.099772
0.419 3.547307 2.103158
0.420 3.560343 2.109097
0.421 3.570146 2.113017
0.422 3.579985 2.118361
0.423 3.594825 2.122625
0.424 3.608949 2.127556
0.425 3.622992 2.132277
0.426 3.641487 2.136278
0.427 3.656923 2.141835
0.428 3.670060 2.141972
0.429 3.688385 2.141905
0.430 3.707133 2.141705
0.431 3.726006 2.141557
0.432 3.744660 2.139747
0.433 3.764807 2.133089
0.434 3.790301 2.131163
0.435 3.808906 2.122473
0.436 3.826964 2.113235
0.437 3.845018 2.104002
0.438 3.857223 2.094493
0.439 3.871736 2.080167
0.440 3.884569 2.067423
0.441 3.897587 2.058099
0.442 3.911568 2.045634
0.443 3.920382 2.031395
0.444 3.926650 2.019475
0.445 3.928569 2.003615
0.446 3.935681 1.994839
0.447 3.937364 1.985124
0.448 3.937538 1.969975
0.449 3.944184 1.960362
0.450 3.947066 1.957208
0.451 3.947249 1.952654
0.452 3.947406 1.944521
0.453 3.947594 1.939633
0.454 3.947872 1.939881
0.455 3.948338 1.940277
0.456 3.948853 1.940695
0.457 3.949347 1.941093
0.458 3.950108 1.941769
0.459 3.956503 1.948160
0.460 3.960708 1.952320
0.461 3.965729 1.956982
0.462 3.974900 1.965502
0.463 3.981686 1.974013
0.464 3.985195 1.982713
0.465 4.001527 1.990266
0.466 4.013425 1.993341
0.467 4.028492 1.999357
0.468 4.046290 2.007770
0.469 4.064154 2.016109
0.470 4.082001 2.024413
0.471 4.101537 2.032493
0.472 4.127461 2.039404
0.473 4.153406 2.041058
0.474 4.179296 2.045705
0.475 4.205156 2.048312
0.476 4.235206 2.047769
0.477 4.268770 2.043630
0.478 4.302260 2.035676
0.479 4.335625 2.026936
0.480 4.368862 2.018128
0.481 4.401937 2.002782
0.482 4.434782 1.985743
0.483 4.464684 1.965714
0.484 4.491660 1.941126
0.485 4.522841 1.916392
0.486 4.548893 1.890274
0.487 4.572874 1.860053
0.488 4.593213 1.827435
0.489 4.609996 1.794807
0.490 4.626712 1.762138
0.491 4.641345 1.729471
0.492 4.652911 1.696838
0.493 4.666400 1.664208
0.494 4.673978 1.631592
0.495 4.677961 1.599025
0.496 4.683001 1.566509
0.497 4.684929 1.535348
0.498 4.685187 1.508021
0.499 4.685242 1.478774
0.500 4.681608 1.450389
0.501 4.677167 1.425354
0.502 4.674050 1.401019
0.503 4.668443 1.376845
0.504 4.660693 1.352738
0.505 4.652847 1.328677
0.506 4.647506 1.304667
0.507 4.644287 1.282434
0.508 4.638715 1.262986
0.509 4.631018 1.242947
0.510 4.623128 1.222323
0.511 4.615226 1.206092
0.512 4.607370 1.190161
0.513 4.598953 1.174349
0.514 4.587193 1.158537
0.515 4.574334 1.142792
0.516 4.566293 1.127094
0.517 4.558430 1.111438
0.518 4.550624 1.101769
0.519 4.542823 1.089245
0.520 4.535056 1.077346
0.521 4.527311 1.066296
0.522 4.519579 1.054003
0.523 4.511861 1.042450
0.524 4.504158 1.031977
0.525 4.496464 1.018048
0.526 4.488788 1.009324
0.527 4.481119 1.001445
0.528 4.473473 0.992924
0.529 4.465833 0.984088
0.530 4.458212 0.975496
0.531 4.450602 0.967098
0.532 4.443011 0.959031
0.533 4.437331 0.951354
0.534 4.435728 0.943717
0.535 4.429880 0.936121
0.536 4.422525 0.928986
0.537 4.415070 0.922103
0.538 4.407572 0.915296
0.539 4.400072 0.908573
0.540 4.392793 0.902113
0.541 4.386868 0.896058
0.542 4.386443 0.890031
0.543 4.379810 0.884032
0.544 4.372593 0.878060
0.545 4.365256 0.872101
0.546 4.359393 0.866299
0.547 4.356007 0.860803
0.548 4.352574 0.855571
0.549 4.345578 0.850377
0.550 4.339435 0.845175
0.551 4.336087 0.840001
0.552 4.333191 0.834857
0.553 4.326143 0.829768
0.554 4.318956 0.825317
0.555 4.316754 0.820399
0.556 4.312982 0.815664
0.557 4.308461 0.811174
0.558 4.305869 0.806780
0.559 4.301650 0.802398
0.560 4.295103 0.798039
0.561 4.289510 0.793699
0.562 4.285649 0.789431
0.563 4.283222 0.785318
0.564 4.277778 0.781522
0.565 4.275425 0.777427
0.566 4.271869 0.773470
0.567 4.266267 0.769739
0.568 4.265943 0.765480
0.569 4.260254 0.761760
0.570 4.256661 0.758172
0.571 4.254606 0.754615
0.572 4.248972 0.751055
0.573 4.246688 0.747490
0.574 4.243143 0.743951
0.575 4.238951 0.740433
0.576 4.236142 0.736920
0.577 4.232383 0.733396
0.578 4.228679 0.729868
0.579 4.225209 0.726345
0.580 4.222185 0.722846
0.581 4.218032 0.719576
0.582 4.215786 0.716454
0.583 4.215316 0.713381
0.584 4.213460 0.709936
0.585 4.209027 0.706586
0.586 4.205272 0.703418
0.587 4.203869 0.700493
0.588 4.198093 0.697160
0.589 4.195272 0.694169
0.590 4.193337 0.691396
0.591 4.187117 0.688591
0.592 4.185632 0.685337
0.593 4.185408 0.682200
0.594 4.185229 0.679450
0.595 4.179119 0.676710
0.596 4.175850 0.673977
0.597 4.175377 0.671194
0.598 4.175194 0.667887
0.599 4.171332 0.664919
0.600 4.166496 0.662147
0.601 4.165541 0.659434
0.602 4.165167 0.656744
0.603 4.163504 0.654064
0.604 4.158093 0.651388
0.605 4.156011 0.648718
0.606 4.153354 0.646050
0.607 4.148058 0.643386
0.608 4.146085 0.640728
0.609 4.145133 0.638073
0.610 4.144969 0.635421
0.611 4.140598 0.633192
0.612 4.136816 0.630906
0.613 4.135360 0.628392
0.614 4.134987 0.625777
0.615 4.133277 0.623146
0.616 4.128254 0.620518
0.617 4.126091 0.617896
0.618 4.125016 0.615406
0.619 4.124897 0.613308
0.620 4.124785 0.610941
0.621 4.123887 0.608442
0.622 4.118692 0.605838
0.623 4.115924 0.603558
0.624 4.114836 0.601486
0.625 4.114679 0.598996
0.626 4.112125 0.596476
0.627 4.106650 0.593922
0.628 4.105277 0.591830
0.629 4.104695 0.589675
0.630 4.104536 0.587169
0.631 4.100531 0.585023
0.632 4.095049 0.583015
0.633 4.094815 0.580503
0.634 4.094646 0.578242
0.635 4.094555 0.576285
0.636 4.093970 0.573912
0.637 4.092398 0.571537
0.638 4.087126 0.569525
0.639 4.084673 0.567307
0.640 4.084516 0.564924
0.641 4.084444 0.562855
0.642 4.083986 0.560750
0.643 4.082299 0.558423
0.644 4.079169 0.556339
0.645 4.074975 0.554434
0.646 4.074426 0.552359
0.647 4.073760 0.550237
0.648 4.071184 0.548010
0.649 4.068272 0.545969
0.650 4.065052 0.544097
0.651 4.064375 0.541977
0.652 4.064263 0.539810
0.653 4.064193 0.537707
0.654 4.062630 0.535701
0.655 4.058712 0.533850
0.656 4.056207 0.531985
0.657 4.054434 0.530113
0.658 4.054227 0.527851
0.659 4.054147 0.525622
0.660 4.054024 0.523712
0.661 4.051710 0.521837
0.662 4.046309 0.520011
0.663 4.044322 0.518186
0.664 4.044182 0.516363
0.665 4.044110 0.514437
0.666 4.043920 0.512470
0.667 4.042394 0.510224
0.668 4.040156 0.508106
0.669 4.036194 0.506298
0.670 4.034125 0.504492
0.671 4.034050 0.502688
0.672 4.033986 0.500888
0.673 4.033927 0.499089
0.674 4.033849 0.497293
0.675 4.033715 0.495499
0.676 4.029785 0.493709
0.677 4.026287 0.491920
0.678 4.024915 0.490134
0.679 4.023948 0.488350
0.680 4.023863 0.486569
0.681 4.023561 0.484791
0.682 4.022993 0.483014
0.683 4.020096 0.481260
0.684 4.015476 0.479521
0.685 4.013963 0.477769
0.686 4.013852 0.476010
0.687 4.013769 0.474248
0.688 4.013694 0.472485
0.689 4.011108 0.470726
0.690 4.008201 0.468968
0.691 4.005971 0.467214
0.692 4.003853 0.465461
0.693 4.003786 0.463731
0.694 4.003721 0.462002
0.695 4.003679 0.460276
0.696 4.003546 0.458549
0.697 4.002914 0.456812
0.698 4.001562 0.455075
0.699 3.997216 0.453339
0.700 3.993815 0.451612
0.701 3.993723 0.449915
0.702 3.993633 0.448273
0.703 3.993555 0.446802
0.704 3.992670 0.445330
0.705 3.989313 0.443852
0.706 3.986393 0.442322
0.707 3.984857 0.440624
0.708 3.983653 0.438928
0.709 3.983601 0.437238
0.710 3.983552 0.435565
0.711 3.983517 0.433965
0.712 3.983230 0.432409
0.713 3.981572 0.431086
0.714 3.979763 0.429728
0.715 3.976636 0.428064
0.716 3.973633 0.426399
0.717 3.973590 0.424713
0.718 3.973546 0.423027
0.719 3.973513 0.421727
0.720 3.973479 0.420441
0.721 3.973244 0.418896
0.722 3.972980 0.417315
0.723 3.969499 0.415742
0.724 3.965097 0.414173
0.725 3.963577 0.412779
0.726 3.963510 0.411474
0.727 3.963434 0.409987
0.728 3.963353 0.408345
0.729 3.961897 0.406841
0.730 3.958409 0.405539
0.731 3.955537 0.404179
0.732 3.954472 0.402648
0.733 3.953500 0.401115
0.734 3.953464 0.399552
0.735 3.953427 0.397990
0.736 3.953395 0.396708
0.737 3.953363 0.395451
0.738 3.951458 0.394113
0.739 3.948854 0.392745
0.740 3.946637 0.391341
0.741 3.944766 0.389906
0.742 3.943469 0.388548
0.743 3.943428 0.387360
0.744 3.943388 0.386143
0.745 3.943353 0.384634
0.746 3.943318 0.383124
0.747 3.941638 0.381808
0.748 3.939657 0.380528
0.749 3.937447 0.379242
0.750 3.935080 0.377951
0.751 3.933462 0.376606
0.752 3.933425 0.375150
0.753 3.933387 0.373704
0.754 3.933352 0.372519
0.755 3.933317 0.371335
0.756 3.932070 0.369977
0.757 3.930406 0.368558
0.758 3.928336 0.367188
0.759 3.925738 0.365883
0.760 3.923421 0.364585
0.761 3.923405 0.363351
0.762 3.923388 0.362117
0.763 3.922939 0.360985
0.764 3.922361 0.359884
0.765 3.920521 0.358655
0.766 3.916923 0.357249
0.767 3.913504 0.355848
0.768 3.913453 0.354541
0.769 3.913403 0.353234
0.770 3.913372 0.352009
0.771 3.913350 0.350824
0.772 3.913152 0.349659
0.773 3.912480 0.348543
0.774 3.911809 0.347427
0.775 3.908806 0.346104
0.776 3.905420 0.344746
0.777 3.903477 0.343518
0.778 3.903431 0.342461
0.779 3.903385 0.341404
0.780 3.903354 0.340380
0.781 3.903322 0.339355
0.782 3.902760 0.338120
0.783 3.901730 0.336697
0.784 3.900589 0.335299
0.785 3.897657 0.334282
0.786 3.894726 0.333266
0.787 3.893447 0.332250
0.788 3.893418 0.331234
0.789 3.893390 0.330214
0.790 3.893372 0.329140
0.791 3.893355 0.328065
0.792 3.892480 0.326848
0.793 3.890885 0.325513
0.794 3.889285 0.324179
0.795 3.887000 0.323175
0.796 3.884715 0.322171
0.797 3.883457 0.321166
0.798 3.883440 0.320162
0.799 3.883423 0.319158
0.800 3.883379 0.318134
0.801 3.883332 0.317107
0.802 3.882607 0.316089
0.803 3.880272 0.315094
0.804 3.877938 0.314099
0.805 3.876229 0.313105
0.806 3.874796 0.312112
0.807 3.873466 0.311112
0.808 3.873451 0.310024
0.809 3.873436 0.308936
0.810 3.873390 0.307771
0.811 3.873303 0.306507
0.812 3.873217 0.305243
0.813 3.870640 0.304198
0.814 3.867362 0.303214
0.815 3.864402 0.302232
0.816 3.864067 0.301256
0.817 3.863733 0.300279
0.818 3.863520 0.299397
0.819 3.863477 0.298647
0.820 3.863434 0.297896
0.821 3.863335 0.297084
0.822 3.863214 0.296248
0.823 3.863092 0.295412
0.824 3.859699 0.294443
0.825 3.856254 0.293471
0.826 3.853632 0.292501
0.827 3.853597 0.291532
0.828 3.853563 0.290564
0.829 3.853530 0.289597
0.830 3.853497 0.288632
0.831 3.853464 0.287667
0.832 3.852531 0.286704
0.833 3.851208 0.285742
0.834 3.849885 0.284780
0.835 3.847798 0.283820
0.836 3.845625 0.282861
0.837 3.843624 0.281928
0.838 3.843605 0.281296
0.839 3.843586 0.280664
0.840 3.843553 0.279955
0.841 3.843475 0.279008
0.842 3.843397 0.278060
0.843 3.842254 0.277120
0.844 3.839415 0.276192
0.845 3.836576 0.275265
0.846 3.834921 0.274490
0.847 3.834407 0.273860
0.848 3.833893 0.273230
0.849 3.833664 0.272411
0.850 3.833615 0.271473
0.851 3.833566 0.270535
0.852 3.833411 0.269615
0.853 3.833210 0.268704
0.854 3.833010 0.267793
0.855 3.830600 0.267093
0.856 3.827498 0.266459
0.857 3.824397 0.265825
0.858 3.823767 0.264955
0.859 3.823736 0.264029
0.860 3.823704 0.263102
0.861 3.823660 0.262445
0.862 3.823612 0.261843
0.863 3.823565 0.261242
0.864 3.821788 0.260552
0.865 3.819659 0.259843
0.866 3.817529 0.259135
0.867 3.816243 0.258335
0.868 3.815153 0.257514
0.869 3.814062 0.256693
0.870 3.813786 0.255916
0.871 3.813751 0.255152
0.872 3.813715 0.254388
0.873 3.813627 0.253636
0.874 3.813517 0.252888
0.875 3.813407 0.252141
0.876 3.811457 0.251485
0.877 3.808419 0.250884
0.878 3.805380 0.250282
0.879 3.803918 0.249647
0.880 3.803892 0.248980
0.881 3.803866 0.248313
0.882 3.803829 0.247613
0.883 3.803777 0.246862
0.884 3.803724 0.246112
0.885 3.803153 0.245431
0.886 3.801006 0.244963
0.887 3.798859 0.244494
0.888 3.796807 0.244004
0.889 3.795910 0.243256
0.890 3.795013 0.242508
0.891 3.794117 0.241760
0.892 3.793959 0.241109
0.893 3.793900 0.240472
0.894 3.793842 0.239835
0.895 3.793578 0.239243
0.896 3.793211 0.238674
0.897 3.792844 0.238105
0.898 3.791528 0.237513
0.899 3.788917 0.236891
0.900 3.786306 0.236269
0.901 3.784106 0.235654
0.902 3.784096 0.235076
0.903 3.784086 0.234498
0.904 3.784076 0.233920
0.905 3.784031 0.233459
0.906 3.783980 0.233015
0.907 3.783930 0.232572
0.908 3.783835 0.231969
0.909 3.783703 0.231239
0.910 3.783572 0.230509
0.911 3.782861 0.229842
0.912 3.780100 0.229398
0.913 3.777340 0.228954
0.914 3.774579 0.228509
0.915 3.774168 0.228062
0.916 3.774144 0.227614
0.917 3.774119 0.227167
0.918 3.774068 0.226717
0.919 3.773988 0.226266
0.920 3.773908 0.225815
0.921 3.773665 0.225348
0.922 3.770906 0.224638
0.923 3.768148 0.223929
0.924 3.765390 0.223219
0.925 3.764337 0.222682
0.926 3.764311 0.222249
0.927 3.764285 0.221816
0.928 3.764254 0.221383
0.929 3.764199 0.220947
0.930 3.764143 0.220512
0.931 3.764087 0.220077
0.932 3.762964 0.219643
0.933 3.761322 0.219210
0.934 3.759679 0.218778
0.935 3.758120 0.218345
0.936 3.757008 0.217915
0.937 3.755895 0.217485
0.938 3.754783 0.217055
0.939 3.754350 0.216624
0.940 3.754342 0.216192
0.941 3.754334 0.215760
0.942 3.754323 0.215329
0.943 3.754262 0.214904
0.944 3.754200 0.214479
0.945 3.754139 0.214053
0.946 3.753199 0.213626
0.947 3.751189 0.213197
0.948 3.749180 0.212767
0.949 3.747170 0.212338
0.950 3.746294 0.211920
0.951 3.745654 0.211504
0.952 3.745013 0.211088
0.953 3.744481 0.210711
0.954 3.744452 0.210518
0.955 3.744423 0.210324
0.956 3.744394 0.210131
0.957 3.744346 0.209841
0.958 3.744280 0.209453
0.959 3.744215 0.209065
0.960 3.744149 0.208677
0.961 3.742136 0.208263
0.962 3.739601 0.207843
0.963 3.737066 0.207422
0.964 3.734660 0.207009
0.965 3.734643 0.206748
0.966 3.734626 0.206487
0.967 3.734609 0.206226
0.968 3.734585 0.205951
0.969 3.734541 0.205639
0.970 3.734497 0.205327
0.971 3.734453 0.205015
0.972 3.734387 0.204657
0.973 3.734297 0.204251
0.974 3.734207 0.203845
0.975 3.734117 0.203438
0.976 3.732474 0.203192
0.977 3.730044 0.203028
0.978 3.727614 0.202863
0.979 3.725185 0.202698
0.980 3.724710 0.202341
0.981 3.724700 0.201938
0.982 3.724689 0.201535
0.983 3.724679 0.201131
0.984 3.724657 0.200939
0.985 3.724634 0.200764
0.986 3.724611 0.200589
0.987 3.724587 0.200413
0.988 3.724356 0.199997
0.989 3.724125 0.199581
0.990 3.723894 0.199165
0.991 3.723606 0.198748
0.992 3.722356 0.198320
0.993 3.721105 0.197892
0.994 3.719855 0.197464
0.995 3.718663 0.197043
0.996 3.718192 0.196706
0.997 3.717721 0.196368
0.998 3.717250 0.196031
0.999 3.716784 0.195712
1.000 3.716396 0.195667
1.001 3.716007 0.195623
1.002 3.715618 0.195578
1.003 3.715230 0.195532
1.004 3.714852 0.195379
1.005 3.714473 0.195226
1.006 3.714095 0.195074
1.007 3.713716 0.194921
1.008 3.713326 0.194641
1.009 3.712935 0.194352
1.010 3.712544 0.194063
1.011 3.712153 0.193774
1.012 3.711778 0.193512
1.013 3.711406 0.193255
1.014 3.711033 0.192999
1.015 3.710661 0.192742
1.016 3.710330 0.192347
1.017 3.710017 0.191886
1.018 3.709705 0.191425
1.019 3.709393 0.190964
1.020 3.709075 0.190557
1.021 3.708750 0.190202
1.022 3.708426 0.189847
1.023 3.708101 0.189492
1.024 3.707774 0.189174
1.025 3.707437 0.188944
1.026 3.707101 0.188715
1.027 3.706765 0.188486
1.028 3.706430 0.188259
1.029 3.706119 0.188091
1.030 3.705807 0.187923
1.031 3.705496 0.187755
1.032 3.705184 0.187587
1.033 3.704866 0.187305
1.034 3.704545 0.186985
1.035 3.704224 0.186666
1.036 3.703903 0.186346
1.037 3.703587 0.186010
1.038 3.703278 0.185654
1.039 3.702968 0.185297
1.040 3.702659 0.184940
1.041 3.702353 0.184596
1.042 3.702087 0.184408
1.043 3.701821 0.184219
1.044 3.701555 0.184030
1.045 3.701290 0.183841
1.046 3.701027 0.183634
1.047 3.700766 0.183419
1.048 3.700504 0.183203
1.049 3.700243 0.182988
1.050 3.699970 0.182717
1.051 3.699660 0.182286
1.052 3.699351 0.181855
1.053 3.699041 0.181424
1.054 3.698732 0.180992
1.055 3.698437 0.180630
1.056 3.698147 0.180285
1.057 3.697856 0.179941
1.058 3.697565 0.179596
1.059 3.697274 0.179232
1.060 3.696983 0.178816
1.061 3.696692 0.178401
1.062 3.696401 0.177985
1.063 3.696110 0.177570
1.064 3.695817 0.177208
1.065 3.695522 0.176865
1.066 3.695227 0.176522
1.067 3.694933 0.176179
1.068 3.694644 0.175839
1.069 3.694392 0.175514
1.070 3.694140 0.175189
1.071 3.693887 0.174865
1.072 3.693635 0.174540
1.073 3.693376 0.174307
1.074 3.693111 0.174156
1.075 3.692846 0.174005
1.076 3.692582 0.173854
1.077 3.692317 0.173703
1.078 3.692072 0.173410
1.079 3.691831 0.173096
1.080 3.691590 0.172782
1.081 3.691349 0.172467
1.082 3.691109 0.172149
1.083 3.690871 0.171815
1.084 3.690634 0.171481
1.085 3.690397 0.171146
1.086 3.690159 0.170812
1.087 3.689911 0.170410
1.088 3.689646 0.169914
1.089 3.689382 0.169418
1.090 3.689118 0.168922
1.091 3.688853 0.168425
1.092 3.688601 0.167913
1.093 3.688355 0.167390
1.094 3.688109 0.166868
1.095 3.687863 0.166345
1.096 3.687618 0.165822
1.097 3.687371 0.165430
1.098 3.687124 0.165071
1.099 3.686878 0.164712
1.100 3.686631 0.164353
1.101 3.686384 0.163995
1.102 3.686135 0.163787
1.103 3.685886 0.163591
1.104 3.685638 0.163395
1.105 3.685389 0.163199
1.106 3.685140 0.163003
1.107 3.684906 0.162724
1.108 3.684673 0.162445
1.109 3.684440 0.162167
1.110 3.684206 0.161888
1.111 3.683973 0.161605
1.112 3.683740 0.161227
1.113 3.683507 0.160849
1.114 3.683274 0.160471
1.115 3.683042 0.160093
1.116 3.682810 0.159717
1.117 3.682603 0.159393
1.118 3.682396 0.159068
1.119 3.682189 0.158743
1.120 3.681982 0.158418
1.121 3.681775 0.158094
1.122 3.681573 0.157712
1.123 3.681371 0.157329
1.124 3.681169 0.156947
1.125 3.680967 0.156564
1.126 3.680765 0.156182
1.127 3.680539 0.155853
1.128 3.680310 0.155532
1.129 3.680081 0.155210
1.130 3.679852 0.154888
1.131 3.679623 0.154566
1.132 3.679409 0.154330
1.133 3.679201 0.154122
1.134 3.678993 0.153915
1.135 3.678784 0.153707
1.136 3.678576 0.153499
1.137 3.678352 0.153234
1.138 3.678115 0.152926
1.139 3.677878 0.152617
1.140 3.677642 0.152308
1.141 3.677405 0.151999
1.142 3.677175 0.151700
1.143 3.676958 0.151420
1.144 3.676742 0.151140
1.145 3.676525 0.150860
1.146 3.676308 0.150581
1.147 3.676093 0.150299
1.148 3.675904 0.149981
1.149 3.675716 0.149662
1.150 3.675527 0.149344
1.151 3.675339 0.149025
1.152 3.675150 0.148707
1.153 3.674947 0.148379
1.154 3.674736 0.148048
1.155 3.674526 0.147718
1.156 3.674316 0.147387
1.157 3.674106 0.147056
1.158 3.673897 0.146747
1.159 3.673694 0.146488
1.160 3.673490 0.146229
1.161 3.673286 0.145970
1.162 3.673082 0.145711
1.163 3.672878 0.145452
1.164 3.672678 0.145295
1.165 3.672478 0.145153
1.166 3.672279 0.145011
1.167 3.672079 0.144869
1.168 3.671879 0.144726
1.169 3.671684 0.144592
1.170 3.671497 0.144471
1.171 3.671309 0.144350
1.172 3.671122 0.144229
1.173 3.670934 0.144108
1.174 3.670747 0.143987
1.175 3.670564 0.143840
1.176 3.670382 0.143689
1.177 3.670200 0.143539
1.178 3.670019 0.143388
1.179 3.669837 0.143237
1.180 3.669657 0.143084
1.181 3.669482 0.142926
1.182 3.669307 0.142768
1.183 3.669133 0.142610
1.184 3.668958 0.142452
1.185 3.668784 0.142294
1.186 3.668619 0.142159
1.187 3.668459 0.142037
1.188 3.668300 0.141916
1.189 3.668141 0.141794
1.190 3.667981 0.141673
1.191 3.667822 0.141551
1.192 3.667643 0.141411
1.193 3.667461 0.141270
1.194 3.667279 0.141128
1.195 3.667098 0.140986
1.196 3.666916 0.140845
1.197 3.666736 0.140714
1.198 3.666568 0.140642
1.199 3.666400 0.140570
1.200 3.666232 0.140499
1.201 3.666064 0.140427
1.202 3.665896 0.140356
1.203 3.665727 0.140260
1.204 3.665557 0.140119
1.205 3.665387 0.139978
1.206 3.665217 0.139837
1.207 3.665047 0.139696
1.208 3.664877 0.139555
1.209 3.664709 0.139384
1.210 3.664541 0.139179
1.211 3.664374 0.138974
1.212 3.664207 0.138770
1.213 3.664040 0.138565
1.214 3.663872 0.138360
1.215 3.663695 0.138233
1.216 3.663509 0.138170
1.217 3.663323 0.138107
1.218 3.663138 0.138044
1.219 3.662952 0.137980
1.220 3.662766 0.137917
1.221 3.662601 0.137843
1.222 3.662452 0.137761
1.223 3.662303 0.137678
1.224 3.662153 0.137595
1.225 3.662004 0.137513
1.226 3.661855 0.137430
1.227 3.661707 0.137299
1.228 3.661560 0.137124
1.229 3.661413 0.136949
1.230 3.661266 0.136773
1.231 3.661119 0.136598
1.232 3.660971 0.136423
1.233 3.660815 0.136278
1.234 3.660646 0.136173
1.235 3.660478 0.136069
1.236 3.660309 0.135965
1.237 3.660140 0.135861
1.238 3.659971 0.135756
1.239 3.659802 0.135639
1.240 3.659631 0.135482
1.241 3.659460 0.135325
1.242 3.659289 0.135168
1.243 3.659119 0.135011
1.244 3.658948 0.134854
1.245 3.658777 0.134695
1.246 3.658611 0.134447
1.247 3.658445 0.134199
1.248 3.658279 0.133952
1.249 3.658113 0.133704
1.250 3.657947 0.133456
1.251 3.657781 0.133209
1.252 3.657623 0.133099
1.253 3.657468 0.133039
1.254 3.657312 0.132978
1.255 3.657157 0.132917
1.256 3.657002 0.132856
1.257 3.656846 0.132795
1.258 3.656693 0.132740
1.259 3.656542 0.132694
1.260 3.656391 0.132648
1.261 3.656241 0.132602
1.262 3.656090 0.132556
1.263 3.655939 0.132510
1.264 3.655789 0.132464
1.265 3.655639 0.132347
1.266 3.655489 0.132228
1.267 3.655339 0.132110
1.268 3.655189 0.131991
1.269 3.655039 0.131872
1.270 3.654889 0.131753
1.271 3.654739 0.131620
1.272 3.654590 0.131474
1.273 3.654441 0.131327
1.274 3.654292 0.131180
1.275 3.654143 0.131034
1.276 3.653994 0.130887
1.277 3.653845 0.130740
1.278 3.653702 0.130605
1.279 3.653559 0.130470
1.280 3.653417 0.130335
1.281 3.653274 0.130201
1.282 3.653131 0.130066
1.283 3.652988 0.129931
1.284 3.652847 0.129803
1.285 3.652711 0.129691
1.286 3.652575 0.129578
1.287 3.652438 0.129466
1.288 3.652302 0.129353
1.289 3.652166 0.129241
1.290 3.652029 0.129129
1.291 3.651895 0.129055
1.292 3.651763 0.129004
1.293 3.651630 0.128954
1.294 3.651498 0.128903
1.295 3.651365 0.128853
1.296 3.651233 0.128802
1.297 3.651100 0.128752
1.298 3.650971 0.128614
1.299 3.650842 0.128464
1.300 3.650713 0.128314
1.301 3.650584 0.128164
1.302 3.650455 0.128013
1.303 3.650326 0.127863
1.304 3.650197 0.127712
1.305 3.650075 0.127546
1.306 3.649953 0.127380
1.307 3.649831 0.127214
1.308 3.649709 0.127048
1.309 3.649588 0.126881
1.310 3.649466 0.126715
1.311 3.649345 0.126542
1.312 3.649228 0.126323
1.313 3.649112 0.126104
1.314 3.648995 0.125886
1.315 3.648879 0.125667
1.316 3.648762 0.125448
1.317 3.648646 0.125230
1.318 3.648530 0.125038
1.319 3.648417 0.124985
1.320 3.648304 0.124932
1.321 3.648191 0.124878
1.322 3.648079 0.124825
1.323 3.647966 0.124772
1.324 3.647853 0.124718
1.325 3.647741 0.124657
1.326 3.647631 0.124538
1.327 3.647521 0.124420
1.328 3.647411 0.124301
1.329 3.647301 0.124182
1.330 3.647191 0.124063
1.331 3.647081 0.123944
1.332 3.646971 0.123825
1.333 3.646865 0.123624
1.334 3.646758 0.123422
1.335 3.646652 0.123221
1.336 3.646545 0.123019
1.337 3.646439 0.122817
1.338 3.646332 0.122616
1.339 3.646225 0.122414
1.340 3.646121 0.122166
1.341 3.646018 0.121906
1.342 3.645914 0.121646
1.343 3.645811 0.121386
1.344 3.645707 0.121125
1.345 3.645604 0.120865
1.346 3.645500 0.120605
1.347 3.645398 0.120430
1.348 3.645298 0.120337
1.349 3.645198 0.120243
1.350 3.645098 0.120150
1.351 3.644998 0.120057
1.352 3.644898 0.119964
1.353 3.644798 0.119871
1.354 3.644698 0.119783
1.355 3.644602 0.119726
1.356 3.644505 0.119670
1.357 3.644408 0.119613
1.358 3.644311 0.119556
1.359 3.644214 0.119499
1.360 3.644117 0.119443
1.361 3.644020 0.119386
1.362 3.643926 0.119324
1.363 3.643833 0.119259
1.364 3.643740 0.119195
1.365 3.643646 0.119131
1.366 3.643553 0.119066
1.367 3.643460 0.119002
1.368 3.643367 0.118938
1.369 3.643274 0.118842
1.370 3.643184 0.118608
1.371 3.643094 0.118374
1.372 3.643004 0.118140
1.373 3.642914 0.117906
1.374 3.642825 0.117671
1.375 3.642735 0.117437
1.376 3.642645 0.117203
1.377 3.642557 0.117011
1.378 3.642471 0.116848
1.379 3.642385 0.116686
1.380 3.642299 0.116523
1.381 3.642213 0.116361
1.382 3.642126 0.116198
1.383 3.642040 0.116036
1.384 3.641954 0.115873
1.385 3.641871 0.115662
1.386 3.641789 0.115444
1.387 3.641706 0.115226
1.388 3.641624 0.115008
1.389 3.641541 0.114790
1.390 3.641459 0.114572
1.391 3.641376 0.114355
1.392 3.641294 0.114138
1.393 3.641215 0.113928
1.394 3.641137 0.113719
1.395 3.641058 0.113509
1.396 3.640979 0.113300
1.397 3.640900 0.113090
1.398 3.640822 0.112881
1.399 3.640743 0.112672
1.400 3.640665 0.112461
1.401 3.640590 0.112247
1.402 3.640515 0.112032
1.403 3.640441 0.111818
1.404 3.640366 0.111603
1.405 3.640291 0.111389
1.406 3.640216 0.111175
1.407 3.640142 0.110960
1.408 3.640068 0.110762
1.409 3.639997 0.110605
1.410 3.639926 0.110447
1.411 3.639855 0.110290
1.412 3.639784 0.110133
1.413 3.639713 0.109975
1.414 3.639642 0.109818
1.415 3.639571 0.109661
1.416 3.639501 0.109505
1.417 3.639434 0.109353
1.418 3.639368 0.109201
1.419 3.639301 0.109050
1.420 3.639234 0.108898
1.421 3.639167 0.108747
1.422 3.639100 0.108595
1.423 3.639034 0.108443
1.424 3.638967 0.108287
1.425 3.638905 0.108095
1.426 3.638842 0.107902
1.427 3.638779 0.107710
1.428 3.638717 0.107517
1.429 3.638654 0.107325
1.430 3.638591 0.107132
1.431 3.638529 0.106939
1.432 3.638466 0.106747
1.433 3.638407 0.106559
1.434 3.638349 0.106372
1.435 3.638290 0.106186
1.436 3.638232 0.105999
1.437 3.638173 0.105812
1.438 3.638115 0.105625
1.439 3.638056 0.105438
1.440 3.637998 0.105251
1.441 3.637942 0.105056
1.442 3.637888 0.104853
1.443 3.637834 0.104650
1.444 3.637780 0.104447
1.445 3.637726 0.104244
1.446 3.637672 0.104041
1.447 3.637618 0.103838
1.448 3.637564 0.103635
1.449 3.637510 0.103434
1.450 3.637461 0.103247
1.451 3.637413 0.103060
1.452 3.637364 0.102873
1.453 3.637315 0.102685
1.454 3.637266 0.102498
1.455 3.637218 0.102311
1.456 3.637169 0.102124
1.457 3.637120 0.101936
1.458 3.637074 0.101780
1.459 3.637031 0.101646
1.460 3.636988 0.101511
1.461 3.636944 0.101377
1.462 3.636901 0.101243
1.463 3.636858 0.101108
1.464 3.636814 0.100974
1.465 3.636771 0.100839
1.466 3.636728 0.100705
1.467 3.636690 0.100485
1.468 3.636652 0.100261
1.469 3.636615 0.100038
1.470 3.636577 0.099815
1.471 3.636540 0.099591
1.472 3.636502 0.099368
1.473 3.636464 0.099144
1.474 3.636427 0.098921
1.475 3.636391 0.098712
1.476 3.636360 0.098550
1.477 3.636328 0.098389
1.478 3.636297 0.098228
1.479 3.636266 0.098066
1.480 3.636235 0.097905
1.481 3.636204 0.097743
1.482 3.636173 0.097582
1.483 3.636142 0.097420
1.484 3.636113 0.097247
1.485 3.636090 0.097056
1.486 3.636066 0.096864
1.487 3.636042 0.096673
1.488 3.636019 0.096481
1.489 3.635995 0.096290
1.490 3.635971 0.096099
1.491 3.635948 0.095907
1.492 3.635924 0.095716
1.493 3.635904 0.095515
1.494 3.635889 0.095304
1.495 3.635874 0.095093
1.496 3.635859 0.094882
1.497 3.635844 0.094670
1.498 3.635829 0.094459
1.499 3.635814 0.094248
1.500 3.635799 0.094036
1.501 3.635784 0.093825
1.502 3.635773 0.093603
1.503 3.635767 0.093365
1.504 3.635762 0.093126
1.505 3.635756 0.092888
1.506 3.635751 0.092650
1.507 3.635746 0.092412
1.508 3.635740 0.092174
1.509 3.635735 0.091936
1.510 3.635729 0.091698
1.511 3.635727 0.091430
1.512 3.635733 0.091076
1.513 3.635739 0.090723
1.514 3.635745 0.090369
1.515 3.635751 0.090015
1.516 3.635757 0.089661
1.517 3.635763 0.089307
1.518 3.635769 0.088953
1.519 3.635775 0.088599
1.520 3.635781 0.088246
1.521 3.635800 0.087972
1.522 3.635820 0.087701
1.523 3.635840 0.087429
1.524 3.635860 0.087157
1.525 3.635879 0.086885
1.526 3.635899 0.086614
1.527 3.635919 0.086342
1.528 3.635939 0.086070
1.529 3.635958 0.085799
1.530 3.635988 0.085546
1.531 3.636025 0.085305
1.532 3.636062 0.085065
1.533 3.636099 0.084824
1.534 3.636136 0.084584
1.535 3.636172 0.084343
1.536 3.636209 0.084103
1.537 3.636246 0.083862
1.538 3.636283 0.083622
1.539 3.636322 0.083376
1.540 3.636380 0.083086
1.541 3.636439 0.082795
1.542 3.636497 0.082504
1.543 3.636556 0.082213
1.544 3.636615 0.081923
1.545 3.636673 0.081632
1.546 3.636732 0.081341
1.547 3.636790 0.081050
1.548 3.636849 0.080760
1.549 3.636921 0.080483
1.550 3.637009 0.080222
1.551 3.637097 0.079961
1.552 3.637184 0.079700
1.553 3.637272 0.079439
1.554 3.637359 0.079177
1.555 3.637447 0.078916
1.556 3.637535 0.078655
1.557 3.637622 0.078394
1.558 3.637710 0.078133
1.559 3.637827 0.077781
1.560 3.637954 0.077394
1.561 3.638082 0.077008
1.562 3.638209 0.076622
1.563 3.638337 0.076235
1.564 3.638464 0.075849
1.565 3.638592 0.075463
1.566 3.638719 0.075076
1.567 3.638847 0.074690
1.568 3.638974 0.074304
1.569 3.639150 0.073936
1.570 3.639332 0.073572
1.571 3.639515 0.073208
1.572 3.639698 0.072844
1.573 3.639881 0.072479
1.574 3.640063 0.072115
1.575 3.640246 0.071751
1.576 3.640429 0.071387
1.577 3.640612 0.071023
1.578 3.640794 0.070658
1.579 3.641041 0.070264
1.580 3.641297 0.069865
1.581 3.641553 0.069466
1.582 3.641809 0.069068
1.583 3.642065 0.068669
1.584 3.642321 0.068270
1.585 3.642576 0.067871
1.586 3.642832 0.067472
1.587 3.643088 0.067074
1.588 3.643344 0.066675
1.589 3.643665 0.066227
1.590 3.644006 0.065763
1.591 3.644348 0.065299
1.592 3.644689 0.064835
1.593 3.645031 0.064370
1.594 3.645373 0.063906
1.595 3.645714 0.063442
1.596 3.646056 0.062978
1.597 3.646397 0.062514
1.598 3.646739 0.062050
1.599 3.647119 0.061552
1.600 3.647538 0.061020
1.601 3.647957 0.060488
1.602 3.648376 0.059956
1.603 3.648794 0.059424
1.604 3.649213 0.058892
1.605 3.649632 0.058360
1.606 3.650051 0.057828
1.607 3.650469 0.057296
1.608 3.650888 0.056763
1.609 3.651310 0.056229
1.610 3.651758 0.055674
1.611 3.652205 0.055120
1.612 3.652652 0.054565
1.613 3.653100 0.054011
1.614 3.653547 0.053456
1.615 3.653994 0.052902
1.616 3.654442 0.052347
1.617 3.654889 0.051792
1.618 3.655336 0.051238
1.619 3.655784 0.050683
1.620 3.656188 0.050061
1.621 3.656564 0.049393
1.622 3.656939 0.048726
1.623 3.657315 0.048058
1.624 3.657691 0.047390
1.625 3.658067 0.046723
1.626 3.658442 0.046055
1.627 3.658818 0.045387
1.628 3.659194 0.044720
1.629 3.659569 0.044052
1.630 3.659945 0.043384
1.631 3.660110 0.042621
1.632 3.660263 0.041851
1.633 3.660415 0.041082
1.634 3.660567 0.040313
1.635 3.660720 0.039543
1.636 3.660872 0.038774
1.637 3.661025 0.038004
1.638 3.661177 0.037235
1.639 3.661329 0.036465
1.640 3.661482 0.035696
1.641 3.661634 0.034927
1.642 3.661786 0.034157
1.643 3.661939 0.033388
1.644 3.661862 0.032702
1.645 3.661775 0.032020
1.646 3.661688 0.031338
1.647 3.661600 0.030655
1.648 3.661513 0.029973
1.649 3.661426 0.029291
1.650 3.661338 0.028609
1.651 3.661251 0.027927
1.652 3.661164 0.027245
1.653 3.661076 0.026563
1.654 3.660989 0.025881
1.655 3.660902 0.025199
1.656 3.660815 0.024517
1.657 3.660527 0.023892
1.658 3.660175 0.023286
1.659 3.659824 0.022680
1.660 3.659473 0.022074
1.661 3.659121 0.021468
1.662 3.658770 0.020862
1.663 3.658419 0.020256
1.664 3.658067 0.019650
1.665 3.657716 0.019044
1.666 3.657365 0.018437
1.667 3.657013 0.017831
1.668 3.656662 0.017225
1.669 3.656311 0.016619
1.670 3.655882 0.016064
1.671 3.655311 0.015602
1.672 3.654739 0.015140
1.673 3.654167 0.014679
1.674 3.653596 0.014217
1.675 3.653024 0.013755
1.676 3.652453 0.013293
1.677 3.651881 0.012832
1.678 3.651310 0.012370
1.679 3.650738 0.011908
1.680 3.650167 0.011447
1.681 3.649595 0.010985
1.682 3.649024 0.010523
1.683 3.648452 0.010061
1.684 3.647799 0.009710
1.685 3.647115 0.009401
1.686 3.646431 0.009093
1.687 3.645746 0.008784
1.688 3.645062 0.008475
1.689 3.644378 0.008166
1.690 3.643693 0.007857
1.691 3.643009 0.007549
1.692 3.642325 0.007240
1.693 3.641641 0.006931
1.694 3.640956 0.006622
1.695 3.640272 0.006313
1.696 3.639588 0.006005
1.697 3.638904 0.005696
1.698 3.638206 0.005536
1.699 3.637506 0.005400
1.700 3.636806 0.005263
1.701 3.636106 0.005126
1.702 3.635406 0.004989
1.703 3.634706 0.004852
1.704 3.634007 0.004715
1.705 3.633307 0.004579
1.706 3.632607 0.004442
1.707 3.631907 0.004305
1.708 3.631207 0.004168
1.709 3.630507 0.004031
1.710 3.629807 0.003894
1.711 3.629107 0.003758
1.712 3.628451 0.003645
1.713 3.627807 0.003538
1.714 3.627163 0.003431
1.715 3.626518 0.003325
1.716 3.625874 0.003218
1.717 3.625230 0.003111
1.718 3.624585 0.003005
1.719 3.623941 0.002898
1.720 3.623297 0.002791
1.721 3.622653 0.002685
1.722 3.622008 0.002578
1.723 3.621364 0.002471
1.724 3.620720 0.002365
1.725 3.620075 0.002258
1.726 3.619469 0.002188
1.727 3.618906 0.002158
1.728 3.618343 0.002129
1.729 3.617780 0.002100
1.730 3.617218 0.002070
1.731 3.616655 0.002041
1.732 3.616092 0.002011
1.733 3.615529 0.001982
1.734 3.614966 0.001953
1.735 3.614403 0.001923
1.736 3.613840 0.001894
1.737 3.613277 0.001864
1.738 3.612714 0.001835
1.739 3.612151 0.001806
1.740 3.611588 0.001776
1.741 3.611103 0.001745
1.742 3.610625 0.001713
1.743 3.610148 0.001681
1.744 3.609670 0.001650
1.745 3.609192 0.001618
1.746 3.608715 0.001586
1.747 3.608237 0.001554
1.748 3.607759 0.001523
1.749 3.607282 0.001491
1.750 3.606804 0.001459
1.751 3.606327 0.001427
1.752 3.605849 0.001396
1.753 3.605371 0.001364
1.754 3.604894 0.001332
1.755 3.604423 0.001301
1.756 3.604010 0.001276
1.757 3.603598 0.001251
1.758 3.603186 0.001226
1.759 3.602774 0.001200
1.760 3.602362 0.001175
1.761 3.601949 0.001150
1.762 3.601537 0.001125
1.763 3.601125 0.001100
1.764 3.600713 0.001075
1.765 3.600301 0.001050
1.766 3.599888 0.001025
1.767 3.599476 0.000999
1.768 3.599064 0.000974
1.769 3.598652 0.000949
1.770 3.598242 0.000925
1.771 3.597883 0.000927
1.772 3.597524 0.000930
1.773 3.597165 0.000932
1.774 3.596806 0.000934
1.775 3.596448 0.000936
1.776 3.596089 0.000939
1.777 3.595730 0.000941
1.778 3.595371 0.000943
1.779 3.595012 0.000945
1.780 3.594654 0.000948
1.781 3.594295 0.000950
1.782 3.593936 0.000952
1.783 3.593577 0.000954
1.784 3.593218 0.000957
1.785 3.592860 0.000959
1.786 3.592528 0.000945
1.787 3.592206 0.000925
1.788 3.591885 0.000904
1.789 3.591564 0.000884
1.790 3.591243 0.000863
1.791 3.590922 0.000843
1.792 3.590600 0.000823
1.793 3.590279 0.000802
1.794 3.589958 0.000782
1.795 3.589637 0.000762
1.796 3.589315 0.000741
1.797 3.588994 0.000721
1.798 3.588673 0.000700
1.799 3.588352 0.000680
1.800 3.588030 0.000660
1.801 NaN NaN
1.802 NaN NaN
1.803 NaN NaN
1.804 NaN NaN
1.805 NaN NaN
1.806 NaN NaN
1.807 NaN NaN
1.808 NaN NaN
1.809 NaN NaN
1.810 NaN NaN
1.811 NaN NaN
1.812 NaN NaN
1.813 NaN NaN
1.814 NaN NaN
1.815 NaN NaN
1.816 NaN NaN
1.817 NaN NaN
1.818 NaN NaN
1.819 NaN NaN
1.820 NaN NaN
1.821 NaN NaN
1.822 NaN NaN
1.823 NaN NaN
1.824 NaN NaN
1.825 NaN NaN
1.826 NaN NaN
1.827 NaN NaN
1.828 NaN NaN
1.829 NaN NaN
1.830 NaN NaN
1.831 NaN NaN
1.832 NaN NaN
1.833 NaN NaN
1.834 NaN NaN
1.835 NaN NaN
1.836 NaN NaN
1.837 NaN NaN
1.838 NaN NaN
1.839 NaN NaN
1.840 NaN NaN
1.841 NaN NaN
1.842 NaN NaN
1.843 NaN NaN
1.844 NaN NaN
1.845 NaN NaN
1.846 NaN NaN
1.847 NaN NaN
1.848 NaN NaN
1.849 NaN NaN
1.850 NaN NaN
1.851 NaN NaN
1.852 NaN NaN
1.853 NaN NaN
1.854 NaN NaN
1.855 NaN NaN
1.856 NaN NaN
1.857 NaN NaN
1.858 NaN NaN
1.859 NaN NaN
1.860 NaN NaN
1.861 NaN NaN
1.862 NaN NaN
1.863 NaN NaN
1.864 NaN NaN
1.865 NaN NaN
1.866 NaN NaN
1.867 NaN NaN
1.868 NaN NaN
1.869 NaN NaN
1.870 NaN NaN
1.871 NaN NaN
1.872 NaN NaN
1.873 NaN NaN
1.874 NaN NaN
1.875 NaN NaN
1.876 NaN NaN
1.877 NaN NaN
1.878 NaN NaN
1.879 NaN NaN
1.880 NaN NaN
1.881 NaN NaN
1.882 NaN NaN
1.883 NaN NaN
1.884 NaN NaN
1.885 NaN NaN
1.886 NaN NaN
1.887 NaN NaN
1.888 NaN NaN
1.889 NaN NaN
1.890 NaN NaN
1.891 NaN NaN
1.892 NaN NaN
1.893 NaN NaN
1.894 NaN NaN
1.895 NaN NaN
1.896 NaN NaN
1.897 NaN NaN
1.898 NaN NaN
1.899 NaN NaN
1.900 NaN NaN
1.901 NaN NaN
1.902 NaN NaN
1.903 NaN NaN
1.904 NaN NaN
1.905 NaN NaN
1.906 NaN NaN
1.907 NaN NaN
1.908 NaN NaN
1.909 NaN NaN
1.910 NaN NaN
1.911 NaN NaN
1.912 NaN NaN
1.913 NaN NaN
1.914 NaN NaN
1.915 NaN NaN
1.916 NaN NaN
1.917 NaN NaN
1.918 NaN NaN
1.919 NaN NaN
1.920 NaN NaN
1.921 NaN NaN
1.922 NaN NaN
1.923 NaN NaN
1.924 NaN NaN
1.925 NaN NaN
1.926 NaN NaN
1.927 NaN NaN
1.928 NaN NaN
1.929 NaN NaN
1.930 NaN NaN
1.931 NaN NaN
1.932 NaN NaN
1.933 NaN NaN
1.934 NaN NaN
1.935 NaN NaN
1.936 NaN NaN
1.937 NaN NaN
1.938 NaN NaN
1.939 NaN NaN
1.940 NaN NaN
1.941 NaN NaN
1.942 NaN NaN
1.943 NaN NaN
1.944 NaN NaN
1.945 NaN NaN
1.946 NaN NaN
1.947 NaN NaN
1.948 NaN NaN
1.949 NaN NaN
1.950 NaN NaN