0.253 2.619470 3.524415
0.254 2.696171 3.518708
0.255 2.773093 3.514178
0.256 2.852997 3.510534
0.257 2.939080 3.505791
0.258 3.032465 3.496734
0.259 3.132941 3.479843
0.260 3.238948 3.451460
0.261 3.347303 3.407870
0.262 3.453790 3.349200
0.263 3.554150 3.274863
0.264 3.644214 3.186479
0.265 3.721181 3.087219
0.266 3.780602 2.979970
0.267 3.823493 2.870059
0.268 3.850313 2.761340
0.269 3.864172 2.656320
0.270 3.865950 2.557185
0.271 3.858252 2.465072
0.272 3.843361 2.380499
0.273 3.822178 2.305518
0.274 3.797568 2.238342
0.275 3.770959 2.177983
0.276 3.743153 2.123814
0.277 3.714787 2.075122
0.278 3.686378 2.031634
0.279 3.658388 1.993455
0.280 3.630945 1.958959
0.281 3.604149 1.927787
0.282 3.578048 1.899547
0.283 3.552782 1.874260
0.284 3.528545 1.851897
0.285 3.505114 1.831614
0.286 3.482475 1.813212
0.287 3.460713 1.796706
0.288 3.440073 1.782344
0.289 3.420246 1.769381
0.290 3.401195 1.757674
0.291 3.383017 1.747281
0.292 3.365920 1.738361
0.293 3.349584 1.730418
0.294 3.333960 1.723342
0.295 3.319257 1.717264
0.296 3.305483 1.712138
0.297 3.292345 1.707631
0.298 3.279910 1.703764
0.299 3.268356 1.700607
0.300 3.257389 1.697915
0.301 3.247012 1.695688
0.302 3.237509 1.694112
0.303 3.228491 1.692848
0.304 3.219947 1.691879
0.305 3.212134 1.691322
0.306 3.204752 1.691025
0.307 3.197779 1.690980
0.308 3.191450 1.691328
0.309 3.185464 1.691851
0.310 3.179830 1.692560
0.311 3.174763 1.693599
0.312 3.169979 1.694776
0.313 3.165500 1.696098
0.314 3.161430 1.697667
0.315 3.157626 1.699408
0.316 3.154166 1.701362
0.317 3.151003 1.703490
0.318 3.148040 1.705741
0.319 3.145470 1.708267
0.320 3.143100 1.710927
0.321 3.140960 1.713733
0.322 3.139136 1.716775
0.323 3.137477 1.719944
0.324 3.136206 1.723448
0.325 3.135114 1.727070
0.326 3.134241 1.730836
0.327 3.133680 1.734874
0.328 3.133323 1.739082
0.329 3.133294 1.743522
0.330 3.133432 1.748080
0.331 3.133898 1.752877
0.332 3.134606 1.757856
0.333 3.135587 1.763038
0.334 3.136885 1.768437
0.335 3.138407 1.773984
0.336 3.140309 1.779783
0.337 3.142382 1.785686
0.338 3.144900 1.791880
0.339 3.147617 1.798186
0.340 3.150762 1.804735
0.341 3.154139 1.811397
0.342 3.157888 1.818247
0.343 3.161942 1.825251
0.344 3.166333 1.832427
0.345 3.171088 1.839764
0.346 3.176162 1.847238
0.347 3.181625 1.854887
0.348 3.187416 1.862679
0.349 3.193673 1.870682
0.350 3.200171 1.878781
0.351 3.207206 1.887075
0.352 3.214466 1.895439
0.353 3.222214 1.904008
0.354 3.230273 1.912702
0.355 3.238839 1.921653
0.356 3.247687 1.930733
0.357 3.257062 1.940072
0.358 3.266703 1.949540
0.359 3.276926 1.959427
0.360 3.287526 1.969586
0.361 3.298687 1.980195
0.362 3.310384 1.991229
0.363 3.322734 2.002760
0.364 3.335903 2.014905
0.365 3.349964 2.027588
0.366 3.365498 2.041152
0.367 3.382110 2.055056
0.368 3.401152 2.069683
0.369 3.421258 2.084345
0.370 3.444916 2.098905
0.371 3.469592 2.113250
0.372 3.498111 2.125960
0.373 3.528130 2.137757
0.374 3.560303 2.147321
0.375 3.594320 2.154771
0.376 3.629119 2.160292
0.377 3.665293 2.162167
0.378 3.701513 2.162426
0.379 3.737683 2.159949
0.380 3.773628 2.155706
0.381 3.809098 2.149867
0.382 3.844169 2.142647
0.383 3.879051 2.134510
0.384 3.913829 2.125136
0.385 3.948774 2.115056
0.386 3.984457 2.103422
0.387 4.020531 2.090954
0.388 4.057523 2.076304
0.389 4.095246 2.059879
0.390 4.133258 2.041714
0.391 4.171796 2.018753
0.392 4.210242 1.994432
0.393 4.247333 1.965264
0.394 4.283585 1.933340
0.395 4.318300 1.899304
0.396 4.348940 1.860191
0.397 4.377787 1.819628
0.398 4.402429 1.776876
0.399 4.424073 1.732516
0.400 4.442490 1.687532
0.401 4.455710 1.641966
0.402 4.465661 1.596419
0.403 4.472565 1.551766
0.404 4.476016 1.508043
0.405 4.477795 1.464986
0.406 4.475076 1.425087
0.407 4.470916 1.386238
0.408 4.465784 1.348653
0.409 4.457987 1.314535
0.410 4.449639 1.281316
0.411 4.440702 1.249668
0.412 4.430579 1.220857
0.413 4.420436 1.192262
0.414 4.409678 1.166453
0.415 4.398735 1.141575
0.416 4.387767 1.117325
0.417 4.376682 1.095136
0.418 4.365584 1.073648
0.419 4.354514 1.052751
0.420 4.343446 1.033549
0.421 4.332406 1.014767
0.422 4.321436 0.996497
0.423 4.310599 0.979672
0.424 4.299810 0.963099
0.425 4.289104 0.947011
0.426 4.278559 0.932145
0.427 4.268060 0.917427
0.428 4.257695 0.903248
0.429 4.247532 0.889976
0.430 4.237422 0.876849
0.431 4.227477 0.864250
0.432 4.217737 0.852357
0.433 4.208055 0.840604
0.434 4.198539 0.829292
0.435 4.189244 0.818612
0.436 4.180007 0.808050
0.437 4.170919 0.797807
0.438 4.162093 0.788167
0.439 4.153319 0.778618
0.440 4.144665 0.769289
0.441 4.136297 0.760530
0.442 4.127972 0.751838
0.443 4.119766 0.743334
0.444 4.111825 0.735280
0.445 4.103952 0.727326
0.446 4.096173 0.719507
0.447 4.088633 0.712064
0.448 4.081189 0.704759
0.449 4.073801 0.697520
0.450 4.066636 0.690600
0.451 4.059578 0.683826
0.452 4.052569 0.677108
0.453 4.045716 0.670587
0.454 4.039041 0.664297
0.455 4.032400 0.658041
0.456 4.025847 0.651896
0.457 4.019471 0.645989
0.458 4.013154 0.640155
0.459 4.006877 0.634369
0.460 4.000748 0.628790
0.461 3.994692 0.623312
0.462 3.988673 0.617872
0.463 3.982746 0.612534
0.464 3.976983 0.607386
0.465 3.971247 0.602261
0.466 3.965564 0.597197
0.467 3.960010 0.592298
0.468 3.954521 0.587477
0.469 3.949057 0.582685
0.470 3.943659 0.577982
0.471 3.938376 0.573440
0.472 3.933115 0.568924
0.473 3.927885 0.564447
0.474 3.922757 0.560108
0.475 3.917687 0.555846
0.476 3.912634 0.551602
0.477 3.907638 0.547432
0.478 3.902743 0.543394
0.479 3.897887 0.539407
0.480 3.893048 0.535437
0.481 3.888278 0.531553
0.482 3.883597 0.527783
0.483 3.878939 0.524037
0.484 3.874303 0.520316
0.485 3.869756 0.516705
0.486 3.865271 0.513170
0.487 3.860799 0.509647
0.488 3.856369 0.506173
0.489 3.852023 0.502802
0.490 3.847725 0.499488
0.491 3.843437 0.496183
0.492 3.839190 0.492935
0.493 3.835010 0.489783
0.494 3.830863 0.486678
0.495 3.826722 0.483576
0.496 3.822632 0.480533
0.497 3.818623 0.477583
0.498 3.814653 0.474674
0.499 3.810685 0.471767
0.500 3.806769 0.468913
0.501 3.802930 0.466142
0.502 3.799128 0.463409
0.503 3.795329 0.460677
0.504 3.791569 0.457997
0.505 3.787869 0.455394
0.506 3.784199 0.452831
0.507 3.780533 0.450274
0.508 3.776916 0.447754
0.509 3.773379 0.445300
0.510 3.769892 0.442886
0.511 3.766418 0.440480
0.512 3.762964 0.438099
0.513 3.759562 0.435780
0.514 3.756203 0.433513
0.515 3.752857 0.431262
0.516 3.749520 0.429021
0.517 3.746222 0.426825
0.518 3.742977 0.424691
0.519 3.739752 0.422582
0.520 3.736524 0.420468
0.521 3.733356 0.418397
0.522 3.730264 0.416380
0.523 3.727209 0.414389
0.524 3.724161 0.412402
0.525 3.721133 0.410435
0.526 3.718148 0.408514
0.527 3.715203 0.406636
0.528 3.712271 0.404771
0.529 3.709340 0.402906
0.530 3.706458 0.401080
0.531 3.703635 0.399304
0.532 3.700839 0.397550
0.533 3.698048 0.395801
0.534 3.695279 0.394066
0.535 3.692557 0.392365
0.536 3.689884 0.390701
0.537 3.687230 0.389051
0.538 3.684574 0.387398
0.539 3.681952 0.385777
0.540 3.679370 0.384196
0.541 3.676813 0.382638
0.542 3.674265 0.381088
0.543 3.671724 0.379542
0.544 3.669219 0.378021
0.545 3.666774 0.376541
0.546 3.664351 0.375076
0.547 3.661935 0.373614
0.548 3.659533 0.372162
0.549 3.657166 0.370731
0.550 3.654850 0.369335
0.551 3.652558 0.367953
0.552 3.650268 0.366572
0.553 3.647993 0.365203
0.554 3.645745 0.363857
0.555 3.643533 0.362540
0.556 3.641339 0.361239
0.557 3.639146 0.359937
0.558 3.636973 0.358647
0.559 3.634834 0.357376
0.560 3.632738 0.356132
0.561 3.630665 0.354900
0.562 3.628593 0.353669
0.563 3.626535 0.352447
0.564 3.624499 0.351241
0.565 3.622499 0.350060
0.566 3.620515 0.348891
0.567 3.618535 0.347723
0.568 3.616566 0.346561
0.569 3.614622 0.345412
0.570 3.612732 0.344292
0.571 3.610858 0.343181
0.572 3.608991 0.342072
0.573 3.607125 0.340964
0.574 3.605285 0.339872
0.575 3.603479 0.338802
0.576 3.601689 0.337742
0.577 3.599907 0.336687
0.578 3.598126 0.335632
0.579 3.596370 0.334587
0.580 3.594646 0.333557
0.581 3.592955 0.332542
0.582 3.591283 0.331536
0.583 3.589611 0.330529
0.584 3.587948 0.329527
0.585 3.586300 0.328534
0.586 3.584691 0.327566
0.587 3.583094 0.326604
0.588 3.581503 0.325647
0.589 3.579913 0.324689
0.590 3.578340 0.323740
0.591 3.576789 0.322801
0.592 3.575262 0.321875
0.593 3.573750 0.320957
0.594 3.572238 0.320037
0.595 3.570731 0.319119
0.596 3.569248 0.318211
0.597 3.567804 0.317318
0.598 3.566380 0.316432
0.599 3.564969 0.315552
0.600 3.563559 0.314671
0.601 3.562157 0.313794
0.602 3.560767 0.312923
0.603 3.559414 0.312070
0.604 3.558070 0.311221
0.605 3.556734 0.310376
0.606 3.555399 0.309530
0.607 3.554074 0.308689
0.608 3.552760 0.307853
0.609 3.551480 0.307033
0.610 3.550210 0.306217
0.611 3.548947 0.305404
0.612 3.547684 0.304591
0.613 3.546431 0.303782
0.614 3.545188 0.302977
0.615 3.543979 0.302187
0.616 3.542779 0.301400
0.617 3.541586 0.300616
0.618 3.540392 0.299832
0.619 3.539207 0.299051
0.620 3.538031 0.298273
0.621 3.536891 0.297510
0.622 3.535757 0.296750
0.623 3.534632 0.295993
0.624 3.533507 0.295235
0.625 3.532386 0.294479
0.626 3.531278 0.293727
0.627 3.530194 0.292985
0.628 3.529124 0.292248
0.629 3.528066 0.291515
0.630 3.527007 0.290782
0.631 3.525949 0.290048
0.632 3.524906 0.289320
0.633 3.523874 0.288596
0.634 3.522865 0.287879
0.635 3.521867 0.287167
0.636 3.520873 0.286455
0.637 3.519878 0.285743
0.638 3.518891 0.285033
0.639 3.517912 0.284326
0.640 3.516960 0.283628
0.641 3.516018 0.282932
0.642 3.515086 0.282240
0.643 3.514155 0.281548
0.644 3.513224 0.280856
0.645 3.512300 0.280167
0.646 3.511382 0.279481
0.647 3.510481 0.278805
0.648 3.509585 0.278131
0.649 3.508693 0.277460
0.650 3.507802 0.276788
0.651 3.506913 0.276117
0.652 3.506040 0.275448
0.653 3.505183 0.274783
0.654 3.504353 0.274124
0.655 3.503535 0.273466
0.656 3.502723 0.272810
0.657 3.501912 0.272154
0.658 3.501102 0.271498
0.659 3.500303 0.270844
0.660 3.499518 0.270195
0.661 3.498751 0.269550
0.662 3.497992 0.268907
0.663 3.497238 0.268266
0.664 3.496483 0.267624
0.665 3.495730 0.266983
0.666 3.494983 0.266345
0.667 3.494243 0.265710
0.668 3.493516 0.265081
0.669 3.492794 0.264454
0.670 3.492075 0.263829
0.671 3.491356 0.263203
0.672 3.490637 0.262577
0.673 3.489929 0.261954
0.674 3.489225 0.261332
0.675 3.488548 0.260717
0.676 3.487874 0.260102
0.677 3.487209 0.259490
0.678 3.486544 0.258877
0.679 3.485879 0.258264
0.680 3.485220 0.257652
0.681 3.484565 0.257040
0.682 3.483933 0.256433
0.683 3.483309 0.255827
0.684 3.482694 0.255223
0.685 3.482081 0.254620
0.686 3.481468 0.254016
0.687 3.480855 0.253412
0.688 3.480248 0.252810
0.689 3.479645 0.252210
0.690 3.479056 0.251616
0.691 3.478470 0.251022
0.692 3.477889 0.250431
0.693 3.477308 0.249839
0.694 3.476726 0.249247
0.695 3.476149 0.248656
0.696 3.475577 0.248066
0.697 3.475018 0.247478
0.698 3.474475 0.246894
0.699 3.473938 0.246311
0.700 3.473406 0.245728
0.701 3.472873 0.245146
0.702 3.472341 0.244563
0.703 3.471815 0.243980
0.704 3.471295 0.243398
0.705 3.470796 0.242818
0.706 3.470315 0.242239
0.707 3.469842 0.241661
0.708 3.469374 0.241083
0.709 3.468907 0.240505
0.710 3.468440 0.239927
0.711 3.467975 0.239349
0.712 3.467513 0.238772
0.713 3.467059 0.238196
0.714 3.466613 0.237623
0.715 3.466170 0.237050
0.716 3.465730 0.236477
0.717 3.465291 0.235905
0.718 3.464851 0.235332
0.719 3.464413 0.234760
0.720 3.463978 0.234188
0.721 3.463547 0.233618
0.722 3.463129 0.233051
0.723 3.462711 0.232485
0.724 3.462298 0.231920
0.725 3.461886 0.231355
0.726 3.461474 0.230790
0.727 3.461061 0.230225
0.728 3.460657 0.229660
0.729 3.460254 0.229094
0.730 3.459879 0.228530
0.731 3.459513 0.227965
0.732 3.459154 0.227401
0.733 3.458801 0.226836
0.734 3.458448 0.226272
0.735 3.458094 0.225707
0.736 3.457743 0.225142
0.737 3.457395 0.224578
0.738 3.457051 0.224013
0.739 3.456729 0.223451
0.740 3.456408 0.222888
0.741 3.456094 0.222325
0.742 3.455781 0.221763
0.743 3.455469 0.221201
0.744 3.455156 0.220638
0.745 3.454845 0.220076
0.746 3.454536 0.219513
0.747 3.454230 0.218952
0.748 3.453935 0.218392
0.749 3.453641 0.217833
0.750 3.453351 0.217274
0.751 3.453062 0.216715
0.752 3.452772 0.216156
0.753 3.452483 0.215597
0.754 3.452198 0.215038
0.755 3.451917 0.214478
0.756 3.451644 0.213918
0.757 3.451408 0.213357
0.758 3.451172 0.212795
0.759 3.450949 0.212233
0.760 3.450728 0.211670
0.761 3.450507 0.211108
0.762 3.450286 0.210545
0.763 3.450066 0.209983
0.764 3.449848 0.209420
0.765 3.449630 0.208858
0.766 3.449423 0.208295
0.767 3.449218 0.207733
0.768 3.449016 0.207170
0.769 3.448815 0.206608
0.770 3.448615 0.206046
0.771 3.448415 0.205483
0.772 3.448215 0.204921
0.773 3.448020 0.204358
0.774 3.447827 0.203795
0.775 3.447647 0.203231
0.776 3.447496 0.202666
0.777 3.447345 0.202101
0.778 3.447207 0.201535
0.779 3.447071 0.200970
0.780 3.446934 0.200404
0.781 3.446798 0.199838
0.782 3.446662 0.199272
0.783 3.446533 0.198705
0.784 3.446403 0.198138
0.785 3.446294 0.197567
0.786 3.446204 0.196992
0.787 3.446115 0.196418
0.788 3.446039 0.195841
0.789 3.445963 0.195264
0.790 3.445887 0.194687
0.791 3.445811 0.194110
0.792 3.445736 0.193533
0.793 3.445669 0.192953
0.794 3.445603 0.192373
0.795 3.445563 0.191785
0.796 3.445553 0.191187
0.797 3.445542 0.190590
0.798 3.445550 0.189986
0.799 3.445559 0.189383
0.800 3.445568 0.188779
0.801 3.445577 0.188175
0.802 3.445586 0.187572
0.803 3.445603 0.186963
0.804 3.445622 0.186354
0.805 3.445655 0.185735
0.806 3.445747 0.185079
0.807 3.445838 0.184424
0.808 3.445944 0.183759
0.809 3.446059 0.183089
0.810 3.446174 0.182418
0.811 3.446289 0.181748
0.812 3.446405 0.181077
0.813 3.446522 0.180403
0.814 3.446644 0.179721
0.815 3.446765 0.179039
0.816 3.446917 0.178299
0.817 3.447087 0.177526
0.818 3.447256 0.176752
0.819 3.447441 0.175949
0.820 3.447627 0.175145
0.821 3.447813 0.174340
0.822 3.447999 0.173536
0.823 3.448185 0.172732
0.824 3.448372 0.171921
0.825 3.448560 0.171102
0.826 3.448747 0.170284
0.827 3.448941 0.169349
0.828 3.449136 0.168384
0.829 3.449331 0.167418
0.830 3.449529 0.166408
0.831 3.449727 0.165397
0.832 3.449925 0.164387
0.833 3.450124 0.163377
0.834 3.450322 0.162367
0.835 3.450518 0.161351
0.836 3.450710 0.160326
0.837 3.450903 0.159301
0.838 3.451047 0.158176
0.839 3.451167 0.156997
0.840 3.451286 0.155819
0.841 3.451387 0.154600
0.842 3.451484 0.153372
0.843 3.451580 0.152143
0.844 3.451678 0.150915
0.845 3.451776 0.149688
0.846 3.451873 0.148459
0.847 3.451958 0.147225
0.848 3.452043 0.145992
0.849 3.452086 0.144740
0.850 3.451979 0.143425
0.851 3.451871 0.142111
0.852 3.451746 0.140788
0.853 3.451581 0.139449
0.854 3.451417 0.138109
0.855 3.451253 0.136769
0.856 3.451090 0.135429
0.857 3.450926 0.134089
0.858 3.450759 0.132750
0.859 3.450585 0.131413
0.860 3.450411 0.130076
0.861 3.450147 0.128764
0.862 3.449777 0.127483
0.863 3.449407 0.126201
0.864 3.449009 0.124927
0.865 3.448581 0.123661
0.866 3.448153 0.122395
0.867 3.447726 0.121128
0.868 3.447299 0.119862
0.869 3.446872 0.118595
0.870 3.446444 0.117331
0.871 3.446014 0.116071
0.872 3.445585 0.114812
0.873 3.445125 0.113618
0.874 3.444615 0.112534
0.875 3.444105 0.111451
0.876 3.443588 0.110382
0.877 3.443054 0.109349
0.878 3.442521 0.108316
0.879 3.441987 0.107283
0.880 3.441455 0.106249
0.881 3.440922 0.105215
0.882 3.440389 0.104181
0.883 3.439861 0.103154
0.884 3.439333 0.102126
0.885 3.438804 0.101099
0.886 3.438373 0.100269
0.887 3.437947 0.099451
0.888 3.437522 0.098633
0.889 3.437120 0.097862
0.890 3.436724 0.097105
0.891 3.436328 0.096347
0.892 3.435933 0.095589
0.893 3.435538 0.094831
0.894 3.435143 0.094073
0.895 3.434752 0.093314
0.896 3.434370 0.092555
0.897 3.433987 0.091797
0.898 3.433683 0.091036
0.899 3.433814 0.090268
0.900 3.433945 0.089499
0.901 3.434077 0.088731
0.902 3.434340 0.087960
0.903 3.434618 0.087189
0.904 3.434895 0.086418
0.905 3.435174 0.085648
0.906 3.435452 0.084877
0.907 3.435731 0.084107
0.908 3.436010 0.083330
0.909 3.436292 0.082542
0.910 3.436574 0.081753
0.911 3.436856 0.080964
0.912 3.437339 0.078900
0.913 3.437825 0.076819
0.914 3.438311 0.074737
0.915 3.438837 0.072424
0.916 3.439385 0.069977
0.917 3.439934 0.067531
0.918 3.440484 0.065085
0.919 3.441038 0.062641
0.920 3.441593 0.060197
0.921 3.442147 0.057753
0.922 3.442706 0.055311
0.923 3.443266 0.052869
0.924 3.443826 0.050428
0.925 3.443380 0.047867
0.926 3.441598 0.045148
0.927 3.439816 0.042429
0.928 3.438034 0.039710
0.929 3.436251 0.036991
0.930 3.434469 0.034272
0.931 3.432414 0.031508
0.932 3.430282 0.028732
0.933 3.428149 0.025955
0.934 3.426016 0.023179
0.935 3.423883 0.020402
0.936 3.421743 0.017678
0.937 3.419496 0.015863
0.938 3.417248 0.014049
0.939 3.415001 0.012234
0.940 3.412753 0.010420
0.941 3.410506 0.008605
0.942 3.408216 0.007119
0.943 3.405807 0.006563
0.944 3.403398 0.006006
0.945 3.400990 0.005449
0.946 3.398581 0.004893
0.947 3.396172 0.004336
0.948 3.393785 0.003805
0.949 3.391431 0.003314
0.950 3.389077 0.002823
0.951 3.386724 0.002332
0.952 3.384370 0.001841
0.953 3.382016 0.001350
0.954 3.380005 0.001043
0.955 3.378400 0.000955
0.956 3.376795 0.000867
0.957 3.375191 0.000779
0.958 3.373586 0.000691
0.959 3.371982 0.000604
0.960 3.370421 0.000540
0.961 3.368916 0.000508
0.962 3.367411 0.000475
0.963 3.365905 0.000442
0.964 3.364400 0.000410
0.965 3.362894 0.000377
0.966 3.361455 0.000348
0.967 3.360138 0.000327
0.968 3.358820 0.000306
0.969 3.357502 0.000284
0.970 3.356184 0.000263
0.971 3.354867 0.000242
0.972 3.353582 0.000223
0.973 3.352446 0.000213
0.974 3.351309 0.000203
0.975 3.350173 0.000192
0.976 3.349036 0.000182
0.977 3.347900 0.000172
0.978 3.346763 0.000162
0.979 3.345653 0.000153
0.980 3.344543 0.000144
0.981 3.343434 0.000134
0.982 3.342325 0.000125
0.983 3.341216 0.000116
0.984 3.340107 0.000107
0.985 3.339093 0.000100
0.986 3.338140 0.000096
0.987 3.337188 0.000091
0.988 3.336235 0.000086
0.989 3.335282 0.000082
0.990 3.334330 0.000077
0.991 3.333380 0.000072
0.992 3.332443 0.000068
0.993 3.331506 0.000064
0.994 3.330569 0.000060
0.995 3.329632 0.000056
0.996 3.328695 0.000051
0.997 3.327758 0.000047
0.998 3.326883 0.000044
0.999 3.326035 0.000042
1.000 3.325186 0.000039
1.001 3.324337 0.000037
1.002 3.323489 0.000034
1.003 3.322640 0.000031
1.004 3.321798 0.000029
1.005 3.321008 0.000028
1.006 3.320218 0.000026
1.007 3.319427 0.000025
1.008 3.318637 0.000023
1.009 3.317846 0.000022
1.010 3.317056 0.000020
1.011 3.316274 0.000019
1.012 3.315503 0.000017
1.013 3.314732 0.000016
1.014 3.313960 0.000015
1.015 3.313189 0.000014
1.016 3.312418 0.000012
1.017 3.311647 0.000011
1.018 3.310924 0.000010
1.019 3.310222 0.000010
1.020 3.309520 0.000009
1.021 3.308817 0.000009
1.022 3.308115 0.000008
1.023 3.307413 0.000008
1.024 3.306711 0.000007
1.025 3.306013 0.000007
1.026 3.305316 0.000006
1.027 3.304619 0.000006
1.028 3.303921 0.000005
1.029 3.303224 0.000005
1.030 3.302527 0.000004
1.031 3.301829 0.000004
1.032 3.301184 0.000004
1.033 3.300544 0.000003
1.034 3.299904 0.000003
1.035 3.299263 0.000003
1.036 3.298623 0.000003
1.037 3.297983 0.000002
1.038 3.297342 0.000002
1.039 3.296724 0.000002
1.040 3.296109 0.000002
1.041 3.295494 0.000002
1.042 3.294879 0.000002
1.043 3.294264 0.000002
1.044 3.293649 0.000001
1.045 3.293034 0.000001
1.046 3.292433 0.000001
1.047 3.291837 0.000001
1.048 3.291241 0.000001
1.049 3.290645 0.000001
1.050 3.290049 0.000001
1.051 3.289453 0.000001
1.052 3.288856 0.000001
1.053 3.288284 0.000001
1.054 3.287735 0.000001
1.055 3.287186 0.000001
1.056 3.286636 0.000000
1.057 3.286087 0.000000
1.058 3.285538 0.000000
1.059 3.284989 0.000000
1.060 3.284440 0.000000
1.061 3.283893 0.000000
1.062 3.283347 0.000000
1.063 3.282800 0.000000
1.064 3.282254 0.000000
1.065 3.281707 0.000000
1.066 3.281160 0.000000
1.067 3.280614 0.000000
1.068 3.280097 0.000000
1.069 3.279589 0.000000
1.070 3.279082 0.000000
1.071 3.278574 0.000000
1.072 3.278067 0.000000
1.073 3.277559 0.000000
1.074 3.277052 0.000000
1.075 3.276546 0.000000
1.076 3.276050 0.000000
1.077 3.275553 0.000000
1.078 3.275057 0.000000
1.079 3.274560 0.000000
1.080 3.274064 0.000000
1.081 3.273567 0.000000
1.082 3.273071 0.000000
1.083 3.272584 0.000000
1.084 3.272104 0.000000
1.085 3.271624 0.000000
1.086 3.271144 0.000000
1.087 3.270664 0.000000
1.088 3.270184 0.000000
1.089 3.269704 0.000000
1.090 3.269224 0.000000
1.091 3.268768 0.000000
1.092 3.268317 0.000000
1.093 3.267866 0.000000
1.094 3.267415 0.000000
1.095 3.266964 0.000000
1.096 3.266514 0.000000
1.097 3.266063 0.000000
1.098 3.265612 0.000000
1.099 3.265163 0.000000
1.100 3.264713 0.000000
1.101 3.264264 0.000000
1.102 3.263814 0.000000
1.103 3.263365 0.000000
1.104 3.262916 0.000000
1.105 3.262466 0.000000
1.106 3.262017 0.000000
1.107 3.261599 0.000000
1.108 3.261182 0.000000
1.109 3.260765 0.000000
1.110 3.260349 0.000000
1.111 3.259932 0.000000
1.112 3.259515 0.000000
1.113 3.259099 0.000000
1.114 3.258682 0.000000
1.115 3.258269 0.000000
1.116 3.257858 0.000000
1.117 3.257446 0.000000
1.118 3.257034 0.000000
1.119 3.256622 0.000000
1.120 3.256210 0.000000
1.121 3.255798 0.000000
1.122 3.255387 0.000000
1.123 3.254987 0.000000
1.124 3.254594 0.000000
1.125 3.254201 0.000000
1.126 3.253808 0.000000
1.127 3.253415 0.000000
1.128 3.253021 0.000000
1.129 3.252628 0.000000
1.130 3.252235 0.000000
1.131 3.251849 0.000000
1.132 3.251480 0.000000
1.133 3.251111 0.000000
1.134 3.250741 0.000000
1.135 3.250372 0.000000
1.136 3.250003 0.000000
1.137 3.249633 0.000000
1.138 3.249264 0.000000
1.139 3.248895 0.000000
1.140 3.248527 0.000000
1.141 3.248160 0.000000
1.142 3.247793 0.000000
1.143 3.247426 0.000000
1.144 3.247059 0.000000
1.145 3.246692 0.000000
1.146 3.246325 0.000000
1.147 3.245958 0.000000
1.148 3.245596 0.000000
1.149 3.245252 0.000000
1.150 3.244907 0.000000
1.151 3.244563 0.000000
1.152 3.244219 0.000000
1.153 3.243875 0.000000
1.154 3.243530 0.000000
1.155 3.243186 0.000000
1.156 3.242842 0.000000
1.157 3.242499 0.000000
1.158 3.242157 0.000000
1.159 3.241815 0.000000
1.160 3.241473 0.000000
1.161 3.241131 0.000000
1.162 3.240789 0.000000
1.163 3.240447 0.000000
1.164 3.240105 0.000000
1.165 3.239763 0.000000
1.166 3.239430 0.000000
1.167 3.239102 0.000000
1.168 3.238773 0.000000
1.169 3.238445 0.000000
1.170 3.238116 0.000000
1.171 3.237788 0.000000
1.172 3.237459 0.000000
1.173 3.237131 0.000000
1.174 3.236802 0.000000
1.175 3.236482 0.000000
1.176 3.236166 0.000000
1.177 3.235849 0.000000
1.178 3.235533 0.000000
1.179 3.235217 0.000000
1.180 3.234900 0.000000
1.181 3.234584 0.000000
1.182 3.234268 0.000000
1.183 3.233952 0.000000
1.184 3.233637 0.000000
1.185 3.233324 0.000000
1.186 3.233011 0.000000
1.187 3.232698 0.000000
1.188 3.232385 0.000000
1.189 3.232072 0.000000
1.190 3.231759 0.000000
1.191 3.231446 0.000000
1.192 3.231133 0.000000
1.193 3.230825 0.000000
1.194 3.230532 0.000000
1.195 3.230238 0.000000
1.196 3.229945 0.000000
1.197 3.229652 0.000000
1.198 3.229359 0.000000
1.199 3.229065 0.000000
1.200 3.228772 0.000000
1.201 3.228479 0.000000
1.202 3.228186 0.000000
1.203 3.227893 0.000000
1.204 3.227602 0.000000
1.205 3.227310 0.000000
1.206 3.227018 0.000000
1.207 3.226726 0.000000
1.208 3.226434 0.000000
1.209 3.226142 0.000000
1.210 3.225851 0.000000
1.211 3.225559 0.000000
1.212 3.225271 0.000000
1.213 3.224998 0.000000
1.214 3.224724 0.000000
1.215 3.224451 0.000000
1.216 3.224177 0.000000
1.217 3.223904 0.000000
1.218 3.223630 0.000000
1.219 3.223357 0.000000
1.220 3.223083 0.000000
1.221 3.222810 0.000000
1.222 3.222542 0.000000
1.223 3.222281 0.000000
1.224 3.222019 0.000000
1.225 3.221757 0.000000
1.226 3.221495 0.000000
1.227 3.221233 0.000000
1.228 3.220971 0.000000
1.229 3.220710 0.000000
1.230 3.220448 0.000000
1.231 3.220186 0.000000
1.232 3.219926 0.000000
1.233 3.219667 0.000000
1.234 3.219409 0.000000
1.235 3.219150 0.000000
1.236 3.218891 0.000000
1.237 3.218633 0.000000
1.238 3.218374 0.000000
1.239 3.218116 0.000000
1.240 3.217857 0.000000
1.241 3.217598 0.000000
1.242 3.217347 0.000000
1.243 3.217100 0.000000
1.244 3.216854 0.000000
1.245 3.216607 0.000000
1.246 3.216360 0.000000
1.247 3.216114 0.000000
1.248 3.215867 0.000000
1.249 3.215621 0.000000
1.250 3.215374 0.000000
1.251 3.215127 0.000000
1.252 3.214881 0.000000
1.253 3.214635 0.000000
1.254 3.214389 0.000000
1.255 3.214143 0.000000
1.256 3.213897 0.000000
1.257 3.213650 0.000000
1.258 3.213404 0.000000
1.259 3.213158 0.000000
1.260 3.212912 0.000000
1.261 3.212666 0.000000
1.262 3.212420 0.000000
1.263 3.212189 0.000000
1.264 3.211957 0.000000
1.265 3.211726 0.000000
1.266 3.211495 0.000000
1.267 3.211264 0.000000
1.268 3.211033 0.000000
1.269 3.210802 0.000000
1.270 3.210571 0.000000
1.271 3.210340 0.000000
1.272 3.210109 0.000000
1.273 3.209880 0.000000
1.274 3.209656 0.000000
1.275 3.209431 0.000000
1.276 3.209207 0.000000
1.277 3.208982 0.000000
1.278 3.208758 0.000000
1.279 3.208533 0.000000
1.280 3.208308 0.000000
1.281 3.208084 0.000000
1.282 3.207859 0.000000
1.283 3.207635 0.000000
1.284 3.207414 0.000000
1.285 3.207195 0.000000
1.286 3.206976 0.000000
1.287 3.206757 0.000000
1.288 3.206537 0.000000
1.289 3.206318 0.000000
1.290 3.206099 0.000000
1.291 3.205880 0.000000
1.292 3.205661 0.000000
1.293 3.205442 0.000000
1.294 3.205223 0.000000
1.295 3.205014 0.000000
1.296 3.204809 0.000000
1.297 3.204604 0.000000
1.298 3.204399 0.000000
1.299 3.204193 0.000000
1.300 3.203988 0.000000
1.301 3.203783 0.000000
1.302 3.203578 0.000000
1.303 3.203372 0.000000
1.304 3.203167 0.000000
1.305 3.202962 0.000000
1.306 3.202757 0.000000
1.307 3.202552 0.000000
1.308 3.202348 0.000000
1.309 3.202143 0.000000
1.310 3.201938 0.000000
1.311 3.201734 0.000000
1.312 3.201529 0.000000
1.313 3.201325 0.000000
1.314 3.201120 0.000000
1.315 3.200915 0.000000
1.316 3.200711 0.000000
1.317 3.200510 0.000000
1.318 3.200316 0.000000
1.319 3.200123 0.000000
1.320 3.199929 0.000000
1.321 3.199735 0.000000
1.322 3.199541 0.000000
1.323 3.199347 0.000000
1.324 3.199153 0.000000
1.325 3.198960 0.000000
1.326 3.198766 0.000000
1.327 3.198572 0.000000
1.328 3.198378 0.000000
1.329 3.198187 0.000000
1.330 3.197996 0.000000
1.331 3.197806 0.000000
1.332 3.197615 0.000000
1.333 3.197424 0.000000
1.334 3.197233 0.000000
1.335 3.197042 0.000000
1.336 3.196852 0.000000
1.337 3.196661 0.000000
1.338 3.196470 0.000000
1.339 3.196279 0.000000
1.340 3.196090 0.000000
1.341 3.195905 0.000000
1.342 3.195721 0.000000
1.343 3.195537 0.000000
1.344 3.195352 0.000000
1.345 3.195168 0.000000
1.346 3.194983 0.000000
1.347 3.194799 0.000000
1.348 3.194614 0.000000
1.349 3.194430 0.000000
1.350 3.194246 0.000000
1.351 3.194061 0.000000
1.352 3.193880 0.000000
1.353 3.193707 0.000000
1.354 3.193534 0.000000
1.355 3.193361 0.000000
1.356 3.193188 0.000000
1.357 3.193015 0.000000
1.358 3.192841 0.000000
1.359 3.192668 0.000000
1.360 3.192495 0.000000
1.361 3.192322 0.000000
1.362 3.192149 0.000000
1.363 3.191976 0.000000
1.364 3.191803 0.000000
1.365 3.191630 0.000000
1.366 3.191458 0.000000
1.367 3.191285 0.000000
1.368 3.191113 0.000000
1.369 3.190940 0.000000
1.370 3.190767 0.000000
1.371 3.190595 0.000000
1.372 3.190422 0.000000
1.373 3.190250 0.000000
1.374 3.190077 0.000000
1.375 3.189904 0.000000
1.376 3.189732 0.000000
1.377 3.189568 0.000000
1.378 3.189406 0.000000
1.379 3.189244 0.000000
1.380 3.189083 0.000000
1.381 3.188921 0.000000
1.382 3.188759 0.000000
1.383 3.188597 0.000000
1.384 3.188435 0.000000
1.385 3.188273 0.000000
1.386 3.188111 0.000000
1.387 3.187949 0.000000
1.388 3.187787 0.000000
1.389 3.187626 0.000000
1.390 3.187465 0.000000
1.391 3.187305 0.000000
1.392 3.187145 0.000000
1.393 3.186984 0.000000
1.394 3.186824 0.000000
1.395 3.186664 0.000000
1.396 3.186503 0.000000
1.397 3.186343 0.000000
1.398 3.186183 0.000000
1.399 3.186022 0.000000
1.400 3.185862 0.000000
1.401 3.185702 0.000000
1.402 3.185544 0.000000
1.403 3.185389 0.000000
1.404 3.185233 0.000000
1.405 3.185078 0.000000
1.406 3.184923 0.000000
1.407 3.184768 0.000000
1.408 3.184612 0.000000
1.409 3.184457 0.000000
1.410 3.184302 0.000000
1.411 3.184147 0.000000
1.412 3.183991 0.000000
1.413 3.183836 0.000000
1.414 3.183681 0.000000
1.415 3.183529 0.000000
1.416 3.183380 0.000000
1.417 3.183231 0.000000
1.418 3.183082 0.000000
1.419 3.182933 0.000000
1.420 3.182784 0.000000
1.421 3.182635 0.000000
1.422 3.182486 0.000000
1.423 3.182338 0.000000
1.424 3.182189 0.000000
1.425 3.182040 0.000000
1.426 3.181891 0.000000
1.427 3.181742 0.000000
1.428 3.181593 0.000000
1.429 3.181445 0.000000
1.430 3.181297 0.000000
1.431 3.181149 0.000000
1.432 3.181001 0.000000
1.433 3.180853 0.000000
1.434 3.180704 0.000000
1.435 3.180556 0.000000
1.436 3.180408 0.000000
1.437 3.180260 0.000000
1.438 3.180112 0.000000
1.439 3.179964 0.000000
1.440 3.179816 0.000000
1.441 3.179668 0.000000
1.442 3.179526 0.000000
1.443 3.179387 0.000000
1.444 3.179249 0.000000
1.445 3.179111 0.000000
1.446 3.178972 0.000000
1.447 3.178834 0.000000
1.448 3.178695 0.000000
1.449 3.178557 0.000000
1.450 3.178418 0.000000
1.451 3.178280 0.000000
1.452 3.178142 0.000000
1.453 3.178003 0.000000
1.454 3.177865 0.000000
1.455 3.177726 0.000000
1.456 3.177589 0.000000
1.457 3.177451 0.000000
1.458 3.177313 0.000000
1.459 3.177176 0.000000
1.460 3.177038 0.000000
1.461 3.176901 0.000000
1.462 3.176763 0.000000
1.463 3.176626 0.000000
1.464 3.176488 0.000000
1.465 3.176350 0.000000
1.466 3.176213 0.000000
1.467 3.176075 0.000000
1.468 3.175938 0.000000
1.469 3.175800 0.000000
1.470 3.175669 0.000000
1.471 3.175539 0.000000
1.472 3.175410 0.000000
1.473 3.175280 0.000000
1.474 3.175150 0.000000
1.475 3.175021 0.000000
1.476 3.174891 0.000000
1.477 3.174761 0.000000
1.478 3.174631 0.000000
1.479 3.174502 0.000000
1.480 3.174372 0.000000
1.481 3.174242 0.000000
1.482 3.174113 0.000000
1.483 3.173983 0.000000
1.484 3.173857 0.000000
1.485 3.173734 0.000000
1.486 3.173611 0.000000
1.487 3.173489 0.000000
1.488 3.173366 0.000000
1.489 3.173243 0.000000
1.490 3.173121 0.000000
1.491 3.172998 0.000000
1.492 3.172875 0.000000
1.493 3.172752 0.000000
1.494 3.172630 0.000000
1.495 3.172507 0.000000
1.496 3.172384 0.000000
1.497 3.172262 0.000000
1.498 3.172139 0.000000
1.499 3.172017 0.000000
1.500 3.171895 0.000000
1.501 3.171773 0.000000
1.502 3.171651 0.000000
1.503 3.171529 0.000000
1.504 3.171407 0.000000
1.505 3.171286 0.000000
1.506 3.171164 0.000000
1.507 3.171042 0.000000
1.508 3.170920 0.000000
1.509 3.170798 0.000000
1.510 3.170676 0.000000
1.511 3.170554 0.000000
1.512 3.170432 0.000000
1.513 3.170310 0.000000
1.514 3.170193 0.000000
1.515 3.170076 0.000000
1.516 3.169959 0.000000
1.517 3.169842 0.000000
1.518 3.169724 0.000000
1.519 3.169607 0.000000
1.520 3.169490 0.000000
1.521 3.169373 0.000000
1.522 3.169256 0.000000
1.523 3.169138 0.000000
1.524 3.169021 0.000000
1.525 3.168904 0.000000
1.526 3.168787 0.000000
1.527 3.168670 0.000000
1.528 3.168552 0.000000
1.529 3.168435 0.000000
1.530 3.168318 0.000000
1.531 3.168201 0.000000
1.532 3.168084 0.000000
1.533 3.167967 0.000000
1.534 3.167850 0.000000
1.535 3.167733 0.000000
1.536 3.167616 0.000000
1.537 3.167499 0.000000
1.538 3.167382 0.000000
1.539 3.167265 0.000000
1.540 3.167148 0.000000
1.541 3.167031 0.000000
1.542 3.166914 0.000000
1.543 3.166797 0.000000
1.544 3.166683 0.000000
1.545 3.166574 0.000000
1.546 3.166465 0.000000
1.547 3.166356 0.000000
1.548 3.166247 0.000000
1.549 3.166138 0.000000
1.550 3.166030 0.000000
1.551 3.165921 0.000000
1.552 3.165812 0.000000
1.553 3.165703 0.000000
1.554 3.165594 0.000000
1.555 3.165485 0.000000
1.556 3.165376 0.000000
1.557 3.165268 0.000000
1.558 3.165159 0.000000
1.559 3.165050 0.000000
1.560 3.164943 0.000000
1.561 3.164839 0.000000
1.562 3.164736 0.000000
1.563 3.164632 0.000000
1.564 3.164528 0.000000
1.565 3.164424 0.000000
1.566 3.164320 0.000000
1.567 3.164216 0.000000
1.568 3.164113 0.000000
1.569 3.164009 0.000000
1.570 3.163905 0.000000
1.571 3.163801 0.000000
1.572 3.163697 0.000000
1.573 3.163593 0.000000
1.574 3.163490 0.000000
1.575 3.163386 0.000000
1.576 3.163282 0.000000
1.577 3.163180 0.000000
1.578 3.163078 0.000000
1.579 3.162976 0.000000
1.580 3.162874 0.000000
1.581 3.162771 0.000000
1.582 3.162669 0.000000
1.583 3.162567 0.000000
1.584 3.162465 0.000000
1.585 3.162363 0.000000
1.586 3.162260 0.000000
1.587 3.162158 0.000000
1.588 3.162056 0.000000
1.589 3.161954 0.000000
1.590 3.161852 0.000000
1.591 3.161749 0.000000
1.592 3.161647 0.000000
1.593 3.161550 0.000000
1.594 3.161454 0.000000
1.595 3.161358 0.000000
1.596 3.161262 0.000000
1.597 3.161166 0.000000
1.598 3.161070 0.000000
1.599 3.160974 0.000000
1.600 3.160878 0.000000
1.601 3.160782 0.000000
1.602 3.160686 0.000000
1.603 3.160590 0.000000
1.604 3.160494 0.000000
1.605 3.160398 0.000000
1.606 3.160302 0.000000
1.607 3.160206 0.000000
1.608 3.160110 0.000000
1.609 3.160014 0.000000
1.610 3.159918 0.000000
1.611 3.159823 0.000000
1.612 3.159727 0.000000
1.613 3.159631 0.000000
1.614 3.159535 0.000000
1.615 3.159439 0.000000
1.616 3.159344 0.000000
1.617 3.159248 0.000000
1.618 3.159152 0.000000
1.619 3.159056 0.000000
1.620 3.158960 0.000000
1.621 3.158864 0.000000
1.622 3.158769 0.000000
1.623 3.158673 0.000000
1.624 3.158577 0.000000
1.625 3.158481 0.000000
1.626 3.158385 0.000000
1.627 3.158294 0.000000
1.628 3.158204 0.000000
1.629 3.158114 0.000000
1.630 3.158024 0.000000
1.631 3.157934 0.000000
1.632 3.157844 0.000000
1.633 3.157754 0.000000
1.634 3.157664 0.000000
1.635 3.157574 0.000000
1.636 3.157483 0.000000
1.637 3.157393 0.000000
1.638 3.157303 0.000000
1.639 3.157213 0.000000
1.640 3.157123 0.000000
1.641 3.157033 0.000000
1.642 3.156943 0.000000
1.643 3.156853 0.000000
1.644 3.156763 0.000000
1.645 3.156676 0.000000
1.646 3.156588 0.000000
1.647 3.156501 0.000000
1.648 3.156413 0.000000
1.649 3.156325 0.000000
1.650 3.156238 0.000000
1.651 3.156150 0.000000
1.652 3.156062 0.000000
1.653 3.155975 0.000000
1.654 3.155887 0.000000
1.655 3.155799 0.000000
1.656 3.155712 0.000000
1.657 3.155624 0.000000
1.658 3.155536 0.000000
1.659 3.155449 0.000000
1.660 3.155361 0.000000
1.661 3.155273 0.000000
1.662 3.155186 0.000000
1.663 3.155101 0.000000
1.664 3.155015 0.000000
1.665 3.154930 0.000000
1.666 3.154844 0.000000
1.667 3.154759 0.000000
1.668 3.154673 0.000000
1.669 3.154588 0.000000
1.670 3.154502 0.000000
1.671 3.154417 0.000000
1.672 3.154331 0.000000
1.673 3.154246 0.000000
1.674 3.154160 0.000000
1.675 3.154075 0.000000
1.676 3.153989 0.000000
1.677 3.153904 0.000000
1.678 3.153818 0.000000
1.679 3.153732 0.000000
1.680 3.153647 0.000000
1.681 3.153567 0.000000
1.682 3.153487 0.000000
1.683 3.153407 0.000000
1.684 3.153327 0.000000
1.685 3.153247 0.000000
1.686 3.153167 0.000000
1.687 3.153087 0.000000
1.688 3.153007 0.000000
1.689 3.152927 0.000000
1.690 3.152847 0.000000
1.691 3.152767 0.000000
1.692 3.152687 0.000000
1.693 3.152607 0.000000
1.694 3.152527 0.000000
1.695 3.152447 0.000000
1.696 3.152367 0.000000
1.697 3.152287 0.000000
1.698 3.152207 0.000000
1.699 3.152127 0.000000
1.700 3.152047 0.000000
1.701 3.151967 0.000000
1.702 3.151888 0.000000
1.703 3.151808 0.000000
1.704 3.151728 0.000000
1.705 3.151648 0.000000
1.706 3.151568 0.000000
1.707 3.151489 0.000000
1.708 3.151409 0.000000
1.709 3.151329 0.000000
1.710 3.151249 0.000000
1.711 3.151169 0.000000
1.712 3.151090 0.000000
1.713 3.151010 0.000000
1.714 3.150930 0.000000
1.715 3.150850 0.000000
1.716 3.150770 0.000000
1.717 3.150691 0.000000
1.718 3.150611 0.000000
1.719 3.150537 0.000000
1.720 3.150462 0.000000
1.721 3.150388 0.000000
1.722 3.150314 0.000000
1.723 3.150240 0.000000
1.724 3.150166 0.000000
1.725 3.150092 0.000000
1.726 3.150018 0.000000
1.727 3.149944 0.000000
1.728 3.149869 0.000000
1.729 3.149795 0.000000
1.730 3.149721 0.000000
1.731 3.149647 0.000000
1.732 3.149573 0.000000
1.733 3.149499 0.000000
1.734 3.149425 0.000000
1.735 3.149350 0.000000
1.736 3.149276 0.000000
1.737 3.149202 0.000000
1.738 3.149129 0.000000
1.739 3.149056 0.000000
1.740 3.148984 0.000000
1.741 3.148911 0.000000
1.742 3.148838 0.000000
1.743 3.148766 0.000000
1.744 3.148693 0.000000
1.745 3.148621 0.000000
1.746 3.148548 0.000000
1.747 3.148476 0.000000
1.748 3.148403 0.000000
1.749 3.148330 0.000000
1.750 3.148258 0.000000
1.751 3.148185 0.000000
1.752 3.148113 0.000000
1.753 3.148040 0.000000
1.754 3.147968 0.000000
1.755 3.147895 0.000000
1.756 3.147822 0.000000
1.757 3.147750 0.000000
1.758 3.147678 0.000000
1.759 3.147608 0.000000
1.760 3.147537 0.000000
1.761 3.147467 0.000000
1.762 3.147397 0.000000
1.763 3.147327 0.000000
1.764 3.147256 0.000000
1.765 3.147186 0.000000
1.766 3.147116 0.000000
1.767 3.147046 0.000000
1.768 3.146975 0.000000
1.769 3.146905 0.000000
1.770 3.146835 0.000000
1.771 3.146764 0.000000
1.772 3.146694 0.000000
1.773 3.146624 0.000000
1.774 3.146554 0.000000
1.775 3.146483 0.000000
1.776 3.146413 0.000000
1.777 3.146343 0.000000
1.778 3.146273 0.000000
1.779 3.146205 0.000000
1.780 3.146139 0.000000
1.781 3.146073 0.000000
1.782 3.146007 0.000000
1.783 3.145941 0.000000
1.784 3.145875 0.000000
1.785 3.145809 0.000000
1.786 3.145743 0.000000
1.787 3.145677 0.000000
1.788 3.145611 0.000000
1.789 3.145545 0.000000
1.790 3.145479 0.000000
1.791 3.145413 0.000000
1.792 3.145347 0.000000
1.793 3.145280 0.000000
1.794 3.145214 0.000000
1.795 3.145148 0.000000
1.796 3.145082 0.000000
1.797 3.145016 0.000000
1.798 3.144950 0.000000
1.799 3.144884 0.000000
1.800 3.144818 0.000000
1.801 3.144752 0.000000
1.802 3.144686 0.000000
1.803 3.144620 0.000000
1.804 3.144554 0.000000
1.805 3.144489 0.000000
1.806 3.144423 0.000000
1.807 3.144357 0.000000
1.808 3.144291 0.000000
1.809 3.144225 0.000000
1.810 3.144159 0.000000
1.811 3.144093 0.000000
1.812 3.144027 0.000000
1.813 3.143961 0.000000
1.814 3.143895 0.000000
1.815 3.143830 0.000000
1.816 3.143764 0.000000
1.817 3.143698 0.000000
1.818 3.143632 0.000000
1.819 3.143566 0.000000
1.820 3.143500 0.000000
1.821 3.143435 0.000000
1.822 3.143374 0.000000
1.823 3.143314 0.000000
1.824 3.143253 0.000000
1.825 3.143192 0.000000
1.826 3.143132 0.000000
1.827 3.143071 0.000000
1.828 3.143010 0.000000
1.829 3.142950 0.000000
1.830 3.142889 0.000000
1.831 3.142828 0.000000
1.832 3.142768 0.000000
1.833 3.142707 0.000000
1.834 3.142646 0.000000
1.835 3.142586 0.000000
1.836 3.142525 0.000000
1.837 3.142464 0.000000
1.838 3.142404 0.000000
1.839 3.142343 0.000000
1.840 3.142282 0.000000
1.841 3.142222 0.000000
1.842 3.142161 0.000000
1.843 3.142101 0.000000
1.844 3.142041 0.000000
1.845 3.141981 0.000000
1.846 3.141921 0.000000
1.847 3.141861 0.000000
1.848 3.141801 0.000000
1.849 3.141741 0.000000
1.850 3.141681 0.000000
1.851 3.141621 0.000000
1.852 3.141562 0.000000
1.853 3.141502 0.000000
1.854 3.141442 0.000000
1.855 3.141382 0.000000
1.856 3.141322 0.000000
1.857 3.141262 0.000000
1.858 3.141202 0.000000
1.859 3.141142 0.000000
1.860 3.141082 0.000000
1.861 3.141022 0.000000
1.862 3.140963 0.000000
1.863 3.140903 0.000000
1.864 3.140843 0.000000
1.865 3.140783 0.000000
1.866 3.140724 0.000000
1.867 3.140667 0.000000
1.868 3.140609 0.000000
1.869 3.140552 0.000000
1.870 3.140495 0.000000
1.871 3.140437 0.000000
1.872 3.140380 0.000000
1.873 3.140322 0.000000
1.874 3.140265 0.000000
1.875 3.140207 0.000000
1.876 3.140150 0.000000
1.877 3.140093 0.000000
1.878 3.140035 0.000000
1.879 3.139978 0.000000
1.880 3.139920 0.000000
1.881 3.139863 0.000000
1.882 3.139805 0.000000
1.883 3.139748 0.000000
1.884 3.139691 0.000000
1.885 3.139633 0.000000
1.886 3.139576 0.000000
1.887 3.139518 0.000000
1.888 3.139461 0.000000
1.889 3.139405 0.000000
1.890 3.139350 0.000000
1.891 3.139296 0.000000
1.892 3.139241 0.000000
1.893 3.139187 0.000000
1.894 3.139133 0.000000
1.895 3.139078 0.000000
1.896 3.139024 0.000000
1.897 3.138970 0.000000
1.898 3.138915 0.000000
1.899 3.138861 0.000000
1.900 3.138806 0.000000
1.901 3.138752 0.000000
1.902 3.138698 0.000000
1.903 3.138643 0.000000
1.904 3.138589 0.000000
1.905 3.138535 0.000000
1.906 3.138480 0.000000
1.907 3.138426 0.000000
1.908 3.138371 0.000000
1.909 3.138317 0.000000
1.910 3.138263 0.000000
1.911 3.138208 0.000000
1.912 3.138154 0.000000
1.913 3.138100 0.000000
1.914 3.138046 0.000000
1.915 3.137992 0.000000
1.916 3.137938 0.000000
1.917 3.137884 0.000000
1.918 3.137829 0.000000
1.919 3.137775 0.000000
1.920 3.137721 0.000000
1.921 3.137667 0.000000
1.922 3.137613 0.000000
1.923 3.137559 0.000000
1.924 3.137505 0.000000
1.925 3.137451 0.000000
1.926 3.137397 0.000000
1.927 3.137343 0.000000
1.928 3.137289 0.000000
1.929 3.137235 0.000000
1.930 3.137181 0.000000
1.931 3.137127 0.000000
1.932 3.137072 0.000000
1.933 3.137018 0.000000
1.934 3.136964 0.000000
1.935 3.136910 0.000000
1.936 3.136856 0.000000
1.937 3.136804 0.000000
1.938 3.136754 0.000000
1.939 3.136705 0.000000
1.940 3.136656 0.000000
1.941 3.136607 0.000000
1.942 3.136558 0.000000
1.943 3.136509 0.000000
1.944 3.136460 0.000000
1.945 3.136411 0.000000
1.946 3.136362 0.000000
1.947 3.136313 0.000000
1.948 3.136263 0.000000
1.949 3.136214 0.000000
1.950 3.136165 0.000000