0.253 2.403571 3.420154
0.254 2.467542 3.422867
0.255 2.530423 3.425665
0.256 2.595927 3.428212
0.257 2.663797 3.430397
0.258 2.735555 3.431509
0.259 2.812797 3.429478
0.260 2.894734 3.422526
0.261 2.979335 3.406502
0.262 3.066846 3.382440
0.263 3.154394 3.346526
0.264 3.239515 3.301499
0.265 3.317977 3.246376
0.266 3.391463 3.183798
0.267 3.454352 3.113570
0.268 3.508470 3.039585
0.269 3.552120 2.962956
0.270 3.586299 2.885710
0.271 3.613072 2.810631
0.272 3.630538 2.737460
0.273 3.641915 2.666747
0.274 3.648620 2.600672
0.275 3.651226 2.538473
0.276 3.648110 2.479347
0.277 3.643727 2.424823
0.278 3.637004 2.374034
0.279 3.628386 2.326107
0.280 3.618967 2.282092
0.281 3.607549 2.240312
0.282 3.596677 2.201392
0.283 3.584450 2.165852
0.284 3.571417 2.130825
0.285 3.558403 2.099258
0.286 3.544736 2.069069
0.287 3.529873 2.041782
0.288 3.516608 2.015271
0.289 3.503343 1.990964
0.290 3.488526 1.967700
0.291 3.473868 1.947058
0.292 3.459948 1.927433
0.293 3.446476 1.909509
0.294 3.432046 1.893426
0.295 3.418599 1.878556
0.296 3.404529 1.863531
0.297 3.392076 1.850312
0.298 3.379689 1.838985
0.299 3.367022 1.827400
0.300 3.355194 1.817858
0.301 3.343601 1.809572
0.302 3.333425 1.801689
0.303 3.322583 1.793998
0.304 3.312179 1.786907
0.305 3.302475 1.780191
0.306 3.292332 1.775880
0.307 3.283528 1.770608
0.308 3.275680 1.766616
0.309 3.267737 1.762568
0.310 3.259387 1.758977
0.311 3.252787 1.756572
0.312 3.245887 1.753537
0.313 3.239661 1.752212
0.314 3.233571 1.750141
0.315 3.227871 1.748985
0.316 3.222516 1.747900
0.317 3.216653 1.747768
0.318 3.212853 1.746422
0.319 3.207771 1.746634
0.320 3.204112 1.747276
0.321 3.201069 1.748123
0.322 3.196918 1.747570
0.323 3.193221 1.747642
0.324 3.190896 1.748597
0.325 3.188511 1.749929
0.326 3.186606 1.751221
0.327 3.184587 1.752777
0.328 3.182814 1.754118
0.329 3.181291 1.755875
0.330 3.179686 1.757776
0.331 3.178267 1.761218
0.332 3.177149 1.763715
0.333 3.176206 1.765621
0.334 3.175174 1.767963
0.335 3.176689 1.770127
0.336 3.176259 1.773779
0.337 3.175815 1.777255
0.338 3.177605 1.779874
0.339 3.177686 1.782484
0.340 3.177751 1.786827
0.341 3.179715 1.790538
0.342 3.180979 1.793577
0.343 3.182820 1.798296
0.344 3.184588 1.802334
0.345 3.186569 1.805413
0.346 3.188934 1.810669
0.347 3.191056 1.814804
0.348 3.193960 1.819243
0.349 3.197029 1.824491
0.350 3.199258 1.828312
0.351 3.202918 1.834120
0.352 3.206772 1.838488
0.353 3.210755 1.843852
0.354 3.214569 1.849132
0.355 3.219166 1.854948
0.356 3.224503 1.860228
0.357 3.229177 1.866575
0.358 3.233939 1.871944
0.359 3.240191 1.878425
0.360 3.246586 1.885029
0.361 3.252316 1.890544
0.362 3.259391 1.897788
0.363 3.265511 1.904224
0.364 3.272764 1.911260
0.365 3.281062 1.918430
0.366 3.291366 1.925356
0.367 3.300206 1.932912
0.368 3.309779 1.939891
0.369 3.320631 1.947205
0.370 3.332724 1.954465
0.371 3.343998 1.961152
0.372 3.357218 1.966753
0.373 3.370868 1.972325
0.374 3.385434 1.975909
0.375 3.401165 1.979436
0.376 3.415422 1.981449
0.377 3.428288 1.983157
0.378 3.440859 1.983724
0.379 3.453645 1.985065
0.380 3.465035 1.985953
0.381 3.474478 1.986793
0.382 3.483653 1.989239
0.383 3.493305 1.991175
0.384 3.503056 1.996586
0.385 3.512635 2.001822
0.386 3.522529 2.009273
0.387 3.533326 2.017907
0.388 3.545424 2.027229
0.389 3.560258 2.038227
0.390 3.576759 2.049151
0.391 3.594753 2.061741
0.392 3.615565 2.073339
0.393 3.639239 2.082920
0.394 3.665466 2.093865
0.395 3.692970 2.103390
0.396 3.724512 2.110957
0.397 3.757410 2.117013
0.398 3.791870 2.119826
0.399 3.826932 2.120032
0.400 3.861520 2.118148
0.401 3.896077 2.113815
0.402 3.930373 2.108145
0.403 3.964319 2.101022
0.404 3.998020 2.092142
0.405 4.031401 2.082050
0.406 4.064515 2.070767
0.407 4.097589 2.057941
0.408 4.131118 2.043563
0.409 4.165413 2.027970
0.410 4.199837 2.010580
0.411 4.234056 1.991221
0.412 4.268355 1.968183
0.413 4.302006 1.943035
0.414 4.334212 1.914807
0.415 4.365601 1.884012
0.416 4.395805 1.851248
0.417 4.422449 1.814871
0.418 4.447172 1.777179
0.419 4.468709 1.737700
0.420 4.487480 1.696899
0.421 4.502716 1.655658
0.422 4.513524 1.613965
0.423 4.522313 1.572235
0.424 4.527468 1.531512
0.425 4.529700 1.491949
0.426 4.530213 1.453370
0.427 4.527386 1.416832
0.428 4.523419 1.382069
0.429 4.518048 1.347981
0.430 4.510519 1.315721
0.431 4.502975 1.284736
0.432 4.495908 1.255448
0.433 4.486893 1.228152
0.434 4.477299 1.201822
0.435 4.467536 1.177350
0.436 4.457060 1.154316
0.437 4.445660 1.131953
0.438 4.434836 1.110015
0.439 4.424634 1.090018
0.440 4.414288 1.071465
0.441 4.404224 1.052864
0.442 4.394021 1.035386
0.443 4.383837 1.018426
0.444 4.373829 1.001629
0.445 4.363630 0.985805
0.446 4.353663 0.971679
0.447 4.343712 0.957404
0.448 4.333648 0.943535
0.449 4.323922 0.930479
0.450 4.314493 0.917659
0.451 4.306202 0.905321
0.452 4.297393 0.893498
0.453 4.287976 0.882247
0.454 4.278339 0.871073
0.455 4.269191 0.860340
0.456 4.260879 0.850121
0.457 4.252870 0.840125
0.458 4.244188 0.830444
0.459 4.235575 0.821148
0.460 4.227748 0.811989
0.461 4.220060 0.803079
0.462 4.211813 0.794513
0.463 4.204530 0.786250
0.464 4.197077 0.778088
0.465 4.188951 0.770199
0.466 4.181930 0.762753
0.467 4.174988 0.755246
0.468 4.168221 0.747874
0.469 4.161117 0.740856
0.470 4.153689 0.734030
0.471 4.147148 0.727199
0.472 4.140565 0.720582
0.473 4.134508 0.714211
0.474 4.128165 0.708019
0.475 4.121953 0.701698
0.476 4.115881 0.695772
0.477 4.109868 0.689926
0.478 4.103858 0.684086
0.479 4.098323 0.678459
0.480 4.092128 0.673012
0.481 4.086645 0.667504
0.482 4.080804 0.661872
0.483 4.075378 0.656585
0.484 4.069446 0.651484
0.485 4.064991 0.646608
0.486 4.060167 0.641481
0.487 4.054656 0.636467
0.488 4.049247 0.631639
0.489 4.043931 0.626928
0.490 4.038869 0.622224
0.491 4.033808 0.617675
0.492 4.029327 0.613104
0.493 4.024616 0.608634
0.494 4.019813 0.604291
0.495 4.015448 0.599935
0.496 4.011030 0.595541
0.497 4.006336 0.591281
0.498 4.002010 0.587182
0.499 3.997757 0.583182
0.500 3.993100 0.579229
0.501 3.988278 0.575278
0.502 3.983696 0.571372
0.503 3.979616 0.567536
0.504 3.975551 0.563737
0.505 3.971219 0.559946
0.506 3.967137 0.556186
0.507 3.963204 0.552491
0.508 3.959007 0.548843
0.509 3.955047 0.545307
0.510 3.951659 0.541877
0.511 3.948089 0.538365
0.512 3.943889 0.534919
0.513 3.939849 0.531640
0.514 3.936353 0.528221
0.515 3.932197 0.524953
0.516 3.928121 0.521713
0.517 3.924838 0.518439
0.518 3.920957 0.515277
0.519 3.916879 0.512256
0.520 3.913889 0.509175
0.521 3.910852 0.506081
0.522 3.907115 0.503083
0.523 3.903285 0.500133
0.524 3.900098 0.497251
0.525 3.897307 0.494445
0.526 3.893893 0.491496
0.527 3.889629 0.488520
0.528 3.886539 0.485880
0.529 3.883765 0.483014
0.530 3.879683 0.480375
0.531 3.876294 0.477799
0.532 3.873497 0.475082
0.533 3.870603 0.472389
0.534 3.867281 0.469880
0.535 3.863682 0.467288
0.536 3.861114 0.464628
0.537 3.858325 0.462185
0.538 3.854993 0.459791
0.539 3.851687 0.457414
0.540 3.848773 0.454912
0.541 3.846182 0.452344
0.542 3.843376 0.450000
0.543 3.839309 0.447703
0.544 3.836883 0.445417
0.545 3.834562 0.443130
0.546 3.832179 0.440861
0.547 3.829614 0.438622
0.548 3.826708 0.436413
0.549 3.823428 0.434214
0.550 3.820922 0.432017
0.551 3.818663 0.429838
0.552 3.815844 0.427780
0.553 3.812525 0.425822
0.554 3.809863 0.423784
0.555 3.807555 0.421664
0.556 3.805023 0.419565
0.557 3.802072 0.417491
0.558 3.799100 0.415436
0.559 3.796902 0.413395
0.560 3.794971 0.411619
0.561 3.792917 0.409654
0.562 3.790246 0.407648
0.563 3.787160 0.405696
0.564 3.784703 0.403877
0.565 3.782727 0.402008
0.566 3.780375 0.400256
0.567 3.777631 0.398479
0.568 3.774659 0.396574
0.569 3.772793 0.394924
0.570 3.770985 0.393104
0.571 3.768974 0.391322
0.572 3.766604 0.389641
0.573 3.763636 0.387946
0.574 3.761507 0.386187
0.575 3.759642 0.384500
0.576 3.757827 0.382901
0.577 3.755828 0.381312
0.578 3.753136 0.379543
0.579 3.750688 0.377862
0.580 3.748690 0.376313
0.581 3.746935 0.374764
0.582 3.744681 0.373225
0.583 3.742236 0.371700
0.584 3.739761 0.370178
0.585 3.738137 0.368423
0.586 3.736511 0.366952
0.587 3.734771 0.365567
0.588 3.732744 0.364039
0.589 3.730087 0.362532
0.590 3.727953 0.361032
0.591 3.726431 0.359556
0.592 3.724908 0.358256
0.593 3.723177 0.356852
0.594 3.721077 0.355404
0.595 3.718229 0.353976
0.596 3.716536 0.352546
0.597 3.715061 0.351117
0.598 3.713590 0.349689
0.599 3.711757 0.348462
0.600 3.709590 0.347140
0.601 3.707214 0.345737
0.602 3.705745 0.344398
0.603 3.704145 0.343129
0.604 3.702341 0.341877
0.605 3.699879 0.340489
0.606 3.698005 0.339162
0.607 3.696487 0.337883
0.608 3.695292 0.336685
0.609 3.693739 0.335415
0.610 3.691906 0.334143
0.611 3.689586 0.332962
0.612 3.687830 0.331704
0.613 3.686384 0.330448
0.614 3.685283 0.329310
0.615 3.683757 0.328053
0.616 3.681924 0.326780
0.617 3.679504 0.325679
0.618 3.677969 0.324597
0.619 3.676909 0.323522
0.620 3.675702 0.322406
0.621 3.674316 0.321222
0.622 3.672785 0.319982
0.623 3.670329 0.318924
0.624 3.668533 0.317871
0.625 3.667576 0.316827
0.626 3.666439 0.315641
0.627 3.665157 0.314467
0.628 3.663589 0.313377
0.629 3.661670 0.312327
0.630 3.659714 0.311296
0.631 3.658616 0.310278
0.632 3.657455 0.309154
0.633 3.656232 0.307927
0.634 3.654543 0.306892
0.635 3.652835 0.305881
0.636 3.651210 0.304873
0.637 3.649944 0.303904
0.638 3.648865 0.302957
0.639 3.647709 0.302129
0.640 3.646252 0.301238
0.641 3.644293 0.300246
0.642 3.642810 0.299257
0.643 3.641540 0.298272
0.644 3.640734 0.297297
0.645 3.639691 0.296323
0.646 3.638282 0.295352
0.647 3.636437 0.294380
0.648 3.634454 0.293409
0.649 3.633671 0.292442
0.650 3.632781 0.291479
0.651 3.631677 0.290523
0.652 3.630359 0.289695
0.653 3.628914 0.288943
0.654 3.627401 0.288008
0.655 3.625999 0.287056
0.656 3.625086 0.286107
0.657 3.624080 0.285190
0.658 3.622965 0.284308
0.659 3.621417 0.283488
0.660 3.619699 0.282692
0.661 3.618736 0.281760
0.662 3.617814 0.280866
0.663 3.616956 0.280129
0.664 3.615889 0.279320
0.665 3.614558 0.278420
0.666 3.613075 0.277619
0.667 3.611516 0.276868
0.668 3.610568 0.275968
0.669 3.609694 0.275062
0.670 3.608656 0.274335
0.671 3.607459 0.273610
0.672 3.605833 0.272891
0.673 3.604526 0.272087
0.674 3.603602 0.271180
0.675 3.602794 0.270390
0.676 3.602057 0.269671
0.677 3.600899 0.268953
0.678 3.599630 0.268235
0.679 3.598264 0.267446
0.680 3.596944 0.266654
0.681 3.596169 0.265876
0.682 3.595333 0.265105
0.683 3.594283 0.264359
0.684 3.593051 0.263626
0.685 3.591466 0.262916
0.686 3.590346 0.262208
0.687 3.589783 0.261504
0.688 3.589125 0.260800
0.689 3.588390 0.260097
0.690 3.587518 0.259393
0.691 3.586571 0.258688
0.692 3.585249 0.258027
0.693 3.583786 0.257382
0.694 3.582976 0.256789
0.695 3.582332 0.256209
0.696 3.581515 0.255528
0.697 3.580669 0.254831
0.698 3.579518 0.254131
0.699 3.578335 0.253432
0.700 3.577232 0.252734
0.701 3.576134 0.252036
0.702 3.575615 0.251390
0.703 3.575114 0.250747
0.704 3.574043 0.250177
0.705 3.572961 0.249609
0.706 3.571680 0.248917
0.707 3.570396 0.248224
0.708 3.569727 0.247679
0.709 3.569072 0.247138
0.710 3.568475 0.246473
0.711 3.567880 0.245802
0.712 3.567004 0.245228
0.713 3.566108 0.244661
0.714 3.564930 0.244026
0.715 3.563716 0.243382
0.716 3.563055 0.242839
0.717 3.562507 0.242315
0.718 3.561927 0.241794
0.719 3.561339 0.241273
0.720 3.560413 0.240711
0.721 3.559335 0.240129
0.722 3.558322 0.239585
0.723 3.557353 0.239066
0.724 3.556660 0.238549
0.725 3.556247 0.238033
0.726 3.555679 0.237471
0.727 3.554860 0.236834
0.728 3.553967 0.236226
0.729 3.552858 0.235704
0.730 3.551794 0.235182
0.731 3.551077 0.234658
0.732 3.550360 0.234134
0.733 3.549957 0.233630
0.734 3.549566 0.233127
0.735 3.549025 0.232590
0.736 3.548446 0.232045
0.737 3.547688 0.231463
0.738 3.546820 0.230858
0.739 3.546020 0.230301
0.740 3.545308 0.229807
0.741 3.544630 0.229313
0.742 3.544066 0.228821
0.743 3.543502 0.228330
0.744 3.542849 0.227969
0.745 3.542197 0.227608
0.746 3.541670 0.227117
0.747 3.541179 0.226589
0.748 3.540627 0.226059
0.749 3.540022 0.225528
0.750 3.539439 0.224997
0.751 3.538918 0.224465
0.752 3.538396 0.223932
0.753 3.537922 0.223317
0.754 3.537448 0.222702
0.755 3.536890 0.222189
0.756 3.536299 0.221714
0.757 3.535749 0.221240
0.758 3.535253 0.220766
0.759 3.534761 0.220293
0.760 3.534299 0.219821
0.761 3.533837 0.219349
0.762 3.533378 0.218870
0.763 3.532920 0.218389
0.764 3.532440 0.217921
0.765 3.531932 0.217469
0.766 3.531425 0.217015
0.767 3.530926 0.216540
0.768 3.530426 0.216065
0.769 3.529977 0.215503
0.770 3.529547 0.214906
0.771 3.529125 0.214307
0.772 3.528719 0.213703
0.773 3.528312 0.213099
0.774 3.527913 0.212631
0.775 3.527515 0.212172
0.776 3.527091 0.211641
0.777 3.526643 0.211041
0.778 3.526193 0.210454
0.779 3.525709 0.209998
0.780 3.525226 0.209542
0.781 3.524806 0.209088
0.782 3.524422 0.208635
0.783 3.524040 0.208173
0.784 3.523661 0.207671
0.785 3.523282 0.207170
0.786 3.522904 0.206642
0.787 3.522526 0.206103
0.788 3.522149 0.205559
0.789 3.521775 0.204995
0.790 3.521400 0.204430
0.791 3.521033 0.203839
0.792 3.520668 0.203235
0.793 3.520294 0.202636
0.794 3.519874 0.202058
0.795 3.519455 0.201479
0.796 3.519026 0.200988
0.797 3.518591 0.200546
0.798 3.518163 0.200104
0.799 3.517810 0.199663
0.800 3.517457 0.199221
0.801 3.517114 0.198713
0.802 3.516782 0.198140
0.803 3.516450 0.197567
0.804 3.516126 0.197118
0.805 3.515803 0.196680
0.806 3.515481 0.196199
0.807 3.515162 0.195630
0.808 3.514843 0.195061
0.809 3.514524 0.194497
0.810 3.514205 0.193934
0.811 3.513887 0.193379
0.812 3.513579 0.192939
0.813 3.513271 0.192500
0.814 3.512967 0.192060
0.815 3.512668 0.191619
0.816 3.512369 0.191177
0.817 3.512072 0.190656
0.818 3.511774 0.190103
0.819 3.511477 0.189553
0.820 3.511183 0.189085
0.821 3.510888 0.188616
0.822 3.510597 0.188132
0.823 3.510311 0.187614
0.824 3.510026 0.187095
0.825 3.509742 0.186631
0.826 3.509460 0.186203
0.827 3.509179 0.185776
0.828 3.508898 0.185349
0.829 3.508617 0.184923
0.830 3.508336 0.184496
0.831 3.508061 0.184071
0.832 3.507786 0.183645
0.833 3.507538 0.183219
0.834 3.507353 0.182793
0.835 3.507168 0.182367
0.836 3.506984 0.181942
0.837 3.506800 0.181516
0.838 3.506616 0.181091
0.839 3.506394 0.180667
0.840 3.506154 0.180242
0.841 3.505914 0.179818
0.842 3.505676 0.179394
0.843 3.505438 0.178971
0.844 3.505200 0.178548
0.845 3.504970 0.178125
0.846 3.504740 0.177703
0.847 3.504510 0.177286
0.848 3.504284 0.176918
0.849 3.504057 0.176550
0.850 3.503831 0.176162
0.851 3.503605 0.175689
0.852 3.503380 0.175216
0.853 3.503167 0.174789
0.854 3.502987 0.174487
0.855 3.502807 0.174185
0.856 3.502647 0.173843
0.857 3.502525 0.173423
0.858 3.502404 0.173004
0.859 3.502257 0.172584
0.860 3.502068 0.172165
0.861 3.501880 0.171746
0.862 3.501691 0.171328
0.863 3.501503 0.170909
0.864 3.501316 0.170491
0.865 3.501130 0.170058
0.866 3.500946 0.169603
0.867 3.500763 0.169148
0.868 3.500588 0.168677
0.869 3.500427 0.168181
0.870 3.500265 0.167684
0.871 3.500144 0.167250
0.872 3.500103 0.166941
0.873 3.500063 0.166633
0.874 3.499988 0.166286
0.875 3.499821 0.165836
0.876 3.499654 0.165386
0.877 3.499501 0.164942
0.878 3.499411 0.164523
0.879 3.499321 0.164104
0.880 3.499232 0.163684
0.881 3.499158 0.163257
0.882 3.499084 0.162829
0.883 3.499011 0.162401
0.884 3.498908 0.161969
0.885 3.498803 0.161538
0.886 3.498698 0.161106
0.887 3.498605 0.160675
0.888 3.498514 0.160244
0.889 3.498423 0.159813
0.890 3.498361 0.159379
0.891 3.498316 0.158945
0.892 3.498271 0.158510
0.893 3.498242 0.158065
0.894 3.498236 0.157606
0.895 3.498230 0.157147
0.896 3.498226 0.156687
0.897 3.498232 0.156220
0.898 3.498238 0.155753
0.899 3.498244 0.155286
0.900 3.498270 0.154839
0.901 3.498297 0.154393
0.902 3.498324 0.153947
0.903 3.498376 0.153520
0.904 3.498441 0.153103
0.905 3.498506 0.152685
0.906 3.498581 0.152238
0.907 3.498670 0.151745
0.908 3.498760 0.151252
0.909 3.498851 0.150756
0.910 3.498949 0.150218
0.911 3.499048 0.149681
0.912 3.499147 0.149143
0.913 3.499245 0.148605
0.914 3.499344 0.148068
0.915 3.499443 0.147530
0.916 3.499541 0.146990
0.917 3.499641 0.146446
0.918 3.499740 0.145901
0.919 3.499839 0.145356
0.920 3.499942 0.144734
0.921 3.500046 0.144112
0.922 3.500149 0.143489
0.923 3.500253 0.142853
0.924 3.500357 0.142208
0.925 3.500462 0.141562
0.926 3.500567 0.140916
0.927 3.500672 0.140270
0.928 3.500777 0.139624
0.929 3.500882 0.138978
0.930 3.500984 0.138327
0.931 3.501086 0.137674
0.932 3.501187 0.137020
0.933 3.501282 0.136353
0.934 3.501345 0.135618
0.935 3.501408 0.134884
0.936 3.501471 0.134150
0.937 3.501526 0.133398
0.938 3.501577 0.132638
0.939 3.501628 0.131878
0.940 3.501679 0.131118
0.941 3.501731 0.130358
0.942 3.501783 0.129598
0.943 3.501834 0.128839
0.944 3.501882 0.128077
0.945 3.501927 0.127314
0.946 3.501972 0.126551
0.947 3.502016 0.125788
0.948 3.501965 0.124986
0.949 3.501909 0.124181
0.950 3.501852 0.123377
0.951 3.501786 0.122568
0.952 3.501700 0.121750
0.953 3.501613 0.120932
0.954 3.501527 0.120114
0.955 3.501441 0.119296
0.956 3.501355 0.118478
0.957 3.501270 0.117661
0.958 3.501184 0.116843
0.959 3.501093 0.116027
0.960 3.501002 0.115212
0.961 3.500911 0.114396
0.962 3.500792 0.113588
0.963 3.500598 0.112802
0.964 3.500404 0.112015
0.965 3.500210 0.111228
0.966 3.500000 0.110446
0.967 3.499775 0.109669
0.968 3.499551 0.108891
0.969 3.499327 0.108113
0.970 3.499104 0.107335
0.971 3.498880 0.106557
0.972 3.498657 0.105779
0.973 3.498434 0.105001
0.974 3.498209 0.104226
0.975 3.497985 0.103452
0.976 3.497760 0.102678
0.977 3.497530 0.101917
0.978 3.497263 0.101235
0.979 3.496997 0.100553
0.980 3.496730 0.099872
0.981 3.496461 0.099197
0.982 3.496182 0.098542
0.983 3.495904 0.097887
0.984 3.495625 0.097231
0.985 3.495347 0.096576
0.986 3.495069 0.095920
0.987 3.494792 0.095265
0.988 3.494514 0.094609
0.989 3.494237 0.093955
0.990 3.493962 0.093304
0.991 3.493686 0.092652
0.992 3.493411 0.092000
0.993 3.493163 0.091404
0.994 3.492942 0.090862
0.995 3.492720 0.090319
0.996 3.492499 0.089776
0.997 3.492286 0.089231
0.998 3.492080 0.088683
0.999 3.491874 0.088136
1.000 3.491668 0.087588
1.001 3.491463 0.087029
1.002 3.491258 0.086460
1.003 3.491052 0.085890
1.004 3.490847 0.085320
1.005 3.490645 0.084750
1.006 3.490446 0.084179
1.007 3.490247 0.083608
1.008 3.490049 0.083038
1.009 3.489952 0.082448
1.010 3.490020 0.081829
1.011 3.490089 0.081210
1.012 3.490157 0.080591
1.013 3.490245 0.079968
1.014 3.490389 0.079332
1.015 3.490533 0.078696
1.016 3.490677 0.078060
1.017 3.490821 0.077424
1.018 3.490966 0.076788
1.019 3.491110 0.076152
1.020 3.491254 0.075516
1.021 3.491398 0.074880
1.022 3.491544 0.074235
1.023 3.491690 0.073589
1.024 3.491835 0.072942
1.025 3.491981 0.072296
1.026 3.492203 0.071144
1.027 3.492454 0.069796
1.028 3.492705 0.068448
1.029 3.492956 0.067101
1.030 3.493223 0.065646
1.031 3.493506 0.064072
1.032 3.493789 0.062498
1.033 3.494073 0.060924
1.034 3.494356 0.059341
1.035 3.494642 0.057721
1.036 3.494928 0.056101
1.037 3.495214 0.054480
1.038 3.495500 0.052860
1.039 3.495788 0.051150
1.040 3.496077 0.049425
1.041 3.496366 0.047700
1.042 3.496654 0.045975
1.043 3.496267 0.044085
1.044 3.495207 0.042031
1.045 3.494147 0.039977
1.046 3.493087 0.037923
1.047 3.492027 0.035869
1.048 3.490967 0.033814
1.049 3.489850 0.031738
1.050 3.488581 0.029600
1.051 3.487312 0.027462
1.052 3.486043 0.025324
1.053 3.484775 0.023186
1.054 3.483506 0.021048
1.055 3.482237 0.018910
1.056 3.480901 0.017384
1.057 3.479564 0.015881
1.058 3.478226 0.014377
1.059 3.476889 0.012873
1.060 3.475551 0.011370
1.061 3.474214 0.009866
1.062 3.472820 0.008898
1.063 3.471386 0.008312
1.064 3.469952 0.007725
1.065 3.468518 0.007139
1.066 3.467084 0.006553
1.067 3.465651 0.005967
1.068 3.464221 0.005397
1.069 3.462819 0.004945
1.070 3.461418 0.004494
1.071 3.460016 0.004042
1.072 3.458615 0.003590
1.073 3.457213 0.003138
1.074 3.455811 0.002686
1.075 3.454671 0.002407
1.076 3.453716 0.002249
1.077 3.452760 0.002091
1.078 3.451804 0.001934
1.079 3.450849 0.001776
1.080 3.449893 0.001618
1.081 3.448937 0.001460
1.082 3.448039 0.001366
1.083 3.447142 0.001275
1.084 3.446245 0.001183
1.085 3.445348 0.001091
1.086 3.444451 0.000999
1.087 3.443554 0.000907
1.088 3.442687 0.000826
1.089 3.441902 0.000775
1.090 3.441116 0.000724
1.091 3.440331 0.000672
1.092 3.439546 0.000621
1.093 3.438760 0.000570
1.094 3.437975 0.000518
1.095 3.437242 0.000489
1.096 3.436564 0.000483
1.097 3.435887 0.000477
1.098 3.435209 0.000471
1.099 3.434532 0.000465
1.100 3.433854 0.000459
1.101 3.433177 0.000453
1.102 3.432509 0.000424
1.103 3.431848 0.000380
1.104 3.431186 0.000337
1.105 3.430525 0.000293
1.106 3.429863 0.000250
1.107 3.429202 0.000207
1.108 3.428540 0.000163
1.109 3.427940 0.000139
1.110 3.427372 0.000125
1.111 3.426804 0.000110
1.112 3.426235 0.000096
1.113 3.425667 0.000082
1.114 3.425099 0.000068
1.115 3.424531 0.000053
1.116 3.423968 0.000046
1.117 3.423409 0.000044
1.118 3.422850 0.000041
1.119 3.422291 0.000039
1.120 3.421731 0.000036
1.121 3.421172 0.000034
1.122 3.420613 0.000031
1.123 3.420079 0.000029
1.124 3.419573 0.000028
1.125 3.419066 0.000026
1.126 3.418559 0.000025
1.127 3.418053 0.000023
1.128 3.417546 0.000022
1.129 3.417040 0.000020
1.130 3.416542 0.000019
1.131 3.416070 0.000018
1.132 3.415598 0.000017
1.133 3.415126 0.000016
1.134 3.414654 0.000015
1.135 3.414182 0.000014
1.136 3.413710 0.000014
1.137 3.413238 0.000013
1.138 3.412777 0.000012
1.139 3.412316 0.000011
1.140 3.411855 0.000010
1.141 3.411395 0.000010
1.142 3.410934 0.000009
1.143 3.410474 0.000008
1.144 3.410013 0.000007
1.145 3.409573 0.000007
1.146 3.409154 0.000006
1.147 3.408734 0.000006
1.148 3.408315 0.000006
1.149 3.407895 0.000006
1.150 3.407476 0.000005
1.151 3.407056 0.000005
1.152 3.406637 0.000005
1.153 3.406220 0.000004
1.154 3.405803 0.000004
1.155 3.405387 0.000004
1.156 3.404970 0.000003
1.157 3.404553 0.000003
1.158 3.404137 0.000003
1.159 3.403720 0.000003
1.160 3.403316 0.000002
1.161 3.402933 0.000002
1.162 3.402551 0.000002
1.163 3.402168 0.000002
1.164 3.401785 0.000002
1.165 3.401402 0.000002
1.166 3.401019 0.000002
1.167 3.400637 0.000001
1.168 3.400264 0.000001
1.169 3.399896 0.000001
1.170 3.399528 0.000001
1.171 3.399160 0.000001
1.172 3.398793 0.000001
1.173 3.398425 0.000001
1.174 3.398057 0.000001
1.175 3.397689 0.000001
1.176 3.397331 0.000001
1.177 3.396974 0.000001
1.178 3.396618 0.000001
1.179 3.396261 0.000001
1.180 3.395904 0.000001
1.181 3.395548 0.000001
1.182 3.395191 0.000000
1.183 3.394834 0.000000
1.184 3.394504 0.000000
1.185 3.394175 0.000000
1.186 3.393846 0.000000
1.187 3.393517 0.000000
1.188 3.393189 0.000000
1.189 3.392860 0.000000
1.190 3.392531 0.000000
1.191 3.392202 0.000000
1.192 3.391875 0.000000
1.193 3.391548 0.000000
1.194 3.391221 0.000000
1.195 3.390893 0.000000
1.196 3.390566 0.000000
1.197 3.390239 0.000000
1.198 3.389912 0.000000
1.199 3.389585 0.000000
1.200 3.389275 0.000000
1.201 3.388971 0.000000
1.202 3.388667 0.000000
1.203 3.388363 0.000000
1.204 3.388059 0.000000
1.205 3.387755 0.000000
1.206 3.387451 0.000000
1.207 3.387147 0.000000
1.208 3.386847 0.000000
1.209 3.386549 0.000000
1.210 3.386252 0.000000
1.211 3.385954 0.000000
1.212 3.385657 0.000000
1.213 3.385359 0.000000
1.214 3.385062 0.000000
1.215 3.384765 0.000000
1.216 3.384468 0.000000
1.217 3.384181 0.000000
1.218 3.383893 0.000000
1.219 3.383605 0.000000
1.220 3.383318 0.000000
1.221 3.383030 0.000000
1.222 3.382742 0.000000
1.223 3.382455 0.000000
1.224 3.382167 0.000000
1.225 3.381891 0.000000
1.226 3.381621 0.000000
1.227 3.381350 0.000000
1.228 3.381080 0.000000
1.229 3.380810 0.000000
1.230 3.380540 0.000000
1.231 3.380269 0.000000
1.232 3.379999 0.000000
1.233 3.379729 0.000000
1.234 3.379459 0.000000
1.235 3.379190 0.000000
1.236 3.378920 0.000000
1.237 3.378651 0.000000
1.238 3.378381 0.000000
1.239 3.378111 0.000000
1.240 3.377842 0.000000
1.241 3.377572 0.000000
1.242 3.377309 0.000000
1.243 3.377059 0.000000
1.244 3.376809 0.000000
1.245 3.376559 0.000000
1.246 3.376309 0.000000
1.247 3.376059 0.000000
1.248 3.375809 0.000000
1.249 3.375559 0.000000
1.250 3.375309 0.000000
1.251 3.375060 0.000000
1.252 3.374813 0.000000
1.253 3.374566 0.000000
1.254 3.374319 0.000000
1.255 3.374072 0.000000
1.256 3.373824 0.000000
1.257 3.373577 0.000000
1.258 3.373330 0.000000
1.259 3.373083 0.000000
1.260 3.372841 0.000000
1.261 3.372605 0.000000
1.262 3.372369 0.000000
1.263 3.372133 0.000000
1.264 3.371897 0.000000
1.265 3.371661 0.000000
1.266 3.371425 0.000000
1.267 3.371189 0.000000
1.268 3.370953 0.000000
1.269 3.370723 0.000000
1.270 3.370501 0.000000
1.271 3.370279 0.000000
1.272 3.370057 0.000000
1.273 3.369835 0.000000
1.274 3.369613 0.000000
1.275 3.369391 0.000000
1.276 3.369169 0.000000
1.277 3.368948 0.000000
1.278 3.368726 0.000000
1.279 3.368505 0.000000
1.280 3.368285 0.000000
1.281 3.368064 0.000000
1.282 3.367843 0.000000
1.283 3.367623 0.000000
1.284 3.367402 0.000000
1.285 3.367182 0.000000
1.286 3.366961 0.000000
1.287 3.366740 0.000000
1.288 3.366530 0.000000
1.289 3.366324 0.000000
1.290 3.366117 0.000000
1.291 3.365910 0.000000
1.292 3.365703 0.000000
1.293 3.365496 0.000000
1.294 3.365289 0.000000
1.295 3.365082 0.000000
1.296 3.364875 0.000000
1.297 3.364668 0.000000
1.298 3.364462 0.000000
1.299 3.364257 0.000000
1.300 3.364051 0.000000
1.301 3.363845 0.000000
1.302 3.363640 0.000000
1.303 3.363434 0.000000
1.304 3.363228 0.000000
1.305 3.363023 0.000000
1.306 3.362817 0.000000
1.307 3.362616 0.000000
1.308 3.362419 0.000000
1.309 3.362221 0.000000
1.310 3.362023 0.000000
1.311 3.361826 0.000000
1.312 3.361628 0.000000
1.313 3.361430 0.000000
1.314 3.361233 0.000000
1.315 3.361035 0.000000
1.316 3.360837 0.000000
1.317 3.360646 0.000000
1.318 3.360455 0.000000
1.319 3.360265 0.000000
1.320 3.360074 0.000000
1.321 3.359884 0.000000
1.322 3.359693 0.000000
1.323 3.359503 0.000000
1.324 3.359313 0.000000
1.325 3.359122 0.000000
1.326 3.358932 0.000000
1.327 3.358743 0.000000
1.328 3.358554 0.000000
1.329 3.358366 0.000000
1.330 3.358177 0.000000
1.331 3.357989 0.000000
1.332 3.357800 0.000000
1.333 3.357612 0.000000
1.334 3.357423 0.000000
1.335 3.357235 0.000000
1.336 3.357046 0.000000
1.337 3.356867 0.000000
1.338 3.356690 0.000000
1.339 3.356514 0.000000
1.340 3.356337 0.000000
1.341 3.356160 0.000000
1.342 3.355984 0.000000
1.343 3.355807 0.000000
1.344 3.355630 0.000000
1.345 3.355453 0.000000
1.346 3.355277 0.000000
1.347 3.355100 0.000000
1.348 3.354924 0.000000
1.349 3.354748 0.000000
1.350 3.354573 0.000000
1.351 3.354397 0.000000
1.352 3.354221 0.000000
1.353 3.354045 0.000000
1.354 3.353869 0.000000
1.355 3.353693 0.000000
1.356 3.353517 0.000000
1.357 3.353342 0.000000
1.358 3.353177 0.000000
1.359 3.353012 0.000000
1.360 3.352847 0.000000
1.361 3.352682 0.000000
1.362 3.352518 0.000000
1.363 3.352353 0.000000
1.364 3.352188 0.000000
1.365 3.352023 0.000000
1.366 3.351858 0.000000
1.367 3.351693 0.000000
1.368 3.351532 0.000000
1.369 3.351374 0.000000
1.370 3.351216 0.000000
1.371 3.351058 0.000000
1.372 3.350900 0.000000
1.373 3.350742 0.000000
1.374 3.350584 0.000000
1.375 3.350426 0.000000
1.376 3.350268 0.000000
1.377 3.350110 0.000000
1.378 3.349952 0.000000
1.379 3.349795 0.000000
1.380 3.349639 0.000000
1.381 3.349483 0.000000
1.382 3.349327 0.000000
1.383 3.349171 0.000000
1.384 3.349014 0.000000
1.385 3.348858 0.000000
1.386 3.348702 0.000000
1.387 3.348546 0.000000
1.388 3.348390 0.000000
1.389 3.348234 0.000000
1.390 3.348084 0.000000
1.391 3.347935 0.000000
1.392 3.347786 0.000000
1.393 3.347637 0.000000
1.394 3.347488 0.000000
1.395 3.347339 0.000000
1.396 3.347190 0.000000
1.397 3.347041 0.000000
1.398 3.346893 0.000000
1.399 3.346744 0.000000
1.400 3.346595 0.000000
1.401 3.346446 0.000000
1.402 3.346297 0.000000
1.403 3.346148 0.000000
1.404 3.346000 0.000000
1.405 3.345851 0.000000
1.406 3.345702 0.000000
1.407 3.345553 0.000000
1.408 3.345405 0.000000
1.409 3.345256 0.000000
1.410 3.345107 0.000000
1.411 3.344959 0.000000
1.412 3.344815 0.000000
1.413 3.344675 0.000000
1.414 3.344535 0.000000
1.415 3.344396 0.000000
1.416 3.344256 0.000000
1.417 3.344116 0.000000
1.418 3.343976 0.000000
1.419 3.343837 0.000000
1.420 3.343697 0.000000
1.421 3.343557 0.000000
1.422 3.343418 0.000000
1.423 3.343278 0.000000
1.424 3.343142 0.000000
1.425 3.343007 0.000000
1.426 3.342871 0.000000
1.427 3.342735 0.000000
1.428 3.342599 0.000000
1.429 3.342463 0.000000
1.430 3.342327 0.000000
1.431 3.342192 0.000000
1.432 3.342056 0.000000
1.433 3.341920 0.000000
1.434 3.341784 0.000000
1.435 3.341650 0.000000
1.436 3.341517 0.000000
1.437 3.341384 0.000000
1.438 3.341252 0.000000
1.439 3.341119 0.000000
1.440 3.340987 0.000000
1.441 3.340854 0.000000
1.442 3.340721 0.000000
1.443 3.340589 0.000000
1.444 3.340456 0.000000
1.445 3.340323 0.000000
1.446 3.340191 0.000000
1.447 3.340064 0.000000
1.448 3.339939 0.000000
1.449 3.339815 0.000000
1.450 3.339691 0.000000
1.451 3.339566 0.000000
1.452 3.339442 0.000000
1.453 3.339318 0.000000
1.454 3.339194 0.000000
1.455 3.339069 0.000000
1.456 3.338945 0.000000
1.457 3.338821 0.000000
1.458 3.338696 0.000000
1.459 3.338572 0.000000
1.460 3.338448 0.000000
1.461 3.338324 0.000000
1.462 3.338200 0.000000
1.463 3.338076 0.000000
1.464 3.337952 0.000000
1.465 3.337828 0.000000
1.466 3.337704 0.000000
1.467 3.337580 0.000000
1.468 3.337456 0.000000
1.469 3.337332 0.000000
1.470 3.337209 0.000000
1.471 3.337087 0.000000
1.472 3.336970 0.000000
1.473 3.336852 0.000000
1.474 3.336735 0.000000
1.475 3.336617 0.000000
1.476 3.336500 0.000000
1.477 3.336382 0.000000
1.478 3.336265 0.000000
1.479 3.336147 0.000000
1.480 3.336030 0.000000
1.481 3.335912 0.000000
1.482 3.335795 0.000000
1.483 3.335677 0.000000
1.484 3.335562 0.000000
1.485 3.335446 0.000000
1.486 3.335330 0.000000
1.487 3.335214 0.000000
1.488 3.335099 0.000000
1.489 3.334983 0.000000
1.490 3.334867 0.000000
1.491 3.334752 0.000000
1.492 3.334636 0.000000
1.493 3.334520 0.000000
1.494 3.334404 0.000000
1.495 3.334289 0.000000
1.496 3.334174 0.000000
1.497 3.334062 0.000000
1.498 3.333950 0.000000
1.499 3.333838 0.000000
1.500 3.333727 0.000000
1.501 3.333615 0.000000
1.502 3.333503 0.000000
1.503 3.333391 0.000000
1.504 3.333279 0.000000
1.505 3.333167 0.000000
1.506 3.333055 0.000000
1.507 3.332943 0.000000
1.508 3.332831 0.000000
1.509 3.332723 0.000000
1.510 3.332617 0.000000
1.511 3.332512 0.000000
1.512 3.332407 0.000000
1.513 3.332302 0.000000
1.514 3.332197 0.000000
1.515 3.332092 0.000000
1.516 3.331987 0.000000
1.517 3.331882 0.000000
1.518 3.331777 0.000000
1.519 3.331671 0.000000
1.520 3.331566 0.000000
1.521 3.331461 0.000000
1.522 3.331356 0.000000
1.523 3.331251 0.000000
1.524 3.331146 0.000000
1.525 3.331042 0.000000
1.526 3.330937 0.000000
1.527 3.330832 0.000000
1.528 3.330727 0.000000
1.529 3.330622 0.000000
1.530 3.330517 0.000000
1.531 3.330412 0.000000
1.532 3.330308 0.000000
1.533 3.330203 0.000000
1.534 3.330098 0.000000
1.535 3.329994 0.000000
1.536 3.329895 0.000000
1.537 3.329797 0.000000
1.538 3.329698 0.000000
1.539 3.329600 0.000000
1.540 3.329501 0.000000
1.541 3.329403 0.000000
1.542 3.329304 0.000000
1.543 3.329206 0.000000
1.544 3.329108 0.000000
1.545 3.329009 0.000000
1.546 3.328911 0.000000
1.547 3.328812 0.000000
1.548 3.328714 0.000000
1.549 3.328616 0.000000
1.550 3.328518 0.000000
1.551 3.328421 0.000000
1.552 3.328323 0.000000
1.553 3.328226 0.000000
1.554 3.328128 0.000000
1.555 3.328031 0.000000
1.556 3.327933 0.000000
1.557 3.327836 0.000000
1.558 3.327738 0.000000
1.559 3.327641 0.000000
1.560 3.327543 0.000000
1.561 3.327445 0.000000
1.562 3.327348 0.000000
1.563 3.327253 0.000000
1.564 3.327158 0.000000
1.565 3.327064 0.000000
1.566 3.326969 0.000000
1.567 3.326875 0.000000
1.568 3.326780 0.000000
1.569 3.326686 0.000000
1.570 3.326591 0.000000
1.571 3.326497 0.000000
1.572 3.326402 0.000000
1.573 3.326308 0.000000
1.574 3.326213 0.000000
1.575 3.326119 0.000000
1.576 3.326024 0.000000
1.577 3.325933 0.000000
1.578 3.325842 0.000000
1.579 3.325751 0.000000
1.580 3.325661 0.000000
1.581 3.325570 0.000000
1.582 3.325479 0.000000
1.583 3.325389 0.000000
1.584 3.325298 0.000000
1.585 3.325207 0.000000
1.586 3.325117 0.000000
1.587 3.325026 0.000000
1.588 3.324935 0.000000
1.589 3.324844 0.000000
1.590 3.324754 0.000000
1.591 3.324663 0.000000
1.592 3.324573 0.000000
1.593 3.324483 0.000000
1.594 3.324392 0.000000
1.595 3.324302 0.000000
1.596 3.324212 0.000000
1.597 3.324122 0.000000
1.598 3.324031 0.000000
1.599 3.323941 0.000000
1.600 3.323851 0.000000
1.601 3.323760 0.000000
1.602 3.323670 0.000000
1.603 3.323580 0.000000
1.604 3.323490 0.000000
1.605 3.323399 0.000000
1.606 3.323314 0.000000
1.607 3.323230 0.000000
1.608 3.323145 0.000000
1.609 3.323061 0.000000
1.610 3.322977 0.000000
1.611 3.322892 0.000000
1.612 3.322808 0.000000
1.613 3.322723 0.000000
1.614 3.322639 0.000000
1.615 3.322555 0.000000
1.616 3.322470 0.000000
1.617 3.322386 0.000000
1.618 3.322301 0.000000
1.619 3.322217 0.000000
1.620 3.322132 0.000000
1.621 3.322049 0.000000
1.622 3.321965 0.000000
1.623 3.321881 0.000000
1.624 3.321797 0.000000
1.625 3.321713 0.000000
1.626 3.321629 0.000000
1.627 3.321545 0.000000
1.628 3.321461 0.000000
1.629 3.321377 0.000000
1.630 3.321293 0.000000
1.631 3.321209 0.000000
1.632 3.321125 0.000000
1.633 3.321041 0.000000
1.634 3.320957 0.000000
1.635 3.320873 0.000000
1.636 3.320794 0.000000
1.637 3.320715 0.000000
1.638 3.320635 0.000000
1.639 3.320556 0.000000
1.640 3.320477 0.000000
1.641 3.320398 0.000000
1.642 3.320319 0.000000
1.643 3.320239 0.000000
1.644 3.320160 0.000000
1.645 3.320081 0.000000
1.646 3.320002 0.000000
1.647 3.319923 0.000000
1.648 3.319843 0.000000
1.649 3.319764 0.000000
1.650 3.319685 0.000000
1.651 3.319608 0.000000
1.652 3.319533 0.000000
1.653 3.319458 0.000000
1.654 3.319383 0.000000
1.655 3.319308 0.000000
1.656 3.319233 0.000000
1.657 3.319158 0.000000
1.658 3.319083 0.000000
1.659 3.319008 0.000000
1.660 3.318933 0.000000
1.661 3.318858 0.000000
1.662 3.318783 0.000000
1.663 3.318708 0.000000
1.664 3.318633 0.000000
1.665 3.318558 0.000000
1.666 3.318484 0.000000
1.667 3.318409 0.000000
1.668 3.318334 0.000000
1.669 3.318260 0.000000
1.670 3.318185 0.000000
1.671 3.318111 0.000000
1.672 3.318036 0.000000
1.673 3.317962 0.000000
1.674 3.317887 0.000000
1.675 3.317813 0.000000
1.676 3.317738 0.000000
1.677 3.317664 0.000000
1.678 3.317589 0.000000
1.679 3.317514 0.000000
1.680 3.317440 0.000000
1.681 3.317365 0.000000
1.682 3.317291 0.000000
1.683 3.317219 0.000000
1.684 3.317147 0.000000
1.685 3.317076 0.000000
1.686 3.317004 0.000000
1.687 3.316932 0.000000
1.688 3.316860 0.000000
1.689 3.316789 0.000000
1.690 3.316717 0.000000
1.691 3.316645 0.000000
1.692 3.316573 0.000000
1.693 3.316502 0.000000
1.694 3.316430 0.000000
1.695 3.316358 0.000000
1.696 3.316287 0.000000
1.697 3.316215 0.000000
1.698 3.316143 0.000000
1.699 3.316071 0.000000
1.700 3.316000 0.000000
1.701 3.315928 0.000000
1.702 3.315857 0.000000
1.703 3.315785 0.000000
1.704 3.315713 0.000000
1.705 3.315642 0.000000
1.706 3.315570 0.000000
1.707 3.315498 0.000000
1.708 3.315427 0.000000
1.709 3.315355 0.000000
1.710 3.315283 0.000000
1.711 3.315212 0.000000
1.712 3.315140 0.000000
1.713 3.315068 0.000000
1.714 3.314997 0.000000
1.715 3.314926 0.000000
1.716 3.314859 0.000000
1.717 3.314792 0.000000
1.718 3.314725 0.000000
1.719 3.314659 0.000000
1.720 3.314592 0.000000
1.721 3.314525 0.000000
1.722 3.314458 0.000000
1.723 3.314392 0.000000
1.724 3.314325 0.000000
1.725 3.314258 0.000000
1.726 3.314192 0.000000
1.727 3.314125 0.000000
1.728 3.314058 0.000000
1.729 3.313991 0.000000
1.730 3.313925 0.000000
1.731 3.313858 0.000000
1.732 3.313792 0.000000
1.733 3.313728 0.000000
1.734 3.313664 0.000000
1.735 3.313601 0.000000
1.736 3.313537 0.000000
1.737 3.313473 0.000000
1.738 3.313410 0.000000
1.739 3.313346 0.000000
1.740 3.313282 0.000000
1.741 3.313219 0.000000
1.742 3.313155 0.000000
1.743 3.313091 0.000000
1.744 3.313028 0.000000
1.745 3.312964 0.000000
1.746 3.312900 0.000000
1.747 3.312836 0.000000
1.748 3.312773 0.000000
1.749 3.312709 0.000000
1.750 3.312646 0.000000
1.751 3.312584 0.000000
1.752 3.312521 0.000000
1.753 3.312458 0.000000
1.754 3.312395 0.000000
1.755 3.312333 0.000000
1.756 3.312270 0.000000
1.757 3.312207 0.000000
1.758 3.312144 0.000000
1.759 3.312082 0.000000
1.760 3.312019 0.000000
1.761 3.311956 0.000000
1.762 3.311893 0.000000
1.763 3.311831 0.000000
1.764 3.311768 0.000000
1.765 3.311705 0.000000
1.766 3.311642 0.000000
1.767 3.311581 0.000000
1.768 3.311522 0.000000
1.769 3.311463 0.000000
1.770 3.311404 0.000000
1.771 3.311345 0.000000
1.772 3.311286 0.000000
1.773 3.311227 0.000000
1.774 3.311168 0.000000
1.775 3.311109 0.000000
1.776 3.311050 0.000000
1.777 3.310991 0.000000
1.778 3.310932 0.000000
1.779 3.310873 0.000000
1.780 3.310814 0.000000
1.781 3.310755 0.000000
1.782 3.310696 0.000000
1.783 3.310637 0.000000
1.784 3.310578 0.000000
1.785 3.310519 0.000000
1.786 3.310461 0.000000
1.787 3.310402 0.000000
1.788 3.310343 0.000000
1.789 3.310284 0.000000
1.790 3.310225 0.000000
1.791 3.310166 0.000000
1.792 3.310107 0.000000
1.793 3.310048 0.000000
1.794 3.309989 0.000000
1.795 3.309930 0.000000
1.796 3.309871 0.000000
1.797 3.309813 0.000000
1.798 3.309754 0.000000
1.799 3.309695 0.000000
1.800 3.309636 0.000000
1.801 3.309577 0.000000
1.802 3.309518 0.000000
1.803 3.309459 0.000000
1.804 3.309404 0.000000
1.805 3.309348 0.000000
1.806 3.309293 0.000000
1.807 3.309237 0.000000
1.808 3.309182 0.000000
1.809 3.309126 0.000000
1.810 3.309071 0.000000
1.811 3.309016 0.000000
1.812 3.308960 0.000000
1.813 3.308905 0.000000
1.814 3.308849 0.000000
1.815 3.308794 0.000000
1.816 3.308739 0.000000
1.817 3.308683 0.000000
1.818 3.308628 0.000000
1.819 3.308572 0.000000
1.820 3.308517 0.000000
1.821 3.308461 0.000000
1.822 3.308406 0.000000
1.823 3.308352 0.000000
1.824 3.308298 0.000000
1.825 3.308244 0.000000
1.826 3.308191 0.000000
1.827 3.308137 0.000000
1.828 3.308083 0.000000
1.829 3.308029 0.000000
1.830 3.307975 0.000000
1.831 3.307921 0.000000
1.832 3.307867 0.000000
1.833 3.307813 0.000000
1.834 3.307759 0.000000
1.835 3.307705 0.000000
1.836 3.307651 0.000000
1.837 3.307597 0.000000
1.838 3.307543 0.000000
1.839 3.307489 0.000000
1.840 3.307435 0.000000
1.841 3.307381 0.000000
1.842 3.307328 0.000000
1.843 3.307276 0.000000
1.844 3.307223 0.000000
1.845 3.307170 0.000000
1.846 3.307118 0.000000
1.847 3.307065 0.000000
1.848 3.307012 0.000000
1.849 3.306959 0.000000
1.850 3.306907 0.000000
1.851 3.306854 0.000000
1.852 3.306801 0.000000
1.853 3.306749 0.000000
1.854 3.306696 0.000000
1.855 3.306643 0.000000
1.856 3.306590 0.000000
1.857 3.306538 0.000000
1.858 3.306485 0.000000
1.859 3.306432 0.000000
1.860 3.306380 0.000000
1.861 3.306329 0.000000
1.862 3.306280 0.000000
1.863 3.306230 0.000000
1.864 3.306181 0.000000
1.865 3.306132 0.000000
1.866 3.306082 0.000000
1.867 3.306033 0.000000
1.868 3.305984 0.000000
1.869 3.305934 0.000000
1.870 3.305885 0.000000
1.871 3.305836 0.000000
1.872 3.305786 0.000000
1.873 3.305737 0.000000
1.874 3.305688 0.000000
1.875 3.305638 0.000000
1.876 3.305589 0.000000
1.877 3.305540 0.000000
1.878 3.305490 0.000000
1.879 3.305441 0.000000
1.880 3.305392 0.000000
1.881 3.305342 0.000000
1.882 3.305293 0.000000
1.883 3.305244 0.000000
1.884 3.305194 0.000000
1.885 3.305145 0.000000
1.886 3.305096 0.000000
1.887 3.305047 0.000000
1.888 3.304997 0.000000
1.889 3.304948 0.000000
1.890 3.304899 0.000000
1.891 3.304849 0.000000
1.892 3.304800 0.000000
1.893 3.304751 0.000000
1.894 3.304702 0.000000
1.895 3.304652 0.000000
1.896 3.304603 0.000000
1.897 3.304554 0.000000
1.898 3.304505 0.000000
1.899 3.304455 0.000000
1.900 3.304406 0.000000
1.901 3.304358 0.000000
1.902 3.304312 0.000000
1.903 3.304266 0.000000
1.904 3.304221 0.000000
1.905 3.304175 0.000000
1.906 3.304129 0.000000
1.907 3.304083 0.000000
1.908 3.304037 0.000000
1.909 3.303991 0.000000
1.910 3.303946 0.000000
1.911 3.303900 0.000000
1.912 3.303854 0.000000
1.913 3.303808 0.000000
1.914 3.303762 0.000000
1.915 3.303717 0.000000
1.916 3.303671 0.000000
1.917 3.303625 0.000000
1.918 3.303579 0.000000
1.919 3.303533 0.000000
1.920 3.303487 0.000000
1.921 3.303442 0.000000
1.922 3.303396 0.000000
1.923 3.303351 0.000000
1.924 3.303307 0.000000
1.925 3.303262 0.000000
1.926 3.303217 0.000000
1.927 3.303172 0.000000
1.928 3.303127 0.000000
1.929 3.303082 0.000000
1.930 3.303037 0.000000
1.931 3.302992 0.000000
1.932 3.302947 0.000000
1.933 3.302903 0.000000
1.934 3.302858 0.000000
1.935 3.302813 0.000000
1.936 3.302768 0.000000
1.937 3.302723 0.000000
1.938 3.302678 0.000000
1.939 3.302633 0.000000
1.940 3.302588 0.000000
1.941 3.302543 0.000000
1.942 3.302499 0.000000
1.943 3.302454 0.000000
1.944 3.302411 0.000000
1.945 3.302367 0.000000
1.946 3.302323 0.000000
1.947 3.302280 0.000000
1.948 3.302236 0.000000
1.949 3.302193 0.000000
1.950 3.302149 0.000000