0.253 2.262164 3.350177
0.254 2.318453 3.357083
0.255 2.374519 3.364905
0.256 2.431182 3.370836
0.257 2.490153 3.376705
0.258 2.551094 3.382483
0.259 2.615394 3.386479
0.260 2.685817 3.388000
0.261 2.757256 3.384410
0.262 2.831080 3.373621
0.263 2.906894 3.356973
0.264 2.984487 3.332423
0.265 3.059148 3.300362
0.266 3.128839 3.260599
0.267 3.197135 3.215593
0.268 3.256649 3.163760
0.269 3.312346 3.109044
0.270 3.358932 3.051361
0.271 3.399912 2.991239
0.272 3.434887 2.932255
0.273 3.463421 2.873737
0.274 3.486368 2.815909
0.275 3.505844 2.757447
0.276 3.521993 2.704826
0.277 3.533896 2.651834
0.278 3.540825 2.600228
0.279 3.547837 2.552665
0.280 3.551339 2.506214
0.281 3.553228 2.461615
0.282 3.554238 2.420217
0.283 3.551985 2.379749
0.284 3.550521 2.340612
0.285 3.547450 2.304401
0.286 3.542230 2.268576
0.287 3.536475 2.234787
0.288 3.531217 2.203163
0.289 3.522135 2.171930
0.290 3.513266 2.144624
0.291 3.506308 2.116347
0.292 3.497841 2.089741
0.293 3.487384 2.064837
0.294 3.476711 2.042435
0.295 3.466673 2.020575
0.296 3.456938 1.999884
0.297 3.446040 1.982551
0.298 3.434407 1.964775
0.299 3.423363 1.948052
0.300 3.413288 1.931870
0.301 3.401920 1.916646
0.302 3.392907 1.905025
0.303 3.381402 1.890870
0.304 3.371653 1.880522
0.305 3.361455 1.870917
0.306 3.353381 1.861615
0.307 3.343815 1.852236
0.308 3.334261 1.843452
0.309 3.325926 1.834928
0.310 3.316491 1.828337
0.311 3.307849 1.822631
0.312 3.300326 1.817435
0.313 3.294451 1.811428
0.314 3.286313 1.806630
0.315 3.279072 1.802078
0.316 3.273135 1.799059
0.317 3.267077 1.794589
0.318 3.261548 1.792851
0.319 3.255823 1.789505
0.320 3.251066 1.788245
0.321 3.245660 1.785748
0.322 3.240233 1.785252
0.323 3.236278 1.783189
0.324 3.232931 1.781856
0.325 3.227442 1.782073
0.326 3.225173 1.782459
0.327 3.222976 1.783194
0.328 3.218745 1.781362
0.329 3.215091 1.780531
0.330 3.213493 1.781015
0.331 3.211662 1.781837
0.332 3.210199 1.782894
0.333 3.208766 1.784019
0.334 3.207642 1.784915
0.335 3.206246 1.785835
0.336 3.205226 1.787155
0.337 3.204098 1.788957
0.338 3.202990 1.792792
0.339 3.202240 1.795038
0.340 3.201683 1.796244
0.341 3.200989 1.797975
0.342 3.202486 1.799490
0.343 3.203875 1.801547
0.344 3.203569 1.806900
0.345 3.204012 1.808389
0.346 3.206841 1.810402
0.347 3.207057 1.812092
0.348 3.207238 1.816704
0.349 3.210209 1.820083
0.350 3.211802 1.822320
0.351 3.214405 1.825973
0.352 3.216375 1.830490
0.353 3.219754 1.833113
0.354 3.221319 1.835792
0.355 3.224597 1.841254
0.356 3.226860 1.844130
0.357 3.230617 1.848295
0.358 3.234220 1.853280
0.359 3.236691 1.856102
0.360 3.239977 1.860843
0.361 3.244883 1.865454
0.362 3.248719 1.868164
0.363 3.253564 1.874507
0.364 3.257766 1.878535
0.365 3.262754 1.884188
0.366 3.269034 1.888420
0.367 3.273890 1.894499
0.368 3.278988 1.898962
0.369 3.285096 1.904475
0.370 3.293114 1.910938
0.371 3.298308 1.916121
0.372 3.305629 1.921302
0.373 3.313086 1.928005
0.374 3.319121 1.933846
0.375 3.327075 1.940375
0.376 3.336171 1.946932
0.377 3.347446 1.953449
0.378 3.358129 1.960255
0.379 3.367335 1.966698
0.380 3.379434 1.973121
0.381 3.392272 1.979406
0.382 3.406267 1.986461
0.383 3.418502 1.991407
0.384 3.433914 1.995230
0.385 3.449643 1.999089
0.386 3.465966 2.000278
0.387 3.484949 2.001640
0.388 3.501483 2.000477
0.389 3.516863 1.998842
0.390 3.530054 1.995792
0.391 3.543464 1.991826
0.392 3.556779 1.988666
0.393 3.568208 1.984790
0.394 3.575930 1.980143
0.395 3.584267 1.978056
0.396 3.590944 1.974914
0.397 3.599447 1.974122
0.398 3.606119 1.976517
0.399 3.612814 1.977578
0.400 3.619617 1.982150
0.401 3.626737 1.987938
0.402 3.634916 1.994206
0.403 3.645716 2.002797
0.404 3.657854 2.011515
0.405 3.672200 2.021778
0.406 3.686782 2.033465
0.407 3.705202 2.043507
0.408 3.725853 2.051451
0.409 3.749617 2.061961
0.410 3.774076 2.071597
0.411 3.801709 2.080290
0.412 3.833087 2.086139
0.413 3.864836 2.091297
0.414 3.899084 2.092450
0.415 3.933006 2.091473
0.416 3.966745 2.087995
0.417 4.000428 2.082530
0.418 4.033915 2.075920
0.419 4.067193 2.067662
0.420 4.100156 2.057430
0.421 4.132635 2.045849
0.422 4.164635 2.032982
0.423 4.196237 2.017487
0.424 4.228868 2.001290
0.425 4.261896 1.983421
0.426 4.293907 1.963760
0.427 4.325620 1.941175
0.428 4.356747 1.915403
0.429 4.386126 1.887972
0.430 4.414352 1.858002
0.431 4.441821 1.826228
0.432 4.466617 1.791985
0.433 4.488862 1.756113
0.434 4.508940 1.718987
0.435 4.526297 1.680576
0.436 4.540086 1.641707
0.437 4.550195 1.602532
0.438 4.558466 1.563103
0.439 4.563208 1.524633
0.440 4.564997 1.487661
0.441 4.565291 1.451584
0.442 4.562678 1.417015
0.443 4.558942 1.384538
0.444 4.554027 1.352536
0.445 4.546931 1.321787
0.446 4.539245 1.291920
0.447 4.533300 1.263285
0.448 4.525965 1.237471
0.449 4.516685 1.211997
0.450 4.507490 1.188053
0.451 4.497949 1.166055
0.452 4.487548 1.144711
0.453 4.475869 1.123999
0.454 4.465314 1.103632
0.455 4.455686 1.085089
0.456 4.445846 1.068304
0.457 4.436447 1.051166
0.458 4.426698 1.035486
0.459 4.417266 1.019011
0.460 4.407677 1.003814
0.461 4.398100 0.988423
0.462 4.388752 0.975150
0.463 4.379050 0.962588
0.464 4.369835 0.949576
0.465 4.360267 0.937350
0.466 4.350960 0.925443
0.467 4.342626 0.913923
0.468 4.335586 0.902855
0.469 4.327607 0.892108
0.470 4.318739 0.882021
0.471 4.309332 0.871985
0.472 4.300572 0.861953
0.473 4.292637 0.852849
0.474 4.285741 0.843705
0.475 4.278096 0.834967
0.476 4.269786 0.826425
0.477 4.262073 0.817998
0.478 4.255522 0.809849
0.479 4.248385 0.801857
0.480 4.240415 0.794159
0.481 4.234375 0.786766
0.482 4.227608 0.779422
0.483 4.219750 0.772285
0.484 4.213458 0.765679
0.485 4.207488 0.758809
0.486 4.201302 0.752205
0.487 4.195256 0.745662
0.488 4.188181 0.739515
0.489 4.181760 0.733373
0.490 4.175907 0.727285
0.491 4.170385 0.721311
0.492 4.164905 0.715728
0.493 4.159332 0.710057
0.494 4.153752 0.704323
0.495 4.148388 0.699049
0.496 4.142998 0.693760
0.497 4.137590 0.688454
0.498 4.132764 0.683380
0.499 4.127219 0.678459
0.500 4.122050 0.673465
0.501 4.116900 0.668273
0.502 4.112011 0.663289
0.503 4.106449 0.658520
0.504 4.101959 0.654125
0.505 4.098539 0.649632
0.506 4.094094 0.644939
0.507 4.089065 0.640304
0.508 4.084024 0.635935
0.509 4.079168 0.631669
0.510 4.074684 0.627362
0.511 4.070052 0.623257
0.512 4.066024 0.619058
0.513 4.062466 0.614890
0.514 4.057758 0.610976
0.515 4.053968 0.607039
0.516 4.050384 0.602955
0.517 4.046452 0.598820
0.518 4.042061 0.595021
0.519 4.038691 0.591345
0.520 4.034953 0.587728
0.521 4.030618 0.584130
0.522 4.026087 0.580532
0.523 4.021849 0.576957
0.524 4.018236 0.573422
0.525 4.014921 0.569912
0.526 4.011118 0.566409
0.527 4.007182 0.562910
0.528 4.004101 0.559444
0.529 4.000483 0.556021
0.530 3.996570 0.552607
0.531 3.993523 0.549465
0.532 3.990990 0.546307
0.533 3.987940 0.543013
0.534 3.984047 0.539788
0.535 3.980289 0.536823
0.536 3.977633 0.533585
0.537 3.973779 0.530551
0.538 3.969952 0.527516
0.539 3.966920 0.524437
0.540 3.963851 0.521422
0.541 3.960172 0.518560
0.542 3.956525 0.515802
0.543 3.954792 0.512854
0.544 3.952252 0.509917
0.545 3.948650 0.507155
0.546 3.945138 0.504404
0.547 3.942468 0.501704
0.548 3.940581 0.499142
0.549 3.937888 0.496325
0.550 3.933637 0.493430
0.551 3.930563 0.490879
0.552 3.928264 0.488274
0.553 3.925571 0.485565
0.554 3.921041 0.483188
0.555 3.918732 0.480825
0.556 3.916644 0.478121
0.557 3.914205 0.475583
0.558 3.911167 0.473227
0.559 3.907575 0.470751
0.560 3.905698 0.468163
0.561 3.903527 0.465810
0.562 3.900745 0.463545
0.563 3.897519 0.461296
0.564 3.894592 0.459051
0.565 3.892593 0.456404
0.566 3.890525 0.454015
0.567 3.887591 0.451789
0.568 3.883462 0.449590
0.569 3.881851 0.447398
0.570 3.880171 0.445204
0.571 3.878398 0.443020
0.572 3.876442 0.440850
0.573 3.873899 0.438702
0.574 3.870815 0.436560
0.575 3.868249 0.434419
0.576 3.866392 0.432281
0.577 3.864833 0.430156
0.578 3.861572 0.428298
0.579 3.858557 0.426417
0.580 3.856290 0.424431
0.581 3.854501 0.422336
0.582 3.852348 0.420253
0.583 3.849658 0.418183
0.584 3.846377 0.416125
0.585 3.844651 0.414073
0.586 3.843193 0.412289
0.587 3.841809 0.410543
0.588 3.840228 0.408505
0.589 3.837066 0.406484
0.590 3.834260 0.404585
0.591 3.832147 0.402810
0.592 3.830748 0.400961
0.593 3.828713 0.399280
0.594 3.826162 0.397590
0.595 3.823021 0.395610
0.596 3.821349 0.393963
0.597 3.820041 0.392259
0.598 3.818802 0.390352
0.599 3.816854 0.388704
0.600 3.814315 0.387043
0.601 3.811319 0.385351
0.602 3.809764 0.383540
0.603 3.808366 0.381884
0.604 3.807030 0.380331
0.605 3.805385 0.378780
0.606 3.802893 0.376996
0.607 3.800168 0.375157
0.608 3.798432 0.373632
0.609 3.796986 0.372106
0.610 3.795481 0.370580
0.611 3.793174 0.369060
0.612 3.790727 0.367549
0.613 3.788456 0.365974
0.614 3.787271 0.364093
0.615 3.786083 0.362637
0.616 3.784806 0.361354
0.617 3.782993 0.359801
0.618 3.780515 0.358257
0.619 3.777721 0.356719
0.620 3.776625 0.355189
0.621 3.775527 0.353810
0.622 3.774429 0.352572
0.623 3.772871 0.351099
0.624 3.770673 0.349624
0.625 3.767536 0.348160
0.626 3.766101 0.346686
0.627 3.765024 0.345211
0.628 3.763952 0.343740
0.629 3.762498 0.342466
0.630 3.760786 0.341273
0.631 3.758183 0.339800
0.632 3.756259 0.338373
0.633 3.755128 0.336999
0.634 3.753725 0.335770
0.635 3.752000 0.334508
0.636 3.749359 0.333050
0.637 3.747484 0.331664
0.638 3.746115 0.330323
0.639 3.745327 0.329123
0.640 3.744320 0.327880
0.641 3.742804 0.326536
0.642 3.740647 0.325303
0.643 3.738175 0.324125
0.644 3.736843 0.322771
0.645 3.735726 0.321490
0.646 3.735039 0.320355
0.647 3.733756 0.319052
0.648 3.732156 0.317662
0.649 3.729513 0.316564
0.650 3.727383 0.315485
0.651 3.726747 0.314428
0.652 3.725968 0.313331
0.653 3.725079 0.312203
0.654 3.723779 0.310917
0.655 3.722231 0.309636
0.656 3.719452 0.308586
0.657 3.717540 0.307539
0.658 3.716978 0.306497
0.659 3.716208 0.305294
0.660 3.715327 0.304004
0.661 3.713901 0.302871
0.662 3.712310 0.301766
0.663 3.710066 0.300731
0.664 3.708344 0.299699
0.665 3.707527 0.298673
0.666 3.706595 0.297460
0.667 3.705583 0.296116
0.668 3.703953 0.295027
0.669 3.702166 0.294003
0.670 3.700540 0.292982
0.671 3.699065 0.291976
0.672 3.698237 0.291031
0.673 3.697363 0.290152
0.674 3.696410 0.289384
0.675 3.694807 0.288484
0.676 3.692654 0.287472
0.677 3.691182 0.286462
0.678 3.689997 0.285453
0.679 3.689423 0.284450
0.680 3.688951 0.283447
0.681 3.687571 0.282447
0.682 3.686072 0.281447
0.683 3.683780 0.280446
0.684 3.681942 0.279446
0.685 3.681483 0.278448
0.686 3.680846 0.277453
0.687 3.679888 0.276461
0.688 3.678694 0.275608
0.689 3.677220 0.274918
0.690 3.675685 0.274064
0.691 3.674101 0.273074
0.692 3.673076 0.272085
0.693 3.672386 0.271097
0.694 3.671473 0.270173
0.695 3.670463 0.269277
0.696 3.668772 0.268474
0.697 3.666856 0.267701
0.698 3.665865 0.266762
0.699 3.665108 0.265782
0.700 3.664444 0.265044
0.701 3.663798 0.264356
0.702 3.662533 0.263454
0.703 3.661166 0.262516
0.704 3.659495 0.261767
0.705 3.657779 0.261046
0.706 3.656971 0.260106
0.707 3.656296 0.259133
0.708 3.655386 0.258407
0.709 3.654438 0.257720
0.710 3.652738 0.257036
0.711 3.650897 0.256352
0.712 3.649894 0.255441
0.713 3.649090 0.254476
0.714 3.648497 0.253724
0.715 3.647970 0.253038
0.716 3.646878 0.252352
0.717 3.645552 0.251666
0.718 3.644118 0.250903
0.719 3.642622 0.250097
0.720 3.641618 0.249303
0.721 3.641000 0.248517
0.722 3.640193 0.247754
0.723 3.639169 0.247017
0.724 3.637854 0.246299
0.725 3.636028 0.245612
0.726 3.634570 0.244926
0.727 3.634244 0.244242
0.728 3.633886 0.243558
0.729 3.633297 0.242873
0.730 3.632708 0.242188
0.731 3.631812 0.241501
0.732 3.630907 0.240814
0.733 3.629371 0.240199
0.734 3.627696 0.239599
0.735 3.626801 0.239058
0.736 3.626320 0.238548
0.737 3.625695 0.237955
0.738 3.624909 0.237268
0.739 3.623984 0.236582
0.740 3.622699 0.235893
0.741 3.621423 0.235205
0.742 3.620261 0.234516
0.743 3.619098 0.233828
0.744 3.618682 0.233203
0.745 3.618392 0.232589
0.746 3.617564 0.232043
0.747 3.616411 0.231538
0.748 3.615144 0.230964
0.749 3.613691 0.230275
0.750 3.612346 0.229612
0.751 3.611813 0.229145
0.752 3.611281 0.228678
0.753 3.610805 0.228048
0.754 3.610340 0.227387
0.755 3.609622 0.226809
0.756 3.608703 0.226299
0.757 3.607664 0.225759
0.758 3.606276 0.225136
0.759 3.604888 0.224513
0.760 3.604417 0.224055
0.761 3.604005 0.223608
0.762 3.603547 0.223161
0.763 3.603060 0.222713
0.764 3.602379 0.222241
0.765 3.601164 0.221701
0.766 3.599949 0.221162
0.767 3.598880 0.220707
0.768 3.597826 0.220261
0.769 3.597210 0.219816
0.770 3.596971 0.219372
0.771 3.596643 0.218902
0.772 3.595797 0.218275
0.773 3.594951 0.217648
0.774 3.593783 0.217147
0.775 3.592506 0.216688
0.776 3.591418 0.216228
0.777 3.590718 0.215766
0.778 3.590018 0.215304
0.779 3.589744 0.214869
0.780 3.589519 0.214436
0.781 3.589163 0.213975
0.782 3.588645 0.213477
0.783 3.588127 0.212978
0.784 3.587187 0.212393
0.785 3.586240 0.211806
0.786 3.585408 0.211301
0.787 3.584690 0.210877
0.788 3.583975 0.210453
0.789 3.583469 0.210031
0.790 3.582964 0.209609
0.791 3.582385 0.209282
0.792 3.581734 0.209050
0.793 3.581083 0.208818
0.794 3.580658 0.208346
0.795 3.580239 0.207867
0.796 3.579747 0.207387
0.797 3.579160 0.206904
0.798 3.578572 0.206422
0.799 3.578089 0.205937
0.800 3.577621 0.205452
0.801 3.577172 0.204930
0.802 3.576765 0.204320
0.803 3.576358 0.203709
0.804 3.575829 0.203242
0.805 3.575249 0.202836
0.806 3.574681 0.202430
0.807 3.574238 0.202026
0.808 3.573796 0.201621
0.809 3.573375 0.201218
0.810 3.572979 0.200816
0.811 3.572582 0.200413
0.812 3.572178 0.199998
0.813 3.571772 0.199579
0.814 3.571354 0.199167
0.815 3.570871 0.198790
0.816 3.570388 0.198413
0.817 3.569911 0.198019
0.818 3.569440 0.197609
0.819 3.568968 0.197198
0.820 3.568574 0.196646
0.821 3.568199 0.196057
0.822 3.567826 0.195467
0.823 3.567466 0.194866
0.824 3.567105 0.194266
0.825 3.566747 0.193738
0.826 3.566392 0.193349
0.827 3.566038 0.192959
0.828 3.565641 0.192449
0.829 3.565214 0.191854
0.830 3.564787 0.191260
0.831 3.564315 0.190837
0.832 3.563834 0.190451
0.833 3.563358 0.190066
0.834 3.563014 0.189683
0.835 3.562670 0.189300
0.836 3.562327 0.188900
0.837 3.561987 0.188446
0.838 3.561648 0.187991
0.839 3.561308 0.187515
0.840 3.560970 0.187007
0.841 3.560632 0.186498
0.842 3.560295 0.185969
0.843 3.559960 0.185423
0.844 3.559625 0.184877
0.845 3.559294 0.184290
0.846 3.558965 0.183685
0.847 3.558637 0.183080
0.848 3.558240 0.182503
0.849 3.557829 0.181933
0.850 3.557417 0.181363
0.851 3.556985 0.180975
0.852 3.556551 0.180603
0.853 3.556117 0.180232
0.854 3.555796 0.179862
0.855 3.555476 0.179493
0.856 3.555157 0.179114
0.857 3.554851 0.178553
0.858 3.554544 0.177991
0.859 3.554238 0.177446
0.860 3.553938 0.177080
0.861 3.553637 0.176714
0.862 3.553337 0.176328
0.863 3.553044 0.175773
0.864 3.552750 0.175217
0.865 3.552456 0.174662
0.866 3.552160 0.174116
0.867 3.551864 0.173570
0.868 3.551567 0.173037
0.869 3.551274 0.172669
0.870 3.550981 0.172300
0.871 3.550688 0.171932
0.872 3.550404 0.171561
0.873 3.550121 0.171190
0.874 3.549837 0.170819
0.875 3.549555 0.170294
0.876 3.549274 0.169761
0.877 3.548992 0.169229
0.878 3.548713 0.168802
0.879 3.548434 0.168392
0.880 3.548155 0.167981
0.881 3.547880 0.167516
0.882 3.547607 0.167032
0.883 3.547334 0.166548
0.884 3.547063 0.166145
0.885 3.546792 0.165792
0.886 3.546522 0.165439
0.887 3.546253 0.165087
0.888 3.545984 0.164736
0.889 3.545715 0.164385
0.890 3.545448 0.164034
0.891 3.545183 0.163684
0.892 3.544918 0.163334
0.893 3.544663 0.162984
0.894 3.544507 0.162635
0.895 3.544352 0.162286
0.896 3.544197 0.161936
0.897 3.544036 0.161588
0.898 3.543875 0.161241
0.899 3.543714 0.160893
0.900 3.543504 0.160546
0.901 3.543262 0.160199
0.902 3.543019 0.159853
0.903 3.542778 0.159507
0.904 3.542538 0.159162
0.905 3.542297 0.158817
0.906 3.542057 0.158472
0.907 3.541823 0.158128
0.908 3.541588 0.157785
0.909 3.541353 0.157441
0.910 3.541120 0.157154
0.911 3.540888 0.156889
0.912 3.540656 0.156623
0.913 3.540424 0.156301
0.914 3.540194 0.155885
0.915 3.539963 0.155468
0.916 3.539732 0.155052
0.917 3.539564 0.154882
0.918 3.539395 0.154711
0.919 3.539227 0.154540
0.920 3.539098 0.154267
0.921 3.538994 0.153929
0.922 3.538890 0.153590
0.923 3.538766 0.153252
0.924 3.538559 0.152915
0.925 3.538351 0.152578
0.926 3.538144 0.152240
0.927 3.537937 0.151904
0.928 3.537731 0.151568
0.929 3.537525 0.151232
0.930 3.537320 0.150882
0.931 3.537117 0.150493
0.932 3.536914 0.150104
0.933 3.536711 0.149716
0.934 3.536519 0.149283
0.935 3.536329 0.148839
0.936 3.536139 0.148394
0.937 3.535992 0.148018
0.938 3.535969 0.147845
0.939 3.535946 0.147671
0.940 3.535923 0.147498
0.941 3.535773 0.147182
0.942 3.535568 0.146805
0.943 3.535364 0.146428
0.944 3.535173 0.146058
0.945 3.535075 0.145727
0.946 3.534976 0.145397
0.947 3.534878 0.145066
0.948 3.534779 0.144733
0.949 3.534678 0.144398
0.950 3.534578 0.144063
0.951 3.534477 0.143728
0.952 3.534329 0.143390
0.953 3.534174 0.143052
0.954 3.534020 0.142715
0.955 3.533870 0.142377
0.956 3.533736 0.142040
0.957 3.533602 0.141703
0.958 3.533468 0.141366
0.959 3.533367 0.141028
0.960 3.533294 0.140689
0.961 3.533221 0.140349
0.962 3.533148 0.140010
0.963 3.533093 0.139660
0.964 3.533042 0.139307
0.965 3.532990 0.138954
0.966 3.532940 0.138601
0.967 3.532895 0.138244
0.968 3.532851 0.137887
0.969 3.532806 0.137529
0.970 3.532770 0.137181
0.971 3.532755 0.136853
0.972 3.532740 0.136526
0.973 3.532725 0.136198
0.974 3.532735 0.135893
0.975 3.532772 0.135612
0.976 3.532808 0.135330
0.977 3.532844 0.135049
0.978 3.532889 0.134724
0.979 3.532940 0.134377
0.980 3.532990 0.134031
0.981 3.533040 0.133684
0.982 3.533094 0.133297
0.983 3.533149 0.132901
0.984 3.533204 0.132504
0.985 3.533259 0.132108
0.986 3.533314 0.131711
0.987 3.533369 0.131314
0.988 3.533424 0.130918
0.989 3.533480 0.130521
0.990 3.533535 0.130121
0.991 3.533590 0.129721
0.992 3.533646 0.129320
0.993 3.533701 0.128919
0.994 3.533759 0.128475
0.995 3.533816 0.128031
0.996 3.533874 0.127587
0.997 3.533931 0.127143
0.998 3.533990 0.126686
0.999 3.534048 0.126230
1.000 3.534106 0.125774
1.001 3.534164 0.125318
1.002 3.534223 0.124860
1.003 3.534281 0.124403
1.004 3.534340 0.123946
1.005 3.534398 0.123489
1.006 3.534455 0.123028
1.007 3.534511 0.122568
1.008 3.534568 0.122107
1.009 3.534624 0.121647
1.010 3.534662 0.121147
1.011 3.534697 0.120641
1.012 3.534732 0.120135
1.013 3.534767 0.119629
1.014 3.534798 0.119113
1.015 3.534826 0.118593
1.016 3.534854 0.118073
1.017 3.534883 0.117553
1.018 3.534911 0.117033
1.019 3.534940 0.116514
1.020 3.534968 0.115994
1.021 3.534997 0.115475
1.022 3.535024 0.114955
1.023 3.535049 0.114433
1.024 3.535074 0.113912
1.025 3.535099 0.113390
1.026 3.535114 0.112865
1.027 3.535083 0.112321
1.028 3.535051 0.111777
1.029 3.535020 0.111233
1.030 3.534988 0.110689
1.031 3.534942 0.110138
1.032 3.534894 0.109586
1.033 3.534846 0.109034
1.034 3.534798 0.108482
1.035 3.534750 0.107931
1.036 3.534703 0.107380
1.037 3.534655 0.106828
1.038 3.534608 0.106277
1.039 3.534560 0.105726
1.040 3.534509 0.105177
1.041 3.534459 0.104627
1.042 3.534408 0.104077
1.043 3.534358 0.103527
1.044 3.534255 0.102992
1.045 3.534148 0.102458
1.046 3.534040 0.101924
1.047 3.533933 0.101390
1.048 3.533817 0.100859
1.049 3.533693 0.100330
1.050 3.533569 0.099802
1.051 3.533445 0.099273
1.052 3.533321 0.098744
1.053 3.533198 0.098215
1.054 3.533074 0.097687
1.055 3.532951 0.097158
1.056 3.532828 0.096629
1.057 3.532704 0.096101
1.058 3.532580 0.095575
1.059 3.532456 0.095048
1.060 3.532332 0.094522
1.061 3.532206 0.093999
1.062 3.532059 0.093524
1.063 3.531912 0.093049
1.064 3.531765 0.092574
1.065 3.531618 0.092099
1.066 3.531467 0.091631
1.067 3.531314 0.091170
1.068 3.531160 0.090710
1.069 3.531007 0.090249
1.070 3.530853 0.089788
1.071 3.530700 0.089327
1.072 3.530547 0.088866
1.073 3.530394 0.088405
1.074 3.530241 0.087945
1.075 3.530088 0.087484
1.076 3.529937 0.087026
1.077 3.529785 0.086568
1.078 3.529633 0.086110
1.079 3.529482 0.085651
1.080 3.529348 0.085230
1.081 3.529227 0.084831
1.082 3.529105 0.084432
1.083 3.528983 0.084034
1.084 3.528861 0.083635
1.085 3.528747 0.083206
1.086 3.528634 0.082774
1.087 3.528521 0.082342
1.088 3.528408 0.081910
1.089 3.528294 0.081473
1.090 3.528182 0.081010
1.091 3.528069 0.080547
1.092 3.527956 0.080084
1.093 3.527843 0.079620
1.094 3.527732 0.079157
1.095 3.527622 0.078693
1.096 3.527513 0.078229
1.097 3.527404 0.077765
1.098 3.527295 0.077301
1.099 3.527260 0.076805
1.100 3.527297 0.076278
1.101 3.527334 0.075750
1.102 3.527372 0.075223
1.103 3.527409 0.074695
1.104 3.527472 0.074154
1.105 3.527551 0.073604
1.106 3.527630 0.073054
1.107 3.527709 0.072504
1.108 3.527788 0.071954
1.109 3.527867 0.071404
1.110 3.527946 0.070854
1.111 3.528025 0.070304
1.112 3.528104 0.069754
1.113 3.528183 0.069204
1.114 3.528263 0.068650
1.115 3.528343 0.068093
1.116 3.528422 0.067537
1.117 3.528502 0.066980
1.118 3.528582 0.066424
1.119 3.528702 0.065581
1.120 3.528839 0.064613
1.121 3.528977 0.063645
1.122 3.529114 0.062676
1.123 3.529251 0.061708
1.124 3.529400 0.060641
1.125 3.529555 0.059516
1.126 3.529710 0.058392
1.127 3.529864 0.057267
1.128 3.530019 0.056143
1.129 3.530175 0.054984
1.130 3.530331 0.053794
1.131 3.530487 0.052604
1.132 3.530643 0.051414
1.133 3.530800 0.050224
1.134 3.530956 0.048981
1.135 3.531114 0.047644
1.136 3.531271 0.046307
1.137 3.531429 0.044970
1.138 3.531586 0.043633
1.139 3.531613 0.042243
1.140 3.530968 0.040582
1.141 3.530324 0.038920
1.142 3.529680 0.037259
1.143 3.529035 0.035598
1.144 3.528391 0.033937
1.145 3.527747 0.032276
1.146 3.527041 0.030568
1.147 3.526269 0.028809
1.148 3.525498 0.027051
1.149 3.524726 0.025292
1.150 3.523955 0.023533
1.151 3.523183 0.021775
1.152 3.522412 0.020016
1.153 3.521610 0.018581
1.154 3.520796 0.017266
1.155 3.519983 0.015952
1.156 3.519170 0.014637
1.157 3.518356 0.013322
1.158 3.517543 0.012008
1.159 3.516730 0.010693
1.160 3.515864 0.010018
1.161 3.514992 0.009421
1.162 3.514120 0.008823
1.163 3.513248 0.008226
1.164 3.512375 0.007629
1.165 3.511503 0.007031
1.166 3.510631 0.006434
1.167 3.509778 0.006004
1.168 3.508925 0.005578
1.169 3.508073 0.005153
1.170 3.507220 0.004727
1.171 3.506367 0.004302
1.172 3.505515 0.003876
1.173 3.504662 0.003451
1.174 3.504073 0.003249
1.175 3.503491 0.003053
1.176 3.502909 0.002857
1.177 3.502328 0.002662
1.178 3.501746 0.002466
1.179 3.501165 0.002271
1.180 3.500583 0.002075
1.181 3.500033 0.001943
1.182 3.499487 0.001818
1.183 3.498941 0.001694
1.184 3.498396 0.001570
1.185 3.497850 0.001446
1.186 3.497304 0.001321
1.187 3.496758 0.001197
1.188 3.496260 0.001113
1.189 3.495782 0.001045
1.190 3.495304 0.000977
1.191 3.494826 0.000909
1.192 3.494348 0.000842
1.193 3.493870 0.000774
1.194 3.493391 0.000706
1.195 3.492943 0.000667
1.196 3.492530 0.000664
1.197 3.492118 0.000660
1.198 3.491705 0.000656
1.199 3.491293 0.000653
1.200 3.490880 0.000649
1.201 3.490468 0.000645
1.202 3.490056 0.000636
1.203 3.489653 0.000573
1.204 3.489250 0.000511
1.205 3.488847 0.000449
1.206 3.488444 0.000386
1.207 3.488042 0.000324
1.208 3.487639 0.000261
1.209 3.487236 0.000199
1.210 3.486870 0.000165
1.211 3.486524 0.000146
1.212 3.486178 0.000126
1.213 3.485832 0.000107
1.214 3.485486 0.000087
1.215 3.485139 0.000068
1.216 3.484793 0.000048
1.217 3.484448 0.000031
1.218 3.484107 0.000030
1.219 3.483766 0.000028
1.220 3.483425 0.000026
1.221 3.483085 0.000025
1.222 3.482744 0.000023
1.223 3.482403 0.000022
1.224 3.482062 0.000020
1.225 3.481738 0.000019
1.226 3.481429 0.000018
1.227 3.481120 0.000017
1.228 3.480811 0.000016
1.229 3.480503 0.000015
1.230 3.480194 0.000015
1.231 3.479885 0.000014
1.232 3.479576 0.000013
1.233 3.479284 0.000012
1.234 3.478996 0.000012
1.235 3.478708 0.000011
1.236 3.478420 0.000010
1.237 3.478133 0.000010
1.238 3.477845 0.000009
1.239 3.477557 0.000009
1.240 3.477269 0.000008
1.241 3.476988 0.000008
1.242 3.476707 0.000007
1.243 3.476426 0.000007
1.244 3.476145 0.000006
1.245 3.475864 0.000006
1.246 3.475583 0.000005
1.247 3.475302 0.000005
1.248 3.475022 0.000005
1.249 3.474766 0.000004
1.250 3.474511 0.000004
1.251 3.474255 0.000004
1.252 3.473999 0.000004
1.253 3.473743 0.000004
1.254 3.473487 0.000003
1.255 3.473231 0.000003
1.256 3.472975 0.000003
1.257 3.472721 0.000003
1.258 3.472466 0.000003
1.259 3.472212 0.000002
1.260 3.471958 0.000002
1.261 3.471704 0.000002
1.262 3.471449 0.000002
1.263 3.471195 0.000002
1.264 3.470941 0.000002
1.265 3.470705 0.000002
1.266 3.470471 0.000001
1.267 3.470237 0.000001
1.268 3.470004 0.000001
1.269 3.469770 0.000001
1.270 3.469536 0.000001
1.271 3.469303 0.000001
1.272 3.469069 0.000001
1.273 3.468841 0.000001
1.274 3.468617 0.000001
1.275 3.468392 0.000001
1.276 3.468167 0.000001
1.277 3.467943 0.000001
1.278 3.467718 0.000001
1.279 3.467494 0.000001
1.280 3.467269 0.000001
1.281 3.467047 0.000001
1.282 3.466829 0.000001
1.283 3.466611 0.000000
1.284 3.466393 0.000000
1.285 3.466175 0.000000
1.286 3.465957 0.000000
1.287 3.465740 0.000000
1.288 3.465522 0.000000
1.289 3.465304 0.000000
1.290 3.465101 0.000000
1.291 3.464900 0.000000
1.292 3.464699 0.000000
1.293 3.464498 0.000000
1.294 3.464297 0.000000
1.295 3.464097 0.000000
1.296 3.463896 0.000000
1.297 3.463695 0.000000
1.298 3.463494 0.000000
1.299 3.463294 0.000000
1.300 3.463094 0.000000
1.301 3.462894 0.000000
1.302 3.462694 0.000000
1.303 3.462495 0.000000
1.304 3.462295 0.000000
1.305 3.462095 0.000000
1.306 3.461895 0.000000
1.307 3.461703 0.000000
1.308 3.461518 0.000000
1.309 3.461332 0.000000
1.310 3.461146 0.000000
1.311 3.460960 0.000000
1.312 3.460774 0.000000
1.313 3.460589 0.000000
1.314 3.460403 0.000000
1.315 3.460217 0.000000
1.316 3.460034 0.000000
1.317 3.459853 0.000000
1.318 3.459671 0.000000
1.319 3.459489 0.000000
1.320 3.459307 0.000000
1.321 3.459125 0.000000
1.322 3.458943 0.000000
1.323 3.458761 0.000000
1.324 3.458579 0.000000
1.325 3.458403 0.000000
1.326 3.458227 0.000000
1.327 3.458051 0.000000
1.328 3.457875 0.000000
1.329 3.457699 0.000000
1.330 3.457523 0.000000
1.331 3.457347 0.000000
1.332 3.457171 0.000000
1.333 3.456995 0.000000
1.334 3.456828 0.000000
1.335 3.456663 0.000000
1.336 3.456498 0.000000
1.337 3.456332 0.000000
1.338 3.456167 0.000000
1.339 3.456002 0.000000
1.340 3.455836 0.000000
1.341 3.455671 0.000000
1.342 3.455506 0.000000
1.343 3.455341 0.000000
1.344 3.455176 0.000000
1.345 3.455011 0.000000
1.346 3.454846 0.000000
1.347 3.454681 0.000000
1.348 3.454516 0.000000
1.349 3.454351 0.000000
1.350 3.454186 0.000000
1.351 3.454021 0.000000
1.352 3.453861 0.000000
1.353 3.453708 0.000000
1.354 3.453555 0.000000
1.355 3.453402 0.000000
1.356 3.453249 0.000000
1.357 3.453095 0.000000
1.358 3.452942 0.000000
1.359 3.452789 0.000000
1.360 3.452636 0.000000
1.361 3.452483 0.000000
1.362 3.452332 0.000000
1.363 3.452180 0.000000
1.364 3.452029 0.000000
1.365 3.451878 0.000000
1.366 3.451726 0.000000
1.367 3.451575 0.000000
1.368 3.451423 0.000000
1.369 3.451272 0.000000
1.370 3.451121 0.000000
1.371 3.450972 0.000000
1.372 3.450828 0.000000
1.373 3.450683 0.000000
1.374 3.450539 0.000000
1.375 3.450394 0.000000
1.376 3.450249 0.000000
1.377 3.450105 0.000000
1.378 3.449960 0.000000
1.379 3.449816 0.000000
1.380 3.449671 0.000000
1.381 3.449533 0.000000
1.382 3.449397 0.000000
1.383 3.449261 0.000000
1.384 3.449125 0.000000
1.385 3.448989 0.000000
1.386 3.448853 0.000000
1.387 3.448717 0.000000
1.388 3.448581 0.000000
1.389 3.448445 0.000000
1.390 3.448309 0.000000
1.391 3.448174 0.000000
1.392 3.448039 0.000000
1.393 3.447904 0.000000
1.394 3.447768 0.000000
1.395 3.447633 0.000000
1.396 3.447498 0.000000
1.397 3.447363 0.000000
1.398 3.447227 0.000000
1.399 3.447092 0.000000
1.400 3.446957 0.000000
1.401 3.446830 0.000000
1.402 3.446703 0.000000
1.403 3.446576 0.000000
1.404 3.446449 0.000000
1.405 3.446322 0.000000
1.406 3.446195 0.000000
1.407 3.446068 0.000000
1.408 3.445941 0.000000
1.409 3.445814 0.000000
1.410 3.445688 0.000000
1.411 3.445561 0.000000
1.412 3.445435 0.000000
1.413 3.445309 0.000000
1.414 3.445183 0.000000
1.415 3.445057 0.000000
1.416 3.444930 0.000000
1.417 3.444804 0.000000
1.418 3.444678 0.000000
1.419 3.444552 0.000000
1.420 3.444426 0.000000
1.421 3.444303 0.000000
1.422 3.444181 0.000000
1.423 3.444060 0.000000
1.424 3.443939 0.000000
1.425 3.443817 0.000000
1.426 3.443696 0.000000
1.427 3.443575 0.000000
1.428 3.443454 0.000000
1.429 3.443332 0.000000
1.430 3.443211 0.000000
1.431 3.443091 0.000000
1.432 3.442974 0.000000
1.433 3.442857 0.000000
1.434 3.442740 0.000000
1.435 3.442623 0.000000
1.436 3.442506 0.000000
1.437 3.442389 0.000000
1.438 3.442272 0.000000
1.439 3.442156 0.000000
1.440 3.442039 0.000000
1.441 3.441922 0.000000
1.442 3.441806 0.000000
1.443 3.441690 0.000000
1.444 3.441574 0.000000
1.445 3.441458 0.000000
1.446 3.441343 0.000000
1.447 3.441227 0.000000
1.448 3.441111 0.000000
1.449 3.440995 0.000000
1.450 3.440880 0.000000
1.451 3.440764 0.000000
1.452 3.440648 0.000000
1.453 3.440539 0.000000
1.454 3.440431 0.000000
1.455 3.440322 0.000000
1.456 3.440214 0.000000
1.457 3.440105 0.000000
1.458 3.439996 0.000000
1.459 3.439888 0.000000
1.460 3.439779 0.000000
1.461 3.439671 0.000000
1.462 3.439562 0.000000
1.463 3.439454 0.000000
1.464 3.439346 0.000000
1.465 3.439237 0.000000
1.466 3.439129 0.000000
1.467 3.439021 0.000000
1.468 3.438913 0.000000
1.469 3.438805 0.000000
1.470 3.438697 0.000000
1.471 3.438589 0.000000
1.472 3.438481 0.000000
1.473 3.438373 0.000000
1.474 3.438265 0.000000
1.475 3.438163 0.000000
1.476 3.438062 0.000000
1.477 3.437960 0.000000
1.478 3.437859 0.000000
1.479 3.437758 0.000000
1.480 3.437656 0.000000
1.481 3.437555 0.000000
1.482 3.437453 0.000000
1.483 3.437352 0.000000
1.484 3.437251 0.000000
1.485 3.437149 0.000000
1.486 3.437051 0.000000
1.487 3.436954 0.000000
1.488 3.436857 0.000000
1.489 3.436760 0.000000
1.490 3.436663 0.000000
1.491 3.436566 0.000000
1.492 3.436468 0.000000
1.493 3.436371 0.000000
1.494 3.436274 0.000000
1.495 3.436177 0.000000
1.496 3.436080 0.000000
1.497 3.435983 0.000000
1.498 3.435887 0.000000
1.499 3.435791 0.000000
1.500 3.435695 0.000000
1.501 3.435599 0.000000
1.502 3.435503 0.000000
1.503 3.435407 0.000000
1.504 3.435311 0.000000
1.505 3.435215 0.000000
1.506 3.435118 0.000000
1.507 3.435022 0.000000
1.508 3.434926 0.000000
1.509 3.434834 0.000000
1.510 3.434743 0.000000
1.511 3.434651 0.000000
1.512 3.434559 0.000000
1.513 3.434468 0.000000
1.514 3.434376 0.000000
1.515 3.434284 0.000000
1.516 3.434193 0.000000
1.517 3.434101 0.000000
1.518 3.434009 0.000000
1.519 3.433918 0.000000
1.520 3.433826 0.000000
1.521 3.433734 0.000000
1.522 3.433643 0.000000
1.523 3.433551 0.000000
1.524 3.433460 0.000000
1.525 3.433368 0.000000
1.526 3.433277 0.000000
1.527 3.433185 0.000000
1.528 3.433093 0.000000
1.529 3.433002 0.000000
1.530 3.432910 0.000000
1.531 3.432819 0.000000
1.532 3.432729 0.000000
1.533 3.432642 0.000000
1.534 3.432556 0.000000
1.535 3.432470 0.000000
1.536 3.432384 0.000000
1.537 3.432298 0.000000
1.538 3.432212 0.000000
1.539 3.432126 0.000000
1.540 3.432040 0.000000
1.541 3.431954 0.000000
1.542 3.431868 0.000000
1.543 3.431782 0.000000
1.544 3.431696 0.000000
1.545 3.431612 0.000000
1.546 3.431529 0.000000
1.547 3.431445 0.000000
1.548 3.431361 0.000000
1.549 3.431278 0.000000
1.550 3.431194 0.000000
1.551 3.431110 0.000000
1.552 3.431026 0.000000
1.553 3.430943 0.000000
1.554 3.430859 0.000000
1.555 3.430775 0.000000
1.556 3.430692 0.000000
1.557 3.430610 0.000000
1.558 3.430528 0.000000
1.559 3.430446 0.000000
1.560 3.430364 0.000000
1.561 3.430283 0.000000
1.562 3.430201 0.000000
1.563 3.430119 0.000000
1.564 3.430037 0.000000
1.565 3.429956 0.000000
1.566 3.429874 0.000000
1.567 3.429792 0.000000
1.568 3.429710 0.000000
1.569 3.429630 0.000000
1.570 3.429554 0.000000
1.571 3.429477 0.000000
1.572 3.429400 0.000000
1.573 3.429324 0.000000
1.574 3.429247 0.000000
1.575 3.429170 0.000000
1.576 3.429094 0.000000
1.577 3.429017 0.000000
1.578 3.428940 0.000000
1.579 3.428864 0.000000
1.580 3.428787 0.000000
1.581 3.428710 0.000000
1.582 3.428634 0.000000
1.583 3.428557 0.000000
1.584 3.428481 0.000000
1.585 3.428404 0.000000
1.586 3.428328 0.000000
1.587 3.428251 0.000000
1.588 3.428175 0.000000
1.589 3.428098 0.000000
1.590 3.428022 0.000000
1.591 3.427945 0.000000
1.592 3.427869 0.000000
1.593 3.427792 0.000000
1.594 3.427716 0.000000
1.595 3.427642 0.000000
1.596 3.427570 0.000000
1.597 3.427497 0.000000
1.598 3.427425 0.000000
1.599 3.427352 0.000000
1.600 3.427280 0.000000
1.601 3.427207 0.000000
1.602 3.427135 0.000000
1.603 3.427062 0.000000
1.604 3.426990 0.000000
1.605 3.426917 0.000000
1.606 3.426845 0.000000
1.607 3.426772 0.000000
1.608 3.426700 0.000000
1.609 3.426629 0.000000
1.610 3.426557 0.000000
1.611 3.426486 0.000000
1.612 3.426415 0.000000
1.613 3.426343 0.000000
1.614 3.426272 0.000000
1.615 3.426200 0.000000
1.616 3.426129 0.000000
1.617 3.426057 0.000000
1.618 3.425986 0.000000
1.619 3.425914 0.000000
1.620 3.425843 0.000000
1.621 3.425772 0.000000
1.622 3.425703 0.000000
1.623 3.425634 0.000000
1.624 3.425565 0.000000
1.625 3.425495 0.000000
1.626 3.425426 0.000000
1.627 3.425357 0.000000
1.628 3.425288 0.000000
1.629 3.425219 0.000000
1.630 3.425150 0.000000
1.631 3.425081 0.000000
1.632 3.425011 0.000000
1.633 3.424942 0.000000
1.634 3.424873 0.000000
1.635 3.424807 0.000000
1.636 3.424742 0.000000
1.637 3.424677 0.000000
1.638 3.424612 0.000000
1.639 3.424547 0.000000
1.640 3.424482 0.000000
1.641 3.424417 0.000000
1.642 3.424352 0.000000
1.643 3.424287 0.000000
1.644 3.424222 0.000000
1.645 3.424157 0.000000
1.646 3.424092 0.000000
1.647 3.424027 0.000000
1.648 3.423962 0.000000
1.649 3.423898 0.000000
1.650 3.423833 0.000000
1.651 3.423768 0.000000
1.652 3.423703 0.000000
1.653 3.423638 0.000000
1.654 3.423573 0.000000
1.655 3.423509 0.000000
1.656 3.423444 0.000000
1.657 3.423379 0.000000
1.658 3.423314 0.000000
1.659 3.423249 0.000000
1.660 3.423184 0.000000
1.661 3.423120 0.000000
1.662 3.423055 0.000000
1.663 3.422993 0.000000
1.664 3.422933 0.000000
1.665 3.422872 0.000000
1.666 3.422811 0.000000
1.667 3.422750 0.000000
1.668 3.422689 0.000000
1.669 3.422628 0.000000
1.670 3.422567 0.000000
1.671 3.422506 0.000000
1.672 3.422445 0.000000
1.673 3.422384 0.000000
1.674 3.422324 0.000000
1.675 3.422263 0.000000
1.676 3.422202 0.000000
1.677 3.422141 0.000000
1.678 3.422081 0.000000
1.679 3.422020 0.000000
1.680 3.421960 0.000000
1.681 3.421900 0.000000
1.682 3.421839 0.000000
1.683 3.421779 0.000000
1.684 3.421719 0.000000
1.685 3.421658 0.000000
1.686 3.421598 0.000000
1.687 3.421537 0.000000
1.688 3.421477 0.000000
1.689 3.421417 0.000000
1.690 3.421356 0.000000
1.691 3.421296 0.000000
1.692 3.421238 0.000000
1.693 3.421179 0.000000
1.694 3.421121 0.000000
1.695 3.421062 0.000000
1.696 3.421004 0.000000
1.697 3.420945 0.000000
1.698 3.420887 0.000000
1.699 3.420828 0.000000
1.700 3.420770 0.000000
1.701 3.420711 0.000000
1.702 3.420653 0.000000
1.703 3.420594 0.000000
1.704 3.420536 0.000000
1.705 3.420477 0.000000
1.706 3.420419 0.000000
1.707 3.420363 0.000000
1.708 3.420307 0.000000
1.709 3.420251 0.000000
1.710 3.420195 0.000000
1.711 3.420138 0.000000
1.712 3.420082 0.000000
1.713 3.420026 0.000000
1.714 3.419970 0.000000
1.715 3.419914 0.000000
1.716 3.419858 0.000000
1.717 3.419801 0.000000
1.718 3.419745 0.000000
1.719 3.419689 0.000000
1.720 3.419633 0.000000
1.721 3.419577 0.000000
1.722 3.419521 0.000000
1.723 3.419465 0.000000
1.724 3.419409 0.000000
1.725 3.419353 0.000000
1.726 3.419297 0.000000
1.727 3.419241 0.000000
1.728 3.419185 0.000000
1.729 3.419129 0.000000
1.730 3.419073 0.000000
1.731 3.419017 0.000000
1.732 3.418961 0.000000
1.733 3.418905 0.000000
1.734 3.418849 0.000000
1.735 3.418793 0.000000
1.736 3.418737 0.000000
1.737 3.418685 0.000000
1.738 3.418633 0.000000
1.739 3.418580 0.000000
1.740 3.418528 0.000000
1.741 3.418476 0.000000
1.742 3.418423 0.000000
1.743 3.418371 0.000000
1.744 3.418319 0.000000
1.745 3.418266 0.000000
1.746 3.418214 0.000000
1.747 3.418162 0.000000
1.748 3.418109 0.000000
1.749 3.418057 0.000000
1.750 3.418004 0.000000
1.751 3.417952 0.000000
1.752 3.417900 0.000000
1.753 3.417848 0.000000
1.754 3.417796 0.000000
1.755 3.417744 0.000000
1.756 3.417691 0.000000
1.757 3.417639 0.000000
1.758 3.417587 0.000000
1.759 3.417535 0.000000
1.760 3.417483 0.000000
1.761 3.417431 0.000000
1.762 3.417379 0.000000
1.763 3.417327 0.000000
1.764 3.417275 0.000000
1.765 3.417222 0.000000
1.766 3.417170 0.000000
1.767 3.417118 0.000000
1.768 3.417068 0.000000
1.769 3.417019 0.000000
1.770 3.416970 0.000000
1.771 3.416921 0.000000
1.772 3.416871 0.000000
1.773 3.416822 0.000000
1.774 3.416773 0.000000
1.775 3.416724 0.000000
1.776 3.416675 0.000000
1.777 3.416626 0.000000
1.778 3.416576 0.000000
1.779 3.416527 0.000000
1.780 3.416478 0.000000
1.781 3.416429 0.000000
1.782 3.416380 0.000000
1.783 3.416330 0.000000
1.784 3.416283 0.000000
1.785 3.416236 0.000000
1.786 3.416190 0.000000
1.787 3.416143 0.000000
1.788 3.416096 0.000000
1.789 3.416050 0.000000
1.790 3.416003 0.000000
1.791 3.415957 0.000000
1.792 3.415910 0.000000
1.793 3.415863 0.000000
1.794 3.415817 0.000000
1.795 3.415770 0.000000
1.796 3.415724 0.000000
1.797 3.415677 0.000000
1.798 3.415631 0.000000
1.799 3.415584 0.000000
1.800 3.415537 0.000000
1.801 3.415491 0.000000
1.802 3.415445 0.000000
1.803 3.415398 0.000000
1.804 3.415352 0.000000
1.805 3.415306 0.000000
1.806 3.415259 0.000000
1.807 3.415213 0.000000
1.808 3.415167 0.000000
1.809 3.415120 0.000000
1.810 3.415074 0.000000
1.811 3.415028 0.000000
1.812 3.414981 0.000000
1.813 3.414935 0.000000
1.814 3.414889 0.000000
1.815 3.414842 0.000000
1.816 3.414796 0.000000
1.817 3.414750 0.000000
1.818 3.414706 0.000000
1.819 3.414661 0.000000
1.820 3.414616 0.000000
1.821 3.414572 0.000000
1.822 3.414527 0.000000
1.823 3.414483 0.000000
1.824 3.414438 0.000000
1.825 3.414393 0.000000
1.826 3.414349 0.000000
1.827 3.414304 0.000000
1.828 3.414260 0.000000
1.829 3.414215 0.000000
1.830 3.414170 0.000000
1.831 3.414126 0.000000
1.832 3.414081 0.000000
1.833 3.414037 0.000000
1.834 3.413992 0.000000
1.835 3.413947 0.000000
1.836 3.413903 0.000000
1.837 3.413858 0.000000
1.838 3.413814 0.000000
1.839 3.413769 0.000000
1.840 3.413724 0.000000
1.841 3.413680 0.000000
1.842 3.413635 0.000000
1.843 3.413591 0.000000
1.844 3.413546 0.000000
1.845 3.413501 0.000000
1.846 3.413457 0.000000
1.847 3.413412 0.000000
1.848 3.413368 0.000000
1.849 3.413323 0.000000
1.850 3.413279 0.000000
1.851 3.413234 0.000000
1.852 3.413192 0.000000
1.853 3.413151 0.000000
1.854 3.413109 0.000000
1.855 3.413068 0.000000
1.856 3.413026 0.000000
1.857 3.412984 0.000000
1.858 3.412943 0.000000
1.859 3.412901 0.000000
1.860 3.412860 0.000000
1.861 3.412818 0.000000
1.862 3.412777 0.000000
1.863 3.412735 0.000000
1.864 3.412694 0.000000
1.865 3.412652 0.000000
1.866 3.412611 0.000000
1.867 3.412569 0.000000
1.868 3.412527 0.000000
1.869 3.412486 0.000000
1.870 3.412447 0.000000
1.871 3.412407 0.000000
1.872 3.412367 0.000000
1.873 3.412328 0.000000
1.874 3.412288 0.000000
1.875 3.412248 0.000000
1.876 3.412209 0.000000
1.877 3.412169 0.000000
1.878 3.412129 0.000000
1.879 3.412090 0.000000
1.880 3.412050 0.000000
1.881 3.412010 0.000000
1.882 3.411971 0.000000
1.883 3.411931 0.000000
1.884 3.411891 0.000000
1.885 3.411851 0.000000
1.886 3.411812 0.000000
1.887 3.411772 0.000000
1.888 3.411733 0.000000
1.889 3.411694 0.000000
1.890 3.411655 0.000000
1.891 3.411616 0.000000
1.892 3.411577 0.000000
1.893 3.411538 0.000000
1.894 3.411498 0.000000
1.895 3.411459 0.000000
1.896 3.411420 0.000000
1.897 3.411381 0.000000
1.898 3.411342 0.000000
1.899 3.411303 0.000000
1.900 3.411264 0.000000
1.901 3.411225 0.000000
1.902 3.411185 0.000000
1.903 3.411146 0.000000
1.904 3.411107 0.000000
1.905 3.411068 0.000000
1.906 3.411031 0.000000
1.907 3.410994 0.000000
1.908 3.410957 0.000000
1.909 3.410920 0.000000
1.910 3.410884 0.000000
1.911 3.410847 0.000000
1.912 3.410810 0.000000
1.913 3.410773 0.000000
1.914 3.410737 0.000000
1.915 3.410700 0.000000
1.916 3.410663 0.000000
1.917 3.410626 0.000000
1.918 3.410589 0.000000
1.919 3.410553 0.000000
1.920 3.410516 0.000000
1.921 3.410479 0.000000
1.922 3.410442 0.000000
1.923 3.410406 0.000000
1.924 3.410369 0.000000
1.925 3.410332 0.000000
1.926 3.410295 0.000000
1.927 3.410258 0.000000
1.928 3.410222 0.000000
1.929 3.410185 0.000000
1.930 3.410148 0.000000
1.931 3.410111 0.000000
1.932 3.410075 0.000000
1.933 3.410038 0.000000
1.934 3.410001 0.000000
1.935 3.409964 0.000000
1.936 3.409927 0.000000
1.937 3.409891 0.000000
1.938 3.409854 0.000000
1.939 3.409817 0.000000
1.940 3.409780 0.000000
1.941 3.409744 0.000000
1.942 3.409707 0.000000
1.943 3.409670 0.000000
1.944 3.409635 0.000000
1.945 3.409600 0.000000
1.946 3.409566 0.000000
1.947 3.409531 0.000000
1.948 3.409497 0.000000
1.949 3.409462 0.000000
1.950 3.409427 0.000000