0.253 2.059991 3.248267
0.254 2.106003 3.259649
0.255 2.154859 3.274928
0.256 2.199532 3.284993
0.257 2.249256 3.295524
0.258 2.298299 3.305636
0.259 2.348624 3.315909
0.260 2.402283 3.325292
0.261 2.459851 3.333841
0.262 2.516967 3.337782
0.263 2.576340 3.337947
0.264 2.637913 3.334680
0.265 2.702401 3.325590
0.266 2.766739 3.313370
0.267 2.826809 3.294769
0.268 2.888342 3.273180
0.269 2.946603 3.246511
0.270 3.002823 3.215961
0.271 3.054403 3.183745
0.272 3.103897 3.147263
0.273 3.149080 3.108203
0.274 3.192139 3.069696
0.275 3.229947 3.029840
0.276 3.263701 2.988800
0.277 3.295758 2.944406
0.278 3.325716 2.905087
0.279 3.354069 2.863422
0.280 3.375335 2.819600
0.281 3.395645 2.775876
0.282 3.416817 2.737424
0.283 3.431305 2.694953
0.284 3.445904 2.654864
0.285 3.459376 2.616869
0.286 3.468130 2.578422
0.287 3.477949 2.539588
0.288 3.486616 2.502801
0.289 3.491280 2.468012
0.290 3.494834 2.430581
0.291 3.497786 2.397643
0.292 3.500267 2.364841
0.293 3.497638 2.332594
0.294 3.495619 2.303844
0.295 3.495789 2.272874
0.296 3.494397 2.244352
0.297 3.489080 2.215346
0.298 3.483482 2.190872
0.299 3.477673 2.166500
0.300 3.472509 2.142233
0.301 3.466984 2.120863
0.302 3.458816 2.101088
0.303 3.450945 2.081631
0.304 3.443025 2.062627
0.305 3.435582 2.043529
0.306 3.427423 2.025617
0.307 3.420416 2.011380
0.308 3.411994 1.995490
0.309 3.403506 1.981092
0.310 3.395960 1.969870
0.311 3.387119 1.958574
0.312 3.382003 1.947748
0.313 3.373933 1.936457
0.314 3.365506 1.925768
0.315 3.358750 1.915272
0.316 3.350706 1.905094
0.317 3.341811 1.900136
0.318 3.335241 1.891512
0.319 3.329144 1.886047
0.320 3.324983 1.878048
0.321 3.317218 1.872075
0.322 3.310125 1.865944
0.323 3.306523 1.862012
0.324 3.299418 1.857502
0.325 3.295640 1.851822
0.326 3.290509 1.850209
0.327 3.285918 1.845978
0.328 3.281735 1.843811
0.329 3.276733 1.840186
0.330 3.272031 1.839097
0.331 3.267539 1.837101
0.332 3.265793 1.833790
0.333 3.261214 1.832930
0.334 3.257380 1.833003
0.335 3.256132 1.833081
0.336 3.254897 1.833738
0.337 3.250641 1.830514
0.338 3.246683 1.828207
0.339 3.245633 1.828059
0.340 3.244703 1.828209
0.341 3.243569 1.829026
0.342 3.243172 1.829352
0.343 3.242165 1.830302
0.344 3.241884 1.830536
0.345 3.240886 1.830750
0.346 3.240565 1.831693
0.347 3.239676 1.832319
0.348 3.239307 1.835407
0.349 3.238489 1.839425
0.350 3.238317 1.840577
0.351 3.238208 1.841059
0.352 3.237850 1.842172
0.353 3.239190 1.843044
0.354 3.243287 1.843936
0.355 3.243311 1.847792
0.356 3.243256 1.851863
0.357 3.245745 1.852560
0.358 3.249059 1.853759
0.359 3.249479 1.854467
0.360 3.249471 1.858487
0.361 3.252913 1.862489
0.362 3.255507 1.864043
0.363 3.258419 1.865279
0.364 3.261523 1.869950
0.365 3.263842 1.873657
0.366 3.268277 1.875285
0.367 3.269891 1.876290
0.368 3.273763 1.881879
0.369 3.276882 1.885458
0.370 3.279219 1.886277
0.371 3.284435 1.891036
0.372 3.288323 1.895378
0.373 3.291013 1.897004
0.374 3.293266 1.899614
0.375 3.299572 1.905953
0.376 3.304163 1.907296
0.377 3.308764 1.910482
0.378 3.313574 1.915743
0.379 3.318169 1.918816
0.380 3.323683 1.923880
0.381 3.330076 1.927583
0.382 3.336234 1.932046
0.383 3.341348 1.936854
0.384 3.346114 1.940123
0.385 3.353390 1.945329
0.386 3.362514 1.951342
0.387 3.367524 1.956107
0.388 3.374575 1.959025
0.389 3.383058 1.965658
0.390 3.390361 1.970652
0.391 3.396047 1.975922
0.392 3.404593 1.981814
0.393 3.414340 1.987315
0.394 3.425508 1.993759
0.395 3.439492 1.998827
0.396 3.449133 2.005441
0.397 3.459517 2.010742
0.398 3.472852 2.016292
0.399 3.486763 2.021739
0.400 3.502352 2.027287
0.401 3.516176 2.032609
0.402 3.531059 2.035031
0.403 3.548647 2.037047
0.404 3.566246 2.038894
0.405 3.584075 2.037323
0.406 3.605574 2.036014
0.407 3.625236 2.032586
0.408 3.643091 2.027014
0.409 3.658916 2.021442
0.410 3.672490 2.013851
0.411 3.686297 2.004750
0.412 3.700090 1.997608
0.413 3.712751 1.988478
0.414 3.721643 1.979765
0.415 3.727450 1.970070
0.416 3.733913 1.963445
0.417 3.737831 1.955922
0.418 3.744101 1.948168
0.419 3.749541 1.946082
0.420 3.752758 1.943698
0.421 3.756007 1.941287
0.422 3.759369 1.942719
0.423 3.762647 1.945429
0.424 3.766349 1.948285
0.425 3.771153 1.952438
0.426 3.780349 1.959899
0.427 3.787966 1.965802
0.428 3.798321 1.974126
0.429 3.808727 1.984347
0.430 3.821481 1.994063
0.431 3.837592 2.001632
0.432 3.855256 2.008100
0.433 3.875896 2.017814
0.434 3.896748 2.027058
0.435 3.919502 2.035829
0.436 3.947422 2.042312
0.437 3.976508 2.047871
0.438 4.006131 2.052098
0.439 4.038283 2.052714
0.440 4.071437 2.050756
0.441 4.104416 2.046174
0.442 4.137375 2.039598
0.443 4.170297 2.031975
0.444 4.203176 2.022401
0.445 4.235592 2.010225
0.446 4.267197 1.996564
0.447 4.297662 1.980567
0.448 4.327722 1.961663
0.449 4.359000 1.942250
0.450 4.389002 1.921413
0.451 4.417561 1.897875
0.452 4.445463 1.870876
0.453 4.470467 1.842482
0.454 4.493864 1.812602
0.455 4.516918 1.781269
0.456 4.537817 1.748377
0.457 4.556061 1.714670
0.458 4.573054 1.680062
0.459 4.587542 1.644522
0.460 4.597859 1.608772
0.461 4.606088 1.572883
0.462 4.612770 1.536526
0.463 4.615450 1.501868
0.464 4.616024 1.469053
0.465 4.615269 1.436637
0.466 4.612333 1.405407
0.467 4.608806 1.376655
0.468 4.603870 1.347971
0.469 4.596843 1.320094
0.470 4.589152 1.291958
0.471 4.583577 1.265470
0.472 4.578405 1.241204
0.473 4.570526 1.218195
0.474 4.561872 1.195130
0.475 4.553240 1.174568
0.476 4.544180 1.155366
0.477 4.534047 1.136208
0.478 4.522180 1.117648
0.479 4.511589 1.099204
0.480 4.502973 1.081965
0.481 4.493825 1.067118
0.482 4.485017 1.052746
0.483 4.476358 1.038461
0.484 4.467624 1.024058
0.485 4.458878 1.009793
0.486 4.450239 0.996183
0.487 4.441414 0.982404
0.488 4.432859 0.970897
0.489 4.423976 0.960369
0.490 4.415496 0.949188
0.491 4.406562 0.938483
0.492 4.398147 0.928068
0.493 4.389170 0.917678
0.494 4.383177 0.908092
0.495 4.377718 0.898675
0.496 4.370640 0.889360
0.497 4.362491 0.880847
0.498 4.353565 0.872363
0.499 4.345298 0.863383
0.500 4.337578 0.855663
0.501 4.331940 0.847624
0.502 4.326155 0.840159
0.503 4.318897 0.832815
0.504 4.311156 0.825510
0.505 4.304487 0.818218
0.506 4.299280 0.811285
0.507 4.293251 0.804450
0.508 4.286044 0.797746
0.509 4.280480 0.791341
0.510 4.275284 0.785063
0.511 4.268451 0.778797
0.512 4.261879 0.773006
0.513 4.256850 0.767273
0.514 4.251868 0.761416
0.515 4.246706 0.755797
0.516 4.241913 0.750044
0.517 4.235374 0.744808
0.518 4.228972 0.739576
0.519 4.224414 0.734343
0.520 4.219136 0.729131
0.521 4.215169 0.723940
0.522 4.210331 0.719454
0.523 4.205771 0.714470
0.524 4.201030 0.709467
0.525 4.196481 0.704936
0.526 4.192026 0.700500
0.527 4.187349 0.695844
0.528 4.183024 0.691394
0.529 4.179421 0.687194
0.530 4.173752 0.683013
0.531 4.169874 0.678610
0.532 4.165317 0.673939
0.533 4.161270 0.669577
0.534 4.156440 0.665418
0.535 4.151904 0.661550
0.536 4.149822 0.658021
0.537 4.147539 0.653870
0.538 4.142787 0.649734
0.539 4.138550 0.645607
0.540 4.133903 0.641965
0.541 4.129781 0.638252
0.542 4.126061 0.634481
0.543 4.121979 0.631007
0.544 4.118266 0.627337
0.545 4.116233 0.623563
0.546 4.112354 0.620152
0.547 4.108764 0.616801
0.548 4.105901 0.613315
0.549 4.103146 0.609637
0.550 4.099957 0.605887
0.551 4.096138 0.602584
0.552 4.093427 0.599408
0.553 4.090727 0.596277
0.554 4.087316 0.593154
0.555 4.083207 0.590033
0.556 4.079095 0.586908
0.557 4.075555 0.583792
0.558 4.072776 0.580683
0.559 4.070321 0.577578
0.560 4.067205 0.574474
0.561 4.063733 0.571370
0.562 4.061172 0.568272
0.563 4.058583 0.565180
0.564 4.055466 0.562092
0.565 4.051968 0.559005
0.566 4.050084 0.556390
0.567 4.048566 0.553623
0.568 4.046545 0.550665
0.569 4.043095 0.547592
0.570 4.039587 0.545081
0.571 4.037279 0.542276
0.572 4.034871 0.539428
0.573 4.031374 0.536735
0.574 4.027945 0.533990
0.575 4.025718 0.531170
0.576 4.023424 0.528424
0.577 4.020279 0.525847
0.578 4.016683 0.523472
0.579 4.015174 0.520861
0.580 4.014120 0.518152
0.581 4.012283 0.515447
0.582 4.008590 0.513067
0.583 4.005571 0.510586
0.584 4.003440 0.508130
0.585 4.002706 0.505923
0.586 4.000837 0.503350
0.587 3.997661 0.500671
0.588 3.993564 0.498000
0.589 3.991740 0.495917
0.590 3.990347 0.493399
0.591 3.988091 0.490881
0.592 3.983402 0.488786
0.593 3.981488 0.486710
0.594 3.980091 0.484338
0.595 3.978833 0.481663
0.596 3.976526 0.479599
0.597 3.973505 0.477391
0.598 3.970465 0.475066
0.599 3.969421 0.472611
0.600 3.967975 0.470446
0.601 3.965969 0.468388
0.602 3.962904 0.466336
0.603 3.960267 0.464284
0.604 3.958203 0.462025
0.605 3.957014 0.459386
0.606 3.955566 0.457245
0.607 3.952872 0.455185
0.608 3.948355 0.453142
0.609 3.947211 0.451100
0.610 3.946347 0.449059
0.611 3.945411 0.447017
0.612 3.944260 0.444979
0.613 3.942700 0.442943
0.614 3.940564 0.440911
0.615 3.937624 0.438879
0.616 3.935212 0.436848
0.617 3.933930 0.434816
0.618 3.933037 0.432788
0.619 3.931408 0.430879
0.620 3.927734 0.429270
0.621 3.925364 0.427480
0.622 3.923595 0.425596
0.623 3.922437 0.423573
0.624 3.920859 0.421552
0.625 3.918953 0.419533
0.626 3.915630 0.417518
0.627 3.913321 0.415504
0.628 3.912175 0.413489
0.629 3.911527 0.411972
0.630 3.910838 0.410364
0.631 3.909875 0.408353
0.632 3.907222 0.406344
0.633 3.903880 0.404358
0.634 3.902082 0.402684
0.635 3.900753 0.400961
0.636 3.900008 0.399179
0.637 3.898176 0.397666
0.638 3.895905 0.396114
0.639 3.892737 0.394115
0.640 3.890868 0.392407
0.641 3.890130 0.390954
0.642 3.889527 0.389102
0.643 3.888716 0.387273
0.644 3.887098 0.385724
0.645 3.884650 0.384127
0.646 3.881514 0.382490
0.647 3.880170 0.380700
0.648 3.879164 0.378949
0.649 3.878455 0.377488
0.650 3.877507 0.376021
0.651 3.876300 0.374546
0.652 3.873717 0.372684
0.653 3.870830 0.370739
0.654 3.869473 0.369276
0.655 3.868308 0.367811
0.656 3.867522 0.366345
0.657 3.865916 0.364878
0.658 3.863766 0.363412
0.659 3.861358 0.361944
0.660 3.859097 0.360422
0.661 3.858436 0.358441
0.662 3.857772 0.356760
0.663 3.857103 0.355650
0.664 3.855939 0.354290
0.665 3.854409 0.352746
0.666 3.851679 0.351206
0.667 3.848644 0.349666
0.668 3.848052 0.348131
0.669 3.847459 0.346676
0.670 3.846864 0.345539
0.671 3.846009 0.344266
0.672 3.844755 0.342787
0.673 3.842276 0.341313
0.674 3.838891 0.339844
0.675 3.837578 0.338358
0.676 3.836972 0.336867
0.677 3.836372 0.335382
0.678 3.835727 0.333921
0.679 3.834333 0.332833
0.680 3.832679 0.331661
0.681 3.829974 0.330153
0.682 3.827920 0.328687
0.683 3.827195 0.327308
0.684 3.826275 0.326032
0.685 3.825116 0.324883
0.686 3.823055 0.323539
0.687 3.820281 0.322040
0.688 3.818625 0.320638
0.689 3.817551 0.319286
0.690 3.817077 0.318077
0.691 3.816807 0.316916
0.692 3.815703 0.315588
0.693 3.814422 0.314225
0.694 3.811975 0.313058
0.695 3.809386 0.311915
0.696 3.808240 0.310535
0.697 3.807173 0.309142
0.698 3.806960 0.308037
0.699 3.806718 0.306925
0.700 3.805283 0.305479
0.701 3.803772 0.304055
0.702 3.800872 0.303011
0.703 3.798148 0.301969
0.704 3.797980 0.300955
0.705 3.797790 0.299935
0.706 3.797277 0.298822
0.707 3.796728 0.297696
0.708 3.795564 0.296334
0.709 3.794339 0.294984
0.710 3.791274 0.293971
0.711 3.788210 0.292958
0.712 3.788096 0.291947
0.713 3.787987 0.290936
0.714 3.787461 0.289604
0.715 3.786915 0.288257
0.716 3.785640 0.287120
0.717 3.784280 0.286008
0.718 3.782075 0.284980
0.719 3.779694 0.283970
0.720 3.778727 0.282961
0.721 3.778243 0.281953
0.722 3.777584 0.280665
0.723 3.776831 0.279228
0.724 3.775510 0.278026
0.725 3.773720 0.277018
0.726 3.772020 0.276011
0.727 3.770439 0.275003
0.728 3.769172 0.274024
0.729 3.768642 0.273111
0.730 3.768085 0.272235
0.731 3.767382 0.271555
0.732 3.766677 0.270875
0.733 3.764370 0.269870
0.734 3.762063 0.268864
0.735 3.760826 0.267859
0.736 3.759804 0.266854
0.737 3.759389 0.265849
0.738 3.759298 0.264845
0.739 3.758645 0.263841
0.740 3.757330 0.262838
0.741 3.755709 0.261834
0.742 3.753182 0.260831
0.743 3.750730 0.259827
0.744 3.750639 0.258824
0.745 3.750549 0.257821
0.746 3.749917 0.256818
0.747 3.749148 0.255816
0.748 3.747996 0.255034
0.749 3.746533 0.254432
0.750 3.745028 0.253714
0.751 3.743418 0.252712
0.752 3.741825 0.251710
0.753 3.741398 0.250709
0.754 3.740971 0.249707
0.755 3.740225 0.248790
0.756 3.739359 0.247904
0.757 3.737979 0.247087
0.758 3.735903 0.246362
0.759 3.733993 0.245608
0.760 3.733457 0.244608
0.761 3.732922 0.243608
0.762 3.732496 0.242908
0.763 3.732101 0.242293
0.764 3.731286 0.241533
0.765 3.729920 0.240581
0.766 3.728519 0.239651
0.767 3.726685 0.238985
0.768 3.724851 0.238320
0.769 3.723983 0.237421
0.770 3.723530 0.236422
0.771 3.722963 0.235540
0.772 3.722142 0.234917
0.773 3.721320 0.234294
0.774 3.719414 0.233670
0.775 3.717396 0.233046
0.776 3.716045 0.232240
0.777 3.715396 0.231242
0.778 3.714766 0.230265
0.779 3.714483 0.229636
0.780 3.714199 0.229007
0.781 3.713275 0.228377
0.782 3.711930 0.227746
0.783 3.710552 0.227093
0.784 3.708969 0.226299
0.785 3.707387 0.225505
0.786 3.706565 0.224728
0.787 3.706138 0.223959
0.788 3.705623 0.223201
0.789 3.704659 0.222497
0.790 3.703695 0.221792
0.791 3.702039 0.221130
0.792 3.700011 0.220491
0.793 3.698224 0.219852
0.794 3.698162 0.219212
0.795 3.698099 0.218571
0.796 3.697834 0.217929
0.797 3.697420 0.217286
0.798 3.696999 0.216643
0.799 3.696170 0.215997
0.800 3.695342 0.215352
0.801 3.694064 0.214757
0.802 3.692215 0.214224
0.803 3.690367 0.213692
0.804 3.689837 0.213257
0.805 3.689548 0.212839
0.806 3.689163 0.212366
0.807 3.688468 0.211715
0.808 3.687773 0.211064
0.809 3.686680 0.210412
0.810 3.685330 0.209758
0.811 3.683979 0.209105
0.812 3.682780 0.208449
0.813 3.681586 0.207793
0.814 3.680734 0.207166
0.815 3.680679 0.206605
0.816 3.680624 0.206044
0.817 3.679865 0.205570
0.818 3.678673 0.205150
0.819 3.677482 0.204730
0.820 3.675928 0.204087
0.821 3.674344 0.203426
0.822 3.673009 0.202824
0.823 3.672625 0.202453
0.824 3.672242 0.202082
0.825 3.671893 0.201590
0.826 3.671582 0.200961
0.827 3.671271 0.200332
0.828 3.670527 0.199845
0.829 3.669615 0.199412
0.830 3.668702 0.198980
0.831 3.667208 0.198407
0.832 3.665684 0.197827
0.833 3.664365 0.197284
0.834 3.664112 0.196934
0.835 3.663860 0.196583
0.836 3.663568 0.196231
0.837 3.663206 0.195877
0.838 3.662844 0.195522
0.839 3.661979 0.195104
0.840 3.660662 0.194629
0.841 3.659345 0.194154
0.842 3.658171 0.193762
0.843 3.657065 0.193408
0.844 3.655959 0.193054
0.845 3.655719 0.192703
0.846 3.655674 0.192351
0.847 3.655629 0.192000
0.848 3.654840 0.191423
0.849 3.653995 0.190830
0.850 3.653136 0.190242
0.851 3.651728 0.189866
0.852 3.650319 0.189491
0.853 3.648987 0.189115
0.854 3.648331 0.188735
0.855 3.647675 0.188355
0.856 3.647115 0.187982
0.857 3.647073 0.187640
0.858 3.647031 0.187298
0.859 3.646913 0.186940
0.860 3.646480 0.186509
0.861 3.646046 0.186079
0.862 3.645496 0.185625
0.863 3.644500 0.185079
0.864 3.643505 0.184532
0.865 3.642568 0.184028
0.866 3.641870 0.183693
0.867 3.641173 0.183359
0.868 3.640521 0.183024
0.869 3.640096 0.182692
0.870 3.639670 0.182360
0.871 3.639220 0.182057
0.872 3.638595 0.181968
0.873 3.637970 0.181880
0.874 3.637360 0.181775
0.875 3.637032 0.181366
0.876 3.636704 0.180958
0.877 3.636376 0.180549
0.878 3.635839 0.180136
0.879 3.635293 0.179723
0.880 3.634747 0.179309
0.881 3.634330 0.178893
0.882 3.633937 0.178475
0.883 3.633544 0.178058
0.884 3.633202 0.177524
0.885 3.632881 0.176942
0.886 3.632561 0.176359
0.887 3.632115 0.175922
0.888 3.631567 0.175604
0.889 3.631019 0.175285
0.890 3.630537 0.174967
0.891 3.630168 0.174651
0.892 3.629799 0.174334
0.893 3.629439 0.174018
0.894 3.629126 0.173704
0.895 3.628812 0.173389
0.896 3.628499 0.173075
0.897 3.628166 0.172740
0.898 3.627831 0.172402
0.899 3.627497 0.172065
0.900 3.627091 0.171764
0.901 3.626652 0.171479
0.902 3.626214 0.171195
0.903 3.625782 0.170892
0.904 3.625359 0.170565
0.905 3.624936 0.170238
0.906 3.624527 0.169884
0.907 3.624225 0.169327
0.908 3.623923 0.168769
0.909 3.623621 0.168212
0.910 3.623322 0.167642
0.911 3.623024 0.167069
0.912 3.622727 0.166496
0.913 3.622430 0.166043
0.914 3.622135 0.165741
0.915 3.621841 0.165440
0.916 3.621539 0.165121
0.917 3.621152 0.164556
0.918 3.620764 0.163991
0.919 3.620376 0.163426
0.920 3.619940 0.163041
0.921 3.619481 0.162743
0.922 3.619022 0.162446
0.923 3.618605 0.162149
0.924 3.618317 0.161855
0.925 3.618028 0.161560
0.926 3.617740 0.161265
0.927 3.617454 0.160896
0.928 3.617169 0.160509
0.929 3.616884 0.160123
0.930 3.616599 0.159713
0.931 3.616316 0.159258
0.932 3.616033 0.158802
0.933 3.615749 0.158346
0.934 3.615468 0.157851
0.935 3.615187 0.157347
0.936 3.614906 0.156843
0.937 3.614626 0.156316
0.938 3.614348 0.155734
0.939 3.614070 0.155153
0.940 3.613792 0.154572
0.941 3.613433 0.154024
0.942 3.613047 0.153488
0.943 3.612661 0.152951
0.944 3.612270 0.152457
0.945 3.611855 0.152174
0.946 3.611441 0.151892
0.947 3.611026 0.151609
0.948 3.610692 0.151328
0.949 3.610421 0.151047
0.950 3.610149 0.150767
0.951 3.609878 0.150486
0.952 3.609610 0.149979
0.953 3.609343 0.149454
0.954 3.609076 0.148929
0.955 3.608809 0.148469
0.956 3.608546 0.148193
0.957 3.608282 0.147916
0.958 3.608018 0.147639
0.959 3.607760 0.147226
0.960 3.607505 0.146708
0.961 3.607250 0.146191
0.962 3.606995 0.145674
0.963 3.606735 0.145167
0.964 3.606475 0.144662
0.965 3.606215 0.144157
0.966 3.605954 0.143675
0.967 3.605689 0.143396
0.968 3.605424 0.143116
0.969 3.605159 0.142837
0.970 3.604898 0.142556
0.971 3.604642 0.142273
0.972 3.604386 0.141990
0.973 3.604131 0.141706
0.974 3.603876 0.141318
0.975 3.603624 0.140831
0.976 3.603371 0.140343
0.977 3.603118 0.139855
0.978 3.602867 0.139472
0.979 3.602616 0.139139
0.980 3.602365 0.138806
0.981 3.602114 0.138473
0.982 3.601866 0.138064
0.983 3.601618 0.137637
0.984 3.601370 0.137210
0.985 3.601122 0.136783
0.986 3.600876 0.136507
0.987 3.600630 0.136246
0.988 3.600384 0.135985
0.989 3.600138 0.135724
0.990 3.599894 0.135465
0.991 3.599650 0.135206
0.992 3.599406 0.134947
0.993 3.599162 0.134687
0.994 3.598920 0.134430
0.995 3.598679 0.134173
0.996 3.598437 0.133916
0.997 3.598198 0.133658
0.998 3.598079 0.133403
0.999 3.597961 0.133147
1.000 3.597843 0.132892
1.001 3.597725 0.132636
1.002 3.597594 0.132383
1.003 3.597464 0.132129
1.004 3.597333 0.131875
1.005 3.597203 0.131622
1.006 3.596977 0.131370
1.007 3.596744 0.131118
1.008 3.596511 0.130866
1.009 3.596278 0.130614
1.010 3.596047 0.130364
1.011 3.595816 0.130114
1.012 3.595585 0.129864
1.013 3.595355 0.129614
1.014 3.595125 0.129365
1.015 3.594897 0.129117
1.016 3.594669 0.128869
1.017 3.594440 0.128621
1.018 3.594213 0.128428
1.019 3.593987 0.128278
1.020 3.593761 0.128128
1.021 3.593534 0.127978
1.022 3.593309 0.127759
1.023 3.593084 0.127419
1.024 3.592860 0.127079
1.025 3.592635 0.126739
1.026 3.592421 0.126441
1.027 3.592272 0.126410
1.028 3.592124 0.126379
1.029 3.591975 0.126348
1.030 3.591827 0.126317
1.031 3.591737 0.126103
1.032 3.591655 0.125862
1.033 3.591574 0.125621
1.034 3.591492 0.125380
1.035 3.591334 0.125140
1.036 3.591118 0.124901
1.037 3.590903 0.124661
1.038 3.590687 0.124422
1.039 3.590472 0.124183
1.040 3.590258 0.123946
1.041 3.590044 0.123709
1.042 3.589830 0.123471
1.043 3.589616 0.123234
1.044 3.589404 0.122939
1.045 3.589192 0.122636
1.046 3.588980 0.122333
1.047 3.588768 0.122030
1.048 3.588558 0.121696
1.049 3.588351 0.121326
1.050 3.588143 0.120955
1.051 3.587935 0.120585
1.052 3.587729 0.120219
1.053 3.587725 0.120187
1.054 3.587721 0.120156
1.055 3.587717 0.120125
1.056 3.587713 0.120093
1.057 3.587589 0.119928
1.058 3.587358 0.119644
1.059 3.587128 0.119359
1.060 3.586897 0.119075
1.061 3.586668 0.118791
1.062 3.586567 0.118564
1.063 3.586465 0.118338
1.064 3.586364 0.118112
1.065 3.586263 0.117885
1.066 3.586153 0.117659
1.067 3.586031 0.117432
1.068 3.585910 0.117206
1.069 3.585788 0.116979
1.070 3.585666 0.116753
1.071 3.585483 0.116526
1.072 3.585288 0.116298
1.073 3.585094 0.116070
1.074 3.584899 0.115843
1.075 3.584709 0.115615
1.076 3.584540 0.115388
1.077 3.584371 0.115162
1.078 3.584202 0.114935
1.079 3.584032 0.114708
1.080 3.583901 0.114481
1.081 3.583805 0.114253
1.082 3.583708 0.114025
1.083 3.583611 0.113797
1.084 3.583515 0.113569
1.085 3.583422 0.113340
1.086 3.583329 0.113110
1.087 3.583237 0.112880
1.088 3.583144 0.112651
1.089 3.583052 0.112421
1.090 3.582960 0.112190
1.091 3.582869 0.111959
1.092 3.582777 0.111728
1.093 3.582686 0.111497
1.094 3.582603 0.111274
1.095 3.582548 0.111080
1.096 3.582493 0.110886
1.097 3.582438 0.110692
1.098 3.582383 0.110498
1.099 3.582352 0.110327
1.100 3.582358 0.110193
1.101 3.582365 0.110059
1.102 3.582371 0.109925
1.103 3.582378 0.109791
1.104 3.582385 0.109632
1.105 3.582394 0.109446
1.106 3.582403 0.109261
1.107 3.582412 0.109075
1.108 3.582421 0.108889
1.109 3.582431 0.108674
1.110 3.582440 0.108437
1.111 3.582450 0.108199
1.112 3.582460 0.107961
1.113 3.582470 0.107724
1.114 3.582480 0.107486
1.115 3.582489 0.107248
1.116 3.582499 0.107010
1.117 3.582509 0.106772
1.118 3.582519 0.106534
1.119 3.582529 0.106296
1.120 3.582539 0.106058
1.121 3.582548 0.105820
1.122 3.582558 0.105582
1.123 3.582568 0.105344
1.124 3.582578 0.105102
1.125 3.582588 0.104855
1.126 3.582599 0.104609
1.127 3.582609 0.104362
1.128 3.582619 0.104116
1.129 3.582629 0.103869
1.130 3.582640 0.103621
1.131 3.582650 0.103373
1.132 3.582660 0.103126
1.133 3.582671 0.102878
1.134 3.582681 0.102630
1.135 3.582691 0.102381
1.136 3.582702 0.102132
1.137 3.582712 0.101883
1.138 3.582723 0.101634
1.139 3.582733 0.101385
1.140 3.582743 0.101136
1.141 3.582753 0.100887
1.142 3.582763 0.100639
1.143 3.582773 0.100390
1.144 3.582783 0.100141
1.145 3.582790 0.099886
1.146 3.582796 0.099629
1.147 3.582803 0.099372
1.148 3.582809 0.099115
1.149 3.582815 0.098857
1.150 3.582821 0.098599
1.151 3.582826 0.098340
1.152 3.582831 0.098080
1.153 3.582836 0.097821
1.154 3.582841 0.097561
1.155 3.582846 0.097302
1.156 3.582851 0.097043
1.157 3.582856 0.096784
1.158 3.582861 0.096525
1.159 3.582866 0.096266
1.160 3.582871 0.096006
1.161 3.582876 0.095747
1.162 3.582880 0.095487
1.163 3.582884 0.095227
1.164 3.582889 0.094967
1.165 3.582893 0.094707
1.166 3.582895 0.094446
1.167 3.582890 0.094183
1.168 3.582884 0.093920
1.169 3.582879 0.093657
1.170 3.582873 0.093393
1.171 3.582868 0.093130
1.172 3.582860 0.092866
1.173 3.582852 0.092600
1.174 3.582843 0.092335
1.175 3.582835 0.092070
1.176 3.582826 0.091805
1.177 3.582818 0.091539
1.178 3.582810 0.091275
1.179 3.582801 0.091010
1.180 3.582793 0.090745
1.181 3.582785 0.090481
1.182 3.582776 0.090216
1.183 3.582768 0.089951
1.184 3.582759 0.089687
1.185 3.582750 0.089423
1.186 3.582741 0.089159
1.187 3.582732 0.088894
1.188 3.582723 0.088630
1.189 3.582706 0.088368
1.190 3.582687 0.088106
1.191 3.582668 0.087844
1.192 3.582649 0.087582
1.193 3.582631 0.087320
1.194 3.582611 0.087058
1.195 3.582590 0.086798
1.196 3.582568 0.086537
1.197 3.582546 0.086277
1.198 3.582525 0.086016
1.199 3.582503 0.085756
1.200 3.582481 0.085496
1.201 3.582460 0.085235
1.202 3.582438 0.084974
1.203 3.582416 0.084713
1.204 3.582395 0.084452
1.205 3.582373 0.084192
1.206 3.582352 0.083931
1.207 3.582330 0.083671
1.208 3.582308 0.083410
1.209 3.582287 0.083150
1.210 3.582265 0.082890
1.211 3.582243 0.082629
1.212 3.582219 0.082375
1.213 3.582193 0.082124
1.214 3.582168 0.081873
1.215 3.582142 0.081622
1.216 3.582116 0.081371
1.217 3.582091 0.081121
1.218 3.582064 0.080871
1.219 3.582037 0.080622
1.220 3.582011 0.080373
1.221 3.581984 0.080124
1.222 3.581957 0.079875
1.223 3.581930 0.079626
1.224 3.581904 0.079377
1.225 3.581877 0.079129
1.226 3.581850 0.078880
1.227 3.581824 0.078631
1.228 3.581797 0.078382
1.229 3.581770 0.078134
1.230 3.581744 0.077885
1.231 3.581718 0.077638
1.232 3.581691 0.077390
1.233 3.581665 0.077142
1.234 3.581639 0.076894
1.235 3.581612 0.076646
1.236 3.581588 0.076403
1.237 3.581567 0.076165
1.238 3.581546 0.075927
1.239 3.581525 0.075689
1.240 3.581504 0.075451
1.241 3.581482 0.075213
1.242 3.581462 0.074958
1.243 3.581442 0.074662
1.244 3.581422 0.074366
1.245 3.581403 0.074070
1.246 3.581383 0.073774
1.247 3.581364 0.073478
1.248 3.581344 0.073180
1.249 3.581324 0.072847
1.250 3.581305 0.072514
1.251 3.581285 0.072181
1.252 3.581266 0.071849
1.253 3.581246 0.071516
1.254 3.581227 0.071183
1.255 3.581208 0.070849
1.256 3.581189 0.070516
1.257 3.581170 0.070182
1.258 3.581151 0.069848
1.259 3.581132 0.069515
1.260 3.581113 0.069181
1.261 3.581103 0.068822
1.262 3.581110 0.068415
1.263 3.581116 0.068009
1.264 3.581123 0.067603
1.265 3.581129 0.067196
1.266 3.581136 0.066790
1.267 3.581142 0.066383
1.268 3.581155 0.065953
1.269 3.581169 0.065521
1.270 3.581182 0.065088
1.271 3.581196 0.064655
1.272 3.581210 0.064223
1.273 3.581223 0.063790
1.274 3.581237 0.063358
1.275 3.581250 0.062925
1.276 3.581264 0.062493
1.277 3.581278 0.062060
1.278 3.581291 0.061628
1.279 3.581305 0.061195
1.280 3.581318 0.060763
1.281 3.581332 0.060329
1.282 3.581346 0.059894
1.283 3.581360 0.059460
1.284 3.581373 0.059025
1.285 3.581387 0.058590
1.286 3.581401 0.058156
1.287 3.581416 0.057701
1.288 3.581440 0.057149
1.289 3.581463 0.056597
1.290 3.581487 0.056045
1.291 3.581511 0.055492
1.292 3.581534 0.054940
1.293 3.581558 0.054388
1.294 3.581583 0.053799
1.295 3.581609 0.053166
1.296 3.581636 0.052532
1.297 3.581663 0.051899
1.298 3.581689 0.051265
1.299 3.581716 0.050632
1.300 3.581742 0.049999
1.301 3.581769 0.049313
1.302 3.581796 0.048601
1.303 3.581823 0.047889
1.304 3.581849 0.047177
1.305 3.581876 0.046465
1.306 3.581903 0.045754
1.307 3.581930 0.045042
1.308 3.581956 0.044188
1.309 3.581983 0.043301
1.310 3.582010 0.042415
1.311 3.582037 0.041528
1.312 3.582064 0.040641
1.313 3.582091 0.039754
1.314 3.582118 0.038867
1.315 3.582005 0.037740
1.316 3.581873 0.036579
1.317 3.581742 0.035419
1.318 3.581610 0.034258
1.319 3.581478 0.033098
1.320 3.581346 0.031937
1.321 3.581214 0.030777
1.322 3.581071 0.029566
1.323 3.580913 0.028293
1.324 3.580755 0.027020
1.325 3.580597 0.025747
1.326 3.580439 0.024473
1.327 3.580281 0.023200
1.328 3.580123 0.021927
1.329 3.579965 0.020654
1.330 3.579799 0.019571
1.331 3.579633 0.018505
1.332 3.579466 0.017439
1.333 3.579299 0.016373
1.334 3.579133 0.015306
1.335 3.578966 0.014240
1.336 3.578800 0.013174
1.337 3.578629 0.012253
1.338 3.578451 0.011651
1.339 3.578272 0.011049
1.340 3.578093 0.010447
1.341 3.577915 0.009845
1.342 3.577736 0.009243
1.343 3.577557 0.008642
1.344 3.577378 0.008040
1.345 3.577202 0.007570
1.346 3.577027 0.007183
1.347 3.576853 0.006796
1.348 3.576678 0.006408
1.349 3.576503 0.006021
1.350 3.576328 0.005634
1.351 3.576153 0.005247
1.352 3.575979 0.004859
1.353 3.575850 0.004596
1.354 3.575731 0.004357
1.355 3.575612 0.004118
1.356 3.575492 0.003880
1.357 3.575373 0.003641
1.358 3.575254 0.003402
1.359 3.575135 0.003163
1.360 3.575015 0.002925
1.361 3.574903 0.002760
1.362 3.574791 0.002598
1.363 3.574679 0.002436
1.364 3.574567 0.002274
1.365 3.574455 0.002112
1.366 3.574343 0.001950
1.367 3.574231 0.001788
1.368 3.574119 0.001627
1.369 3.574021 0.001539
1.370 3.573923 0.001452
1.371 3.573824 0.001365
1.372 3.573726 0.001278
1.373 3.573628 0.001191
1.374 3.573530 0.001105
1.375 3.573432 0.001018
1.376 3.573334 0.000931
1.377 3.573248 0.000924
1.378 3.573163 0.000923
1.379 3.573079 0.000922
1.380 3.572994 0.000922
1.381 3.572909 0.000921
1.382 3.572824 0.000920
1.383 3.572740 0.000919
1.384 3.572655 0.000919
1.385 3.572572 0.000853
1.386 3.572489 0.000769
1.387 3.572406 0.000684
1.388 3.572323 0.000600
1.389 3.572241 0.000516
1.390 3.572158 0.000431
1.391 3.572075 0.000347
1.392 3.571992 0.000262
1.393 3.571916 0.000208
1.394 3.571844 0.000182
1.395 3.571773 0.000157
1.396 3.571702 0.000131
1.397 3.571631 0.000106
1.398 3.571560 0.000080
1.399 3.571489 0.000054
1.400 3.571417 0.000029
1.401 3.571347 0.000007
1.402 3.571276 0.000007
1.403 3.571206 0.000006
1.404 3.571136 0.000006
1.405 3.571066 0.000006
1.406 3.570996 0.000006
1.407 3.570926 0.000005
1.408 3.570856 0.000005
1.409 3.570786 0.000005
1.410 3.570721 0.000004
1.411 3.570657 0.000004
1.412 3.570594 0.000004
1.413 3.570530 0.000004
1.414 3.570466 0.000004
1.415 3.570403 0.000003
1.416 3.570339 0.000003
1.417 3.570276 0.000003
1.418 3.570213 0.000003
1.419 3.570154 0.000003
1.420 3.570095 0.000003
1.421 3.570035 0.000002
1.422 3.569976 0.000002
1.423 3.569917 0.000002
1.424 3.569858 0.000002
1.425 3.569798 0.000002
1.426 3.569739 0.000002
1.427 3.569681 0.000002
1.428 3.569623 0.000002
1.429 3.569565 0.000002
1.430 3.569507 0.000002
1.431 3.569449 0.000001
1.432 3.569391 0.000001
1.433 3.569334 0.000001
1.434 3.569276 0.000001
1.435 3.569218 0.000001
1.436 3.569164 0.000001
1.437 3.569111 0.000001
1.438 3.569058 0.000001
1.439 3.569006 0.000001
1.440 3.568953 0.000001
1.441 3.568900 0.000001
1.442 3.568847 0.000001
1.443 3.568795 0.000001
1.444 3.568742 0.000001
1.445 3.568689 0.000001
1.446 3.568637 0.000001
1.447 3.568585 0.000001
1.448 3.568532 0.000001
1.449 3.568480 0.000001
1.450 3.568427 0.000000
1.451 3.568375 0.000000
1.452 3.568323 0.000000
1.453 3.568270 0.000000
1.454 3.568221 0.000000
1.455 3.568173 0.000000
1.456 3.568125 0.000000
1.457 3.568077 0.000000
1.458 3.568029 0.000000
1.459 3.567980 0.000000
1.460 3.567932 0.000000
1.461 3.567884 0.000000
1.462 3.567836 0.000000
1.463 3.567789 0.000000
1.464 3.567743 0.000000
1.465 3.567696 0.000000
1.466 3.567650 0.000000
1.467 3.567604 0.000000
1.468 3.567557 0.000000
1.469 3.567511 0.000000
1.470 3.567465 0.000000
1.471 3.567418 0.000000
1.472 3.567373 0.000000
1.473 3.567328 0.000000
1.474 3.567283 0.000000
1.475 3.567238 0.000000
1.476 3.567193 0.000000
1.477 3.567148 0.000000
1.478 3.567103 0.000000
1.479 3.567058 0.000000
1.480 3.567013 0.000000
1.481 3.566969 0.000000
1.482 3.566927 0.000000
1.483 3.566886 0.000000
1.484 3.566844 0.000000
1.485 3.566803 0.000000
1.486 3.566761 0.000000
1.487 3.566720 0.000000
1.488 3.566678 0.000000
1.489 3.566637 0.000000
1.490 3.566596 0.000000
1.491 3.566554 0.000000
1.492 3.566513 0.000000
1.493 3.566472 0.000000
1.494 3.566430 0.000000
1.495 3.566389 0.000000
1.496 3.566348 0.000000
1.497 3.566306 0.000000
1.498 3.566265 0.000000
1.499 3.566224 0.000000
1.500 3.566183 0.000000
1.501 3.566144 0.000000
1.502 3.566106 0.000000
1.503 3.566068 0.000000
1.504 3.566029 0.000000
1.505 3.565991 0.000000
1.506 3.565952 0.000000
1.507 3.565914 0.000000
1.508 3.565876 0.000000
1.509 3.565837 0.000000
1.510 3.565799 0.000000
1.511 3.565761 0.000000
1.512 3.565724 0.000000
1.513 3.565686 0.000000
1.514 3.565649 0.000000
1.515 3.565611 0.000000
1.516 3.565573 0.000000
1.517 3.565536 0.000000
1.518 3.565498 0.000000
1.519 3.565460 0.000000
1.520 3.565424 0.000000
1.521 3.565387 0.000000
1.522 3.565351 0.000000
1.523 3.565314 0.000000
1.524 3.565278 0.000000
1.525 3.565242 0.000000
1.526 3.565205 0.000000
1.527 3.565169 0.000000
1.528 3.565132 0.000000
1.529 3.565096 0.000000
1.530 3.565061 0.000000
1.531 3.565027 0.000000
1.532 3.564993 0.000000
1.533 3.564958 0.000000
1.534 3.564924 0.000000
1.535 3.564890 0.000000
1.536 3.564856 0.000000
1.537 3.564821 0.000000
1.538 3.564787 0.000000
1.539 3.564753 0.000000
1.540 3.564719 0.000000
1.541 3.564684 0.000000
1.542 3.564650 0.000000
1.543 3.564616 0.000000
1.544 3.564582 0.000000
1.545 3.564548 0.000000
1.546 3.564514 0.000000
1.547 3.564479 0.000000
1.548 3.564445 0.000000
1.549 3.564411 0.000000
1.550 3.564378 0.000000
1.551 3.564346 0.000000
1.552 3.564314 0.000000
1.553 3.564283 0.000000
1.554 3.564251 0.000000
1.555 3.564219 0.000000
1.556 3.564187 0.000000
1.557 3.564156 0.000000
1.558 3.564124 0.000000
1.559 3.564092 0.000000
1.560 3.564061 0.000000
1.561 3.564029 0.000000
1.562 3.563998 0.000000
1.563 3.563966 0.000000
1.564 3.563935 0.000000
1.565 3.563904 0.000000
1.566 3.563872 0.000000
1.567 3.563841 0.000000
1.568 3.563809 0.000000
1.569 3.563778 0.000000
1.570 3.563746 0.000000
1.571 3.563716 0.000000
1.572 3.563686 0.000000
1.573 3.563656 0.000000
1.574 3.563626 0.000000
1.575 3.563596 0.000000
1.576 3.563566 0.000000
1.577 3.563536 0.000000
1.578 3.563506 0.000000
1.579 3.563476 0.000000
1.580 3.563446 0.000000
1.581 3.563416 0.000000
1.582 3.563387 0.000000
1.583 3.563359 0.000000
1.584 3.563331 0.000000
1.585 3.563303 0.000000
1.586 3.563275 0.000000
1.587 3.563246 0.000000
1.588 3.563218 0.000000
1.589 3.563190 0.000000
1.590 3.563162 0.000000
1.591 3.563133 0.000000
1.592 3.563105 0.000000
1.593 3.563077 0.000000
1.594 3.563049 0.000000
1.595 3.563021 0.000000
1.596 3.562993 0.000000
1.597 3.562965 0.000000
1.598 3.562936 0.000000
1.599 3.562908 0.000000
1.600 3.562880 0.000000
1.601 3.562852 0.000000
1.602 3.562824 0.000000
1.603 3.562796 0.000000
1.604 3.562770 0.000000
1.605 3.562744 0.000000
1.606 3.562717 0.000000
1.607 3.562691 0.000000
1.608 3.562664 0.000000
1.609 3.562638 0.000000
1.610 3.562612 0.000000
1.611 3.562585 0.000000
1.612 3.562559 0.000000
1.613 3.562532 0.000000
1.614 3.562506 0.000000
1.615 3.562480 0.000000
1.616 3.562454 0.000000
1.617 3.562427 0.000000
1.618 3.562401 0.000000
1.619 3.562375 0.000000
1.620 3.562349 0.000000
1.621 3.562322 0.000000
1.622 3.562296 0.000000
1.623 3.562270 0.000000
1.624 3.562244 0.000000
1.625 3.562217 0.000000
1.626 3.562192 0.000000
1.627 3.562167 0.000000
1.628 3.562142 0.000000
1.629 3.562116 0.000000
1.630 3.562091 0.000000
1.631 3.562066 0.000000
1.632 3.562041 0.000000
1.633 3.562015 0.000000
1.634 3.561990 0.000000
1.635 3.561965 0.000000
1.636 3.561939 0.000000
1.637 3.561915 0.000000
1.638 3.561890 0.000000
1.639 3.561866 0.000000
1.640 3.561842 0.000000
1.641 3.561817 0.000000
1.642 3.561793 0.000000
1.643 3.561769 0.000000
1.644 3.561744 0.000000
1.645 3.561720 0.000000
1.646 3.561696 0.000000
1.647 3.561671 0.000000
1.648 3.561647 0.000000
1.649 3.561623 0.000000
1.650 3.561599 0.000000
1.651 3.561574 0.000000
1.652 3.561550 0.000000
1.653 3.561526 0.000000
1.654 3.561502 0.000000
1.655 3.561478 0.000000
1.656 3.561454 0.000000
1.657 3.561430 0.000000
1.658 3.561406 0.000000
1.659 3.561381 0.000000
1.660 3.561358 0.000000
1.661 3.561335 0.000000
1.662 3.561312 0.000000
1.663 3.561290 0.000000
1.664 3.561267 0.000000
1.665 3.561245 0.000000
1.666 3.561222 0.000000
1.667 3.561199 0.000000
1.668 3.561177 0.000000
1.669 3.561154 0.000000
1.670 3.561131 0.000000
1.671 3.561109 0.000000
1.672 3.561086 0.000000
1.673 3.561063 0.000000
1.674 3.561041 0.000000
1.675 3.561018 0.000000
1.676 3.560996 0.000000
1.677 3.560973 0.000000
1.678 3.560951 0.000000
1.679 3.560928 0.000000
1.680 3.560905 0.000000
1.681 3.560883 0.000000
1.682 3.560860 0.000000
1.683 3.560838 0.000000
1.684 3.560816 0.000000
1.685 3.560795 0.000000
1.686 3.560773 0.000000
1.687 3.560752 0.000000
1.688 3.560731 0.000000
1.689 3.560710 0.000000
1.690 3.560689 0.000000
1.691 3.560667 0.000000
1.692 3.560646 0.000000
1.693 3.560625 0.000000
1.694 3.560604 0.000000
1.695 3.560583 0.000000
1.696 3.560562 0.000000
1.697 3.560541 0.000000
1.698 3.560521 0.000000
1.699 3.560501 0.000000
1.700 3.560480 0.000000
1.701 3.560460 0.000000
1.702 3.560440 0.000000
1.703 3.560419 0.000000
1.704 3.560399 0.000000
1.705 3.560379 0.000000
1.706 3.560359 0.000000
1.707 3.560338 0.000000
1.708 3.560318 0.000000
1.709 3.560298 0.000000
1.710 3.560278 0.000000
1.711 3.560258 0.000000
1.712 3.560238 0.000000
1.713 3.560217 0.000000
1.714 3.560197 0.000000
1.715 3.560177 0.000000
1.716 3.560157 0.000000
1.717 3.560137 0.000000
1.718 3.560117 0.000000
1.719 3.560097 0.000000
1.720 3.560077 0.000000
1.721 3.560057 0.000000
1.722 3.560038 0.000000
1.723 3.560018 0.000000
1.724 3.559999 0.000000
1.725 3.559980 0.000000
1.726 3.559961 0.000000
1.727 3.559942 0.000000
1.728 3.559923 0.000000
1.729 3.559903 0.000000
1.730 3.559884 0.000000
1.731 3.559865 0.000000
1.732 3.559846 0.000000
1.733 3.559827 0.000000
1.734 3.559807 0.000000
1.735 3.559788 0.000000
1.736 3.559769 0.000000
1.737 3.559750 0.000000
1.738 3.559731 0.000000
1.739 3.559712 0.000000
1.740 3.559692 0.000000
1.741 3.559673 0.000000
1.742 3.559654 0.000000
1.743 3.559635 0.000000
1.744 3.559616 0.000000
1.745 3.559596 0.000000
1.746 3.559577 0.000000
1.747 3.559558 0.000000
1.748 3.559540 0.000000
1.749 3.559522 0.000000
1.750 3.559504 0.000000
1.751 3.559486 0.000000
1.752 3.559468 0.000000
1.753 3.559450 0.000000
1.754 3.559432 0.000000
1.755 3.559414 0.000000
1.756 3.559396 0.000000
1.757 3.559378 0.000000
1.758 3.559360 0.000000
1.759 3.559342 0.000000
1.760 3.559324 0.000000
1.761 3.559307 0.000000
1.762 3.559289 0.000000
1.763 3.559271 0.000000
1.764 3.559254 0.000000
1.765 3.559236 0.000000
1.766 3.559219 0.000000
1.767 3.559201 0.000000
1.768 3.559184 0.000000
1.769 3.559166 0.000000
1.770 3.559149 0.000000
1.771 3.559131 0.000000
1.772 3.559113 0.000000
1.773 3.559096 0.000000
1.774 3.559079 0.000000
1.775 3.559061 0.000000
1.776 3.559044 0.000000
1.777 3.559027 0.000000
1.778 3.559010 0.000000
1.779 3.558993 0.000000
1.780 3.558976 0.000000
1.781 3.558958 0.000000
1.782 3.558941 0.000000
1.783 3.558924 0.000000
1.784 3.558907 0.000000
1.785 3.558890 0.000000
1.786 3.558873 0.000000
1.787 3.558856 0.000000
1.788 3.558840 0.000000
1.789 3.558824 0.000000
1.790 3.558808 0.000000
1.791 3.558791 0.000000
1.792 3.558775 0.000000
1.793 3.558759 0.000000
1.794 3.558743 0.000000
1.795 3.558727 0.000000
1.796 3.558711 0.000000
1.797 3.558695 0.000000
1.798 3.558679 0.000000
1.799 3.558663 0.000000
1.800 3.558646 0.000000
1.801 3.558630 0.000000
1.802 3.558614 0.000000
1.803 3.558598 0.000000
1.804 3.558582 0.000000
1.805 3.558566 0.000000
1.806 3.558550 0.000000
1.807 3.558534 0.000000
1.808 3.558518 0.000000
1.809 3.558502 0.000000
1.810 3.558486 0.000000
1.811 3.558470 0.000000
1.812 3.558453 0.000000
1.813 3.558437 0.000000
1.814 3.558421 0.000000
1.815 3.558406 0.000000
1.816 3.558390 0.000000
1.817 3.558375 0.000000
1.818 3.558360 0.000000
1.819 3.558345 0.000000
1.820 3.558329 0.000000
1.821 3.558314 0.000000
1.822 3.558299 0.000000
1.823 3.558284 0.000000
1.824 3.558268 0.000000
1.825 3.558253 0.000000
1.826 3.558238 0.000000
1.827 3.558223 0.000000
1.828 3.558207 0.000000
1.829 3.558192 0.000000
1.830 3.558177 0.000000
1.831 3.558162 0.000000
1.832 3.558147 0.000000
1.833 3.558132 0.000000
1.834 3.558117 0.000000
1.835 3.558102 0.000000
1.836 3.558087 0.000000
1.837 3.558072 0.000000
1.838 3.558057 0.000000
1.839 3.558042 0.000000
1.840 3.558027 0.000000
1.841 3.558012 0.000000
1.842 3.557997 0.000000
1.843 3.557981 0.000000
1.844 3.557967 0.000000
1.845 3.557952 0.000000
1.846 3.557938 0.000000
1.847 3.557923 0.000000
1.848 3.557909 0.000000
1.849 3.557894 0.000000
1.850 3.557879 0.000000
1.851 3.557865 0.000000
1.852 3.557850 0.000000
1.853 3.557836 0.000000
1.854 3.557821 0.000000
1.855 3.557807 0.000000
1.856 3.557792 0.000000
1.857 3.557777 0.000000
1.858 3.557763 0.000000
1.859 3.557749 0.000000
1.860 3.557736 0.000000
1.861 3.557722 0.000000
1.862 3.557708 0.000000
1.863 3.557695 0.000000
1.864 3.557681 0.000000
1.865 3.557667 0.000000
1.866 3.557653 0.000000
1.867 3.557640 0.000000
1.868 3.557626 0.000000
1.869 3.557612 0.000000
1.870 3.557599 0.000000
1.871 3.557585 0.000000
1.872 3.557571 0.000000
1.873 3.557557 0.000000
1.874 3.557544 0.000000
1.875 3.557530 0.000000
1.876 3.557516 0.000000
1.877 3.557503 0.000000
1.878 3.557489 0.000000
1.879 3.557475 0.000000
1.880 3.557462 0.000000
1.881 3.557448 0.000000
1.882 3.557434 0.000000
1.883 3.557421 0.000000
1.884 3.557407 0.000000
1.885 3.557393 0.000000
1.886 3.557380 0.000000
1.887 3.557366 0.000000
1.888 3.557352 0.000000
1.889 3.557339 0.000000
1.890 3.557327 0.000000
1.891 3.557314 0.000000
1.892 3.557301 0.000000
1.893 3.557288 0.000000
1.894 3.557275 0.000000
1.895 3.557262 0.000000
1.896 3.557249 0.000000
1.897 3.557237 0.000000
1.898 3.557224 0.000000
1.899 3.557211 0.000000
1.900 3.557198 0.000000
1.901 3.557185 0.000000
1.902 3.557172 0.000000
1.903 3.557159 0.000000
1.904 3.557147 0.000000
1.905 3.557134 0.000000
1.906 3.557121 0.000000
1.907 3.557108 0.000000
1.908 3.557095 0.000000
1.909 3.557083 0.000000
1.910 3.557070 0.000000
1.911 3.557057 0.000000
1.912 3.557044 0.000000
1.913 3.557032 0.000000
1.914 3.557019 0.000000
1.915 3.557006 0.000000
1.916 3.556993 0.000000
1.917 3.556981 0.000000
1.918 3.556968 0.000000
1.919 3.556955 0.000000
1.920 3.556943 0.000000
1.921 3.556930 0.000000
1.922 3.556918 0.000000
1.923 3.556906 0.000000
1.924 3.556893 0.000000
1.925 3.556881 0.000000
1.926 3.556868 0.000000
1.927 3.556856 0.000000
1.928 3.556844 0.000000
1.929 3.556831 0.000000
1.930 3.556819 0.000000
1.931 3.556806 0.000000
1.932 3.556794 0.000000
1.933 3.556782 0.000000
1.934 3.556769 0.000000
1.935 3.556757 0.000000
1.936 3.556745 0.000000
1.937 3.556733 0.000000
1.938 3.556721 0.000000
1.939 3.556709 0.000000
1.940 3.556698 0.000000
1.941 3.556686 0.000000
1.942 3.556674 0.000000
1.943 3.556662 0.000000
1.944 3.556650 0.000000
1.945 3.556638 0.000000
1.946 3.556626 0.000000
1.947 3.556614 0.000000
1.948 3.556602 0.000000
1.949 3.556590 0.000000
1.950 3.556579 0.000000