0.253 2.225985 3.332090
0.254 2.280378 3.339920
0.255 2.334948 3.349054
0.256 2.389412 3.355781
0.257 2.446460 3.362538
0.258 2.505044 3.369239
0.259 2.566358 3.374500
0.260 2.634017 3.377738
0.261 2.702358 3.377286
0.262 2.772783 3.368739
0.263 2.845943 3.356965
0.264 2.920404 3.335526
0.265 2.994165 3.308842
0.266 3.062658 3.274266
0.267 3.130336 3.234946
0.268 3.191278 3.189088
0.269 3.248855 3.139410
0.270 3.296365 3.087331
0.271 3.341370 3.031591
0.272 3.378710 2.975916
0.273 3.412248 2.921149
0.274 3.438662 2.866139
0.275 3.461506 2.810616
0.276 3.481245 2.759035
0.277 3.498418 2.708339
0.278 3.509097 2.657438
0.279 3.518650 2.608416
0.280 3.527482 2.564304
0.281 3.531598 2.518868
0.282 3.535770 2.476733
0.283 3.537386 2.436318
0.284 3.537670 2.396401
0.285 3.538162 2.358486
0.286 3.535707 2.323568
0.287 3.532040 2.286981
0.288 3.527967 2.254449
0.289 3.523340 2.222608
0.290 3.515247 2.192531
0.291 3.508423 2.164154
0.292 3.502916 2.136550
0.293 3.494562 2.108793
0.294 3.485149 2.084748
0.295 3.475315 2.062033
0.296 3.466377 2.039798
0.297 3.457444 2.019374
0.298 3.446724 2.001352
0.299 3.436321 1.983747
0.300 3.425382 1.966161
0.301 3.416326 1.949800
0.302 3.405300 1.934223
0.303 3.396818 1.922245
0.304 3.385712 1.907655
0.305 3.376394 1.897015
0.306 3.366549 1.887114
0.307 3.358811 1.877458
0.308 3.349700 1.867702
0.309 3.340293 1.858517
0.310 3.332273 1.849582
0.311 3.323131 1.842040
0.312 3.314333 1.836738
0.313 3.307023 1.830681
0.314 3.301284 1.824702
0.315 3.293701 1.819415
0.316 3.285776 1.814279
0.317 3.280919 1.810945
0.318 3.273896 1.806997
0.319 3.268952 1.803510
0.320 3.263262 1.801016
0.321 3.258658 1.799131
0.322 3.253018 1.796235
0.323 3.248578 1.794784
0.324 3.242843 1.794083
0.325 3.240249 1.791440
0.326 3.235494 1.790990
0.327 3.231830 1.791303
0.328 3.229784 1.791637
0.329 3.227377 1.792075
0.330 3.222514 1.789186
0.331 3.219942 1.789102
0.332 3.218556 1.789596
0.333 3.216879 1.790589
0.334 3.215808 1.791354
0.335 3.214353 1.792568
0.336 3.213386 1.793221
0.337 3.212213 1.794171
0.338 3.211192 1.795272
0.339 3.210305 1.797435
0.340 3.209187 1.801479
0.341 3.208611 1.803271
0.342 3.208147 1.804362
0.343 3.207466 1.805997
0.344 3.209525 1.807311
0.345 3.210903 1.809302
0.346 3.210647 1.814855
0.347 3.211037 1.816139
0.348 3.214309 1.817989
0.349 3.214624 1.819542
0.350 3.214590 1.823817
0.351 3.217743 1.827430
0.352 3.219407 1.829525
0.353 3.222165 1.832448
0.354 3.224320 1.837339
0.355 3.227605 1.840147
0.356 3.229389 1.841911
0.357 3.232664 1.847389
0.358 3.235294 1.850979
0.359 3.238196 1.853698
0.360 3.242491 1.859008
0.361 3.245552 1.862397
0.362 3.247480 1.865083
0.363 3.252745 1.871339
0.364 3.257068 1.874005
0.365 3.261583 1.878552
0.366 3.265555 1.883231
0.367 3.271097 1.887697
0.368 3.275663 1.893518
0.369 3.282420 1.897410
0.370 3.287226 1.903193
0.371 3.291982 1.907356
0.372 3.299245 1.913355
0.373 3.307256 1.919616
0.374 3.312230 1.924175
0.375 3.320028 1.929884
0.376 3.327373 1.936037
0.377 3.333324 1.941835
0.378 3.341623 1.948243
0.379 3.350893 1.954726
0.380 3.362559 1.961050
0.381 3.373491 1.967726
0.382 3.382618 1.974034
0.383 3.395033 1.980226
0.384 3.407960 1.986437
0.385 3.422298 1.993073
0.386 3.434917 1.998291
0.387 3.450178 2.001764
0.388 3.466322 2.005390
0.389 3.482561 2.006739
0.390 3.501845 2.007568
0.391 3.519565 2.006457
0.392 3.535865 2.003910
0.393 3.550025 2.000948
0.394 3.563238 1.995740
0.395 3.576830 1.991881
0.396 3.589603 1.986883
0.397 3.599080 1.981986
0.398 3.606789 1.977070
0.399 3.613342 1.974088
0.400 3.620224 1.969260
0.401 3.628061 1.969727
0.402 3.633942 1.970586
0.403 3.639839 1.971893
0.404 3.646097 1.976358
0.405 3.652544 1.981565
0.406 3.660083 1.987466
0.407 3.670878 1.996034
0.408 3.682085 2.004100
0.409 3.695767 2.014229
0.410 3.709617 2.025665
0.411 3.727312 2.035431
0.412 3.747171 2.042964
0.413 3.770247 2.053286
0.414 3.793943 2.062949
0.415 3.820406 2.071743
0.416 3.851049 2.077839
0.417 3.882169 2.083589
0.418 3.915358 2.085277
0.419 3.949509 2.084564
0.420 3.983081 2.081631
0.421 4.016625 2.076474
0.422 4.050015 2.069882
0.423 4.083205 2.062038
0.424 4.116144 2.051838
0.425 4.148561 2.040219
0.426 4.180426 2.027265
0.427 4.211752 2.011871
0.428 4.243843 1.995312
0.429 4.276566 1.977470
0.430 4.308166 1.957954
0.431 4.339271 1.935546
0.432 4.369916 1.909603
0.433 4.398645 1.882338
0.434 4.426050 1.852576
0.435 4.452843 1.821084
0.436 4.477293 1.787367
0.437 4.498948 1.751953
0.438 4.518681 1.715445
0.439 4.535777 1.677652
0.440 4.549329 1.639374
0.441 4.559340 1.600833
0.442 4.567517 1.561985
0.443 4.572288 1.524028
0.444 4.574041 1.487664
0.445 4.574369 1.452189
0.446 4.571879 1.418063
0.447 4.568179 1.386064
0.448 4.563450 1.354657
0.449 4.556590 1.324314
0.450 4.548795 1.294655
0.451 4.542803 1.266326
0.452 4.536085 1.240582
0.453 4.527112 1.215352
0.454 4.518030 1.191405
0.455 4.508711 1.169633
0.456 4.498585 1.148657
0.457 4.487113 1.128179
0.458 4.475971 1.107879
0.459 4.466663 1.089013
0.460 4.456921 1.072342
0.461 4.447504 1.055927
0.462 4.438021 1.040215
0.463 4.428776 1.023756
0.464 4.419124 1.009121
0.465 4.409979 0.993655
0.466 4.400457 0.979628
0.467 4.391191 0.967440
0.468 4.381882 0.954935
0.469 4.372481 0.942653
0.470 4.363391 0.930930
0.471 4.353883 0.919311
0.472 4.347075 0.908459
0.473 4.340090 0.897798
0.474 4.331781 0.887584
0.475 4.322741 0.877872
0.476 4.313654 0.867995
0.477 4.305173 0.858668
0.478 4.298011 0.849687
0.479 4.291254 0.840981
0.480 4.283420 0.832534
0.481 4.275177 0.824273
0.482 4.267899 0.816062
0.483 4.261825 0.808233
0.484 4.254583 0.800499
0.485 4.247001 0.793068
0.486 4.241147 0.785893
0.487 4.234306 0.778758
0.488 4.226771 0.771921
0.489 4.220759 0.765446
0.490 4.214917 0.758799
0.491 4.209012 0.752355
0.492 4.203054 0.746008
0.493 4.196063 0.740031
0.494 4.189808 0.734059
0.495 4.184133 0.728131
0.496 4.178770 0.722298
0.497 4.173509 0.716847
0.498 4.168077 0.711370
0.499 4.162686 0.705743
0.500 4.157426 0.700558
0.501 4.152239 0.695454
0.502 4.146954 0.690256
0.503 4.142173 0.685279
0.504 4.137058 0.680479
0.505 4.131715 0.675643
0.506 4.126884 0.670611
0.507 4.121928 0.665618
0.508 4.116923 0.660944
0.509 4.111708 0.656500
0.510 4.108565 0.652327
0.511 4.104950 0.647713
0.512 4.099854 0.643155
0.513 4.095112 0.638684
0.514 4.089936 0.634687
0.515 4.085787 0.630316
0.516 4.081156 0.626353
0.517 4.076848 0.622281
0.518 4.073683 0.618134
0.519 4.069367 0.614240
0.520 4.065310 0.610427
0.521 4.061798 0.606501
0.522 4.058214 0.602467
0.523 4.054230 0.598539
0.524 4.050260 0.594882
0.525 4.047107 0.591326
0.526 4.043337 0.587809
0.527 4.038884 0.584302
0.528 4.034427 0.580790
0.529 4.030458 0.577311
0.530 4.027219 0.573862
0.531 4.023896 0.570428
0.532 4.020148 0.566998
0.533 4.016506 0.563577
0.534 4.013514 0.560183
0.535 4.009986 0.556821
0.536 4.006115 0.553467
0.537 4.003386 0.550451
0.538 4.001068 0.547344
0.539 3.998067 0.544101
0.540 3.994251 0.540948
0.541 3.990594 0.538053
0.542 3.988111 0.534868
0.543 3.984350 0.531892
0.544 3.980589 0.528912
0.545 3.977596 0.525885
0.546 3.974752 0.522903
0.547 3.971192 0.520079
0.548 3.967343 0.517412
0.549 3.965753 0.514513
0.550 3.963529 0.511615
0.551 3.960293 0.508855
0.552 3.956653 0.506180
0.553 3.953733 0.503455
0.554 3.952172 0.500991
0.555 3.949759 0.498255
0.556 3.946089 0.495416
0.557 3.942423 0.492733
0.558 3.940086 0.490339
0.559 3.938194 0.487535
0.560 3.933993 0.485138
0.561 3.930822 0.482822
0.562 3.928752 0.480359
0.563 3.926848 0.477596
0.564 3.924140 0.475330
0.565 3.920742 0.472929
0.566 3.918036 0.470427
0.567 3.916243 0.467920
0.568 3.914110 0.465680
0.569 3.910969 0.463461
0.570 3.907940 0.461249
0.571 3.905374 0.458913
0.572 3.903578 0.456241
0.573 3.901578 0.454009
0.574 3.898073 0.451822
0.575 3.894600 0.449651
0.576 3.893144 0.447484
0.577 3.891595 0.445317
0.578 3.889934 0.443159
0.579 3.887998 0.441014
0.580 3.885530 0.438885
0.581 3.882402 0.436761
0.582 3.880017 0.434637
0.583 3.878303 0.432516
0.584 3.876890 0.430407
0.585 3.873615 0.428584
0.586 3.870600 0.426734
0.587 3.868387 0.424773
0.588 3.866721 0.422688
0.589 3.864703 0.420612
0.590 3.862199 0.418545
0.591 3.858866 0.416491
0.592 3.857033 0.414441
0.593 3.855624 0.412597
0.594 3.854443 0.410973
0.595 3.852982 0.408936
0.596 3.850321 0.406909
0.597 3.847154 0.404937
0.598 3.845053 0.403182
0.599 3.843570 0.401365
0.600 3.841990 0.399605
0.601 3.839683 0.398034
0.602 3.836661 0.396111
0.603 3.834246 0.394289
0.604 3.833014 0.392736
0.605 3.831893 0.390854
0.606 3.830427 0.389071
0.607 3.828512 0.387449
0.608 3.825461 0.385772
0.609 3.823134 0.384028
0.610 3.821673 0.382213
0.611 3.820489 0.380668
0.612 3.819132 0.379129
0.613 3.817571 0.377589
0.614 3.814674 0.375681
0.615 3.812290 0.373937
0.616 3.810627 0.372420
0.617 3.809377 0.370902
0.618 3.807759 0.369385
0.619 3.805478 0.367873
0.620 3.803009 0.366368
0.621 3.800918 0.364748
0.622 3.799835 0.362842
0.623 3.798749 0.361441
0.624 3.797547 0.360167
0.625 3.795787 0.358612
0.626 3.793321 0.357065
0.627 3.790404 0.355523
0.628 3.789406 0.353987
0.629 3.788407 0.352586
0.630 3.787408 0.351366
0.631 3.785981 0.349925
0.632 3.784089 0.348443
0.633 3.780894 0.346974
0.634 3.779049 0.345497
0.635 3.778063 0.344014
0.636 3.777083 0.342536
0.637 3.775879 0.341174
0.638 3.774277 0.340015
0.639 3.771932 0.338621
0.640 3.769421 0.337145
0.641 3.768369 0.335767
0.642 3.767172 0.334465
0.643 3.765776 0.333269
0.644 3.763413 0.331866
0.645 3.760853 0.330407
0.646 3.759540 0.329061
0.647 3.758487 0.327777
0.648 3.757819 0.326586
0.649 3.756576 0.325279
0.650 3.755088 0.323930
0.651 3.752582 0.322756
0.652 3.750451 0.321524
0.653 3.749169 0.320158
0.654 3.748295 0.318931
0.655 3.747704 0.317799
0.656 3.746266 0.316430
0.657 3.744544 0.315067
0.658 3.741812 0.313986
0.659 3.739926 0.312916
0.660 3.739383 0.311865
0.661 3.738668 0.310765
0.662 3.737853 0.309637
0.663 3.736585 0.308335
0.664 3.735102 0.307035
0.665 3.732257 0.305990
0.666 3.730164 0.304946
0.667 3.729692 0.303908
0.668 3.729039 0.302729
0.669 3.728223 0.301423
0.670 3.726936 0.300254
0.671 3.725470 0.299136
0.672 3.723261 0.298096
0.673 3.721125 0.297063
0.674 3.720374 0.296037
0.675 3.719567 0.294922
0.676 3.718604 0.293555
0.677 3.717290 0.292333
0.678 3.715497 0.291309
0.679 3.713802 0.290287
0.680 3.712181 0.289266
0.681 3.711166 0.288302
0.682 3.710397 0.287361
0.683 3.709514 0.286579
0.684 3.708609 0.285827
0.685 3.706469 0.284824
0.686 3.704348 0.283810
0.687 3.703194 0.282799
0.688 3.702166 0.281788
0.689 3.701771 0.280782
0.690 3.701127 0.279777
0.691 3.699753 0.278773
0.692 3.698057 0.277769
0.693 3.695709 0.276765
0.694 3.694141 0.275761
0.695 3.693756 0.274759
0.696 3.693128 0.273760
0.697 3.692206 0.272763
0.698 3.691009 0.271926
0.699 3.689532 0.271252
0.700 3.687993 0.270407
0.701 3.686398 0.269412
0.702 3.685331 0.268417
0.703 3.684692 0.267424
0.704 3.683859 0.266484
0.705 3.682876 0.265587
0.706 3.681345 0.264765
0.707 3.679390 0.263999
0.708 3.678118 0.263111
0.709 3.677404 0.262124
0.710 3.676753 0.261300
0.711 3.676156 0.260625
0.712 3.675178 0.259817
0.713 3.673806 0.258873
0.714 3.672268 0.258033
0.715 3.670522 0.257321
0.716 3.669207 0.256505
0.717 3.668576 0.255524
0.718 3.667852 0.254639
0.719 3.666926 0.253963
0.720 3.665777 0.253288
0.721 3.663893 0.252614
0.722 3.662164 0.251898
0.723 3.661389 0.250923
0.724 3.660624 0.249958
0.725 3.660145 0.249282
0.726 3.659666 0.248605
0.727 3.658405 0.247928
0.728 3.657071 0.247251
0.729 3.655593 0.246473
0.730 3.654074 0.245667
0.731 3.653154 0.244874
0.732 3.652574 0.244089
0.733 3.651784 0.243329
0.734 3.650769 0.242596
0.735 3.649485 0.241880
0.736 3.647611 0.241201
0.737 3.645945 0.240523
0.738 3.645671 0.239845
0.739 3.645398 0.239167
0.740 3.644862 0.238489
0.741 3.644306 0.237810
0.742 3.643507 0.237130
0.743 3.642615 0.236449
0.744 3.641307 0.235815
0.745 3.639590 0.235227
0.746 3.638216 0.234664
0.747 3.637773 0.234172
0.748 3.637323 0.233675
0.749 3.636553 0.232994
0.750 3.635784 0.232312
0.751 3.634610 0.231629
0.752 3.633307 0.230946
0.753 3.632066 0.230262
0.754 3.630893 0.229577
0.755 3.629899 0.228908
0.756 3.629657 0.228303
0.757 3.629414 0.227698
0.758 3.628351 0.227196
0.759 3.627185 0.226707
0.760 3.625837 0.226105
0.761 3.624351 0.225419
0.762 3.623100 0.224790
0.763 3.622597 0.224341
0.764 3.622093 0.223892
0.765 3.621651 0.223258
0.766 3.621216 0.222601
0.767 3.620522 0.222030
0.768 3.619601 0.221533
0.769 3.618601 0.221018
0.770 3.617180 0.220401
0.771 3.615758 0.219785
0.772 3.615134 0.219312
0.773 3.614753 0.218883
0.774 3.614343 0.218454
0.775 3.613880 0.218024
0.776 3.613417 0.217594
0.777 3.612222 0.217072
0.778 3.610981 0.216544
0.779 3.609827 0.216066
0.780 3.608758 0.215637
0.781 3.607736 0.215208
0.782 3.607537 0.214782
0.783 3.607338 0.214356
0.784 3.606757 0.213814
0.785 3.605908 0.213192
0.786 3.605010 0.212588
0.787 3.603700 0.212145
0.788 3.602391 0.211702
0.789 3.601455 0.211257
0.790 3.600762 0.210810
0.791 3.600116 0.210366
0.792 3.599928 0.209951
0.793 3.599740 0.209536
0.794 3.599375 0.209081
0.795 3.598873 0.208595
0.796 3.598362 0.208107
0.797 3.597401 0.207526
0.798 3.596439 0.206945
0.799 3.595590 0.206444
0.800 3.594873 0.206036
0.801 3.594156 0.205629
0.802 3.593637 0.205224
0.803 3.593147 0.204819
0.804 3.592611 0.204471
0.805 3.591963 0.204268
0.806 3.591314 0.204065
0.807 3.590831 0.203686
0.808 3.590429 0.203220
0.809 3.590020 0.202753
0.810 3.589439 0.202283
0.811 3.588858 0.201813
0.812 3.588326 0.201342
0.813 3.587872 0.200869
0.814 3.587418 0.200396
0.815 3.587010 0.199826
0.816 3.586620 0.199218
0.817 3.586221 0.198621
0.818 3.585644 0.198232
0.819 3.585068 0.197842
0.820 3.584543 0.197454
0.821 3.584114 0.197066
0.822 3.583685 0.196678
0.823 3.583287 0.196292
0.824 3.582906 0.195906
0.825 3.582525 0.195520
0.826 3.582134 0.195119
0.827 3.581741 0.194716
0.828 3.581337 0.194319
0.829 3.580861 0.193959
0.830 3.580385 0.193600
0.831 3.579914 0.193227
0.832 3.579451 0.192832
0.833 3.578988 0.192437
0.834 3.578584 0.191932
0.835 3.578223 0.191346
0.836 3.577862 0.190761
0.837 3.577510 0.190166
0.838 3.577162 0.189569
0.839 3.576813 0.188971
0.840 3.576469 0.188585
0.841 3.576125 0.188213
0.842 3.575775 0.187820
0.843 3.575354 0.187229
0.844 3.574934 0.186638
0.845 3.574500 0.186097
0.846 3.574021 0.185729
0.847 3.573542 0.185360
0.848 3.573112 0.184992
0.849 3.572778 0.184625
0.850 3.572445 0.184259
0.851 3.572113 0.183860
0.852 3.571783 0.183418
0.853 3.571453 0.182975
0.854 3.571124 0.182504
0.855 3.570796 0.182005
0.856 3.570468 0.181505
0.857 3.570141 0.180983
0.858 3.569815 0.180443
0.859 3.569490 0.179903
0.860 3.569168 0.179326
0.861 3.568848 0.178723
0.862 3.568529 0.178120
0.863 3.568156 0.177540
0.864 3.567747 0.176974
0.865 3.567339 0.176408
0.866 3.566917 0.175969
0.867 3.566484 0.175614
0.868 3.566052 0.175260
0.869 3.565689 0.174907
0.870 3.565378 0.174554
0.871 3.565067 0.174201
0.872 3.564762 0.173744
0.873 3.564462 0.173187
0.874 3.564162 0.172631
0.875 3.563865 0.172166
0.876 3.563571 0.171817
0.877 3.563277 0.171468
0.878 3.562985 0.171049
0.879 3.562698 0.170498
0.880 3.562411 0.169948
0.881 3.562124 0.169400
0.882 3.561833 0.168860
0.883 3.561543 0.168320
0.884 3.561253 0.167798
0.885 3.560964 0.167447
0.886 3.560676 0.167095
0.887 3.560387 0.166744
0.888 3.560107 0.166390
0.889 3.559828 0.166036
0.890 3.559549 0.165681
0.891 3.559271 0.165198
0.892 3.558994 0.164673
0.893 3.558718 0.164147
0.894 3.558442 0.163692
0.895 3.558167 0.163296
0.896 3.557893 0.162900
0.897 3.557620 0.162479
0.898 3.557351 0.162005
0.899 3.557082 0.161530
0.900 3.556812 0.161065
0.901 3.556546 0.160730
0.902 3.556280 0.160395
0.903 3.556013 0.160060
0.904 3.555748 0.159726
0.905 3.555483 0.159392
0.906 3.555218 0.159059
0.907 3.554955 0.158726
0.908 3.554694 0.158394
0.909 3.554433 0.158062
0.910 3.554189 0.157730
0.911 3.554041 0.157399
0.912 3.553893 0.157068
0.913 3.553745 0.156737
0.914 3.553591 0.156407
0.915 3.553435 0.156077
0.916 3.553280 0.155748
0.917 3.553087 0.155419
0.918 3.552845 0.155091
0.919 3.552604 0.154762
0.920 3.552362 0.154434
0.921 3.552123 0.154108
0.922 3.551883 0.153781
0.923 3.551643 0.153455
0.924 3.551407 0.153129
0.925 3.551172 0.152804
0.926 3.550937 0.152479
0.927 3.550703 0.152168
0.928 3.550471 0.151926
0.929 3.550239 0.151684
0.930 3.550006 0.151442
0.931 3.549775 0.151089
0.932 3.549544 0.150687
0.933 3.549314 0.150284
0.934 3.549095 0.149929
0.935 3.548930 0.149788
0.936 3.548765 0.149646
0.937 3.548599 0.149505
0.938 3.548477 0.149247
0.939 3.548378 0.148927
0.940 3.548278 0.148608
0.941 3.548167 0.148288
0.942 3.547957 0.147970
0.943 3.547746 0.147652
0.944 3.547536 0.147334
0.945 3.547326 0.147017
0.946 3.547117 0.146700
0.947 3.546908 0.146383
0.948 3.546699 0.146067
0.949 3.546492 0.145699
0.950 3.546286 0.145327
0.951 3.546080 0.144954
0.952 3.545877 0.144566
0.953 3.545683 0.144134
0.954 3.545488 0.143703
0.955 3.545293 0.143272
0.956 3.545204 0.143014
0.957 3.545185 0.142870
0.958 3.545167 0.142726
0.959 3.545148 0.142583
0.960 3.544953 0.142243
0.961 3.544742 0.141884
0.962 3.544531 0.141525
0.963 3.544341 0.141175
0.964 3.544241 0.140865
0.965 3.544141 0.140555
0.966 3.544042 0.140245
0.967 3.543940 0.139933
0.968 3.543834 0.139620
0.969 3.543728 0.139306
0.970 3.543623 0.138992
0.971 3.543479 0.138677
0.972 3.543314 0.138361
0.973 3.543150 0.138045
0.974 3.542986 0.137729
0.975 3.542840 0.137414
0.976 3.542698 0.137099
0.977 3.542555 0.136784
0.978 3.542413 0.136468
0.979 3.542335 0.136151
0.980 3.542256 0.135834
0.981 3.542177 0.135516
0.982 3.542101 0.135197
0.983 3.542040 0.134869
0.984 3.541980 0.134541
0.985 3.541919 0.134213
0.986 3.541860 0.133884
0.987 3.541805 0.133552
0.988 3.541750 0.133220
0.989 3.541695 0.132887
0.990 3.541649 0.132565
0.991 3.541625 0.132264
0.992 3.541601 0.131963
0.993 3.541577 0.131662
0.994 3.541571 0.131378
0.995 3.541601 0.131127
0.996 3.541631 0.130876
0.997 3.541661 0.130625
0.998 3.541695 0.130352
0.999 3.541737 0.130038
1.000 3.541778 0.129724
1.001 3.541820 0.129410
1.002 3.541862 0.129081
1.003 3.541908 0.128716
1.004 3.541954 0.128352
1.005 3.541999 0.127987
1.006 3.542045 0.127623
1.007 3.542090 0.127258
1.008 3.542136 0.126894
1.009 3.542181 0.126529
1.010 3.542227 0.126164
1.011 3.542273 0.125796
1.012 3.542318 0.125429
1.013 3.542364 0.125061
1.014 3.542410 0.124693
1.015 3.542458 0.124289
1.016 3.542505 0.123885
1.017 3.542553 0.123481
1.018 3.542600 0.123077
1.019 3.542648 0.122665
1.020 3.542697 0.122251
1.021 3.542745 0.121837
1.022 3.542793 0.121423
1.023 3.542841 0.121009
1.024 3.542890 0.120594
1.025 3.542938 0.120179
1.026 3.542986 0.119764
1.027 3.543034 0.119349
1.028 3.543081 0.118931
1.029 3.543127 0.118514
1.030 3.543174 0.118097
1.031 3.543218 0.117673
1.032 3.543247 0.117218
1.033 3.543276 0.116763
1.034 3.543304 0.116308
1.035 3.543333 0.115854
1.036 3.543358 0.115389
1.037 3.543381 0.114922
1.038 3.543404 0.114456
1.039 3.543428 0.113989
1.040 3.543451 0.113523
1.041 3.543475 0.113057
1.042 3.543499 0.112591
1.043 3.543522 0.112125
1.044 3.543546 0.111659
1.045 3.543566 0.111191
1.046 3.543587 0.110724
1.047 3.543607 0.110256
1.048 3.543628 0.109788
1.049 3.543613 0.109307
1.050 3.543588 0.108820
1.051 3.543562 0.108334
1.052 3.543536 0.107848
1.053 3.543506 0.107360
1.054 3.543466 0.106867
1.055 3.543427 0.106375
1.056 3.543387 0.105882
1.057 3.543347 0.105389
1.058 3.543308 0.104897
1.059 3.543269 0.104405
1.060 3.543230 0.103913
1.061 3.543191 0.103421
1.062 3.543151 0.102929
1.063 3.543109 0.102439
1.064 3.543068 0.101948
1.065 3.543026 0.101457
1.066 3.542984 0.100966
1.067 3.542909 0.100485
1.068 3.542820 0.100007
1.069 3.542731 0.099529
1.070 3.542643 0.099051
1.071 3.542553 0.098574
1.072 3.542450 0.098100
1.073 3.542348 0.097627
1.074 3.542246 0.097154
1.075 3.542144 0.096681
1.076 3.542042 0.096207
1.077 3.541940 0.095734
1.078 3.541838 0.095260
1.079 3.541736 0.094786
1.080 3.541634 0.094313
1.081 3.541532 0.093841
1.082 3.541430 0.093369
1.083 3.541328 0.092898
1.084 3.541226 0.092426
1.085 3.541122 0.091957
1.086 3.541001 0.091528
1.087 3.540879 0.091099
1.088 3.540758 0.090670
1.089 3.540637 0.090241
1.090 3.540514 0.089816
1.091 3.540388 0.089398
1.092 3.540261 0.088981
1.093 3.540134 0.088563
1.094 3.540008 0.088146
1.095 3.539882 0.087729
1.096 3.539755 0.087311
1.097 3.539629 0.086894
1.098 3.539503 0.086477
1.099 3.539377 0.086059
1.100 3.539251 0.085643
1.101 3.539127 0.085228
1.102 3.539002 0.084813
1.103 3.538877 0.084398
1.104 3.538752 0.083983
1.105 3.538645 0.083604
1.106 3.538545 0.083238
1.107 3.538445 0.082872
1.108 3.538344 0.082506
1.109 3.538244 0.082140
1.110 3.538149 0.081742
1.111 3.538056 0.081336
1.112 3.537963 0.080931
1.113 3.537870 0.080526
1.114 3.537776 0.080120
1.115 3.537684 0.079688
1.116 3.537591 0.079250
1.117 3.537498 0.078812
1.118 3.537405 0.078374
1.119 3.537312 0.077936
1.120 3.537221 0.077497
1.121 3.537132 0.077059
1.122 3.537042 0.076620
1.123 3.536952 0.076181
1.124 3.536862 0.075742
1.125 3.536861 0.075255
1.126 3.536892 0.074750
1.127 3.536922 0.074245
1.128 3.536953 0.073740
1.129 3.536984 0.073236
1.130 3.537036 0.072716
1.131 3.537101 0.072188
1.132 3.537166 0.071659
1.133 3.537231 0.071131
1.134 3.537296 0.070602
1.135 3.537361 0.070074
1.136 3.537426 0.069545
1.137 3.537491 0.069017
1.138 3.537556 0.068489
1.139 3.537621 0.067960
1.140 3.537686 0.067430
1.141 3.537752 0.066896
1.142 3.537817 0.066363
1.143 3.537883 0.065829
1.144 3.537949 0.065295
1.145 3.538014 0.064761
1.146 3.538126 0.063886
1.147 3.538239 0.063003
1.148 3.538352 0.062120
1.149 3.538465 0.061236
1.150 3.538578 0.060353
1.151 3.538701 0.059376
1.152 3.538828 0.058352
1.153 3.538955 0.057328
1.154 3.539083 0.056304
1.155 3.539210 0.055280
1.156 3.539337 0.054235
1.157 3.539466 0.053142
1.158 3.539594 0.052049
1.159 3.539723 0.050956
1.160 3.539851 0.049863
1.161 3.539979 0.048771
1.162 3.540109 0.047539
1.163 3.540238 0.046291
1.164 3.540368 0.045044
1.165 3.540497 0.043796
1.166 3.540627 0.042548
1.167 3.540461 0.041162
1.168 3.539916 0.039596
1.169 3.539370 0.038029
1.170 3.538825 0.036463
1.171 3.538279 0.034897
1.172 3.537734 0.033331
1.173 3.537188 0.031765
1.174 3.536575 0.030135
1.175 3.535922 0.028468
1.176 3.535268 0.026802
1.177 3.534615 0.025135
1.178 3.533962 0.023468
1.179 3.533309 0.021801
1.180 3.532656 0.020135
1.181 3.531976 0.018767
1.182 3.531287 0.017499
1.183 3.530599 0.016231
1.184 3.529910 0.014962
1.185 3.529221 0.013694
1.186 3.528533 0.012426
1.187 3.527844 0.011157
1.188 3.527116 0.010416
1.189 3.526377 0.009817
1.190 3.525639 0.009218
1.191 3.524900 0.008619
1.192 3.524162 0.008019
1.193 3.523423 0.007420
1.194 3.522685 0.006821
1.195 3.521959 0.006356
1.196 3.521237 0.005937
1.197 3.520515 0.005518
1.198 3.519793 0.005100
1.199 3.519070 0.004681
1.200 3.518348 0.004262
1.201 3.517626 0.003844
1.202 3.517044 0.003556
1.203 3.516552 0.003351
1.204 3.516059 0.003147
1.205 3.515567 0.002943
1.206 3.515074 0.002739
1.207 3.514582 0.002534
1.208 3.514089 0.002330
1.209 3.513609 0.002154
1.210 3.513146 0.002023
1.211 3.512684 0.001891
1.212 3.512222 0.001759
1.213 3.511759 0.001627
1.214 3.511297 0.001496
1.215 3.510835 0.001364
1.216 3.510377 0.001237
1.217 3.509972 0.001166
1.218 3.509567 0.001094
1.219 3.509163 0.001023
1.220 3.508758 0.000951
1.221 3.508353 0.000879
1.222 3.507948 0.000808
1.223 3.507543 0.000736
1.224 3.507176 0.000712
1.225 3.506827 0.000709
1.226 3.506477 0.000706
1.227 3.506128 0.000703
1.228 3.505779 0.000700
1.229 3.505429 0.000697
1.230 3.505080 0.000694
1.231 3.504732 0.000677
1.232 3.504391 0.000610
1.233 3.504049 0.000543
1.234 3.503708 0.000477
1.235 3.503367 0.000410
1.236 3.503025 0.000343
1.237 3.502684 0.000277
1.238 3.502343 0.000210
1.239 3.502032 0.000173
1.240 3.501739 0.000152
1.241 3.501446 0.000131
1.242 3.501152 0.000110
1.243 3.500859 0.000090
1.244 3.500566 0.000069
1.245 3.500272 0.000048
1.246 3.499979 0.000028
1.247 3.499690 0.000026
1.248 3.499402 0.000024
1.249 3.499113 0.000023
1.250 3.498824 0.000022
1.251 3.498535 0.000021
1.252 3.498247 0.000019
1.253 3.497958 0.000018
1.254 3.497675 0.000017
1.255 3.497413 0.000016
1.256 3.497152 0.000015
1.257 3.496890 0.000014
1.258 3.496628 0.000014
1.259 3.496367 0.000013
1.260 3.496105 0.000012
1.261 3.495844 0.000011
1.262 3.495588 0.000011
1.263 3.495344 0.000010
1.264 3.495100 0.000010
1.265 3.494857 0.000009
1.266 3.494613 0.000009
1.267 3.494369 0.000008
1.268 3.494125 0.000008
1.269 3.493881 0.000007
1.270 3.493639 0.000007
1.271 3.493401 0.000007
1.272 3.493163 0.000006
1.273 3.492925 0.000006
1.274 3.492687 0.000005
1.275 3.492449 0.000005
1.276 3.492211 0.000005
1.277 3.491973 0.000004
1.278 3.491742 0.000004
1.279 3.491525 0.000004
1.280 3.491308 0.000004
1.281 3.491091 0.000003
1.282 3.490874 0.000003
1.283 3.490657 0.000003
1.284 3.490440 0.000003
1.285 3.490224 0.000003
1.286 3.490007 0.000003
1.287 3.489791 0.000002
1.288 3.489576 0.000002
1.289 3.489360 0.000002
1.290 3.489145 0.000002
1.291 3.488929 0.000002
1.292 3.488714 0.000002
1.293 3.488498 0.000002
1.294 3.488283 0.000001
1.295 3.488083 0.000001
1.296 3.487884 0.000001
1.297 3.487686 0.000001
1.298 3.487488 0.000001
1.299 3.487290 0.000001
1.300 3.487092 0.000001
1.301 3.486894 0.000001
1.302 3.486696 0.000001
1.303 3.486502 0.000001
1.304 3.486312 0.000001
1.305 3.486121 0.000001
1.306 3.485931 0.000001
1.307 3.485740 0.000001
1.308 3.485550 0.000001
1.309 3.485360 0.000001
1.310 3.485169 0.000001
1.311 3.484979 0.000000
1.312 3.484794 0.000000
1.313 3.484610 0.000000
1.314 3.484425 0.000000
1.315 3.484240 0.000000
1.316 3.484056 0.000000
1.317 3.483871 0.000000
1.318 3.483687 0.000000
1.319 3.483502 0.000000
1.320 3.483323 0.000000
1.321 3.483153 0.000000
1.322 3.482983 0.000000
1.323 3.482812 0.000000
1.324 3.482642 0.000000
1.325 3.482472 0.000000
1.326 3.482302 0.000000
1.327 3.482131 0.000000
1.328 3.481961 0.000000
1.329 3.481791 0.000000
1.330 3.481622 0.000000
1.331 3.481452 0.000000
1.332 3.481283 0.000000
1.333 3.481113 0.000000
1.334 3.480944 0.000000
1.335 3.480774 0.000000
1.336 3.480605 0.000000
1.337 3.480435 0.000000
1.338 3.480276 0.000000
1.339 3.480119 0.000000
1.340 3.479961 0.000000
1.341 3.479803 0.000000
1.342 3.479646 0.000000
1.343 3.479488 0.000000
1.344 3.479331 0.000000
1.345 3.479173 0.000000
1.346 3.479016 0.000000
1.347 3.478861 0.000000
1.348 3.478707 0.000000
1.349 3.478553 0.000000
1.350 3.478399 0.000000
1.351 3.478244 0.000000
1.352 3.478090 0.000000
1.353 3.477936 0.000000
1.354 3.477782 0.000000
1.355 3.477627 0.000000
1.356 3.477477 0.000000
1.357 3.477328 0.000000
1.358 3.477179 0.000000
1.359 3.477030 0.000000
1.360 3.476881 0.000000
1.361 3.476731 0.000000
1.362 3.476582 0.000000
1.363 3.476433 0.000000
1.364 3.476284 0.000000
1.365 3.476141 0.000000
1.366 3.476000 0.000000
1.367 3.475860 0.000000
1.368 3.475720 0.000000
1.369 3.475580 0.000000
1.370 3.475439 0.000000
1.371 3.475299 0.000000
1.372 3.475159 0.000000
1.373 3.475019 0.000000
1.374 3.474878 0.000000
1.375 3.474738 0.000000
1.376 3.474599 0.000000
1.377 3.474459 0.000000
1.378 3.474319 0.000000
1.379 3.474179 0.000000
1.380 3.474039 0.000000
1.381 3.473899 0.000000
1.382 3.473759 0.000000
1.383 3.473619 0.000000
1.384 3.473488 0.000000
1.385 3.473359 0.000000
1.386 3.473229 0.000000
1.387 3.473099 0.000000
1.388 3.472969 0.000000
1.389 3.472839 0.000000
1.390 3.472709 0.000000
1.391 3.472579 0.000000
1.392 3.472450 0.000000
1.393 3.472320 0.000000
1.394 3.472192 0.000000
1.395 3.472063 0.000000
1.396 3.471935 0.000000
1.397 3.471806 0.000000
1.398 3.471678 0.000000
1.399 3.471550 0.000000
1.400 3.471421 0.000000
1.401 3.471293 0.000000
1.402 3.471164 0.000000
1.403 3.471040 0.000000
1.404 3.470917 0.000000
1.405 3.470794 0.000000
1.406 3.470671 0.000000
1.407 3.470549 0.000000
1.408 3.470426 0.000000
1.409 3.470303 0.000000
1.410 3.470181 0.000000
1.411 3.470058 0.000000
1.412 3.469935 0.000000
1.413 3.469819 0.000000
1.414 3.469703 0.000000
1.415 3.469588 0.000000
1.416 3.469472 0.000000
1.417 3.469357 0.000000
1.418 3.469242 0.000000
1.419 3.469126 0.000000
1.420 3.469011 0.000000
1.421 3.468896 0.000000
1.422 3.468780 0.000000
1.423 3.468665 0.000000
1.424 3.468551 0.000000
1.425 3.468436 0.000000
1.426 3.468321 0.000000
1.427 3.468206 0.000000
1.428 3.468091 0.000000
1.429 3.467977 0.000000
1.430 3.467862 0.000000
1.431 3.467747 0.000000
1.432 3.467632 0.000000
1.433 3.467523 0.000000
1.434 3.467415 0.000000
1.435 3.467307 0.000000
1.436 3.467199 0.000000
1.437 3.467092 0.000000
1.438 3.466984 0.000000
1.439 3.466876 0.000000
1.440 3.466768 0.000000
1.441 3.466661 0.000000
1.442 3.466553 0.000000
1.443 3.466446 0.000000
1.444 3.466338 0.000000
1.445 3.466231 0.000000
1.446 3.466124 0.000000
1.447 3.466017 0.000000
1.448 3.465910 0.000000
1.449 3.465803 0.000000
1.450 3.465696 0.000000
1.451 3.465589 0.000000
1.452 3.465482 0.000000
1.453 3.465375 0.000000
1.454 3.465272 0.000000
1.455 3.465169 0.000000
1.456 3.465066 0.000000
1.457 3.464963 0.000000
1.458 3.464860 0.000000
1.459 3.464757 0.000000
1.460 3.464654 0.000000
1.461 3.464551 0.000000
1.462 3.464448 0.000000
1.463 3.464345 0.000000
1.464 3.464244 0.000000
1.465 3.464144 0.000000
1.466 3.464045 0.000000
1.467 3.463946 0.000000
1.468 3.463847 0.000000
1.469 3.463747 0.000000
1.470 3.463648 0.000000
1.471 3.463549 0.000000
1.472 3.463450 0.000000
1.473 3.463351 0.000000
1.474 3.463251 0.000000
1.475 3.463153 0.000000
1.476 3.463054 0.000000
1.477 3.462956 0.000000
1.478 3.462858 0.000000
1.479 3.462760 0.000000
1.480 3.462661 0.000000
1.481 3.462563 0.000000
1.482 3.462465 0.000000
1.483 3.462366 0.000000
1.484 3.462268 0.000000
1.485 3.462170 0.000000
1.486 3.462077 0.000000
1.487 3.461985 0.000000
1.488 3.461892 0.000000
1.489 3.461800 0.000000
1.490 3.461708 0.000000
1.491 3.461616 0.000000
1.492 3.461524 0.000000
1.493 3.461431 0.000000
1.494 3.461339 0.000000
1.495 3.461247 0.000000
1.496 3.461155 0.000000
1.497 3.461063 0.000000
1.498 3.460971 0.000000
1.499 3.460879 0.000000
1.500 3.460788 0.000000
1.501 3.460696 0.000000
1.502 3.460604 0.000000
1.503 3.460512 0.000000
1.504 3.460420 0.000000
1.505 3.460328 0.000000
1.506 3.460237 0.000000
1.507 3.460145 0.000000
1.508 3.460056 0.000000
1.509 3.459970 0.000000
1.510 3.459884 0.000000
1.511 3.459798 0.000000
1.512 3.459712 0.000000
1.513 3.459626 0.000000
1.514 3.459540 0.000000
1.515 3.459453 0.000000
1.516 3.459367 0.000000
1.517 3.459281 0.000000
1.518 3.459195 0.000000
1.519 3.459110 0.000000
1.520 3.459027 0.000000
1.521 3.458945 0.000000
1.522 3.458862 0.000000
1.523 3.458780 0.000000
1.524 3.458697 0.000000
1.525 3.458614 0.000000
1.526 3.458532 0.000000
1.527 3.458449 0.000000
1.528 3.458367 0.000000
1.529 3.458284 0.000000
1.530 3.458202 0.000000
1.531 3.458120 0.000000
1.532 3.458038 0.000000
1.533 3.457957 0.000000
1.534 3.457875 0.000000
1.535 3.457793 0.000000
1.536 3.457712 0.000000
1.537 3.457630 0.000000
1.538 3.457549 0.000000
1.539 3.457467 0.000000
1.540 3.457385 0.000000
1.541 3.457304 0.000000
1.542 3.457222 0.000000
1.543 3.457144 0.000000
1.544 3.457066 0.000000
1.545 3.456988 0.000000
1.546 3.456910 0.000000
1.547 3.456833 0.000000
1.548 3.456755 0.000000
1.549 3.456677 0.000000
1.550 3.456599 0.000000
1.551 3.456521 0.000000
1.552 3.456443 0.000000
1.553 3.456365 0.000000
1.554 3.456287 0.000000
1.555 3.456210 0.000000
1.556 3.456132 0.000000
1.557 3.456054 0.000000
1.558 3.455976 0.000000
1.559 3.455898 0.000000
1.560 3.455821 0.000000
1.561 3.455743 0.000000
1.562 3.455665 0.000000
1.563 3.455587 0.000000
1.564 3.455509 0.000000
1.565 3.455431 0.000000
1.566 3.455354 0.000000
1.567 3.455280 0.000000
1.568 3.455207 0.000000
1.569 3.455134 0.000000
1.570 3.455061 0.000000
1.571 3.454988 0.000000
1.572 3.454914 0.000000
1.573 3.454841 0.000000
1.574 3.454768 0.000000
1.575 3.454695 0.000000
1.576 3.454622 0.000000
1.577 3.454549 0.000000
1.578 3.454476 0.000000
1.579 3.454404 0.000000
1.580 3.454333 0.000000
1.581 3.454262 0.000000
1.582 3.454190 0.000000
1.583 3.454119 0.000000
1.584 3.454048 0.000000
1.585 3.453977 0.000000
1.586 3.453906 0.000000
1.587 3.453835 0.000000
1.588 3.453763 0.000000
1.589 3.453692 0.000000
1.590 3.453621 0.000000
1.591 3.453550 0.000000
1.592 3.453481 0.000000
1.593 3.453411 0.000000
1.594 3.453342 0.000000
1.595 3.453272 0.000000
1.596 3.453203 0.000000
1.597 3.453133 0.000000
1.598 3.453064 0.000000
1.599 3.452994 0.000000
1.600 3.452925 0.000000
1.601 3.452855 0.000000
1.602 3.452786 0.000000
1.603 3.452716 0.000000
1.604 3.452649 0.000000
1.605 3.452584 0.000000
1.606 3.452519 0.000000
1.607 3.452453 0.000000
1.608 3.452388 0.000000
1.609 3.452323 0.000000
1.610 3.452258 0.000000
1.611 3.452193 0.000000
1.612 3.452128 0.000000
1.613 3.452062 0.000000
1.614 3.451997 0.000000
1.615 3.451932 0.000000
1.616 3.451867 0.000000
1.617 3.451802 0.000000
1.618 3.451737 0.000000
1.619 3.451672 0.000000
1.620 3.451607 0.000000
1.621 3.451542 0.000000
1.622 3.451477 0.000000
1.623 3.451412 0.000000
1.624 3.451347 0.000000
1.625 3.451282 0.000000
1.626 3.451217 0.000000
1.627 3.451152 0.000000
1.628 3.451086 0.000000
1.629 3.451021 0.000000
1.630 3.450958 0.000000
1.631 3.450896 0.000000
1.632 3.450835 0.000000
1.633 3.450773 0.000000
1.634 3.450711 0.000000
1.635 3.450650 0.000000
1.636 3.450588 0.000000
1.637 3.450526 0.000000
1.638 3.450465 0.000000
1.639 3.450403 0.000000
1.640 3.450341 0.000000
1.641 3.450280 0.000000
1.642 3.450218 0.000000
1.643 3.450157 0.000000
1.644 3.450096 0.000000
1.645 3.450035 0.000000
1.646 3.449974 0.000000
1.647 3.449914 0.000000
1.648 3.449853 0.000000
1.649 3.449792 0.000000
1.650 3.449731 0.000000
1.651 3.449670 0.000000
1.652 3.449610 0.000000
1.653 3.449549 0.000000
1.654 3.449488 0.000000
1.655 3.449427 0.000000
1.656 3.449367 0.000000
1.657 3.449307 0.000000
1.658 3.449248 0.000000
1.659 3.449190 0.000000
1.660 3.449131 0.000000
1.661 3.449072 0.000000
1.662 3.449013 0.000000
1.663 3.448954 0.000000
1.664 3.448895 0.000000
1.665 3.448837 0.000000
1.666 3.448778 0.000000
1.667 3.448719 0.000000
1.668 3.448660 0.000000
1.669 3.448601 0.000000
1.670 3.448543 0.000000
1.671 3.448487 0.000000
1.672 3.448432 0.000000
1.673 3.448377 0.000000
1.674 3.448321 0.000000
1.675 3.448266 0.000000
1.676 3.448211 0.000000
1.677 3.448155 0.000000
1.678 3.448100 0.000000
1.679 3.448045 0.000000
1.680 3.447990 0.000000
1.681 3.447934 0.000000
1.682 3.447879 0.000000
1.683 3.447824 0.000000
1.684 3.447769 0.000000
1.685 3.447713 0.000000
1.686 3.447658 0.000000
1.687 3.447603 0.000000
1.688 3.447548 0.000000
1.689 3.447493 0.000000
1.690 3.447438 0.000000
1.691 3.447382 0.000000
1.692 3.447327 0.000000
1.693 3.447272 0.000000
1.694 3.447217 0.000000
1.695 3.447162 0.000000
1.696 3.447107 0.000000
1.697 3.447051 0.000000
1.698 3.446996 0.000000
1.699 3.446944 0.000000
1.700 3.446892 0.000000
1.701 3.446840 0.000000
1.702 3.446788 0.000000
1.703 3.446736 0.000000
1.704 3.446684 0.000000
1.705 3.446633 0.000000
1.706 3.446581 0.000000
1.707 3.446529 0.000000
1.708 3.446477 0.000000
1.709 3.446425 0.000000
1.710 3.446373 0.000000
1.711 3.446322 0.000000
1.712 3.446270 0.000000
1.713 3.446218 0.000000
1.714 3.446167 0.000000
1.715 3.446115 0.000000
1.716 3.446064 0.000000
1.717 3.446013 0.000000
1.718 3.445961 0.000000
1.719 3.445910 0.000000
1.720 3.445858 0.000000
1.721 3.445807 0.000000
1.722 3.445756 0.000000
1.723 3.445704 0.000000
1.724 3.445653 0.000000
1.725 3.445602 0.000000
1.726 3.445550 0.000000
1.727 3.445499 0.000000
1.728 3.445448 0.000000
1.729 3.445399 0.000000
1.730 3.445349 0.000000
1.731 3.445299 0.000000
1.732 3.445249 0.000000
1.733 3.445199 0.000000
1.734 3.445150 0.000000
1.735 3.445100 0.000000
1.736 3.445050 0.000000
1.737 3.445000 0.000000
1.738 3.444950 0.000000
1.739 3.444901 0.000000
1.740 3.444851 0.000000
1.741 3.444801 0.000000
1.742 3.444751 0.000000
1.743 3.444703 0.000000
1.744 3.444655 0.000000
1.745 3.444607 0.000000
1.746 3.444559 0.000000
1.747 3.444511 0.000000
1.748 3.444463 0.000000
1.749 3.444416 0.000000
1.750 3.444368 0.000000
1.751 3.444320 0.000000
1.752 3.444272 0.000000
1.753 3.444224 0.000000
1.754 3.444176 0.000000
1.755 3.444129 0.000000
1.756 3.444081 0.000000
1.757 3.444033 0.000000
1.758 3.443985 0.000000
1.759 3.443938 0.000000
1.760 3.443890 0.000000
1.761 3.443842 0.000000
1.762 3.443795 0.000000
1.763 3.443747 0.000000
1.764 3.443699 0.000000
1.765 3.443652 0.000000
1.766 3.443604 0.000000
1.767 3.443556 0.000000
1.768 3.443509 0.000000
1.769 3.443461 0.000000
1.770 3.443413 0.000000
1.771 3.443366 0.000000
1.772 3.443318 0.000000
1.773 3.443270 0.000000
1.774 3.443226 0.000000
1.775 3.443181 0.000000
1.776 3.443136 0.000000
1.777 3.443092 0.000000
1.778 3.443047 0.000000
1.779 3.443003 0.000000
1.780 3.442958 0.000000
1.781 3.442914 0.000000
1.782 3.442869 0.000000
1.783 3.442824 0.000000
1.784 3.442780 0.000000
1.785 3.442735 0.000000
1.786 3.442691 0.000000
1.787 3.442646 0.000000
1.788 3.442601 0.000000
1.789 3.442557 0.000000
1.790 3.442512 0.000000
1.791 3.442468 0.000000
1.792 3.442424 0.000000
1.793 3.442379 0.000000
1.794 3.442335 0.000000
1.795 3.442291 0.000000
1.796 3.442246 0.000000
1.797 3.442202 0.000000
1.798 3.442157 0.000000
1.799 3.442113 0.000000
1.800 3.442069 0.000000
1.801 3.442024 0.000000
1.802 3.441980 0.000000
1.803 3.441936 0.000000
1.804 3.441891 0.000000
1.805 3.441847 0.000000
1.806 3.441805 0.000000
1.807 3.441763 0.000000
1.808 3.441721 0.000000
1.809 3.441680 0.000000
1.810 3.441638 0.000000
1.811 3.441596 0.000000
1.812 3.441554 0.000000
1.813 3.441512 0.000000
1.814 3.441470 0.000000
1.815 3.441428 0.000000
1.816 3.441386 0.000000
1.817 3.441344 0.000000
1.818 3.441303 0.000000
1.819 3.441261 0.000000
1.820 3.441219 0.000000
1.821 3.441177 0.000000
1.822 3.441137 0.000000
1.823 3.441097 0.000000
1.824 3.441057 0.000000
1.825 3.441018 0.000000
1.826 3.440978 0.000000
1.827 3.440938 0.000000
1.828 3.440899 0.000000
1.829 3.440859 0.000000
1.830 3.440819 0.000000
1.831 3.440780 0.000000
1.832 3.440740 0.000000
1.833 3.440700 0.000000
1.834 3.440661 0.000000
1.835 3.440621 0.000000
1.836 3.440581 0.000000
1.837 3.440541 0.000000
1.838 3.440502 0.000000
1.839 3.440462 0.000000
1.840 3.440423 0.000000
1.841 3.440383 0.000000
1.842 3.440344 0.000000
1.843 3.440304 0.000000
1.844 3.440265 0.000000
1.845 3.440225 0.000000
1.846 3.440186 0.000000
1.847 3.440147 0.000000
1.848 3.440107 0.000000
1.849 3.440068 0.000000
1.850 3.440028 0.000000
1.851 3.439989 0.000000
1.852 3.439949 0.000000
1.853 3.439910 0.000000
1.854 3.439870 0.000000
1.855 3.439831 0.000000
1.856 3.439793 0.000000
1.857 3.439755 0.000000
1.858 3.439717 0.000000
1.859 3.439679 0.000000
1.860 3.439641 0.000000
1.861 3.439603 0.000000
1.862 3.439565 0.000000
1.863 3.439527 0.000000
1.864 3.439489 0.000000
1.865 3.439451 0.000000
1.866 3.439413 0.000000
1.867 3.439375 0.000000
1.868 3.439337 0.000000
1.869 3.439299 0.000000
1.870 3.439261 0.000000
1.871 3.439223 0.000000
1.872 3.439185 0.000000
1.873 3.439147 0.000000
1.874 3.439109 0.000000
1.875 3.439071 0.000000
1.876 3.439033 0.000000
1.877 3.438995 0.000000
1.878 3.438957 0.000000
1.879 3.438919 0.000000
1.880 3.438881 0.000000
1.881 3.438843 0.000000
1.882 3.438805 0.000000
1.883 3.438767 0.000000
1.884 3.438729 0.000000
1.885 3.438691 0.000000
1.886 3.438653 0.000000
1.887 3.438615 0.000000
1.888 3.438577 0.000000
1.889 3.438539 0.000000
1.890 3.438502 0.000000
1.891 3.438466 0.000000
1.892 3.438431 0.000000
1.893 3.438395 0.000000
1.894 3.438360 0.000000
1.895 3.438324 0.000000
1.896 3.438289 0.000000
1.897 3.438254 0.000000
1.898 3.438218 0.000000
1.899 3.438183 0.000000
1.900 3.438147 0.000000
1.901 3.438112 0.000000
1.902 3.438077 0.000000
1.903 3.438041 0.000000
1.904 3.438006 0.000000
1.905 3.437970 0.000000
1.906 3.437935 0.000000
1.907 3.437899 0.000000
1.908 3.437865 0.000000
1.909 3.437831 0.000000
1.910 3.437797 0.000000
1.911 3.437763 0.000000
1.912 3.437729 0.000000
1.913 3.437696 0.000000
1.914 3.437662 0.000000
1.915 3.437628 0.000000
1.916 3.437594 0.000000
1.917 3.437560 0.000000
1.918 3.437526 0.000000
1.919 3.437493 0.000000
1.920 3.437459 0.000000
1.921 3.437425 0.000000
1.922 3.437391 0.000000
1.923 3.437357 0.000000
1.924 3.437323 0.000000
1.925 3.437290 0.000000
1.926 3.437256 0.000000
1.927 3.437223 0.000000
1.928 3.437189 0.000000
1.929 3.437156 0.000000
1.930 3.437122 0.000000
1.931 3.437089 0.000000
1.932 3.437056 0.000000
1.933 3.437022 0.000000
1.934 3.436989 0.000000
1.935 3.436956 0.000000
1.936 3.436922 0.000000
1.937 3.436889 0.000000
1.938 3.436856 0.000000
1.939 3.436822 0.000000
1.940 3.436789 0.000000
1.941 3.436756 0.000000
1.942 3.436722 0.000000
1.943 3.436689 0.000000
1.944 3.436655 0.000000
1.945 3.436623 0.000000
1.946 3.436592 0.000000
1.947 3.436560 0.000000
1.948 3.436529 0.000000
1.949 3.436498 0.000000
1.950 3.436466 0.000000