0.253 1.971932 3.208987
0.254 2.014684 3.223721
0.255 2.059211 3.240950
0.256 2.099461 3.252968
0.257 2.145256 3.265457
0.258 2.190037 3.277374
0.259 2.235768 3.289833
0.260 2.283021 3.301618
0.261 2.335954 3.313282
0.262 2.386130 3.323024
0.263 2.438590 3.326045
0.264 2.494204 3.331626
0.265 2.550631 3.327414
0.266 2.612407 3.325459
0.267 2.668485 3.316331
0.268 2.723767 3.304062
0.269 2.783199 3.290126
0.270 2.836078 3.269481
0.271 2.891941 3.247665
0.272 2.941073 3.224734
0.273 2.991780 3.195724
0.274 3.037906 3.165408
0.275 3.083761 3.135600
0.276 3.123906 3.102831
0.277 3.161457 3.069098
0.278 3.198026 3.030611
0.279 3.233149 2.997619
0.280 3.267148 2.961071
0.281 3.294102 2.921365
0.282 3.319678 2.880964
0.283 3.346431 2.844775
0.284 3.367621 2.805509
0.285 3.387071 2.766766
0.286 3.406280 2.729831
0.287 3.421402 2.692561
0.288 3.435322 2.654537
0.289 3.448937 2.617628
0.290 3.459842 2.582887
0.291 3.467593 2.545583
0.292 3.474532 2.510256
0.293 3.481458 2.476823
0.294 3.484775 2.443232
0.295 3.485506 2.412446
0.296 3.486991 2.381700
0.297 3.489437 2.351166
0.298 3.490392 2.321031
0.299 3.487132 2.291677
0.300 3.483572 2.266460
0.301 3.479754 2.241267
0.302 3.476481 2.216076
0.303 3.472969 2.192577
0.304 3.467183 2.173584
0.305 3.459325 2.151568
0.306 3.454422 2.133426
0.307 3.445967 2.111580
0.308 3.441696 2.093609
0.309 3.432922 2.075250
0.310 3.428500 2.061792
0.311 3.419384 2.043485
0.312 3.412667 2.030525
0.313 3.405812 2.019088
0.314 3.397555 2.007146
0.315 3.394254 1.995736
0.316 3.385942 1.983819
0.317 3.378645 1.972496
0.318 3.372536 1.961263
0.319 3.364454 1.950497
0.320 3.356411 1.944867
0.321 3.350326 1.936157
0.322 3.344008 1.929270
0.323 3.340969 1.921691
0.324 3.333766 1.914184
0.325 3.326651 1.907986
0.326 3.322699 1.902995
0.327 3.317353 1.898229
0.328 3.312219 1.892025
0.329 3.308570 1.888902
0.330 3.303074 1.885460
0.331 3.299867 1.881720
0.332 3.294993 1.878742
0.333 3.290832 1.874988
0.334 3.286165 1.873922
0.335 3.281962 1.871555
0.336 3.280668 1.867764
0.337 3.276522 1.866520
0.338 3.272116 1.866516
0.339 3.271203 1.866518
0.340 3.270353 1.866867
0.341 3.267678 1.865079
0.342 3.263170 1.861289
0.343 3.260795 1.859858
0.344 3.260452 1.859855
0.345 3.259652 1.860180
0.346 3.259143 1.860663
0.347 3.258843 1.860963
0.348 3.258281 1.861524
0.349 3.258064 1.861524
0.350 3.257466 1.861741
0.351 3.257233 1.862322
0.352 3.256657 1.862964
0.353 3.256435 1.865630
0.354 3.255807 1.869825
0.355 3.255778 1.871517
0.356 3.255778 1.871598
0.357 3.255684 1.872412
0.358 3.255783 1.873117
0.359 3.260085 1.873425
0.360 3.262034 1.875418
0.361 3.262440 1.879959
0.362 3.262997 1.882452
0.363 3.266648 1.883120
0.364 3.269177 1.883869
0.365 3.269936 1.884442
0.366 3.270230 1.888660
0.367 3.273810 1.891626
0.368 3.276477 1.893847
0.369 3.279919 1.894849
0.370 3.282583 1.898471
0.371 3.286025 1.901752
0.372 3.290004 1.904494
0.373 3.292224 1.904855
0.374 3.295827 1.908430
0.375 3.298948 1.912157
0.376 3.302306 1.914651
0.377 3.305964 1.917133
0.378 3.310387 1.921182
0.379 3.314452 1.924313
0.380 3.317048 1.926084
0.381 3.320970 1.929645
0.382 3.325903 1.933552
0.383 3.331135 1.935993
0.384 3.335416 1.938704
0.385 3.340560 1.942732
0.386 3.344927 1.945808
0.387 3.350819 1.950412
0.388 3.356517 1.954032
0.389 3.362973 1.957792
0.390 3.368519 1.962524
0.391 3.374440 1.965506
0.392 3.379089 1.969737
0.393 3.387523 1.974549
0.394 3.395354 1.979968
0.395 3.400518 1.984077
0.396 3.408903 1.987844
0.397 3.416432 1.993523
0.398 3.423591 1.997339
0.399 3.430240 2.002830
0.400 3.438411 2.007939
0.401 3.446870 2.013631
0.402 3.457040 2.019476
0.403 3.470352 2.024458
0.404 3.481594 2.030439
0.405 3.492279 2.035578
0.406 3.504641 2.040866
0.407 3.517373 2.045893
0.408 3.531349 2.051148
0.409 3.547225 2.056217
0.410 3.560870 2.061212
0.411 3.576779 2.063292
0.412 3.594350 2.065751
0.413 3.611333 2.066957
0.414 3.629439 2.065681
0.415 3.649896 2.063680
0.416 3.670782 2.061257
0.417 3.689579 2.055674
0.418 3.708106 2.049770
0.419 3.724351 2.042739
0.420 3.738679 2.033134
0.421 3.753357 2.023466
0.422 3.766649 2.014780
0.423 3.779791 2.003397
0.424 3.788737 1.993678
0.425 3.796231 1.983077
0.426 3.802943 1.973413
0.427 3.807071 1.964376
0.428 3.811596 1.953919
0.429 3.817399 1.948168
0.430 3.819912 1.944024
0.431 3.822664 1.937811
0.432 3.825503 1.935140
0.433 3.827734 1.935769
0.434 3.829611 1.935682
0.435 3.831918 1.936494
0.436 3.835615 1.939776
0.437 3.841746 1.944884
0.438 3.847455 1.949472
0.439 3.854475 1.955414
0.440 3.863332 1.963975
0.441 3.872493 1.972682
0.442 3.884687 1.980246
0.443 3.899267 1.986842
0.444 3.914658 1.994675
0.445 3.932738 2.003940
0.446 3.951309 2.011871
0.447 3.972644 2.019581
0.448 3.997606 2.026342
0.449 4.023817 2.032380
0.450 4.050587 2.037492
0.451 4.079780 2.040015
0.452 4.111037 2.039794
0.453 4.142554 2.037237
0.454 4.174062 2.032669
0.455 4.206487 2.026350
0.456 4.239559 2.018301
0.457 4.272505 2.007033
0.458 4.304561 1.993931
0.459 4.335638 1.978742
0.460 4.366050 1.960143
0.461 4.396789 1.940318
0.462 4.426693 1.918873
0.463 4.454809 1.895313
0.464 4.481847 1.868008
0.465 4.506132 1.838791
0.466 4.528049 1.808379
0.467 4.548897 1.777116
0.468 4.569111 1.744574
0.469 4.585137 1.711673
0.470 4.600715 1.678076
0.471 4.614696 1.643762
0.472 4.623487 1.609272
0.473 4.631171 1.574705
0.474 4.637178 1.540098
0.475 4.640211 1.506950
0.476 4.640754 1.475443
0.477 4.639801 1.444627
0.478 4.636954 1.414718
0.479 4.633670 1.387075
0.480 4.628780 1.360167
0.481 4.622286 1.333376
0.482 4.614967 1.306684
0.483 4.608928 1.280504
0.484 4.603980 1.256394
0.485 4.598254 1.234034
0.486 4.589960 1.212363
0.487 4.581511 1.190930
0.488 4.573186 1.172406
0.489 4.564012 1.154461
0.490 4.553319 1.136521
0.491 4.542005 1.118919
0.492 4.532145 1.101503
0.493 4.523456 1.085812
0.494 4.514847 1.071756
0.495 4.506376 1.058177
0.496 4.498042 1.044997
0.497 4.489694 1.031473
0.498 4.481368 1.018184
0.499 4.473024 1.005006
0.500 4.464707 0.992202
0.501 4.456370 0.980733
0.502 4.448051 0.970517
0.503 4.439726 0.960573
0.504 4.431410 0.950475
0.505 4.423099 0.940588
0.506 4.414863 0.931008
0.507 4.407732 0.921685
0.508 4.402164 0.912721
0.509 4.396508 0.904062
0.510 4.389764 0.895632
0.511 4.382000 0.887583
0.512 4.373733 0.879712
0.513 4.365599 0.871735
0.514 4.358187 0.864259
0.515 4.353340 0.857034
0.516 4.347749 0.849999
0.517 4.341115 0.843178
0.518 4.333750 0.836392
0.519 4.327228 0.829661
0.520 4.321978 0.823109
0.521 4.316863 0.816827
0.522 4.310700 0.810614
0.523 4.304250 0.804403
0.524 4.299427 0.798577
0.525 4.294413 0.792768
0.526 4.287664 0.787160
0.527 4.282312 0.781676
0.528 4.277354 0.776382
0.529 4.272885 0.771095
0.530 4.268509 0.765812
0.531 4.263459 0.760638
0.532 4.257503 0.755646
0.533 4.251562 0.750790
0.534 4.246969 0.745972
0.535 4.242627 0.741212
0.536 4.238522 0.736463
0.537 4.234196 0.731941
0.538 4.230083 0.727463
0.539 4.226010 0.722913
0.540 4.221276 0.718453
0.541 4.217723 0.714390
0.542 4.213196 0.710220
0.543 4.209094 0.705929
0.544 4.205092 0.701836
0.545 4.201074 0.697935
0.546 4.197068 0.694003
0.547 4.192775 0.689886
0.548 4.188638 0.685622
0.549 4.184800 0.681555
0.550 4.180790 0.677688
0.551 4.176904 0.674012
0.552 4.174131 0.670526
0.553 4.172102 0.666888
0.554 4.168434 0.663072
0.555 4.164615 0.659281
0.556 4.160706 0.655601
0.557 4.156220 0.652060
0.558 4.152874 0.648788
0.559 4.148831 0.645393
0.560 4.145317 0.641965
0.561 4.142646 0.638565
0.562 4.140587 0.635249
0.563 4.136934 0.631992
0.564 4.133933 0.628778
0.565 4.131472 0.625499
0.566 4.129194 0.622107
0.567 4.125588 0.618772
0.568 4.122702 0.615521
0.569 4.120322 0.612438
0.570 4.118019 0.609504
0.571 4.114589 0.606571
0.572 4.111199 0.603639
0.573 4.107341 0.600707
0.574 4.103389 0.597776
0.575 4.100596 0.594848
0.576 4.098588 0.591919
0.577 4.095923 0.589042
0.578 4.092686 0.586199
0.579 4.090028 0.583299
0.580 4.087978 0.580379
0.581 4.085411 0.577455
0.582 4.082129 0.574530
0.583 4.079487 0.571608
0.584 4.077747 0.569004
0.585 4.076408 0.566474
0.586 4.075133 0.563829
0.587 4.071828 0.560927
0.588 4.068837 0.558256
0.589 4.066337 0.555767
0.590 4.064527 0.553106
0.591 4.061448 0.550521
0.592 4.058246 0.547958
0.593 4.055811 0.545383
0.594 4.053903 0.542791
0.595 4.051326 0.540257
0.596 4.047922 0.537791
0.597 4.045862 0.535241
0.598 4.044391 0.532852
0.599 4.043258 0.530548
0.600 4.041527 0.528033
0.601 4.038573 0.525519
0.602 4.035378 0.523051
0.603 4.033562 0.520760
0.604 4.032540 0.518461
0.605 4.031476 0.516143
0.606 4.029449 0.513774
0.607 4.026229 0.511414
0.608 4.023179 0.509099
0.609 4.021524 0.506901
0.610 4.019282 0.504549
0.611 4.016681 0.502223
0.612 4.013558 0.500093
0.613 4.011753 0.497895
0.614 4.010515 0.495658
0.615 4.009703 0.493369
0.616 4.007460 0.491246
0.617 4.004618 0.489151
0.618 4.001967 0.486812
0.619 4.000420 0.484546
0.620 3.999555 0.482340
0.621 3.998126 0.480354
0.622 3.995763 0.478379
0.623 3.992430 0.476415
0.624 3.990666 0.474438
0.625 3.989346 0.472329
0.626 3.988620 0.469968
0.627 3.986784 0.467745
0.628 3.984403 0.465602
0.629 3.981048 0.463641
0.630 3.979080 0.461681
0.631 3.978204 0.459721
0.632 3.977509 0.457762
0.633 3.976734 0.455804
0.634 3.975778 0.453845
0.635 3.973654 0.451888
0.636 3.971066 0.449932
0.637 3.968887 0.447975
0.638 3.967210 0.446019
0.639 3.966219 0.444064
0.640 3.964665 0.442110
0.641 3.962815 0.440199
0.642 3.959930 0.438643
0.643 3.957739 0.436958
0.644 3.956432 0.435107
0.645 3.955454 0.433179
0.646 3.954462 0.431227
0.647 3.951990 0.429276
0.648 3.949554 0.427326
0.649 3.947177 0.425376
0.650 3.945872 0.423578
0.651 3.945088 0.421853
0.652 3.944581 0.420130
0.653 3.943818 0.418363
0.654 3.942187 0.416452
0.655 3.939880 0.414523
0.656 3.936906 0.412576
0.657 3.935369 0.410939
0.658 3.934284 0.409395
0.659 3.933363 0.407573
0.660 3.931992 0.405833
0.661 3.929270 0.404338
0.662 3.926930 0.402738
0.663 3.925003 0.401024
0.664 3.923999 0.399339
0.665 3.923387 0.397667
0.666 3.922957 0.396118
0.667 3.922338 0.394555
0.668 3.920117 0.392795
0.669 3.917826 0.391107
0.670 3.915374 0.389583
0.671 3.913869 0.387909
0.672 3.913357 0.386076
0.673 3.912925 0.384463
0.674 3.912533 0.382963
0.675 3.911042 0.381484
0.676 3.909312 0.380009
0.677 3.906498 0.378339
0.678 3.903891 0.376682
0.679 3.903095 0.375166
0.680 3.902259 0.373636
0.681 3.901301 0.372066
0.682 3.899727 0.370533
0.683 3.897098 0.369065
0.684 3.894979 0.367595
0.685 3.893416 0.366122
0.686 3.892508 0.364551
0.687 3.892076 0.362910
0.688 3.891684 0.361519
0.689 3.891311 0.360251
0.690 3.889349 0.358859
0.691 3.886854 0.357424
0.692 3.884769 0.355969
0.693 3.882776 0.354508
0.694 3.882106 0.353116
0.695 3.881626 0.351734
0.696 3.881207 0.350235
0.697 3.880793 0.348727
0.698 3.878626 0.347287
0.699 3.876379 0.345851
0.700 3.874418 0.344723
0.701 3.872463 0.343601
0.702 3.872012 0.342104
0.703 3.871571 0.340604
0.704 3.871153 0.339155
0.705 3.870735 0.337707
0.706 3.868238 0.336373
0.707 3.865710 0.335041
0.708 3.863867 0.333810
0.709 3.862049 0.332583
0.710 3.861741 0.331148
0.711 3.861543 0.329697
0.712 3.859632 0.328447
0.713 3.857504 0.327222
0.714 3.855392 0.325947
0.715 3.853284 0.324663
0.716 3.852329 0.323252
0.717 3.851735 0.321802
0.718 3.851368 0.320625
0.719 3.851107 0.319574
0.720 3.849852 0.318316
0.721 3.847903 0.316914
0.722 3.845935 0.315663
0.723 3.843945 0.314572
0.724 3.842487 0.313374
0.725 3.841943 0.311993
0.726 3.841439 0.310697
0.727 3.841067 0.309670
0.728 3.840517 0.308603
0.729 3.838299 0.307156
0.730 3.836082 0.305708
0.731 3.834383 0.304678
0.732 3.832716 0.303674
0.733 3.832072 0.302649
0.734 3.831728 0.301618
0.735 3.831465 0.300390
0.736 3.831258 0.299027
0.737 3.830183 0.297781
0.738 3.827802 0.296711
0.739 3.825575 0.295654
0.740 3.823987 0.294652
0.741 3.822399 0.293651
0.742 3.822160 0.292615
0.743 3.821958 0.291579
0.744 3.821485 0.290320
0.745 3.820916 0.288983
0.746 3.819551 0.287813
0.747 3.817368 0.286813
0.748 3.815354 0.285811
0.749 3.813897 0.284804
0.750 3.812440 0.283798
0.751 3.812209 0.282687
0.752 3.812032 0.281573
0.753 3.811279 0.280328
0.754 3.810243 0.279018
0.755 3.808799 0.277823
0.756 3.806657 0.276826
0.757 3.804593 0.275831
0.758 3.803943 0.274883
0.759 3.803294 0.273934
0.760 3.802741 0.273203
0.761 3.802224 0.272557
0.762 3.801356 0.271790
0.763 3.799906 0.270823
0.764 3.798450 0.269855
0.765 3.796632 0.268860
0.766 3.794814 0.267865
0.767 3.793903 0.266870
0.768 3.793494 0.265876
0.769 3.793090 0.264882
0.770 3.792696 0.263888
0.771 3.792303 0.262894
0.772 3.790522 0.261901
0.773 3.788498 0.260908
0.774 3.786757 0.259915
0.775 3.785389 0.258923
0.776 3.784022 0.257930
0.777 3.783793 0.257006
0.778 3.783568 0.256081
0.779 3.782953 0.255155
0.780 3.782018 0.254226
0.781 3.781002 0.253316
0.782 3.779100 0.252599
0.783 3.777198 0.251882
0.784 3.776029 0.251040
0.785 3.775343 0.250116
0.786 3.774667 0.249193
0.787 3.774077 0.248271
0.788 3.773486 0.247349
0.789 3.772368 0.246545
0.790 3.770891 0.245820
0.791 3.769413 0.245083
0.792 3.767933 0.244170
0.793 3.766453 0.243256
0.794 3.765547 0.242357
0.795 3.765171 0.241471
0.796 3.764794 0.240585
0.797 3.764230 0.239937
0.798 3.763659 0.239299
0.799 3.762545 0.238639
0.800 3.760553 0.237943
0.801 3.758561 0.237247
0.802 3.757484 0.236349
0.803 3.756653 0.235396
0.804 3.755893 0.234461
0.805 3.755465 0.233608
0.806 3.755037 0.232756
0.807 3.754117 0.232003
0.808 3.752790 0.231332
0.809 3.751463 0.230661
0.810 3.749929 0.229976
0.811 3.748372 0.229290
0.812 3.747112 0.228571
0.813 3.746799 0.227750
0.814 3.746485 0.226929
0.815 3.745991 0.226238
0.816 3.745352 0.225650
0.817 3.744713 0.225062
0.818 3.743146 0.224403
0.819 3.741427 0.223731
0.820 3.739851 0.223063
0.821 3.739138 0.222416
0.822 3.738424 0.221769
0.823 3.737713 0.221127
0.824 3.737005 0.220492
0.825 3.736296 0.219858
0.826 3.735081 0.219204
0.827 3.733600 0.218541
0.828 3.732119 0.217878
0.829 3.731015 0.217162
0.830 3.729961 0.216440
0.831 3.728994 0.215728
0.832 3.728874 0.215106
0.833 3.728754 0.214485
0.834 3.728494 0.213906
0.835 3.727882 0.213432
0.836 3.727270 0.212958
0.837 3.726343 0.212389
0.838 3.725040 0.211707
0.839 3.723737 0.211025
0.840 3.722510 0.210443
0.841 3.721333 0.209925
0.842 3.720155 0.209407
0.843 3.719631 0.208843
0.844 3.719334 0.208263
0.845 3.719036 0.207683
0.846 3.718160 0.207053
0.847 3.717188 0.206415
0.848 3.716216 0.205776
0.849 3.714668 0.205171
0.850 3.713089 0.204567
0.851 3.711542 0.203968
0.852 3.711226 0.203513
0.853 3.710909 0.203059
0.854 3.710565 0.202601
0.855 3.709889 0.202098
0.856 3.709212 0.201596
0.857 3.708424 0.201095
0.858 3.706740 0.200609
0.859 3.705056 0.200123
0.860 3.703497 0.199639
0.861 3.702830 0.199164
0.862 3.702163 0.198689
0.863 3.701561 0.198210
0.864 3.701461 0.197699
0.865 3.701361 0.197188
0.866 3.701205 0.196682
0.867 3.700456 0.196233
0.868 3.699706 0.195783
0.869 3.698930 0.195331
0.870 3.697416 0.194810
0.871 3.695901 0.194289
0.872 3.694386 0.193768
0.873 3.693891 0.193391
0.874 3.693438 0.193019
0.875 3.692984 0.192647
0.876 3.692616 0.192333
0.877 3.692261 0.192027
0.878 3.691907 0.191721
0.879 3.691214 0.191321
0.880 3.690409 0.190889
0.881 3.689604 0.190458
0.882 3.688410 0.189992
0.883 3.686970 0.189505
0.884 3.685529 0.189018
0.885 3.684644 0.188603
0.886 3.684436 0.188276
0.887 3.684229 0.187949
0.888 3.683933 0.187619
0.889 3.683395 0.187280
0.890 3.682857 0.186941
0.891 3.682285 0.186601
0.892 3.681185 0.186237
0.893 3.680084 0.185873
0.894 3.678984 0.185509
0.895 3.677913 0.185203
0.896 3.676849 0.184909
0.897 3.675785 0.184615
0.898 3.675259 0.184282
0.899 3.675130 0.183920
0.900 3.675002 0.183558
0.901 3.674828 0.183182
0.902 3.674546 0.182773
0.903 3.674265 0.182364
0.904 3.673983 0.181956
0.905 3.673231 0.181453
0.906 3.672476 0.180949
0.907 3.671722 0.180446
0.908 3.670910 0.180039
0.909 3.670069 0.179679
0.910 3.669229 0.179320
0.911 3.668502 0.179007
0.912 3.668016 0.178794
0.913 3.667530 0.178581
0.914 3.667044 0.178368
0.915 3.666584 0.178118
0.916 3.666126 0.177866
0.917 3.665667 0.177614
0.918 3.665237 0.177350
0.919 3.664829 0.177076
0.920 3.664422 0.176803
0.921 3.664010 0.176525
0.922 3.663563 0.176215
0.923 3.663116 0.175904
0.924 3.662669 0.175594
0.925 3.662259 0.175220
0.926 3.661866 0.174816
0.927 3.661474 0.174411
0.928 3.661081 0.173998
0.929 3.660686 0.173551
0.930 3.660291 0.173104
0.931 3.659896 0.172657
0.932 3.659517 0.172304
0.933 3.659146 0.171994
0.934 3.658774 0.171684
0.935 3.658409 0.171379
0.936 3.658080 0.171098
0.937 3.657750 0.170816
0.938 3.657420 0.170535
0.939 3.657042 0.170195
0.940 3.656631 0.169815
0.941 3.656221 0.169436
0.942 3.655810 0.169056
0.943 3.655398 0.168644
0.944 3.654986 0.168232
0.945 3.654575 0.167821
0.946 3.654210 0.167454
0.947 3.653917 0.167155
0.948 3.653624 0.166855
0.949 3.653331 0.166556
0.950 3.653046 0.166282
0.951 3.652764 0.166016
0.952 3.652481 0.165750
0.953 3.652199 0.165473
0.954 3.651917 0.165085
0.955 3.651635 0.164696
0.956 3.651353 0.164308
0.957 3.651041 0.163907
0.958 3.650685 0.163486
0.959 3.650329 0.163066
0.960 3.649973 0.162646
0.961 3.649595 0.162232
0.962 3.649206 0.161822
0.963 3.648817 0.161412
0.964 3.648428 0.161003
0.965 3.648100 0.160593
0.966 3.647777 0.160183
0.967 3.647455 0.159774
0.968 3.647138 0.159373
0.969 3.646858 0.159029
0.970 3.646578 0.158685
0.971 3.646298 0.158341
0.972 3.646016 0.158013
0.973 3.645731 0.157721
0.974 3.645445 0.157429
0.975 3.645160 0.157136
0.976 3.644883 0.156833
0.977 3.644616 0.156517
0.978 3.644349 0.156201
0.979 3.644081 0.155886
0.980 3.643783 0.155502
0.981 3.643464 0.155073
0.982 3.643145 0.154644
0.983 3.642826 0.154215
0.984 3.642476 0.153735
0.985 3.642112 0.153233
0.986 3.641748 0.152731
0.987 3.641385 0.152228
0.988 3.641068 0.151681
0.989 3.640765 0.151120
0.990 3.640462 0.150559
0.991 3.640160 0.149999
0.992 3.639891 0.149560
0.993 3.639632 0.149152
0.994 3.639372 0.148744
0.995 3.639112 0.148336
0.996 3.638854 0.148028
0.997 3.638596 0.147745
0.998 3.638338 0.147463
0.999 3.638079 0.147180
1.000 3.637822 0.146861
1.001 3.637565 0.146531
1.002 3.637308 0.146201
1.003 3.637051 0.145871
1.004 3.636797 0.145471
1.005 3.636545 0.145042
1.006 3.636293 0.144612
1.007 3.636041 0.144182
1.008 3.635790 0.143770
1.009 3.635540 0.143370
1.010 3.635289 0.142971
1.011 3.635039 0.142571
1.012 3.634792 0.142163
1.013 3.634549 0.141746
1.014 3.634306 0.141329
1.015 3.634063 0.140912
1.016 3.633820 0.140513
1.017 3.633580 0.140156
1.018 3.633339 0.139799
1.019 3.633099 0.139442
1.020 3.632858 0.139087
1.021 3.632613 0.138748
1.022 3.632369 0.138409
1.023 3.632124 0.138070
1.024 3.631879 0.137731
1.025 3.631640 0.137400
1.026 3.631401 0.137071
1.027 3.631162 0.136741
1.028 3.630923 0.136411
1.029 3.630682 0.136107
1.030 3.630439 0.135821
1.031 3.630195 0.135534
1.032 3.629952 0.135248
1.033 3.629710 0.134937
1.034 3.629473 0.134566
1.035 3.629236 0.134195
1.036 3.628998 0.133824
1.037 3.628761 0.133453
1.038 3.628531 0.133011
1.039 3.628301 0.132564
1.040 3.628072 0.132118
1.041 3.627842 0.131671
1.042 3.627610 0.131293
1.043 3.627378 0.130967
1.044 3.627145 0.130640
1.045 3.626912 0.130314
1.046 3.626679 0.130000
1.047 3.626449 0.129758
1.048 3.626220 0.129516
1.049 3.625990 0.129274
1.050 3.625760 0.129032
1.051 3.625531 0.128819
1.052 3.625304 0.128618
1.053 3.625076 0.128417
1.054 3.624849 0.128217
1.055 3.624622 0.128033
1.056 3.624399 0.127913
1.057 3.624176 0.127793
1.058 3.623952 0.127673
1.059 3.623729 0.127553
1.060 3.623508 0.127369
1.061 3.623287 0.127154
1.062 3.623067 0.126938
1.063 3.622846 0.126723
1.064 3.622627 0.126513
1.065 3.622415 0.126345
1.066 3.622203 0.126177
1.067 3.621991 0.126009
1.068 3.621780 0.125841
1.069 3.621603 0.125671
1.070 3.621461 0.125499
1.071 3.621319 0.125327
1.072 3.621178 0.125155
1.073 3.621036 0.124983
1.074 3.620897 0.124782
1.075 3.620759 0.124574
1.076 3.620621 0.124367
1.077 3.620483 0.124160
1.078 3.620337 0.123956
1.079 3.620146 0.123766
1.080 3.619956 0.123575
1.081 3.619765 0.123385
1.082 3.619575 0.123195
1.083 3.619376 0.122999
1.084 3.619166 0.122795
1.085 3.618955 0.122591
1.086 3.618745 0.122387
1.087 3.618534 0.122183
1.088 3.618325 0.121971
1.089 3.618117 0.121754
1.090 3.617909 0.121538
1.091 3.617700 0.121321
1.092 3.617492 0.121104
1.093 3.617282 0.120915
1.094 3.617071 0.120731
1.095 3.616860 0.120548
1.096 3.616649 0.120364
1.097 3.616438 0.120180
1.098 3.616262 0.119994
1.099 3.616087 0.119807
1.100 3.615912 0.119620
1.101 3.615736 0.119434
1.102 3.615567 0.119250
1.103 3.615471 0.119106
1.104 3.615376 0.118962
1.105 3.615280 0.118817
1.106 3.615184 0.118673
1.107 3.615079 0.118518
1.108 3.614912 0.118292
1.109 3.614745 0.118066
1.110 3.614578 0.117840
1.111 3.614411 0.117614
1.112 3.614240 0.117389
1.113 3.614038 0.117167
1.114 3.613836 0.116945
1.115 3.613634 0.116723
1.116 3.613432 0.116502
1.117 3.613231 0.116280
1.118 3.613032 0.116063
1.119 3.612832 0.115845
1.120 3.612633 0.115628
1.121 3.612434 0.115411
1.122 3.612236 0.115195
1.123 3.612120 0.115061
1.124 3.612004 0.114926
1.125 3.611888 0.114792
1.126 3.611772 0.114657
1.127 3.611656 0.114523
1.128 3.611549 0.114371
1.129 3.611444 0.114217
1.130 3.611338 0.114063
1.131 3.611232 0.113908
1.132 3.611127 0.113754
1.133 3.610989 0.113579
1.134 3.610839 0.113395
1.135 3.610689 0.113212
1.136 3.610539 0.113028
1.137 3.610388 0.112845
1.138 3.610222 0.112658
1.139 3.610038 0.112468
1.140 3.609855 0.112279
1.141 3.609672 0.112089
1.142 3.609488 0.111900
1.143 3.609313 0.111711
1.144 3.609163 0.111524
1.145 3.609013 0.111337
1.146 3.608863 0.111149
1.147 3.608714 0.110962
1.148 3.608564 0.110775
1.149 3.608446 0.110593
1.150 3.608330 0.110411
1.151 3.608215 0.110229
1.152 3.608100 0.110047
1.153 3.607985 0.109865
1.154 3.607873 0.109691
1.155 3.607765 0.109523
1.156 3.607657 0.109354
1.157 3.607549 0.109186
1.158 3.607441 0.109018
1.159 3.607333 0.108847
1.160 3.607225 0.108657
1.161 3.607118 0.108466
1.162 3.607011 0.108276
1.163 3.606904 0.108086
1.164 3.606796 0.107895
1.165 3.606721 0.107733
1.166 3.606663 0.107587
1.167 3.606604 0.107440
1.168 3.606546 0.107293
1.169 3.606488 0.107147
1.170 3.606433 0.107002
1.171 3.606403 0.106871
1.172 3.606373 0.106740
1.173 3.606343 0.106608
1.174 3.606313 0.106477
1.175 3.606283 0.106346
1.176 3.606256 0.106207
1.177 3.606230 0.106061
1.178 3.606205 0.105916
1.179 3.606180 0.105770
1.180 3.606154 0.105625
1.181 3.606129 0.105479
1.182 3.606104 0.105301
1.183 3.606079 0.105120
1.184 3.606054 0.104939
1.185 3.606030 0.104757
1.186 3.606005 0.104576
1.187 3.605980 0.104390
1.188 3.605956 0.104188
1.189 3.605932 0.103985
1.190 3.605908 0.103783
1.191 3.605884 0.103580
1.192 3.605860 0.103378
1.193 3.605836 0.103169
1.194 3.605813 0.102954
1.195 3.605789 0.102739
1.196 3.605766 0.102524
1.197 3.605743 0.102308
1.198 3.605719 0.102093
1.199 3.605696 0.101904
1.200 3.605674 0.101726
1.201 3.605651 0.101549
1.202 3.605629 0.101371
1.203 3.605606 0.101193
1.204 3.605583 0.101015
1.205 3.605561 0.100845
1.206 3.605539 0.100676
1.207 3.605517 0.100506
1.208 3.605495 0.100337
1.209 3.605473 0.100168
1.210 3.605452 0.099998
1.211 3.605430 0.099827
1.212 3.605409 0.099656
1.213 3.605388 0.099485
1.214 3.605367 0.099314
1.215 3.605346 0.099143
1.216 3.605325 0.098972
1.217 3.605304 0.098764
1.218 3.605284 0.098554
1.219 3.605263 0.098344
1.220 3.605243 0.098135
1.221 3.605223 0.097925
1.222 3.605202 0.097715
1.223 3.605183 0.097521
1.224 3.605163 0.097328
1.225 3.605143 0.097135
1.226 3.605124 0.096942
1.227 3.605104 0.096749
1.228 3.605085 0.096556
1.229 3.605066 0.096352
1.230 3.605047 0.096146
1.231 3.605028 0.095939
1.232 3.605010 0.095733
1.233 3.604991 0.095527
1.234 3.604972 0.095321
1.235 3.604954 0.095116
1.236 3.604936 0.094913
1.237 3.604918 0.094709
1.238 3.604900 0.094505
1.239 3.604882 0.094301
1.240 3.604864 0.094097
1.241 3.604847 0.093893
1.242 3.604830 0.093687
1.243 3.604812 0.093482
1.244 3.604795 0.093277
1.245 3.604778 0.093071
1.246 3.604761 0.092866
1.247 3.604744 0.092664
1.248 3.604728 0.092472
1.249 3.604712 0.092279
1.250 3.604696 0.092087
1.251 3.604680 0.091895
1.252 3.604663 0.091703
1.253 3.604647 0.091511
1.254 3.604632 0.091320
1.255 3.604617 0.091129
1.256 3.604601 0.090938
1.257 3.604586 0.090748
1.258 3.604571 0.090557
1.259 3.604555 0.090367
1.260 3.604541 0.090171
1.261 3.604526 0.089970
1.262 3.604512 0.089770
1.263 3.604498 0.089569
1.264 3.604483 0.089369
1.265 3.604469 0.089168
1.266 3.604455 0.088968
1.267 3.604441 0.088769
1.268 3.604428 0.088570
1.269 3.604414 0.088371
1.270 3.604401 0.088173
1.271 3.604388 0.087974
1.272 3.604374 0.087775
1.273 3.604361 0.087574
1.274 3.604349 0.087372
1.275 3.604336 0.087169
1.276 3.604324 0.086966
1.277 3.604312 0.086763
1.278 3.604299 0.086561
1.279 3.604287 0.086358
1.280 3.604276 0.086158
1.281 3.604264 0.085959
1.282 3.604253 0.085760
1.283 3.604242 0.085561
1.284 3.604231 0.085362
1.285 3.604219 0.085162
1.286 3.604209 0.084966
1.287 3.604199 0.084780
1.288 3.604189 0.084593
1.289 3.604179 0.084406
1.290 3.604169 0.084220
1.291 3.604159 0.084033
1.292 3.604149 0.083847
1.293 3.604139 0.083649
1.294 3.604131 0.083442
1.295 3.604122 0.083234
1.296 3.604113 0.083026
1.297 3.604105 0.082818
1.298 3.604096 0.082611
1.299 3.604087 0.082403
1.300 3.604080 0.082205
1.301 3.604073 0.082012
1.302 3.604065 0.081819
1.303 3.604058 0.081625
1.304 3.604051 0.081432
1.305 3.604044 0.081239
1.306 3.604037 0.081046
1.307 3.604031 0.080847
1.308 3.604025 0.080648
1.309 3.604020 0.080448
1.310 3.604014 0.080248
1.311 3.604009 0.080048
1.312 3.604003 0.079849
1.313 3.603998 0.079649
1.314 3.603994 0.079444
1.315 3.603991 0.079239
1.316 3.603987 0.079034
1.317 3.603984 0.078829
1.318 3.603980 0.078624
1.319 3.603977 0.078419
1.320 3.603973 0.078214
1.321 3.603972 0.078004
1.322 3.603970 0.077793
1.323 3.603969 0.077582
1.324 3.603968 0.077371
1.325 3.603967 0.077160
1.326 3.603965 0.076949
1.327 3.603964 0.076738
1.328 3.603965 0.076507
1.329 3.603966 0.076268
1.330 3.603968 0.076029
1.331 3.603969 0.075791
1.332 3.603970 0.075552
1.333 3.603972 0.075313
1.334 3.603973 0.075075
1.335 3.603976 0.074807
1.336 3.603981 0.074515
1.337 3.603985 0.074222
1.338 3.603990 0.073930
1.339 3.603995 0.073637
1.340 3.603999 0.073345
1.341 3.604004 0.073052
1.342 3.604009 0.072761
1.343 3.604018 0.072471
1.344 3.604027 0.072182
1.345 3.604035 0.071892
1.346 3.604044 0.071602
1.347 3.604052 0.071313
1.348 3.604061 0.071023
1.349 3.604069 0.070734
1.350 3.604083 0.070424
1.351 3.604096 0.070114
1.352 3.604110 0.069804
1.353 3.604124 0.069493
1.354 3.604137 0.069183
1.355 3.604151 0.068873
1.356 3.604165 0.068562
1.357 3.604182 0.068221
1.358 3.604202 0.067852
1.359 3.604223 0.067483
1.360 3.604243 0.067113
1.361 3.604264 0.066744
1.362 3.604284 0.066375
1.363 3.604305 0.066005
1.364 3.604325 0.065635
1.365 3.604355 0.065234
1.366 3.604385 0.064832
1.367 3.604415 0.064430
1.368 3.604445 0.064029
1.369 3.604475 0.063627
1.370 3.604504 0.063225
1.371 3.604534 0.062823
1.372 3.604570 0.062424
1.373 3.604612 0.062028
1.374 3.604655 0.061632
1.375 3.604698 0.061236
1.376 3.604741 0.060840
1.377 3.604784 0.060444
1.378 3.604826 0.060048
1.379 3.604869 0.059651
1.380 3.604925 0.059249
1.381 3.604985 0.058845
1.382 3.605045 0.058441
1.383 3.605105 0.058037
1.384 3.605165 0.057633
1.385 3.605225 0.057229
1.386 3.605285 0.056825
1.387 3.605345 0.056421
1.388 3.605426 0.055928
1.389 3.605506 0.055435
1.390 3.605586 0.054942
1.391 3.605667 0.054449
1.392 3.605747 0.053955
1.393 3.605827 0.053462
1.394 3.605907 0.052969
1.395 3.605991 0.052465
1.396 3.606089 0.051905
1.397 3.606188 0.051345
1.398 3.606286 0.050785
1.399 3.606385 0.050224
1.400 3.606483 0.049664
1.401 3.606582 0.049104
1.402 3.606680 0.048543
1.403 3.606780 0.047966
1.404 3.606886 0.047327
1.405 3.606991 0.046688
1.406 3.607097 0.046049
1.407 3.607202 0.045411
1.408 3.607308 0.044772
1.409 3.607413 0.044133
1.410 3.607519 0.043494
1.411 3.607621 0.042828
1.412 3.607709 0.042051
1.413 3.607798 0.041273
1.414 3.607887 0.040496
1.415 3.607976 0.039719
1.416 3.608064 0.038942
1.417 3.608153 0.038164
1.418 3.608242 0.037387
1.419 3.608324 0.036598
1.420 3.608338 0.035682
1.421 3.608352 0.034765
1.422 3.608366 0.033848
1.423 3.608380 0.032931
1.424 3.608394 0.032015
1.425 3.608408 0.031098
1.426 3.608422 0.030181
1.427 3.608436 0.029265
1.428 3.608450 0.028348
1.429 3.608463 0.027431
1.430 3.608477 0.026515
1.431 3.608491 0.025598
1.432 3.608505 0.024681
1.433 3.608519 0.023765
1.434 3.608533 0.022848
1.435 3.608547 0.021931
1.436 3.608561 0.021014
1.437 3.608575 0.020098
1.438 3.608589 0.019181
1.439 3.608603 0.018264
1.440 3.608617 0.017348
1.441 3.608631 0.016431
1.442 3.608645 0.015514
1.443 3.608659 0.014598
1.444 3.608673 0.013681
1.445 3.608674 0.013110
1.446 3.608667 0.012818
1.447 3.608659 0.012527
1.448 3.608651 0.012235
1.449 3.608643 0.011943
1.450 3.608635 0.011652
1.451 3.608627 0.011360
1.452 3.608620 0.011068
1.453 3.608612 0.010776
1.454 3.608604 0.010485
1.455 3.608596 0.010193
1.456 3.608588 0.009901
1.457 3.608580 0.009610
1.458 3.608573 0.009318
1.459 3.608565 0.009026
1.460 3.608557 0.008735
1.461 3.608549 0.008443
1.462 3.608541 0.008151
1.463 3.608534 0.007859
1.464 3.608526 0.007568
1.465 3.608518 0.007276
1.466 3.608510 0.006984
1.467 3.608502 0.006693
1.468 3.608494 0.006401
1.469 3.608487 0.006109
1.470 3.608479 0.005817
1.471 3.608469 0.005543
1.472 3.608438 0.005447
1.473 3.608407 0.005351
1.474 3.608376 0.005255
1.475 3.608345 0.005159
1.476 3.608315 0.005063
1.477 3.608284 0.004967
1.478 3.608253 0.004871
1.479 3.608222 0.004776
1.480 3.608191 0.004680
1.481 3.608160 0.004584
1.482 3.608129 0.004488
1.483 3.608099 0.004392
1.484 3.608068 0.004296
1.485 3.608037 0.004200
1.486 3.608006 0.004104
1.487 3.607975 0.004008
1.488 3.607944 0.003912
1.489 3.607913 0.003816
1.490 3.607883 0.003720
1.491 3.607852 0.003624
1.492 3.607821 0.003528
1.493 3.607790 0.003432
1.494 3.607759 0.003337
1.495 3.607728 0.003241
1.496 3.607697 0.003145
1.497 3.607667 0.003049
1.498 3.607636 0.002953
1.499 3.607593 0.002893
1.500 3.607544 0.002853
1.501 3.607495 0.002813
1.502 3.607446 0.002773
1.503 3.607397 0.002734
1.504 3.607347 0.002694
1.505 3.607298 0.002654
1.506 3.607249 0.002615
1.507 3.607200 0.002575
1.508 3.607151 0.002535
1.509 3.607102 0.002495
1.510 3.607053 0.002456
1.511 3.607003 0.002416
1.512 3.606954 0.002376
1.513 3.606905 0.002337
1.514 3.606856 0.002297
1.515 3.606807 0.002257
1.516 3.606758 0.002218
1.517 3.606709 0.002178
1.518 3.606659 0.002138
1.519 3.606610 0.002098
1.520 3.606561 0.002059
1.521 3.606512 0.002019
1.522 3.606463 0.001979
1.523 3.606414 0.001940
1.524 3.606364 0.001900
1.525 3.606315 0.001860
1.526 3.606266 0.001820
1.527 3.606216 0.001783
1.528 3.606158 0.001757
1.529 3.606101 0.001731
1.530 3.606043 0.001705
1.531 3.605986 0.001679
1.532 3.605928 0.001653
1.533 3.605870 0.001627
1.534 3.605813 0.001601
1.535 3.605755 0.001575
1.536 3.605698 0.001549
1.537 3.605640 0.001523
1.538 3.605582 0.001497
1.539 3.605525 0.001471
1.540 3.605467 0.001445
1.541 3.605410 0.001419
1.542 3.605352 0.001393
1.543 3.605295 0.001367
1.544 3.605237 0.001341
1.545 3.605179 0.001315
1.546 3.605122 0.001289
1.547 3.605064 0.001263
1.548 3.605007 0.001237
1.549 3.604949 0.001211
1.550 3.604892 0.001185
1.551 3.604834 0.001159
1.552 3.604776 0.001133
1.553 3.604719 0.001107
1.554 3.604661 0.001081
1.555 3.604604 0.001055
1.556 3.604546 0.001029
1.557 3.604488 0.001011
1.558 3.604431 0.001000
1.559 3.604373 0.000988
1.560 3.604316 0.000977
1.561 3.604258 0.000966
1.562 3.604200 0.000955
1.563 3.604143 0.000943
1.564 3.604085 0.000932
1.565 3.604028 0.000921
1.566 3.603970 0.000910
1.567 3.603913 0.000898
1.568 3.603855 0.000887
1.569 3.603797 0.000876
1.570 3.603740 0.000865
1.571 3.603682 0.000853
1.572 3.603625 0.000842
1.573 3.603567 0.000831
1.574 3.603509 0.000820
1.575 3.603452 0.000808
1.576 3.603394 0.000797
1.577 3.603337 0.000786
1.578 3.603279 0.000775
1.579 3.603221 0.000763
1.580 3.603164 0.000752
1.581 3.603106 0.000741
1.582 3.603049 0.000729
1.583 3.602991 0.000718
1.584 3.602933 0.000707
1.585 3.602876 0.000696
1.586 3.602818 0.000684
1.587 3.602761 0.000673
1.588 3.602707 0.000664
1.589 3.602656 0.000655
1.590 3.602604 0.000647
1.591 3.602552 0.000638
1.592 3.602500 0.000630
1.593 3.602448 0.000621
1.594 3.602397 0.000612
1.595 3.602345 0.000604
1.596 3.602293 0.000595
1.597 3.602241 0.000587
1.598 3.602189 0.000578
1.599 3.602137 0.000570
1.600 3.602086 0.000561
1.601 3.602034 0.000552
1.602 3.601982 0.000544
1.603 3.601930 0.000535
1.604 3.601878 0.000527
1.605 3.601827 0.000518
1.606 3.601775 0.000510
1.607 3.601723 0.000501
1.608 3.601671 0.000492
1.609 3.601619 0.000484
1.610 3.601567 0.000475
1.611 3.601516 0.000467
1.612 3.601464 0.000458
1.613 3.601412 0.000450
1.614 3.601360 0.000441
1.615 3.601308 0.000432
1.616 3.601257 0.000424
1.617 3.601205 0.000415
1.618 3.601153 0.000407
1.619 3.601101 0.000398
1.620 3.601055 0.000394
1.621 3.601011 0.000392
1.622 3.600967 0.000390
1.623 3.600922 0.000387
1.624 3.600878 0.000385
1.625 3.600834 0.000383
1.626 3.600790 0.000380
1.627 3.600745 0.000378
1.628 3.600701 0.000376
1.629 3.600657 0.000373
1.630 3.600613 0.000371
1.631 3.600569 0.000369
1.632 3.600524 0.000366
1.633 3.600480 0.000364
1.634 3.600436 0.000362
1.635 3.600392 0.000360
1.636 3.600348 0.000357
1.637 3.600303 0.000355
1.638 3.600259 0.000353
1.639 3.600215 0.000350
1.640 3.600171 0.000348
1.641 3.600126 0.000346
1.642 3.600082 0.000343
1.643 3.600038 0.000341
1.644 3.599994 0.000339
1.645 3.599950 0.000336
1.646 3.599905 0.000334
1.647 3.599861 0.000332
1.648 3.599817 0.000330
1.649 3.599773 0.000327
1.650 3.599729 0.000325
1.651 3.599684 0.000323
1.652 3.599640 0.000320
1.653 3.599599 0.000318
1.654 3.599562 0.000315
1.655 3.599526 0.000313
1.656 3.599489 0.000311
1.657 3.599453 0.000308
1.658 3.599416 0.000306
1.659 3.599379 0.000303
1.660 3.599343 0.000301
1.661 3.599306 0.000298
1.662 3.599269 0.000296
1.663 3.599233 0.000294
1.664 3.599196 0.000291
1.665 3.599160 0.000289
1.666 3.599123 0.000286
1.667 3.599086 0.000284
1.668 3.599050 0.000281
1.669 3.599013 0.000279
1.670 3.598977 0.000277
1.671 3.598940 0.000274
1.672 3.598903 0.000272
1.673 3.598867 0.000269
1.674 3.598830 0.000267
1.675 3.598793 0.000264
1.676 3.598757 0.000262
1.677 3.598720 0.000260
1.678 3.598684 0.000257
1.679 3.598647 0.000255
1.680 3.598610 0.000252
1.681 3.598574 0.000250
1.682 3.598537 0.000247
1.683 3.598501 0.000245
1.684 3.598464 0.000242
1.685 3.598427 0.000240
1.686 3.598391 0.000238
1.687 3.598354 0.000235
1.688 3.598321 0.000233
1.689 3.598291 0.000231
1.690 3.598260 0.000229
1.691 3.598229 0.000228
1.692 3.598198 0.000226
1.693 3.598167 0.000224
1.694 3.598136 0.000222
1.695 3.598106 0.000220
1.696 3.598075 0.000218
1.697 3.598044 0.000216
1.698 3.598013 0.000214
1.699 3.597982 0.000212
1.700 3.597952 0.000211
1.701 3.597921 0.000209
1.702 3.597890 0.000207
1.703 3.597859 0.000205
1.704 3.597828 0.000203
1.705 3.597797 0.000201
1.706 3.597767 0.000199
1.707 3.597736 0.000197
1.708 3.597705 0.000196
1.709 3.597674 0.000194
1.710 3.597643 0.000192
1.711 3.597613 0.000190
1.712 3.597582 0.000188
1.713 3.597551 0.000186
1.714 3.597520 0.000184
1.715 3.597489 0.000182
1.716 3.597458 0.000181
1.717 3.597428 0.000179
1.718 3.597397 0.000177
1.719 3.597366 0.000175
1.720 3.597335 0.000173
1.721 3.597304 0.000171
1.722 3.597274 0.000169
1.723 3.597243 0.000167
1.724 3.597214 0.000166
1.725 3.597188 0.000167
1.726 3.597162 0.000167
1.727 3.597136 0.000167
1.728 3.597109 0.000167
1.729 3.597083 0.000167
1.730 3.597057 0.000167
1.731 3.597031 0.000168
1.732 3.597005 0.000168
1.733 3.596979 0.000168
1.734 3.596953 0.000168
1.735 3.596926 0.000168
1.736 3.596900 0.000168
1.737 3.596874 0.000169
1.738 3.596848 0.000169
1.739 3.596822 0.000169
1.740 3.596796 0.000169
1.741 3.596770 0.000169
1.742 3.596743 0.000169
1.743 3.596717 0.000170
1.744 3.596691 0.000170
1.745 3.596665 0.000170
1.746 3.596639 0.000170
1.747 3.596613 0.000170
1.748 3.596587 0.000170
1.749 3.596560 0.000171
1.750 3.596534 0.000171
1.751 3.596508 0.000171
1.752 3.596482 0.000171
1.753 3.596456 0.000171
1.754 3.596430 0.000171
1.755 3.596404 0.000172
1.756 3.596377 0.000172
1.757 3.596351 0.000172
1.758 3.596325 0.000172
1.759 3.596299 0.000172
1.760 3.596273 0.000172
1.761 3.596247 0.000172
1.762 3.596223 0.000172
1.763 3.596200 0.000170
1.764 3.596177 0.000169
1.765 3.596154 0.000167
1.766 3.596132 0.000166
1.767 3.596109 0.000164
1.768 3.596086 0.000163
1.769 3.596063 0.000162
1.770 3.596040 0.000160
1.771 3.596018 0.000159
1.772 3.595995 0.000157
1.773 3.595972 0.000156
1.774 3.595949 0.000154
1.775 3.595926 0.000153
1.776 3.595904 0.000151
1.777 3.595881 0.000150
1.778 3.595858 0.000148
1.779 3.595835 0.000147
1.780 3.595812 0.000146
1.781 3.595790 0.000144
1.782 3.595767 0.000143
1.783 3.595744 0.000141
1.784 3.595721 0.000140
1.785 3.595698 0.000138
1.786 3.595676 0.000137
1.787 3.595653 0.000135
1.788 3.595630 0.000134
1.789 3.595607 0.000133
1.790 3.595584 0.000131
1.791 3.595562 0.000130
1.792 3.595539 0.000128
1.793 3.595516 0.000127
1.794 3.595493 0.000125
1.795 3.595471 0.000124
1.796 3.595448 0.000122
1.797 3.595425 0.000121
1.798 3.595402 0.000120
1.799 3.595379 0.000118
1.800 3.595357 0.000117
1.801 NaN NaN
1.802 NaN NaN
1.803 NaN NaN
1.804 NaN NaN
1.805 NaN NaN
1.806 NaN NaN
1.807 NaN NaN
1.808 NaN NaN
1.809 NaN NaN
1.810 NaN NaN
1.811 NaN NaN
1.812 NaN NaN
1.813 NaN NaN
1.814 NaN NaN
1.815 NaN NaN
1.816 NaN NaN
1.817 NaN NaN
1.818 NaN NaN
1.819 NaN NaN
1.820 NaN NaN
1.821 NaN NaN
1.822 NaN NaN
1.823 NaN NaN
1.824 NaN NaN
1.825 NaN NaN
1.826 NaN NaN
1.827 NaN NaN
1.828 NaN NaN
1.829 NaN NaN
1.830 NaN NaN
1.831 NaN NaN
1.832 NaN NaN
1.833 NaN NaN
1.834 NaN NaN
1.835 NaN NaN
1.836 NaN NaN
1.837 NaN NaN
1.838 NaN NaN
1.839 NaN NaN
1.840 NaN NaN
1.841 NaN NaN
1.842 NaN NaN
1.843 NaN NaN
1.844 NaN NaN
1.845 NaN NaN
1.846 NaN NaN
1.847 NaN NaN
1.848 NaN NaN
1.849 NaN NaN
1.850 NaN NaN
1.851 NaN NaN
1.852 NaN NaN
1.853 NaN NaN
1.854 NaN NaN
1.855 NaN NaN
1.856 NaN NaN
1.857 NaN NaN
1.858 NaN NaN
1.859 NaN NaN
1.860 NaN NaN
1.861 NaN NaN
1.862 NaN NaN
1.863 NaN NaN
1.864 NaN NaN
1.865 NaN NaN
1.866 NaN NaN
1.867 NaN NaN
1.868 NaN NaN
1.869 NaN NaN
1.870 NaN NaN
1.871 NaN NaN
1.872 NaN NaN
1.873 NaN NaN
1.874 NaN NaN
1.875 NaN NaN
1.876 NaN NaN
1.877 NaN NaN
1.878 NaN NaN
1.879 NaN NaN
1.880 NaN NaN
1.881 NaN NaN
1.882 NaN NaN
1.883 NaN NaN
1.884 NaN NaN
1.885 NaN NaN
1.886 NaN NaN
1.887 NaN NaN
1.888 NaN NaN
1.889 NaN NaN
1.890 NaN NaN
1.891 NaN NaN
1.892 NaN NaN
1.893 NaN NaN
1.894 NaN NaN
1.895 NaN NaN
1.896 NaN NaN
1.897 NaN NaN
1.898 NaN NaN
1.899 NaN NaN
1.900 NaN NaN
1.901 NaN NaN
1.902 NaN NaN
1.903 NaN NaN
1.904 NaN NaN
1.905 NaN NaN
1.906 NaN NaN
1.907 NaN NaN
1.908 NaN NaN
1.909 NaN NaN
1.910 NaN NaN
1.911 NaN NaN
1.912 NaN NaN
1.913 NaN NaN
1.914 NaN NaN
1.915 NaN NaN
1.916 NaN NaN
1.917 NaN NaN
1.918 NaN NaN
1.919 NaN NaN
1.920 NaN NaN
1.921 NaN NaN
1.922 NaN NaN
1.923 NaN NaN
1.924 NaN NaN
1.925 NaN NaN
1.926 NaN NaN
1.927 NaN NaN
1.928 NaN NaN
1.929 NaN NaN
1.930 NaN NaN
1.931 NaN NaN
1.932 NaN NaN
1.933 NaN NaN
1.934 NaN NaN
1.935 NaN NaN
1.936 NaN NaN
1.937 NaN NaN
1.938 NaN NaN
1.939 NaN NaN
1.940 NaN NaN
1.941 NaN NaN
1.942 NaN NaN
1.943 NaN NaN
1.944 NaN NaN
1.945 NaN NaN
1.946 NaN NaN
1.947 NaN NaN
1.948 NaN NaN
1.949 NaN NaN
1.950 NaN NaN