0.253 1.881209 3.180658
0.254 1.922829 3.202051
0.255 1.959513 3.218781
0.256 1.995352 3.233183
0.257 2.036574 3.247737
0.258 2.079085 3.262017
0.259 2.121122 3.276449
0.260 2.161887 3.290660
0.261 2.210154 3.304768
0.262 2.253051 3.318632
0.263 2.299661 3.323810
0.264 2.348444 3.335690
0.265 2.397617 3.336149
0.266 2.454138 3.341173
0.267 2.504646 3.339599
0.268 2.553333 3.335789
0.269 2.606431 3.331225
0.270 2.658177 3.324785
0.271 2.710034 3.311847
0.272 2.760261 3.297584
0.273 2.810495 3.284719
0.274 2.858666 3.264803
0.275 2.907618 3.244566
0.276 2.953937 3.224578
0.277 2.996209 3.199224
0.278 3.037523 3.174909
0.279 3.078395 3.142729
0.280 3.118698 3.118156
0.281 3.158506 3.087377
0.282 3.190007 3.054748
0.283 3.223313 3.016027
0.284 3.256407 2.984411
0.285 3.283855 2.950599
0.286 3.308759 2.914656
0.287 3.333760 2.876800
0.288 3.358249 2.841113
0.289 3.374465 2.807263
0.290 3.393704 2.770654
0.291 3.413682 2.733612
0.292 3.425806 2.701087
0.293 3.437311 2.660939
0.294 3.448518 2.628551
0.295 3.459810 2.594557
0.296 3.463754 2.559395
0.297 3.469491 2.530586
0.298 3.474849 2.497451
0.299 3.478320 2.467771
0.300 3.483985 2.436464
0.301 3.482833 2.405751
0.302 3.481614 2.379633
0.303 3.480228 2.353607
0.304 3.479049 2.327642
0.305 3.477892 2.301736
0.306 3.476391 2.282753
0.307 3.467288 2.259745
0.308 3.465357 2.238806
0.309 3.457771 2.218432
0.310 3.454291 2.195289
0.311 3.449242 2.177601
0.312 3.443232 2.160000
0.313 3.440911 2.146155
0.314 3.431909 2.125774
0.315 3.425200 2.113082
0.316 3.420207 2.100837
0.317 3.411616 2.088440
0.318 3.410466 2.076260
0.319 3.402402 2.063924
0.320 3.397185 2.051807
0.321 3.390154 2.039763
0.322 3.382620 2.027747
0.323 3.378096 2.017626
0.324 3.369658 2.013029
0.325 3.363693 2.002102
0.326 3.359685 1.996979
0.327 3.356847 1.987318
0.328 3.349166 1.979676
0.329 3.342573 1.973199
0.330 3.339402 1.969524
0.331 3.336191 1.961606
0.332 3.329464 1.956673
0.333 3.328130 1.952292
0.334 3.320406 1.950954
0.335 3.318785 1.943372
0.336 3.314744 1.942372
0.337 3.309266 1.937188
0.338 3.307870 1.934221
0.339 3.299754 1.933690
0.340 3.299260 1.930554
0.341 3.298378 1.925167
0.342 3.291847 1.925151
0.343 3.289419 1.925151
0.344 3.289134 1.925176
0.345 3.288766 1.925297
0.346 3.287408 1.924084
0.347 3.281531 1.918611
0.348 3.279112 1.916397
0.349 3.278951 1.916396
0.350 3.278670 1.916531
0.351 3.278498 1.916697
0.352 3.278399 1.916795
0.353 3.278193 1.917002
0.354 3.278137 1.917018
0.355 3.277897 1.917042
0.356 3.277849 1.917279
0.357 3.277627 1.917361
0.358 3.277547 1.918007
0.359 3.277365 1.919213
0.360 3.277243 1.926002
0.361 3.277243 1.927019
0.362 3.277243 1.927128
0.363 3.277154 1.927411
0.364 3.277454 1.927622
0.365 3.279059 1.927754
0.366 3.284304 1.928469
0.367 3.285998 1.930475
0.368 3.286083 1.937344
0.369 3.287308 1.937551
0.370 3.290562 1.937833
0.371 3.295061 1.937948
0.372 3.295065 1.938946
0.373 3.295747 1.940546
0.374 3.297144 1.946175
0.375 3.303713 1.947998
0.376 3.305392 1.948526
0.377 3.307641 1.949941
0.378 3.313813 1.952385
0.379 3.315249 1.958169
0.380 3.318586 1.958260
0.381 3.323457 1.959488
0.382 3.324680 1.960977
0.383 3.329955 1.966025
0.384 3.333164 1.968781
0.385 3.335241 1.970101
0.386 3.341736 1.971745
0.387 3.344084 1.977865
0.388 3.350025 1.979097
0.389 3.352393 1.980743
0.390 3.355728 1.983359
0.391 3.361919 1.988666
0.392 3.365756 1.989924
0.393 3.371492 1.991258
0.394 3.375971 1.995129
0.395 3.381584 2.000171
0.396 3.386816 2.001518
0.397 3.392175 2.006216
0.398 3.397896 2.010677
0.399 3.406455 2.011904
0.400 3.410170 2.017549
0.401 3.417300 2.020878
0.402 3.421993 2.023035
0.403 3.429299 2.029809
0.404 3.437711 2.032579
0.405 3.447095 2.039089
0.406 3.451038 2.041587
0.407 3.458663 2.042889
0.408 3.467343 2.049927
0.409 3.476521 2.052736
0.410 3.480441 2.060028
0.411 3.489109 2.063026
0.412 3.499591 2.070256
0.413 3.510456 2.073055
0.414 3.521476 2.080383
0.415 3.536506 2.083422
0.416 3.547304 2.090211
0.417 3.557955 2.093564
0.418 3.570246 2.100115
0.419 3.586429 2.103603
0.420 3.598776 2.110141
0.421 3.616104 2.112501
0.422 3.634306 2.118407
0.423 3.647431 2.118928
0.424 3.664874 2.118954
0.425 3.683642 2.118100
0.426 3.703307 2.117528
0.427 3.722405 2.116048
0.428 3.741833 2.109269
0.429 3.765149 2.106019
0.430 3.783263 2.097933
0.431 3.800314 2.088567
0.432 3.817474 2.079169
0.433 3.829797 2.069746
0.434 3.844431 2.055807
0.435 3.855773 2.044798
0.436 3.868067 2.034822
0.437 3.879081 2.021727
0.438 3.886934 2.010413
0.439 3.890954 1.997755
0.440 3.895671 1.985502
0.441 3.900706 1.977827
0.442 3.901550 1.968139
0.443 3.904629 1.956329
0.444 3.909335 1.951215
0.445 3.910536 1.949773
0.446 3.911197 1.943861
0.447 3.911889 1.939430
0.448 3.912824 1.939206
0.449 3.914488 1.940651
0.450 3.916645 1.942405
0.451 3.918605 1.943985
0.452 3.921145 1.946167
0.453 3.927965 1.952941
0.454 3.933660 1.958479
0.455 3.940611 1.963979
0.456 3.951284 1.972010
0.457 3.960130 1.980116
0.458 3.968713 1.989058
0.459 3.985026 1.996102
0.460 3.999252 2.000683
0.461 4.017361 2.008020
0.462 4.037404 2.015792
0.463 4.057646 2.023502
0.464 4.078414 2.030822
0.465 4.102839 2.037323
0.466 4.130292 2.039834
0.467 4.157821 2.041809
0.468 4.185304 2.044270
0.469 4.213849 2.042191
0.470 4.247334 2.038569
0.471 4.280753 2.030638
0.472 4.313969 2.020919
0.473 4.346858 2.010799
0.474 4.379318 1.996277
0.475 4.411649 1.978923
0.476 4.442507 1.959570
0.477 4.469729 1.935866
0.478 4.500496 1.911389
0.479 4.526978 1.885127
0.480 4.551204 1.855310
0.481 4.572188 1.823304
0.482 4.590167 1.791068
0.483 4.607962 1.758480
0.484 4.623243 1.725704
0.485 4.635843 1.692833
0.486 4.650281 1.659756
0.487 4.657265 1.626579
0.488 4.663199 1.593425
0.489 4.668531 1.560257
0.490 4.670853 1.528454
0.491 4.671573 1.500506
0.492 4.671642 1.469282
0.493 4.667331 1.441561
0.494 4.664038 1.415437
0.495 4.660861 1.390220
0.496 4.654180 1.365251
0.497 4.646794 1.340353
0.498 4.639029 1.315513
0.499 4.635263 1.290746
0.500 4.630839 1.269267
0.501 4.624209 1.249242
0.502 4.616356 1.227298
0.503 4.608220 1.208688
0.504 4.600277 1.191646
0.505 4.592173 1.175186
0.506 4.581564 1.158692
0.507 4.569293 1.142327
0.508 4.559505 1.126064
0.509 4.551129 1.109884
0.510 4.543065 1.097617
0.511 4.535019 1.085211
0.512 4.527032 1.072578
0.513 4.519108 1.060886
0.514 4.511187 1.048378
0.515 4.503281 1.036129
0.516 4.495388 1.024913
0.517 4.487496 1.011323
0.518 4.479632 1.001645
0.519 4.471750 0.992920
0.520 4.463916 0.984008
0.521 4.456055 0.974766
0.522 4.448240 0.965784
0.523 4.440408 0.956998
0.524 4.432649 0.948607
0.525 4.427896 0.940472
0.526 4.424122 0.932463
0.527 4.417972 0.924658
0.528 4.410771 0.917179
0.529 4.403228 0.909981
0.530 4.395485 0.902874
0.531 4.387782 0.895821
0.532 4.380626 0.889226
0.533 4.377054 0.882813
0.534 4.372940 0.876474
0.535 4.366169 0.870206
0.536 4.358946 0.863998
0.537 4.351605 0.857806
0.538 4.347458 0.851916
0.539 4.343610 0.846285
0.540 4.337835 0.840782
0.541 4.331395 0.835277
0.542 4.326491 0.829795
0.543 4.323751 0.824448
0.544 4.317312 0.819107
0.545 4.310279 0.814285
0.546 4.306691 0.809227
0.547 4.302714 0.804288
0.548 4.298101 0.799566
0.549 4.294989 0.794908
0.550 4.290697 0.790265
0.551 4.284248 0.785699
0.552 4.278701 0.781187
0.553 4.274584 0.776770
0.554 4.271155 0.772493
0.555 4.266019 0.768417
0.556 4.263840 0.764064
0.557 4.259064 0.760051
0.558 4.255202 0.755968
0.559 4.252995 0.751704
0.560 4.246828 0.747820
0.561 4.244760 0.744099
0.562 4.240675 0.740369
0.563 4.236388 0.736610
0.564 4.233681 0.732835
0.565 4.229181 0.729200
0.566 4.225775 0.725569
0.567 4.222208 0.721904
0.568 4.218276 0.718195
0.569 4.214519 0.714446
0.570 4.211238 0.710793
0.571 4.207365 0.707301
0.572 4.203956 0.703977
0.573 4.202983 0.700827
0.574 4.201124 0.697339
0.575 4.197367 0.693849
0.576 4.193266 0.690459
0.577 4.191230 0.687298
0.578 4.185995 0.683910
0.579 4.182828 0.680794
0.580 4.180311 0.677863
0.581 4.174647 0.674876
0.582 4.173042 0.671535
0.583 4.172186 0.668381
0.584 4.170852 0.665468
0.585 4.165228 0.662577
0.586 4.162954 0.659705
0.587 4.161967 0.656669
0.588 4.161235 0.653329
0.589 4.156198 0.650367
0.590 4.153096 0.647466
0.591 4.151754 0.644617
0.592 4.151046 0.641858
0.593 4.147273 0.639103
0.594 4.143349 0.636351
0.595 4.141442 0.633602
0.596 4.136775 0.630857
0.597 4.133223 0.628114
0.598 4.131442 0.625375
0.599 4.130788 0.622640
0.600 4.127924 0.620118
0.601 4.123636 0.617734
0.602 4.121836 0.615106
0.603 4.120767 0.612417
0.604 4.119434 0.609697
0.605 4.114877 0.606980
0.606 4.112269 0.604267
0.607 4.110785 0.601661
0.608 4.110311 0.599452
0.609 4.109861 0.597012
0.610 4.108490 0.594444
0.611 4.103781 0.591746
0.612 4.101326 0.589418
0.613 4.099966 0.587168
0.614 4.099342 0.584624
0.615 4.095803 0.582069
0.616 4.091402 0.579564
0.617 4.090179 0.577382
0.618 4.089313 0.574985
0.619 4.088389 0.572475
0.620 4.083204 0.570359
0.621 4.080284 0.568033
0.622 4.079533 0.565506
0.623 4.079154 0.563432
0.624 4.078555 0.561217
0.625 4.077569 0.558736
0.626 4.073511 0.556515
0.627 4.069639 0.554311
0.628 4.069013 0.551948
0.629 4.068622 0.549742
0.630 4.068324 0.547622
0.631 4.066537 0.545278
0.632 4.063807 0.543063
0.633 4.059777 0.541026
0.634 4.058530 0.538916
0.635 4.057608 0.536762
0.636 4.055072 0.534482
0.637 4.052174 0.532383
0.638 4.048975 0.530435
0.639 4.048243 0.528265
0.640 4.047823 0.526081
0.641 4.047543 0.523920
0.642 4.045270 0.521908
0.643 4.041637 0.519996
0.644 4.039495 0.517996
0.645 4.037907 0.515920
0.646 4.037620 0.513641
0.647 4.037218 0.511556
0.648 4.036727 0.509620
0.649 4.032451 0.507743
0.650 4.028346 0.505873
0.651 4.027786 0.504002
0.652 4.027368 0.502043
0.653 4.027119 0.499979
0.654 4.025787 0.497792
0.655 4.024054 0.495563
0.656 4.020253 0.493707
0.657 4.017392 0.491853
0.658 4.017092 0.490001
0.659 4.016825 0.488151
0.660 4.016589 0.486303
0.661 4.016283 0.484457
0.662 4.015955 0.482613
0.663 4.012399 0.480771
0.664 4.009261 0.478931
0.665 4.007658 0.477093
0.666 4.006603 0.475257
0.667 4.006263 0.473423
0.668 4.005569 0.471591
0.669 4.004675 0.469760
0.670 4.001078 0.468046
0.671 3.996998 0.466353
0.672 3.996549 0.464564
0.673 3.996129 0.462769
0.674 3.995830 0.460949
0.675 3.994641 0.459130
0.676 3.991849 0.457313
0.677 3.989329 0.455499
0.678 3.987067 0.453685
0.679 3.986115 0.451925
0.680 3.985846 0.450192
0.681 3.985656 0.448462
0.682 3.985486 0.446734
0.683 3.984635 0.444948
0.684 3.983631 0.443158
0.685 3.979659 0.441358
0.686 3.976166 0.439578
0.687 3.975794 0.437921
0.688 3.975435 0.436283
0.689 3.975120 0.434710
0.690 3.973919 0.433164
0.691 3.970731 0.431678
0.692 3.968128 0.430108
0.693 3.966479 0.428401
0.694 3.965464 0.426702
0.695 3.965255 0.425012
0.696 3.965079 0.423374
0.697 3.964938 0.421787
0.698 3.963908 0.420274
0.699 3.962088 0.418825
0.700 3.959641 0.417276
0.701 3.956696 0.415647
0.702 3.955341 0.413959
0.703 3.955166 0.412227
0.704 3.955015 0.410717
0.705 3.954881 0.409368
0.706 3.954437 0.407901
0.707 3.953762 0.406345
0.708 3.951251 0.404763
0.709 3.947273 0.403159
0.710 3.945247 0.401680
0.711 3.944976 0.400312
0.712 3.944677 0.398819
0.713 3.944351 0.397193
0.714 3.942754 0.395686
0.715 3.939497 0.394334
0.716 3.936996 0.392921
0.717 3.935788 0.391402
0.718 3.934891 0.389863
0.719 3.934744 0.388274
0.720 3.934600 0.386752
0.721 3.934473 0.385489
0.722 3.934092 0.384212
0.723 3.931512 0.382822
0.724 3.928931 0.381431
0.725 3.927014 0.379986
0.726 3.925105 0.378539
0.727 3.924706 0.377266
0.728 3.924542 0.376020
0.729 3.924395 0.374580
0.730 3.924254 0.373066
0.731 3.923005 0.371660
0.732 3.920944 0.370333
0.733 3.918801 0.369039
0.734 3.916542 0.367791
0.735 3.914783 0.366490
0.736 3.914633 0.365017
0.737 3.914484 0.363555
0.738 3.914341 0.362293
0.739 3.914199 0.361032
0.740 3.912561 0.359654
0.741 3.910651 0.358256
0.742 3.908439 0.356927
0.743 3.906051 0.355640
0.744 3.904596 0.354348
0.745 3.904529 0.353050
0.746 3.904310 0.351778
0.747 3.903299 0.350638
0.748 3.902287 0.349499
0.749 3.899302 0.348145
0.750 3.896108 0.346769
0.751 3.894815 0.345409
0.752 3.894613 0.344059
0.753 3.894451 0.342778
0.754 3.894362 0.341627
0.755 3.894222 0.340474
0.756 3.893193 0.339275
0.757 3.892164 0.338077
0.758 3.889664 0.336812
0.759 3.886657 0.335525
0.760 3.884830 0.334294
0.761 3.884645 0.333144
0.762 3.884465 0.332003
0.763 3.884339 0.330975
0.764 3.884213 0.329947
0.765 3.883190 0.328625
0.766 3.881826 0.327192
0.767 3.880027 0.325907
0.768 3.877438 0.324890
0.769 3.874849 0.323874
0.770 3.874664 0.322851
0.771 3.874547 0.321828
0.772 3.874457 0.320728
0.773 3.874387 0.319569
0.774 3.874036 0.318394
0.775 3.872218 0.317128
0.776 3.870399 0.315862
0.777 3.868376 0.314786
0.778 3.866277 0.313779
0.779 3.864764 0.312769
0.780 3.864696 0.311753
0.781 3.864628 0.310736
0.782 3.864456 0.309637
0.783 3.864264 0.308521
0.784 3.863325 0.307446
0.785 3.861025 0.306447
0.786 3.858725 0.305447
0.787 3.857164 0.304447
0.788 3.855720 0.303447
0.789 3.854771 0.302411
0.790 3.854711 0.301312
0.791 3.854651 0.300213
0.792 3.854349 0.298962
0.793 3.853999 0.297681
0.794 3.852871 0.296486
0.795 3.849897 0.295496
0.796 3.846923 0.294506
0.797 3.845840 0.293529
0.798 3.845417 0.292557
0.799 3.845037 0.291627
0.800 3.844862 0.290903
0.801 3.844688 0.290179
0.802 3.844330 0.289367
0.803 3.843841 0.288491
0.804 3.843351 0.287616
0.805 3.840404 0.286637
0.806 3.837398 0.285656
0.807 3.835410 0.284676
0.808 3.835272 0.283697
0.809 3.835134 0.282718
0.810 3.835000 0.281741
0.811 3.834867 0.280765
0.812 3.834652 0.279789
0.813 3.833131 0.278815
0.814 3.831609 0.277841
0.815 3.829919 0.276867
0.816 3.827961 0.275896
0.817 3.826003 0.274924
0.818 3.825351 0.274130
0.819 3.825275 0.273415
0.820 3.825199 0.272700
0.821 3.824888 0.271758
0.822 3.824573 0.270812
0.823 3.823673 0.269885
0.824 3.821082 0.269013
0.825 3.818492 0.268141
0.826 3.816938 0.267350
0.827 3.816375 0.266637
0.828 3.815811 0.265923
0.829 3.815520 0.265043
0.830 3.815322 0.264106
0.831 3.815123 0.263168
0.832 3.814582 0.262303
0.833 3.814028 0.261440
0.834 3.813129 0.260602
0.835 3.810464 0.259888
0.836 3.807798 0.259175
0.837 3.806003 0.258391
0.838 3.805877 0.257472
0.839 3.805750 0.256554
0.840 3.805590 0.255788
0.841 3.805398 0.255175
0.842 3.805207 0.254561
0.843 3.803785 0.253887
0.844 3.801686 0.253179
0.845 3.799586 0.252471
0.846 3.798311 0.251647
0.847 3.797288 0.250786
0.848 3.796265 0.249926
0.849 3.796006 0.249126
0.850 3.795862 0.248335
0.851 3.795718 0.247543
0.852 3.795288 0.246811
0.853 3.794843 0.246082
0.854 3.794371 0.245354
0.855 3.791728 0.244727
0.856 3.789086 0.244100
0.857 3.786579 0.243468
0.858 3.786474 0.242756
0.859 3.786369 0.242044
0.860 3.786256 0.241333
0.861 3.786042 0.240624
0.862 3.785827 0.239916
0.863 3.785477 0.239221
0.864 3.783440 0.238694
0.865 3.781402 0.238168
0.866 3.779428 0.237631
0.867 3.778578 0.236908
0.868 3.777729 0.236185
0.869 3.776886 0.235462
0.870 3.776649 0.234823
0.871 3.776411 0.234185
0.872 3.776174 0.233546
0.873 3.775522 0.232946
0.874 3.774848 0.232349
0.875 3.774173 0.231752
0.876 3.772188 0.231107
0.877 3.769994 0.230455
0.878 3.767799 0.229803
0.879 3.767232 0.229196
0.880 3.767192 0.228604
0.881 3.767152 0.228012
0.882 3.767009 0.227507
0.883 3.766804 0.227053
0.884 3.766600 0.226599
0.885 3.766277 0.226019
0.886 3.765824 0.225300
0.887 3.765371 0.224580
0.888 3.764352 0.223936
0.889 3.762014 0.223470
0.890 3.759676 0.223004
0.891 3.757568 0.222536
0.892 3.757469 0.222050
0.893 3.757369 0.221564
0.894 3.757270 0.221078
0.895 3.756972 0.220576
0.896 3.756647 0.220072
0.897 3.756322 0.219567
0.898 3.754642 0.218949
0.899 3.752195 0.218265
0.900 3.749748 0.217582
0.901 3.748172 0.216988
0.902 3.748066 0.216548
0.903 3.747961 0.216107
0.904 3.747846 0.215665
0.905 3.747620 0.215210
0.906 3.747394 0.214754
0.907 3.747169 0.214299
0.908 3.745844 0.213848
0.909 3.744184 0.213399
0.910 3.742523 0.212950
0.911 3.741145 0.212503
0.912 3.740150 0.212058
0.913 3.739154 0.211614
0.914 3.738218 0.211169
0.915 3.738184 0.210714
0.916 3.738151 0.210259
0.917 3.738117 0.209804
0.918 3.737939 0.209363
0.919 3.737689 0.208929
0.920 3.737439 0.208495
0.921 3.736769 0.208056
0.922 3.734886 0.207600
0.923 3.733003 0.207143
0.924 3.731120 0.206687
0.925 3.730292 0.206272
0.926 3.729700 0.205866
0.927 3.729107 0.205461
0.928 3.728682 0.205119
0.929 3.728564 0.204894
0.930 3.728446 0.204669
0.931 3.728328 0.204444
0.932 3.728081 0.204067
0.933 3.727813 0.203665
0.934 3.727546 0.203264
0.935 3.726603 0.202849
0.936 3.724354 0.202408
0.937 3.722106 0.201967
0.938 3.719858 0.201527
0.939 3.719344 0.201214
0.940 3.719276 0.200934
0.941 3.719207 0.200653
0.942 3.719113 0.200364
0.943 3.718934 0.200044
0.944 3.718756 0.199723
0.945 3.718577 0.199402
0.946 3.718281 0.199034
0.947 3.717916 0.198638
0.948 3.717551 0.198241
0.949 3.717185 0.197844
0.950 3.715120 0.197643
0.951 3.713051 0.197443
0.952 3.710982 0.197242
0.953 3.709607 0.196975
0.954 3.709564 0.196581
0.955 3.709521 0.196187
0.956 3.709479 0.195794
0.957 3.709403 0.195502
0.958 3.709309 0.195262
0.959 3.709216 0.195023
0.960 3.709123 0.194784
0.961 3.708763 0.194353
0.962 3.708388 0.193911
0.963 3.708014 0.193469
0.964 3.707480 0.193034
0.965 3.706335 0.192622
0.966 3.705190 0.192211
0.967 3.704045 0.191800
0.968 3.703192 0.191435
0.969 3.702715 0.191129
0.970 3.702238 0.190824
0.971 3.701760 0.190519
0.972 3.701326 0.190344
0.973 3.700917 0.190242
0.974 3.700507 0.190141
0.975 3.700098 0.190040
0.976 3.699706 0.189870
0.977 3.699318 0.189684
0.978 3.698929 0.189498
0.979 3.698541 0.189312
0.980 3.698134 0.189022
0.981 3.697726 0.188725
0.982 3.697318 0.188429
0.983 3.696912 0.188133
0.984 3.696532 0.187835
0.985 3.696153 0.187537
0.986 3.695773 0.187239
0.987 3.695400 0.186919
0.988 3.695063 0.186460
0.989 3.694727 0.186001
0.990 3.694391 0.185541
0.991 3.694054 0.185103
0.992 3.693715 0.184758
0.993 3.693377 0.184414
0.994 3.693038 0.184070
0.995 3.692700 0.183745
0.996 3.692364 0.183500
0.997 3.692027 0.183256
0.998 3.691691 0.183011
0.999 3.691355 0.182770
1.000 3.691015 0.182544
1.001 3.690675 0.182318
1.002 3.690335 0.182092
1.003 3.689994 0.181850
1.004 3.689647 0.181504
1.005 3.689300 0.181158
1.006 3.688953 0.180812
1.007 3.688608 0.180466
1.008 3.688301 0.180123
1.009 3.687994 0.179780
1.010 3.687688 0.179436
1.011 3.687381 0.179093
1.012 3.687107 0.178874
1.013 3.686835 0.178663
1.014 3.686564 0.178453
1.015 3.686292 0.178242
1.016 3.686023 0.177990
1.017 3.685755 0.177727
1.018 3.685487 0.177464
1.019 3.685218 0.177200
1.020 3.684917 0.176837
1.021 3.684593 0.176406
1.022 3.684270 0.175976
1.023 3.683946 0.175545
1.024 3.683624 0.175140
1.025 3.683305 0.174776
1.026 3.682987 0.174412
1.027 3.682668 0.174048
1.028 3.682351 0.173678
1.029 3.682050 0.173261
1.030 3.681749 0.172845
1.031 3.681448 0.172429
1.032 3.681147 0.172013
1.033 3.680853 0.171656
1.034 3.680561 0.171311
1.035 3.680269 0.170966
1.036 3.679976 0.170621
1.037 3.679699 0.170290
1.038 3.679437 0.169972
1.039 3.679174 0.169654
1.040 3.678911 0.169336
1.041 3.678648 0.169037
1.042 3.678381 0.168841
1.043 3.678114 0.168645
1.044 3.677847 0.168449
1.045 3.677580 0.168253
1.046 3.677316 0.167943
1.047 3.677052 0.167596
1.048 3.676789 0.167249
1.049 3.676526 0.166902
1.050 3.676259 0.166544
1.051 3.675987 0.166162
1.052 3.675714 0.165781
1.053 3.675441 0.165399
1.054 3.675169 0.165018
1.055 3.674893 0.164522
1.056 3.674617 0.164006
1.057 3.674341 0.163490
1.058 3.674065 0.162973
1.059 3.673797 0.162464
1.060 3.673546 0.161970
1.061 3.673295 0.161475
1.062 3.673044 0.160980
1.063 3.672794 0.160485
1.064 3.672542 0.160112
1.065 3.672291 0.159771
1.066 3.672040 0.159431
1.067 3.671789 0.159090
1.068 3.671537 0.158770
1.069 3.671285 0.158537
1.070 3.671032 0.158304
1.071 3.670779 0.158071
1.072 3.670527 0.157838
1.073 3.670281 0.157556
1.074 3.670042 0.157235
1.075 3.669802 0.156914
1.076 3.669562 0.156594
1.077 3.669323 0.156273
1.078 3.669084 0.155894
1.079 3.668845 0.155508
1.080 3.668606 0.155121
1.081 3.668367 0.154735
1.082 3.668132 0.154356
1.083 3.667914 0.154004
1.084 3.667696 0.153653
1.085 3.667478 0.153302
1.086 3.667260 0.152950
1.087 3.667044 0.152587
1.088 3.666831 0.152209
1.089 3.666617 0.151831
1.090 3.666404 0.151453
1.091 3.666190 0.151075
1.092 3.665963 0.150729
1.093 3.665729 0.150401
1.094 3.665494 0.150073
1.095 3.665260 0.149744
1.096 3.665025 0.149416
1.097 3.664804 0.149157
1.098 3.664586 0.148915
1.099 3.664368 0.148674
1.100 3.664151 0.148432
1.101 3.663933 0.148190
1.102 3.663695 0.147890
1.103 3.663455 0.147586
1.104 3.663215 0.147281
1.105 3.662975 0.146976
1.106 3.662735 0.146672
1.107 3.662512 0.146366
1.108 3.662288 0.146060
1.109 3.662064 0.145754
1.110 3.661841 0.145448
1.111 3.661618 0.145141
1.112 3.661417 0.144786
1.113 3.661217 0.144431
1.114 3.661016 0.144077
1.115 3.660816 0.143722
1.116 3.660615 0.143368
1.117 3.660397 0.143036
1.118 3.660179 0.142704
1.119 3.659962 0.142372
1.120 3.659744 0.142040
1.121 3.659527 0.141708
1.122 3.659314 0.141449
1.123 3.659102 0.141193
1.124 3.658890 0.140937
1.125 3.658678 0.140681
1.126 3.658466 0.140425
1.127 3.658257 0.140252
1.128 3.658049 0.140093
1.129 3.657840 0.139934
1.130 3.657632 0.139776
1.131 3.657423 0.139617
1.132 3.657222 0.139484
1.133 3.657024 0.139363
1.134 3.656826 0.139241
1.135 3.656628 0.139120
1.136 3.656429 0.138998
1.137 3.656234 0.138852
1.138 3.656040 0.138683
1.139 3.655847 0.138514
1.140 3.655653 0.138346
1.141 3.655460 0.138177
1.142 3.655269 0.138010
1.143 3.655083 0.137848
1.144 3.654897 0.137686
1.145 3.654712 0.137525
1.146 3.654526 0.137363
1.147 3.654341 0.137201
1.148 3.654184 0.137065
1.149 3.654028 0.136929
1.150 3.653873 0.136793
1.151 3.653717 0.136657
1.152 3.653562 0.136522
1.153 3.653396 0.136371
1.154 3.653225 0.136211
1.155 3.653054 0.136051
1.156 3.652882 0.135891
1.157 3.652711 0.135731
1.158 3.652539 0.135584
1.159 3.652364 0.135480
1.160 3.652188 0.135376
1.161 3.652013 0.135273
1.162 3.651838 0.135169
1.163 3.651663 0.135066
1.164 3.651482 0.134919
1.165 3.651301 0.134760
1.166 3.651119 0.134601
1.167 3.650937 0.134443
1.168 3.650755 0.134284
1.169 3.650574 0.134111
1.170 3.650395 0.133901
1.171 3.650215 0.133692
1.172 3.650036 0.133483
1.173 3.649857 0.133273
1.174 3.649677 0.133064
1.175 3.649487 0.132939
1.176 3.649294 0.132844
1.177 3.649100 0.132748
1.178 3.648906 0.132652
1.179 3.648713 0.132557
1.180 3.648524 0.132459
1.181 3.648367 0.132348
1.182 3.648210 0.132238
1.183 3.648053 0.132127
1.184 3.647895 0.132016
1.185 3.647738 0.131905
1.186 3.647592 0.131767
1.187 3.647458 0.131598
1.188 3.647323 0.131430
1.189 3.647188 0.131262
1.190 3.647054 0.131093
1.191 3.646919 0.130925
1.192 3.646758 0.130781
1.193 3.646588 0.130644
1.194 3.646419 0.130507
1.195 3.646249 0.130369
1.196 3.646080 0.130232
1.197 3.645910 0.130095
1.198 3.645730 0.129919
1.199 3.645550 0.129744
1.200 3.645369 0.129569
1.201 3.645189 0.129394
1.202 3.645009 0.129219
1.203 3.644829 0.129031
1.204 3.644653 0.128789
1.205 3.644477 0.128548
1.206 3.644301 0.128306
1.207 3.644125 0.128065
1.208 3.643949 0.127823
1.209 3.643783 0.127633
1.210 3.643637 0.127552
1.211 3.643491 0.127471
1.212 3.643344 0.127390
1.213 3.643198 0.127310
1.214 3.643052 0.127229
1.215 3.642908 0.127150
1.216 3.642768 0.127076
1.217 3.642629 0.127001
1.218 3.642489 0.126926
1.219 3.642349 0.126851
1.220 3.642209 0.126776
1.221 3.642065 0.126677
1.222 3.641914 0.126540
1.223 3.641762 0.126404
1.224 3.641611 0.126267
1.225 3.641460 0.126130
1.226 3.641309 0.125993
1.227 3.641155 0.125849
1.228 3.640996 0.125690
1.229 3.640837 0.125530
1.230 3.640678 0.125371
1.231 3.640519 0.125212
1.232 3.640359 0.125053
1.233 3.640203 0.124896
1.234 3.640057 0.124747
1.235 3.639912 0.124597
1.236 3.639766 0.124448
1.237 3.639620 0.124298
1.238 3.639475 0.124148
1.239 3.639329 0.124000
1.240 3.639198 0.123868
1.241 3.639066 0.123737
1.242 3.638934 0.123605
1.243 3.638802 0.123473
1.244 3.638670 0.123342
1.245 3.638539 0.123210
1.246 3.638410 0.123119
1.247 3.638283 0.123037
1.248 3.638156 0.122955
1.249 3.638029 0.122873
1.250 3.637902 0.122791
1.251 3.637775 0.122709
1.252 3.637649 0.122586
1.253 3.637525 0.122425
1.254 3.637400 0.122263
1.255 3.637276 0.122101
1.256 3.637152 0.121939
1.257 3.637027 0.121777
1.258 3.636906 0.121615
1.259 3.636800 0.121453
1.260 3.636694 0.121290
1.261 3.636587 0.121128
1.262 3.636481 0.120965
1.263 3.636375 0.120803
1.264 3.636269 0.120641
1.265 3.636171 0.120453
1.266 3.636076 0.120256
1.267 3.635982 0.120058
1.268 3.635887 0.119861
1.269 3.635792 0.119663
1.270 3.635698 0.119466
1.271 3.635604 0.119295
1.272 3.635513 0.119217
1.273 3.635422 0.119139
1.274 3.635331 0.119061
1.275 3.635241 0.118983
1.276 3.635150 0.118905
1.277 3.635059 0.118827
1.278 3.634970 0.118711
1.279 3.634881 0.118575
1.280 3.634793 0.118438
1.281 3.634704 0.118302
1.282 3.634616 0.118166
1.283 3.634527 0.118030
1.284 3.634439 0.117892
1.285 3.634353 0.117688
1.286 3.634267 0.117485
1.287 3.634181 0.117281
1.288 3.634096 0.117078
1.289 3.634010 0.116874
1.290 3.633924 0.116671
1.291 3.633839 0.116451
1.292 3.633756 0.116201
1.293 3.633672 0.115950
1.294 3.633589 0.115700
1.295 3.633505 0.115449
1.296 3.633422 0.115198
1.297 3.633339 0.114948
1.298 3.633257 0.114773
1.299 3.633176 0.114657
1.300 3.633095 0.114541
1.301 3.633015 0.114425
1.302 3.632934 0.114308
1.303 3.632853 0.114192
1.304 3.632773 0.114076
1.305 3.632694 0.113981
1.306 3.632616 0.113895
1.307 3.632538 0.113808
1.308 3.632459 0.113721
1.309 3.632381 0.113635
1.310 3.632303 0.113548
1.311 3.632225 0.113462
1.312 3.632149 0.113370
1.313 3.632074 0.113277
1.314 3.631999 0.113185
1.315 3.631924 0.113092
1.316 3.631849 0.112999
1.317 3.631773 0.112906
1.318 3.631698 0.112814
1.319 3.631625 0.112609
1.320 3.631552 0.112379
1.321 3.631480 0.112149
1.322 3.631407 0.111920
1.323 3.631335 0.111690
1.324 3.631262 0.111460
1.325 3.631190 0.111230
1.326 3.631119 0.111044
1.327 3.631050 0.110873
1.328 3.630980 0.110701
1.329 3.630911 0.110529
1.330 3.630841 0.110357
1.331 3.630772 0.110185
1.332 3.630702 0.110013
1.333 3.630635 0.109814
1.334 3.630568 0.109597
1.335 3.630501 0.109380
1.336 3.630435 0.109163
1.337 3.630368 0.108947
1.338 3.630301 0.108730
1.339 3.630235 0.108513
1.340 3.630169 0.108299
1.341 3.630106 0.108089
1.342 3.630042 0.107880
1.343 3.629978 0.107670
1.344 3.629915 0.107460
1.345 3.629851 0.107250
1.346 3.629787 0.107040
1.347 3.629724 0.106830
1.348 3.629664 0.106616
1.349 3.629603 0.106402
1.350 3.629543 0.106188
1.351 3.629482 0.105974
1.352 3.629422 0.105760
1.353 3.629361 0.105546
1.354 3.629301 0.105332
1.355 3.629243 0.105152
1.356 3.629185 0.104984
1.357 3.629128 0.104816
1.358 3.629071 0.104648
1.359 3.629013 0.104481
1.360 3.628956 0.104313
1.361 3.628899 0.104145
1.362 3.628842 0.103978
1.363 3.628788 0.103815
1.364 3.628734 0.103652
1.365 3.628680 0.103489
1.366 3.628626 0.103326
1.367 3.628572 0.103163
1.368 3.628518 0.102999
1.369 3.628464 0.102836
1.370 3.628412 0.102649
1.371 3.628361 0.102452
1.372 3.628311 0.102256
1.373 3.628260 0.102059
1.374 3.628209 0.101863
1.375 3.628159 0.101666
1.376 3.628108 0.101470
1.377 3.628058 0.101274
1.378 3.628010 0.101082
1.379 3.627963 0.100891
1.380 3.627916 0.100699
1.381 3.627868 0.100507
1.382 3.627821 0.100316
1.383 3.627774 0.100124
1.384 3.627726 0.099932
1.385 3.627680 0.099735
1.386 3.627637 0.099530
1.387 3.627593 0.099326
1.388 3.627549 0.099121
1.389 3.627505 0.098916
1.390 3.627462 0.098711
1.391 3.627418 0.098506
1.392 3.627374 0.098302
1.393 3.627333 0.098105
1.394 3.627293 0.097912
1.395 3.627254 0.097720
1.396 3.627214 0.097528
1.397 3.627175 0.097336
1.398 3.627135 0.097144
1.399 3.627096 0.096952
1.400 3.627056 0.096760
1.401 3.627020 0.096599
1.402 3.626985 0.096450
1.403 3.626950 0.096301
1.404 3.626915 0.096151
1.405 3.626879 0.096002
1.406 3.626844 0.095853
1.407 3.626809 0.095704
1.408 3.626774 0.095555
1.409 3.626742 0.095350
1.410 3.626712 0.095129
1.411 3.626681 0.094907
1.412 3.626651 0.094686
1.413 3.626620 0.094464
1.414 3.626590 0.094242
1.415 3.626559 0.094021
1.416 3.626529 0.093799
1.417 3.626502 0.093613
1.418 3.626477 0.093442
1.419 3.626452 0.093270
1.420 3.626426 0.093099
1.421 3.626401 0.092928
1.422 3.626376 0.092757
1.423 3.626350 0.092585
1.424 3.626325 0.092414
1.425 3.626303 0.092230
1.426 3.626284 0.092034
1.427 3.626265 0.091839
1.428 3.626246 0.091643
1.429 3.626226 0.091448
1.430 3.626207 0.091252
1.431 3.626188 0.091057
1.432 3.626169 0.090862
1.433 3.626152 0.090661
1.434 3.626139 0.090449
1.435 3.626127 0.090238
1.436 3.626115 0.090026
1.437 3.626103 0.089814
1.438 3.626090 0.089602
1.439 3.626078 0.089390
1.440 3.626066 0.089178
1.441 3.626054 0.088967
1.442 3.626049 0.088734
1.443 3.626044 0.088500
1.444 3.626040 0.088267
1.445 3.626036 0.088033
1.446 3.626031 0.087800
1.447 3.626027 0.087566
1.448 3.626022 0.087332
1.449 3.626018 0.087099
1.450 3.626018 0.086818
1.451 3.626023 0.086490
1.452 3.626028 0.086162
1.453 3.626033 0.085834
1.454 3.626038 0.085506
1.455 3.626043 0.085178
1.456 3.626047 0.084850
1.457 3.626052 0.084522
1.458 3.626057 0.084194
1.459 3.626073 0.083913
1.460 3.626089 0.083633
1.461 3.626105 0.083353
1.462 3.626121 0.083073
1.463 3.626137 0.082793
1.464 3.626153 0.082513
1.465 3.626169 0.082233
1.466 3.626185 0.081953
1.467 3.626206 0.081681
1.468 3.626236 0.081425
1.469 3.626266 0.081170
1.470 3.626296 0.080914
1.471 3.626326 0.080659
1.472 3.626356 0.080403
1.473 3.626386 0.080147
1.474 3.626416 0.079892
1.475 3.626445 0.079636
1.476 3.626485 0.079356
1.477 3.626533 0.079057
1.478 3.626581 0.078758
1.479 3.626629 0.078459
1.480 3.626676 0.078160
1.481 3.626724 0.077861
1.482 3.626772 0.077562
1.483 3.626820 0.077264
1.484 3.626867 0.076965
1.485 3.626932 0.076671
1.486 3.627003 0.076379
1.487 3.627075 0.076088
1.488 3.627146 0.075796
1.489 3.627217 0.075504
1.490 3.627289 0.075213
1.491 3.627360 0.074921
1.492 3.627432 0.074630
1.493 3.627503 0.074338
1.494 3.627599 0.073969
1.495 3.627703 0.073575
1.496 3.627807 0.073180
1.497 3.627911 0.072786
1.498 3.628015 0.072391
1.499 3.628118 0.071997
1.500 3.628222 0.071602
1.501 3.628326 0.071207
1.502 3.628430 0.070813
1.503 3.628565 0.070431
1.504 3.628714 0.070054
1.505 3.628863 0.069678
1.506 3.629012 0.069302
1.507 3.629161 0.068925
1.508 3.629310 0.068549
1.509 3.629459 0.068172
1.510 3.629608 0.067796
1.511 3.629757 0.067420
1.512 3.629936 0.067029
1.513 3.630145 0.066624
1.514 3.630354 0.066220
1.515 3.630563 0.065815
1.516 3.630772 0.065411
1.517 3.630980 0.065006
1.518 3.631189 0.064601
1.519 3.631398 0.064197
1.520 3.631607 0.063792
1.521 3.631830 0.063372
1.522 3.632109 0.062896
1.523 3.632388 0.062419
1.524 3.632667 0.061942
1.525 3.632946 0.061465
1.526 3.633225 0.060989
1.527 3.633504 0.060512
1.528 3.633782 0.060035
1.529 3.634061 0.059558
1.530 3.634340 0.059081
1.531 3.634670 0.058550
1.532 3.635012 0.058004
1.533 3.635354 0.057459
1.534 3.635696 0.056914
1.535 3.636038 0.056368
1.536 3.636380 0.055823
1.537 3.636722 0.055278
1.538 3.637064 0.054732
1.539 3.637406 0.054187
1.540 3.637755 0.053631
1.541 3.638120 0.053049
1.542 3.638486 0.052467
1.543 3.638851 0.051884
1.544 3.639217 0.051302
1.545 3.639582 0.050719
1.546 3.639948 0.050137
1.547 3.640313 0.049555
1.548 3.640679 0.048972
1.549 3.641045 0.048390
1.550 3.641373 0.047731
1.551 3.641681 0.047027
1.552 3.641988 0.046324
1.553 3.642295 0.045621
1.554 3.642602 0.044917
1.555 3.642909 0.044214
1.556 3.643217 0.043511
1.557 3.643524 0.042807
1.558 3.643831 0.042104
1.559 3.644138 0.041400
1.560 3.644252 0.040614
1.561 3.644336 0.039815
1.562 3.644420 0.039016
1.563 3.644504 0.038217
1.564 3.644588 0.037418
1.565 3.644672 0.036619
1.566 3.644757 0.035821
1.567 3.644841 0.035022
1.568 3.644925 0.034223
1.569 3.645009 0.033424
1.570 3.645093 0.032625
1.571 3.645177 0.031826
1.572 3.645261 0.031027
1.573 3.645345 0.030228
1.574 3.645429 0.029429
1.575 3.645513 0.028630
1.576 3.645597 0.027831
1.577 3.645651 0.027105
1.578 3.645603 0.026628
1.579 3.645555 0.026151
1.580 3.645507 0.025674
1.581 3.645460 0.025197
1.582 3.645412 0.024719
1.583 3.645364 0.024242
1.584 3.645316 0.023765
1.585 3.645268 0.023288
1.586 3.645220 0.022811
1.587 3.645173 0.022334
1.588 3.645125 0.021856
1.589 3.645077 0.021379
1.590 3.645029 0.020902
1.591 3.644981 0.020425
1.592 3.644933 0.019948
1.593 3.644886 0.019470
1.594 3.644838 0.018993
1.595 3.644763 0.018540
1.596 3.644572 0.018191
1.597 3.644381 0.017841
1.598 3.644189 0.017492
1.599 3.643998 0.017143
1.600 3.643807 0.016793
1.601 3.643616 0.016444
1.602 3.643424 0.016095
1.603 3.643233 0.015746
1.604 3.643042 0.015396
1.605 3.642851 0.015047
1.606 3.642660 0.014698
1.607 3.642468 0.014348
1.608 3.642277 0.013999
1.609 3.642086 0.013650
1.610 3.641895 0.013300
1.611 3.641703 0.012951
1.612 3.641512 0.012602
1.613 3.641321 0.012253
1.614 3.641044 0.011976
1.615 3.640735 0.011726
1.616 3.640426 0.011477
1.617 3.640117 0.011227
1.618 3.639808 0.010978
1.619 3.639499 0.010728
1.620 3.639190 0.010478
1.621 3.638882 0.010229
1.622 3.638573 0.009979
1.623 3.638264 0.009730
1.624 3.637955 0.009480
1.625 3.637646 0.009231
1.626 3.637337 0.008981
1.627 3.637028 0.008731
1.628 3.636719 0.008482
1.629 3.636410 0.008232
1.630 3.636101 0.007983
1.631 3.635792 0.007733
1.632 3.635483 0.007484
1.633 3.635126 0.007304
1.634 3.634758 0.007138
1.635 3.634391 0.006973
1.636 3.634024 0.006807
1.637 3.633657 0.006641
1.638 3.633289 0.006475
1.639 3.632922 0.006310
1.640 3.632555 0.006144
1.641 3.632188 0.005978
1.642 3.631821 0.005813
1.643 3.631453 0.005647
1.644 3.631086 0.005481
1.645 3.630719 0.005315
1.646 3.630352 0.005150
1.647 3.629984 0.004984
1.648 3.629617 0.004818
1.649 3.629250 0.004652
1.650 3.628883 0.004487
1.651 3.628515 0.004321
1.652 3.628145 0.004201
1.653 3.627772 0.004128
1.654 3.627399 0.004055
1.655 3.627027 0.003983
1.656 3.626654 0.003910
1.657 3.626281 0.003837
1.658 3.625908 0.003764
1.659 3.625535 0.003691
1.660 3.625162 0.003618
1.661 3.624789 0.003545
1.662 3.624416 0.003472
1.663 3.624043 0.003399
1.664 3.623670 0.003326
1.665 3.623298 0.003253
1.666 3.622925 0.003181
1.667 3.622552 0.003108
1.668 3.622179 0.003035
1.669 3.621806 0.002962
1.670 3.621433 0.002889
1.671 3.621060 0.002816
1.672 3.620709 0.002755
1.673 3.620369 0.002698
1.674 3.620028 0.002642
1.675 3.619687 0.002585
1.676 3.619346 0.002529
1.677 3.619006 0.002473
1.678 3.618665 0.002416
1.679 3.618324 0.002360
1.680 3.617983 0.002303
1.681 3.617642 0.002247
1.682 3.617302 0.002190
1.683 3.616961 0.002134
1.684 3.616620 0.002078
1.685 3.616279 0.002021
1.686 3.615939 0.001965
1.687 3.615598 0.001908
1.688 3.615257 0.001852
1.689 3.614916 0.001796
1.690 3.614575 0.001739
1.691 3.614235 0.001683
1.692 3.613912 0.001643
1.693 3.613617 0.001628
1.694 3.613321 0.001612
1.695 3.613026 0.001597
1.696 3.612730 0.001581
1.697 3.612435 0.001566
1.698 3.612140 0.001551
1.699 3.611844 0.001535
1.700 3.611549 0.001520
1.701 3.611253 0.001504
1.702 3.610958 0.001489
1.703 3.610662 0.001473
1.704 3.610367 0.001458
1.705 3.610071 0.001443
1.706 3.609776 0.001427
1.707 3.609480 0.001412
1.708 3.609185 0.001396
1.709 3.608889 0.001381
1.710 3.608594 0.001366
1.711 3.608298 0.001350
1.712 3.608003 0.001335
1.713 3.607736 0.001319
1.714 3.607488 0.001302
1.715 3.607239 0.001285
1.716 3.606990 0.001269
1.717 3.606741 0.001252
1.718 3.606492 0.001236
1.719 3.606244 0.001219
1.720 3.605995 0.001203
1.721 3.605746 0.001186
1.722 3.605497 0.001170
1.723 3.605248 0.001153
1.724 3.605000 0.001137
1.725 3.604751 0.001120
1.726 3.604502 0.001104
1.727 3.604253 0.001087
1.728 3.604004 0.001071
1.729 3.603756 0.001054
1.730 3.603507 0.001037
1.731 3.603258 0.001021
1.732 3.603009 0.001004
1.733 3.602760 0.000988
1.734 3.602523 0.000972
1.735 3.602310 0.000959
1.736 3.602097 0.000947
1.737 3.601884 0.000934
1.738 3.601671 0.000921
1.739 3.601458 0.000908
1.740 3.601245 0.000895
1.741 3.601032 0.000882
1.742 3.600819 0.000869
1.743 3.600606 0.000856
1.744 3.600393 0.000843
1.745 3.600180 0.000830
1.746 3.599967 0.000817
1.747 3.599754 0.000804
1.748 3.599541 0.000791
1.749 3.599328 0.000778
1.750 3.599115 0.000765
1.751 3.598902 0.000752
1.752 3.598689 0.000739
1.753 3.598475 0.000726
1.754 3.598262 0.000713
1.755 3.598049 0.000700
1.756 3.597851 0.000694
1.757 3.597667 0.000695
1.758 3.597483 0.000696
1.759 3.597299 0.000697
1.760 3.597115 0.000698
1.761 3.596931 0.000699
1.762 3.596747 0.000701
1.763 3.596563 0.000702
1.764 3.596379 0.000703
1.765 3.596195 0.000704
1.766 3.596011 0.000705
1.767 3.595827 0.000706
1.768 3.595643 0.000708
1.769 3.595459 0.000709
1.770 3.595275 0.000710
1.771 3.595091 0.000711
1.772 3.594907 0.000712
1.773 3.594723 0.000713
1.774 3.594539 0.000714
1.775 3.594355 0.000716
1.776 3.594171 0.000717
1.777 3.593988 0.000718
1.778 3.593806 0.000718
1.779 3.593642 0.000708
1.780 3.593479 0.000697
1.781 3.593316 0.000687
1.782 3.593152 0.000676
1.783 3.592989 0.000666
1.784 3.592825 0.000656
1.785 3.592662 0.000645
1.786 3.592499 0.000635
1.787 3.592335 0.000625
1.788 3.592172 0.000614
1.789 3.592009 0.000604
1.790 3.591845 0.000594
1.791 3.591682 0.000583
1.792 3.591519 0.000573
1.793 3.591355 0.000563
1.794 3.591192 0.000552
1.795 3.591029 0.000542
1.796 3.590865 0.000531
1.797 3.590702 0.000521
1.798 3.590539 0.000511
1.799 3.590375 0.000500
1.800 3.590212 0.000490
1.801 NaN NaN
1.802 NaN NaN
1.803 NaN NaN
1.804 NaN NaN
1.805 NaN NaN
1.806 NaN NaN
1.807 NaN NaN
1.808 NaN NaN
1.809 NaN NaN
1.810 NaN NaN
1.811 NaN NaN
1.812 NaN NaN
1.813 NaN NaN
1.814 NaN NaN
1.815 NaN NaN
1.816 NaN NaN
1.817 NaN NaN
1.818 NaN NaN
1.819 NaN NaN
1.820 NaN NaN
1.821 NaN NaN
1.822 NaN NaN
1.823 NaN NaN
1.824 NaN NaN
1.825 NaN NaN
1.826 NaN NaN
1.827 NaN NaN
1.828 NaN NaN
1.829 NaN NaN
1.830 NaN NaN
1.831 NaN NaN
1.832 NaN NaN
1.833 NaN NaN
1.834 NaN NaN
1.835 NaN NaN
1.836 NaN NaN
1.837 NaN NaN
1.838 NaN NaN
1.839 NaN NaN
1.840 NaN NaN
1.841 NaN NaN
1.842 NaN NaN
1.843 NaN NaN
1.844 NaN NaN
1.845 NaN NaN
1.846 NaN NaN
1.847 NaN NaN
1.848 NaN NaN
1.849 NaN NaN
1.850 NaN NaN
1.851 NaN NaN
1.852 NaN NaN
1.853 NaN NaN
1.854 NaN NaN
1.855 NaN NaN
1.856 NaN NaN
1.857 NaN NaN
1.858 NaN NaN
1.859 NaN NaN
1.860 NaN NaN
1.861 NaN NaN
1.862 NaN NaN
1.863 NaN NaN
1.864 NaN NaN
1.865 NaN NaN
1.866 NaN NaN
1.867 NaN NaN
1.868 NaN NaN
1.869 NaN NaN
1.870 NaN NaN
1.871 NaN NaN
1.872 NaN NaN
1.873 NaN NaN
1.874 NaN NaN
1.875 NaN NaN
1.876 NaN NaN
1.877 NaN NaN
1.878 NaN NaN
1.879 NaN NaN
1.880 NaN NaN
1.881 NaN NaN
1.882 NaN NaN
1.883 NaN NaN
1.884 NaN NaN
1.885 NaN NaN
1.886 NaN NaN
1.887 NaN NaN
1.888 NaN NaN
1.889 NaN NaN
1.890 NaN NaN
1.891 NaN NaN
1.892 NaN NaN
1.893 NaN NaN
1.894 NaN NaN
1.895 NaN NaN
1.896 NaN NaN
1.897 NaN NaN
1.898 NaN NaN
1.899 NaN NaN
1.900 NaN NaN
1.901 NaN NaN
1.902 NaN NaN
1.903 NaN NaN
1.904 NaN NaN
1.905 NaN NaN
1.906 NaN NaN
1.907 NaN NaN
1.908 NaN NaN
1.909 NaN NaN
1.910 NaN NaN
1.911 NaN NaN
1.912 NaN NaN
1.913 NaN NaN
1.914 NaN NaN
1.915 NaN NaN
1.916 NaN NaN
1.917 NaN NaN
1.918 NaN NaN
1.919 NaN NaN
1.920 NaN NaN
1.921 NaN NaN
1.922 NaN NaN
1.923 NaN NaN
1.924 NaN NaN
1.925 NaN NaN
1.926 NaN NaN
1.927 NaN NaN
1.928 NaN NaN
1.929 NaN NaN
1.930 NaN NaN
1.931 NaN NaN
1.932 NaN NaN
1.933 NaN NaN
1.934 NaN NaN
1.935 NaN NaN
1.936 NaN NaN
1.937 NaN NaN
1.938 NaN NaN
1.939 NaN NaN
1.940 NaN NaN
1.941 NaN NaN
1.942 NaN NaN
1.943 NaN NaN
1.944 NaN NaN
1.945 NaN NaN
1.946 NaN NaN
1.947 NaN NaN
1.948 NaN NaN
1.949 NaN NaN
1.950 NaN NaN