0.253 1.901277 3.186951
0.254 1.943084 3.206853
0.255 1.981505 3.223732
0.256 2.018391 3.237620
0.257 2.060327 3.251745
0.258 2.103345 3.265503
0.259 2.146271 3.279520
0.260 2.188586 3.293215
0.261 2.237798 3.306811
0.262 2.281600 3.320067
0.263 2.330123 3.324834
0.264 2.380233 3.334947
0.265 2.430793 3.334394
0.266 2.488450 3.338064
0.267 2.540291 3.335086
0.268 2.590327 3.329640
0.269 2.645513 3.323207
0.270 2.696953 3.313010
0.271 2.750392 3.299252
0.272 2.799957 3.283570
0.273 2.851216 3.266463
0.274 2.898273 3.244334
0.275 2.948039 3.221936
0.276 2.992314 3.199808
0.277 3.033591 3.171397
0.278 3.073966 3.144285
0.279 3.113800 3.111110
0.280 3.152838 3.084963
0.281 3.191040 3.052219
0.282 3.221101 3.015864
0.283 3.251061 2.978928
0.284 3.283157 2.946713
0.285 3.308056 2.909220
0.286 3.331836 2.873409
0.287 3.355543 2.837516
0.288 3.376611 2.800195
0.289 3.393473 2.764326
0.290 3.409324 2.729883
0.291 3.427054 2.693650
0.292 3.437974 2.657724
0.293 3.448489 2.620030
0.294 3.458660 2.585955
0.295 3.467688 2.553972
0.296 3.471060 2.519872
0.297 3.473503 2.491522
0.298 3.479267 2.457444
0.299 3.484605 2.429656
0.300 3.484730 2.395630
0.301 3.483117 2.368868
0.302 3.481251 2.342989
0.303 3.479479 2.317158
0.304 3.477872 2.291380
0.305 3.476078 2.267759
0.306 3.470633 2.249019
0.307 3.464376 2.225057
0.308 3.460842 2.207622
0.309 3.452834 2.183859
0.310 3.450793 2.166144
0.311 3.441535 2.145556
0.312 3.439458 2.132535
0.313 3.430837 2.112801
0.314 3.425815 2.098914
0.315 3.418565 2.086761
0.316 3.410539 2.074465
0.317 3.407571 2.062400
0.318 3.401841 2.050198
0.319 3.395564 2.038130
0.320 3.387593 2.026248
0.321 3.381939 2.014388
0.322 3.375312 2.003707
0.323 3.366473 1.999503
0.324 3.362187 1.988797
0.325 3.356142 1.982449
0.326 3.354184 1.974016
0.327 3.346107 1.965511
0.328 3.340124 1.959906
0.329 3.335783 1.954942
0.330 3.332609 1.948239
0.331 3.325743 1.943434
0.332 3.323959 1.938267
0.333 3.317560 1.936668
0.334 3.314741 1.929776
0.335 3.311326 1.928516
0.336 3.305356 1.924108
0.337 3.303494 1.920891
0.338 3.295896 1.920242
0.339 3.295282 1.917160
0.340 3.294093 1.912181
0.341 3.287776 1.912157
0.342 3.285470 1.912157
0.343 3.285073 1.912197
0.344 3.284532 1.912329
0.345 3.282602 1.910588
0.346 3.276763 1.905348
0.347 3.275051 1.903867
0.348 3.274797 1.903866
0.349 3.274403 1.904089
0.350 3.274197 1.904291
0.351 3.274039 1.904449
0.352 3.273767 1.904720
0.353 3.273674 1.904720
0.354 3.273353 1.904795
0.355 3.273279 1.905116
0.356 3.272964 1.905294
0.357 3.272876 1.906400
0.358 3.272579 1.908889
0.359 3.272486 1.914605
0.360 3.272486 1.914728
0.361 3.272482 1.914984
0.362 3.272284 1.915375
0.363 3.273429 1.915579
0.364 3.275454 1.915904
0.365 3.280633 1.917382
0.366 3.280778 1.921558
0.367 3.281334 1.925240
0.368 3.283169 1.925606
0.369 3.288002 1.925941
0.370 3.289496 1.926304
0.371 3.289650 1.928376
0.372 3.291396 1.930793
0.373 3.294370 1.935763
0.374 3.299212 1.936308
0.375 3.300581 1.937739
0.376 3.305407 1.939725
0.377 3.308735 1.944735
0.378 3.310257 1.946414
0.379 3.316011 1.947164
0.380 3.318270 1.949389
0.381 3.320918 1.951972
0.382 3.326213 1.956654
0.383 3.328251 1.958272
0.384 3.333148 1.960196
0.385 3.337117 1.964545
0.386 3.341874 1.967118
0.387 3.345156 1.969159
0.388 3.348118 1.971505
0.389 3.354736 1.976772
0.390 3.357865 1.978246
0.391 3.364129 1.980268
0.392 3.367334 1.982674
0.393 3.374010 1.988462
0.394 3.378422 1.990693
0.395 3.385046 1.994101
0.396 3.389967 1.999441
0.397 3.398027 2.001200
0.398 3.402375 2.005975
0.399 3.408996 2.009848
0.400 3.414642 2.012420
0.401 3.421853 2.018828
0.402 3.429670 2.021881
0.403 3.438878 2.027890
0.404 3.443555 2.031024
0.405 3.451147 2.032865
0.406 3.459406 2.039640
0.407 3.468041 2.043116
0.408 3.473099 2.049884
0.409 3.482284 2.053744
0.410 3.493314 2.060237
0.411 3.504368 2.063993
0.412 3.515702 2.070546
0.413 3.529727 2.074380
0.414 3.540771 2.080363
0.415 3.551963 2.084498
0.416 3.565873 2.090148
0.417 3.581344 2.094548
0.418 3.594547 2.099734
0.419 3.612132 2.102577
0.420 3.628593 2.106911
0.421 3.643471 2.107497
0.422 3.661864 2.106961
0.423 3.681254 2.105937
0.424 3.701163 2.104944
0.425 3.720016 2.100688
0.426 3.740266 2.094705
0.427 3.761490 2.090171
0.428 3.778151 2.081182
0.429 3.794755 2.071639
0.430 3.809360 2.062669
0.431 3.822141 2.051787
0.432 3.836187 2.038318
0.433 3.846530 2.028645
0.434 3.858243 2.017760
0.435 3.866098 2.005079
0.436 3.871589 1.994420
0.437 3.874709 1.980903
0.438 3.881152 1.973237
0.439 3.883198 1.965833
0.440 3.884772 1.954389
0.441 3.889845 1.948417
0.442 3.891843 1.947040
0.443 3.892820 1.943064
0.444 3.893736 1.939091
0.445 3.894992 1.938692
0.446 3.897059 1.940513
0.447 3.900131 1.943023
0.448 3.902855 1.945214
0.449 3.906311 1.948164
0.450 3.913288 1.955030
0.451 3.919825 1.961400
0.452 3.927549 1.967176
0.453 3.939016 1.974952
0.454 3.949107 1.982848
0.455 3.959727 1.991899
0.456 3.976408 1.999052
0.457 3.991810 2.004329
0.458 4.011250 2.011979
0.459 4.032581 2.019346
0.460 4.054090 2.026690
0.461 4.076382 2.033331
0.462 4.102670 2.038896
0.463 4.130993 2.039853
0.464 4.159353 2.041287
0.465 4.187684 2.041414
0.466 4.218293 2.038412
0.467 4.251696 2.032893
0.468 4.285030 2.023817
0.469 4.318004 2.013348
0.470 4.350543 2.002249
0.471 4.382468 1.985389
0.472 4.414129 1.966989
0.473 4.443739 1.946036
0.474 4.472626 1.922334
0.475 4.501393 1.897305
0.476 4.527132 1.869543
0.477 4.550463 1.838743
0.478 4.569942 1.806949
0.479 4.588503 1.774761
0.480 4.606592 1.741955
0.481 4.620233 1.709125
0.482 4.633518 1.675980
0.483 4.646707 1.642560
0.484 4.651859 1.609089
0.485 4.658435 1.575623
0.486 4.662678 1.542617
0.487 4.664394 1.512064
0.488 4.664797 1.482214
0.489 4.662790 1.452343
0.490 4.659183 1.424981
0.491 4.655998 1.398822
0.492 4.650889 1.373338
0.493 4.643965 1.348001
0.494 4.636440 1.322731
0.495 4.630979 1.297539
0.496 4.626555 1.274413
0.497 4.620828 1.253340
0.498 4.613428 1.231910
0.499 4.605259 1.211725
0.500 4.597193 1.193685
0.501 4.589050 1.176747
0.502 4.579219 1.159946
0.503 4.567462 1.143220
0.504 4.556809 1.126655
0.505 4.548019 1.110194
0.506 4.539795 1.096441
0.507 4.531636 1.084051
0.508 4.523516 1.071005
0.509 4.515503 1.058960
0.510 4.507487 1.046435
0.511 4.499484 1.033648
0.512 4.491495 1.022300
0.513 4.483501 1.008592
0.514 4.475543 0.998344
0.515 4.467552 0.989194
0.516 4.459622 0.980099
0.517 4.451649 0.970672
0.518 4.443734 0.961456
0.519 4.435788 0.952467
0.520 4.427946 0.943851
0.521 4.423064 0.935484
0.522 4.418711 0.927292
0.523 4.412530 0.919335
0.524 4.405372 0.911687
0.525 4.397758 0.904315
0.526 4.389901 0.897049
0.527 4.382093 0.889792
0.528 4.374958 0.883076
0.529 4.371780 0.876493
0.530 4.366633 0.870006
0.531 4.359853 0.863619
0.532 4.352605 0.857288
0.533 4.345949 0.851032
0.534 4.341469 0.845003
0.535 4.337480 0.839233
0.536 4.331102 0.833623
0.537 4.324702 0.827925
0.538 4.320659 0.822376
0.539 4.316332 0.816927
0.540 4.309950 0.811624
0.541 4.303402 0.806631
0.542 4.300437 0.801406
0.543 4.295310 0.796521
0.544 4.291524 0.791706
0.545 4.287693 0.786920
0.546 4.282612 0.782182
0.547 4.276238 0.777532
0.548 4.271042 0.772963
0.549 4.267538 0.768521
0.550 4.263052 0.764236
0.551 4.259283 0.759906
0.552 4.256041 0.755573
0.553 4.250453 0.751589
0.554 4.248653 0.747189
0.555 4.243675 0.743084
0.556 4.239777 0.739189
0.557 4.236811 0.735390
0.558 4.231671 0.731554
0.559 4.228848 0.727648
0.560 4.224822 0.723904
0.561 4.220950 0.720213
0.562 4.217478 0.716503
0.563 4.213431 0.712713
0.564 4.209581 0.708857
0.565 4.206071 0.705089
0.566 4.202381 0.701462
0.567 4.198251 0.698012
0.568 4.196894 0.694790
0.569 4.195098 0.691329
0.570 4.191902 0.687781
0.571 4.187488 0.684257
0.572 4.185119 0.680974
0.573 4.180392 0.677565
0.574 4.176744 0.674344
0.575 4.174281 0.671340
0.576 4.168915 0.668258
0.577 4.166778 0.664915
0.578 4.165571 0.661699
0.579 4.164092 0.658701
0.580 4.158869 0.655731
0.581 4.156491 0.652786
0.582 4.155203 0.649686
0.583 4.154110 0.646337
0.584 4.149236 0.643307
0.585 4.146381 0.640331
0.586 4.144847 0.637425
0.587 4.143859 0.634627
0.588 4.139780 0.631833
0.589 4.136311 0.629042
0.590 4.133929 0.626253
0.591 4.129071 0.623467
0.592 4.126070 0.620684
0.593 4.124320 0.617904
0.594 4.123406 0.615127
0.595 4.119732 0.612609
0.596 4.116285 0.610066
0.597 4.114304 0.607378
0.598 4.113313 0.604617
0.599 4.110725 0.601853
0.600 4.106511 0.599091
0.601 4.104572 0.596333
0.602 4.103373 0.593861
0.603 4.102717 0.591562
0.604 4.102102 0.589005
0.605 4.099039 0.586327
0.606 4.095014 0.583661
0.607 4.093249 0.581422
0.608 4.092081 0.578962
0.609 4.090554 0.576393
0.610 4.085899 0.573831
0.611 4.083373 0.571468
0.612 4.081989 0.569157
0.613 4.081101 0.566606
0.614 4.077689 0.564287
0.615 4.073304 0.562057
0.616 4.072279 0.559523
0.617 4.071558 0.557243
0.618 4.071029 0.555128
0.619 4.069887 0.552638
0.620 4.067071 0.550274
0.621 4.062529 0.548040
0.622 4.061419 0.545697
0.623 4.060738 0.543420
0.624 4.060385 0.541266
0.625 4.058844 0.538954
0.626 4.056545 0.536657
0.627 4.052606 0.534551
0.628 4.050651 0.532421
0.629 4.049794 0.530272
0.630 4.047282 0.527966
0.631 4.044480 0.525796
0.632 4.041293 0.523809
0.633 4.040177 0.521647
0.634 4.039574 0.519449
0.635 4.039183 0.517259
0.636 4.037040 0.515211
0.637 4.033562 0.513269
0.638 4.031313 0.511200
0.639 4.029654 0.509067
0.640 4.029253 0.506799
0.641 4.028673 0.504732
0.642 4.027986 0.502785
0.643 4.023594 0.500892
0.644 4.020172 0.499000
0.645 4.019389 0.497105
0.646 4.018872 0.495068
0.647 4.018523 0.492941
0.648 4.016817 0.490725
0.649 4.014571 0.488580
0.650 4.010860 0.486701
0.651 4.008856 0.484824
0.652 4.008435 0.482948
0.653 4.008087 0.481075
0.654 4.007748 0.479202
0.655 4.007289 0.477332
0.656 4.005832 0.475463
0.657 4.002456 0.473596
0.658 4.000070 0.471731
0.659 3.998346 0.469867
0.660 3.997678 0.468006
0.661 3.997153 0.466145
0.662 3.996086 0.464287
0.663 3.994141 0.462489
0.664 3.990256 0.460825
0.665 3.988098 0.459086
0.666 3.987471 0.457283
0.667 3.986998 0.455446
0.668 3.986579 0.453596
0.669 3.983992 0.451750
0.670 3.981321 0.449904
0.671 3.979033 0.448061
0.672 3.977335 0.446252
0.673 3.976959 0.444519
0.674 3.976650 0.442788
0.675 3.976412 0.441059
0.676 3.975648 0.439273
0.677 3.974584 0.437456
0.678 3.971389 0.435628
0.679 3.967620 0.433796
0.680 3.966864 0.432147
0.681 3.966348 0.430513
0.682 3.965907 0.428887
0.683 3.965000 0.427285
0.684 3.961906 0.425796
0.685 3.959206 0.424243
0.686 3.957497 0.422534
0.687 3.956330 0.420832
0.688 3.956037 0.419145
0.689 3.955789 0.417509
0.690 3.955592 0.415931
0.691 3.954461 0.414388
0.692 3.952556 0.412873
0.693 3.950074 0.411301
0.694 3.947228 0.409692
0.695 3.946120 0.407986
0.696 3.945875 0.406231
0.697 3.945671 0.404743
0.698 3.945484 0.403361
0.699 3.944770 0.401861
0.700 3.943876 0.400321
0.701 3.940792 0.398719
0.702 3.937045 0.397099
0.703 3.935918 0.395650
0.704 3.935538 0.394250
0.705 3.935097 0.392682
0.706 3.934639 0.391066
0.707 3.932135 0.389633
0.708 3.929004 0.388256
0.709 3.927246 0.386779
0.710 3.925963 0.385269
0.711 3.925442 0.383694
0.712 3.925235 0.382093
0.713 3.925048 0.380713
0.714 3.924870 0.379448
0.715 3.923255 0.378101
0.716 3.920689 0.376699
0.717 3.918461 0.375272
0.718 3.916532 0.373821
0.719 3.915365 0.372449
0.720 3.915136 0.371174
0.721 3.914919 0.369814
0.722 3.914721 0.368299
0.723 3.914054 0.366825
0.724 3.911952 0.365474
0.725 3.909837 0.364140
0.726 3.907638 0.362917
0.727 3.905440 0.361694
0.728 3.905220 0.360215
0.729 3.905010 0.358735
0.730 3.904809 0.357407
0.731 3.904610 0.356105
0.732 3.903134 0.354745
0.733 3.901094 0.353359
0.734 3.898932 0.352030
0.735 3.896659 0.350753
0.736 3.895129 0.349458
0.737 3.895035 0.348128
0.738 3.894773 0.346822
0.739 3.893530 0.345664
0.740 3.892287 0.344505
0.741 3.889424 0.343159
0.742 3.886451 0.341801
0.743 3.885398 0.340432
0.744 3.885115 0.339059
0.745 3.884907 0.337802
0.746 3.884783 0.336670
0.747 3.884408 0.335513
0.748 3.883189 0.334272
0.749 3.881969 0.333030
0.750 3.879221 0.331781
0.751 3.876420 0.330533
0.752 3.875372 0.329318
0.753 3.875113 0.328119
0.754 3.874887 0.326988
0.755 3.874710 0.325959
0.756 3.874403 0.324891
0.757 3.872862 0.323453
0.758 3.871321 0.322015
0.759 3.869112 0.320905
0.760 3.866710 0.319890
0.761 3.865300 0.318871
0.762 3.865136 0.317845
0.763 3.864979 0.316802
0.764 3.864881 0.315600
0.765 3.864783 0.314398
0.766 3.863335 0.313178
0.767 3.861398 0.311951
0.768 3.859441 0.310802
0.769 3.857445 0.309795
0.770 3.855449 0.308788
0.771 3.855289 0.307767
0.772 3.855193 0.306745
0.773 3.855000 0.305645
0.774 3.854730 0.304482
0.775 3.854181 0.303341
0.776 3.851902 0.302340
0.777 3.849623 0.301339
0.778 3.847928 0.300337
0.779 3.846479 0.299334
0.780 3.845372 0.298306
0.781 3.845288 0.297203
0.782 3.845204 0.296099
0.783 3.844801 0.294851
0.784 3.844309 0.293562
0.785 3.843123 0.292363
0.786 3.840316 0.291369
0.787 3.837509 0.290376
0.788 3.836575 0.289403
0.789 3.836105 0.288435
0.790 3.835699 0.287541
0.791 3.835454 0.286831
0.792 3.835209 0.286122
0.793 3.834630 0.285272
0.794 3.833943 0.284377
0.795 3.832824 0.283463
0.796 3.830058 0.282478
0.797 3.827292 0.281493
0.798 3.826183 0.280509
0.799 3.825990 0.279525
0.800 3.825796 0.278542
0.801 3.825610 0.277561
0.802 3.825424 0.276580
0.803 3.824565 0.275600
0.804 3.822938 0.274620
0.805 3.821312 0.273641
0.806 3.819503 0.272664
0.807 3.817664 0.271686
0.808 3.816209 0.270758
0.809 3.816102 0.269999
0.810 3.815995 0.269240
0.811 3.815696 0.268375
0.812 3.815253 0.267431
0.813 3.814811 0.266488
0.814 3.812543 0.265637
0.815 3.810090 0.264795
0.816 3.808056 0.263972
0.817 3.807467 0.263215
0.818 3.806877 0.262458
0.819 3.806450 0.261608
0.820 3.806171 0.260672
0.821 3.805892 0.259737
0.822 3.805239 0.258882
0.823 3.804495 0.258046
0.824 3.803638 0.257216
0.825 3.801211 0.256460
0.826 3.798785 0.255705
0.827 3.797060 0.254900
0.828 3.796882 0.253987
0.829 3.796704 0.253074
0.830 3.796476 0.252319
0.831 3.796207 0.251699
0.832 3.795937 0.251079
0.833 3.794317 0.250395
0.834 3.792237 0.249689
0.835 3.790156 0.248983
0.836 3.789099 0.248114
0.837 3.788114 0.247233
0.838 3.787209 0.246361
0.839 3.787007 0.245556
0.840 3.786805 0.244751
0.841 3.786496 0.243968
0.842 3.785870 0.243250
0.843 3.785243 0.242531
0.844 3.783926 0.241843
0.845 3.781502 0.241203
0.846 3.779077 0.240563
0.847 3.777781 0.239876
0.848 3.777633 0.239141
0.849 3.777485 0.238405
0.850 3.777247 0.237700
0.851 3.776946 0.237015
0.852 3.776645 0.236330
0.853 3.775242 0.235729
0.854 3.773267 0.235172
0.855 3.771291 0.234615
0.856 3.770132 0.233951
0.857 3.769309 0.233242
0.858 3.768486 0.232533
0.859 3.768024 0.231876
0.860 3.767691 0.231237
0.861 3.767357 0.230598
0.862 3.766644 0.229980
0.863 3.765804 0.229368
0.864 3.764964 0.228757
0.865 3.763294 0.228104
0.866 3.761329 0.227437
0.867 3.759364 0.226769
0.868 3.758745 0.226150
0.869 3.758688 0.225551
0.870 3.758632 0.224952
0.871 3.758424 0.224445
0.872 3.758136 0.223986
0.873 3.757849 0.223528
0.874 3.757365 0.222922
0.875 3.756738 0.222209
0.876 3.756111 0.221496
0.877 3.754776 0.220896
0.878 3.752670 0.220419
0.879 3.750565 0.219941
0.880 3.749168 0.219454
0.881 3.749028 0.218948
0.882 3.748888 0.218442
0.883 3.748678 0.217930
0.884 3.748221 0.217398
0.885 3.747764 0.216866
0.886 3.747207 0.216326
0.887 3.744933 0.215657
0.888 3.742660 0.214989
0.889 3.740386 0.214321
0.890 3.739958 0.213847
0.891 3.739809 0.213403
0.892 3.739660 0.212959
0.893 3.739400 0.212500
0.894 3.739083 0.212035
0.895 3.738765 0.211569
0.896 3.737872 0.211107
0.897 3.736204 0.210649
0.898 3.734535 0.210192
0.899 3.732992 0.209736
0.900 3.732062 0.209284
0.901 3.731132 0.208833
0.902 3.730201 0.208382
0.903 3.730057 0.207916
0.904 3.730010 0.207449
0.905 3.729963 0.206982
0.906 3.729737 0.206532
0.907 3.729386 0.206094
0.908 3.729034 0.205657
0.909 3.728308 0.205211
0.910 3.726496 0.204740
0.911 3.724685 0.204270
0.912 3.722873 0.203800
0.913 3.722188 0.203394
0.914 3.721623 0.202994
0.915 3.721058 0.202595
0.916 3.720703 0.202278
0.917 3.720536 0.202037
0.918 3.720370 0.201795
0.919 3.720178 0.201533
0.920 3.719801 0.201124
0.921 3.719423 0.200716
0.922 3.719046 0.200308
0.923 3.717481 0.199870
0.924 3.715393 0.199419
0.925 3.713305 0.198968
0.926 3.711695 0.198556
0.927 3.711597 0.198266
0.928 3.711500 0.197975
0.929 3.711403 0.197685
0.930 3.711188 0.197369
0.931 3.710936 0.197044
0.932 3.710685 0.196719
0.933 3.710366 0.196377
0.934 3.709851 0.195987
0.935 3.709336 0.195596
0.936 3.708821 0.195205
0.937 3.707330 0.194938
0.938 3.705460 0.194718
0.939 3.703591 0.194498
0.940 3.702013 0.194251
0.941 3.701953 0.193863
0.942 3.701893 0.193475
0.943 3.701833 0.193087
0.944 3.701732 0.192764
0.945 3.701600 0.192490
0.946 3.701468 0.192216
0.947 3.701337 0.191942
0.948 3.700898 0.191494
0.949 3.700446 0.191039
0.950 3.699994 0.190584
0.951 3.699340 0.190146
0.952 3.698255 0.189745
0.953 3.697170 0.189343
0.954 3.696084 0.188941
0.955 3.695391 0.188614
0.956 3.694911 0.188326
0.957 3.694431 0.188039
0.958 3.693951 0.187752
0.959 3.693528 0.187612
0.960 3.693108 0.187480
0.961 3.692688 0.187349
0.962 3.692274 0.187201
0.963 3.691881 0.186997
0.964 3.691488 0.186793
0.965 3.691095 0.186588
0.966 3.690691 0.186340
0.967 3.690275 0.186040
0.968 3.689858 0.185741
0.969 3.689442 0.185441
0.970 3.689048 0.185128
0.971 3.688665 0.184807
0.972 3.688282 0.184487
0.973 3.687899 0.184167
0.974 3.687546 0.183729
0.975 3.687197 0.183271
0.976 3.686848 0.182813
0.977 3.686500 0.182357
0.978 3.686154 0.182019
0.979 3.685808 0.181681
0.980 3.685462 0.181343
0.981 3.685117 0.181017
0.982 3.684782 0.180764
0.983 3.684446 0.180512
0.984 3.684111 0.180260
0.985 3.683771 0.180006
0.986 3.683416 0.179749
0.987 3.683061 0.179491
0.988 3.682707 0.179234
0.989 3.682350 0.178946
0.990 3.681989 0.178586
0.991 3.681628 0.178226
0.992 3.681267 0.177866
0.993 3.680925 0.177514
0.994 3.680620 0.177179
0.995 3.680316 0.176844
0.996 3.680011 0.176509
0.997 3.679716 0.176210
0.998 3.679442 0.175988
0.999 3.679167 0.175766
1.000 3.678893 0.175544
1.001 3.678620 0.175303
1.002 3.678348 0.175014
1.003 3.678076 0.174725
1.004 3.677805 0.174436
1.005 3.677520 0.174116
1.006 3.677190 0.173687
1.007 3.676859 0.173257
1.008 3.676528 0.172828
1.009 3.676197 0.172405
1.010 3.675863 0.172031
1.011 3.675530 0.171657
1.012 3.675196 0.171283
1.013 3.674863 0.170910
1.014 3.674556 0.170495
1.015 3.674250 0.170079
1.016 3.673944 0.169663
1.017 3.673638 0.169248
1.018 3.673345 0.168889
1.019 3.673054 0.168543
1.020 3.672764 0.168198
1.021 3.672473 0.167852
1.022 3.672197 0.167526
1.023 3.671929 0.167213
1.024 3.671661 0.166899
1.025 3.671393 0.166586
1.026 3.671126 0.166307
1.027 3.670858 0.166087
1.028 3.670590 0.165866
1.029 3.670323 0.165645
1.030 3.670055 0.165410
1.031 3.669779 0.165046
1.032 3.669504 0.164682
1.033 3.669229 0.164318
1.034 3.668954 0.163954
1.035 3.668666 0.163556
1.036 3.668375 0.163150
1.037 3.668083 0.162743
1.038 3.667792 0.162337
1.039 3.667504 0.161877
1.040 3.667222 0.161350
1.041 3.666940 0.160824
1.042 3.666658 0.160298
1.043 3.666378 0.159774
1.044 3.666125 0.159296
1.045 3.665872 0.158818
1.046 3.665618 0.158339
1.047 3.665365 0.157861
1.048 3.665112 0.157479
1.049 3.664859 0.157149
1.050 3.664606 0.156819
1.051 3.664353 0.156490
1.052 3.664099 0.156174
1.053 3.663845 0.155922
1.054 3.663591 0.155669
1.055 3.663337 0.155416
1.056 3.663083 0.155163
1.057 3.662837 0.154847
1.058 3.662594 0.154504
1.059 3.662351 0.154160
1.060 3.662109 0.153817
1.061 3.661866 0.153466
1.062 3.661624 0.153076
1.063 3.661383 0.152687
1.064 3.661141 0.152297
1.065 3.660899 0.151907
1.066 3.660668 0.151532
1.067 3.660445 0.151167
1.068 3.660221 0.150801
1.069 3.659998 0.150436
1.070 3.659775 0.150071
1.071 3.659555 0.149696
1.072 3.659336 0.149322
1.073 3.659116 0.148947
1.074 3.658897 0.148573
1.075 3.658672 0.148212
1.076 3.658435 0.147881
1.077 3.658198 0.147550
1.078 3.657960 0.147218
1.079 3.657723 0.146887
1.080 3.657495 0.146601
1.081 3.657273 0.146341
1.082 3.657050 0.146082
1.083 3.656828 0.145822
1.084 3.656605 0.145562
1.085 3.656366 0.145264
1.086 3.656125 0.144963
1.087 3.655884 0.144661
1.088 3.655643 0.144359
1.089 3.655403 0.144055
1.090 3.655177 0.143735
1.091 3.654950 0.143416
1.092 3.654723 0.143096
1.093 3.654496 0.142777
1.094 3.654275 0.142441
1.095 3.654069 0.142067
1.096 3.653862 0.141693
1.097 3.653655 0.141319
1.098 3.653448 0.140945
1.099 3.653235 0.140590
1.100 3.653013 0.140258
1.101 3.652792 0.139927
1.102 3.652571 0.139595
1.103 3.652350 0.139264
1.104 3.652131 0.138974
1.105 3.651915 0.138720
1.106 3.651699 0.138466
1.107 3.651483 0.138212
1.108 3.651267 0.137958
1.109 3.651053 0.137756
1.110 3.650840 0.137588
1.111 3.650627 0.137421
1.112 3.650414 0.137253
1.113 3.650202 0.137086
1.114 3.649994 0.136946
1.115 3.649791 0.136824
1.116 3.649587 0.136703
1.117 3.649383 0.136581
1.118 3.649180 0.136460
1.119 3.648979 0.136306
1.120 3.648779 0.136127
1.121 3.648580 0.135949
1.122 3.648381 0.135770
1.123 3.648181 0.135592
1.124 3.647986 0.135420
1.125 3.647795 0.135257
1.126 3.647604 0.135094
1.127 3.647412 0.134930
1.128 3.647221 0.134767
1.129 3.647043 0.134611
1.130 3.646890 0.134468
1.131 3.646737 0.134324
1.132 3.646583 0.134181
1.133 3.646430 0.134038
1.134 3.646275 0.133890
1.135 3.646110 0.133720
1.136 3.645945 0.133550
1.137 3.645779 0.133380
1.138 3.645614 0.133210
1.139 3.645449 0.133041
1.140 3.645271 0.132917
1.141 3.645093 0.132796
1.142 3.644914 0.132675
1.143 3.644735 0.132554
1.144 3.644556 0.132433
1.145 3.644371 0.132280
1.146 3.644183 0.132112
1.147 3.643995 0.131944
1.148 3.643807 0.131776
1.149 3.643619 0.131608
1.150 3.643432 0.131424
1.151 3.643247 0.131213
1.152 3.643061 0.131002
1.153 3.642876 0.130790
1.154 3.642690 0.130579
1.155 3.642505 0.130368
1.156 3.642307 0.130253
1.157 3.642110 0.130139
1.158 3.641912 0.130026
1.159 3.641714 0.129912
1.160 3.641517 0.129799
1.161 3.641340 0.129679
1.162 3.641178 0.129553
1.163 3.641017 0.129426
1.164 3.640856 0.129300
1.165 3.640695 0.129174
1.166 3.640537 0.129045
1.167 3.640410 0.128881
1.168 3.640282 0.128717
1.169 3.640155 0.128553
1.170 3.640028 0.128389
1.171 3.639901 0.128225
1.172 3.639750 0.128066
1.173 3.639580 0.127911
1.174 3.639411 0.127756
1.175 3.639241 0.127600
1.176 3.639072 0.127445
1.177 3.638903 0.127290
1.178 3.638718 0.127106
1.179 3.638533 0.126921
1.180 3.638348 0.126736
1.181 3.638163 0.126551
1.182 3.637978 0.126366
1.183 3.637794 0.126163
1.184 3.637613 0.125926
1.185 3.637432 0.125688
1.186 3.637251 0.125451
1.187 3.637070 0.125213
1.188 3.636889 0.124976
1.189 3.636735 0.124836
1.190 3.636594 0.124744
1.191 3.636453 0.124653
1.192 3.636313 0.124561
1.193 3.636172 0.124469
1.194 3.636032 0.124378
1.195 3.635898 0.124287
1.196 3.635764 0.124196
1.197 3.635631 0.124106
1.198 3.635497 0.124015
1.199 3.635364 0.123924
1.200 3.635228 0.123826
1.201 3.635076 0.123679
1.202 3.634925 0.123533
1.203 3.634774 0.123386
1.204 3.634622 0.123240
1.205 3.634471 0.123094
1.206 3.634316 0.122942
1.207 3.634151 0.122776
1.208 3.633987 0.122611
1.209 3.633823 0.122445
1.210 3.633658 0.122279
1.211 3.633494 0.122114
1.212 3.633336 0.121951
1.213 3.633189 0.121794
1.214 3.633042 0.121636
1.215 3.632895 0.121479
1.216 3.632748 0.121322
1.217 3.632601 0.121164
1.218 3.632462 0.121013
1.219 3.632333 0.120871
1.220 3.632204 0.120729
1.221 3.632075 0.120587
1.222 3.631946 0.120445
1.223 3.631817 0.120304
1.224 3.631690 0.120178
1.225 3.631566 0.120078
1.226 3.631442 0.119979
1.227 3.631319 0.119880
1.228 3.631195 0.119781
1.229 3.631071 0.119682
1.230 3.630948 0.119563
1.231 3.630827 0.119395
1.232 3.630705 0.119227
1.233 3.630584 0.119059
1.234 3.630463 0.118891
1.235 3.630341 0.118723
1.236 3.630224 0.118556
1.237 3.630127 0.118396
1.238 3.630030 0.118236
1.239 3.629933 0.118077
1.240 3.629836 0.117917
1.241 3.629739 0.117757
1.242 3.629642 0.117597
1.243 3.629558 0.117414
1.244 3.629476 0.117229
1.245 3.629394 0.117044
1.246 3.629311 0.116859
1.247 3.629229 0.116674
1.248 3.629147 0.116489
1.249 3.629067 0.116366
1.250 3.628989 0.116274
1.251 3.628911 0.116183
1.252 3.628833 0.116091
1.253 3.628755 0.116000
1.254 3.628676 0.115908
1.255 3.628599 0.115799
1.256 3.628523 0.115654
1.257 3.628446 0.115508
1.258 3.628370 0.115363
1.259 3.628294 0.115217
1.260 3.628218 0.115072
1.261 3.628142 0.114926
1.262 3.628068 0.114727
1.263 3.627994 0.114523
1.264 3.627920 0.114319
1.265 3.627846 0.114115
1.266 3.627772 0.113911
1.267 3.627698 0.113707
1.268 3.627625 0.113485
1.269 3.627553 0.113241
1.270 3.627481 0.112996
1.271 3.627409 0.112752
1.272 3.627337 0.112508
1.273 3.627265 0.112263
1.274 3.627194 0.112019
1.275 3.627124 0.111881
1.276 3.627054 0.111752
1.277 3.626985 0.111624
1.278 3.626915 0.111495
1.279 3.626846 0.111367
1.280 3.626776 0.111238
1.281 3.626707 0.111118
1.282 3.626640 0.111015
1.283 3.626573 0.110911
1.284 3.626505 0.110808
1.285 3.626438 0.110705
1.286 3.626371 0.110602
1.287 3.626303 0.110499
1.288 3.626238 0.110392
1.289 3.626173 0.110284
1.290 3.626108 0.110176
1.291 3.626043 0.110067
1.292 3.625978 0.109959
1.293 3.625913 0.109850
1.294 3.625849 0.109742
1.295 3.625786 0.109526
1.296 3.625723 0.109300
1.297 3.625661 0.109073
1.298 3.625598 0.108846
1.299 3.625536 0.108620
1.300 3.625473 0.108393
1.301 3.625411 0.108172
1.302 3.625351 0.107995
1.303 3.625291 0.107819
1.304 3.625231 0.107642
1.305 3.625171 0.107465
1.306 3.625111 0.107289
1.307 3.625051 0.107112
1.308 3.624991 0.106927
1.309 3.624934 0.106712
1.310 3.624876 0.106496
1.311 3.624819 0.106281
1.312 3.624761 0.106066
1.313 3.624704 0.105850
1.314 3.624646 0.105635
1.315 3.624590 0.105421
1.316 3.624535 0.105212
1.317 3.624480 0.105002
1.318 3.624425 0.104793
1.319 3.624370 0.104584
1.320 3.624315 0.104374
1.321 3.624260 0.104165
1.322 3.624206 0.103955
1.323 3.624154 0.103742
1.324 3.624102 0.103529
1.325 3.624049 0.103316
1.326 3.623997 0.103103
1.327 3.623945 0.102890
1.328 3.623893 0.102677
1.329 3.623841 0.102469
1.330 3.623792 0.102295
1.331 3.623742 0.102122
1.332 3.623693 0.101949
1.333 3.623643 0.101776
1.334 3.623593 0.101603
1.335 3.623544 0.101430
1.336 3.623494 0.101256
1.337 3.623448 0.101087
1.338 3.623401 0.100918
1.339 3.623354 0.100749
1.340 3.623308 0.100580
1.341 3.623261 0.100411
1.342 3.623214 0.100242
1.343 3.623168 0.100073
1.344 3.623123 0.099884
1.345 3.623079 0.099686
1.346 3.623035 0.099488
1.347 3.622992 0.099290
1.348 3.622948 0.099092
1.349 3.622904 0.098894
1.350 3.622860 0.098696
1.351 3.622818 0.098500
1.352 3.622777 0.098306
1.353 3.622736 0.098112
1.354 3.622695 0.097918
1.355 3.622654 0.097725
1.356 3.622613 0.097531
1.357 3.622572 0.097337
1.358 3.622531 0.097143
1.359 3.622493 0.096939
1.360 3.622455 0.096734
1.361 3.622418 0.096529
1.362 3.622380 0.096324
1.363 3.622342 0.096119
1.364 3.622304 0.095914
1.365 3.622266 0.095708
1.366 3.622230 0.095508
1.367 3.622196 0.095314
1.368 3.622162 0.095119
1.369 3.622128 0.094925
1.370 3.622094 0.094731
1.371 3.622059 0.094537
1.372 3.622025 0.094343
1.373 3.621991 0.094148
1.374 3.621960 0.093985
1.375 3.621930 0.093828
1.376 3.621899 0.093671
1.377 3.621869 0.093514
1.378 3.621839 0.093357
1.379 3.621808 0.093200
1.380 3.621778 0.093043
1.381 3.621748 0.092876
1.382 3.621722 0.092656
1.383 3.621695 0.092436
1.384 3.621669 0.092217
1.385 3.621643 0.091997
1.386 3.621616 0.091777
1.387 3.621590 0.091558
1.388 3.621564 0.091338
1.389 3.621539 0.091136
1.390 3.621517 0.090960
1.391 3.621495 0.090784
1.392 3.621474 0.090607
1.393 3.621452 0.090431
1.394 3.621430 0.090255
1.395 3.621408 0.090079
1.396 3.621386 0.089903
1.397 3.621367 0.089715
1.398 3.621351 0.089518
1.399 3.621334 0.089321
1.400 3.621317 0.089124
1.401 3.621301 0.088927
1.402 3.621284 0.088730
1.403 3.621268 0.088533
1.404 3.621251 0.088336
1.405 3.621238 0.088130
1.406 3.621228 0.087918
1.407 3.621217 0.087707
1.408 3.621206 0.087496
1.409 3.621196 0.087284
1.410 3.621185 0.087073
1.411 3.621175 0.086862
1.412 3.621164 0.086650
1.413 3.621157 0.086428
1.414 3.621154 0.086197
1.415 3.621150 0.085967
1.416 3.621146 0.085737
1.417 3.621142 0.085507
1.418 3.621138 0.085277
1.419 3.621135 0.085047
1.420 3.621131 0.084817
1.421 3.621131 0.084547
1.422 3.621135 0.084235
1.423 3.621139 0.083923
1.424 3.621144 0.083611
1.425 3.621148 0.083299
1.426 3.621152 0.082987
1.427 3.621156 0.082675
1.428 3.621160 0.082363
1.429 3.621167 0.082059
1.430 3.621181 0.081776
1.431 3.621195 0.081492
1.432 3.621209 0.081209
1.433 3.621223 0.080926
1.434 3.621237 0.080642
1.435 3.621251 0.080359
1.436 3.621265 0.080075
1.437 3.621279 0.079792
1.438 3.621304 0.079528
1.439 3.621330 0.079265
1.440 3.621356 0.079002
1.441 3.621382 0.078739
1.442 3.621408 0.078475
1.443 3.621434 0.078212
1.444 3.621460 0.077949
1.445 3.621486 0.077686
1.446 3.621521 0.077400
1.447 3.621562 0.077098
1.448 3.621603 0.076795
1.449 3.621645 0.076493
1.450 3.621686 0.076191
1.451 3.621727 0.075888
1.452 3.621769 0.075586
1.453 3.621810 0.075284
1.454 3.621853 0.074981
1.455 3.621915 0.074673
1.456 3.621976 0.074365
1.457 3.622038 0.074058
1.458 3.622100 0.073750
1.459 3.622162 0.073442
1.460 3.622224 0.073134
1.461 3.622286 0.072826
1.462 3.622347 0.072519
1.463 3.622422 0.072169
1.464 3.622512 0.071771
1.465 3.622603 0.071374
1.466 3.622693 0.070976
1.467 3.622783 0.070579
1.468 3.622873 0.070181
1.469 3.622963 0.069784
1.470 3.623053 0.069386
1.471 3.623143 0.068989
1.472 3.623263 0.068603
1.473 3.623392 0.068221
1.474 3.623521 0.067839
1.475 3.623650 0.067458
1.476 3.623779 0.067076
1.477 3.623909 0.066694
1.478 3.624038 0.066312
1.479 3.624167 0.065931
1.480 3.624296 0.065549
1.481 3.624475 0.065144
1.482 3.624656 0.064738
1.483 3.624837 0.064331
1.484 3.625018 0.063925
1.485 3.625199 0.063519
1.486 3.625380 0.063113
1.487 3.625561 0.062707
1.488 3.625742 0.062300
1.489 3.625925 0.061891
1.490 3.626167 0.061409
1.491 3.626409 0.060927
1.492 3.626650 0.060445
1.493 3.626892 0.059963
1.494 3.627134 0.059482
1.495 3.627376 0.059000
1.496 3.627618 0.058518
1.497 3.627859 0.058036
1.498 3.628102 0.057553
1.499 3.628399 0.057002
1.500 3.628695 0.056451
1.501 3.628992 0.055901
1.502 3.629289 0.055350
1.503 3.629585 0.054800
1.504 3.629882 0.054249
1.505 3.630178 0.053699
1.506 3.630475 0.053148
1.507 3.630772 0.052598
1.508 3.631086 0.052007
1.509 3.631404 0.051411
1.510 3.631721 0.050816
1.511 3.632038 0.050220
1.512 3.632355 0.049624
1.513 3.632672 0.049028
1.514 3.632989 0.048432
1.515 3.633306 0.047837
1.516 3.633623 0.047241
1.517 3.633908 0.046565
1.518 3.634175 0.045845
1.519 3.634441 0.045124
1.520 3.634708 0.044403
1.521 3.634975 0.043683
1.522 3.635241 0.042962
1.523 3.635508 0.042241
1.524 3.635774 0.041521
1.525 3.636041 0.040800
1.526 3.636251 0.040051
1.527 3.636313 0.039230
1.528 3.636376 0.038409
1.529 3.636439 0.037588
1.530 3.636501 0.036767
1.531 3.636564 0.035946
1.532 3.636627 0.035125
1.533 3.636689 0.034304
1.534 3.636752 0.033483
1.535 3.636815 0.032662
1.536 3.636877 0.031841
1.537 3.636940 0.031020
1.538 3.637003 0.030199
1.539 3.637065 0.029378
1.540 3.637128 0.028557
1.541 3.637191 0.027736
1.542 3.637253 0.026915
1.543 3.637316 0.026093
1.544 3.637379 0.025272
1.545 3.637441 0.024451
1.546 3.637445 0.023874
1.547 3.637409 0.023457
1.548 3.637374 0.023040
1.549 3.637338 0.022624
1.550 3.637303 0.022207
1.551 3.637267 0.021791
1.552 3.637231 0.021374
1.553 3.637196 0.020957
1.554 3.637160 0.020541
1.555 3.637125 0.020124
1.556 3.637089 0.019707
1.557 3.637054 0.019291
1.558 3.637018 0.018874
1.559 3.636983 0.018457
1.560 3.636947 0.018041
1.561 3.636912 0.017624
1.562 3.636876 0.017207
1.563 3.636840 0.016791
1.564 3.636805 0.016374
1.565 3.636769 0.015958
1.566 3.636690 0.015601
1.567 3.636548 0.015331
1.568 3.636407 0.015060
1.569 3.636265 0.014790
1.570 3.636124 0.014520
1.571 3.635982 0.014249
1.572 3.635840 0.013979
1.573 3.635699 0.013709
1.574 3.635557 0.013438
1.575 3.635415 0.013168
1.576 3.635274 0.012898
1.577 3.635132 0.012627
1.578 3.634990 0.012357
1.579 3.634849 0.012087
1.580 3.634707 0.011817
1.581 3.634566 0.011546
1.582 3.634424 0.011276
1.583 3.634282 0.011006
1.584 3.634141 0.010735
1.585 3.633999 0.010465
1.586 3.633857 0.010195
1.587 3.633656 0.009983
1.588 3.633428 0.009799
1.589 3.633200 0.009615
1.590 3.632972 0.009431
1.591 3.632744 0.009246
1.592 3.632516 0.009062
1.593 3.632288 0.008878
1.594 3.632060 0.008694
1.595 3.631832 0.008509
1.596 3.631604 0.008325
1.597 3.631376 0.008141
1.598 3.631148 0.007957
1.599 3.630920 0.007773
1.600 3.630692 0.007588
1.601 3.630464 0.007404
1.602 3.630236 0.007220
1.603 3.630008 0.007036
1.604 3.629780 0.006851
1.605 3.629551 0.006667
1.606 3.629323 0.006483
1.607 3.629095 0.006299
1.608 3.628850 0.006140
1.609 3.628580 0.006018
1.610 3.628310 0.005896
1.611 3.628040 0.005774
1.612 3.627770 0.005652
1.613 3.627499 0.005530
1.614 3.627229 0.005408
1.615 3.626959 0.005286
1.616 3.626689 0.005164
1.617 3.626419 0.005042
1.618 3.626148 0.004920
1.619 3.625878 0.004799
1.620 3.625608 0.004677
1.621 3.625338 0.004555
1.622 3.625068 0.004433
1.623 3.624798 0.004311
1.624 3.624527 0.004189
1.625 3.624257 0.004067
1.626 3.623987 0.003945
1.627 3.623717 0.003823
1.628 3.623447 0.003701
1.629 3.623177 0.003579
1.630 3.622905 0.003495
1.631 3.622631 0.003441
1.632 3.622358 0.003388
1.633 3.622084 0.003334
1.634 3.621811 0.003281
1.635 3.621538 0.003227
1.636 3.621264 0.003174
1.637 3.620991 0.003120
1.638 3.620718 0.003067
1.639 3.620444 0.003014
1.640 3.620171 0.002960
1.641 3.619897 0.002907
1.642 3.619624 0.002853
1.643 3.619351 0.002800
1.644 3.619077 0.002746
1.645 3.618804 0.002693
1.646 3.618530 0.002639
1.647 3.618257 0.002586
1.648 3.617984 0.002533
1.649 3.617710 0.002479
1.650 3.617437 0.002426
1.651 3.617164 0.002372
1.652 3.616892 0.002320
1.653 3.616643 0.002279
1.654 3.616394 0.002237
1.655 3.616145 0.002196
1.656 3.615896 0.002155
1.657 3.615648 0.002114
1.658 3.615399 0.002073
1.659 3.615150 0.002031
1.660 3.614901 0.001990
1.661 3.614652 0.001949
1.662 3.614403 0.001908
1.663 3.614154 0.001866
1.664 3.613905 0.001825
1.665 3.613656 0.001784
1.666 3.613407 0.001743
1.667 3.613158 0.001702
1.668 3.612909 0.001660
1.669 3.612660 0.001619
1.670 3.612411 0.001578
1.671 3.612162 0.001537
1.672 3.611913 0.001496
1.673 3.611665 0.001454
1.674 3.611416 0.001413
1.675 3.611167 0.001372
1.676 3.610951 0.001361
1.677 3.610736 0.001349
1.678 3.610521 0.001338
1.679 3.610306 0.001327
1.680 3.610091 0.001316
1.681 3.609876 0.001304
1.682 3.609661 0.001293
1.683 3.609446 0.001282
1.684 3.609231 0.001271
1.685 3.609016 0.001260
1.686 3.608801 0.001248
1.687 3.608586 0.001237
1.688 3.608371 0.001226
1.689 3.608156 0.001215
1.690 3.607941 0.001203
1.691 3.607725 0.001192
1.692 3.607510 0.001181
1.693 3.607295 0.001170
1.694 3.607080 0.001158
1.695 3.606865 0.001147
1.696 3.606650 0.001136
1.697 3.606435 0.001125
1.698 3.606220 0.001114
1.699 3.606013 0.001102
1.700 3.605833 0.001090
1.701 3.605653 0.001078
1.702 3.605472 0.001066
1.703 3.605292 0.001054
1.704 3.605111 0.001042
1.705 3.604931 0.001030
1.706 3.604751 0.001018
1.707 3.604570 0.001006
1.708 3.604390 0.000994
1.709 3.604209 0.000982
1.710 3.604029 0.000970
1.711 3.603849 0.000958
1.712 3.603668 0.000946
1.713 3.603488 0.000934
1.714 3.603307 0.000922
1.715 3.603127 0.000910
1.716 3.602947 0.000898
1.717 3.602766 0.000886
1.718 3.602586 0.000874
1.719 3.602405 0.000862
1.720 3.602225 0.000850
1.721 3.602045 0.000838
1.722 3.601864 0.000826
1.723 3.601684 0.000814
1.724 3.601525 0.000805
1.725 3.601371 0.000795
1.726 3.601217 0.000786
1.727 3.601064 0.000776
1.728 3.600910 0.000767
1.729 3.600756 0.000758
1.730 3.600602 0.000748
1.731 3.600448 0.000739
1.732 3.600294 0.000730
1.733 3.600140 0.000720
1.734 3.599987 0.000711
1.735 3.599833 0.000701
1.736 3.599679 0.000692
1.737 3.599525 0.000683
1.738 3.599371 0.000673
1.739 3.599217 0.000664
1.740 3.599063 0.000654
1.741 3.598909 0.000645
1.742 3.598756 0.000636
1.743 3.598602 0.000626
1.744 3.598448 0.000617
1.745 3.598294 0.000608
1.746 3.598140 0.000598
1.747 3.597986 0.000589
1.748 3.597832 0.000579
1.749 3.597693 0.000577
1.750 3.597561 0.000578
1.751 3.597428 0.000579
1.752 3.597296 0.000579
1.753 3.597164 0.000580
1.754 3.597031 0.000581
1.755 3.596899 0.000582
1.756 3.596767 0.000583
1.757 3.596634 0.000584
1.758 3.596502 0.000584
1.759 3.596370 0.000585
1.760 3.596237 0.000586
1.761 3.596105 0.000587
1.762 3.595973 0.000588
1.763 3.595840 0.000589
1.764 3.595708 0.000589
1.765 3.595576 0.000590
1.766 3.595443 0.000591
1.767 3.595311 0.000592
1.768 3.595179 0.000593
1.769 3.595046 0.000594
1.770 3.594914 0.000594
1.771 3.594782 0.000595
1.772 3.594649 0.000596
1.773 3.594517 0.000597
1.774 3.594385 0.000598
1.775 3.594264 0.000592
1.776 3.594147 0.000585
1.777 3.594030 0.000577
1.778 3.593913 0.000570
1.779 3.593796 0.000562
1.780 3.593679 0.000555
1.781 3.593562 0.000547
1.782 3.593445 0.000540
1.783 3.593328 0.000533
1.784 3.593211 0.000525
1.785 3.593094 0.000518
1.786 3.592977 0.000510
1.787 3.592860 0.000503
1.788 3.592743 0.000495
1.789 3.592626 0.000488
1.790 3.592509 0.000481
1.791 3.592392 0.000473
1.792 3.592275 0.000466
1.793 3.592158 0.000458
1.794 3.592041 0.000451
1.795 3.591924 0.000444
1.796 3.591807 0.000436
1.797 3.591690 0.000429
1.798 3.591573 0.000421
1.799 3.591456 0.000414
1.800 3.591339 0.000406
1.801 NaN NaN
1.802 NaN NaN
1.803 NaN NaN
1.804 NaN NaN
1.805 NaN NaN
1.806 NaN NaN
1.807 NaN NaN
1.808 NaN NaN
1.809 NaN NaN
1.810 NaN NaN
1.811 NaN NaN
1.812 NaN NaN
1.813 NaN NaN
1.814 NaN NaN
1.815 NaN NaN
1.816 NaN NaN
1.817 NaN NaN
1.818 NaN NaN
1.819 NaN NaN
1.820 NaN NaN
1.821 NaN NaN
1.822 NaN NaN
1.823 NaN NaN
1.824 NaN NaN
1.825 NaN NaN
1.826 NaN NaN
1.827 NaN NaN
1.828 NaN NaN
1.829 NaN NaN
1.830 NaN NaN
1.831 NaN NaN
1.832 NaN NaN
1.833 NaN NaN
1.834 NaN NaN
1.835 NaN NaN
1.836 NaN NaN
1.837 NaN NaN
1.838 NaN NaN
1.839 NaN NaN
1.840 NaN NaN
1.841 NaN NaN
1.842 NaN NaN
1.843 NaN NaN
1.844 NaN NaN
1.845 NaN NaN
1.846 NaN NaN
1.847 NaN NaN
1.848 NaN NaN
1.849 NaN NaN
1.850 NaN NaN
1.851 NaN NaN
1.852 NaN NaN
1.853 NaN NaN
1.854 NaN NaN
1.855 NaN NaN
1.856 NaN NaN
1.857 NaN NaN
1.858 NaN NaN
1.859 NaN NaN
1.860 NaN NaN
1.861 NaN NaN
1.862 NaN NaN
1.863 NaN NaN
1.864 NaN NaN
1.865 NaN NaN
1.866 NaN NaN
1.867 NaN NaN
1.868 NaN NaN
1.869 NaN NaN
1.870 NaN NaN
1.871 NaN NaN
1.872 NaN NaN
1.873 NaN NaN
1.874 NaN NaN
1.875 NaN NaN
1.876 NaN NaN
1.877 NaN NaN
1.878 NaN NaN
1.879 NaN NaN
1.880 NaN NaN
1.881 NaN NaN
1.882 NaN NaN
1.883 NaN NaN
1.884 NaN NaN
1.885 NaN NaN
1.886 NaN NaN
1.887 NaN NaN
1.888 NaN NaN
1.889 NaN NaN
1.890 NaN NaN
1.891 NaN NaN
1.892 NaN NaN
1.893 NaN NaN
1.894 NaN NaN
1.895 NaN NaN
1.896 NaN NaN
1.897 NaN NaN
1.898 NaN NaN
1.899 NaN NaN
1.900 NaN NaN
1.901 NaN NaN
1.902 NaN NaN
1.903 NaN NaN
1.904 NaN NaN
1.905 NaN NaN
1.906 NaN NaN
1.907 NaN NaN
1.908 NaN NaN
1.909 NaN NaN
1.910 NaN NaN
1.911 NaN NaN
1.912 NaN NaN
1.913 NaN NaN
1.914 NaN NaN
1.915 NaN NaN
1.916 NaN NaN
1.917 NaN NaN
1.918 NaN NaN
1.919 NaN NaN
1.920 NaN NaN
1.921 NaN NaN
1.922 NaN NaN
1.923 NaN NaN
1.924 NaN NaN
1.925 NaN NaN
1.926 NaN NaN
1.927 NaN NaN
1.928 NaN NaN
1.929 NaN NaN
1.930 NaN NaN
1.931 NaN NaN
1.932 NaN NaN
1.933 NaN NaN
1.934 NaN NaN
1.935 NaN NaN
1.936 NaN NaN
1.937 NaN NaN
1.938 NaN NaN
1.939 NaN NaN
1.940 NaN NaN
1.941 NaN NaN
1.942 NaN NaN
1.943 NaN NaN
1.944 NaN NaN
1.945 NaN NaN
1.946 NaN NaN
1.947 NaN NaN
1.948 NaN NaN
1.949 NaN NaN
1.950 NaN NaN