0.253 1.933394 3.196991
0.254 1.975575 3.214529
0.255 2.016773 3.231600
0.256 2.055280 3.244651
0.257 2.098925 3.258053
0.258 2.142506 3.270975
0.259 2.186761 3.284321
0.260 2.231315 3.297150
0.261 2.282272 3.309899
0.262 2.328801 3.321356
0.263 2.379179 3.325844
0.264 2.431635 3.333723
0.265 2.484655 3.331408
0.266 2.544182 3.332682
0.267 2.598034 3.327124
0.268 2.650224 3.318811
0.269 2.707957 3.309165
0.270 2.759523 3.293513
0.271 2.814539 3.276822
0.272 2.863646 3.258874
0.273 2.915031 3.235547
0.274 2.961766 3.209803
0.275 3.009672 3.184022
0.276 3.052739 3.157374
0.277 3.092474 3.126676
0.278 3.131198 3.093776
0.279 3.169124 3.060929
0.280 3.205986 3.029821
0.281 3.238736 2.994340
0.282 3.267815 2.954317
0.283 3.296201 2.918340
0.284 3.323493 2.884657
0.285 3.345105 2.845197
0.286 3.367094 2.807133
0.287 3.388337 2.771464
0.288 3.403145 2.735497
0.289 3.419763 2.697848
0.290 3.436058 2.661100
0.291 3.446630 2.627640
0.292 3.455892 2.588491
0.293 3.464580 2.555248
0.294 3.473524 2.521930
0.295 3.476023 2.487207
0.296 3.478614 2.458292
0.297 3.482694 2.425415
0.298 3.485822 2.396377
0.299 3.487364 2.364481
0.300 3.485019 2.336043
0.301 3.482419 2.310449
0.302 3.479710 2.284895
0.303 3.477361 2.259368
0.304 3.474837 2.235113
0.305 3.469973 2.216738
0.306 3.462304 2.193541
0.307 3.458819 2.175843
0.308 3.449986 2.152839
0.309 3.447075 2.134573
0.310 3.437966 2.114746
0.311 3.435013 2.101723
0.312 3.426339 2.082704
0.313 3.420503 2.068859
0.314 3.413463 2.056974
0.315 3.405119 2.044826
0.316 3.401957 2.033034
0.317 3.395199 2.020975
0.318 3.388526 2.009183
0.319 3.381204 1.997585
0.320 3.374465 1.986003
0.321 3.368030 1.976756
0.322 3.359804 1.971348
0.323 3.353983 1.961784
0.324 3.349658 1.955950
0.325 3.345817 1.946982
0.326 3.338267 1.940257
0.327 3.331409 1.933471
0.328 3.328599 1.929949
0.329 3.323116 1.923678
0.330 3.318779 1.917067
0.331 3.315436 1.915366
0.332 3.309335 1.911266
0.333 3.307275 1.907594
0.334 3.301054 1.904732
0.335 3.297971 1.900124
0.336 3.293024 1.899402
0.337 3.289284 1.897138
0.338 3.288272 1.892422
0.339 3.284091 1.891390
0.340 3.279401 1.891389
0.341 3.278813 1.891400
0.342 3.278194 1.891667
0.343 3.276160 1.890216
0.344 3.271816 1.886407
0.345 3.268566 1.883842
0.346 3.268342 1.883840
0.347 3.267773 1.884038
0.348 3.267369 1.884417
0.349 3.267182 1.884604
0.350 3.266761 1.885025
0.351 3.266642 1.885065
0.352 3.266146 1.885119
0.353 3.266067 1.885620
0.354 3.265585 1.885799
0.355 3.265459 1.887349
0.356 3.265027 1.890282
0.357 3.264884 1.894898
0.358 3.264884 1.895077
0.359 3.264874 1.895467
0.360 3.264597 1.896037
0.361 3.266556 1.896311
0.362 3.269366 1.896944
0.363 3.272433 1.899357
0.364 3.272457 1.903958
0.365 3.273650 1.905881
0.366 3.276344 1.906460
0.367 3.280510 1.906878
0.368 3.280595 1.907921
0.369 3.281332 1.911056
0.370 3.284009 1.914597
0.371 3.287939 1.916902
0.372 3.290998 1.917840
0.373 3.293334 1.920618
0.374 3.298052 1.923356
0.375 3.300982 1.927375
0.376 3.303647 1.927512
0.377 3.307685 1.930278
0.378 3.309969 1.932965
0.379 3.314362 1.936754
0.380 3.317483 1.939010
0.381 3.321146 1.941891
0.382 3.326174 1.945081
0.383 3.329175 1.948320
0.384 3.333332 1.950246
0.385 3.336834 1.953504
0.386 3.342513 1.957197
0.387 3.346514 1.959571
0.388 3.352649 1.962676
0.389 3.355671 1.964815
0.390 3.362316 1.970128
0.391 3.366577 1.973442
0.392 3.373808 1.976226
0.393 3.378723 1.981676
0.394 3.385899 1.984276
0.395 3.390411 1.988491
0.396 3.397235 1.992552
0.397 3.403952 1.996288
0.398 3.411137 2.002441
0.399 3.418206 2.005307
0.400 3.426860 2.010880
0.401 3.432608 2.014651
0.402 3.440185 2.018150
0.403 3.447860 2.024011
0.404 3.455622 2.028741
0.405 3.462919 2.034385
0.406 3.473034 2.039936
0.407 3.485406 2.044735
0.408 3.496139 2.050601
0.409 3.508163 2.055386
0.410 3.520690 2.060897
0.411 3.532487 2.065436
0.412 3.544911 2.071174
0.413 3.560979 2.075438
0.414 3.574224 2.081583
0.415 3.590278 2.083759
0.416 3.608432 2.087819
0.417 3.623524 2.088826
0.418 3.641237 2.088860
0.419 3.660290 2.087086
0.420 3.681038 2.085875
0.421 3.700262 2.082341
0.422 3.719425 2.075912
0.423 3.739585 2.071123
0.424 3.755484 2.062405
0.425 3.771173 2.052732
0.426 3.785758 2.043790
0.427 3.798698 2.033517
0.428 3.811909 2.021155
0.429 3.821329 2.011228
0.430 3.831118 2.000328
0.431 3.838190 1.989440
0.432 3.842792 1.979163
0.433 3.847077 1.967481
0.434 3.852730 1.960933
0.435 3.854546 1.954466
0.436 3.857411 1.945706
0.437 3.861074 1.941923
0.438 3.862775 1.941413
0.439 3.864122 1.938719
0.440 3.865636 1.937243
0.441 3.867937 1.939157
0.442 3.871936 1.942542
0.443 3.876119 1.945917
0.444 3.880561 1.949574
0.445 3.887303 1.955864
0.446 3.895354 1.963955
0.447 3.902978 1.970084
0.448 3.915702 1.977645
0.449 3.928165 1.984958
0.450 3.940054 1.993877
0.451 3.958255 2.002207
0.452 3.975093 2.008456
0.453 3.995517 2.015923
0.454 4.018651 2.022851
0.455 4.042273 2.029618
0.456 4.066632 2.035407
0.457 4.094369 2.039547
0.458 4.124051 2.039783
0.459 4.153808 2.039406
0.460 4.183547 2.037205
0.461 4.215346 2.032716
0.462 4.248613 2.025747
0.463 4.281807 2.015547
0.464 4.314346 2.003835
0.465 4.346217 1.990373
0.466 4.377482 1.972649
0.467 4.408536 1.953402
0.468 4.437860 1.931763
0.469 4.467138 1.908271
0.470 4.494766 1.882307
0.471 4.519659 1.853354
0.472 4.541848 1.822342
0.473 4.561480 1.790795
0.474 4.580812 1.758481
0.475 4.597635 1.725608
0.476 4.611877 1.692485
0.477 4.626775 1.658849
0.478 4.635630 1.624940
0.479 4.643012 1.591018
0.480 4.649240 1.556975
0.481 4.652856 1.523785
0.482 4.653857 1.493679
0.483 4.653474 1.462499
0.484 4.650547 1.433521
0.485 4.647343 1.405814
0.486 4.643366 1.379509
0.487 4.637207 1.353477
0.488 4.630070 1.327524
0.489 4.623465 1.301658
0.490 4.618510 1.277021
0.491 4.613334 1.254597
0.492 4.606543 1.233020
0.493 4.598293 1.211829
0.494 4.590072 1.192380
0.495 4.581829 1.174760
0.496 4.572350 1.157437
0.497 4.561052 1.140171
0.498 4.550069 1.123139
0.499 4.540801 1.106247
0.500 4.532364 1.091659
0.501 4.524005 1.078447
0.502 4.515719 1.065207
0.503 4.507562 1.052646
0.504 4.499395 1.039606
0.505 4.491245 1.026775
0.506 4.483098 1.014293
0.507 4.474953 1.001303
0.508 4.466830 0.990479
0.509 4.458684 0.980738
0.510 4.450585 0.971267
0.511 4.442443 0.961550
0.512 4.434370 0.951997
0.513 4.426234 0.942747
0.514 4.418321 0.933826
0.515 4.414014 0.925164
0.516 4.408651 0.916764
0.517 4.402123 0.908610
0.518 4.394744 0.900797
0.519 4.386850 0.893206
0.520 4.378839 0.885640
0.521 4.371205 0.878306
0.522 4.365372 0.871333
0.523 4.361216 0.864516
0.524 4.355016 0.857834
0.525 4.348016 0.851297
0.526 4.340527 0.844764
0.527 4.335147 0.838399
0.528 4.330666 0.832272
0.529 4.325175 0.826363
0.530 4.318761 0.820434
0.531 4.313293 0.814582
0.532 4.309132 0.808963
0.533 4.303396 0.803390
0.534 4.296499 0.798139
0.535 4.292409 0.792803
0.536 4.287510 0.787709
0.537 4.283301 0.782681
0.538 4.279272 0.777670
0.539 4.274316 0.772724
0.540 4.268134 0.767908
0.541 4.262523 0.763208
0.542 4.258523 0.758597
0.543 4.254024 0.754101
0.544 4.250193 0.749571
0.545 4.246318 0.745139
0.546 4.241583 0.740924
0.547 4.238936 0.736448
0.548 4.233613 0.732196
0.549 4.230146 0.728198
0.550 4.226274 0.724248
0.551 4.221813 0.720229
0.552 4.218440 0.716152
0.553 4.214186 0.712364
0.554 4.210471 0.708580
0.555 4.206548 0.704707
0.556 4.202453 0.700735
0.557 4.198522 0.696706
0.558 4.195011 0.692867
0.559 4.190846 0.689230
0.560 4.187823 0.685779
0.561 4.185831 0.682371
0.562 4.183830 0.678787
0.563 4.179386 0.675091
0.564 4.176049 0.671549
0.565 4.172233 0.668061
0.566 4.167629 0.664623
0.567 4.165067 0.661507
0.568 4.160555 0.658289
0.569 4.157213 0.654955
0.570 4.155296 0.651602
0.571 4.153830 0.648459
0.572 4.149554 0.645358
0.573 4.146500 0.642286
0.574 4.144624 0.639150
0.575 4.143119 0.635773
0.576 4.139022 0.632590
0.577 4.135953 0.629478
0.578 4.133956 0.626454
0.579 4.132500 0.623594
0.580 4.128760 0.620737
0.581 4.125378 0.617882
0.582 4.122372 0.615028
0.583 4.117775 0.612177
0.584 4.114910 0.609328
0.585 4.112951 0.606481
0.586 4.111596 0.603636
0.587 4.107690 0.601013
0.588 4.104775 0.598292
0.589 4.102686 0.595498
0.590 4.101324 0.592660
0.591 4.097939 0.589824
0.592 4.094689 0.586990
0.593 4.092439 0.584158
0.594 4.091422 0.581783
0.595 4.090484 0.579296
0.596 4.089253 0.576674
0.597 4.085246 0.573850
0.598 4.082479 0.571348
0.599 4.080523 0.568951
0.600 4.079237 0.566339
0.601 4.075759 0.563766
0.602 4.072262 0.561251
0.603 4.070362 0.558847
0.604 4.068950 0.556305
0.605 4.066623 0.553825
0.606 4.062407 0.551512
0.607 4.060558 0.549001
0.608 4.059354 0.546595
0.609 4.058612 0.544418
0.610 4.057292 0.541956
0.611 4.054890 0.539506
0.612 4.050781 0.537148
0.613 4.049083 0.534817
0.614 4.048050 0.532527
0.615 4.047529 0.530306
0.616 4.045878 0.527973
0.617 4.043456 0.525650
0.618 4.039673 0.523432
0.619 4.037779 0.521249
0.620 4.036381 0.519049
0.621 4.033910 0.516701
0.622 4.031017 0.514535
0.623 4.027955 0.512476
0.624 4.026989 0.510265
0.625 4.026205 0.508042
0.626 4.025629 0.505807
0.627 4.022713 0.503789
0.628 4.019745 0.501738
0.629 4.017369 0.499543
0.630 4.016233 0.497311
0.631 4.015605 0.495088
0.632 4.014591 0.493122
0.633 4.012170 0.491175
0.634 4.008168 0.489251
0.635 4.006575 0.487320
0.636 4.005557 0.485323
0.637 4.005042 0.483091
0.638 4.003685 0.480875
0.639 4.001701 0.478670
0.640 3.998265 0.476732
0.641 3.995484 0.474816
0.642 3.994863 0.472902
0.643 3.994323 0.470989
0.644 3.993836 0.469076
0.645 3.993174 0.467166
0.646 3.991933 0.465256
0.647 3.988888 0.463349
0.648 3.986453 0.461442
0.649 3.984528 0.459535
0.650 3.983633 0.457631
0.651 3.982844 0.455728
0.652 3.981488 0.453826
0.653 3.979272 0.452041
0.654 3.975823 0.450423
0.655 3.974095 0.448663
0.656 3.973168 0.446838
0.657 3.972532 0.444945
0.658 3.971520 0.443050
0.659 3.968903 0.441157
0.660 3.966412 0.439264
0.661 3.964083 0.437372
0.662 3.962948 0.435589
0.663 3.962393 0.433858
0.664 3.962020 0.432130
0.665 3.961562 0.430388
0.666 3.960249 0.428528
0.667 3.958268 0.426660
0.668 3.954845 0.424777
0.669 3.952779 0.423041
0.670 3.952009 0.421446
0.671 3.951322 0.419769
0.672 3.950670 0.418056
0.673 3.948028 0.416534
0.674 3.945137 0.415033
0.675 3.943331 0.413320
0.676 3.941791 0.411613
0.677 3.941358 0.409930
0.678 3.940973 0.408289
0.679 3.940681 0.406727
0.680 3.939558 0.405137
0.681 3.937513 0.403513
0.682 3.935090 0.401920
0.683 3.932415 0.400347
0.684 3.931389 0.398619
0.685 3.931027 0.396828
0.686 3.930734 0.395329
0.687 3.930458 0.393894
0.688 3.929284 0.392388
0.689 3.928023 0.390875
0.690 3.924682 0.389230
0.691 3.921511 0.387597
0.692 3.920948 0.386145
0.693 3.920371 0.384674
0.694 3.919693 0.383077
0.695 3.918619 0.381511
0.696 3.915705 0.380093
0.697 3.913119 0.378658
0.698 3.911712 0.377162
0.699 3.910575 0.375636
0.700 3.910269 0.374016
0.701 3.909975 0.372488
0.702 3.909711 0.371221
0.703 3.908838 0.369913
0.704 3.906300 0.368496
0.705 3.903915 0.367069
0.706 3.901956 0.365613
0.707 3.900395 0.364189
0.708 3.900056 0.362866
0.709 3.899727 0.361501
0.710 3.899434 0.359988
0.711 3.898811 0.358496
0.712 3.896643 0.357107
0.713 3.894485 0.355743
0.714 3.892390 0.354563
0.715 3.890404 0.353365
0.716 3.890092 0.351875
0.717 3.889781 0.350385
0.718 3.889485 0.349016
0.719 3.889190 0.347648
0.720 3.887138 0.346284
0.721 3.884883 0.344920
0.722 3.882770 0.343642
0.723 3.880694 0.342386
0.724 3.879942 0.341042
0.725 3.879802 0.339658
0.726 3.878829 0.338383
0.727 3.877197 0.337194
0.728 3.875158 0.335947
0.729 3.872561 0.334619
0.730 3.870554 0.333270
0.731 3.870134 0.331862
0.732 3.869739 0.330488
0.733 3.869555 0.329391
0.734 3.869371 0.328293
0.735 3.867923 0.326995
0.736 3.866384 0.325682
0.737 3.864167 0.324467
0.738 3.861718 0.323286
0.739 3.860389 0.322051
0.740 3.860005 0.320771
0.741 3.859660 0.319574
0.742 3.859398 0.318545
0.743 3.858979 0.317475
0.744 3.857141 0.316031
0.745 3.855302 0.314587
0.746 3.853254 0.313514
0.747 3.851171 0.312503
0.748 3.850195 0.311481
0.749 3.849952 0.310452
0.750 3.849742 0.309342
0.751 3.849596 0.308068
0.752 3.849351 0.306800
0.753 3.847219 0.305640
0.754 3.845086 0.304480
0.755 3.843189 0.303436
0.756 3.841370 0.302431
0.757 3.840291 0.301415
0.758 3.840149 0.300385
0.759 3.839977 0.299332
0.760 3.839576 0.298092
0.761 3.839175 0.296851
0.762 3.837344 0.295797
0.763 3.835105 0.294795
0.764 3.833198 0.293792
0.765 3.831745 0.292786
0.766 3.830364 0.291775
0.767 3.830239 0.290665
0.768 3.830115 0.289556
0.769 3.829583 0.288319
0.770 3.828853 0.287020
0.771 3.827633 0.285804
0.772 3.825113 0.284808
0.773 3.822593 0.283811
0.774 3.821770 0.282846
0.775 3.821221 0.281885
0.776 3.820753 0.281045
0.777 3.820389 0.280362
0.778 3.820025 0.279679
0.779 3.819012 0.278754
0.780 3.817991 0.277827
0.781 3.816263 0.276866
0.782 3.813908 0.275875
0.783 3.811667 0.274885
0.784 3.811379 0.273896
0.785 3.811091 0.272906
0.786 3.810810 0.271918
0.787 3.810533 0.270930
0.788 3.810167 0.269943
0.789 3.808365 0.268956
0.790 3.806563 0.267970
0.791 3.804850 0.266984
0.792 3.803214 0.265999
0.793 3.801578 0.265014
0.794 3.801416 0.264182
0.795 3.801257 0.263349
0.796 3.800877 0.262471
0.797 3.800219 0.261533
0.798 3.799562 0.260595
0.799 3.797546 0.259787
0.800 3.795331 0.258999
0.801 3.793564 0.258199
0.802 3.792932 0.257368
0.803 3.792300 0.256537
0.804 3.791815 0.255639
0.805 3.791399 0.254708
0.806 3.790947 0.253786
0.807 3.789883 0.252997
0.808 3.788818 0.252209
0.809 3.787355 0.251406
0.810 3.785339 0.250580
0.811 3.783322 0.249755
0.812 3.782639 0.248871
0.813 3.782374 0.247969
0.814 3.782097 0.247090
0.815 3.781696 0.246462
0.816 3.781294 0.245833
0.817 3.780242 0.245175
0.818 3.778198 0.244473
0.819 3.776153 0.243770
0.820 3.774881 0.242923
0.821 3.773962 0.242010
0.822 3.773043 0.241097
0.823 3.772717 0.240267
0.824 3.772416 0.239440
0.825 3.771981 0.238641
0.826 3.771049 0.237942
0.827 3.770117 0.237244
0.828 3.768683 0.236562
0.829 3.766633 0.235901
0.830 3.764583 0.235240
0.831 3.763753 0.234504
0.832 3.763533 0.233731
0.833 3.763313 0.232957
0.834 3.762895 0.232296
0.835 3.762447 0.231652
0.836 3.761935 0.231011
0.837 3.760069 0.230403
0.838 3.758202 0.229795
0.839 3.756559 0.229172
0.840 3.755782 0.228490
0.841 3.755006 0.227807
0.842 3.754326 0.227140
0.843 3.753829 0.226502
0.844 3.753332 0.225864
0.845 3.752543 0.225228
0.846 3.751423 0.224593
0.847 3.750303 0.223958
0.848 3.748926 0.223290
0.849 3.747355 0.222598
0.850 3.745783 0.221906
0.851 3.745179 0.221268
0.852 3.745095 0.220658
0.853 3.745011 0.220049
0.854 3.744681 0.219542
0.855 3.744252 0.219076
0.856 3.743823 0.218610
0.857 3.743023 0.217967
0.858 3.742101 0.217267
0.859 3.741179 0.216566
0.860 3.739651 0.216024
0.861 3.737946 0.215529
0.862 3.736242 0.215033
0.863 3.735694 0.214504
0.864 3.735486 0.213965
0.865 3.735277 0.213427
0.866 3.734712 0.212857
0.867 3.734031 0.212278
0.868 3.733349 0.211699
0.869 3.731749 0.211076
0.870 3.729775 0.210435
0.871 3.727800 0.209794
0.872 3.726958 0.209277
0.873 3.726737 0.208827
0.874 3.726515 0.208378
0.875 3.726152 0.207910
0.876 3.725678 0.207428
0.877 3.725204 0.206946
0.878 3.724184 0.206469
0.879 3.722507 0.205998
0.880 3.720829 0.205528
0.881 3.719430 0.205060
0.882 3.718613 0.204598
0.883 3.717796 0.204136
0.884 3.717106 0.203669
0.885 3.717036 0.203182
0.886 3.716966 0.202696
0.887 3.716896 0.202209
0.888 3.716372 0.201765
0.889 3.715847 0.201322
0.890 3.715323 0.200878
0.891 3.713871 0.200395
0.892 3.712185 0.199902
0.893 3.710500 0.199410
0.894 3.709489 0.198977
0.895 3.708972 0.198589
0.896 3.708455 0.198201
0.897 3.708027 0.197853
0.898 3.707779 0.197583
0.899 3.707530 0.197313
0.900 3.707261 0.197033
0.901 3.706698 0.196614
0.902 3.706135 0.196195
0.903 3.705571 0.195776
0.904 3.704043 0.195320
0.905 3.702232 0.194852
0.906 3.700422 0.194385
0.907 3.699374 0.193991
0.908 3.699229 0.193685
0.909 3.699084 0.193378
0.910 3.698912 0.193069
0.911 3.698535 0.192737
0.912 3.698159 0.192406
0.913 3.697782 0.192074
0.914 3.697110 0.191707
0.915 3.696340 0.191327
0.916 3.695571 0.190947
0.917 3.694528 0.190614
0.918 3.693005 0.190361
0.919 3.691481 0.190109
0.920 3.689958 0.189857
0.921 3.689793 0.189486
0.922 3.689703 0.189109
0.923 3.689613 0.188731
0.924 3.689469 0.188376
0.925 3.689272 0.188043
0.926 3.689076 0.187711
0.927 3.688864 0.187372
0.928 3.688280 0.186896
0.929 3.687696 0.186419
0.930 3.687112 0.185942
0.931 3.686311 0.185516
0.932 3.685330 0.185132
0.933 3.684349 0.184748
0.934 3.683382 0.184367
0.935 3.682899 0.184112
0.936 3.682416 0.183856
0.937 3.681932 0.183601
0.938 3.681471 0.183380
0.939 3.681034 0.183196
0.940 3.680596 0.183012
0.941 3.680159 0.182827
0.942 3.679756 0.182598
0.943 3.679356 0.182363
0.944 3.678956 0.182129
0.945 3.678547 0.181872
0.946 3.678117 0.181568
0.947 3.677686 0.181263
0.948 3.677256 0.180958
0.949 3.676855 0.180618
0.950 3.676467 0.180260
0.951 3.676080 0.179903
0.952 3.675692 0.179543
0.953 3.675323 0.179089
0.954 3.674954 0.178636
0.955 3.674584 0.178182
0.956 3.674219 0.177771
0.957 3.673862 0.177445
0.958 3.673504 0.177118
0.959 3.673146 0.176792
0.960 3.672804 0.176504
0.961 3.672470 0.176238
0.962 3.672137 0.175973
0.963 3.671803 0.175708
0.964 3.671429 0.175402
0.965 3.671049 0.175092
0.966 3.670670 0.174781
0.967 3.670290 0.174462
0.968 3.669906 0.174079
0.969 3.669523 0.173696
0.970 3.669139 0.173313
0.971 3.668782 0.172950
0.972 3.668482 0.172630
0.973 3.668182 0.172309
0.974 3.667881 0.171989
0.975 3.667592 0.171707
0.976 3.667314 0.171466
0.977 3.667035 0.171224
0.978 3.666757 0.170983
0.979 3.666480 0.170685
0.980 3.666203 0.170352
0.981 3.665927 0.170020
0.982 3.665650 0.169688
0.983 3.665326 0.169287
0.984 3.664983 0.168861
0.985 3.664641 0.168434
0.986 3.664299 0.168008
0.987 3.663944 0.167611
0.988 3.663586 0.167221
0.989 3.663227 0.166831
0.990 3.662869 0.166441
0.991 3.662549 0.166030
0.992 3.662235 0.165616
0.993 3.661922 0.165203
0.994 3.661608 0.164789
0.995 3.661318 0.164434
0.996 3.661032 0.164089
0.997 3.660745 0.163743
0.998 3.660459 0.163397
0.999 3.660181 0.163086
1.000 3.659905 0.162781
1.001 3.659629 0.162477
1.002 3.659353 0.162172
1.003 3.659084 0.161901
1.004 3.658816 0.161639
1.005 3.658548 0.161377
1.006 3.658280 0.161115
1.007 3.657993 0.160760
1.008 3.657699 0.160367
1.009 3.657404 0.159974
1.010 3.657109 0.159582
1.011 3.656798 0.159156
1.012 3.656475 0.158707
1.013 3.656152 0.158259
1.014 3.655828 0.157810
1.015 3.655519 0.157320
1.016 3.655228 0.156778
1.017 3.654936 0.156235
1.018 3.654645 0.155693
1.019 3.654362 0.155175
1.020 3.654106 0.154726
1.021 3.653850 0.154277
1.022 3.653593 0.153829
1.023 3.653337 0.153385
1.024 3.653081 0.153075
1.025 3.652825 0.152765
1.026 3.652569 0.152455
1.027 3.652314 0.152145
1.028 3.652058 0.151853
1.029 3.651802 0.151567
1.030 3.651546 0.151280
1.031 3.651290 0.150993
1.032 3.651039 0.150660
1.033 3.650792 0.150279
1.034 3.650544 0.149898
1.035 3.650297 0.149516
1.036 3.650050 0.149133
1.037 3.649804 0.148738
1.038 3.649558 0.148343
1.039 3.649312 0.147948
1.040 3.649066 0.147554
1.041 3.648831 0.147164
1.042 3.648599 0.146776
1.043 3.648367 0.146388
1.044 3.648134 0.145999
1.045 3.647903 0.145619
1.046 3.647674 0.145251
1.047 3.647446 0.144884
1.048 3.647217 0.144516
1.049 3.646988 0.144148
1.050 3.646747 0.143812
1.051 3.646506 0.143476
1.052 3.646266 0.143141
1.053 3.646025 0.142806
1.054 3.645789 0.142493
1.055 3.645559 0.142202
1.056 3.645329 0.141912
1.057 3.645099 0.141622
1.058 3.644870 0.141331
1.059 3.644627 0.141035
1.060 3.644385 0.140739
1.061 3.644142 0.140444
1.062 3.643900 0.140148
1.063 3.643662 0.139832
1.064 3.643430 0.139490
1.065 3.643198 0.139148
1.066 3.642966 0.138806
1.067 3.642734 0.138463
1.068 3.642515 0.138068
1.069 3.642298 0.137663
1.070 3.642080 0.137257
1.071 3.641863 0.136851
1.072 3.641644 0.136460
1.073 3.641418 0.136130
1.074 3.641191 0.135800
1.075 3.640964 0.135470
1.076 3.640738 0.135140
1.077 3.640513 0.134852
1.078 3.640291 0.134603
1.079 3.640068 0.134353
1.080 3.639846 0.134104
1.081 3.639623 0.133854
1.082 3.639403 0.133659
1.083 3.639183 0.133477
1.084 3.638964 0.133295
1.085 3.638744 0.133113
1.086 3.638525 0.132935
1.087 3.638313 0.132813
1.088 3.638100 0.132692
1.089 3.637888 0.132571
1.090 3.637675 0.132450
1.091 3.637463 0.132310
1.092 3.637255 0.132115
1.093 3.637046 0.131921
1.094 3.636837 0.131726
1.095 3.636628 0.131531
1.096 3.636423 0.131349
1.097 3.636222 0.131183
1.098 3.636022 0.131017
1.099 3.635821 0.130852
1.100 3.635621 0.130686
1.101 3.635448 0.130526
1.102 3.635300 0.130370
1.103 3.635151 0.130214
1.104 3.635003 0.130058
1.105 3.634854 0.129902
1.106 3.634702 0.129727
1.107 3.634548 0.129541
1.108 3.634394 0.129355
1.109 3.634241 0.129169
1.110 3.634087 0.128983
1.111 3.633913 0.128819
1.112 3.633729 0.128668
1.113 3.633545 0.128517
1.114 3.633361 0.128366
1.115 3.633177 0.128215
1.116 3.632984 0.128043
1.117 3.632786 0.127859
1.118 3.632588 0.127676
1.119 3.632390 0.127492
1.120 3.632192 0.127308
1.121 3.631995 0.127107
1.122 3.631799 0.126893
1.123 3.631604 0.126679
1.124 3.631408 0.126465
1.125 3.631212 0.126251
1.126 3.631013 0.126069
1.127 3.630809 0.125925
1.128 3.630605 0.125781
1.129 3.630401 0.125637
1.130 3.630198 0.125493
1.131 3.630005 0.125347
1.132 3.629837 0.125195
1.133 3.629670 0.125042
1.134 3.629502 0.124890
1.135 3.629335 0.124738
1.136 3.629173 0.124585
1.137 3.629059 0.124429
1.138 3.628944 0.124273
1.139 3.628830 0.124117
1.140 3.628716 0.123961
1.141 3.628602 0.123805
1.142 3.628442 0.123624
1.143 3.628273 0.123438
1.144 3.628104 0.123252
1.145 3.627936 0.123066
1.146 3.627767 0.122880
1.147 3.627585 0.122686
1.148 3.627392 0.122485
1.149 3.627200 0.122284
1.150 3.627007 0.122083
1.151 3.626814 0.121882
1.152 3.626622 0.121675
1.153 3.626433 0.121445
1.154 3.626244 0.121216
1.155 3.626054 0.120986
1.156 3.625865 0.120757
1.157 3.625676 0.120528
1.158 3.625534 0.120395
1.159 3.625404 0.120285
1.160 3.625273 0.120174
1.161 3.625143 0.120064
1.162 3.625012 0.119954
1.163 3.624885 0.119841
1.164 3.624763 0.119723
1.165 3.624641 0.119605
1.166 3.624519 0.119487
1.167 3.624397 0.119368
1.168 3.624276 0.119250
1.169 3.624128 0.119094
1.170 3.623977 0.118931
1.171 3.623826 0.118768
1.172 3.623675 0.118606
1.173 3.623523 0.118443
1.174 3.623366 0.118276
1.175 3.623193 0.118100
1.176 3.623020 0.117924
1.177 3.622847 0.117747
1.178 3.622674 0.117571
1.179 3.622501 0.117395
1.180 3.622345 0.117223
1.181 3.622197 0.117052
1.182 3.622048 0.116882
1.183 3.621900 0.116711
1.184 3.621751 0.116541
1.185 3.621604 0.116371
1.186 3.621480 0.116211
1.187 3.621357 0.116052
1.188 3.621234 0.115893
1.189 3.621110 0.115733
1.190 3.620987 0.115574
1.191 3.620866 0.115425
1.192 3.620748 0.115296
1.193 3.620631 0.115167
1.194 3.620513 0.115038
1.195 3.620396 0.114909
1.196 3.620279 0.114780
1.197 3.620162 0.114623
1.198 3.620047 0.114445
1.199 3.619931 0.114267
1.200 3.619815 0.114089
1.201 3.619700 0.113911
1.202 3.619584 0.113733
1.203 3.619494 0.113573
1.204 3.619413 0.113418
1.205 3.619333 0.113264
1.206 3.619252 0.113109
1.207 3.619171 0.112954
1.208 3.619091 0.112800
1.209 3.619028 0.112638
1.210 3.618967 0.112476
1.211 3.618907 0.112313
1.212 3.618847 0.112151
1.213 3.618787 0.111989
1.214 3.618727 0.111826
1.215 3.618671 0.111707
1.216 3.618615 0.111592
1.217 3.618559 0.111478
1.218 3.618503 0.111363
1.219 3.618447 0.111248
1.220 3.618391 0.111133
1.221 3.618337 0.110976
1.222 3.618282 0.110815
1.223 3.618228 0.110654
1.224 3.618173 0.110493
1.225 3.618119 0.110331
1.226 3.618065 0.110170
1.227 3.618011 0.109973
1.228 3.617959 0.109769
1.229 3.617906 0.109565
1.230 3.617853 0.109361
1.231 3.617800 0.109157
1.232 3.617747 0.108953
1.233 3.617695 0.108728
1.234 3.617644 0.108496
1.235 3.617593 0.108263
1.236 3.617541 0.108030
1.237 3.617490 0.107798
1.238 3.617439 0.107565
1.239 3.617388 0.107379
1.240 3.617338 0.107229
1.241 3.617289 0.107079
1.242 3.617239 0.106929
1.243 3.617189 0.106779
1.244 3.617139 0.106629
1.245 3.617090 0.106485
1.246 3.617042 0.106354
1.247 3.616994 0.106222
1.248 3.616946 0.106090
1.249 3.616898 0.105959
1.250 3.616849 0.105827
1.251 3.616801 0.105695
1.252 3.616755 0.105560
1.253 3.616708 0.105425
1.254 3.616662 0.105289
1.255 3.616616 0.105154
1.256 3.616569 0.105019
1.257 3.616523 0.104883
1.258 3.616478 0.104694
1.259 3.616433 0.104474
1.260 3.616388 0.104254
1.261 3.616343 0.104034
1.262 3.616298 0.103814
1.263 3.616254 0.103593
1.264 3.616209 0.103381
1.265 3.616166 0.103197
1.266 3.616123 0.103013
1.267 3.616080 0.102829
1.268 3.616038 0.102645
1.269 3.615995 0.102461
1.270 3.615952 0.102276
1.271 3.615910 0.102073
1.272 3.615869 0.101861
1.273 3.615828 0.101648
1.274 3.615786 0.101436
1.275 3.615745 0.101224
1.276 3.615704 0.101012
1.277 3.615663 0.100801
1.278 3.615624 0.100593
1.279 3.615584 0.100385
1.280 3.615545 0.100178
1.281 3.615506 0.099970
1.282 3.615466 0.099762
1.283 3.615427 0.099555
1.284 3.615389 0.099346
1.285 3.615351 0.099136
1.286 3.615314 0.098925
1.287 3.615277 0.098715
1.288 3.615239 0.098504
1.289 3.615202 0.098294
1.290 3.615165 0.098084
1.291 3.615129 0.097896
1.292 3.615093 0.097714
1.293 3.615058 0.097532
1.294 3.615022 0.097351
1.295 3.614987 0.097169
1.296 3.614951 0.096987
1.297 3.614916 0.096805
1.298 3.614882 0.096627
1.299 3.614849 0.096448
1.300 3.614815 0.096269
1.301 3.614782 0.096090
1.302 3.614748 0.095912
1.303 3.614715 0.095733
1.304 3.614682 0.095551
1.305 3.614650 0.095351
1.306 3.614619 0.095151
1.307 3.614588 0.094952
1.308 3.614556 0.094752
1.309 3.614525 0.094552
1.310 3.614493 0.094353
1.311 3.614463 0.094154
1.312 3.614433 0.093957
1.313 3.614404 0.093761
1.314 3.614375 0.093564
1.315 3.614345 0.093368
1.316 3.614316 0.093171
1.317 3.614287 0.092975
1.318 3.614258 0.092776
1.319 3.614231 0.092572
1.320 3.614203 0.092367
1.321 3.614176 0.092162
1.322 3.614149 0.091957
1.323 3.614122 0.091753
1.324 3.614095 0.091548
1.325 3.614068 0.091345
1.326 3.614044 0.091148
1.327 3.614019 0.090951
1.328 3.613995 0.090754
1.329 3.613970 0.090557
1.330 3.613946 0.090360
1.331 3.613921 0.090163
1.332 3.613897 0.089967
1.333 3.613875 0.089797
1.334 3.613853 0.089627
1.335 3.613831 0.089457
1.336 3.613810 0.089287
1.337 3.613788 0.089117
1.338 3.613766 0.088947
1.339 3.613744 0.088776
1.340 3.613725 0.088570
1.341 3.613706 0.088354
1.342 3.613687 0.088139
1.343 3.613668 0.087924
1.344 3.613649 0.087708
1.345 3.613630 0.087493
1.346 3.613611 0.087278
1.347 3.613594 0.087078
1.348 3.613578 0.086894
1.349 3.613562 0.086710
1.350 3.613547 0.086526
1.351 3.613531 0.086342
1.352 3.613515 0.086159
1.353 3.613499 0.085975
1.354 3.613484 0.085789
1.355 3.613472 0.085590
1.356 3.613460 0.085391
1.357 3.613448 0.085192
1.358 3.613436 0.084993
1.359 3.613425 0.084795
1.360 3.613413 0.084596
1.361 3.613401 0.084397
1.362 3.613392 0.084191
1.363 3.613384 0.083982
1.364 3.613376 0.083772
1.365 3.613369 0.083563
1.366 3.613361 0.083354
1.367 3.613353 0.083144
1.368 3.613346 0.082935
1.369 3.613339 0.082724
1.370 3.613336 0.082501
1.371 3.613333 0.082278
1.372 3.613331 0.082055
1.373 3.613328 0.081833
1.374 3.613325 0.081610
1.375 3.613322 0.081387
1.376 3.613320 0.081164
1.377 3.613320 0.080913
1.378 3.613323 0.080631
1.379 3.613326 0.080349
1.380 3.613329 0.080067
1.381 3.613332 0.079785
1.382 3.613335 0.079503
1.383 3.613338 0.079221
1.384 3.613341 0.078939
1.385 3.613349 0.078652
1.386 3.613359 0.078364
1.387 3.613369 0.078076
1.388 3.613379 0.077788
1.389 3.613389 0.077499
1.390 3.613399 0.077211
1.391 3.613410 0.076923
1.392 3.613420 0.076635
1.393 3.613438 0.076359
1.394 3.613457 0.076084
1.395 3.613475 0.075809
1.396 3.613494 0.075533
1.397 3.613513 0.075258
1.398 3.613531 0.074983
1.399 3.613550 0.074707
1.400 3.613569 0.074430
1.401 3.613599 0.074123
1.402 3.613629 0.073816
1.403 3.613659 0.073509
1.404 3.613689 0.073203
1.405 3.613718 0.072896
1.406 3.613748 0.072589
1.407 3.613778 0.072282
1.408 3.613809 0.071973
1.409 3.613854 0.071638
1.410 3.613898 0.071303
1.411 3.613943 0.070968
1.412 3.613987 0.070633
1.413 3.614032 0.070298
1.414 3.614076 0.069963
1.415 3.614121 0.069629
1.416 3.614166 0.069292
1.417 3.614231 0.068892
1.418 3.614296 0.068491
1.419 3.614361 0.068090
1.420 3.614426 0.067689
1.421 3.614490 0.067289
1.422 3.614555 0.066888
1.423 3.614620 0.066487
1.424 3.614685 0.066087
1.425 3.614774 0.065696
1.426 3.614867 0.065307
1.427 3.614960 0.064917
1.428 3.615054 0.064528
1.429 3.615147 0.064139
1.430 3.615240 0.063750
1.431 3.615333 0.063361
1.432 3.615426 0.062971
1.433 3.615541 0.062572
1.434 3.615672 0.062165
1.435 3.615803 0.061758
1.436 3.615933 0.061352
1.437 3.616064 0.060945
1.438 3.616194 0.060538
1.439 3.616325 0.060131
1.440 3.616455 0.059725
1.441 3.616596 0.059299
1.442 3.616771 0.058810
1.443 3.616945 0.058322
1.444 3.617120 0.057833
1.445 3.617294 0.057345
1.446 3.617469 0.056856
1.447 3.617643 0.056368
1.448 3.617818 0.055880
1.449 3.617992 0.055391
1.450 3.618198 0.054849
1.451 3.618412 0.054293
1.452 3.618626 0.053736
1.453 3.618840 0.053179
1.454 3.619054 0.052623
1.455 3.619268 0.052066
1.456 3.619483 0.051509
1.457 3.619697 0.050953
1.458 3.619914 0.050383
1.459 3.620143 0.049766
1.460 3.620372 0.049150
1.461 3.620601 0.048534
1.462 3.620830 0.047918
1.463 3.621059 0.047302
1.464 3.621288 0.046686
1.465 3.621518 0.046070
1.466 3.621747 0.045453
1.467 3.621955 0.044763
1.468 3.622148 0.044016
1.469 3.622340 0.043269
1.470 3.622533 0.042521
1.471 3.622725 0.041774
1.472 3.622918 0.041027
1.473 3.623111 0.040279
1.474 3.623303 0.039532
1.475 3.623496 0.038785
1.476 3.623563 0.037945
1.477 3.623600 0.037084
1.478 3.623637 0.036222
1.479 3.623674 0.035360
1.480 3.623711 0.034498
1.481 3.623748 0.033636
1.482 3.623785 0.032774
1.483 3.623822 0.031912
1.484 3.623859 0.031051
1.485 3.623895 0.030189
1.486 3.623932 0.029327
1.487 3.623969 0.028465
1.488 3.624006 0.027603
1.489 3.624043 0.026741
1.490 3.624080 0.025880
1.491 3.624117 0.025018
1.492 3.624154 0.024156
1.493 3.624191 0.023294
1.494 3.624228 0.022432
1.495 3.624265 0.021570
1.496 3.624302 0.020708
1.497 3.624339 0.019847
1.498 3.624362 0.019105
1.499 3.624341 0.018757
1.500 3.624320 0.018409
1.501 3.624300 0.018061
1.502 3.624279 0.017713
1.503 3.624258 0.017365
1.504 3.624237 0.017017
1.505 3.624216 0.016669
1.506 3.624195 0.016321
1.507 3.624174 0.015974
1.508 3.624154 0.015626
1.509 3.624133 0.015278
1.510 3.624112 0.014930
1.511 3.624091 0.014582
1.512 3.624070 0.014234
1.513 3.624049 0.013886
1.514 3.624028 0.013538
1.515 3.624008 0.013190
1.516 3.623987 0.012842
1.517 3.623966 0.012494
1.518 3.623945 0.012146
1.519 3.623924 0.011798
1.520 3.623903 0.011451
1.521 3.623882 0.011103
1.522 3.623802 0.010919
1.523 3.623720 0.010742
1.524 3.623637 0.010565
1.525 3.623554 0.010387
1.526 3.623471 0.010210
1.527 3.623389 0.010033
1.528 3.623306 0.009856
1.529 3.623223 0.009679
1.530 3.623141 0.009502
1.531 3.623058 0.009325
1.532 3.622975 0.009148
1.533 3.622893 0.008971
1.534 3.622810 0.008794
1.535 3.622727 0.008617
1.536 3.622645 0.008439
1.537 3.622562 0.008262
1.538 3.622479 0.008085
1.539 3.622396 0.007908
1.540 3.622314 0.007731
1.541 3.622231 0.007554
1.542 3.622148 0.007377
1.543 3.622066 0.007200
1.544 3.621983 0.007023
1.545 3.621900 0.006846
1.546 3.621770 0.006735
1.547 3.621638 0.006628
1.548 3.621505 0.006521
1.549 3.621373 0.006414
1.550 3.621240 0.006307
1.551 3.621108 0.006200
1.552 3.620975 0.006093
1.553 3.620843 0.005986
1.554 3.620711 0.005879
1.555 3.620578 0.005772
1.556 3.620446 0.005665
1.557 3.620313 0.005558
1.558 3.620181 0.005451
1.559 3.620048 0.005344
1.560 3.619916 0.005237
1.561 3.619783 0.005130
1.562 3.619651 0.005023
1.563 3.619518 0.004916
1.564 3.619386 0.004809
1.565 3.619253 0.004702
1.566 3.619121 0.004595
1.567 3.618988 0.004488
1.568 3.618856 0.004381
1.569 3.618724 0.004274
1.570 3.618587 0.004173
1.571 3.618431 0.004103
1.572 3.618275 0.004033
1.573 3.618119 0.003962
1.574 3.617963 0.003892
1.575 3.617806 0.003821
1.576 3.617650 0.003751
1.577 3.617494 0.003680
1.578 3.617338 0.003610
1.579 3.617182 0.003539
1.580 3.617026 0.003469
1.581 3.616870 0.003398
1.582 3.616714 0.003328
1.583 3.616558 0.003258
1.584 3.616401 0.003187
1.585 3.616245 0.003117
1.586 3.616089 0.003046
1.587 3.615933 0.002976
1.588 3.615777 0.002905
1.589 3.615621 0.002835
1.590 3.615465 0.002764
1.591 3.615309 0.002694
1.592 3.615153 0.002623
1.593 3.614996 0.002553
1.594 3.614840 0.002483
1.595 3.614684 0.002412
1.596 3.614527 0.002365
1.597 3.614370 0.002334
1.598 3.614213 0.002304
1.599 3.614056 0.002273
1.600 3.613899 0.002242
1.601 3.613742 0.002211
1.602 3.613585 0.002181
1.603 3.613428 0.002150
1.604 3.613271 0.002119
1.605 3.613113 0.002089
1.606 3.612956 0.002058
1.607 3.612799 0.002027
1.608 3.612642 0.001996
1.609 3.612485 0.001966
1.610 3.612328 0.001935
1.611 3.612171 0.001904
1.612 3.612014 0.001874
1.613 3.611857 0.001843
1.614 3.611699 0.001812
1.615 3.611542 0.001781
1.616 3.611385 0.001751
1.617 3.611228 0.001720
1.618 3.611071 0.001689
1.619 3.610914 0.001659
1.620 3.610757 0.001628
1.621 3.610600 0.001597
1.622 3.610445 0.001567
1.623 3.610303 0.001544
1.624 3.610160 0.001520
1.625 3.610018 0.001497
1.626 3.609876 0.001473
1.627 3.609733 0.001450
1.628 3.609591 0.001426
1.629 3.609449 0.001403
1.630 3.609307 0.001379
1.631 3.609164 0.001356
1.632 3.609022 0.001332
1.633 3.608880 0.001308
1.634 3.608738 0.001285
1.635 3.608595 0.001261
1.636 3.608453 0.001238
1.637 3.608311 0.001214
1.638 3.608169 0.001191
1.639 3.608026 0.001167
1.640 3.607884 0.001144
1.641 3.607742 0.001120
1.642 3.607599 0.001096
1.643 3.607457 0.001073
1.644 3.607315 0.001049
1.645 3.607173 0.001026
1.646 3.607030 0.001002
1.647 3.606888 0.000979
1.648 3.606746 0.000955
1.649 3.606604 0.000932
1.650 3.606478 0.000922
1.651 3.606356 0.000916
1.652 3.606234 0.000910
1.653 3.606111 0.000903
1.654 3.605989 0.000897
1.655 3.605867 0.000890
1.656 3.605745 0.000884
1.657 3.605623 0.000878
1.658 3.605500 0.000871
1.659 3.605378 0.000865
1.660 3.605256 0.000859
1.661 3.605134 0.000852
1.662 3.605012 0.000846
1.663 3.604889 0.000839
1.664 3.604767 0.000833
1.665 3.604645 0.000827
1.666 3.604523 0.000820
1.667 3.604400 0.000814
1.668 3.604278 0.000808
1.669 3.604156 0.000801
1.670 3.604034 0.000795
1.671 3.603912 0.000788
1.672 3.603789 0.000782
1.673 3.603667 0.000776
1.674 3.603545 0.000769
1.675 3.603423 0.000763
1.676 3.603301 0.000756
1.677 3.603178 0.000750
1.678 3.603068 0.000744
1.679 3.602966 0.000737
1.680 3.602864 0.000730
1.681 3.602762 0.000723
1.682 3.602660 0.000716
1.683 3.602558 0.000710
1.684 3.602456 0.000703
1.685 3.602354 0.000696
1.686 3.602253 0.000689
1.687 3.602151 0.000683
1.688 3.602049 0.000676
1.689 3.601947 0.000669
1.690 3.601845 0.000662
1.691 3.601743 0.000655
1.692 3.601641 0.000649
1.693 3.601539 0.000642
1.694 3.601437 0.000635
1.695 3.601335 0.000628
1.696 3.601234 0.000622
1.697 3.601132 0.000615
1.698 3.601030 0.000608
1.699 3.600928 0.000601
1.700 3.600826 0.000595
1.701 3.600724 0.000588
1.702 3.600622 0.000581
1.703 3.600520 0.000574
1.704 3.600418 0.000567
1.705 3.600316 0.000561
1.706 3.600214 0.000554
1.707 3.600118 0.000548
1.708 3.600031 0.000542
1.709 3.599945 0.000537
1.710 3.599858 0.000532
1.711 3.599772 0.000527
1.712 3.599686 0.000521
1.713 3.599599 0.000516
1.714 3.599513 0.000511
1.715 3.599426 0.000505
1.716 3.599340 0.000500
1.717 3.599254 0.000495
1.718 3.599167 0.000490
1.719 3.599081 0.000484
1.720 3.598995 0.000479
1.721 3.598908 0.000474
1.722 3.598822 0.000469
1.723 3.598735 0.000463
1.724 3.598649 0.000458
1.725 3.598563 0.000453
1.726 3.598476 0.000448
1.727 3.598390 0.000442
1.728 3.598303 0.000437
1.729 3.598217 0.000432
1.730 3.598131 0.000426
1.731 3.598044 0.000421
1.732 3.597958 0.000416
1.733 3.597872 0.000411
1.734 3.597785 0.000405
1.735 3.597699 0.000400
1.736 3.597612 0.000395
1.737 3.597526 0.000390
1.738 3.597453 0.000390
1.739 3.597379 0.000391
1.740 3.597305 0.000391
1.741 3.597231 0.000392
1.742 3.597157 0.000392
1.743 3.597083 0.000393
1.744 3.597010 0.000393
1.745 3.596936 0.000394
1.746 3.596862 0.000394
1.747 3.596788 0.000394
1.748 3.596714 0.000395
1.749 3.596640 0.000395
1.750 3.596567 0.000396
1.751 3.596493 0.000396
1.752 3.596419 0.000397
1.753 3.596345 0.000397
1.754 3.596271 0.000398
1.755 3.596197 0.000398
1.756 3.596124 0.000399
1.757 3.596050 0.000399
1.758 3.595976 0.000400
1.759 3.595902 0.000400
1.760 3.595828 0.000400
1.761 3.595754 0.000401
1.762 3.595681 0.000401
1.763 3.595607 0.000402
1.764 3.595533 0.000402
1.765 3.595459 0.000403
1.766 3.595385 0.000403
1.767 3.595311 0.000404
1.768 3.595238 0.000404
1.769 3.595170 0.000402
1.770 3.595105 0.000398
1.771 3.595040 0.000393
1.772 3.594975 0.000389
1.773 3.594910 0.000385
1.774 3.594845 0.000381
1.775 3.594781 0.000377
1.776 3.594716 0.000373
1.777 3.594651 0.000369
1.778 3.594586 0.000365
1.779 3.594521 0.000360
1.780 3.594456 0.000356
1.781 3.594391 0.000352
1.782 3.594326 0.000348
1.783 3.594262 0.000344
1.784 3.594197 0.000340
1.785 3.594132 0.000336
1.786 3.594067 0.000332
1.787 3.594002 0.000328
1.788 3.593937 0.000323
1.789 3.593872 0.000319
1.790 3.593808 0.000315
1.791 3.593743 0.000311
1.792 3.593678 0.000307
1.793 3.593613 0.000303
1.794 3.593548 0.000299
1.795 3.593483 0.000295
1.796 3.593418 0.000291
1.797 3.593353 0.000286
1.798 3.593289 0.000282
1.799 3.593224 0.000278
1.800 3.593159 0.000274
1.801 NaN NaN
1.802 NaN NaN
1.803 NaN NaN
1.804 NaN NaN
1.805 NaN NaN
1.806 NaN NaN
1.807 NaN NaN
1.808 NaN NaN
1.809 NaN NaN
1.810 NaN NaN
1.811 NaN NaN
1.812 NaN NaN
1.813 NaN NaN
1.814 NaN NaN
1.815 NaN NaN
1.816 NaN NaN
1.817 NaN NaN
1.818 NaN NaN
1.819 NaN NaN
1.820 NaN NaN
1.821 NaN NaN
1.822 NaN NaN
1.823 NaN NaN
1.824 NaN NaN
1.825 NaN NaN
1.826 NaN NaN
1.827 NaN NaN
1.828 NaN NaN
1.829 NaN NaN
1.830 NaN NaN
1.831 NaN NaN
1.832 NaN NaN
1.833 NaN NaN
1.834 NaN NaN
1.835 NaN NaN
1.836 NaN NaN
1.837 NaN NaN
1.838 NaN NaN
1.839 NaN NaN
1.840 NaN NaN
1.841 NaN NaN
1.842 NaN NaN
1.843 NaN NaN
1.844 NaN NaN
1.845 NaN NaN
1.846 NaN NaN
1.847 NaN NaN
1.848 NaN NaN
1.849 NaN NaN
1.850 NaN NaN
1.851 NaN NaN
1.852 NaN NaN
1.853 NaN NaN
1.854 NaN NaN
1.855 NaN NaN
1.856 NaN NaN
1.857 NaN NaN
1.858 NaN NaN
1.859 NaN NaN
1.860 NaN NaN
1.861 NaN NaN
1.862 NaN NaN
1.863 NaN NaN
1.864 NaN NaN
1.865 NaN NaN
1.866 NaN NaN
1.867 NaN NaN
1.868 NaN NaN
1.869 NaN NaN
1.870 NaN NaN
1.871 NaN NaN
1.872 NaN NaN
1.873 NaN NaN
1.874 NaN NaN
1.875 NaN NaN
1.876 NaN NaN
1.877 NaN NaN
1.878 NaN NaN
1.879 NaN NaN
1.880 NaN NaN
1.881 NaN NaN
1.882 NaN NaN
1.883 NaN NaN
1.884 NaN NaN
1.885 NaN NaN
1.886 NaN NaN
1.887 NaN NaN
1.888 NaN NaN
1.889 NaN NaN
1.890 NaN NaN
1.891 NaN NaN
1.892 NaN NaN
1.893 NaN NaN
1.894 NaN NaN
1.895 NaN NaN
1.896 NaN NaN
1.897 NaN NaN
1.898 NaN NaN
1.899 NaN NaN
1.900 NaN NaN
1.901 NaN NaN
1.902 NaN NaN
1.903 NaN NaN
1.904 NaN NaN
1.905 NaN NaN
1.906 NaN NaN
1.907 NaN NaN
1.908 NaN NaN
1.909 NaN NaN
1.910 NaN NaN
1.911 NaN NaN
1.912 NaN NaN
1.913 NaN NaN
1.914 NaN NaN
1.915 NaN NaN
1.916 NaN NaN
1.917 NaN NaN
1.918 NaN NaN
1.919 NaN NaN
1.920 NaN NaN
1.921 NaN NaN
1.922 NaN NaN
1.923 NaN NaN
1.924 NaN NaN
1.925 NaN NaN
1.926 NaN NaN
1.927 NaN NaN
1.928 NaN NaN
1.929 NaN NaN
1.930 NaN NaN
1.931 NaN NaN
1.932 NaN NaN
1.933 NaN NaN
1.934 NaN NaN
1.935 NaN NaN
1.936 NaN NaN
1.937 NaN NaN
1.938 NaN NaN
1.939 NaN NaN
1.940 NaN NaN
1.941 NaN NaN
1.942 NaN NaN
1.943 NaN NaN
1.944 NaN NaN
1.945 NaN NaN
1.946 NaN NaN
1.947 NaN NaN
1.948 NaN NaN
1.949 NaN NaN
1.950 NaN NaN