0.253 2.444574 3.440212
0.254 2.510861 3.441529
0.255 2.576033 3.442895
0.256 2.644144 3.444355
0.257 2.715055 3.445415
0.258 2.790406 3.444884
0.259 2.871820 3.440544
0.260 2.957667 3.430193
0.261 3.046632 3.409866
0.262 3.137708 3.380365
0.263 3.228632 3.339082
0.264 3.315286 3.287061
0.265 3.394832 3.224479
0.266 3.467302 3.153713
0.267 3.528299 3.075975
0.268 3.577644 2.995212
0.269 3.617425 2.912354
0.270 3.646467 2.830489
0.271 3.667287 2.751195
0.272 3.679560 2.674766
0.273 3.685913 2.601204
0.274 3.687288 2.533937
0.275 3.683281 2.470644
0.276 3.675638 2.411726
0.277 3.666993 2.358504
0.278 3.655178 2.307675
0.279 3.642993 2.261222
0.280 3.629057 2.217984
0.281 3.615144 2.177501
0.282 3.600767 2.140717
0.283 3.585320 2.105777
0.284 3.569840 2.073479
0.285 3.554596 2.043412
0.286 3.537834 2.015591
0.287 3.522310 1.989736
0.288 3.507524 1.965795
0.289 3.491340 1.942702
0.290 3.475367 1.922448
0.291 3.460049 1.903353
0.292 3.445383 1.885786
0.293 3.430175 1.870379
0.294 3.415657 1.855923
0.295 3.400866 1.841671
0.296 3.387587 1.829141
0.297 3.374536 1.818403
0.298 3.361269 1.807494
0.299 3.348948 1.798627
0.300 3.336858 1.790802
0.301 3.326352 1.783485
0.302 3.314926 1.776361
0.303 3.304408 1.769906
0.304 3.294289 1.763921
0.305 3.284150 1.760007
0.306 3.275189 1.755619
0.307 3.267388 1.751704
0.308 3.258779 1.748396
0.309 3.251067 1.745519
0.310 3.243560 1.743487
0.311 3.237194 1.740847
0.312 3.230664 1.739710
0.313 3.224826 1.738651
0.314 3.218791 1.737297
0.315 3.213191 1.737178
0.316 3.208404 1.736325
0.317 3.203914 1.736182
0.318 3.199165 1.736883
0.319 3.195788 1.737646
0.320 3.192139 1.738222
0.321 3.187878 1.737920
0.322 3.185152 1.738921
0.323 3.182560 1.740249
0.324 3.180334 1.741726
0.325 3.178125 1.743380
0.326 3.176198 1.744876
0.327 3.174484 1.746750
0.328 3.172733 1.748715
0.329 3.171202 1.751988
0.330 3.169944 1.754632
0.331 3.168874 1.756751
0.332 3.167772 1.759278
0.333 3.168848 1.761709
0.334 3.168286 1.765583
0.335 3.167802 1.768797
0.336 3.169235 1.771736
0.337 3.169182 1.774634
0.338 3.169498 1.779328
0.339 3.171035 1.782825
0.340 3.172455 1.786246
0.341 3.173908 1.791235
0.342 3.175996 1.795099
0.343 3.177432 1.798953
0.344 3.179823 1.804311
0.345 3.181761 1.808203
0.346 3.184987 1.813734
0.347 3.187565 1.818355
0.348 3.190032 1.823197
0.349 3.194020 1.828779
0.350 3.197540 1.833471
0.351 3.201387 1.839470
0.352 3.205780 1.845073
0.353 3.210449 1.850984
0.354 3.215201 1.857285
0.355 3.219998 1.862973
0.356 3.225626 1.869394
0.357 3.232030 1.876217
0.358 3.237496 1.882116
0.359 3.244314 1.889350
0.360 3.250404 1.896036
0.361 3.257531 1.903233
0.362 3.265551 1.910618
0.363 3.275470 1.917699
0.364 3.283785 1.925390
0.365 3.293355 1.932659
0.366 3.303940 1.940088
0.367 3.315398 1.947838
0.368 3.326387 1.954386
0.369 3.339203 1.960576
0.370 3.352225 1.966082
0.371 3.367006 1.970961
0.372 3.380874 1.974594
0.373 3.394066 1.977910
0.374 3.406223 1.980302
0.375 3.418771 1.982973
0.376 3.430923 1.985478
0.377 3.440984 1.987852
0.378 3.451112 1.991580
0.379 3.460849 1.994783
0.380 3.471622 2.000957
0.381 3.482094 2.007544
0.382 3.492893 2.015739
0.383 3.504683 2.025251
0.384 3.517942 2.035393
0.385 3.533593 2.046972
0.386 3.551278 2.058509
0.387 3.570402 2.071434
0.388 3.592599 2.083171
0.389 3.617515 2.093361
0.390 3.644685 2.104192
0.391 3.673609 2.113468
0.392 3.706157 2.120578
0.393 3.739580 2.126264
0.394 3.775034 2.127985
0.395 3.809935 2.127922
0.396 3.844787 2.125329
0.397 3.879538 2.120648
0.398 3.913968 2.114726
0.399 3.948061 2.107205
0.400 3.981892 2.098252
0.401 4.015445 2.088073
0.402 4.048840 2.076853
0.403 4.082401 2.063808
0.404 4.116555 2.049743
0.405 4.151469 2.033996
0.406 4.186428 2.016514
0.407 4.221336 1.997006
0.408 4.256466 1.973173
0.409 4.290833 1.948054
0.410 4.323671 1.918912
0.411 4.355886 1.887555
0.412 4.386680 1.854213
0.413 4.413292 1.816528
0.414 4.438575 1.778220
0.415 4.459955 1.737719
0.416 4.478818 1.696049
0.417 4.493967 1.654060
0.418 4.504290 1.611540
0.419 4.513057 1.569150
0.420 4.517717 1.527934
0.421 4.519738 1.487772
0.422 4.519829 1.448747
0.423 4.516744 1.411793
0.424 4.512504 1.376499
0.425 4.506880 1.342029
0.426 4.498992 1.309721
0.427 4.491616 1.278568
0.428 4.483889 1.249272
0.429 4.474350 1.221849
0.430 4.464656 1.195499
0.431 4.454602 1.171025
0.432 4.443773 1.147761
0.433 4.432443 1.125043
0.434 4.421912 1.103258
0.435 4.411425 1.083592
0.436 4.401051 1.064528
0.437 4.390691 1.046084
0.438 4.380448 1.028137
0.439 4.370065 1.011241
0.440 4.359793 0.994334
0.441 4.349677 0.979187
0.442 4.339422 0.964574
0.443 4.329356 0.950035
0.444 4.319355 0.936326
0.445 4.309277 0.922971
0.446 4.300570 0.910149
0.447 4.291693 0.897802
0.448 4.282264 0.886062
0.449 4.272498 0.874530
0.450 4.263111 0.863226
0.451 4.254315 0.852741
0.452 4.246039 0.842343
0.453 4.237310 0.832280
0.454 4.228464 0.822662
0.455 4.220279 0.813201
0.456 4.212395 0.803998
0.457 4.204052 0.795139
0.458 4.196373 0.786611
0.459 4.188764 0.778188
0.460 4.180498 0.770032
0.461 4.173221 0.762356
0.462 4.166033 0.754629
0.463 4.159007 0.747045
0.464 4.151721 0.739839
0.465 4.144202 0.732807
0.466 4.137459 0.725787
0.467 4.130750 0.719008
0.468 4.124388 0.712503
0.469 4.117876 0.706061
0.470 4.111448 0.699630
0.471 4.105241 0.693595
0.472 4.099005 0.687547
0.473 4.092843 0.681572
0.474 4.087085 0.675836
0.475 4.080843 0.670236
0.476 4.075090 0.664549
0.477 4.069263 0.658905
0.478 4.063378 0.653525
0.479 4.057920 0.648403
0.480 4.053116 0.643231
0.481 4.047661 0.638036
0.482 4.042156 0.632953
0.483 4.036517 0.628134
0.484 4.031326 0.623202
0.485 4.025999 0.618502
0.486 4.020971 0.613834
0.487 4.016491 0.609167
0.488 4.011262 0.604665
0.489 4.006613 0.600220
0.490 4.002068 0.595748
0.491 3.997320 0.591318
0.492 3.992577 0.587067
0.493 3.988220 0.582924
0.494 3.983547 0.578859
0.495 3.978641 0.574806
0.496 3.973860 0.570779
0.497 3.969488 0.566836
0.498 3.965304 0.562947
0.499 3.960863 0.559070
0.500 3.956536 0.555220
0.501 3.952454 0.551443
0.502 3.948150 0.547725
0.503 3.943980 0.544092
0.504 3.940331 0.540571
0.505 3.936565 0.536992
0.506 3.932276 0.533486
0.507 3.928141 0.530115
0.508 3.924405 0.526644
0.509 3.920177 0.523309
0.510 3.916091 0.520008
0.511 3.912563 0.516692
0.512 3.908535 0.513469
0.513 3.904375 0.510393
0.514 3.901369 0.507247
0.515 3.898013 0.504113
0.516 3.894002 0.501086
0.517 3.890214 0.498075
0.518 3.887070 0.495191
0.519 3.883882 0.492279
0.520 3.880024 0.489283
0.521 3.876157 0.486394
0.522 3.872988 0.483623
0.523 3.869704 0.480787
0.524 3.865532 0.478146
0.525 3.862437 0.475505
0.526 3.859524 0.472664
0.527 3.856262 0.470101
0.528 3.852612 0.467505
0.529 3.849509 0.464849
0.530 3.846625 0.462280
0.531 3.843432 0.459827
0.532 3.839980 0.457408
0.533 3.836757 0.454969
0.534 3.833999 0.452325
0.535 3.831174 0.449944
0.536 3.827384 0.447612
0.537 3.824421 0.445297
0.538 3.821907 0.442986
0.539 3.819347 0.440687
0.540 3.816683 0.438422
0.541 3.813734 0.436197
0.542 3.810436 0.433985
0.543 3.807720 0.431774
0.544 3.805263 0.429583
0.545 3.802386 0.427496
0.546 3.799080 0.425504
0.547 3.796327 0.423448
0.548 3.793857 0.421324
0.549 3.791193 0.419227
0.550 3.788153 0.417161
0.551 3.785277 0.415113
0.552 3.782967 0.413115
0.553 3.780841 0.411299
0.554 3.778592 0.409293
0.555 3.775640 0.407307
0.556 3.772749 0.405402
0.557 3.770307 0.403561
0.558 3.768188 0.401687
0.559 3.765571 0.399967
0.560 3.762657 0.398115
0.561 3.760101 0.396322
0.562 3.758085 0.394615
0.563 3.756118 0.392761
0.564 3.753793 0.391060
0.565 3.751071 0.389368
0.566 3.748452 0.387652
0.567 3.746385 0.385907
0.568 3.744454 0.384293
0.569 3.742385 0.382692
0.570 3.739954 0.381015
0.571 3.737266 0.379282
0.572 3.735138 0.377729
0.573 3.733208 0.376176
0.574 3.731037 0.374632
0.575 3.728599 0.373102
0.576 3.726095 0.371592
0.577 3.724229 0.369912
0.578 3.722464 0.368388
0.579 3.720641 0.367005
0.580 3.718550 0.365490
0.581 3.715983 0.363996
0.582 3.713785 0.362511
0.583 3.712128 0.361049
0.584 3.710472 0.359733
0.585 3.708633 0.358326
0.586 3.706432 0.356896
0.587 3.703686 0.355483
0.588 3.702044 0.354071
0.589 3.700445 0.352661
0.590 3.698793 0.351283
0.591 3.696894 0.350048
0.592 3.694608 0.348697
0.593 3.692507 0.347335
0.594 3.690932 0.346011
0.595 3.689190 0.344776
0.596 3.687103 0.343478
0.597 3.684770 0.342123
0.598 3.683096 0.340841
0.599 3.681645 0.339615
0.600 3.680229 0.338402
0.601 3.678483 0.337123
0.602 3.676349 0.335920
0.603 3.674280 0.334717
0.604 3.672677 0.333455
0.605 3.671379 0.332297
0.606 3.669966 0.331111
0.607 3.668225 0.329833
0.608 3.665973 0.328708
0.609 3.664089 0.327617
0.610 3.662915 0.326544
0.611 3.661623 0.325441
0.612 3.660212 0.324293
0.613 3.658636 0.323082
0.614 3.656390 0.322004
0.615 3.654498 0.320951
0.616 3.653414 0.319909
0.617 3.652189 0.318756
0.618 3.650835 0.317609
0.619 3.649246 0.316529
0.620 3.647345 0.315489
0.621 3.645517 0.314464
0.622 3.644331 0.313452
0.623 3.643077 0.312327
0.624 3.641749 0.311159
0.625 3.640029 0.310153
0.626 3.638362 0.309150
0.627 3.636743 0.308150
0.628 3.635559 0.307199
0.629 3.634381 0.306287
0.630 3.633162 0.305441
0.631 3.631435 0.304492
0.632 3.629632 0.303510
0.633 3.628297 0.302534
0.634 3.627191 0.301565
0.635 3.626277 0.300602
0.636 3.624903 0.299644
0.637 3.623340 0.298685
0.638 3.621420 0.297726
0.639 3.620178 0.296771
0.640 3.619287 0.295818
0.641 3.618138 0.294877
0.642 3.616888 0.293997
0.643 3.615458 0.293228
0.644 3.613985 0.292341
0.645 3.612505 0.291404
0.646 3.611522 0.290472
0.647 3.610482 0.289560
0.648 3.609337 0.288687
0.649 3.607863 0.287861
0.650 3.606217 0.287059
0.651 3.605194 0.286146
0.652 3.604216 0.285271
0.653 3.603290 0.284520
0.654 3.602155 0.283697
0.655 3.600841 0.282814
0.656 3.599374 0.282032
0.657 3.597919 0.281261
0.658 3.597000 0.280361
0.659 3.596032 0.279515
0.660 3.594967 0.278778
0.661 3.593619 0.278046
0.662 3.592071 0.277317
0.663 3.591008 0.276460
0.664 3.590056 0.275584
0.665 3.589251 0.274856
0.666 3.588324 0.274129
0.667 3.587078 0.273404
0.668 3.585794 0.272649
0.669 3.584469 0.271862
0.670 3.583487 0.271085
0.671 3.582662 0.270312
0.672 3.581636 0.269563
0.673 3.580556 0.268819
0.674 3.579057 0.268104
0.675 3.577757 0.267391
0.676 3.577118 0.266682
0.677 3.576423 0.265974
0.678 3.575643 0.265268
0.679 3.574766 0.264560
0.680 3.573808 0.263852
0.681 3.572558 0.263179
0.682 3.571172 0.262522
0.683 3.570348 0.261910
0.684 3.569651 0.261309
0.685 3.568799 0.260616
0.686 3.567923 0.259917
0.687 3.566778 0.259217
0.688 3.565644 0.258517
0.689 3.564573 0.257818
0.690 3.563619 0.257131
0.691 3.563050 0.256480
0.692 3.562329 0.255849
0.693 3.561276 0.255262
0.694 3.560158 0.254634
0.695 3.558936 0.253943
0.696 3.557946 0.253307
0.697 3.557252 0.252742
0.698 3.556586 0.252126
0.699 3.555950 0.251456
0.700 3.555184 0.250830
0.701 3.554299 0.250246
0.702 3.553269 0.249628
0.703 3.552119 0.248980
0.704 3.551279 0.248388
0.705 3.550687 0.247842
0.706 3.550079 0.247297
0.707 3.549459 0.246754
0.708 3.548614 0.246183
0.709 3.547587 0.245589
0.710 3.546607 0.245023
0.711 3.545671 0.244482
0.712 3.544965 0.243943
0.713 3.544495 0.243405
0.714 3.543874 0.242822
0.715 3.543067 0.242184
0.716 3.542166 0.241585
0.717 3.541118 0.241044
0.718 3.540177 0.240502
0.719 3.539457 0.239960
0.720 3.538805 0.239421
0.721 3.538360 0.238897
0.722 3.537892 0.238367
0.723 3.537294 0.237808
0.724 3.536685 0.237247
0.725 3.535849 0.236639
0.726 3.535012 0.236031
0.727 3.534297 0.235509
0.728 3.533590 0.234993
0.729 3.532985 0.234479
0.730 3.532404 0.233965
0.731 3.531777 0.233525
0.732 3.531127 0.233122
0.733 3.530547 0.232648
0.734 3.530034 0.232106
0.735 3.529488 0.231562
0.736 3.528879 0.231017
0.737 3.528282 0.230472
0.738 3.527744 0.229927
0.739 3.527206 0.229382
0.740 3.526710 0.228770
0.741 3.526215 0.228156
0.742 3.525647 0.227632
0.743 3.525056 0.227137
0.744 3.524508 0.226641
0.745 3.523996 0.226146
0.746 3.523494 0.225652
0.747 3.523012 0.225159
0.748 3.522531 0.224665
0.749 3.522057 0.224165
0.750 3.521583 0.223666
0.751 3.521077 0.223186
0.752 3.520563 0.222710
0.753 3.520054 0.222225
0.754 3.519547 0.221730
0.755 3.519055 0.221211
0.756 3.518609 0.220614
0.757 3.518162 0.220018
0.758 3.517740 0.219416
0.759 3.517320 0.218814
0.760 3.516905 0.218289
0.761 3.516494 0.217809
0.762 3.516070 0.217294
0.763 3.515618 0.216695
0.764 3.515165 0.216097
0.765 3.514685 0.215614
0.766 3.514203 0.215136
0.767 3.513773 0.214660
0.768 3.513377 0.214185
0.769 3.512983 0.213701
0.770 3.512592 0.213186
0.771 3.512202 0.212671
0.772 3.511813 0.212130
0.773 3.511423 0.211583
0.774 3.511035 0.211028
0.775 3.510649 0.210460
0.776 3.510264 0.209892
0.777 3.509889 0.209292
0.778 3.509514 0.208693
0.779 3.509113 0.208105
0.780 3.508693 0.207527
0.781 3.508272 0.206963
0.782 3.507839 0.206499
0.783 3.507406 0.206035
0.784 3.507020 0.205571
0.785 3.506657 0.205108
0.786 3.506299 0.204623
0.787 3.505960 0.204050
0.788 3.505621 0.203476
0.789 3.505289 0.202981
0.790 3.504959 0.202520
0.791 3.504630 0.202038
0.792 3.504304 0.201467
0.793 3.503978 0.200897
0.794 3.503653 0.200330
0.795 3.503328 0.199765
0.796 3.503005 0.199212
0.797 3.502693 0.198750
0.798 3.502382 0.198289
0.799 3.502075 0.197827
0.800 3.501773 0.197364
0.801 3.501471 0.196901
0.802 3.501170 0.196346
0.803 3.500869 0.195789
0.804 3.500569 0.195260
0.805 3.500271 0.194775
0.806 3.499973 0.194289
0.807 3.499683 0.193771
0.808 3.499394 0.193244
0.809 3.499107 0.192728
0.810 3.498823 0.192278
0.811 3.498538 0.191827
0.812 3.498254 0.191377
0.813 3.497971 0.190927
0.814 3.497688 0.190476
0.815 3.497409 0.190027
0.816 3.497132 0.189577
0.817 3.496870 0.189128
0.818 3.496676 0.188678
0.819 3.496482 0.188228
0.820 3.496289 0.187778
0.821 3.496098 0.187329
0.822 3.495908 0.186879
0.823 3.495681 0.186430
0.824 3.495443 0.185982
0.825 3.495205 0.185533
0.826 3.494969 0.185085
0.827 3.494734 0.184637
0.828 3.494500 0.184189
0.829 3.494274 0.183742
0.830 3.494047 0.183295
0.831 3.493822 0.182872
0.832 3.493599 0.182471
0.833 3.493375 0.182069
0.834 3.493153 0.181604
0.835 3.492930 0.181114
0.836 3.492708 0.180624
0.837 3.492522 0.180267
0.838 3.492339 0.179920
0.839 3.492161 0.179564
0.840 3.492035 0.179119
0.841 3.491908 0.178674
0.842 3.491768 0.178229
0.843 3.491586 0.177784
0.844 3.491405 0.177339
0.845 3.491224 0.176895
0.846 3.491044 0.176451
0.847 3.490864 0.176007
0.848 3.490686 0.175546
0.849 3.490511 0.175071
0.850 3.490336 0.174595
0.851 3.490175 0.174098
0.852 3.490025 0.173586
0.853 3.489874 0.173075
0.854 3.489795 0.172671
0.855 3.489748 0.172318
0.856 3.489702 0.171964
0.857 3.489576 0.171522
0.858 3.489423 0.171049
0.859 3.489270 0.170577
0.860 3.489169 0.170124
0.861 3.489082 0.169677
0.862 3.488995 0.169230
0.863 3.488926 0.168774
0.864 3.488863 0.168317
0.865 3.488799 0.167860
0.866 3.488717 0.167399
0.867 3.488630 0.166937
0.868 3.488543 0.166476
0.869 3.488465 0.166015
0.870 3.488391 0.165553
0.871 3.488316 0.165092
0.872 3.488270 0.164628
0.873 3.488235 0.164163
0.874 3.488200 0.163698
0.875 3.488194 0.163215
0.876 3.488204 0.162722
0.877 3.488213 0.162229
0.878 3.488231 0.161731
0.879 3.488254 0.161228
0.880 3.488278 0.160726
0.881 3.488310 0.160232
0.882 3.488351 0.159747
0.883 3.488392 0.159263
0.884 3.488444 0.158785
0.885 3.488518 0.158323
0.886 3.488592 0.157860
0.887 3.488671 0.157385
0.888 3.488774 0.156845
0.889 3.488877 0.156304
0.890 3.488981 0.155764
0.891 3.489094 0.155181
0.892 3.489207 0.154598
0.893 3.489320 0.154014
0.894 3.489433 0.153431
0.895 3.489546 0.152848
0.896 3.489660 0.152265
0.897 3.489773 0.151677
0.898 3.489887 0.151085
0.899 3.490001 0.150493
0.900 3.490117 0.149874
0.901 3.490235 0.149193
0.902 3.490354 0.148512
0.903 3.490472 0.147830
0.904 3.490593 0.147123
0.905 3.490713 0.146415
0.906 3.490833 0.145707
0.907 3.490954 0.144999
0.908 3.491074 0.144291
0.909 3.491195 0.143583
0.910 3.491314 0.142871
0.911 3.491430 0.142155
0.912 3.491547 0.141438
0.913 3.491660 0.140715
0.914 3.491732 0.139905
0.915 3.491805 0.139096
0.916 3.491877 0.138286
0.917 3.491940 0.137455
0.918 3.491999 0.136616
0.919 3.492057 0.135776
0.920 3.492116 0.134937
0.921 3.492175 0.134098
0.922 3.492235 0.133259
0.923 3.492294 0.132420
0.924 3.492346 0.131578
0.925 3.492398 0.130735
0.926 3.492449 0.129893
0.927 3.492448 0.129028
0.928 3.492383 0.128138
0.929 3.492318 0.127247
0.930 3.492253 0.126356
0.931 3.492154 0.125450
0.932 3.492054 0.124544
0.933 3.491955 0.123638
0.934 3.491856 0.122732
0.935 3.491757 0.121826
0.936 3.491659 0.120920
0.937 3.491560 0.120014
0.938 3.491456 0.119111
0.939 3.491351 0.118207
0.940 3.491246 0.117303
0.941 3.491092 0.116414
0.942 3.490869 0.115543
0.943 3.490646 0.114673
0.944 3.490422 0.113803
0.945 3.490170 0.112941
0.946 3.489912 0.112081
0.947 3.489654 0.111221
0.948 3.489396 0.110361
0.949 3.489139 0.109500
0.950 3.488882 0.108639
0.951 3.488625 0.107778
0.952 3.488367 0.106921
0.953 3.488108 0.106065
0.954 3.487850 0.105209
0.955 3.487591 0.104353
0.956 3.487287 0.103597
0.957 3.486980 0.102847
0.958 3.486673 0.102098
0.959 3.486363 0.101356
0.960 3.486042 0.100636
0.961 3.485721 0.099917
0.962 3.485401 0.099197
0.963 3.485080 0.098478
0.964 3.484760 0.097758
0.965 3.484440 0.097039
0.966 3.484120 0.096319
0.967 3.483802 0.095603
0.968 3.483485 0.094887
0.969 3.483168 0.094172
0.970 3.482852 0.093459
0.971 3.482597 0.092869
0.972 3.482341 0.092280
0.973 3.482086 0.091690
0.974 3.481835 0.091101
0.975 3.481598 0.090517
0.976 3.481360 0.089933
0.977 3.481123 0.089349
0.978 3.480886 0.088757
0.979 3.480650 0.088154
0.980 3.480413 0.087551
0.981 3.480176 0.086947
0.982 3.479943 0.086344
0.983 3.479714 0.085740
0.984 3.479485 0.085136
0.985 3.479256 0.084532
0.986 3.479219 0.083901
0.987 3.479298 0.083255
0.988 3.479376 0.082608
0.989 3.479455 0.081961
0.990 3.479595 0.081305
0.991 3.479761 0.080643
0.992 3.479927 0.079982
0.993 3.480093 0.079321
0.994 3.480259 0.078659
0.995 3.480426 0.077998
0.996 3.480592 0.077337
0.997 3.480758 0.076676
0.998 3.480926 0.076006
0.999 3.481094 0.075333
1.000 3.481263 0.074660
1.001 3.481431 0.073987
1.002 3.481688 0.072730
1.003 3.481978 0.071258
1.004 3.482268 0.069786
1.005 3.482557 0.068313
1.006 3.482872 0.066672
1.007 3.483200 0.064950
1.008 3.483527 0.063228
1.009 3.483854 0.061505
1.010 3.484182 0.059761
1.011 3.484513 0.058000
1.012 3.484843 0.056239
1.013 3.485173 0.054478
1.014 3.485505 0.052676
1.015 3.485838 0.050827
1.016 3.486171 0.048978
1.017 3.486505 0.047128
1.018 3.486356 0.045176
1.019 3.485167 0.043002
1.020 3.483978 0.040827
1.021 3.482789 0.038652
1.022 3.481599 0.036478
1.023 3.480410 0.034303
1.024 3.479173 0.032112
1.025 3.477750 0.029859
1.026 3.476326 0.027605
1.027 3.474903 0.025351
1.028 3.473479 0.023097
1.029 3.472055 0.020843
1.030 3.470630 0.018603
1.031 3.469130 0.017042
1.032 3.467630 0.015482
1.033 3.466129 0.013921
1.034 3.464629 0.012360
1.035 3.463129 0.010800
1.036 3.461628 0.009239
1.037 3.460046 0.008421
1.038 3.458438 0.007839
1.039 3.456829 0.007257
1.040 3.455221 0.006676
1.041 3.453613 0.006094
1.042 3.452004 0.005512
1.043 3.450411 0.004982
1.044 3.448840 0.004522
1.045 3.447268 0.004063
1.046 3.445696 0.003604
1.047 3.444124 0.003144
1.048 3.442552 0.002685
1.049 3.440983 0.002227
1.050 3.439911 0.002082
1.051 3.438840 0.001936
1.052 3.437768 0.001791
1.053 3.436696 0.001645
1.054 3.435624 0.001500
1.055 3.434552 0.001354
1.056 3.433514 0.001241
1.057 3.432509 0.001160
1.058 3.431503 0.001078
1.059 3.430497 0.000997
1.060 3.429491 0.000916
1.061 3.428485 0.000834
1.062 3.427480 0.000753
1.063 3.426591 0.000704
1.064 3.425710 0.000658
1.065 3.424830 0.000612
1.066 3.423949 0.000566
1.067 3.423068 0.000520
1.068 3.422188 0.000474
1.069 3.421341 0.000439
1.070 3.420581 0.000432
1.071 3.419821 0.000425
1.072 3.419062 0.000419
1.073 3.418302 0.000412
1.074 3.417542 0.000405
1.075 3.416783 0.000398
1.076 3.416033 0.000375
1.077 3.415291 0.000338
1.078 3.414549 0.000300
1.079 3.413808 0.000263
1.080 3.413066 0.000225
1.081 3.412325 0.000188
1.082 3.411583 0.000150
1.083 3.410915 0.000131
1.084 3.410278 0.000118
1.085 3.409641 0.000106
1.086 3.409004 0.000093
1.087 3.408367 0.000080
1.088 3.407730 0.000068
1.089 3.407093 0.000055
1.090 3.406464 0.000051
1.091 3.405837 0.000048
1.092 3.405210 0.000045
1.093 3.404583 0.000042
1.094 3.403957 0.000039
1.095 3.403330 0.000037
1.096 3.402703 0.000034
1.097 3.402123 0.000032
1.098 3.401555 0.000030
1.099 3.400987 0.000028
1.100 3.400419 0.000027
1.101 3.399851 0.000025
1.102 3.399283 0.000023
1.103 3.398716 0.000022
1.104 3.398175 0.000020
1.105 3.397646 0.000019
1.106 3.397117 0.000018
1.107 3.396588 0.000017
1.108 3.396059 0.000016
1.109 3.395530 0.000015
1.110 3.395001 0.000014
1.111 3.394478 0.000013
1.112 3.393962 0.000013
1.113 3.393445 0.000012
1.114 3.392929 0.000011
1.115 3.392413 0.000010
1.116 3.391897 0.000009
1.117 3.391380 0.000008
1.118 3.390874 0.000008
1.119 3.390404 0.000007
1.120 3.389934 0.000007
1.121 3.389464 0.000007
1.122 3.388994 0.000006
1.123 3.388524 0.000006
1.124 3.388053 0.000005
1.125 3.387583 0.000005
1.126 3.387116 0.000005
1.127 3.386649 0.000004
1.128 3.386182 0.000004
1.129 3.385715 0.000004
1.130 3.385248 0.000004
1.131 3.384781 0.000003
1.132 3.384314 0.000003
1.133 3.383861 0.000003
1.134 3.383432 0.000003
1.135 3.383003 0.000002
1.136 3.382574 0.000002
1.137 3.382145 0.000002
1.138 3.381716 0.000002
1.139 3.381287 0.000002
1.140 3.380858 0.000002
1.141 3.380442 0.000002
1.142 3.380030 0.000001
1.143 3.379618 0.000001
1.144 3.379206 0.000001
1.145 3.378794 0.000001
1.146 3.378382 0.000001
1.147 3.377970 0.000001
1.148 3.377559 0.000001
1.149 3.377159 0.000001
1.150 3.376760 0.000001
1.151 3.376360 0.000001
1.152 3.375960 0.000001
1.153 3.375561 0.000001
1.154 3.375161 0.000001
1.155 3.374762 0.000000
1.156 3.374373 0.000000
1.157 3.374004 0.000000
1.158 3.373636 0.000000
1.159 3.373268 0.000000
1.160 3.372899 0.000000
1.161 3.372531 0.000000
1.162 3.372163 0.000000
1.163 3.371794 0.000000
1.164 3.371427 0.000000
1.165 3.371060 0.000000
1.166 3.370694 0.000000
1.167 3.370327 0.000000
1.168 3.369961 0.000000
1.169 3.369594 0.000000
1.170 3.369227 0.000000
1.171 3.368861 0.000000
1.172 3.368506 0.000000
1.173 3.368166 0.000000
1.174 3.367825 0.000000
1.175 3.367485 0.000000
1.176 3.367144 0.000000
1.177 3.366804 0.000000
1.178 3.366463 0.000000
1.179 3.366123 0.000000
1.180 3.365785 0.000000
1.181 3.365452 0.000000
1.182 3.365119 0.000000
1.183 3.364785 0.000000
1.184 3.364452 0.000000
1.185 3.364119 0.000000
1.186 3.363786 0.000000
1.187 3.363453 0.000000
1.188 3.363121 0.000000
1.189 3.362799 0.000000
1.190 3.362476 0.000000
1.191 3.362154 0.000000
1.192 3.361832 0.000000
1.193 3.361510 0.000000
1.194 3.361188 0.000000
1.195 3.360865 0.000000
1.196 3.360543 0.000000
1.197 3.360237 0.000000
1.198 3.359934 0.000000
1.199 3.359631 0.000000
1.200 3.359328 0.000000
1.201 3.359026 0.000000
1.202 3.358723 0.000000
1.203 3.358420 0.000000
1.204 3.358118 0.000000
1.205 3.357815 0.000000
1.206 3.357513 0.000000
1.207 3.357212 0.000000
1.208 3.356910 0.000000
1.209 3.356608 0.000000
1.210 3.356306 0.000000
1.211 3.356004 0.000000
1.212 3.355702 0.000000
1.213 3.355400 0.000000
1.214 3.355115 0.000000
1.215 3.354836 0.000000
1.216 3.354556 0.000000
1.217 3.354276 0.000000
1.218 3.353996 0.000000
1.219 3.353716 0.000000
1.220 3.353436 0.000000
1.221 3.353156 0.000000
1.222 3.352876 0.000000
1.223 3.352599 0.000000
1.224 3.352322 0.000000
1.225 3.352046 0.000000
1.226 3.351769 0.000000
1.227 3.351492 0.000000
1.228 3.351215 0.000000
1.229 3.350938 0.000000
1.230 3.350661 0.000000
1.231 3.350388 0.000000
1.232 3.350124 0.000000
1.233 3.349859 0.000000
1.234 3.349595 0.000000
1.235 3.349331 0.000000
1.236 3.349067 0.000000
1.237 3.348802 0.000000
1.238 3.348538 0.000000
1.239 3.348274 0.000000
1.240 3.348014 0.000000
1.241 3.347766 0.000000
1.242 3.347518 0.000000
1.243 3.347269 0.000000
1.244 3.347021 0.000000
1.245 3.346772 0.000000
1.246 3.346524 0.000000
1.247 3.346276 0.000000
1.248 3.346027 0.000000
1.249 3.345779 0.000000
1.250 3.345532 0.000000
1.251 3.345285 0.000000
1.252 3.345038 0.000000
1.253 3.344791 0.000000
1.254 3.344544 0.000000
1.255 3.344297 0.000000
1.256 3.344050 0.000000
1.257 3.343804 0.000000
1.258 3.343557 0.000000
1.259 3.343325 0.000000
1.260 3.343093 0.000000
1.261 3.342862 0.000000
1.262 3.342630 0.000000
1.263 3.342398 0.000000
1.264 3.342167 0.000000
1.265 3.341935 0.000000
1.266 3.341703 0.000000
1.267 3.341472 0.000000
1.268 3.341241 0.000000
1.269 3.341011 0.000000
1.270 3.340780 0.000000
1.271 3.340550 0.000000
1.272 3.340320 0.000000
1.273 3.340090 0.000000
1.274 3.339860 0.000000
1.275 3.339629 0.000000
1.276 3.339399 0.000000
1.277 3.339171 0.000000
1.278 3.338949 0.000000
1.279 3.338728 0.000000
1.280 3.338507 0.000000
1.281 3.338286 0.000000
1.282 3.338065 0.000000
1.283 3.337843 0.000000
1.284 3.337622 0.000000
1.285 3.337401 0.000000
1.286 3.337180 0.000000
1.287 3.336963 0.000000
1.288 3.336750 0.000000
1.289 3.336537 0.000000
1.290 3.336324 0.000000
1.291 3.336111 0.000000
1.292 3.335897 0.000000
1.293 3.335684 0.000000
1.294 3.335471 0.000000
1.295 3.335258 0.000000
1.296 3.335045 0.000000
1.297 3.334834 0.000000
1.298 3.334623 0.000000
1.299 3.334412 0.000000
1.300 3.334201 0.000000
1.301 3.333990 0.000000
1.302 3.333779 0.000000
1.303 3.333568 0.000000
1.304 3.333357 0.000000
1.305 3.333146 0.000000
1.306 3.332935 0.000000
1.307 3.332735 0.000000
1.308 3.332537 0.000000
1.309 3.332340 0.000000
1.310 3.332142 0.000000
1.311 3.331944 0.000000
1.312 3.331747 0.000000
1.313 3.331549 0.000000
1.314 3.331351 0.000000
1.315 3.331154 0.000000
1.316 3.330956 0.000000
1.317 3.330759 0.000000
1.318 3.330562 0.000000
1.319 3.330365 0.000000
1.320 3.330168 0.000000
1.321 3.329972 0.000000
1.322 3.329775 0.000000
1.323 3.329578 0.000000
1.324 3.329381 0.000000
1.325 3.329184 0.000000
1.326 3.328987 0.000000
1.327 3.328797 0.000000
1.328 3.328612 0.000000
1.329 3.328428 0.000000
1.330 3.328243 0.000000
1.331 3.328059 0.000000
1.332 3.327874 0.000000
1.333 3.327690 0.000000
1.334 3.327505 0.000000
1.335 3.327320 0.000000
1.336 3.327136 0.000000
1.337 3.326952 0.000000
1.338 3.326775 0.000000
1.339 3.326599 0.000000
1.340 3.326422 0.000000
1.341 3.326245 0.000000
1.342 3.326069 0.000000
1.343 3.325892 0.000000
1.344 3.325715 0.000000
1.345 3.325538 0.000000
1.346 3.325362 0.000000
1.347 3.325185 0.000000
1.348 3.325009 0.000000
1.349 3.324835 0.000000
1.350 3.324660 0.000000
1.351 3.324486 0.000000
1.352 3.324311 0.000000
1.353 3.324136 0.000000
1.354 3.323962 0.000000
1.355 3.323787 0.000000
1.356 3.323612 0.000000
1.357 3.323438 0.000000
1.358 3.323263 0.000000
1.359 3.323095 0.000000
1.360 3.322928 0.000000
1.361 3.322762 0.000000
1.362 3.322595 0.000000
1.363 3.322429 0.000000
1.364 3.322262 0.000000
1.365 3.322096 0.000000
1.366 3.321929 0.000000
1.367 3.321763 0.000000
1.368 3.321596 0.000000
1.369 3.321430 0.000000
1.370 3.321263 0.000000
1.371 3.321097 0.000000
1.372 3.320931 0.000000
1.373 3.320764 0.000000
1.374 3.320598 0.000000
1.375 3.320432 0.000000
1.376 3.320265 0.000000
1.377 3.320099 0.000000
1.378 3.319933 0.000000
1.379 3.319766 0.000000
1.380 3.319600 0.000000
1.381 3.319442 0.000000
1.382 3.319286 0.000000
1.383 3.319129 0.000000
1.384 3.318973 0.000000
1.385 3.318817 0.000000
1.386 3.318661 0.000000
1.387 3.318505 0.000000
1.388 3.318348 0.000000
1.389 3.318192 0.000000
1.390 3.318036 0.000000
1.391 3.317880 0.000000
1.392 3.317726 0.000000
1.393 3.317574 0.000000
1.394 3.317422 0.000000
1.395 3.317270 0.000000
1.396 3.317118 0.000000
1.397 3.316967 0.000000
1.398 3.316815 0.000000
1.399 3.316663 0.000000
1.400 3.316511 0.000000
1.401 3.316359 0.000000
1.402 3.316207 0.000000
1.403 3.316056 0.000000
1.404 3.315908 0.000000
1.405 3.315759 0.000000
1.406 3.315611 0.000000
1.407 3.315463 0.000000
1.408 3.315315 0.000000
1.409 3.315166 0.000000
1.410 3.315018 0.000000
1.411 3.314870 0.000000
1.412 3.314722 0.000000
1.413 3.314573 0.000000
1.414 3.314425 0.000000
1.415 3.314281 0.000000
1.416 3.314142 0.000000
1.417 3.314003 0.000000
1.418 3.313864 0.000000
1.419 3.313725 0.000000
1.420 3.313586 0.000000
1.421 3.313447 0.000000
1.422 3.313308 0.000000
1.423 3.313170 0.000000
1.424 3.313031 0.000000
1.425 3.312892 0.000000
1.426 3.312753 0.000000
1.427 3.312614 0.000000
1.428 3.312476 0.000000
1.429 3.312337 0.000000
1.430 3.312198 0.000000
1.431 3.312060 0.000000
1.432 3.311921 0.000000
1.433 3.311783 0.000000
1.434 3.311644 0.000000
1.435 3.311506 0.000000
1.436 3.311367 0.000000
1.437 3.311229 0.000000
1.438 3.311090 0.000000
1.439 3.310956 0.000000
1.440 3.310824 0.000000
1.441 3.310693 0.000000
1.442 3.310562 0.000000
1.443 3.310431 0.000000
1.444 3.310299 0.000000
1.445 3.310168 0.000000
1.446 3.310037 0.000000
1.447 3.309905 0.000000
1.448 3.309774 0.000000
1.449 3.309643 0.000000
1.450 3.309512 0.000000
1.451 3.309381 0.000000
1.452 3.309252 0.000000
1.453 3.309122 0.000000
1.454 3.308993 0.000000
1.455 3.308864 0.000000
1.456 3.308735 0.000000
1.457 3.308605 0.000000
1.458 3.308476 0.000000
1.459 3.308347 0.000000
1.460 3.308217 0.000000
1.461 3.308088 0.000000
1.462 3.307959 0.000000
1.463 3.307830 0.000000
1.464 3.307704 0.000000
1.465 3.307579 0.000000
1.466 3.307454 0.000000
1.467 3.307329 0.000000
1.468 3.307204 0.000000
1.469 3.307079 0.000000
1.470 3.306954 0.000000
1.471 3.306829 0.000000
1.472 3.306704 0.000000
1.473 3.306579 0.000000
1.474 3.306454 0.000000
1.475 3.306329 0.000000
1.476 3.306205 0.000000
1.477 3.306088 0.000000
1.478 3.305970 0.000000
1.479 3.305853 0.000000
1.480 3.305736 0.000000
1.481 3.305618 0.000000
1.482 3.305501 0.000000
1.483 3.305383 0.000000
1.484 3.305266 0.000000
1.485 3.305149 0.000000
1.486 3.305031 0.000000
1.487 3.304914 0.000000
1.488 3.304796 0.000000
1.489 3.304679 0.000000
1.490 3.304562 0.000000
1.491 3.304445 0.000000
1.492 3.304328 0.000000
1.493 3.304211 0.000000
1.494 3.304093 0.000000
1.495 3.303976 0.000000
1.496 3.303859 0.000000
1.497 3.303742 0.000000
1.498 3.303625 0.000000
1.499 3.303508 0.000000
1.500 3.303391 0.000000
1.501 3.303274 0.000000
1.502 3.303158 0.000000
1.503 3.303048 0.000000
1.504 3.302938 0.000000
1.505 3.302828 0.000000
1.506 3.302718 0.000000
1.507 3.302608 0.000000
1.508 3.302498 0.000000
1.509 3.302389 0.000000
1.510 3.302279 0.000000
1.511 3.302169 0.000000
1.512 3.302059 0.000000
1.513 3.301949 0.000000
1.514 3.301839 0.000000
1.515 3.301729 0.000000
1.516 3.301620 0.000000
1.517 3.301511 0.000000
1.518 3.301402 0.000000
1.519 3.301293 0.000000
1.520 3.301184 0.000000
1.521 3.301075 0.000000
1.522 3.300966 0.000000
1.523 3.300858 0.000000
1.524 3.300749 0.000000
1.525 3.300640 0.000000
1.526 3.300531 0.000000
1.527 3.300422 0.000000
1.528 3.300313 0.000000
1.529 3.300205 0.000000
1.530 3.300100 0.000000
1.531 3.299994 0.000000
1.532 3.299889 0.000000
1.533 3.299783 0.000000
1.534 3.299678 0.000000
1.535 3.299572 0.000000
1.536 3.299467 0.000000
1.537 3.299361 0.000000
1.538 3.299256 0.000000
1.539 3.299150 0.000000
1.540 3.299045 0.000000
1.541 3.298939 0.000000
1.542 3.298834 0.000000
1.543 3.298730 0.000000
1.544 3.298629 0.000000
1.545 3.298528 0.000000
1.546 3.298426 0.000000
1.547 3.298325 0.000000
1.548 3.298224 0.000000
1.549 3.298123 0.000000
1.550 3.298022 0.000000
1.551 3.297920 0.000000
1.552 3.297819 0.000000
1.553 3.297718 0.000000
1.554 3.297617 0.000000
1.555 3.297515 0.000000
1.556 3.297414 0.000000
1.557 3.297313 0.000000
1.558 3.297212 0.000000
1.559 3.297112 0.000000
1.560 3.297011 0.000000
1.561 3.296910 0.000000
1.562 3.296809 0.000000
1.563 3.296709 0.000000
1.564 3.296608 0.000000
1.565 3.296507 0.000000
1.566 3.296406 0.000000
1.567 3.296305 0.000000
1.568 3.296205 0.000000
1.569 3.296104 0.000000
1.570 3.296003 0.000000
1.571 3.295903 0.000000
1.572 3.295808 0.000000
1.573 3.295714 0.000000
1.574 3.295620 0.000000
1.575 3.295526 0.000000
1.576 3.295431 0.000000
1.577 3.295337 0.000000
1.578 3.295243 0.000000
1.579 3.295149 0.000000
1.580 3.295055 0.000000
1.581 3.294960 0.000000
1.582 3.294866 0.000000
1.583 3.294772 0.000000
1.584 3.294678 0.000000
1.585 3.294584 0.000000
1.586 3.294490 0.000000
1.587 3.294396 0.000000
1.588 3.294302 0.000000
1.589 3.294209 0.000000
1.590 3.294115 0.000000
1.591 3.294021 0.000000
1.592 3.293927 0.000000
1.593 3.293834 0.000000
1.594 3.293740 0.000000
1.595 3.293646 0.000000
1.596 3.293553 0.000000
1.597 3.293459 0.000000
1.598 3.293365 0.000000
1.599 3.293272 0.000000
1.600 3.293178 0.000000
1.601 3.293087 0.000000
1.602 3.292999 0.000000
1.603 3.292910 0.000000
1.604 3.292822 0.000000
1.605 3.292734 0.000000
1.606 3.292645 0.000000
1.607 3.292557 0.000000
1.608 3.292469 0.000000
1.609 3.292380 0.000000
1.610 3.292292 0.000000
1.611 3.292203 0.000000
1.612 3.292115 0.000000
1.613 3.292027 0.000000
1.614 3.291938 0.000000
1.615 3.291850 0.000000
1.616 3.291763 0.000000
1.617 3.291680 0.000000
1.618 3.291596 0.000000
1.619 3.291512 0.000000
1.620 3.291429 0.000000
1.621 3.291345 0.000000
1.622 3.291261 0.000000
1.623 3.291178 0.000000
1.624 3.291094 0.000000
1.625 3.291010 0.000000
1.626 3.290927 0.000000
1.627 3.290843 0.000000
1.628 3.290760 0.000000
1.629 3.290676 0.000000
1.630 3.290592 0.000000
1.631 3.290509 0.000000
1.632 3.290425 0.000000
1.633 3.290342 0.000000
1.634 3.290259 0.000000
1.635 3.290176 0.000000
1.636 3.290093 0.000000
1.637 3.290010 0.000000
1.638 3.289927 0.000000
1.639 3.289843 0.000000
1.640 3.289760 0.000000
1.641 3.289677 0.000000
1.642 3.289594 0.000000
1.643 3.289511 0.000000
1.644 3.289428 0.000000
1.645 3.289345 0.000000
1.646 3.289261 0.000000
1.647 3.289179 0.000000
1.648 3.289099 0.000000
1.649 3.289019 0.000000
1.650 3.288939 0.000000
1.651 3.288859 0.000000
1.652 3.288779 0.000000
1.653 3.288699 0.000000
1.654 3.288619 0.000000
1.655 3.288539 0.000000
1.656 3.288459 0.000000
1.657 3.288379 0.000000
1.658 3.288299 0.000000
1.659 3.288219 0.000000
1.660 3.288139 0.000000
1.661 3.288059 0.000000
1.662 3.287979 0.000000
1.663 3.287899 0.000000
1.664 3.287819 0.000000
1.665 3.287739 0.000000
1.666 3.287659 0.000000
1.667 3.287579 0.000000
1.668 3.287500 0.000000
1.669 3.287420 0.000000
1.670 3.287340 0.000000
1.671 3.287260 0.000000
1.672 3.287180 0.000000
1.673 3.287100 0.000000
1.674 3.287020 0.000000
1.675 3.286940 0.000000
1.676 3.286860 0.000000
1.677 3.286781 0.000000
1.678 3.286701 0.000000
1.679 3.286621 0.000000
1.680 3.286545 0.000000
1.681 3.286470 0.000000
1.682 3.286396 0.000000
1.683 3.286322 0.000000
1.684 3.286247 0.000000
1.685 3.286173 0.000000
1.686 3.286098 0.000000
1.687 3.286024 0.000000
1.688 3.285950 0.000000
1.689 3.285875 0.000000
1.690 3.285801 0.000000
1.691 3.285726 0.000000
1.692 3.285652 0.000000
1.693 3.285578 0.000000
1.694 3.285503 0.000000
1.695 3.285429 0.000000
1.696 3.285355 0.000000
1.697 3.285283 0.000000
1.698 3.285212 0.000000
1.699 3.285142 0.000000
1.700 3.285071 0.000000
1.701 3.285000 0.000000
1.702 3.284929 0.000000
1.703 3.284858 0.000000
1.704 3.284787 0.000000
1.705 3.284716 0.000000
1.706 3.284645 0.000000
1.707 3.284574 0.000000
1.708 3.284503 0.000000
1.709 3.284432 0.000000
1.710 3.284361 0.000000
1.711 3.284290 0.000000
1.712 3.284219 0.000000
1.713 3.284148 0.000000
1.714 3.284078 0.000000
1.715 3.284008 0.000000
1.716 3.283938 0.000000
1.717 3.283868 0.000000
1.718 3.283798 0.000000
1.719 3.283728 0.000000
1.720 3.283658 0.000000
1.721 3.283588 0.000000
1.722 3.283518 0.000000
1.723 3.283448 0.000000
1.724 3.283378 0.000000
1.725 3.283309 0.000000
1.726 3.283239 0.000000
1.727 3.283169 0.000000
1.728 3.283099 0.000000
1.729 3.283029 0.000000
1.730 3.282959 0.000000
1.731 3.282891 0.000000
1.732 3.282826 0.000000
1.733 3.282760 0.000000
1.734 3.282694 0.000000
1.735 3.282629 0.000000
1.736 3.282563 0.000000
1.737 3.282497 0.000000
1.738 3.282431 0.000000
1.739 3.282366 0.000000
1.740 3.282300 0.000000
1.741 3.282234 0.000000
1.742 3.282169 0.000000
1.743 3.282103 0.000000
1.744 3.282037 0.000000
1.745 3.281972 0.000000
1.746 3.281906 0.000000
1.747 3.281840 0.000000
1.748 3.281774 0.000000
1.749 3.281709 0.000000
1.750 3.281643 0.000000
1.751 3.281578 0.000000
1.752 3.281512 0.000000
1.753 3.281446 0.000000
1.754 3.281381 0.000000
1.755 3.281315 0.000000
1.756 3.281249 0.000000
1.757 3.281184 0.000000
1.758 3.281118 0.000000
1.759 3.281052 0.000000
1.760 3.280987 0.000000
1.761 3.280921 0.000000
1.762 3.280856 0.000000
1.763 3.280790 0.000000
1.764 3.280724 0.000000
1.765 3.280659 0.000000
1.766 3.280593 0.000000
1.767 3.280530 0.000000
1.768 3.280468 0.000000
1.769 3.280407 0.000000
1.770 3.280345 0.000000
1.771 3.280283 0.000000
1.772 3.280221 0.000000
1.773 3.280160 0.000000
1.774 3.280098 0.000000
1.775 3.280036 0.000000
1.776 3.279974 0.000000
1.777 3.279913 0.000000
1.778 3.279851 0.000000
1.779 3.279789 0.000000
1.780 3.279728 0.000000
1.781 3.279666 0.000000
1.782 3.279604 0.000000
1.783 3.279542 0.000000
1.784 3.279481 0.000000
1.785 3.279419 0.000000
1.786 3.279359 0.000000
1.787 3.279299 0.000000
1.788 3.279239 0.000000
1.789 3.279179 0.000000
1.790 3.279119 0.000000
1.791 3.279059 0.000000
1.792 3.278998 0.000000
1.793 3.278938 0.000000
1.794 3.278878 0.000000
1.795 3.278818 0.000000
1.796 3.278758 0.000000
1.797 3.278698 0.000000
1.798 3.278638 0.000000
1.799 3.278578 0.000000
1.800 3.278518 0.000000
1.801 3.278457 0.000000
1.802 3.278397 0.000000
1.803 3.278337 0.000000
1.804 3.278278 0.000000
1.805 3.278219 0.000000
1.806 3.278160 0.000000
1.807 3.278101 0.000000
1.808 3.278043 0.000000
1.809 3.277984 0.000000
1.810 3.277925 0.000000
1.811 3.277867 0.000000
1.812 3.277808 0.000000
1.813 3.277749 0.000000
1.814 3.277691 0.000000
1.815 3.277632 0.000000
1.816 3.277573 0.000000
1.817 3.277514 0.000000
1.818 3.277456 0.000000
1.819 3.277397 0.000000
1.820 3.277338 0.000000
1.821 3.277280 0.000000
1.822 3.277221 0.000000
1.823 3.277162 0.000000
1.824 3.277107 0.000000
1.825 3.277053 0.000000
1.826 3.276998 0.000000
1.827 3.276943 0.000000
1.828 3.276888 0.000000
1.829 3.276833 0.000000
1.830 3.276778 0.000000
1.831 3.276723 0.000000
1.832 3.276668 0.000000
1.833 3.276613 0.000000
1.834 3.276558 0.000000
1.835 3.276503 0.000000
1.836 3.276448 0.000000
1.837 3.276393 0.000000
1.838 3.276338 0.000000
1.839 3.276283 0.000000
1.840 3.276229 0.000000
1.841 3.276174 0.000000
1.842 3.276119 0.000000
1.843 3.276064 0.000000
1.844 3.276009 0.000000
1.845 3.275954 0.000000
1.846 3.275899 0.000000
1.847 3.275844 0.000000
1.848 3.275790 0.000000
1.849 3.275735 0.000000
1.850 3.275680 0.000000
1.851 3.275625 0.000000
1.852 3.275570 0.000000
1.853 3.275515 0.000000
1.854 3.275460 0.000000
1.855 3.275406 0.000000
1.856 3.275351 0.000000
1.857 3.275296 0.000000
1.858 3.275241 0.000000
1.859 3.275186 0.000000
1.860 3.275131 0.000000
1.861 3.275077 0.000000
1.862 3.275022 0.000000
1.863 3.274968 0.000000
1.864 3.274917 0.000000
1.865 3.274866 0.000000
1.866 3.274815 0.000000
1.867 3.274764 0.000000
1.868 3.274713 0.000000
1.869 3.274662 0.000000
1.870 3.274611 0.000000
1.871 3.274560 0.000000
1.872 3.274509 0.000000
1.873 3.274458 0.000000
1.874 3.274407 0.000000
1.875 3.274356 0.000000
1.876 3.274305 0.000000
1.877 3.274254 0.000000
1.878 3.274203 0.000000
1.879 3.274152 0.000000
1.880 3.274101 0.000000
1.881 3.274050 0.000000
1.882 3.273999 0.000000
1.883 3.273948 0.000000
1.884 3.273898 0.000000
1.885 3.273848 0.000000
1.886 3.273798 0.000000
1.887 3.273748 0.000000
1.888 3.273698 0.000000
1.889 3.273648 0.000000
1.890 3.273598 0.000000
1.891 3.273548 0.000000
1.892 3.273498 0.000000
1.893 3.273448 0.000000
1.894 3.273398 0.000000
1.895 3.273348 0.000000
1.896 3.273298 0.000000
1.897 3.273248 0.000000
1.898 3.273198 0.000000
1.899 3.273148 0.000000
1.900 3.273098 0.000000
1.901 3.273048 0.000000
1.902 3.272999 0.000000
1.903 3.272949 0.000000
1.904 3.272899 0.000000
1.905 3.272850 0.000000
1.906 3.272801 0.000000
1.907 3.272753 0.000000
1.908 3.272704 0.000000
1.909 3.272656 0.000000
1.910 3.272608 0.000000
1.911 3.272559 0.000000
1.912 3.272511 0.000000
1.913 3.272462 0.000000
1.914 3.272414 0.000000
1.915 3.272365 0.000000
1.916 3.272317 0.000000
1.917 3.272269 0.000000
1.918 3.272220 0.000000
1.919 3.272172 0.000000
1.920 3.272123 0.000000
1.921 3.272075 0.000000
1.922 3.272027 0.000000
1.923 3.271978 0.000000
1.924 3.271930 0.000000
1.925 3.271881 0.000000
1.926 3.271833 0.000000
1.927 3.271788 0.000000
1.928 3.271742 0.000000
1.929 3.271697 0.000000
1.930 3.271651 0.000000
1.931 3.271605 0.000000
1.932 3.271560 0.000000
1.933 3.271514 0.000000
1.934 3.271469 0.000000
1.935 3.271423 0.000000
1.936 3.271378 0.000000
1.937 3.271332 0.000000
1.938 3.271287 0.000000
1.939 3.271241 0.000000
1.940 3.271196 0.000000
1.941 3.271150 0.000000
1.942 3.271104 0.000000
1.943 3.271059 0.000000
1.944 3.271013 0.000000
1.945 3.270968 0.000000
1.946 3.270922 0.000000
1.947 3.270877 0.000000
1.948 3.270831 0.000000
1.949 3.270786 0.000000
1.950 3.270740 0.000000