0.253 2.237933 3.338071
0.254 2.292949 3.345602
0.255 2.348003 3.354301
0.256 2.403190 3.360768
0.257 2.460858 3.367235
0.258 2.520181 3.373656
0.259 2.582441 3.378501
0.260 2.651071 3.381177
0.261 2.720404 3.379722
0.262 2.791941 3.370440
0.263 2.865984 3.357124
0.264 2.941536 3.334775
0.265 3.015566 3.306242
0.266 3.084429 3.269956
0.267 3.152477 3.228884
0.268 3.212816 3.180994
0.269 3.269918 3.129672
0.270 3.317044 3.075847
0.271 3.360817 3.018528
0.272 3.397417 2.961771
0.273 3.429331 2.905740
0.274 3.454661 2.849756
0.275 3.476455 2.793071
0.276 3.494992 2.741493
0.277 3.510667 2.689902
0.278 3.519817 2.638640
0.279 3.528603 2.590070
0.280 3.535684 2.545126
0.281 3.539035 2.499953
0.282 3.542259 2.458111
0.283 3.542395 2.417688
0.284 3.542242 2.377759
0.285 3.541681 2.340431
0.286 3.538117 2.305427
0.287 3.533759 2.269540
0.288 3.529273 2.237443
0.289 3.523131 2.205699
0.290 3.514646 2.176783
0.291 3.507924 2.147934
0.292 3.501794 2.121223
0.293 3.492344 2.093824
0.294 3.482514 2.070647
0.295 3.472585 2.048172
0.296 3.463422 2.026236
0.297 3.454083 2.007410
0.298 3.442280 1.988683
0.299 3.432647 1.972255
0.300 3.420977 1.954336
0.301 3.411965 1.938694
0.302 3.401221 1.924389
0.303 3.391652 1.911461
0.304 3.381115 1.898403
0.305 3.371696 1.888381
0.306 3.361605 1.878484
0.307 3.354638 1.869138
0.308 3.344518 1.859504
0.309 3.335641 1.850588
0.310 3.327193 1.841840
0.311 3.317734 1.836302
0.312 3.309742 1.829635
0.313 3.302550 1.824738
0.314 3.296886 1.818333
0.315 3.288483 1.813461
0.316 3.282055 1.809096
0.317 3.275645 1.805984
0.318 3.270185 1.800933
0.319 3.264606 1.799661
0.320 3.259111 1.796201
0.321 3.254346 1.794702
0.322 3.249108 1.792155
0.323 3.243570 1.791684
0.324 3.239888 1.789343
0.325 3.236615 1.787967
0.326 3.231082 1.788144
0.327 3.228947 1.788489
0.328 3.226876 1.789172
0.329 3.222812 1.787397
0.330 3.218975 1.786198
0.331 3.217425 1.786586
0.332 3.215718 1.787269
0.333 3.214257 1.788352
0.334 3.213003 1.789324
0.335 3.211863 1.790249
0.336 3.210530 1.790972
0.337 3.209657 1.792298
0.338 3.208476 1.793670
0.339 3.207557 1.797182
0.340 3.206678 1.800094
0.341 3.206171 1.801210
0.342 3.205643 1.802766
0.343 3.205810 1.804355
0.344 3.208660 1.805904
0.345 3.208393 1.810184
0.346 3.208178 1.813091
0.347 3.211374 1.814835
0.348 3.212157 1.816668
0.349 3.212091 1.819377
0.350 3.214072 1.824130
0.351 3.216247 1.826442
0.352 3.218787 1.828537
0.353 3.221116 1.833866
0.354 3.223584 1.837096
0.355 3.226337 1.838980
0.356 3.228885 1.843592
0.357 3.231821 1.848026
0.358 3.234078 1.850126
0.359 3.238623 1.855447
0.360 3.241807 1.859484
0.361 3.243865 1.862068
0.362 3.248506 1.867943
0.363 3.253026 1.871197
0.364 3.257287 1.875068
0.365 3.261580 1.880356
0.366 3.266649 1.884660
0.367 3.271356 1.890434
0.368 3.277973 1.894415
0.369 3.282791 1.900315
0.370 3.287672 1.904578
0.371 3.294525 1.910398
0.372 3.302548 1.916730
0.373 3.307602 1.921509
0.374 3.315232 1.927017
0.375 3.322625 1.933369
0.376 3.328607 1.939175
0.377 3.336781 1.945623
0.378 3.345994 1.952125
0.379 3.357518 1.958520
0.380 3.368385 1.965234
0.381 3.377532 1.971588
0.382 3.389850 1.977848
0.383 3.402742 1.984086
0.384 3.416971 1.990863
0.385 3.429467 1.995990
0.386 3.444781 1.999576
0.387 3.460792 2.003277
0.388 3.477006 2.004546
0.389 3.496437 2.005713
0.390 3.513590 2.004439
0.391 3.529575 2.002172
0.392 3.543408 1.999165
0.393 3.556683 1.994179
0.394 3.570221 1.990866
0.395 3.582585 1.986116
0.396 3.591371 1.981250
0.397 3.599597 1.977210
0.398 3.605706 1.974466
0.399 3.613390 1.970657
0.400 3.620780 1.971835
0.401 3.626932 1.972309
0.402 3.632990 1.975049
0.403 3.639528 1.980062
0.404 3.646476 1.985514
0.405 3.654638 1.992094
0.406 3.666453 2.001136
0.407 3.678180 2.009416
0.408 3.692428 2.020543
0.409 3.707511 2.031781
0.410 3.726608 2.040885
0.411 3.747747 2.049212
0.412 3.771252 2.059467
0.413 3.795498 2.068861
0.414 3.824274 2.076728
0.415 3.855421 2.082582
0.416 3.887185 2.086940
0.417 3.921545 2.087668
0.418 3.955196 2.086053
0.419 3.988811 2.082110
0.420 4.022354 2.076335
0.421 4.055707 2.069484
0.422 4.088884 2.060691
0.423 4.121680 2.050035
0.424 4.153954 2.038041
0.425 4.185675 2.024550
0.426 4.217142 2.008303
0.427 4.249727 1.991484
0.428 4.282244 1.973052
0.429 4.313794 1.952607
0.430 4.345049 1.928895
0.431 4.375260 1.902737
0.432 4.403667 1.874518
0.433 4.431247 1.844173
0.434 4.457885 1.811997
0.435 4.481185 1.777231
0.436 4.502614 1.741511
0.437 4.521654 1.704262
0.438 4.537966 1.665957
0.439 4.550286 1.627429
0.440 4.559247 1.588565
0.441 4.566860 1.549534
0.442 4.570275 1.511904
0.443 4.571315 1.475832
0.444 4.570762 1.440490
0.445 4.567630 1.406730
0.446 4.563744 1.375187
0.447 4.558172 1.343855
0.448 4.550681 1.313522
0.449 4.543351 1.284205
0.450 4.537797 1.256293
0.451 4.529850 1.231210
0.452 4.520661 1.206153
0.453 4.511527 1.182922
0.454 4.501958 1.161467
0.455 4.491298 1.140491
0.456 4.479663 1.120060
0.457 4.469395 1.100093
0.458 4.459796 1.082076
0.459 4.450056 1.065705
0.460 4.440790 1.048857
0.461 4.431162 1.033369
0.462 4.421793 1.017243
0.463 4.412344 1.002197
0.464 4.402829 0.987040
0.465 4.393611 0.974105
0.466 4.383977 0.961792
0.467 4.374867 0.948995
0.468 4.365372 0.936986
0.469 4.356163 0.925266
0.470 4.347884 0.913926
0.471 4.341047 0.903058
0.472 4.333278 0.892470
0.473 4.324543 0.882534
0.474 4.315176 0.872712
0.475 4.306452 0.862709
0.476 4.298440 0.853822
0.477 4.291758 0.844772
0.478 4.284400 0.836192
0.479 4.276190 0.827772
0.480 4.268411 0.819482
0.481 4.261823 0.811419
0.482 4.255016 0.803559
0.483 4.247264 0.795930
0.484 4.240959 0.788612
0.485 4.234616 0.781388
0.486 4.226715 0.774233
0.487 4.220240 0.767829
0.488 4.214635 0.760945
0.489 4.208233 0.754553
0.490 4.202824 0.747925
0.491 4.195837 0.741887
0.492 4.188992 0.735862
0.493 4.183428 0.729846
0.494 4.177645 0.723935
0.495 4.172591 0.718227
0.496 4.166964 0.712897
0.497 4.161618 0.707135
0.498 4.156141 0.701731
0.499 4.151010 0.696688
0.500 4.145628 0.691398
0.501 4.140552 0.686297
0.502 4.135833 0.681429
0.503 4.130064 0.676598
0.504 4.125379 0.671591
0.505 4.120162 0.666445
0.506 4.115523 0.661715
0.507 4.109578 0.657089
0.508 4.106372 0.653007
0.509 4.103085 0.648345
0.510 4.097913 0.643748
0.511 4.093153 0.639194
0.512 4.087973 0.635110
0.513 4.083599 0.630771
0.514 4.079025 0.626690
0.515 4.074606 0.622611
0.516 4.071139 0.618448
0.517 4.067098 0.614459
0.518 4.062813 0.610614
0.519 4.059208 0.606688
0.520 4.055628 0.602638
0.521 4.051674 0.598634
0.522 4.047500 0.594929
0.523 4.044372 0.591335
0.524 4.040592 0.587788
0.525 4.036163 0.584252
0.526 4.031682 0.580712
0.527 4.027620 0.577201
0.528 4.024251 0.573724
0.529 4.020936 0.570265
0.530 4.017172 0.566811
0.531 4.013427 0.563365
0.532 4.010418 0.559946
0.533 4.006853 0.556565
0.534 4.002970 0.553191
0.535 4.000130 0.550131
0.536 3.997741 0.547009
0.537 3.994730 0.543750
0.538 3.990888 0.540571
0.539 3.987195 0.537654
0.540 3.984655 0.534452
0.541 3.980866 0.531456
0.542 3.977083 0.528458
0.543 3.974076 0.525414
0.544 3.971159 0.522421
0.545 3.967560 0.519584
0.546 3.963730 0.516892
0.547 3.962142 0.513972
0.548 3.959813 0.511060
0.549 3.956454 0.508300
0.550 3.952857 0.505600
0.551 3.950025 0.502884
0.552 3.948398 0.500400
0.553 3.945848 0.497623
0.554 3.941979 0.494765
0.555 3.938517 0.492128
0.556 3.936195 0.489661
0.557 3.934249 0.486851
0.558 3.929700 0.484501
0.559 3.926843 0.482169
0.560 3.924769 0.479623
0.561 3.922682 0.476936
0.562 3.919943 0.474656
0.563 3.916380 0.472215
0.564 3.913979 0.469682
0.565 3.912058 0.467228
0.566 3.909786 0.464977
0.567 3.906502 0.462750
0.568 3.903539 0.460527
0.569 3.901172 0.458083
0.570 3.899289 0.455496
0.571 3.897240 0.453274
0.572 3.893173 0.451088
0.573 3.890413 0.448910
0.574 3.888884 0.446734
0.575 3.887284 0.444558
0.576 3.885531 0.442397
0.577 3.883351 0.440252
0.578 3.880702 0.438118
0.579 3.877516 0.435988
0.580 3.875519 0.433858
0.581 3.873881 0.431737
0.582 3.872069 0.429676
0.583 3.868426 0.427900
0.584 3.865864 0.425979
0.585 3.863824 0.423966
0.586 3.862099 0.421878
0.587 3.859887 0.419804
0.588 3.856947 0.417742
0.589 3.854047 0.415688
0.590 3.852396 0.413638
0.591 3.851118 0.411959
0.592 3.849774 0.410153
0.593 3.848208 0.408116
0.594 3.844807 0.406096
0.595 3.842190 0.404235
0.596 3.840218 0.402460
0.597 3.838905 0.400618
0.598 3.836832 0.398973
0.599 3.834251 0.397268
0.600 3.831101 0.395282
0.601 3.829572 0.393663
0.602 3.828349 0.391960
0.603 3.827196 0.390050
0.604 3.825302 0.388408
0.605 3.822816 0.386755
0.606 3.819724 0.385074
0.607 3.818229 0.383260
0.608 3.816881 0.381585
0.609 3.815658 0.380043
0.610 3.814070 0.378499
0.611 3.811768 0.376758
0.612 3.808845 0.374848
0.613 3.807158 0.373328
0.614 3.805694 0.371808
0.615 3.804449 0.370286
0.616 3.802176 0.368771
0.617 3.799788 0.367261
0.618 3.797281 0.365756
0.619 3.796054 0.363889
0.620 3.794936 0.362245
0.621 3.793815 0.361020
0.622 3.792152 0.359523
0.623 3.790067 0.357972
0.624 3.787132 0.356432
0.625 3.785527 0.354895
0.626 3.784497 0.353399
0.627 3.783465 0.352173
0.628 3.782162 0.350807
0.629 3.780626 0.349322
0.630 3.777534 0.347854
0.631 3.775113 0.346382
0.632 3.774097 0.344901
0.633 3.773085 0.343424
0.634 3.771998 0.341988
0.635 3.770380 0.340824
0.636 3.768257 0.339501
0.637 3.765635 0.338021
0.638 3.764358 0.336630
0.639 3.763203 0.335294
0.640 3.761788 0.334096
0.641 3.759647 0.332742
0.642 3.756983 0.331276
0.643 3.755551 0.329922
0.644 3.754382 0.328617
0.645 3.753682 0.327424
0.646 3.752523 0.326140
0.647 3.751036 0.324790
0.648 3.748640 0.323598
0.649 3.746391 0.322384
0.650 3.745093 0.321022
0.651 3.744136 0.319776
0.652 3.743514 0.318643
0.653 3.742130 0.317297
0.654 3.740462 0.315920
0.655 3.737747 0.314837
0.656 3.735778 0.313764
0.657 3.735205 0.312710
0.658 3.734469 0.311611
0.659 3.733630 0.310483
0.660 3.732352 0.309186
0.661 3.730844 0.307893
0.662 3.728020 0.306846
0.663 3.725993 0.305801
0.664 3.725492 0.304761
0.665 3.724800 0.303573
0.666 3.723962 0.302273
0.667 3.722626 0.301116
0.668 3.721152 0.299999
0.669 3.718893 0.298964
0.670 3.716903 0.297932
0.671 3.716131 0.296905
0.672 3.715281 0.295755
0.673 3.714302 0.294395
0.674 3.712877 0.293220
0.675 3.711085 0.292196
0.676 3.709414 0.291174
0.677 3.707791 0.290153
0.678 3.706897 0.289201
0.679 3.706106 0.288263
0.680 3.705186 0.287505
0.681 3.704069 0.286708
0.682 3.701889 0.285694
0.683 3.699996 0.284681
0.684 3.698832 0.283671
0.685 3.697964 0.282663
0.686 3.697545 0.281658
0.687 3.696642 0.280654
0.688 3.695265 0.279651
0.689 3.693317 0.278648
0.690 3.690987 0.277644
0.691 3.689970 0.276643
0.692 3.689561 0.275642
0.693 3.688755 0.274646
0.694 3.687821 0.273650
0.695 3.686443 0.272914
0.696 3.684967 0.272235
0.697 3.683390 0.271281
0.698 3.681798 0.270287
0.699 3.681061 0.269295
0.700 3.680406 0.268303
0.701 3.679433 0.267401
0.702 3.678440 0.266504
0.703 3.676533 0.265731
0.704 3.674590 0.264963
0.705 3.673826 0.263984
0.706 3.673098 0.262999
0.707 3.672481 0.262309
0.708 3.671869 0.261629
0.709 3.670535 0.260700
0.710 3.669165 0.259758
0.711 3.667456 0.259026
0.712 3.665719 0.258311
0.713 3.664950 0.257362
0.714 3.664304 0.256384
0.715 3.663419 0.255655
0.716 3.662486 0.254975
0.717 3.660827 0.254298
0.718 3.658957 0.253620
0.719 3.657847 0.252737
0.720 3.657062 0.251766
0.721 3.656456 0.250973
0.722 3.655961 0.250293
0.723 3.655034 0.249613
0.724 3.653703 0.248933
0.725 3.652298 0.248202
0.726 3.650787 0.247396
0.727 3.649536 0.246595
0.728 3.648944 0.245810
0.729 3.648288 0.245033
0.730 3.647269 0.244298
0.731 3.646250 0.243564
0.732 3.644391 0.242882
0.733 3.642532 0.242201
0.734 3.641992 0.241521
0.735 3.641701 0.240841
0.736 3.641227 0.240160
0.737 3.640660 0.239479
0.738 3.639936 0.238798
0.739 3.639040 0.238115
0.740 3.637916 0.237458
0.741 3.636212 0.236866
0.742 3.634595 0.236280
0.743 3.634140 0.235782
0.744 3.633685 0.235284
0.745 3.632959 0.234629
0.746 3.632185 0.233946
0.747 3.631093 0.233262
0.748 3.629796 0.232577
0.749 3.628544 0.231891
0.750 3.627374 0.231205
0.751 3.626283 0.230526
0.752 3.626025 0.229918
0.753 3.625767 0.229310
0.754 3.624780 0.228794
0.755 3.623618 0.228299
0.756 3.622295 0.227706
0.757 3.620820 0.227019
0.758 3.619542 0.226379
0.759 3.619029 0.225925
0.760 3.618516 0.225470
0.761 3.618063 0.224836
0.762 3.617619 0.224177
0.763 3.616913 0.223605
0.764 3.615992 0.223104
0.765 3.614975 0.222580
0.766 3.613564 0.221961
0.767 3.612153 0.221342
0.768 3.611590 0.220876
0.769 3.611199 0.220442
0.770 3.610772 0.220006
0.771 3.610302 0.219571
0.772 3.609787 0.219129
0.773 3.608554 0.218597
0.774 3.607321 0.218066
0.775 3.606198 0.217597
0.776 3.605134 0.217162
0.777 3.604260 0.216728
0.778 3.604048 0.216296
0.779 3.603836 0.215865
0.780 3.603126 0.215282
0.781 3.602277 0.214658
0.782 3.601281 0.214092
0.783 3.599982 0.213644
0.784 3.598682 0.213196
0.785 3.597900 0.212744
0.786 3.597205 0.212292
0.787 3.596693 0.211852
0.788 3.596493 0.211431
0.789 3.596293 0.211011
0.790 3.595826 0.210530
0.791 3.595318 0.210040
0.792 3.594654 0.209517
0.793 3.593697 0.208934
0.794 3.592740 0.208351
0.795 3.591979 0.207907
0.796 3.591261 0.207495
0.797 3.590603 0.207082
0.798 3.590107 0.206672
0.799 3.589611 0.206261
0.800 3.589008 0.205989
0.801 3.588359 0.205777
0.802 3.587737 0.205535
0.803 3.587330 0.205064
0.804 3.586922 0.204594
0.805 3.586424 0.204122
0.806 3.585841 0.203648
0.807 3.585258 0.203174
0.808 3.584786 0.202697
0.809 3.584327 0.202220
0.810 3.583885 0.201709
0.811 3.583490 0.201100
0.812 3.583094 0.200492
0.813 3.582587 0.200014
0.814 3.582009 0.199619
0.815 3.581431 0.199224
0.816 3.580989 0.198831
0.817 3.580556 0.198437
0.818 3.580135 0.198045
0.819 3.579749 0.197654
0.820 3.579363 0.197262
0.821 3.578971 0.196862
0.822 3.578574 0.196454
0.823 3.578177 0.196046
0.824 3.577713 0.195673
0.825 3.577235 0.195307
0.826 3.576757 0.194939
0.827 3.576292 0.194539
0.828 3.575826 0.194139
0.829 3.575393 0.193677
0.830 3.575028 0.193091
0.831 3.574663 0.192504
0.832 3.574304 0.191910
0.833 3.573952 0.191312
0.834 3.573599 0.190713
0.835 3.573251 0.190281
0.836 3.572903 0.189903
0.837 3.572556 0.189526
0.838 3.572138 0.188946
0.839 3.571715 0.188354
0.840 3.571287 0.187785
0.841 3.570807 0.187410
0.842 3.570327 0.187036
0.843 3.569883 0.186662
0.844 3.569546 0.186290
0.845 3.569209 0.185919
0.846 3.568874 0.185519
0.847 3.568540 0.185072
0.848 3.568207 0.184626
0.849 3.567875 0.184152
0.850 3.567544 0.183650
0.851 3.567212 0.183147
0.852 3.566882 0.182622
0.853 3.566554 0.182080
0.854 3.566225 0.181538
0.855 3.565900 0.180957
0.856 3.565577 0.180353
0.857 3.565255 0.179749
0.858 3.564872 0.179170
0.859 3.564463 0.178603
0.860 3.564053 0.178036
0.861 3.563627 0.177618
0.862 3.563194 0.177258
0.863 3.562761 0.176898
0.864 3.562415 0.176539
0.865 3.562101 0.176181
0.866 3.561787 0.175823
0.867 3.561482 0.175323
0.868 3.561180 0.174765
0.869 3.560878 0.174207
0.870 3.560579 0.173786
0.871 3.560283 0.173431
0.872 3.559987 0.173076
0.873 3.559695 0.172599
0.874 3.559406 0.172047
0.875 3.559117 0.171495
0.876 3.558826 0.170948
0.877 3.558534 0.170406
0.878 3.558241 0.169864
0.879 3.557950 0.169403
0.880 3.557660 0.169047
0.881 3.557370 0.168690
0.882 3.557083 0.168332
0.883 3.556802 0.167972
0.884 3.556521 0.167612
0.885 3.556241 0.167224
0.886 3.555962 0.166696
0.887 3.555684 0.166168
0.888 3.555406 0.165640
0.889 3.555129 0.165240
0.890 3.554853 0.164839
0.891 3.554577 0.164438
0.892 3.554306 0.163975
0.893 3.554035 0.163497
0.894 3.553765 0.163020
0.895 3.553496 0.162624
0.896 3.553228 0.162284
0.897 3.552960 0.161943
0.898 3.552693 0.161603
0.899 3.552427 0.161263
0.900 3.552161 0.160924
0.901 3.551895 0.160585
0.902 3.551633 0.160247
0.903 3.551370 0.159909
0.904 3.551108 0.159571
0.905 3.550937 0.159234
0.906 3.550787 0.158897
0.907 3.550636 0.158560
0.908 3.550482 0.158224
0.909 3.550325 0.157888
0.910 3.550168 0.157553
0.911 3.549995 0.157217
0.912 3.549753 0.156883
0.913 3.549511 0.156549
0.914 3.549269 0.156215
0.915 3.549029 0.155882
0.916 3.548789 0.155549
0.917 3.548550 0.155217
0.918 3.548312 0.154885
0.919 3.548077 0.154554
0.920 3.547842 0.154223
0.921 3.547608 0.153895
0.922 3.547375 0.153645
0.923 3.547143 0.153396
0.924 3.546911 0.153146
0.925 3.546680 0.152801
0.926 3.546449 0.152394
0.927 3.546218 0.151986
0.928 3.545997 0.151617
0.929 3.545831 0.151466
0.930 3.545664 0.151315
0.931 3.545498 0.151165
0.932 3.545375 0.150897
0.933 3.545274 0.150572
0.934 3.545173 0.150246
0.935 3.545055 0.149921
0.936 3.544845 0.149596
0.937 3.544636 0.149272
0.938 3.544426 0.148947
0.939 3.544217 0.148624
0.940 3.544009 0.148301
0.941 3.543801 0.147978
0.942 3.543593 0.147652
0.943 3.543388 0.147274
0.944 3.543183 0.146896
0.945 3.542978 0.146518
0.946 3.542779 0.146113
0.947 3.542585 0.145678
0.948 3.542392 0.145242
0.949 3.542199 0.144806
0.950 3.542153 0.144610
0.951 3.542132 0.144457
0.952 3.542112 0.144304
0.953 3.542053 0.144107
0.954 3.541844 0.143742
0.955 3.541635 0.143378
0.956 3.541426 0.143013
0.957 3.541275 0.142674
0.958 3.541176 0.142357
0.959 3.541077 0.142040
0.960 3.540978 0.141724
0.961 3.540874 0.141403
0.962 3.540770 0.141083
0.963 3.540666 0.140762
0.964 3.540557 0.140441
0.965 3.540396 0.140118
0.966 3.540235 0.139795
0.967 3.540074 0.139472
0.968 3.539920 0.139149
0.969 3.539780 0.138827
0.970 3.539640 0.138505
0.971 3.539500 0.138182
0.972 3.539395 0.137859
0.973 3.539318 0.137534
0.974 3.539241 0.137210
0.975 3.539164 0.136885
0.976 3.539101 0.136552
0.977 3.539044 0.136216
0.978 3.538986 0.135880
0.979 3.538929 0.135544
0.980 3.538876 0.135204
0.981 3.538825 0.134864
0.982 3.538773 0.134523
0.983 3.538721 0.134183
0.984 3.538700 0.133874
0.985 3.538679 0.133564
0.986 3.538658 0.133255
0.987 3.538642 0.132950
0.988 3.538674 0.132689
0.989 3.538705 0.132427
0.990 3.538737 0.132166
0.991 3.538771 0.131896
0.992 3.538816 0.131571
0.993 3.538860 0.131247
0.994 3.538904 0.130922
0.995 3.538949 0.130589
0.996 3.538998 0.130214
0.997 3.539047 0.129839
0.998 3.539095 0.129464
0.999 3.539144 0.129089
1.000 3.539192 0.128714
1.001 3.539241 0.128339
1.002 3.539290 0.127964
1.003 3.539338 0.127589
1.004 3.539387 0.127211
1.005 3.539436 0.126833
1.006 3.539485 0.126454
1.007 3.539534 0.126074
1.008 3.539585 0.125657
1.009 3.539636 0.125240
1.010 3.539686 0.124823
1.011 3.539737 0.124406
1.012 3.539789 0.123979
1.013 3.539840 0.123551
1.014 3.539892 0.123124
1.015 3.539943 0.122696
1.016 3.539995 0.122268
1.017 3.540046 0.121839
1.018 3.540098 0.121411
1.019 3.540149 0.120982
1.020 3.540200 0.120552
1.021 3.540250 0.120121
1.022 3.540299 0.119689
1.023 3.540349 0.119258
1.024 3.540391 0.118809
1.025 3.540422 0.118338
1.026 3.540453 0.117866
1.027 3.540484 0.117395
1.028 3.540513 0.116921
1.029 3.540538 0.116437
1.030 3.540563 0.115953
1.031 3.540588 0.115470
1.032 3.540613 0.114986
1.033 3.540639 0.114503
1.034 3.540664 0.114019
1.035 3.540689 0.113536
1.036 3.540714 0.113053
1.037 3.540738 0.112568
1.038 3.540760 0.112083
1.039 3.540782 0.111598
1.040 3.540803 0.111113
1.041 3.540812 0.110623
1.042 3.540784 0.110118
1.043 3.540757 0.109613
1.044 3.540729 0.109108
1.045 3.540701 0.108603
1.046 3.540661 0.108092
1.047 3.540619 0.107580
1.048 3.540576 0.107069
1.049 3.540534 0.106557
1.050 3.540492 0.106045
1.051 3.540450 0.105534
1.052 3.540408 0.105023
1.053 3.540366 0.104512
1.054 3.540325 0.104000
1.055 3.540280 0.103491
1.056 3.540236 0.102981
1.057 3.540191 0.102471
1.058 3.540147 0.101961
1.059 3.540077 0.101458
1.060 3.539982 0.100962
1.061 3.539888 0.100466
1.062 3.539793 0.099970
1.063 3.539698 0.099474
1.064 3.539590 0.098982
1.065 3.539480 0.098491
1.066 3.539371 0.098000
1.067 3.539262 0.097509
1.068 3.539153 0.097018
1.069 3.539044 0.096526
1.070 3.538935 0.096035
1.071 3.538827 0.095543
1.072 3.538718 0.095052
1.073 3.538609 0.094562
1.074 3.538499 0.094072
1.075 3.538390 0.093583
1.076 3.538281 0.093094
1.077 3.538169 0.092610
1.078 3.538040 0.092166
1.079 3.537910 0.091722
1.080 3.537780 0.091278
1.081 3.537651 0.090834
1.082 3.537519 0.090396
1.083 3.537384 0.089964
1.084 3.537248 0.089533
1.085 3.537113 0.089101
1.086 3.536978 0.088670
1.087 3.536843 0.088238
1.088 3.536708 0.087807
1.089 3.536573 0.087375
1.090 3.536438 0.086944
1.091 3.536304 0.086512
1.092 3.536170 0.086083
1.093 3.536036 0.085654
1.094 3.535903 0.085225
1.095 3.535769 0.084796
1.096 3.535638 0.084372
1.097 3.535531 0.083995
1.098 3.535424 0.083618
1.099 3.535316 0.083241
1.100 3.535209 0.082865
1.101 3.535104 0.082479
1.102 3.535004 0.082065
1.103 3.534904 0.081651
1.104 3.534805 0.081237
1.105 3.534705 0.080823
1.106 3.534606 0.080399
1.107 3.534506 0.079952
1.108 3.534407 0.079506
1.109 3.534308 0.079060
1.110 3.534208 0.078614
1.111 3.534110 0.078167
1.112 3.534014 0.077720
1.113 3.533918 0.077273
1.114 3.533822 0.076826
1.115 3.533726 0.076379
1.116 3.533679 0.075907
1.117 3.533712 0.075395
1.118 3.533745 0.074883
1.119 3.533778 0.074370
1.120 3.533811 0.073858
1.121 3.533856 0.073338
1.122 3.533926 0.072802
1.123 3.533995 0.072267
1.124 3.534065 0.071731
1.125 3.534134 0.071196
1.126 3.534204 0.070660
1.127 3.534273 0.070125
1.128 3.534343 0.069589
1.129 3.534412 0.069054
1.130 3.534482 0.068518
1.131 3.534551 0.067982
1.132 3.534622 0.067440
1.133 3.534692 0.066899
1.134 3.534762 0.066358
1.135 3.534832 0.065816
1.136 3.534903 0.065275
1.137 3.535021 0.064384
1.138 3.535141 0.063474
1.139 3.535262 0.062563
1.140 3.535383 0.061652
1.141 3.535504 0.060741
1.142 3.535636 0.059726
1.143 3.535772 0.058669
1.144 3.535908 0.057613
1.145 3.536044 0.056556
1.146 3.536181 0.055499
1.147 3.536317 0.054413
1.148 3.536455 0.053288
1.149 3.536592 0.052164
1.150 3.536729 0.051040
1.151 3.536867 0.049915
1.152 3.537004 0.048772
1.153 3.537143 0.047496
1.154 3.537281 0.046219
1.155 3.537420 0.044942
1.156 3.537558 0.043666
1.157 3.537697 0.042389
1.158 3.537300 0.040873
1.159 3.536722 0.039275
1.160 3.536144 0.037678
1.161 3.535566 0.036081
1.162 3.534989 0.034484
1.163 3.534411 0.032887
1.164 3.533833 0.031289
1.165 3.533143 0.029594
1.166 3.532451 0.027897
1.167 3.531759 0.026200
1.168 3.531067 0.024503
1.169 3.530375 0.022807
1.170 3.529684 0.021110
1.171 3.528986 0.019473
1.172 3.528257 0.018190
1.173 3.527527 0.016906
1.174 3.526798 0.015622
1.175 3.526069 0.014339
1.176 3.525339 0.013055
1.177 3.524610 0.011772
1.178 3.523869 0.010642
1.179 3.523086 0.010043
1.180 3.522304 0.009445
1.181 3.521522 0.008846
1.182 3.520740 0.008248
1.183 3.519958 0.007649
1.184 3.519175 0.007051
1.185 3.518397 0.006491
1.186 3.517632 0.006070
1.187 3.516868 0.005649
1.188 3.516103 0.005228
1.189 3.515338 0.004807
1.190 3.514573 0.004387
1.191 3.513809 0.003966
1.192 3.513076 0.003574
1.193 3.512555 0.003372
1.194 3.512033 0.003171
1.195 3.511511 0.002969
1.196 3.510990 0.002768
1.197 3.510468 0.002566
1.198 3.509947 0.002365
1.199 3.509425 0.002163
1.200 3.508934 0.002031
1.201 3.508444 0.001902
1.202 3.507955 0.001773
1.203 3.507465 0.001643
1.204 3.506975 0.001514
1.205 3.506486 0.001385
1.206 3.505996 0.001255
1.207 3.505549 0.001167
1.208 3.505120 0.001097
1.209 3.504691 0.001027
1.210 3.504262 0.000956
1.211 3.503834 0.000886
1.212 3.503405 0.000815
1.213 3.502976 0.000745
1.214 3.502568 0.000698
1.215 3.502197 0.000695
1.216 3.501827 0.000692
1.217 3.501457 0.000688
1.218 3.501087 0.000685
1.219 3.500717 0.000682
1.220 3.500347 0.000678
1.221 3.499977 0.000675
1.222 3.499615 0.000615
1.223 3.499253 0.000550
1.224 3.498892 0.000485
1.225 3.498530 0.000419
1.226 3.498169 0.000354
1.227 3.497808 0.000289
1.228 3.497446 0.000224
1.229 3.497104 0.000175
1.230 3.496794 0.000155
1.231 3.496483 0.000135
1.232 3.496172 0.000115
1.233 3.495862 0.000094
1.234 3.495551 0.000074
1.235 3.495241 0.000054
1.236 3.494930 0.000033
1.237 3.494623 0.000027
1.238 3.494317 0.000026
1.239 3.494012 0.000025
1.240 3.493706 0.000023
1.241 3.493400 0.000022
1.242 3.493095 0.000021
1.243 3.492789 0.000019
1.244 3.492484 0.000018
1.245 3.492207 0.000017
1.246 3.491930 0.000016
1.247 3.491653 0.000015
1.248 3.491376 0.000014
1.249 3.491099 0.000014
1.250 3.490822 0.000013
1.251 3.490545 0.000012
1.252 3.490272 0.000011
1.253 3.490014 0.000011
1.254 3.489756 0.000010
1.255 3.489498 0.000010
1.256 3.489239 0.000009
1.257 3.488981 0.000009
1.258 3.488723 0.000008
1.259 3.488465 0.000008
1.260 3.488208 0.000007
1.261 3.487956 0.000007
1.262 3.487704 0.000007
1.263 3.487452 0.000006
1.264 3.487200 0.000006
1.265 3.486948 0.000005
1.266 3.486696 0.000005
1.267 3.486444 0.000004
1.268 3.486198 0.000004
1.269 3.485969 0.000004
1.270 3.485739 0.000004
1.271 3.485509 0.000004
1.272 3.485280 0.000003
1.273 3.485050 0.000003
1.274 3.484820 0.000003
1.275 3.484591 0.000003
1.276 3.484361 0.000003
1.277 3.484133 0.000003
1.278 3.483905 0.000002
1.279 3.483677 0.000002
1.280 3.483449 0.000002
1.281 3.483220 0.000002
1.282 3.482992 0.000002
1.283 3.482764 0.000002
1.284 3.482536 0.000001
1.285 3.482325 0.000001
1.286 3.482115 0.000001
1.287 3.481906 0.000001
1.288 3.481696 0.000001
1.289 3.481486 0.000001
1.290 3.481277 0.000001
1.291 3.481067 0.000001
1.292 3.480857 0.000001
1.293 3.480653 0.000001
1.294 3.480451 0.000001
1.295 3.480250 0.000001
1.296 3.480048 0.000001
1.297 3.479846 0.000001
1.298 3.479645 0.000001
1.299 3.479443 0.000001
1.300 3.479242 0.000001
1.301 3.479041 0.000001
1.302 3.478846 0.000000
1.303 3.478650 0.000000
1.304 3.478455 0.000000
1.305 3.478259 0.000000
1.306 3.478064 0.000000
1.307 3.477868 0.000000
1.308 3.477673 0.000000
1.309 3.477477 0.000000
1.310 3.477292 0.000000
1.311 3.477111 0.000000
1.312 3.476931 0.000000
1.313 3.476751 0.000000
1.314 3.476571 0.000000
1.315 3.476390 0.000000
1.316 3.476210 0.000000
1.317 3.476030 0.000000
1.318 3.475849 0.000000
1.319 3.475670 0.000000
1.320 3.475490 0.000000
1.321 3.475311 0.000000
1.322 3.475131 0.000000
1.323 3.474952 0.000000
1.324 3.474772 0.000000
1.325 3.474593 0.000000
1.326 3.474413 0.000000
1.327 3.474237 0.000000
1.328 3.474070 0.000000
1.329 3.473903 0.000000
1.330 3.473736 0.000000
1.331 3.473569 0.000000
1.332 3.473403 0.000000
1.333 3.473236 0.000000
1.334 3.473069 0.000000
1.335 3.472902 0.000000
1.336 3.472737 0.000000
1.337 3.472573 0.000000
1.338 3.472410 0.000000
1.339 3.472247 0.000000
1.340 3.472083 0.000000
1.341 3.471920 0.000000
1.342 3.471757 0.000000
1.343 3.471594 0.000000
1.344 3.471430 0.000000
1.345 3.471268 0.000000
1.346 3.471111 0.000000
1.347 3.470953 0.000000
1.348 3.470795 0.000000
1.349 3.470637 0.000000
1.350 3.470479 0.000000
1.351 3.470321 0.000000
1.352 3.470163 0.000000
1.353 3.470005 0.000000
1.354 3.469848 0.000000
1.355 3.469700 0.000000
1.356 3.469551 0.000000
1.357 3.469403 0.000000
1.358 3.469254 0.000000
1.359 3.469106 0.000000
1.360 3.468957 0.000000
1.361 3.468809 0.000000
1.362 3.468660 0.000000
1.363 3.468512 0.000000
1.364 3.468364 0.000000
1.365 3.468216 0.000000
1.366 3.468068 0.000000
1.367 3.467919 0.000000
1.368 3.467771 0.000000
1.369 3.467623 0.000000
1.370 3.467475 0.000000
1.371 3.467327 0.000000
1.372 3.467179 0.000000
1.373 3.467036 0.000000
1.374 3.466899 0.000000
1.375 3.466761 0.000000
1.376 3.466624 0.000000
1.377 3.466486 0.000000
1.378 3.466349 0.000000
1.379 3.466211 0.000000
1.380 3.466074 0.000000
1.381 3.465936 0.000000
1.382 3.465799 0.000000
1.383 3.465663 0.000000
1.384 3.465527 0.000000
1.385 3.465391 0.000000
1.386 3.465255 0.000000
1.387 3.465119 0.000000
1.388 3.464983 0.000000
1.389 3.464847 0.000000
1.390 3.464711 0.000000
1.391 3.464575 0.000000
1.392 3.464441 0.000000
1.393 3.464312 0.000000
1.394 3.464182 0.000000
1.395 3.464052 0.000000
1.396 3.463922 0.000000
1.397 3.463792 0.000000
1.398 3.463662 0.000000
1.399 3.463532 0.000000
1.400 3.463403 0.000000
1.401 3.463273 0.000000
1.402 3.463147 0.000000
1.403 3.463025 0.000000
1.404 3.462903 0.000000
1.405 3.462781 0.000000
1.406 3.462659 0.000000
1.407 3.462536 0.000000
1.408 3.462414 0.000000
1.409 3.462292 0.000000
1.410 3.462170 0.000000
1.411 3.462048 0.000000
1.412 3.461926 0.000000
1.413 3.461805 0.000000
1.414 3.461683 0.000000
1.415 3.461562 0.000000
1.416 3.461440 0.000000
1.417 3.461319 0.000000
1.418 3.461197 0.000000
1.419 3.461076 0.000000
1.420 3.460955 0.000000
1.421 3.460833 0.000000
1.422 3.460716 0.000000
1.423 3.460602 0.000000
1.424 3.460488 0.000000
1.425 3.460374 0.000000
1.426 3.460260 0.000000
1.427 3.460146 0.000000
1.428 3.460032 0.000000
1.429 3.459917 0.000000
1.430 3.459803 0.000000
1.431 3.459689 0.000000
1.432 3.459576 0.000000
1.433 3.459462 0.000000
1.434 3.459349 0.000000
1.435 3.459236 0.000000
1.436 3.459122 0.000000
1.437 3.459009 0.000000
1.438 3.458896 0.000000
1.439 3.458782 0.000000
1.440 3.458669 0.000000
1.441 3.458556 0.000000
1.442 3.458442 0.000000
1.443 3.458333 0.000000
1.444 3.458224 0.000000
1.445 3.458115 0.000000
1.446 3.458006 0.000000
1.447 3.457897 0.000000
1.448 3.457788 0.000000
1.449 3.457679 0.000000
1.450 3.457570 0.000000
1.451 3.457461 0.000000
1.452 3.457353 0.000000
1.453 3.457245 0.000000
1.454 3.457140 0.000000
1.455 3.457035 0.000000
1.456 3.456930 0.000000
1.457 3.456825 0.000000
1.458 3.456720 0.000000
1.459 3.456615 0.000000
1.460 3.456510 0.000000
1.461 3.456405 0.000000
1.462 3.456300 0.000000
1.463 3.456195 0.000000
1.464 3.456091 0.000000
1.465 3.455987 0.000000
1.466 3.455883 0.000000
1.467 3.455779 0.000000
1.468 3.455675 0.000000
1.469 3.455571 0.000000
1.470 3.455467 0.000000
1.471 3.455363 0.000000
1.472 3.455259 0.000000
1.473 3.455155 0.000000
1.474 3.455051 0.000000
1.475 3.454953 0.000000
1.476 3.454855 0.000000
1.477 3.454758 0.000000
1.478 3.454660 0.000000
1.479 3.454563 0.000000
1.480 3.454465 0.000000
1.481 3.454368 0.000000
1.482 3.454270 0.000000
1.483 3.454173 0.000000
1.484 3.454075 0.000000
1.485 3.453978 0.000000
1.486 3.453880 0.000000
1.487 3.453783 0.000000
1.488 3.453686 0.000000
1.489 3.453589 0.000000
1.490 3.453492 0.000000
1.491 3.453395 0.000000
1.492 3.453298 0.000000
1.493 3.453200 0.000000
1.494 3.453103 0.000000
1.495 3.453006 0.000000
1.496 3.452909 0.000000
1.497 3.452817 0.000000
1.498 3.452726 0.000000
1.499 3.452634 0.000000
1.500 3.452543 0.000000
1.501 3.452452 0.000000
1.502 3.452361 0.000000
1.503 3.452270 0.000000
1.504 3.452179 0.000000
1.505 3.452088 0.000000
1.506 3.451996 0.000000
1.507 3.451905 0.000000
1.508 3.451816 0.000000
1.509 3.451729 0.000000
1.510 3.451641 0.000000
1.511 3.451554 0.000000
1.512 3.451467 0.000000
1.513 3.451379 0.000000
1.514 3.451292 0.000000
1.515 3.451205 0.000000
1.516 3.451117 0.000000
1.517 3.451030 0.000000
1.518 3.450943 0.000000
1.519 3.450855 0.000000
1.520 3.450769 0.000000
1.521 3.450683 0.000000
1.522 3.450596 0.000000
1.523 3.450510 0.000000
1.524 3.450424 0.000000
1.525 3.450337 0.000000
1.526 3.450251 0.000000
1.527 3.450165 0.000000
1.528 3.450078 0.000000
1.529 3.449992 0.000000
1.530 3.449906 0.000000
1.531 3.449821 0.000000
1.532 3.449738 0.000000
1.533 3.449656 0.000000
1.534 3.449574 0.000000
1.535 3.449491 0.000000
1.536 3.449409 0.000000
1.537 3.449326 0.000000
1.538 3.449244 0.000000
1.539 3.449162 0.000000
1.540 3.449079 0.000000
1.541 3.448997 0.000000
1.542 3.448914 0.000000
1.543 3.448832 0.000000
1.544 3.448750 0.000000
1.545 3.448667 0.000000
1.546 3.448585 0.000000
1.547 3.448503 0.000000
1.548 3.448420 0.000000
1.549 3.448338 0.000000
1.550 3.448256 0.000000
1.551 3.448173 0.000000
1.552 3.448091 0.000000
1.553 3.448009 0.000000
1.554 3.447927 0.000000
1.555 3.447846 0.000000
1.556 3.447769 0.000000
1.557 3.447692 0.000000
1.558 3.447614 0.000000
1.559 3.447537 0.000000
1.560 3.447460 0.000000
1.561 3.447382 0.000000
1.562 3.447305 0.000000
1.563 3.447227 0.000000
1.564 3.447150 0.000000
1.565 3.447073 0.000000
1.566 3.446995 0.000000
1.567 3.446918 0.000000
1.568 3.446843 0.000000
1.569 3.446768 0.000000
1.570 3.446693 0.000000
1.571 3.446617 0.000000
1.572 3.446542 0.000000
1.573 3.446467 0.000000
1.574 3.446392 0.000000
1.575 3.446316 0.000000
1.576 3.446241 0.000000
1.577 3.446166 0.000000
1.578 3.446091 0.000000
1.579 3.446015 0.000000
1.580 3.445941 0.000000
1.581 3.445868 0.000000
1.582 3.445794 0.000000
1.583 3.445721 0.000000
1.584 3.445647 0.000000
1.585 3.445574 0.000000
1.586 3.445500 0.000000
1.587 3.445427 0.000000
1.588 3.445353 0.000000
1.589 3.445280 0.000000
1.590 3.445206 0.000000
1.591 3.445133 0.000000
1.592 3.445060 0.000000
1.593 3.444991 0.000000
1.594 3.444922 0.000000
1.595 3.444853 0.000000
1.596 3.444784 0.000000
1.597 3.444715 0.000000
1.598 3.444647 0.000000
1.599 3.444578 0.000000
1.600 3.444509 0.000000
1.601 3.444440 0.000000
1.602 3.444371 0.000000
1.603 3.444302 0.000000
1.604 3.444233 0.000000
1.605 3.444164 0.000000
1.606 3.444095 0.000000
1.607 3.444026 0.000000
1.608 3.443958 0.000000
1.609 3.443889 0.000000
1.610 3.443820 0.000000
1.611 3.443751 0.000000
1.612 3.443683 0.000000
1.613 3.443614 0.000000
1.614 3.443545 0.000000
1.615 3.443476 0.000000
1.616 3.443407 0.000000
1.617 3.443339 0.000000
1.618 3.443271 0.000000
1.619 3.443206 0.000000
1.620 3.443141 0.000000
1.621 3.443075 0.000000
1.622 3.443010 0.000000
1.623 3.442945 0.000000
1.624 3.442880 0.000000
1.625 3.442814 0.000000
1.626 3.442749 0.000000
1.627 3.442684 0.000000
1.628 3.442619 0.000000
1.629 3.442554 0.000000
1.630 3.442488 0.000000
1.631 3.442423 0.000000
1.632 3.442359 0.000000
1.633 3.442295 0.000000
1.634 3.442230 0.000000
1.635 3.442166 0.000000
1.636 3.442102 0.000000
1.637 3.442038 0.000000
1.638 3.441973 0.000000
1.639 3.441909 0.000000
1.640 3.441845 0.000000
1.641 3.441780 0.000000
1.642 3.441716 0.000000
1.643 3.441652 0.000000
1.644 3.441588 0.000000
1.645 3.441525 0.000000
1.646 3.441462 0.000000
1.647 3.441400 0.000000
1.648 3.441338 0.000000
1.649 3.441276 0.000000
1.650 3.441214 0.000000
1.651 3.441151 0.000000
1.652 3.441089 0.000000
1.653 3.441027 0.000000
1.654 3.440965 0.000000
1.655 3.440903 0.000000
1.656 3.440840 0.000000
1.657 3.440778 0.000000
1.658 3.440716 0.000000
1.659 3.440657 0.000000
1.660 3.440599 0.000000
1.661 3.440540 0.000000
1.662 3.440482 0.000000
1.663 3.440424 0.000000
1.664 3.440365 0.000000
1.665 3.440307 0.000000
1.666 3.440248 0.000000
1.667 3.440190 0.000000
1.668 3.440131 0.000000
1.669 3.440073 0.000000
1.670 3.440014 0.000000
1.671 3.439956 0.000000
1.672 3.439898 0.000000
1.673 3.439839 0.000000
1.674 3.439781 0.000000
1.675 3.439723 0.000000
1.676 3.439664 0.000000
1.677 3.439606 0.000000
1.678 3.439548 0.000000
1.679 3.439489 0.000000
1.680 3.439431 0.000000
1.681 3.439373 0.000000
1.682 3.439314 0.000000
1.683 3.439256 0.000000
1.684 3.439198 0.000000
1.685 3.439139 0.000000
1.686 3.439081 0.000000
1.687 3.439026 0.000000
1.688 3.438971 0.000000
1.689 3.438916 0.000000
1.690 3.438861 0.000000
1.691 3.438806 0.000000
1.692 3.438752 0.000000
1.693 3.438697 0.000000
1.694 3.438642 0.000000
1.695 3.438587 0.000000
1.696 3.438532 0.000000
1.697 3.438478 0.000000
1.698 3.438423 0.000000
1.699 3.438368 0.000000
1.700 3.438313 0.000000
1.701 3.438259 0.000000
1.702 3.438204 0.000000
1.703 3.438150 0.000000
1.704 3.438096 0.000000
1.705 3.438041 0.000000
1.706 3.437987 0.000000
1.707 3.437933 0.000000
1.708 3.437878 0.000000
1.709 3.437824 0.000000
1.710 3.437770 0.000000
1.711 3.437715 0.000000
1.712 3.437661 0.000000
1.713 3.437607 0.000000
1.714 3.437552 0.000000
1.715 3.437498 0.000000
1.716 3.437445 0.000000
1.717 3.437393 0.000000
1.718 3.437340 0.000000
1.719 3.437287 0.000000
1.720 3.437235 0.000000
1.721 3.437182 0.000000
1.722 3.437129 0.000000
1.723 3.437077 0.000000
1.724 3.437024 0.000000
1.725 3.436971 0.000000
1.726 3.436919 0.000000
1.727 3.436866 0.000000
1.728 3.436813 0.000000
1.729 3.436761 0.000000
1.730 3.436708 0.000000
1.731 3.436657 0.000000
1.732 3.436607 0.000000
1.733 3.436556 0.000000
1.734 3.436506 0.000000
1.735 3.436455 0.000000
1.736 3.436404 0.000000
1.737 3.436354 0.000000
1.738 3.436303 0.000000
1.739 3.436253 0.000000
1.740 3.436202 0.000000
1.741 3.436152 0.000000
1.742 3.436101 0.000000
1.743 3.436050 0.000000
1.744 3.436000 0.000000
1.745 3.435949 0.000000
1.746 3.435899 0.000000
1.747 3.435849 0.000000
1.748 3.435798 0.000000
1.749 3.435748 0.000000
1.750 3.435697 0.000000
1.751 3.435647 0.000000
1.752 3.435597 0.000000
1.753 3.435546 0.000000
1.754 3.435496 0.000000
1.755 3.435446 0.000000
1.756 3.435395 0.000000
1.757 3.435345 0.000000
1.758 3.435294 0.000000
1.759 3.435244 0.000000
1.760 3.435194 0.000000
1.761 3.435144 0.000000
1.762 3.435097 0.000000
1.763 3.435050 0.000000
1.764 3.435003 0.000000
1.765 3.434956 0.000000
1.766 3.434909 0.000000
1.767 3.434862 0.000000
1.768 3.434815 0.000000
1.769 3.434767 0.000000
1.770 3.434720 0.000000
1.771 3.434673 0.000000
1.772 3.434626 0.000000
1.773 3.434579 0.000000
1.774 3.434532 0.000000
1.775 3.434485 0.000000
1.776 3.434437 0.000000
1.777 3.434390 0.000000
1.778 3.434344 0.000000
1.779 3.434297 0.000000
1.780 3.434250 0.000000
1.781 3.434203 0.000000
1.782 3.434156 0.000000
1.783 3.434109 0.000000
1.784 3.434062 0.000000
1.785 3.434015 0.000000
1.786 3.433968 0.000000
1.787 3.433921 0.000000
1.788 3.433875 0.000000
1.789 3.433828 0.000000
1.790 3.433781 0.000000
1.791 3.433734 0.000000
1.792 3.433687 0.000000
1.793 3.433642 0.000000
1.794 3.433598 0.000000
1.795 3.433553 0.000000
1.796 3.433509 0.000000
1.797 3.433465 0.000000
1.798 3.433420 0.000000
1.799 3.433376 0.000000
1.800 3.433332 0.000000
1.801 3.433288 0.000000
1.802 3.433243 0.000000
1.803 3.433199 0.000000
1.804 3.433155 0.000000
1.805 3.433110 0.000000
1.806 3.433066 0.000000
1.807 3.433022 0.000000
1.808 3.432978 0.000000
1.809 3.432934 0.000000
1.810 3.432892 0.000000
1.811 3.432850 0.000000
1.812 3.432809 0.000000
1.813 3.432767 0.000000
1.814 3.432725 0.000000
1.815 3.432683 0.000000
1.816 3.432641 0.000000
1.817 3.432599 0.000000
1.818 3.432557 0.000000
1.819 3.432515 0.000000
1.820 3.432473 0.000000
1.821 3.432431 0.000000
1.822 3.432389 0.000000
1.823 3.432347 0.000000
1.824 3.432305 0.000000
1.825 3.432263 0.000000
1.826 3.432221 0.000000
1.827 3.432180 0.000000
1.828 3.432138 0.000000
1.829 3.432096 0.000000
1.830 3.432055 0.000000
1.831 3.432013 0.000000
1.832 3.431971 0.000000
1.833 3.431929 0.000000
1.834 3.431888 0.000000
1.835 3.431846 0.000000
1.836 3.431804 0.000000
1.837 3.431762 0.000000
1.838 3.431721 0.000000
1.839 3.431679 0.000000
1.840 3.431637 0.000000
1.841 3.431596 0.000000
1.842 3.431554 0.000000
1.843 3.431514 0.000000
1.844 3.431473 0.000000
1.845 3.431433 0.000000
1.846 3.431393 0.000000
1.847 3.431353 0.000000
1.848 3.431313 0.000000
1.849 3.431273 0.000000
1.850 3.431232 0.000000
1.851 3.431192 0.000000
1.852 3.431152 0.000000
1.853 3.431112 0.000000
1.854 3.431072 0.000000
1.855 3.431031 0.000000
1.856 3.430991 0.000000
1.857 3.430951 0.000000
1.858 3.430911 0.000000
1.859 3.430871 0.000000
1.860 3.430831 0.000000
1.861 3.430790 0.000000
1.862 3.430750 0.000000
1.863 3.430710 0.000000
1.864 3.430670 0.000000
1.865 3.430630 0.000000
1.866 3.430590 0.000000
1.867 3.430549 0.000000
1.868 3.430509 0.000000
1.869 3.430469 0.000000
1.870 3.430429 0.000000
1.871 3.430389 0.000000
1.872 3.430349 0.000000
1.873 3.430309 0.000000
1.874 3.430268 0.000000
1.875 3.430228 0.000000
1.876 3.430188 0.000000
1.877 3.430149 0.000000
1.878 3.430111 0.000000
1.879 3.430074 0.000000
1.880 3.430036 0.000000
1.881 3.429999 0.000000
1.882 3.429961 0.000000
1.883 3.429924 0.000000
1.884 3.429887 0.000000
1.885 3.429849 0.000000
1.886 3.429812 0.000000
1.887 3.429774 0.000000
1.888 3.429737 0.000000
1.889 3.429699 0.000000
1.890 3.429662 0.000000
1.891 3.429625 0.000000
1.892 3.429587 0.000000
1.893 3.429550 0.000000
1.894 3.429512 0.000000
1.895 3.429476 0.000000
1.896 3.429440 0.000000
1.897 3.429404 0.000000
1.898 3.429368 0.000000
1.899 3.429333 0.000000
1.900 3.429297 0.000000
1.901 3.429261 0.000000
1.902 3.429225 0.000000
1.903 3.429190 0.000000
1.904 3.429154 0.000000
1.905 3.429118 0.000000
1.906 3.429082 0.000000
1.907 3.429047 0.000000
1.908 3.429011 0.000000
1.909 3.428975 0.000000
1.910 3.428939 0.000000
1.911 3.428904 0.000000
1.912 3.428868 0.000000
1.913 3.428832 0.000000
1.914 3.428797 0.000000
1.915 3.428762 0.000000
1.916 3.428727 0.000000
1.917 3.428691 0.000000
1.918 3.428656 0.000000
1.919 3.428621 0.000000
1.920 3.428586 0.000000
1.921 3.428550 0.000000
1.922 3.428515 0.000000
1.923 3.428480 0.000000
1.924 3.428445 0.000000
1.925 3.428409 0.000000
1.926 3.428374 0.000000
1.927 3.428339 0.000000
1.928 3.428304 0.000000
1.929 3.428268 0.000000
1.930 3.428233 0.000000
1.931 3.428198 0.000000
1.932 3.428164 0.000000
1.933 3.428131 0.000000
1.934 3.428098 0.000000
1.935 3.428065 0.000000
1.936 3.428032 0.000000
1.937 3.427998 0.000000
1.938 3.427965 0.000000
1.939 3.427932 0.000000
1.940 3.427899 0.000000
1.941 3.427866 0.000000
1.942 3.427833 0.000000
1.943 3.427799 0.000000
1.944 3.427766 0.000000
1.945 3.427733 0.000000
1.946 3.427700 0.000000
1.947 3.427667 0.000000
1.948 3.427634 0.000000
1.949 3.427601 0.000000
1.950 3.427567 0.000000