0.253 1.960054 3.205295
0.254 2.002616 3.220890
0.255 2.046117 3.238079
0.256 2.085854 3.250419
0.257 2.130978 3.263194
0.258 2.175327 3.275423
0.259 2.220579 3.288160
0.260 2.267016 3.300271
0.261 2.319391 3.312286
0.262 2.368381 3.322550
0.263 2.420216 3.326107
0.264 2.474813 3.332287
0.265 2.530099 3.328681
0.266 2.591268 3.327848
0.267 2.646631 3.319805
0.268 2.700882 3.308831
0.269 2.759912 3.296343
0.270 2.812425 3.277088
0.271 2.868006 3.256789
0.272 2.917301 3.235577
0.273 2.968110 3.208327
0.274 3.014619 3.179439
0.275 3.060911 3.150871
0.276 3.102118 3.119873
0.277 3.140395 3.087539
0.278 3.177647 3.050340
0.279 3.213682 3.017564
0.280 3.248625 2.982516
0.281 3.277183 2.944235
0.282 3.303800 2.903805
0.283 3.331535 2.867604
0.284 3.354376 2.829868
0.285 3.374446 2.791260
0.286 3.394580 2.753914
0.287 3.411915 2.716697
0.288 3.425829 2.679418
0.289 3.439878 2.642754
0.290 3.453010 2.606991
0.291 3.461455 2.570947
0.292 3.469159 2.534149
0.293 3.476502 2.500564
0.294 3.481911 2.467494
0.295 3.483298 2.435227
0.296 3.484310 2.405621
0.297 3.487173 2.373733
0.298 3.490237 2.344800
0.299 3.487382 2.313363
0.300 3.484293 2.287799
0.301 3.480714 2.262486
0.302 3.477665 2.237188
0.303 3.474681 2.211926
0.304 3.470713 2.193537
0.305 3.461747 2.170915
0.306 3.457788 2.152356
0.307 3.449005 2.130895
0.308 3.445115 2.111514
0.309 3.436360 2.092202
0.310 3.432063 2.078533
0.311 3.424324 2.061095
0.312 3.417516 2.046153
0.313 3.410091 2.034316
0.314 3.402165 2.022405
0.315 3.397808 2.010769
0.316 3.391537 1.998913
0.317 3.384033 1.987254
0.318 3.376803 1.975900
0.319 3.370084 1.964556
0.320 3.362726 1.955969
0.321 3.354801 1.949960
0.322 3.348932 1.941130
0.323 3.344510 1.934935
0.324 3.340114 1.926417
0.325 3.332488 1.919967
0.326 3.325933 1.913380
0.327 3.322738 1.909644
0.328 3.316730 1.903998
0.329 3.313017 1.897724
0.330 3.308723 1.896151
0.331 3.303553 1.891443
0.332 3.300737 1.888866
0.333 3.294740 1.885302
0.334 3.291689 1.881999
0.335 3.285859 1.881269
0.336 3.283856 1.877987
0.337 3.282262 1.874246
0.338 3.276428 1.874177
0.339 3.273998 1.874177
0.340 3.273256 1.874232
0.341 3.272260 1.874489
0.342 3.268637 1.871218
0.343 3.263986 1.867749
0.344 3.263181 1.867242
0.345 3.262612 1.867258
0.346 3.261900 1.867756
0.347 3.261619 1.868037
0.348 3.261174 1.868482
0.349 3.260872 1.868774
0.350 3.260438 1.868774
0.351 3.260112 1.869189
0.352 3.259728 1.869559
0.353 3.259343 1.870654
0.354 3.259013 1.873526
0.355 3.258583 1.877747
0.356 3.258583 1.878776
0.357 3.258583 1.879038
0.358 3.258329 1.879779
0.359 3.259520 1.880280
0.360 3.263038 1.880752
0.361 3.265298 1.883173
0.362 3.265517 1.887645
0.363 3.266486 1.889702
0.364 3.269889 1.890387
0.365 3.272730 1.890990
0.366 3.273219 1.891960
0.367 3.273876 1.895886
0.368 3.277224 1.898897
0.369 3.280261 1.901018
0.370 3.283582 1.902132
0.371 3.286166 1.905612
0.372 3.290007 1.908656
0.373 3.293722 1.911668
0.374 3.295933 1.911837
0.375 3.299771 1.915561
0.376 3.302537 1.918741
0.377 3.306288 1.921620
0.378 3.309841 1.924156
0.379 3.314127 1.927826
0.380 3.318291 1.930984
0.381 3.321147 1.932985
0.382 3.325091 1.936348
0.383 3.329661 1.939928
0.384 3.335112 1.942846
0.385 3.339207 1.945339
0.386 3.344520 1.949020
0.387 3.348778 1.952108
0.388 3.354733 1.956764
0.389 3.360314 1.960139
0.390 3.366608 1.964020
0.391 3.372282 1.968656
0.392 3.378730 1.971336
0.393 3.382997 1.975898
0.394 3.391110 1.980281
0.395 3.398745 1.985465
0.396 3.404452 1.989952
0.397 3.412525 1.993559
0.398 3.419914 1.999229
0.399 3.427035 2.002796
0.400 3.433979 2.008176
0.401 3.442220 2.012830
0.402 3.449853 2.018895
0.403 3.459584 2.024129
0.404 3.472069 2.029780
0.405 3.483863 2.034930
0.406 3.494397 2.040762
0.407 3.506814 2.045667
0.408 3.519204 2.050856
0.409 3.532284 2.056107
0.410 3.547984 2.060920
0.411 3.561950 2.066667
0.412 3.577082 2.069158
0.413 3.594989 2.072135
0.414 3.611233 2.073475
0.415 3.629048 2.073503
0.416 3.648299 2.071239
0.417 3.669590 2.069640
0.418 3.688779 2.065304
0.419 3.707505 2.058926
0.420 3.725716 2.053216
0.421 3.740680 2.044402
0.422 3.755682 2.034559
0.423 3.769605 2.026088
0.424 3.782848 2.015112
0.425 3.794352 2.004568
0.426 3.802457 1.994039
0.427 3.810535 1.983285
0.428 3.816064 1.974292
0.429 3.819808 1.963427
0.430 3.825803 1.954538
0.431 3.829646 1.949978
0.432 3.831488 1.943568
0.433 3.835094 1.938112
0.434 3.837473 1.937464
0.435 3.839379 1.937017
0.436 3.841115 1.936399
0.437 3.843520 1.937776
0.438 3.847712 1.941436
0.439 3.853457 1.946106
0.440 3.858731 1.950361
0.441 3.865996 1.956793
0.442 3.874763 1.965563
0.443 3.883489 1.973247
0.444 3.896729 1.980601
0.445 3.910804 1.987407
0.446 3.925375 1.996041
0.447 3.943869 2.004912
0.448 3.962076 2.012130
0.449 3.983703 2.019751
0.450 4.008451 2.026255
0.451 4.033919 2.032493
0.452 4.060181 2.037411
0.453 4.089389 2.040210
0.454 4.120297 2.039518
0.455 4.151259 2.037392
0.456 4.182214 2.033138
0.457 4.214815 2.027313
0.458 4.247943 2.019016
0.459 4.280844 2.007555
0.460 4.312951 1.994781
0.461 4.344103 1.979363
0.462 4.374807 1.960778
0.463 4.405635 1.940965
0.464 4.435006 1.918978
0.465 4.463359 1.894905
0.466 4.490100 1.867538
0.467 4.514171 1.838064
0.468 4.535709 1.807372
0.469 4.556157 1.775903
0.470 4.575988 1.743254
0.471 4.591474 1.710358
0.472 4.606627 1.676785
0.473 4.620314 1.642613
0.474 4.628467 1.608292
0.475 4.635917 1.573905
0.476 4.641543 1.539597
0.477 4.644291 1.507001
0.478 4.644790 1.475664
0.479 4.643504 1.445147
0.480 4.640594 1.415714
0.481 4.637325 1.388335
0.482 4.632264 1.361671
0.483 4.625717 1.335127
0.484 4.618322 1.308677
0.485 4.612540 1.282633
0.486 4.607581 1.258843
0.487 4.601898 1.236613
0.488 4.593689 1.215151
0.489 4.585233 1.193897
0.490 4.577011 1.175496
0.491 4.567930 1.157794
0.492 4.557302 1.140005
0.493 4.545924 1.122558
0.494 4.536002 1.105280
0.495 4.527337 1.089491
0.496 4.518830 1.075674
0.497 4.510367 1.062130
0.498 4.502093 1.049092
0.499 4.493801 1.035839
0.500 4.485524 1.022552
0.501 4.477248 1.009659
0.502 4.468972 0.996670
0.503 4.460715 0.985186
0.504 4.452434 0.974976
0.505 4.444194 0.965225
0.506 4.435915 0.955246
0.507 4.427694 0.945404
0.508 4.419443 0.935907
0.509 4.411796 0.926654
0.510 4.406548 0.917721
0.511 4.401152 0.909120
0.512 4.394613 0.900714
0.513 4.387027 0.892719
0.514 4.378878 0.884948
0.515 4.370739 0.877086
0.516 4.363187 0.869612
0.517 4.357821 0.862427
0.518 4.352599 0.855428
0.519 4.346274 0.848613
0.520 4.339139 0.841905
0.521 4.332170 0.835233
0.522 4.326645 0.828695
0.523 4.321947 0.822400
0.524 4.316238 0.816374
0.525 4.309250 0.810118
0.526 4.304514 0.804299
0.527 4.299557 0.798540
0.528 4.293365 0.792949
0.529 4.287556 0.787484
0.530 4.282654 0.782144
0.531 4.277896 0.776951
0.532 4.273766 0.771739
0.533 4.269334 0.766555
0.534 4.263414 0.761568
0.535 4.257438 0.756722
0.536 4.252472 0.751948
0.537 4.248063 0.747236
0.538 4.243816 0.742562
0.539 4.239933 0.737910
0.540 4.235250 0.733584
0.541 4.231796 0.729059
0.542 4.227130 0.724603
0.543 4.223061 0.720408
0.544 4.219240 0.716355
0.545 4.214707 0.712213
0.546 4.210962 0.707956
0.547 4.206859 0.704076
0.548 4.202948 0.700212
0.549 4.198885 0.696242
0.550 4.194689 0.692136
0.551 4.190649 0.687957
0.552 4.186989 0.684016
0.553 4.182783 0.680281
0.554 4.179564 0.676744
0.555 4.177214 0.673239
0.556 4.174931 0.669595
0.557 4.170742 0.665785
0.558 4.167237 0.662109
0.559 4.163059 0.658525
0.560 4.158919 0.655094
0.561 4.155728 0.651861
0.562 4.151302 0.648493
0.563 4.148304 0.645080
0.564 4.146062 0.641738
0.565 4.143737 0.638487
0.566 4.139777 0.635281
0.567 4.137179 0.632125
0.568 4.135044 0.628824
0.569 4.132528 0.625465
0.570 4.128697 0.622184
0.571 4.126153 0.619001
0.572 4.124073 0.616002
0.573 4.121592 0.613091
0.574 4.117970 0.610182
0.575 4.114789 0.607274
0.576 4.110803 0.604367
0.577 4.107011 0.601461
0.578 4.104356 0.598558
0.579 4.102621 0.595655
0.580 4.099764 0.592838
0.581 4.096493 0.590046
0.582 4.093953 0.587182
0.583 4.092126 0.584288
0.584 4.089469 0.581391
0.585 4.086088 0.578495
0.586 4.083569 0.575600
0.587 4.081996 0.573045
0.588 4.080780 0.570540
0.589 4.079621 0.567909
0.590 4.076140 0.565034
0.591 4.073138 0.562394
0.592 4.070771 0.559945
0.593 4.069126 0.557299
0.594 4.066022 0.554713
0.595 4.062666 0.552164
0.596 4.060399 0.549643
0.597 4.058621 0.547067
0.598 4.056177 0.544545
0.599 4.052495 0.542128
0.600 4.050493 0.539589
0.601 4.049054 0.537186
0.602 4.048100 0.534941
0.603 4.046473 0.532429
0.604 4.043719 0.529942
0.605 4.040106 0.527486
0.606 4.038455 0.525184
0.607 4.037364 0.522896
0.608 4.036597 0.520613
0.609 4.034603 0.518247
0.610 4.031663 0.515910
0.611 4.028156 0.513603
0.612 4.026652 0.511414
0.613 4.024640 0.509119
0.614 4.022192 0.506743
0.615 4.019057 0.504638
0.616 4.016854 0.502477
0.617 4.015616 0.500258
0.618 4.014855 0.497988
0.619 4.013207 0.495813
0.620 4.010223 0.493781
0.621 4.007596 0.491527
0.622 4.005550 0.489251
0.623 4.004793 0.487023
0.624 4.003648 0.484973
0.625 4.002040 0.482997
0.626 3.998495 0.481045
0.627 3.996089 0.479086
0.628 3.994609 0.477122
0.629 3.993914 0.474817
0.630 3.992734 0.472544
0.631 3.990607 0.470357
0.632 3.987519 0.468348
0.633 3.984424 0.466401
0.634 3.983628 0.464455
0.635 3.982918 0.462510
0.636 3.982295 0.460565
0.637 3.981461 0.458622
0.638 3.980187 0.456679
0.639 3.977434 0.454737
0.640 3.975049 0.452796
0.641 3.972949 0.450855
0.642 3.971930 0.448915
0.643 3.970867 0.446977
0.644 3.969260 0.445038
0.645 3.966849 0.443300
0.646 3.963786 0.441724
0.647 3.962343 0.439917
0.648 3.961221 0.438059
0.649 3.960428 0.436124
0.650 3.958838 0.434190
0.651 3.956319 0.432257
0.652 3.953917 0.430325
0.653 3.951594 0.428398
0.654 3.950882 0.426671
0.655 3.950247 0.424944
0.656 3.949797 0.423220
0.657 3.948753 0.421401
0.658 3.947222 0.419506
0.659 3.944427 0.417585
0.660 3.941388 0.415672
0.661 3.940402 0.414114
0.662 3.939455 0.412494
0.663 3.938619 0.410707
0.664 3.936832 0.409061
0.665 3.934043 0.407567
0.666 3.931882 0.405919
0.667 3.929993 0.404205
0.668 3.929302 0.402525
0.669 3.928763 0.400861
0.670 3.928388 0.399316
0.671 3.927528 0.397724
0.672 3.925362 0.396006
0.673 3.923037 0.394368
0.674 3.920515 0.392828
0.675 3.919236 0.391119
0.676 3.918771 0.389299
0.677 3.918390 0.387737
0.678 3.918034 0.386257
0.679 3.916578 0.384771
0.680 3.914955 0.383279
0.681 3.911950 0.381612
0.682 3.909285 0.379971
0.683 3.908563 0.378475
0.684 3.907802 0.376957
0.685 3.906933 0.375378
0.686 3.905398 0.373844
0.687 3.902678 0.372392
0.688 3.900499 0.370926
0.689 3.898985 0.369446
0.690 3.898062 0.367884
0.691 3.897670 0.366249
0.692 3.897310 0.364833
0.693 3.896971 0.363564
0.694 3.895217 0.362191
0.695 3.892708 0.360762
0.696 3.890566 0.359312
0.697 3.888584 0.357852
0.698 3.887735 0.356463
0.699 3.887300 0.355099
0.700 3.886909 0.353624
0.701 3.886534 0.352113
0.702 3.884737 0.350671
0.703 3.882515 0.349250
0.704 3.880464 0.348045
0.705 3.878464 0.346904
0.706 3.877681 0.345493
0.707 3.877281 0.343996
0.708 3.876896 0.342553
0.709 3.876517 0.341130
0.710 3.874682 0.339763
0.711 3.872240 0.338421
0.712 3.870156 0.337148
0.713 3.868257 0.335912
0.714 3.867395 0.334559
0.715 3.867216 0.333129
0.716 3.866077 0.331814
0.717 3.864105 0.330600
0.718 3.862001 0.329348
0.719 3.859738 0.328050
0.720 3.858096 0.326702
0.721 3.857557 0.325265
0.722 3.857094 0.323922
0.723 3.856858 0.322857
0.724 3.856403 0.321748
0.725 3.854584 0.320374
0.726 3.852762 0.319002
0.727 3.850626 0.317882
0.728 3.848490 0.316762
0.729 3.847776 0.315444
0.730 3.847282 0.314095
0.731 3.846899 0.312974
0.732 3.846561 0.311946
0.733 3.845269 0.310692
0.734 3.843171 0.309245
0.735 3.841181 0.307957
0.736 3.839382 0.306950
0.737 3.837831 0.305940
0.738 3.837519 0.304909
0.739 3.837206 0.303879
0.740 3.837014 0.302556
0.741 3.836827 0.301220
0.742 3.835075 0.300060
0.743 3.832773 0.298961
0.744 3.830794 0.297911
0.745 3.829132 0.296908
0.746 3.827852 0.295896
0.747 3.827669 0.294862
0.748 3.827486 0.293828
0.749 3.826971 0.292522
0.750 3.826456 0.291215
0.751 3.824722 0.290130
0.752 3.822520 0.289129
0.753 3.820642 0.288126
0.754 3.819186 0.287119
0.755 3.817899 0.286098
0.756 3.817739 0.284985
0.757 3.817578 0.283872
0.758 3.816783 0.282601
0.759 3.815843 0.281294
0.760 3.814264 0.280137
0.761 3.812002 0.279140
0.762 3.809967 0.278149
0.763 3.809349 0.277196
0.764 3.808731 0.276244
0.765 3.808230 0.275520
0.766 3.807762 0.274862
0.767 3.806952 0.274084
0.768 3.805638 0.273129
0.769 3.804314 0.272174
0.770 3.802326 0.271180
0.771 3.800337 0.270186
0.772 3.799335 0.269193
0.773 3.798965 0.268200
0.774 3.798597 0.267207
0.775 3.798240 0.266215
0.776 3.797884 0.265223
0.777 3.796320 0.264231
0.778 3.794365 0.263240
0.779 3.792564 0.262249
0.780 3.791111 0.261258
0.781 3.789658 0.260268
0.782 3.789254 0.259357
0.783 3.789049 0.258462
0.784 3.788614 0.257553
0.785 3.787766 0.256622
0.786 3.786919 0.255690
0.787 3.785076 0.254924
0.788 3.783074 0.254184
0.789 3.781537 0.253391
0.790 3.780868 0.252496
0.791 3.780199 0.251601
0.792 3.779640 0.250682
0.793 3.779105 0.249757
0.794 3.778347 0.248882
0.795 3.776999 0.248137
0.796 3.775652 0.247392
0.797 3.774088 0.246547
0.798 3.772438 0.245661
0.799 3.770963 0.244774
0.800 3.770622 0.243883
0.801 3.770280 0.242991
0.802 3.769844 0.242238
0.803 3.769327 0.241603
0.804 3.768809 0.240968
0.805 3.766908 0.240274
0.806 3.764899 0.239576
0.807 3.763233 0.238805
0.808 3.762374 0.237865
0.809 3.761514 0.236924
0.810 3.760963 0.236046
0.811 3.760575 0.235202
0.812 3.760187 0.234357
0.813 3.758995 0.233675
0.814 3.757793 0.232996
0.815 3.756434 0.232316
0.816 3.754720 0.231638
0.817 3.753006 0.230959
0.818 3.752161 0.230203
0.819 3.751878 0.229397
0.820 3.751594 0.228591
0.821 3.751048 0.227963
0.822 3.750469 0.227357
0.823 3.749706 0.226744
0.824 3.747940 0.226093
0.825 3.746173 0.225441
0.826 3.744822 0.224787
0.827 3.744088 0.224128
0.828 3.743354 0.223469
0.829 3.742678 0.222825
0.830 3.742037 0.222190
0.831 3.741396 0.221554
0.832 3.740145 0.220902
0.833 3.738778 0.220248
0.834 3.737415 0.219592
0.835 3.736197 0.218879
0.836 3.734978 0.218166
0.837 3.733982 0.217472
0.838 3.733873 0.216855
0.839 3.733764 0.216237
0.840 3.733498 0.215671
0.841 3.732944 0.215199
0.842 3.732391 0.214728
0.843 3.731532 0.214151
0.844 3.730349 0.213463
0.845 3.729167 0.212775
0.846 3.727887 0.212193
0.847 3.726541 0.211682
0.848 3.725196 0.211171
0.849 3.724595 0.210621
0.850 3.724325 0.210054
0.851 3.724056 0.209487
0.852 3.723319 0.208879
0.853 3.722439 0.208259
0.854 3.721559 0.207640
0.855 3.720004 0.207023
0.856 3.718299 0.206407
0.857 3.716594 0.205792
0.858 3.716096 0.205315
0.859 3.715810 0.204862
0.860 3.715523 0.204409
0.861 3.714956 0.203919
0.862 3.714344 0.203422
0.863 3.713731 0.202926
0.864 3.712206 0.202443
0.865 3.710524 0.201962
0.866 3.708841 0.201480
0.867 3.707954 0.201007
0.868 3.707239 0.200536
0.869 3.706524 0.200065
0.870 3.706291 0.199569
0.871 3.706200 0.199066
0.872 3.706109 0.198562
0.873 3.705608 0.198098
0.874 3.704930 0.197650
0.875 3.704252 0.197202
0.876 3.703036 0.196716
0.877 3.701466 0.196203
0.878 3.699897 0.195691
0.879 3.698859 0.195245
0.880 3.698385 0.194868
0.881 3.697911 0.194491
0.882 3.697490 0.194142
0.883 3.697169 0.193848
0.884 3.696848 0.193553
0.885 3.696452 0.193234
0.886 3.695723 0.192806
0.887 3.694995 0.192379
0.888 3.694267 0.191951
0.889 3.692708 0.191470
0.890 3.691149 0.190989
0.891 3.689590 0.190508
0.892 3.689117 0.190154
0.893 3.688929 0.189833
0.894 3.688742 0.189513
0.895 3.688386 0.189183
0.896 3.687899 0.188846
0.897 3.687412 0.188510
0.898 3.686770 0.188163
0.899 3.685774 0.187794
0.900 3.684779 0.187425
0.901 3.683777 0.187058
0.902 3.682566 0.186778
0.903 3.681356 0.186497
0.904 3.680145 0.186216
0.905 3.679728 0.185873
0.906 3.679612 0.185505
0.907 3.679496 0.185138
0.908 3.679324 0.184764
0.909 3.679070 0.184379
0.910 3.678815 0.183995
0.911 3.678539 0.183605
0.912 3.677839 0.183110
0.913 3.677138 0.182615
0.914 3.676438 0.182120
0.915 3.675613 0.181710
0.916 3.674728 0.181343
0.917 3.673842 0.180975
0.918 3.673065 0.180646
0.919 3.672580 0.180419
0.920 3.672094 0.180193
0.921 3.671609 0.179966
0.922 3.671152 0.179736
0.923 3.670700 0.179505
0.924 3.670248 0.179275
0.925 3.669815 0.179032
0.926 3.669410 0.178771
0.927 3.669005 0.178510
0.928 3.668600 0.178249
0.929 3.668161 0.177944
0.930 3.667719 0.177635
0.931 3.667277 0.177327
0.932 3.666856 0.176985
0.933 3.666465 0.176595
0.934 3.666074 0.176205
0.935 3.665683 0.175815
0.936 3.665296 0.175373
0.937 3.664909 0.174923
0.938 3.664522 0.174474
0.939 3.664141 0.174068
0.940 3.663774 0.173752
0.941 3.663407 0.173437
0.942 3.663040 0.173122
0.943 3.662699 0.172835
0.944 3.662368 0.172559
0.945 3.662037 0.172283
0.946 3.661697 0.171997
0.947 3.661296 0.171639
0.948 3.660895 0.171281
0.949 3.660495 0.170923
0.950 3.660093 0.170544
0.951 3.659690 0.170141
0.952 3.659287 0.169739
0.953 3.658884 0.169336
0.954 3.658568 0.169012
0.955 3.658272 0.168705
0.956 3.657977 0.168399
0.957 3.657683 0.168098
0.958 3.657402 0.167840
0.959 3.657121 0.167582
0.960 3.656840 0.167324
0.961 3.656559 0.167022
0.962 3.656279 0.166651
0.963 3.655998 0.166281
0.964 3.655718 0.165910
0.965 3.655392 0.165506
0.966 3.655040 0.165084
0.967 3.654688 0.164661
0.968 3.654336 0.164239
0.969 3.653961 0.163833
0.970 3.653582 0.163429
0.971 3.653202 0.163025
0.972 3.652825 0.162621
0.973 3.652506 0.162210
0.974 3.652186 0.161799
0.975 3.651866 0.161388
0.976 3.651553 0.160989
0.977 3.651271 0.160645
0.978 3.650989 0.160300
0.979 3.650707 0.159955
0.980 3.650424 0.159626
0.981 3.650142 0.159329
0.982 3.649859 0.159033
0.983 3.649577 0.158736
0.984 3.649300 0.158439
0.985 3.649033 0.158140
0.986 3.648765 0.157842
0.987 3.648497 0.157543
0.988 3.648209 0.157188
0.989 3.647898 0.156770
0.990 3.647586 0.156353
0.991 3.647275 0.155935
0.992 3.646944 0.155484
0.993 3.646593 0.154998
0.994 3.646242 0.154513
0.995 3.645891 0.154027
0.996 3.645566 0.153507
0.997 3.645267 0.152951
0.998 3.644968 0.152396
0.999 3.644669 0.151841
1.000 3.644389 0.151350
1.001 3.644130 0.150928
1.002 3.643871 0.150507
1.003 3.643613 0.150086
1.004 3.643354 0.149718
1.005 3.643097 0.149427
1.006 3.642839 0.149135
1.007 3.642582 0.148844
1.008 3.642325 0.148544
1.009 3.642068 0.148228
1.010 3.641811 0.147912
1.011 3.641554 0.147595
1.012 3.641298 0.147262
1.013 3.641048 0.146847
1.014 3.640797 0.146433
1.015 3.640547 0.146018
1.016 3.640296 0.145604
1.017 3.640047 0.145206
1.018 3.639798 0.144807
1.019 3.639549 0.144409
1.020 3.639300 0.144010
1.021 3.639058 0.143604
1.022 3.638818 0.143196
1.023 3.638578 0.142788
1.024 3.638339 0.142380
1.025 3.638101 0.141999
1.026 3.637864 0.141638
1.027 3.637627 0.141278
1.028 3.637390 0.140917
1.029 3.637151 0.140563
1.030 3.636907 0.140226
1.031 3.636664 0.139888
1.032 3.636420 0.139550
1.033 3.636176 0.139212
1.034 3.635940 0.138895
1.035 3.635704 0.138577
1.036 3.635468 0.138260
1.037 3.635232 0.137943
1.038 3.634992 0.137643
1.039 3.634749 0.137354
1.040 3.634505 0.137064
1.041 3.634262 0.136774
1.042 3.634021 0.136465
1.043 3.633785 0.136103
1.044 3.633550 0.135741
1.045 3.633314 0.135380
1.046 3.633078 0.135018
1.047 3.632851 0.134594
1.048 3.632625 0.134161
1.049 3.632399 0.133727
1.050 3.632174 0.133293
1.051 3.631946 0.132902
1.052 3.631715 0.132574
1.053 3.631484 0.132246
1.054 3.631253 0.131919
1.055 3.631022 0.131591
1.056 3.630794 0.131339
1.057 3.630566 0.131094
1.058 3.630338 0.130849
1.059 3.630111 0.130605
1.060 3.629884 0.130379
1.061 3.629659 0.130184
1.062 3.629434 0.129989
1.063 3.629209 0.129795
1.064 3.628984 0.129600
1.065 3.628763 0.129465
1.066 3.628543 0.129344
1.067 3.628323 0.129224
1.068 3.628103 0.129104
1.069 3.627884 0.128966
1.070 3.627667 0.128758
1.071 3.627450 0.128549
1.072 3.627233 0.128340
1.073 3.627016 0.128131
1.074 3.626804 0.127945
1.075 3.626596 0.127778
1.076 3.626387 0.127610
1.077 3.626179 0.127443
1.078 3.625971 0.127276
1.079 3.625817 0.127109
1.080 3.625673 0.126942
1.081 3.625529 0.126775
1.082 3.625386 0.126608
1.083 3.625242 0.126437
1.084 3.625098 0.126236
1.085 3.624955 0.126036
1.086 3.624812 0.125835
1.087 3.624669 0.125635
1.088 3.624510 0.125442
1.089 3.624321 0.125265
1.090 3.624133 0.125087
1.091 3.623944 0.124909
1.092 3.623756 0.124731
1.093 3.623557 0.124543
1.094 3.623351 0.124345
1.095 3.623144 0.124148
1.096 3.622938 0.123950
1.097 3.622731 0.123753
1.098 3.622526 0.123543
1.099 3.622322 0.123327
1.100 3.622117 0.123111
1.101 3.621913 0.122895
1.102 3.621709 0.122679
1.103 3.621501 0.122498
1.104 3.621292 0.122326
1.105 3.621083 0.122155
1.106 3.620875 0.121984
1.107 3.620666 0.121813
1.108 3.620487 0.121638
1.109 3.620314 0.121463
1.110 3.620141 0.121287
1.111 3.619968 0.121111
1.112 3.619795 0.120936
1.113 3.619682 0.120783
1.114 3.619580 0.120635
1.115 3.619478 0.120486
1.116 3.619376 0.120338
1.117 3.619274 0.120190
1.118 3.619120 0.119990
1.119 3.618953 0.119777
1.120 3.618785 0.119564
1.121 3.618618 0.119350
1.122 3.618450 0.119137
1.123 3.618260 0.118923
1.124 3.618061 0.118707
1.125 3.617862 0.118492
1.126 3.617664 0.118277
1.127 3.617465 0.118062
1.128 3.617267 0.117843
1.129 3.617071 0.117621
1.130 3.616875 0.117400
1.131 3.616679 0.117179
1.132 3.616482 0.116957
1.133 3.616317 0.116774
1.134 3.616196 0.116648
1.135 3.616075 0.116521
1.136 3.615955 0.116394
1.137 3.615834 0.116268
1.138 3.615715 0.116138
1.139 3.615604 0.115995
1.140 3.615493 0.115852
1.141 3.615382 0.115710
1.142 3.615271 0.115567
1.143 3.615161 0.115424
1.144 3.615013 0.115250
1.145 3.614863 0.115073
1.146 3.614712 0.114897
1.147 3.614561 0.114720
1.148 3.614411 0.114543
1.149 3.614243 0.114361
1.150 3.614063 0.114175
1.151 3.613883 0.113990
1.152 3.613703 0.113804
1.153 3.613522 0.113619
1.154 3.613349 0.113434
1.155 3.613200 0.113252
1.156 3.613050 0.113071
1.157 3.612901 0.112889
1.158 3.612751 0.112707
1.159 3.612602 0.112525
1.160 3.612478 0.112349
1.161 3.612360 0.112174
1.162 3.612242 0.111999
1.163 3.612124 0.111825
1.164 3.612006 0.111650
1.165 3.611890 0.111481
1.166 3.611779 0.111326
1.167 3.611668 0.111170
1.168 3.611557 0.111014
1.169 3.611446 0.110858
1.170 3.611334 0.110703
1.171 3.611224 0.110522
1.172 3.611114 0.110336
1.173 3.611004 0.110149
1.174 3.610894 0.109963
1.175 3.610784 0.109776
1.176 3.610684 0.109598
1.177 3.610619 0.109449
1.178 3.610553 0.109300
1.179 3.610488 0.109150
1.180 3.610422 0.109001
1.181 3.610357 0.108852
1.182 3.610307 0.108707
1.183 3.610267 0.108566
1.184 3.610227 0.108425
1.185 3.610188 0.108283
1.186 3.610148 0.108142
1.187 3.610108 0.108001
1.188 3.610073 0.107864
1.189 3.610037 0.107729
1.190 3.610002 0.107593
1.191 3.609967 0.107457
1.192 3.609932 0.107321
1.193 3.609897 0.107179
1.194 3.609862 0.107004
1.195 3.609828 0.106829
1.196 3.609794 0.106654
1.197 3.609759 0.106479
1.198 3.609725 0.106305
1.199 3.609691 0.106119
1.200 3.609658 0.105916
1.201 3.609624 0.105713
1.202 3.609591 0.105510
1.203 3.609558 0.105307
1.204 3.609524 0.105104
1.205 3.609491 0.104891
1.206 3.609459 0.104670
1.207 3.609426 0.104450
1.208 3.609394 0.104229
1.209 3.609362 0.104008
1.210 3.609329 0.103787
1.211 3.609297 0.103598
1.212 3.609266 0.103429
1.213 3.609235 0.103260
1.214 3.609203 0.103091
1.215 3.609172 0.102922
1.216 3.609141 0.102753
1.217 3.609110 0.102592
1.218 3.609079 0.102435
1.219 3.609049 0.102278
1.220 3.609019 0.102120
1.221 3.608988 0.101963
1.222 3.608958 0.101806
1.223 3.608928 0.101647
1.224 3.608899 0.101487
1.225 3.608869 0.101328
1.226 3.608840 0.101168
1.227 3.608811 0.101008
1.228 3.608782 0.100849
1.229 3.608753 0.100660
1.230 3.608725 0.100447
1.231 3.608696 0.100234
1.232 3.608668 0.100021
1.233 3.608640 0.099808
1.234 3.608611 0.099595
1.235 3.608584 0.099390
1.236 3.608557 0.099200
1.237 3.608529 0.099010
1.238 3.608502 0.098820
1.239 3.608475 0.098629
1.240 3.608448 0.098439
1.241 3.608421 0.098246
1.242 3.608395 0.098037
1.243 3.608369 0.097829
1.244 3.608343 0.097621
1.245 3.608317 0.097412
1.246 3.608291 0.097204
1.247 3.608265 0.096996
1.248 3.608240 0.096790
1.249 3.608215 0.096585
1.250 3.608190 0.096380
1.251 3.608166 0.096175
1.252 3.608141 0.095970
1.253 3.608116 0.095764
1.254 3.608092 0.095558
1.255 3.608068 0.095351
1.256 3.608044 0.095144
1.257 3.608021 0.094937
1.258 3.607997 0.094730
1.259 3.607974 0.094523
1.260 3.607950 0.094319
1.261 3.607928 0.094130
1.262 3.607905 0.093941
1.263 3.607883 0.093752
1.264 3.607860 0.093563
1.265 3.607838 0.093374
1.266 3.607815 0.093185
1.267 3.607794 0.092997
1.268 3.607773 0.092810
1.269 3.607752 0.092623
1.270 3.607730 0.092436
1.271 3.607709 0.092249
1.272 3.607688 0.092063
1.273 3.607667 0.091873
1.274 3.607647 0.091673
1.275 3.607627 0.091472
1.276 3.607608 0.091272
1.277 3.607588 0.091072
1.278 3.607568 0.090871
1.279 3.607548 0.090671
1.280 3.607529 0.090472
1.281 3.607510 0.090274
1.282 3.607492 0.090075
1.283 3.607473 0.089877
1.284 3.607455 0.089679
1.285 3.607436 0.089481
1.286 3.607417 0.089283
1.287 3.607400 0.089080
1.288 3.607383 0.088876
1.289 3.607366 0.088672
1.290 3.607349 0.088469
1.291 3.607331 0.088265
1.292 3.607314 0.088062
1.293 3.607297 0.087859
1.294 3.607282 0.087661
1.295 3.607266 0.087462
1.296 3.607251 0.087263
1.297 3.607235 0.087065
1.298 3.607220 0.086866
1.299 3.607204 0.086667
1.300 3.607189 0.086475
1.301 3.607176 0.086293
1.302 3.607162 0.086112
1.303 3.607148 0.085931
1.304 3.607134 0.085749
1.305 3.607120 0.085568
1.306 3.607107 0.085386
1.307 3.607094 0.085191
1.308 3.607082 0.084981
1.309 3.607070 0.084771
1.310 3.607058 0.084560
1.311 3.607046 0.084350
1.312 3.607034 0.084140
1.313 3.607022 0.083929
1.314 3.607011 0.083729
1.315 3.607001 0.083539
1.316 3.606991 0.083348
1.317 3.606981 0.083158
1.318 3.606971 0.082968
1.319 3.606961 0.082777
1.320 3.606951 0.082587
1.321 3.606942 0.082392
1.322 3.606935 0.082192
1.323 3.606927 0.081993
1.324 3.606919 0.081793
1.325 3.606912 0.081593
1.326 3.606904 0.081394
1.327 3.606897 0.081194
1.328 3.606890 0.080992
1.329 3.606885 0.080785
1.330 3.606881 0.080579
1.331 3.606876 0.080372
1.332 3.606871 0.080165
1.333 3.606866 0.079959
1.334 3.606861 0.079752
1.335 3.606857 0.079544
1.336 3.606855 0.079329
1.337 3.606854 0.079114
1.338 3.606852 0.078899
1.339 3.606850 0.078684
1.340 3.606848 0.078469
1.341 3.606847 0.078254
1.342 3.606845 0.078039
1.343 3.606847 0.077788
1.344 3.606849 0.077535
1.345 3.606850 0.077282
1.346 3.606852 0.077029
1.347 3.606854 0.076777
1.348 3.606856 0.076524
1.349 3.606858 0.076271
1.350 3.606863 0.075995
1.351 3.606869 0.075704
1.352 3.606875 0.075412
1.353 3.606882 0.075121
1.354 3.606888 0.074830
1.355 3.606895 0.074538
1.356 3.606901 0.074247
1.357 3.606908 0.073957
1.358 3.606920 0.073672
1.359 3.606932 0.073386
1.360 3.606944 0.073101
1.361 3.606956 0.072816
1.362 3.606967 0.072531
1.363 3.606979 0.072246
1.364 3.606991 0.071960
1.365 3.607008 0.071659
1.366 3.607027 0.071349
1.367 3.607045 0.071040
1.368 3.607064 0.070730
1.369 3.607083 0.070421
1.370 3.607102 0.070111
1.371 3.607121 0.069802
1.372 3.607141 0.069488
1.373 3.607169 0.069130
1.374 3.607197 0.068771
1.375 3.607226 0.068413
1.376 3.607254 0.068054
1.377 3.607282 0.067696
1.378 3.607311 0.067337
1.379 3.607339 0.066979
1.380 3.607372 0.066603
1.381 3.607414 0.066201
1.382 3.607455 0.065799
1.383 3.607496 0.065397
1.384 3.607537 0.064996
1.385 3.607579 0.064594
1.386 3.607620 0.064192
1.387 3.607661 0.063790
1.388 3.607714 0.063393
1.389 3.607773 0.062999
1.390 3.607832 0.062605
1.391 3.607892 0.062211
1.392 3.607951 0.061817
1.393 3.608010 0.061422
1.394 3.608069 0.061028
1.395 3.608128 0.060634
1.396 3.608207 0.060231
1.397 3.608290 0.059826
1.398 3.608373 0.059420
1.399 3.608456 0.059015
1.400 3.608539 0.058610
1.401 3.608622 0.058205
1.402 3.608705 0.057799
1.403 3.608788 0.057394
1.404 3.608895 0.056913
1.405 3.609006 0.056421
1.406 3.609117 0.055929
1.407 3.609228 0.055437
1.408 3.609339 0.054944
1.409 3.609450 0.054452
1.410 3.609560 0.053960
1.411 3.609671 0.053468
1.412 3.609804 0.052919
1.413 3.609940 0.052359
1.414 3.610076 0.051800
1.415 3.610212 0.051240
1.416 3.610348 0.050680
1.417 3.610485 0.050121
1.418 3.610621 0.049561
1.419 3.610757 0.049001
1.420 3.610900 0.048389
1.421 3.611046 0.047757
1.422 3.611191 0.047125
1.423 3.611337 0.046493
1.424 3.611483 0.045861
1.425 3.611628 0.045229
1.426 3.611774 0.044597
1.427 3.611920 0.043965
1.428 3.612053 0.043262
1.429 3.612176 0.042494
1.430 3.612298 0.041725
1.431 3.612421 0.040957
1.432 3.612544 0.040189
1.433 3.612666 0.039421
1.434 3.612789 0.038652
1.435 3.612911 0.037884
1.436 3.613012 0.037088
1.437 3.613032 0.036189
1.438 3.613053 0.035289
1.439 3.613073 0.034390
1.440 3.613093 0.033491
1.441 3.613114 0.032592
1.442 3.613134 0.031692
1.443 3.613155 0.030793
1.444 3.613175 0.029894
1.445 3.613195 0.028995
1.446 3.613216 0.028095
1.447 3.613236 0.027196
1.448 3.613257 0.026297
1.449 3.613277 0.025398
1.450 3.613297 0.024499
1.451 3.613318 0.023599
1.452 3.613338 0.022700
1.453 3.613358 0.021801
1.454 3.613379 0.020902
1.455 3.613399 0.020002
1.456 3.613420 0.019103
1.457 3.613440 0.018204
1.458 3.613460 0.017305
1.459 3.613481 0.016405
1.460 3.613501 0.015506
1.461 3.613504 0.014927
1.462 3.613493 0.014620
1.463 3.613481 0.014314
1.464 3.613470 0.014007
1.465 3.613458 0.013700
1.466 3.613447 0.013393
1.467 3.613436 0.013086
1.468 3.613424 0.012779
1.469 3.613413 0.012472
1.470 3.613401 0.012165
1.471 3.613390 0.011859
1.472 3.613378 0.011552
1.473 3.613367 0.011245
1.474 3.613355 0.010938
1.475 3.613344 0.010631
1.476 3.613332 0.010324
1.477 3.613321 0.010017
1.478 3.613309 0.009710
1.479 3.613298 0.009403
1.480 3.613286 0.009097
1.481 3.613275 0.008790
1.482 3.613264 0.008483
1.483 3.613252 0.008176
1.484 3.613241 0.007869
1.485 3.613229 0.007562
1.486 3.613217 0.007256
1.487 3.613172 0.007138
1.488 3.613127 0.007019
1.489 3.613082 0.006901
1.490 3.613036 0.006783
1.491 3.612991 0.006664
1.492 3.612946 0.006546
1.493 3.612900 0.006427
1.494 3.612855 0.006309
1.495 3.612810 0.006190
1.496 3.612765 0.006072
1.497 3.612719 0.005953
1.498 3.612674 0.005835
1.499 3.612629 0.005717
1.500 3.612583 0.005598
1.501 3.612538 0.005480
1.502 3.612493 0.005361
1.503 3.612448 0.005243
1.504 3.612402 0.005124
1.505 3.612357 0.005006
1.506 3.612312 0.004888
1.507 3.612266 0.004769
1.508 3.612221 0.004651
1.509 3.612176 0.004532
1.510 3.612130 0.004414
1.511 3.612085 0.004295
1.512 3.612040 0.004177
1.513 3.611979 0.004092
1.514 3.611907 0.004034
1.515 3.611835 0.003975
1.516 3.611763 0.003917
1.517 3.611690 0.003859
1.518 3.611618 0.003800
1.519 3.611546 0.003742
1.520 3.611474 0.003684
1.521 3.611401 0.003625
1.522 3.611329 0.003567
1.523 3.611257 0.003508
1.524 3.611185 0.003450
1.525 3.611112 0.003392
1.526 3.611040 0.003333
1.527 3.610968 0.003275
1.528 3.610896 0.003217
1.529 3.610823 0.003158
1.530 3.610751 0.003100
1.531 3.610679 0.003041
1.532 3.610607 0.002983
1.533 3.610534 0.002925
1.534 3.610462 0.002866
1.535 3.610390 0.002808
1.536 3.610317 0.002750
1.537 3.610245 0.002691
1.538 3.610173 0.002633
1.539 3.610101 0.002574
1.540 3.610026 0.002519
1.541 3.609942 0.002481
1.542 3.609857 0.002443
1.543 3.609772 0.002404
1.544 3.609687 0.002366
1.545 3.609602 0.002328
1.546 3.609518 0.002290
1.547 3.609433 0.002251
1.548 3.609348 0.002213
1.549 3.609263 0.002175
1.550 3.609178 0.002136
1.551 3.609094 0.002098
1.552 3.609009 0.002060
1.553 3.608924 0.002022
1.554 3.608839 0.001983
1.555 3.608754 0.001945
1.556 3.608670 0.001907
1.557 3.608585 0.001869
1.558 3.608500 0.001830
1.559 3.608415 0.001792
1.560 3.608330 0.001754
1.561 3.608245 0.001715
1.562 3.608161 0.001677
1.563 3.608076 0.001639
1.564 3.607991 0.001601
1.565 3.607906 0.001562
1.566 3.607821 0.001524
1.567 3.607737 0.001486
1.568 3.607652 0.001448
1.569 3.607567 0.001425
1.570 3.607482 0.001409
1.571 3.607397 0.001392
1.572 3.607312 0.001376
1.573 3.607227 0.001359
1.574 3.607142 0.001342
1.575 3.607057 0.001326
1.576 3.606972 0.001309
1.577 3.606887 0.001292
1.578 3.606802 0.001276
1.579 3.606717 0.001259
1.580 3.606632 0.001243
1.581 3.606547 0.001226
1.582 3.606462 0.001209
1.583 3.606377 0.001193
1.584 3.606292 0.001176
1.585 3.606207 0.001160
1.586 3.606122 0.001143
1.587 3.606037 0.001126
1.588 3.605952 0.001110
1.589 3.605867 0.001093
1.590 3.605782 0.001076
1.591 3.605697 0.001060
1.592 3.605612 0.001043
1.593 3.605527 0.001027
1.594 3.605442 0.001010
1.595 3.605357 0.000993
1.596 3.605272 0.000977
1.597 3.605187 0.000960
1.598 3.605105 0.000945
1.599 3.605028 0.000932
1.600 3.604951 0.000919
1.601 3.604875 0.000907
1.602 3.604798 0.000894
1.603 3.604721 0.000881
1.604 3.604645 0.000868
1.605 3.604568 0.000856
1.606 3.604492 0.000843
1.607 3.604415 0.000830
1.608 3.604338 0.000818
1.609 3.604262 0.000805
1.610 3.604185 0.000792
1.611 3.604109 0.000780
1.612 3.604032 0.000767
1.613 3.603955 0.000754
1.614 3.603879 0.000742
1.615 3.603802 0.000729
1.616 3.603726 0.000716
1.617 3.603649 0.000704
1.618 3.603572 0.000691
1.619 3.603496 0.000678
1.620 3.603419 0.000666
1.621 3.603342 0.000653
1.622 3.603266 0.000640
1.623 3.603189 0.000628
1.624 3.603113 0.000615
1.625 3.603036 0.000602
1.626 3.602959 0.000589
1.627 3.602883 0.000577
1.628 3.602806 0.000564
1.629 3.602737 0.000557
1.630 3.602671 0.000554
1.631 3.602606 0.000551
1.632 3.602540 0.000547
1.633 3.602475 0.000544
1.634 3.602409 0.000540
1.635 3.602344 0.000537
1.636 3.602278 0.000534
1.637 3.602213 0.000530
1.638 3.602147 0.000527
1.639 3.602082 0.000523
1.640 3.602016 0.000520
1.641 3.601951 0.000516
1.642 3.601885 0.000513
1.643 3.601820 0.000510
1.644 3.601754 0.000506
1.645 3.601689 0.000503
1.646 3.601623 0.000499
1.647 3.601558 0.000496
1.648 3.601492 0.000492
1.649 3.601427 0.000489
1.650 3.601361 0.000486
1.651 3.601296 0.000482
1.652 3.601230 0.000479
1.653 3.601165 0.000475
1.654 3.601099 0.000472
1.655 3.601034 0.000469
1.656 3.600968 0.000465
1.657 3.600903 0.000462
1.658 3.600837 0.000458
1.659 3.600772 0.000455
1.660 3.600706 0.000451
1.661 3.600650 0.000448
1.662 3.600596 0.000444
1.663 3.600541 0.000441
1.664 3.600487 0.000437
1.665 3.600433 0.000433
1.666 3.600378 0.000430
1.667 3.600324 0.000426
1.668 3.600269 0.000423
1.669 3.600215 0.000419
1.670 3.600161 0.000415
1.671 3.600106 0.000412
1.672 3.600052 0.000408
1.673 3.599998 0.000404
1.674 3.599943 0.000401
1.675 3.599889 0.000397
1.676 3.599835 0.000394
1.677 3.599780 0.000390
1.678 3.599726 0.000386
1.679 3.599672 0.000383
1.680 3.599617 0.000379
1.681 3.599563 0.000376
1.682 3.599508 0.000372
1.683 3.599454 0.000368
1.684 3.599400 0.000365
1.685 3.599345 0.000361
1.686 3.599291 0.000358
1.687 3.599237 0.000354
1.688 3.599182 0.000350
1.689 3.599128 0.000347
1.690 3.599074 0.000343
1.691 3.599019 0.000339
1.692 3.598965 0.000336
1.693 3.598910 0.000332
1.694 3.598863 0.000329
1.695 3.598817 0.000326
1.696 3.598771 0.000324
1.697 3.598725 0.000321
1.698 3.598679 0.000318
1.699 3.598633 0.000315
1.700 3.598587 0.000312
1.701 3.598542 0.000310
1.702 3.598496 0.000307
1.703 3.598450 0.000304
1.704 3.598404 0.000301
1.705 3.598358 0.000299
1.706 3.598312 0.000296
1.707 3.598266 0.000293
1.708 3.598221 0.000290
1.709 3.598175 0.000287
1.710 3.598129 0.000285
1.711 3.598083 0.000282
1.712 3.598037 0.000279
1.713 3.597991 0.000276
1.714 3.597946 0.000273
1.715 3.597900 0.000271
1.716 3.597854 0.000268
1.717 3.597808 0.000265
1.718 3.597762 0.000262
1.719 3.597716 0.000259
1.720 3.597670 0.000257
1.721 3.597625 0.000254
1.722 3.597579 0.000251
1.723 3.597533 0.000248
1.724 3.597487 0.000245
1.725 3.597441 0.000243
1.726 3.597395 0.000240
1.727 3.597349 0.000237
1.728 3.597306 0.000235
1.729 3.597267 0.000235
1.730 3.597228 0.000236
1.731 3.597189 0.000236
1.732 3.597150 0.000236
1.733 3.597111 0.000236
1.734 3.597072 0.000237
1.735 3.597033 0.000237
1.736 3.596994 0.000237
1.737 3.596955 0.000237
1.738 3.596916 0.000238
1.739 3.596877 0.000238
1.740 3.596838 0.000238
1.741 3.596799 0.000238
1.742 3.596760 0.000239
1.743 3.596721 0.000239
1.744 3.596682 0.000239
1.745 3.596643 0.000239
1.746 3.596604 0.000240
1.747 3.596565 0.000240
1.748 3.596526 0.000240
1.749 3.596487 0.000240
1.750 3.596448 0.000241
1.751 3.596409 0.000241
1.752 3.596370 0.000241
1.753 3.596331 0.000241
1.754 3.596292 0.000242
1.755 3.596253 0.000242
1.756 3.596214 0.000242
1.757 3.596175 0.000242
1.758 3.596136 0.000243
1.759 3.596097 0.000243
1.760 3.596058 0.000243
1.761 3.596019 0.000243
1.762 3.595980 0.000244
1.763 3.595941 0.000244
1.764 3.595905 0.000243
1.765 3.595871 0.000241
1.766 3.595837 0.000239
1.767 3.595803 0.000236
1.768 3.595768 0.000234
1.769 3.595734 0.000232
1.770 3.595700 0.000230
1.771 3.595666 0.000228
1.772 3.595632 0.000226
1.773 3.595598 0.000223
1.774 3.595564 0.000221
1.775 3.595530 0.000219
1.776 3.595496 0.000217
1.777 3.595462 0.000215
1.778 3.595428 0.000213
1.779 3.595394 0.000210
1.780 3.595360 0.000208
1.781 3.595326 0.000206
1.782 3.595292 0.000204
1.783 3.595257 0.000202
1.784 3.595223 0.000200
1.785 3.595189 0.000197
1.786 3.595155 0.000195
1.787 3.595121 0.000193
1.788 3.595087 0.000191
1.789 3.595053 0.000189
1.790 3.595019 0.000187
1.791 3.594985 0.000185
1.792 3.594951 0.000182
1.793 3.594917 0.000180
1.794 3.594883 0.000178
1.795 3.594849 0.000176
1.796 3.594815 0.000174
1.797 3.594780 0.000172
1.798 3.594746 0.000169
1.799 3.594712 0.000167
1.800 3.594678 0.000165
1.801 NaN NaN
1.802 NaN NaN
1.803 NaN NaN
1.804 NaN NaN
1.805 NaN NaN
1.806 NaN NaN
1.807 NaN NaN
1.808 NaN NaN
1.809 NaN NaN
1.810 NaN NaN
1.811 NaN NaN
1.812 NaN NaN
1.813 NaN NaN
1.814 NaN NaN
1.815 NaN NaN
1.816 NaN NaN
1.817 NaN NaN
1.818 NaN NaN
1.819 NaN NaN
1.820 NaN NaN
1.821 NaN NaN
1.822 NaN NaN
1.823 NaN NaN
1.824 NaN NaN
1.825 NaN NaN
1.826 NaN NaN
1.827 NaN NaN
1.828 NaN NaN
1.829 NaN NaN
1.830 NaN NaN
1.831 NaN NaN
1.832 NaN NaN
1.833 NaN NaN
1.834 NaN NaN
1.835 NaN NaN
1.836 NaN NaN
1.837 NaN NaN
1.838 NaN NaN
1.839 NaN NaN
1.840 NaN NaN
1.841 NaN NaN
1.842 NaN NaN
1.843 NaN NaN
1.844 NaN NaN
1.845 NaN NaN
1.846 NaN NaN
1.847 NaN NaN
1.848 NaN NaN
1.849 NaN NaN
1.850 NaN NaN
1.851 NaN NaN
1.852 NaN NaN
1.853 NaN NaN
1.854 NaN NaN
1.855 NaN NaN
1.856 NaN NaN
1.857 NaN NaN
1.858 NaN NaN
1.859 NaN NaN
1.860 NaN NaN
1.861 NaN NaN
1.862 NaN NaN
1.863 NaN NaN
1.864 NaN NaN
1.865 NaN NaN
1.866 NaN NaN
1.867 NaN NaN
1.868 NaN NaN
1.869 NaN NaN
1.870 NaN NaN
1.871 NaN NaN
1.872 NaN NaN
1.873 NaN NaN
1.874 NaN NaN
1.875 NaN NaN
1.876 NaN NaN
1.877 NaN NaN
1.878 NaN NaN
1.879 NaN NaN
1.880 NaN NaN
1.881 NaN NaN
1.882 NaN NaN
1.883 NaN NaN
1.884 NaN NaN
1.885 NaN NaN
1.886 NaN NaN
1.887 NaN NaN
1.888 NaN NaN
1.889 NaN NaN
1.890 NaN NaN
1.891 NaN NaN
1.892 NaN NaN
1.893 NaN NaN
1.894 NaN NaN
1.895 NaN NaN
1.896 NaN NaN
1.897 NaN NaN
1.898 NaN NaN
1.899 NaN NaN
1.900 NaN NaN
1.901 NaN NaN
1.902 NaN NaN
1.903 NaN NaN
1.904 NaN NaN
1.905 NaN NaN
1.906 NaN NaN
1.907 NaN NaN
1.908 NaN NaN
1.909 NaN NaN
1.910 NaN NaN
1.911 NaN NaN
1.912 NaN NaN
1.913 NaN NaN
1.914 NaN NaN
1.915 NaN NaN
1.916 NaN NaN
1.917 NaN NaN
1.918 NaN NaN
1.919 NaN NaN
1.920 NaN NaN
1.921 NaN NaN
1.922 NaN NaN
1.923 NaN NaN
1.924 NaN NaN
1.925 NaN NaN
1.926 NaN NaN
1.927 NaN NaN
1.928 NaN NaN
1.929 NaN NaN
1.930 NaN NaN
1.931 NaN NaN
1.932 NaN NaN
1.933 NaN NaN
1.934 NaN NaN
1.935 NaN NaN
1.936 NaN NaN
1.937 NaN NaN
1.938 NaN NaN
1.939 NaN NaN
1.940 NaN NaN
1.941 NaN NaN
1.942 NaN NaN
1.943 NaN NaN
1.944 NaN NaN
1.945 NaN NaN
1.946 NaN NaN
1.947 NaN NaN
1.948 NaN NaN
1.949 NaN NaN
1.950 NaN NaN