0.253 2.337573 3.387642
0.254 2.397902 3.392433
0.255 2.457404 3.397554
0.256 2.518729 3.401737
0.257 2.582154 3.405671
0.258 2.648514 3.409206
0.259 2.719492 3.410271
0.260 2.795777 3.407756
0.261 2.874101 3.397484
0.262 2.955190 3.380835
0.263 3.036771 3.353383
0.264 3.119590 3.319807
0.265 3.196168 3.275791
0.266 3.268875 3.224647
0.267 3.335205 3.166539
0.268 3.393547 3.102916
0.269 3.441553 3.036899
0.270 3.483640 2.968033
0.271 3.516803 2.899729
0.272 3.543946 2.833019
0.273 3.563533 2.767532
0.274 3.578493 2.702817
0.275 3.589350 2.643960
0.276 3.596131 2.586588
0.277 3.597576 2.531432
0.278 3.598658 2.480714
0.279 3.596611 2.432078
0.280 3.593095 2.386026
0.281 3.588538 2.343391
0.282 3.581566 2.302305
0.283 3.575225 2.263476
0.284 3.567166 2.227854
0.285 3.557885 2.192098
0.286 3.548333 2.159912
0.287 3.538458 2.128941
0.288 3.526198 2.100215
0.289 3.515342 2.072822
0.290 3.505315 2.047238
0.291 3.492827 2.021669
0.292 3.480163 1.999733
0.293 3.467737 1.978671
0.294 3.456056 1.958434
0.295 3.444209 1.941768
0.296 3.430488 1.924258
0.297 3.418653 1.908968
0.298 3.406682 1.893495
0.299 3.394464 1.879257
0.300 3.384144 1.868281
0.301 3.371880 1.855356
0.302 3.361200 1.845758
0.303 3.350201 1.836825
0.304 3.341497 1.828354
0.305 3.330908 1.819833
0.306 3.321180 1.811980
0.307 3.311977 1.804408
0.308 3.302093 1.799760
0.309 3.293730 1.793703
0.310 3.286258 1.789355
0.311 3.279031 1.784432
0.312 3.270480 1.780145
0.313 3.264646 1.777196
0.314 3.257347 1.774118
0.315 3.251749 1.771353
0.316 3.245674 1.769174
0.317 3.240524 1.767901
0.318 3.234748 1.765735
0.319 3.229411 1.765298
0.320 3.224932 1.763849
0.321 3.221186 1.762879
0.322 3.215963 1.763270
0.323 3.213252 1.763796
0.324 3.210650 1.764723
0.325 3.206046 1.762979
0.326 3.202861 1.763071
0.327 3.200942 1.763867
0.328 3.198853 1.765104
0.329 3.197301 1.766178
0.330 3.195544 1.767566
0.331 3.194033 1.768632
0.332 3.192753 1.770178
0.333 3.191285 1.771707
0.334 3.190106 1.774991
0.335 3.189017 1.777903
0.336 3.188250 1.779451
0.337 3.187439 1.781428
0.338 3.188297 1.783315
0.339 3.189243 1.785655
0.340 3.188832 1.790537
0.341 3.189595 1.792513
0.342 3.191317 1.794888
0.343 3.191329 1.797231
0.344 3.192010 1.802237
0.345 3.194307 1.805138
0.346 3.196168 1.807778
0.347 3.198173 1.812865
0.348 3.200441 1.816417
0.349 3.202402 1.818932
0.350 3.205150 1.824296
0.351 3.207461 1.828162
0.352 3.210488 1.832040
0.353 3.213976 1.837361
0.354 3.216460 1.840778
0.355 3.219605 1.845762
0.356 3.224095 1.850491
0.357 3.227900 1.854297
0.358 3.232174 1.860195
0.359 3.236828 1.864971
0.360 3.241344 1.870991
0.361 3.247356 1.875778
0.362 3.252151 1.881629
0.363 3.257127 1.886768
0.364 3.264433 1.893337
0.365 3.270251 1.899459
0.366 3.276670 1.904311
0.367 3.284088 1.911684
0.368 3.290203 1.917760
0.369 3.297697 1.924551
0.370 3.306394 1.931393
0.371 3.317116 1.938156
0.372 3.326907 1.945339
0.373 3.336357 1.952044
0.374 3.347708 1.959020
0.375 3.360372 1.965610
0.376 3.372737 1.972626
0.377 3.385735 1.977611
0.378 3.400407 1.982473
0.379 3.415219 1.985979
0.380 3.432353 1.988636
0.381 3.448371 1.989731
0.382 3.463237 1.989929
0.383 3.476287 1.989255
0.384 3.489325 1.987607
0.385 3.502380 1.986617
0.386 3.513576 1.985147
0.387 3.522238 1.983380
0.388 3.530760 1.983609
0.389 3.539008 1.982545
0.390 3.548180 1.985731
0.391 3.556204 1.988997
0.392 3.564330 1.993990
0.393 3.573047 2.000978
0.394 3.582781 2.008488
0.395 3.594134 2.017422
0.396 3.608098 2.027398
0.397 3.624029 2.038270
0.398 3.640402 2.050469
0.399 3.660753 2.060924
0.400 3.683421 2.069968
0.401 3.708576 2.080595
0.402 3.734768 2.090068
0.403 3.765514 2.097593
0.404 3.797754 2.103601
0.405 3.831151 2.106923
0.406 3.866177 2.106961
0.407 3.900357 2.105105
0.408 3.934505 2.100873
0.409 3.968486 2.095168
0.410 4.002166 2.088277
0.411 4.035614 2.079161
0.412 4.068677 2.068757
0.413 4.101362 2.057095
0.414 4.133810 2.043865
0.415 4.166566 2.028780
0.416 4.200159 2.012694
0.417 4.233723 1.994868
0.418 4.266844 1.975015
0.419 4.299910 1.951623
0.420 4.332116 1.926088
0.421 4.362757 1.897810
0.422 4.392622 1.867175
0.423 4.421368 1.834620
0.424 4.446557 1.798795
0.425 4.469938 1.761898
0.426 4.490357 1.723261
0.427 4.508084 1.683440
0.428 4.522077 1.643290
0.429 4.531976 1.602723
0.430 4.540344 1.562074
0.431 4.544667 1.522610
0.432 4.546301 1.484484
0.433 4.546269 1.447287
0.434 4.543286 1.411883
0.435 4.539312 1.378444
0.436 4.533807 1.345501
0.437 4.526242 1.314014
0.438 4.518822 1.283722
0.439 4.512348 1.255159
0.440 4.503689 1.228660
0.441 4.494264 1.202830
0.442 4.484773 1.178955
0.443 4.474559 1.156634
0.444 4.463303 1.134858
0.445 4.452061 1.113315
0.446 4.442220 1.093352
0.447 4.432085 1.075384
0.448 4.422236 1.057558
0.449 4.412240 1.040746
0.450 4.402513 1.023538
0.451 4.392556 1.007723
0.452 4.382723 0.991668
0.453 4.373029 0.977524
0.454 4.363097 0.964142
0.455 4.353538 0.950487
0.456 4.343781 0.937612
0.457 4.334145 0.925113
0.458 4.325716 0.913052
0.459 4.318028 0.901367
0.460 4.309311 0.890235
0.461 4.299986 0.879604
0.462 4.290585 0.868927
0.463 4.281716 0.858825
0.464 4.273959 0.849055
0.465 4.266404 0.839597
0.466 4.257932 0.830410
0.467 4.249524 0.821519
0.468 4.242067 0.812762
0.469 4.234856 0.804267
0.470 4.226875 0.796040
0.471 4.219798 0.788133
0.472 4.212892 0.780342
0.473 4.204772 0.772657
0.474 4.197947 0.765678
0.475 4.191597 0.758392
0.476 4.184929 0.751410
0.477 4.178536 0.744500
0.478 4.171279 0.737990
0.479 4.164612 0.731487
0.480 4.158354 0.725069
0.481 4.152539 0.718809
0.482 4.146570 0.712963
0.483 4.140698 0.706866
0.484 4.134727 0.700925
0.485 4.129141 0.695467
0.486 4.123334 0.689797
0.487 4.117696 0.684271
0.488 4.112577 0.678989
0.489 4.106525 0.673801
0.490 4.101354 0.668474
0.491 4.095842 0.663083
0.492 4.090582 0.658034
0.493 4.084951 0.653190
0.494 4.081004 0.648569
0.495 4.076582 0.643637
0.496 4.071246 0.638795
0.497 4.066059 0.634132
0.498 4.060866 0.629665
0.499 4.056116 0.625112
0.500 4.051225 0.620776
0.501 4.046874 0.616383
0.502 4.042818 0.612036
0.503 4.037997 0.607888
0.504 4.033892 0.603730
0.505 4.029882 0.599480
0.506 4.025569 0.595261
0.507 4.021114 0.591294
0.508 4.017405 0.587435
0.509 4.013211 0.583641
0.510 4.008527 0.579861
0.511 4.003839 0.576075
0.512 3.999635 0.572353
0.513 3.996101 0.568680
0.514 3.992152 0.565022
0.515 3.987971 0.561367
0.516 3.984338 0.557749
0.517 3.980594 0.554183
0.518 3.976549 0.550644
0.519 3.972969 0.547278
0.520 3.969987 0.543986
0.521 3.966700 0.540578
0.522 3.962645 0.537230
0.523 3.958734 0.534101
0.524 3.955648 0.530762
0.525 3.951614 0.527605
0.526 3.947653 0.524460
0.527 3.944527 0.521273
0.528 3.940996 0.518186
0.529 3.937086 0.515244
0.530 3.933907 0.512297
0.531 3.931464 0.509269
0.532 3.928329 0.506288
0.533 3.924328 0.503460
0.534 3.920974 0.500575
0.535 3.918659 0.497907
0.536 3.915878 0.495083
0.537 3.912079 0.492158
0.538 3.908386 0.489388
0.539 3.905675 0.486772
0.540 3.903062 0.483951
0.541 3.898573 0.481466
0.542 3.895799 0.478989
0.543 3.893359 0.476259
0.544 3.890641 0.473667
0.545 3.887396 0.471218
0.546 3.883938 0.468670
0.547 3.881704 0.466041
0.548 3.879177 0.463667
0.549 3.875996 0.461335
0.550 3.872769 0.459018
0.551 3.869948 0.456593
0.552 3.867671 0.453959
0.553 3.865264 0.451659
0.554 3.861321 0.449400
0.555 3.858522 0.447153
0.556 3.856538 0.444909
0.557 3.854492 0.442667
0.558 3.852341 0.440449
0.559 3.849699 0.438262
0.560 3.846655 0.436085
0.561 3.843794 0.433911
0.562 3.841640 0.431741
0.563 3.839758 0.429589
0.564 3.836484 0.427667
0.565 3.833477 0.425723
0.566 3.831082 0.423689
0.567 3.829025 0.421578
0.568 3.826601 0.419488
0.569 3.823593 0.417417
0.570 3.820763 0.415359
0.571 3.818805 0.413321
0.572 3.817173 0.411609
0.573 3.815386 0.409663
0.574 3.812939 0.407640
0.575 3.809686 0.405649
0.576 3.807366 0.403851
0.577 3.805519 0.402005
0.578 3.803523 0.400228
0.579 3.801022 0.398565
0.580 3.797919 0.396610
0.581 3.795856 0.394892
0.582 3.794270 0.393183
0.583 3.792746 0.391291
0.584 3.790631 0.389625
0.585 3.787961 0.387945
0.586 3.785214 0.386230
0.587 3.783452 0.384436
0.588 3.781874 0.382820
0.589 3.780206 0.381243
0.590 3.778330 0.379657
0.591 3.775441 0.377799
0.592 3.773188 0.376145
0.593 3.771375 0.374604
0.594 3.769833 0.373063
0.595 3.767633 0.371531
0.596 3.765216 0.370008
0.597 3.762701 0.368495
0.598 3.761232 0.366691
0.599 3.759818 0.365142
0.600 3.758371 0.363839
0.601 3.756445 0.362296
0.602 3.753972 0.360765
0.603 3.751368 0.359242
0.604 3.750053 0.357728
0.605 3.748736 0.356378
0.606 3.747339 0.355066
0.607 3.745631 0.353595
0.608 3.742993 0.352141
0.609 3.740396 0.350691
0.610 3.739112 0.349235
0.611 3.737833 0.347782
0.612 3.736445 0.346389
0.613 3.734694 0.345189
0.614 3.732381 0.343814
0.615 3.730095 0.342388
0.616 3.728789 0.341029
0.617 3.727305 0.339765
0.618 3.725596 0.338519
0.619 3.723041 0.337094
0.620 3.721123 0.335731
0.621 3.719656 0.334415
0.622 3.718670 0.333216
0.623 3.717378 0.331956
0.624 3.715768 0.330632
0.625 3.713426 0.329440
0.626 3.711362 0.328209
0.627 3.709922 0.326887
0.628 3.708899 0.325705
0.629 3.707861 0.324528
0.630 3.706202 0.323176
0.631 3.704021 0.321974
0.632 3.701469 0.320877
0.633 3.700588 0.319810
0.634 3.699667 0.318723
0.635 3.698615 0.317599
0.636 3.697263 0.316360
0.637 3.695675 0.315107
0.638 3.693055 0.314050
0.639 3.691317 0.312999
0.640 3.690552 0.311953
0.641 3.689570 0.310738
0.642 3.688456 0.309513
0.643 3.686924 0.308408
0.644 3.685074 0.307338
0.645 3.682916 0.306302
0.646 3.681759 0.305276
0.647 3.680772 0.304211
0.648 3.679651 0.302924
0.649 3.678229 0.301761
0.650 3.676462 0.300740
0.651 3.674801 0.299722
0.652 3.673211 0.298710
0.653 3.672254 0.297761
0.654 3.671263 0.296863
0.655 3.670205 0.296063
0.656 3.668532 0.295137
0.657 3.666473 0.294132
0.658 3.665128 0.293132
0.659 3.663964 0.292134
0.660 3.663321 0.291143
0.661 3.662391 0.290154
0.662 3.660991 0.289166
0.663 3.659123 0.288178
0.664 3.656965 0.287190
0.665 3.656103 0.286205
0.666 3.655453 0.285222
0.667 3.654418 0.284246
0.668 3.653268 0.283339
0.669 3.651805 0.282616
0.670 3.650299 0.281775
0.671 3.648745 0.280802
0.672 3.647684 0.279831
0.673 3.646879 0.278861
0.674 3.645856 0.277957
0.675 3.644785 0.277068
0.676 3.642965 0.276281
0.677 3.641307 0.275466
0.678 3.640456 0.274506
0.679 3.639635 0.273623
0.680 3.638880 0.272908
0.681 3.637853 0.272100
0.682 3.636501 0.271179
0.683 3.634980 0.270365
0.684 3.633339 0.269627
0.685 3.632310 0.268741
0.686 3.631540 0.267793
0.687 3.630586 0.267038
0.688 3.629590 0.266330
0.689 3.627922 0.265626
0.690 3.626186 0.264922
0.691 3.625315 0.263986
0.692 3.624465 0.263065
0.693 3.623829 0.262360
0.694 3.623103 0.261655
0.695 3.621803 0.260952
0.696 3.620476 0.260229
0.697 3.619040 0.259428
0.698 3.617778 0.258631
0.699 3.617079 0.257847
0.700 3.616288 0.257074
0.701 3.615249 0.256331
0.702 3.614015 0.255600
0.703 3.612307 0.254900
0.704 3.610978 0.254201
0.705 3.610531 0.253505
0.706 3.610019 0.252809
0.707 3.609354 0.252113
0.708 3.608614 0.251417
0.709 3.607686 0.250719
0.710 3.606588 0.250041
0.711 3.605016 0.249417
0.712 3.603674 0.248810
0.713 3.603109 0.248264
0.714 3.602498 0.247690
0.715 3.601680 0.246997
0.716 3.600811 0.246303
0.717 3.599575 0.245607
0.718 3.598344 0.244911
0.719 3.597211 0.244216
0.720 3.596078 0.243521
0.721 3.595658 0.242888
0.722 3.595260 0.242258
0.723 3.594232 0.241708
0.724 3.593111 0.241170
0.725 3.591799 0.240513
0.726 3.590428 0.239820
0.727 3.589558 0.239248
0.728 3.588962 0.238742
0.729 3.588399 0.238153
0.730 3.587867 0.237485
0.731 3.587195 0.236865
0.732 3.586284 0.236324
0.733 3.585290 0.235764
0.734 3.583986 0.235128
0.735 3.582718 0.234500
0.736 3.582236 0.234013
0.737 3.581754 0.233526
0.738 3.581222 0.233040
0.739 3.580682 0.232554
0.740 3.579737 0.232018
0.741 3.578588 0.231455
0.742 3.577501 0.230929
0.743 3.576487 0.230444
0.744 3.575634 0.229961
0.745 3.575306 0.229480
0.746 3.574979 0.228998
0.747 3.574145 0.228365
0.748 3.573310 0.227731
0.749 3.572205 0.227204
0.750 3.571009 0.226712
0.751 3.570049 0.226219
0.752 3.569339 0.225724
0.753 3.568713 0.225234
0.754 3.568404 0.224765
0.755 3.568094 0.224296
0.756 3.567563 0.223777
0.757 3.567013 0.223254
0.758 3.566241 0.222685
0.759 3.565332 0.222087
0.760 3.564480 0.221530
0.761 3.563763 0.221070
0.762 3.563046 0.220609
0.763 3.562503 0.220150
0.764 3.561967 0.219692
0.765 3.561358 0.219332
0.766 3.560704 0.219035
0.767 3.560101 0.218684
0.768 3.559645 0.218178
0.769 3.559188 0.217673
0.770 3.558607 0.217165
0.771 3.558009 0.216657
0.772 3.557460 0.216148
0.773 3.556964 0.215638
0.774 3.556472 0.215119
0.775 3.556030 0.214504
0.776 3.555588 0.213890
0.777 3.555050 0.213390
0.778 3.554462 0.212948
0.779 3.553901 0.212506
0.780 3.553431 0.212066
0.781 3.552960 0.211625
0.782 3.552521 0.211186
0.783 3.552090 0.210747
0.784 3.551658 0.210305
0.785 3.551225 0.209854
0.786 3.550792 0.209403
0.787 3.550306 0.208980
0.788 3.549809 0.208564
0.789 3.549315 0.208139
0.790 3.548828 0.207695
0.791 3.548341 0.207250
0.792 3.547923 0.206683
0.793 3.547519 0.206088
0.794 3.547121 0.205491
0.795 3.546736 0.204887
0.796 3.546351 0.204283
0.797 3.545972 0.203810
0.798 3.545594 0.203385
0.799 3.545206 0.202929
0.800 3.544767 0.202331
0.801 3.544329 0.201732
0.802 3.543863 0.201238
0.803 3.543379 0.200815
0.804 3.542895 0.200393
0.805 3.542530 0.199973
0.806 3.542165 0.199554
0.807 3.541802 0.199111
0.808 3.541441 0.198632
0.809 3.541081 0.198152
0.810 3.540721 0.197638
0.811 3.540362 0.197112
0.812 3.540003 0.196584
0.813 3.539647 0.196027
0.814 3.539291 0.195470
0.815 3.538939 0.194891
0.816 3.538591 0.194285
0.817 3.538243 0.193679
0.818 3.537843 0.193095
0.819 3.537426 0.192519
0.820 3.537007 0.191953
0.821 3.536572 0.191545
0.822 3.536136 0.191137
0.823 3.535734 0.190729
0.824 3.535396 0.190322
0.825 3.535059 0.189916
0.826 3.534731 0.189410
0.827 3.534411 0.188841
0.828 3.534091 0.188272
0.829 3.533776 0.187844
0.830 3.533463 0.187440
0.831 3.533151 0.187023
0.832 3.532844 0.186459
0.833 3.532536 0.185894
0.834 3.532229 0.185332
0.835 3.531920 0.184776
0.836 3.531611 0.184220
0.837 3.531306 0.183737
0.838 3.531004 0.183332
0.839 3.530702 0.182926
0.840 3.530407 0.182520
0.841 3.530115 0.182112
0.842 3.529823 0.181704
0.843 3.529532 0.181187
0.844 3.529241 0.180642
0.845 3.528951 0.180098
0.846 3.528663 0.179650
0.847 3.528375 0.179209
0.848 3.528088 0.178766
0.849 3.527808 0.178263
0.850 3.527527 0.177760
0.851 3.527247 0.177273
0.852 3.526970 0.176881
0.853 3.526693 0.176490
0.854 3.526417 0.176099
0.855 3.526141 0.175708
0.856 3.525865 0.175318
0.857 3.525591 0.174928
0.858 3.525320 0.174539
0.859 3.525049 0.174149
0.860 3.524808 0.173760
0.861 3.524637 0.173371
0.862 3.524467 0.172983
0.863 3.524295 0.172594
0.864 3.524122 0.172206
0.865 3.523949 0.171818
0.866 3.523755 0.171431
0.867 3.523513 0.171044
0.868 3.523271 0.170657
0.869 3.523029 0.170271
0.870 3.522789 0.169885
0.871 3.522550 0.169499
0.872 3.522311 0.169114
0.873 3.522078 0.168730
0.874 3.521845 0.168346
0.875 3.521612 0.167972
0.876 3.521382 0.167654
0.877 3.521151 0.167336
0.878 3.520921 0.167011
0.879 3.520692 0.166565
0.880 3.520463 0.166118
0.881 3.520234 0.165672
0.882 3.520056 0.165421
0.883 3.519881 0.165184
0.884 3.519706 0.164947
0.885 3.519581 0.164596
0.886 3.519468 0.164215
0.887 3.519355 0.163835
0.888 3.519187 0.163455
0.889 3.518988 0.163075
0.890 3.518789 0.162696
0.891 3.518590 0.162317
0.892 3.518393 0.161939
0.893 3.518195 0.161560
0.894 3.517998 0.161171
0.895 3.517804 0.160747
0.896 3.517610 0.160324
0.897 3.517417 0.159899
0.898 3.517240 0.159427
0.899 3.517064 0.158955
0.900 3.516888 0.158482
0.901 3.516822 0.158186
0.902 3.516790 0.157944
0.903 3.516758 0.157703
0.904 3.516651 0.157377
0.905 3.516464 0.156962
0.906 3.516278 0.156547
0.907 3.516108 0.156140
0.908 3.516014 0.155764
0.909 3.515919 0.155387
0.910 3.515824 0.155011
0.911 3.515736 0.154630
0.912 3.515648 0.154247
0.913 3.515561 0.153864
0.914 3.515451 0.153479
0.915 3.515321 0.153093
0.916 3.515191 0.152707
0.917 3.515063 0.152322
0.918 3.514950 0.151936
0.919 3.514837 0.151551
0.920 3.514724 0.151165
0.921 3.514651 0.150778
0.922 3.514591 0.150390
0.923 3.514532 0.150001
0.924 3.514482 0.149607
0.925 3.514453 0.149200
0.926 3.514424 0.148793
0.927 3.514395 0.148386
0.928 3.514374 0.147973
0.929 3.514355 0.147560
0.930 3.514335 0.147146
0.931 3.514325 0.146742
0.932 3.514331 0.146354
0.933 3.514337 0.145966
0.934 3.514342 0.145578
0.935 3.514388 0.145223
0.936 3.514438 0.144872
0.937 3.514489 0.144522
0.938 3.514546 0.144146
0.939 3.514616 0.143725
0.940 3.514686 0.143304
0.941 3.514757 0.142883
0.942 3.514832 0.142424
0.943 3.514909 0.141956
0.944 3.514986 0.141487
0.945 3.515063 0.141019
0.946 3.515140 0.140550
0.947 3.515217 0.140082
0.948 3.515294 0.139613
0.949 3.515372 0.139141
0.950 3.515449 0.138667
0.951 3.515526 0.138193
0.952 3.515604 0.137719
0.953 3.515684 0.137186
0.954 3.515765 0.136652
0.955 3.515845 0.136117
0.956 3.515926 0.135576
0.957 3.516008 0.135024
0.958 3.516090 0.134471
0.959 3.516171 0.133919
0.960 3.516253 0.133366
0.961 3.516335 0.132812
0.962 3.516417 0.132259
0.963 3.516499 0.131705
0.964 3.516578 0.131148
0.965 3.516657 0.130589
0.966 3.516736 0.130031
0.967 3.516811 0.129464
0.968 3.516861 0.128842
0.969 3.516910 0.128220
0.970 3.516959 0.127598
0.971 3.517005 0.126970
0.972 3.517044 0.126328
0.973 3.517084 0.125686
0.974 3.517124 0.125044
0.975 3.517164 0.124402
0.976 3.517204 0.123761
0.977 3.517244 0.123120
0.978 3.517285 0.122478
0.979 3.517321 0.121835
0.980 3.517356 0.121191
0.981 3.517391 0.120548
0.982 3.517426 0.119904
0.983 3.517395 0.119233
0.984 3.517351 0.118557
0.985 3.517307 0.117881
0.986 3.517263 0.117205
0.987 3.517197 0.116519
0.988 3.517130 0.115832
0.989 3.517063 0.115146
0.990 3.516996 0.114459
0.991 3.516929 0.113773
0.992 3.516862 0.113087
0.993 3.516796 0.112401
0.994 3.516729 0.111714
0.995 3.516658 0.111030
0.996 3.516587 0.110346
0.997 3.516516 0.109661
0.998 3.516443 0.108977
0.999 3.516292 0.108315
1.000 3.516141 0.107653
1.001 3.515990 0.106991
1.002 3.515839 0.106330
1.003 3.515665 0.105675
1.004 3.515491 0.105020
1.005 3.515317 0.104365
1.006 3.515142 0.103710
1.007 3.514969 0.103055
1.008 3.514795 0.102400
1.009 3.514622 0.101745
1.010 3.514448 0.101090
1.011 3.514274 0.100437
1.012 3.514099 0.099785
1.013 3.513925 0.099134
1.014 3.513750 0.098482
1.015 3.513553 0.097881
1.016 3.513346 0.097301
1.017 3.513139 0.096722
1.018 3.512932 0.096142
1.019 3.512720 0.095573
1.020 3.512503 0.095013
1.021 3.512287 0.094454
1.022 3.512071 0.093894
1.023 3.511855 0.093335
1.024 3.511639 0.092775
1.025 3.511424 0.092215
1.026 3.511208 0.091656
1.027 3.510993 0.091097
1.028 3.510779 0.090540
1.029 3.510565 0.089984
1.030 3.510352 0.089427
1.031 3.510138 0.088871
1.032 3.509960 0.088387
1.033 3.509789 0.087915
1.034 3.509617 0.087443
1.035 3.509445 0.086970
1.036 3.509280 0.086487
1.037 3.509120 0.085996
1.038 3.508961 0.085504
1.039 3.508801 0.085013
1.040 3.508642 0.084515
1.041 3.508483 0.083997
1.042 3.508323 0.083479
1.043 3.508164 0.082960
1.044 3.508005 0.082442
1.045 3.507850 0.081923
1.046 3.507696 0.081403
1.047 3.507542 0.080884
1.048 3.507388 0.080365
1.049 3.507324 0.079821
1.050 3.507377 0.079245
1.051 3.507430 0.078670
1.052 3.507482 0.078094
1.053 3.507535 0.077519
1.054 3.507646 0.076924
1.055 3.507758 0.076328
1.056 3.507869 0.075732
1.057 3.507981 0.075137
1.058 3.508092 0.074541
1.059 3.508204 0.073946
1.060 3.508315 0.073350
1.061 3.508427 0.072755
1.062 3.508539 0.072160
1.063 3.508652 0.071556
1.064 3.508764 0.070952
1.065 3.508877 0.070348
1.066 3.508990 0.069744
1.067 3.509136 0.068912
1.068 3.509331 0.067751
1.069 3.509525 0.066590
1.070 3.509719 0.065429
1.071 3.509913 0.064268
1.072 3.510128 0.062953
1.073 3.510347 0.061600
1.074 3.510566 0.060247
1.075 3.510785 0.058894
1.076 3.511005 0.057532
1.077 3.511226 0.056123
1.078 3.511447 0.054714
1.079 3.511668 0.053305
1.080 3.511889 0.051896
1.081 3.512111 0.050426
1.082 3.512334 0.048890
1.083 3.512557 0.047354
1.084 3.512780 0.045818
1.085 3.513003 0.044282
1.086 3.512410 0.042497
1.087 3.511549 0.040631
1.088 3.510689 0.038764
1.089 3.509829 0.036898
1.090 3.508969 0.035031
1.091 3.508109 0.033165
1.092 3.507194 0.031269
1.093 3.506164 0.029312
1.094 3.505134 0.027355
1.095 3.504104 0.025399
1.096 3.503074 0.023442
1.097 3.502044 0.021485
1.098 3.501014 0.019528
1.099 3.499939 0.018013
1.100 3.498854 0.016599
1.101 3.497768 0.015185
1.102 3.496682 0.013771
1.103 3.495597 0.012357
1.104 3.494511 0.010943
1.105 3.493408 0.009716
1.106 3.492244 0.009124
1.107 3.491080 0.008531
1.108 3.489916 0.007939
1.109 3.488752 0.007347
1.110 3.487588 0.006755
1.111 3.486424 0.006162
1.112 3.485275 0.005656
1.113 3.484137 0.005216
1.114 3.482999 0.004777
1.115 3.481861 0.004337
1.116 3.480723 0.003897
1.117 3.479586 0.003458
1.118 3.478448 0.003018
1.119 3.477605 0.002793
1.120 3.476829 0.002617
1.121 3.476053 0.002441
1.122 3.475277 0.002265
1.123 3.474501 0.002088
1.124 3.473725 0.001912
1.125 3.472949 0.001736
1.126 3.472220 0.001627
1.127 3.471492 0.001520
1.128 3.470764 0.001412
1.129 3.470035 0.001305
1.130 3.469307 0.001197
1.131 3.468579 0.001089
1.132 3.467857 0.000985
1.133 3.467219 0.000926
1.134 3.466582 0.000867
1.135 3.465944 0.000807
1.136 3.465306 0.000748
1.137 3.464668 0.000689
1.138 3.464031 0.000629
1.139 3.463399 0.000574
1.140 3.462849 0.000569
1.141 3.462299 0.000564
1.142 3.461748 0.000559
1.143 3.461198 0.000554
1.144 3.460648 0.000549
1.145 3.460098 0.000545
1.146 3.459547 0.000540
1.147 3.459010 0.000488
1.148 3.458473 0.000435
1.149 3.457936 0.000382
1.150 3.457398 0.000330
1.151 3.456861 0.000277
1.152 3.456324 0.000225
1.153 3.455787 0.000172
1.154 3.455311 0.000148
1.155 3.454849 0.000132
1.156 3.454387 0.000115
1.157 3.453926 0.000098
1.158 3.453464 0.000081
1.159 3.453003 0.000065
1.160 3.452541 0.000048
1.161 3.452083 0.000039
1.162 3.451629 0.000037
1.163 3.451175 0.000035
1.164 3.450721 0.000033
1.165 3.450266 0.000031
1.166 3.449812 0.000029
1.167 3.449358 0.000027
1.168 3.448912 0.000025
1.169 3.448500 0.000024
1.170 3.448089 0.000023
1.171 3.447677 0.000021
1.172 3.447265 0.000020
1.173 3.446854 0.000019
1.174 3.446442 0.000018
1.175 3.446031 0.000016
1.176 3.445640 0.000015
1.177 3.445256 0.000015
1.178 3.444873 0.000014
1.179 3.444489 0.000013
1.180 3.444106 0.000013
1.181 3.443722 0.000012
1.182 3.443339 0.000011
1.183 3.442957 0.000010
1.184 3.442582 0.000010
1.185 3.442208 0.000009
1.186 3.441834 0.000009
1.187 3.441459 0.000008
1.188 3.441085 0.000007
1.189 3.440711 0.000007
1.190 3.440336 0.000006
1.191 3.439980 0.000006
1.192 3.439639 0.000005
1.193 3.439298 0.000005
1.194 3.438957 0.000005
1.195 3.438616 0.000005
1.196 3.438275 0.000004
1.197 3.437934 0.000004
1.198 3.437593 0.000004
1.199 3.437254 0.000004
1.200 3.436915 0.000003
1.201 3.436577 0.000003
1.202 3.436238 0.000003
1.203 3.435899 0.000003
1.204 3.435560 0.000003
1.205 3.435222 0.000002
1.206 3.434883 0.000002
1.207 3.434570 0.000002
1.208 3.434259 0.000002
1.209 3.433948 0.000002
1.210 3.433637 0.000002
1.211 3.433326 0.000002
1.212 3.433014 0.000001
1.213 3.432703 0.000001
1.214 3.432392 0.000001
1.215 3.432093 0.000001
1.216 3.431794 0.000001
1.217 3.431495 0.000001
1.218 3.431196 0.000001
1.219 3.430897 0.000001
1.220 3.430598 0.000001
1.221 3.430298 0.000001
1.222 3.429999 0.000001
1.223 3.429709 0.000001
1.224 3.429419 0.000001
1.225 3.429129 0.000001
1.226 3.428839 0.000001
1.227 3.428549 0.000000
1.228 3.428259 0.000000
1.229 3.427969 0.000000
1.230 3.427679 0.000000
1.231 3.427407 0.000000
1.232 3.427139 0.000000
1.233 3.426872 0.000000
1.234 3.426605 0.000000
1.235 3.426337 0.000000
1.236 3.426070 0.000000
1.237 3.425802 0.000000
1.238 3.425535 0.000000
1.239 3.425268 0.000000
1.240 3.425002 0.000000
1.241 3.424736 0.000000
1.242 3.424470 0.000000
1.243 3.424204 0.000000
1.244 3.423937 0.000000
1.245 3.423671 0.000000
1.246 3.423405 0.000000
1.247 3.423142 0.000000
1.248 3.422894 0.000000
1.249 3.422647 0.000000
1.250 3.422400 0.000000
1.251 3.422153 0.000000
1.252 3.421905 0.000000
1.253 3.421658 0.000000
1.254 3.421411 0.000000
1.255 3.421163 0.000000
1.256 3.420920 0.000000
1.257 3.420678 0.000000
1.258 3.420435 0.000000
1.259 3.420193 0.000000
1.260 3.419951 0.000000
1.261 3.419709 0.000000
1.262 3.419467 0.000000
1.263 3.419225 0.000000
1.264 3.418984 0.000000
1.265 3.418749 0.000000
1.266 3.418515 0.000000
1.267 3.418281 0.000000
1.268 3.418047 0.000000
1.269 3.417813 0.000000
1.270 3.417579 0.000000
1.271 3.417345 0.000000
1.272 3.417111 0.000000
1.273 3.416881 0.000000
1.274 3.416661 0.000000
1.275 3.416441 0.000000
1.276 3.416221 0.000000
1.277 3.416001 0.000000
1.278 3.415781 0.000000
1.279 3.415561 0.000000
1.280 3.415341 0.000000
1.281 3.415121 0.000000
1.282 3.414901 0.000000
1.283 3.414682 0.000000
1.284 3.414463 0.000000
1.285 3.414243 0.000000
1.286 3.414024 0.000000
1.287 3.413804 0.000000
1.288 3.413585 0.000000
1.289 3.413366 0.000000
1.290 3.413146 0.000000
1.291 3.412934 0.000000
1.292 3.412731 0.000000
1.293 3.412527 0.000000
1.294 3.412324 0.000000
1.295 3.412120 0.000000
1.296 3.411916 0.000000
1.297 3.411713 0.000000
1.298 3.411509 0.000000
1.299 3.411306 0.000000
1.300 3.411103 0.000000
1.301 3.410902 0.000000
1.302 3.410700 0.000000
1.303 3.410499 0.000000
1.304 3.410298 0.000000
1.305 3.410097 0.000000
1.306 3.409895 0.000000
1.307 3.409694 0.000000
1.308 3.409493 0.000000
1.309 3.409293 0.000000
1.310 3.409100 0.000000
1.311 3.408908 0.000000
1.312 3.408716 0.000000
1.313 3.408524 0.000000
1.314 3.408332 0.000000
1.315 3.408139 0.000000
1.316 3.407947 0.000000
1.317 3.407755 0.000000
1.318 3.407563 0.000000
1.319 3.407379 0.000000
1.320 3.407199 0.000000
1.321 3.407018 0.000000
1.322 3.406837 0.000000
1.323 3.406656 0.000000
1.324 3.406476 0.000000
1.325 3.406295 0.000000
1.326 3.406114 0.000000
1.327 3.405934 0.000000
1.328 3.405753 0.000000
1.329 3.405573 0.000000
1.330 3.405394 0.000000
1.331 3.405214 0.000000
1.332 3.405034 0.000000
1.333 3.404855 0.000000
1.334 3.404675 0.000000
1.335 3.404495 0.000000
1.336 3.404315 0.000000
1.337 3.404136 0.000000
1.338 3.403963 0.000000
1.339 3.403794 0.000000
1.340 3.403626 0.000000
1.341 3.403457 0.000000
1.342 3.403288 0.000000
1.343 3.403120 0.000000
1.344 3.402951 0.000000
1.345 3.402782 0.000000
1.346 3.402614 0.000000
1.347 3.402445 0.000000
1.348 3.402277 0.000000
1.349 3.402110 0.000000
1.350 3.401942 0.000000
1.351 3.401775 0.000000
1.352 3.401607 0.000000
1.353 3.401439 0.000000
1.354 3.401272 0.000000
1.355 3.401104 0.000000
1.356 3.400937 0.000000
1.357 3.400769 0.000000
1.358 3.400607 0.000000
1.359 3.400446 0.000000
1.360 3.400285 0.000000
1.361 3.400124 0.000000
1.362 3.399963 0.000000
1.363 3.399802 0.000000
1.364 3.399641 0.000000
1.365 3.399480 0.000000
1.366 3.399319 0.000000
1.367 3.399158 0.000000
1.368 3.399002 0.000000
1.369 3.398846 0.000000
1.370 3.398691 0.000000
1.371 3.398536 0.000000
1.372 3.398381 0.000000
1.373 3.398225 0.000000
1.374 3.398070 0.000000
1.375 3.397915 0.000000
1.376 3.397760 0.000000
1.377 3.397605 0.000000
1.378 3.397450 0.000000
1.379 3.397297 0.000000
1.380 3.397143 0.000000
1.381 3.396989 0.000000
1.382 3.396836 0.000000
1.383 3.396682 0.000000
1.384 3.396528 0.000000
1.385 3.396375 0.000000
1.386 3.396221 0.000000
1.387 3.396067 0.000000
1.388 3.395916 0.000000
1.389 3.395772 0.000000
1.390 3.395628 0.000000
1.391 3.395484 0.000000
1.392 3.395340 0.000000
1.393 3.395195 0.000000
1.394 3.395051 0.000000
1.395 3.394907 0.000000
1.396 3.394763 0.000000
1.397 3.394619 0.000000
1.398 3.394475 0.000000
1.399 3.394331 0.000000
1.400 3.394188 0.000000
1.401 3.394044 0.000000
1.402 3.393901 0.000000
1.403 3.393758 0.000000
1.404 3.393614 0.000000
1.405 3.393471 0.000000
1.406 3.393327 0.000000
1.407 3.393184 0.000000
1.408 3.393040 0.000000
1.409 3.392897 0.000000
1.410 3.392762 0.000000
1.411 3.392628 0.000000
1.412 3.392493 0.000000
1.413 3.392359 0.000000
1.414 3.392224 0.000000
1.415 3.392090 0.000000
1.416 3.391955 0.000000
1.417 3.391820 0.000000
1.418 3.391686 0.000000
1.419 3.391551 0.000000
1.420 3.391418 0.000000
1.421 3.391289 0.000000
1.422 3.391160 0.000000
1.423 3.391031 0.000000
1.424 3.390902 0.000000
1.425 3.390773 0.000000
1.426 3.390644 0.000000
1.427 3.390515 0.000000
1.428 3.390387 0.000000
1.429 3.390258 0.000000
1.430 3.390129 0.000000
1.431 3.390000 0.000000
1.432 3.389873 0.000000
1.433 3.389745 0.000000
1.434 3.389618 0.000000
1.435 3.389491 0.000000
1.436 3.389363 0.000000
1.437 3.389236 0.000000
1.438 3.389108 0.000000
1.439 3.388981 0.000000
1.440 3.388854 0.000000
1.441 3.388726 0.000000
1.442 3.388599 0.000000
1.443 3.388477 0.000000
1.444 3.388355 0.000000
1.445 3.388234 0.000000
1.446 3.388112 0.000000
1.447 3.387991 0.000000
1.448 3.387869 0.000000
1.449 3.387748 0.000000
1.450 3.387626 0.000000
1.451 3.387505 0.000000
1.452 3.387383 0.000000
1.453 3.387261 0.000000
1.454 3.387140 0.000000
1.455 3.387019 0.000000
1.456 3.386897 0.000000
1.457 3.386776 0.000000
1.458 3.386654 0.000000
1.459 3.386533 0.000000
1.460 3.386412 0.000000
1.461 3.386290 0.000000
1.462 3.386169 0.000000
1.463 3.386047 0.000000
1.464 3.385926 0.000000
1.465 3.385805 0.000000
1.466 3.385690 0.000000
1.467 3.385576 0.000000
1.468 3.385462 0.000000
1.469 3.385348 0.000000
1.470 3.385234 0.000000
1.471 3.385120 0.000000
1.472 3.385006 0.000000
1.473 3.384892 0.000000
1.474 3.384778 0.000000
1.475 3.384664 0.000000
1.476 3.384550 0.000000
1.477 3.384437 0.000000
1.478 3.384326 0.000000
1.479 3.384215 0.000000
1.480 3.384104 0.000000
1.481 3.383993 0.000000
1.482 3.383882 0.000000
1.483 3.383771 0.000000
1.484 3.383660 0.000000
1.485 3.383549 0.000000
1.486 3.383438 0.000000
1.487 3.383327 0.000000
1.488 3.383217 0.000000
1.489 3.383106 0.000000
1.490 3.382998 0.000000
1.491 3.382890 0.000000
1.492 3.382782 0.000000
1.493 3.382673 0.000000
1.494 3.382565 0.000000
1.495 3.382457 0.000000
1.496 3.382348 0.000000
1.497 3.382240 0.000000
1.498 3.382132 0.000000
1.499 3.382023 0.000000
1.500 3.381915 0.000000
1.501 3.381808 0.000000
1.502 3.381706 0.000000
1.503 3.381605 0.000000
1.504 3.381503 0.000000
1.505 3.381402 0.000000
1.506 3.381300 0.000000
1.507 3.381199 0.000000
1.508 3.381097 0.000000
1.509 3.380996 0.000000
1.510 3.380894 0.000000
1.511 3.380793 0.000000
1.512 3.380691 0.000000
1.513 3.380590 0.000000
1.514 3.380488 0.000000
1.515 3.380387 0.000000
1.516 3.380286 0.000000
1.517 3.380185 0.000000
1.518 3.380083 0.000000
1.519 3.379982 0.000000
1.520 3.379881 0.000000
1.521 3.379779 0.000000
1.522 3.379678 0.000000
1.523 3.379577 0.000000
1.524 3.379476 0.000000
1.525 3.379374 0.000000
1.526 3.379275 0.000000
1.527 3.379179 0.000000
1.528 3.379083 0.000000
1.529 3.378987 0.000000
1.530 3.378891 0.000000
1.531 3.378795 0.000000
1.532 3.378699 0.000000
1.533 3.378603 0.000000
1.534 3.378507 0.000000
1.535 3.378411 0.000000
1.536 3.378315 0.000000
1.537 3.378219 0.000000
1.538 3.378123 0.000000
1.539 3.378027 0.000000
1.540 3.377933 0.000000
1.541 3.377838 0.000000
1.542 3.377744 0.000000
1.543 3.377649 0.000000
1.544 3.377555 0.000000
1.545 3.377460 0.000000
1.546 3.377365 0.000000
1.547 3.377271 0.000000
1.548 3.377176 0.000000
1.549 3.377082 0.000000
1.550 3.376987 0.000000
1.551 3.376893 0.000000
1.552 3.376800 0.000000
1.553 3.376708 0.000000
1.554 3.376617 0.000000
1.555 3.376525 0.000000
1.556 3.376434 0.000000
1.557 3.376342 0.000000
1.558 3.376251 0.000000
1.559 3.376160 0.000000
1.560 3.376068 0.000000
1.561 3.375977 0.000000
1.562 3.375885 0.000000
1.563 3.375794 0.000000
1.564 3.375702 0.000000
1.565 3.375613 0.000000
1.566 3.375527 0.000000
1.567 3.375441 0.000000
1.568 3.375355 0.000000
1.569 3.375269 0.000000
1.570 3.375183 0.000000
1.571 3.375097 0.000000
1.572 3.375011 0.000000
1.573 3.374925 0.000000
1.574 3.374840 0.000000
1.575 3.374754 0.000000
1.576 3.374668 0.000000
1.577 3.374582 0.000000
1.578 3.374496 0.000000
1.579 3.374410 0.000000
1.580 3.374324 0.000000
1.581 3.374239 0.000000
1.582 3.374153 0.000000
1.583 3.374067 0.000000
1.584 3.373981 0.000000
1.585 3.373896 0.000000
1.586 3.373810 0.000000
1.587 3.373724 0.000000
1.588 3.373638 0.000000
1.589 3.373553 0.000000
1.590 3.373467 0.000000
1.591 3.373381 0.000000
1.592 3.373297 0.000000
1.593 3.373217 0.000000
1.594 3.373136 0.000000
1.595 3.373056 0.000000
1.596 3.372975 0.000000
1.597 3.372895 0.000000
1.598 3.372814 0.000000
1.599 3.372734 0.000000
1.600 3.372653 0.000000
1.601 3.372573 0.000000
1.602 3.372492 0.000000
1.603 3.372412 0.000000
1.604 3.372331 0.000000
1.605 3.372251 0.000000
1.606 3.372170 0.000000
1.607 3.372091 0.000000
1.608 3.372011 0.000000
1.609 3.371931 0.000000
1.610 3.371851 0.000000
1.611 3.371772 0.000000
1.612 3.371692 0.000000
1.613 3.371612 0.000000
1.614 3.371532 0.000000
1.615 3.371452 0.000000
1.616 3.371373 0.000000
1.617 3.371293 0.000000
1.618 3.371213 0.000000
1.619 3.371133 0.000000
1.620 3.371054 0.000000
1.621 3.370977 0.000000
1.622 3.370900 0.000000
1.623 3.370822 0.000000
1.624 3.370745 0.000000
1.625 3.370668 0.000000
1.626 3.370590 0.000000
1.627 3.370513 0.000000
1.628 3.370436 0.000000
1.629 3.370359 0.000000
1.630 3.370281 0.000000
1.631 3.370204 0.000000
1.632 3.370127 0.000000
1.633 3.370049 0.000000
1.634 3.369972 0.000000
1.635 3.369898 0.000000
1.636 3.369824 0.000000
1.637 3.369749 0.000000
1.638 3.369675 0.000000
1.639 3.369601 0.000000
1.640 3.369527 0.000000
1.641 3.369452 0.000000
1.642 3.369378 0.000000
1.643 3.369304 0.000000
1.644 3.369230 0.000000
1.645 3.369156 0.000000
1.646 3.369081 0.000000
1.647 3.369007 0.000000
1.648 3.368933 0.000000
1.649 3.368859 0.000000
1.650 3.368785 0.000000
1.651 3.368711 0.000000
1.652 3.368637 0.000000
1.653 3.368563 0.000000
1.654 3.368489 0.000000
1.655 3.368415 0.000000
1.656 3.368341 0.000000
1.657 3.368268 0.000000
1.658 3.368194 0.000000
1.659 3.368120 0.000000
1.660 3.368046 0.000000
1.661 3.367972 0.000000
1.662 3.367898 0.000000
1.663 3.367824 0.000000
1.664 3.367753 0.000000
1.665 3.367684 0.000000
1.666 3.367614 0.000000
1.667 3.367545 0.000000
1.668 3.367476 0.000000
1.669 3.367407 0.000000
1.670 3.367338 0.000000
1.671 3.367269 0.000000
1.672 3.367200 0.000000
1.673 3.367131 0.000000
1.674 3.367061 0.000000
1.675 3.366992 0.000000
1.676 3.366923 0.000000
1.677 3.366854 0.000000
1.678 3.366785 0.000000
1.679 3.366716 0.000000
1.680 3.366647 0.000000
1.681 3.366578 0.000000
1.682 3.366510 0.000000
1.683 3.366441 0.000000
1.684 3.366372 0.000000
1.685 3.366303 0.000000
1.686 3.366235 0.000000
1.687 3.366166 0.000000
1.688 3.366097 0.000000
1.689 3.366028 0.000000
1.690 3.365960 0.000000
1.691 3.365891 0.000000
1.692 3.365822 0.000000
1.693 3.365753 0.000000
1.694 3.365684 0.000000
1.695 3.365619 0.000000
1.696 3.365554 0.000000
1.697 3.365490 0.000000
1.698 3.365425 0.000000
1.699 3.365360 0.000000
1.700 3.365295 0.000000
1.701 3.365230 0.000000
1.702 3.365165 0.000000
1.703 3.365100 0.000000
1.704 3.365035 0.000000
1.705 3.364970 0.000000
1.706 3.364906 0.000000
1.707 3.364841 0.000000
1.708 3.364776 0.000000
1.709 3.364711 0.000000
1.710 3.364647 0.000000
1.711 3.364585 0.000000
1.712 3.364524 0.000000
1.713 3.364462 0.000000
1.714 3.364401 0.000000
1.715 3.364339 0.000000
1.716 3.364278 0.000000
1.717 3.364217 0.000000
1.718 3.364155 0.000000
1.719 3.364094 0.000000
1.720 3.364032 0.000000
1.721 3.363971 0.000000
1.722 3.363909 0.000000
1.723 3.363848 0.000000
1.724 3.363786 0.000000
1.725 3.363725 0.000000
1.726 3.363664 0.000000
1.727 3.363603 0.000000
1.728 3.363541 0.000000
1.729 3.363480 0.000000
1.730 3.363419 0.000000
1.731 3.363358 0.000000
1.732 3.363297 0.000000
1.733 3.363236 0.000000
1.734 3.363175 0.000000
1.735 3.363114 0.000000
1.736 3.363053 0.000000
1.737 3.362992 0.000000
1.738 3.362931 0.000000
1.739 3.362869 0.000000
1.740 3.362808 0.000000
1.741 3.362747 0.000000
1.742 3.362686 0.000000
1.743 3.362627 0.000000
1.744 3.362568 0.000000
1.745 3.362509 0.000000
1.746 3.362451 0.000000
1.747 3.362392 0.000000
1.748 3.362333 0.000000
1.749 3.362274 0.000000
1.750 3.362215 0.000000
1.751 3.362157 0.000000
1.752 3.362098 0.000000
1.753 3.362039 0.000000
1.754 3.361980 0.000000
1.755 3.361921 0.000000
1.756 3.361863 0.000000
1.757 3.361804 0.000000
1.758 3.361745 0.000000
1.759 3.361686 0.000000
1.760 3.361627 0.000000
1.761 3.361569 0.000000
1.762 3.361510 0.000000
1.763 3.361451 0.000000
1.764 3.361392 0.000000
1.765 3.361334 0.000000
1.766 3.361275 0.000000
1.767 3.361216 0.000000
1.768 3.361157 0.000000
1.769 3.361099 0.000000
1.770 3.361040 0.000000
1.771 3.360981 0.000000
1.772 3.360922 0.000000
1.773 3.360864 0.000000
1.774 3.360805 0.000000
1.775 3.360746 0.000000
1.776 3.360688 0.000000
1.777 3.360634 0.000000
1.778 3.360579 0.000000
1.779 3.360524 0.000000
1.780 3.360469 0.000000
1.781 3.360415 0.000000
1.782 3.360360 0.000000
1.783 3.360305 0.000000
1.784 3.360251 0.000000
1.785 3.360196 0.000000
1.786 3.360141 0.000000
1.787 3.360086 0.000000
1.788 3.360032 0.000000
1.789 3.359977 0.000000
1.790 3.359922 0.000000
1.791 3.359867 0.000000
1.792 3.359813 0.000000
1.793 3.359758 0.000000
1.794 3.359706 0.000000
1.795 3.359653 0.000000
1.796 3.359601 0.000000
1.797 3.359549 0.000000
1.798 3.359497 0.000000
1.799 3.359444 0.000000
1.800 3.359392 0.000000
1.801 3.359340 0.000000
1.802 3.359288 0.000000
1.803 3.359235 0.000000
1.804 3.359183 0.000000
1.805 3.359131 0.000000
1.806 3.359079 0.000000
1.807 3.359026 0.000000
1.808 3.358974 0.000000
1.809 3.358922 0.000000
1.810 3.358870 0.000000
1.811 3.358818 0.000000
1.812 3.358766 0.000000
1.813 3.358715 0.000000
1.814 3.358663 0.000000
1.815 3.358612 0.000000
1.816 3.358560 0.000000
1.817 3.358509 0.000000
1.818 3.358457 0.000000
1.819 3.358406 0.000000
1.820 3.358354 0.000000
1.821 3.358303 0.000000
1.822 3.358251 0.000000
1.823 3.358200 0.000000
1.824 3.358148 0.000000
1.825 3.358097 0.000000
1.826 3.358045 0.000000
1.827 3.357994 0.000000
1.828 3.357942 0.000000
1.829 3.357892 0.000000
1.830 3.357844 0.000000
1.831 3.357795 0.000000
1.832 3.357747 0.000000
1.833 3.357698 0.000000
1.834 3.357650 0.000000
1.835 3.357602 0.000000
1.836 3.357553 0.000000
1.837 3.357505 0.000000
1.838 3.357456 0.000000
1.839 3.357408 0.000000
1.840 3.357360 0.000000
1.841 3.357311 0.000000
1.842 3.357263 0.000000
1.843 3.357214 0.000000
1.844 3.357166 0.000000
1.845 3.357117 0.000000
1.846 3.357069 0.000000
1.847 3.357021 0.000000
1.848 3.356972 0.000000
1.849 3.356924 0.000000
1.850 3.356876 0.000000
1.851 3.356827 0.000000
1.852 3.356779 0.000000
1.853 3.356730 0.000000
1.854 3.356682 0.000000
1.855 3.356634 0.000000
1.856 3.356585 0.000000
1.857 3.356537 0.000000
1.858 3.356488 0.000000
1.859 3.356440 0.000000
1.860 3.356392 0.000000
1.861 3.356343 0.000000
1.862 3.356295 0.000000
1.863 3.356247 0.000000
1.864 3.356198 0.000000
1.865 3.356150 0.000000
1.866 3.356102 0.000000
1.867 3.356057 0.000000
1.868 3.356011 0.000000
1.869 3.355966 0.000000
1.870 3.355920 0.000000
1.871 3.355875 0.000000
1.872 3.355829 0.000000
1.873 3.355784 0.000000
1.874 3.355738 0.000000
1.875 3.355693 0.000000
1.876 3.355647 0.000000
1.877 3.355602 0.000000
1.878 3.355556 0.000000
1.879 3.355511 0.000000
1.880 3.355465 0.000000
1.881 3.355420 0.000000
1.882 3.355374 0.000000
1.883 3.355329 0.000000
1.884 3.355283 0.000000
1.885 3.355238 0.000000
1.886 3.355193 0.000000
1.887 3.355149 0.000000
1.888 3.355105 0.000000
1.889 3.355060 0.000000
1.890 3.355016 0.000000
1.891 3.354972 0.000000
1.892 3.354927 0.000000
1.893 3.354883 0.000000
1.894 3.354839 0.000000
1.895 3.354794 0.000000
1.896 3.354750 0.000000
1.897 3.354706 0.000000
1.898 3.354661 0.000000
1.899 3.354617 0.000000
1.900 3.354573 0.000000
1.901 3.354528 0.000000
1.902 3.354484 0.000000
1.903 3.354439 0.000000
1.904 3.354395 0.000000
1.905 3.354352 0.000000
1.906 3.354308 0.000000
1.907 3.354265 0.000000
1.908 3.354222 0.000000
1.909 3.354178 0.000000
1.910 3.354135 0.000000
1.911 3.354092 0.000000
1.912 3.354048 0.000000
1.913 3.354005 0.000000
1.914 3.353962 0.000000
1.915 3.353918 0.000000
1.916 3.353875 0.000000
1.917 3.353832 0.000000
1.918 3.353788 0.000000
1.919 3.353745 0.000000
1.920 3.353702 0.000000
1.921 3.353658 0.000000
1.922 3.353615 0.000000
1.923 3.353572 0.000000
1.924 3.353528 0.000000
1.925 3.353487 0.000000
1.926 3.353447 0.000000
1.927 3.353406 0.000000
1.928 3.353366 0.000000
1.929 3.353325 0.000000
1.930 3.353285 0.000000
1.931 3.353244 0.000000
1.932 3.353204 0.000000
1.933 3.353163 0.000000
1.934 3.353122 0.000000
1.935 3.353082 0.000000
1.936 3.353041 0.000000
1.937 3.353001 0.000000
1.938 3.352960 0.000000
1.939 3.352920 0.000000
1.940 3.352879 0.000000
1.941 3.352838 0.000000
1.942 3.352798 0.000000
1.943 3.352757 0.000000
1.944 3.352717 0.000000
1.945 3.352676 0.000000
1.946 3.352636 0.000000
1.947 3.352595 0.000000
1.948 3.352555 0.000000
1.949 3.352514 0.000000
1.950 3.352474 0.000000