0.253 2.430788 3.433481
0.254 2.496292 3.435276
0.255 2.560677 3.437123
0.256 2.627905 3.438952
0.257 2.697775 3.440397
0.258 2.771895 3.440430
0.259 2.851891 3.436890
0.260 2.936374 3.427765
0.261 3.023877 3.408876
0.262 3.113765 3.381411
0.263 3.203624 3.341992
0.264 3.289686 3.292175
0.265 3.368950 3.232288
0.266 3.441843 3.164239
0.267 3.503462 3.089002
0.268 3.554445 3.010549
0.269 3.595675 2.929777
0.270 3.626506 2.849430
0.271 3.649492 2.771504
0.272 3.663545 2.696079
0.273 3.671683 2.623217
0.274 3.674889 2.556506
0.275 3.673058 2.493501
0.276 3.666820 2.434539
0.277 3.659757 2.381056
0.278 3.649447 2.329993
0.279 3.638530 2.283028
0.280 3.626081 2.239424
0.281 3.613018 2.198295
0.282 3.599921 2.160832
0.283 3.585381 2.125834
0.284 3.570705 2.092560
0.285 3.556513 2.062054
0.286 3.540418 2.033142
0.287 3.525084 2.007139
0.288 3.511006 1.982318
0.289 3.495581 1.958354
0.290 3.480014 1.937417
0.291 3.464833 1.917746
0.292 3.450499 1.899238
0.293 3.436086 1.883629
0.294 3.421063 1.868081
0.295 3.406856 1.853795
0.296 3.393784 1.840537
0.297 3.380176 1.828518
0.298 3.367677 1.817968
0.299 3.355022 1.807868
0.300 3.343168 1.799732
0.301 3.331964 1.792017
0.302 3.321286 1.784660
0.303 3.310328 1.777786
0.304 3.300467 1.771384
0.305 3.290211 1.766685
0.306 3.280943 1.761912
0.307 3.272607 1.758158
0.308 3.264714 1.754228
0.309 3.256087 1.750835
0.310 3.249394 1.748547
0.311 3.242196 1.745880
0.312 3.235860 1.744502
0.313 3.229613 1.742642
0.314 3.223811 1.741650
0.315 3.218353 1.740728
0.316 3.212525 1.740632
0.317 3.208511 1.739562
0.318 3.203376 1.739916
0.319 3.199709 1.740618
0.320 3.196504 1.741557
0.321 3.192187 1.741009
0.322 3.188675 1.741467
0.323 3.186224 1.742553
0.324 3.183751 1.744030
0.325 3.181717 1.745445
0.326 3.179695 1.747001
0.327 3.177802 1.748526
0.328 3.176184 1.750379
0.329 3.174628 1.752711
0.330 3.173115 1.756131
0.331 3.172015 1.758332
0.332 3.171019 1.760510
0.333 3.170529 1.762952
0.334 3.171368 1.765502
0.335 3.170790 1.770012
0.336 3.171033 1.772541
0.337 3.172094 1.775418
0.338 3.171997 1.778392
0.339 3.172947 1.783163
0.340 3.174194 1.786452
0.341 3.175899 1.790225
0.342 3.177369 1.795015
0.343 3.179704 1.798629
0.344 3.181236 1.802852
0.345 3.183618 1.807980
0.346 3.185784 1.811857
0.347 3.189029 1.817438
0.348 3.191504 1.821720
0.349 3.194337 1.826913
0.350 3.198290 1.832060
0.351 3.201957 1.836949
0.352 3.205733 1.842688
0.353 3.210261 1.848374
0.354 3.215166 1.854053
0.355 3.219876 1.860402
0.356 3.224670 1.865984
0.357 3.230483 1.872412
0.358 3.236912 1.879167
0.359 3.242455 1.884939
0.360 3.249362 1.892169
0.361 3.255466 1.898771
0.362 3.262635 1.905913
0.363 3.270751 1.913226
0.364 3.280850 1.920230
0.365 3.289293 1.927897
0.366 3.298877 1.935067
0.367 3.309564 1.942453
0.368 3.321270 1.950078
0.369 3.332237 1.956647
0.370 3.345297 1.962606
0.371 3.358531 1.968125
0.372 3.373293 1.972546
0.373 3.387754 1.976101
0.374 3.401338 1.979015
0.375 3.413605 1.981154
0.376 3.426221 1.983044
0.377 3.438663 1.985026
0.378 3.449090 1.987001
0.379 3.459013 1.989695
0.380 3.468313 1.992752
0.381 3.478889 1.997372
0.382 3.488925 2.003676
0.383 3.499276 2.010729
0.384 3.510331 2.019669
0.385 3.522807 2.029253
0.386 3.537136 2.040207
0.387 3.553701 2.051375
0.388 3.572274 2.063871
0.389 3.592537 2.076220
0.390 3.616386 2.086468
0.391 3.642559 2.097228
0.392 3.670303 2.107096
0.393 3.701303 2.115223
0.394 3.734401 2.121409
0.395 3.768643 2.124990
0.396 3.804033 2.125422
0.397 3.838811 2.123970
0.398 3.873553 2.120026
0.399 3.908073 2.114709
0.400 3.942209 2.107940
0.401 3.976084 2.099362
0.402 4.009666 2.089630
0.403 4.042995 2.078664
0.404 4.076305 2.066437
0.405 4.110015 2.052421
0.406 4.144475 2.037385
0.407 4.179310 2.020465
0.408 4.214000 2.001692
0.409 4.248770 1.979636
0.410 4.283195 1.954794
0.411 4.316342 1.927355
0.412 4.348459 1.896864
0.413 4.379535 1.864370
0.414 4.407578 1.828577
0.415 4.433082 1.790642
0.416 4.455833 1.751231
0.417 4.475497 1.710232
0.418 4.491955 1.668589
0.419 4.504082 1.626531
0.420 4.513289 1.584306
0.421 4.519636 1.542813
0.422 4.522551 1.502487
0.423 4.523985 1.462906
0.424 4.521511 1.425670
0.425 4.517667 1.390109
0.426 4.512760 1.355270
0.427 4.505615 1.322385
0.428 4.497775 1.290903
0.429 4.490683 1.260817
0.430 4.481808 1.233036
0.431 4.472135 1.206238
0.432 4.462368 1.181074
0.433 4.451903 1.157668
0.434 4.440609 1.134944
0.435 4.429660 1.112604
0.436 4.419368 1.092211
0.437 4.408923 1.073259
0.438 4.398729 1.054303
0.439 4.388409 1.036546
0.440 4.378118 1.019333
0.441 4.367983 1.002304
0.442 4.357697 0.986282
0.443 4.347611 0.971844
0.444 4.337570 0.957284
0.445 4.327426 0.943209
0.446 4.317578 0.929945
0.447 4.308149 0.916933
0.448 4.299609 0.904370
0.449 4.290550 0.892411
0.450 4.280967 0.880970
0.451 4.271333 0.869583
0.452 4.262145 0.858814
0.453 4.253821 0.848367
0.454 4.245524 0.838249
0.455 4.236684 0.828471
0.456 4.228109 0.819015
0.457 4.220260 0.809740
0.458 4.212264 0.800690
0.459 4.203932 0.792087
0.460 4.196633 0.783710
0.461 4.188762 0.775432
0.462 4.180900 0.767590
0.463 4.173853 0.759898
0.464 4.166593 0.752348
0.465 4.159856 0.744846
0.466 4.152391 0.737863
0.467 4.145156 0.730900
0.468 4.138452 0.724014
0.469 4.132016 0.717351
0.470 4.125609 0.711016
0.471 4.119236 0.704539
0.472 4.112854 0.698248
0.473 4.106802 0.692371
0.474 4.100612 0.686365
0.475 4.094653 0.680511
0.476 4.088783 0.674875
0.477 4.082769 0.669309
0.478 4.076989 0.663638
0.479 4.071337 0.658110
0.480 4.065313 0.652808
0.481 4.060263 0.647814
0.482 4.055561 0.642624
0.483 4.049970 0.637494
0.484 4.044564 0.632469
0.485 4.038955 0.627736
0.486 4.033859 0.622857
0.487 4.028613 0.618219
0.488 4.023754 0.613585
0.489 4.019218 0.608980
0.490 4.014121 0.604534
0.491 4.009567 0.600122
0.492 4.005069 0.595677
0.493 4.000344 0.591301
0.494 3.995732 0.587101
0.495 3.991416 0.583007
0.496 3.986754 0.578980
0.497 3.981876 0.574961
0.498 3.977159 0.570975
0.499 3.972881 0.567069
0.500 3.968742 0.563210
0.501 3.964338 0.559362
0.502 3.960091 0.555543
0.503 3.956062 0.551794
0.504 3.951795 0.548099
0.505 3.947694 0.544498
0.506 3.944133 0.541008
0.507 3.940434 0.537452
0.508 3.936175 0.533966
0.509 3.932074 0.530626
0.510 3.928417 0.527172
0.511 3.924213 0.523860
0.512 3.920134 0.520580
0.513 3.916700 0.517275
0.514 3.912708 0.514075
0.515 3.908573 0.511018
0.516 3.905584 0.507893
0.517 3.902331 0.504772
0.518 3.898403 0.501756
0.519 3.894606 0.498765
0.520 3.891460 0.495883
0.521 3.888398 0.493004
0.522 3.884673 0.490023
0.523 3.880691 0.487109
0.524 3.877546 0.484382
0.525 3.874517 0.481516
0.526 3.870165 0.478895
0.527 3.867102 0.476278
0.528 3.864234 0.473470
0.529 3.861084 0.470869
0.530 3.857532 0.468300
0.531 3.854290 0.465663
0.532 3.851510 0.463064
0.533 3.848477 0.460614
0.534 3.844993 0.458205
0.535 3.841727 0.455809
0.536 3.838983 0.453184
0.537 3.836232 0.450747
0.538 3.832727 0.448410
0.539 3.829400 0.446101
0.540 3.826970 0.443799
0.541 3.824495 0.441498
0.542 3.821954 0.439231
0.543 3.819076 0.437006
0.544 3.815892 0.434794
0.545 3.812994 0.432587
0.546 3.810529 0.430391
0.547 3.808067 0.428240
0.548 3.804566 0.426282
0.549 3.801769 0.424242
0.550 3.799260 0.422141
0.551 3.796723 0.420033
0.552 3.793903 0.417951
0.553 3.790687 0.415898
0.554 3.788385 0.413854
0.555 3.786277 0.412004
0.556 3.784139 0.410081
0.557 3.781612 0.408075
0.558 3.778425 0.406105
0.559 3.775911 0.404278
0.560 3.773764 0.402413
0.561 3.771407 0.400630
0.562 3.768684 0.398865
0.563 3.765656 0.396956
0.564 3.763683 0.395293
0.565 3.761758 0.393487
0.566 3.759667 0.391704
0.567 3.757251 0.390017
0.568 3.754312 0.388323
0.569 3.752143 0.386572
0.570 3.750194 0.384894
0.571 3.748268 0.383288
0.572 3.746197 0.381693
0.573 3.743443 0.379926
0.574 3.741064 0.378284
0.575 3.739037 0.376732
0.576 3.737190 0.375180
0.577 3.734808 0.373644
0.578 3.732337 0.372123
0.579 3.730035 0.370557
0.580 3.728318 0.368833
0.581 3.726600 0.367452
0.582 3.724689 0.366011
0.583 3.722506 0.364495
0.584 3.719815 0.363000
0.585 3.718001 0.361515
0.586 3.716390 0.360106
0.587 3.714765 0.358788
0.588 3.712885 0.357343
0.589 3.710410 0.355916
0.590 3.707949 0.354498
0.591 3.706390 0.353079
0.592 3.704834 0.351663
0.593 3.703134 0.350330
0.594 3.701238 0.349095
0.595 3.698819 0.347702
0.596 3.696933 0.346347
0.597 3.695361 0.345036
0.598 3.693633 0.343807
0.599 3.691396 0.342474
0.600 3.689201 0.341127
0.601 3.687552 0.339839
0.602 3.686208 0.338627
0.603 3.684755 0.337396
0.604 3.683027 0.336111
0.605 3.680792 0.334922
0.606 3.678819 0.333702
0.607 3.677238 0.332431
0.608 3.676033 0.331289
0.609 3.674588 0.330080
0.610 3.672858 0.328791
0.611 3.670513 0.327685
0.612 3.668738 0.326598
0.613 3.667609 0.325525
0.614 3.666341 0.324416
0.615 3.664940 0.323256
0.616 3.663380 0.322035
0.617 3.661062 0.320964
0.618 3.659205 0.319911
0.619 3.658164 0.318868
0.620 3.656968 0.317702
0.621 3.655637 0.316547
0.622 3.654054 0.315464
0.623 3.652143 0.314420
0.624 3.650281 0.313393
0.625 3.649124 0.312379
0.626 3.647900 0.311252
0.627 3.646619 0.310059
0.628 3.644891 0.309050
0.629 3.643212 0.308044
0.630 3.641590 0.307041
0.631 3.640388 0.306085
0.632 3.639242 0.305164
0.633 3.638044 0.304324
0.634 3.636391 0.303390
0.635 3.634488 0.302404
0.636 3.633164 0.301424
0.637 3.632015 0.300449
0.638 3.631139 0.299482
0.639 3.629859 0.298518
0.640 3.628388 0.297555
0.641 3.626433 0.296592
0.642 3.624981 0.295631
0.643 3.624128 0.294673
0.644 3.623053 0.293724
0.645 3.621882 0.292800
0.646 3.620447 0.292037
0.647 3.618982 0.291194
0.648 3.617480 0.290251
0.649 3.616388 0.289312
0.650 3.615419 0.288377
0.651 3.614283 0.287501
0.652 3.612959 0.286652
0.653 3.611289 0.285852
0.654 3.610061 0.284973
0.655 3.609084 0.284049
0.656 3.608175 0.283287
0.657 3.607196 0.282515
0.658 3.605876 0.281626
0.659 3.604467 0.280795
0.660 3.602945 0.280039
0.661 3.601852 0.279178
0.662 3.600953 0.278270
0.663 3.599909 0.277524
0.664 3.598771 0.276791
0.665 3.597196 0.276065
0.666 3.595858 0.275277
0.667 3.594910 0.274385
0.668 3.594059 0.273591
0.669 3.593277 0.272866
0.670 3.592122 0.272142
0.671 3.590868 0.271420
0.672 3.589529 0.270632
0.673 3.588274 0.269846
0.674 3.587466 0.269071
0.675 3.586576 0.268306
0.676 3.585523 0.267560
0.677 3.584234 0.266830
0.678 3.582706 0.266116
0.679 3.581771 0.265407
0.680 3.581158 0.264700
0.681 3.580426 0.263994
0.682 3.579661 0.263288
0.683 3.578721 0.262581
0.684 3.577747 0.261877
0.685 3.576335 0.261223
0.686 3.575035 0.260579
0.687 3.574356 0.259986
0.688 3.573632 0.259365
0.689 3.572775 0.258666
0.690 3.571814 0.257967
0.691 3.570656 0.257267
0.692 3.569531 0.256568
0.693 3.568450 0.255869
0.694 3.567632 0.255195
0.695 3.567087 0.254547
0.696 3.566257 0.253935
0.697 3.565194 0.253354
0.698 3.564023 0.252707
0.699 3.562779 0.252014
0.700 3.561891 0.251408
0.701 3.561211 0.250851
0.702 3.560568 0.250220
0.703 3.559946 0.249549
0.704 3.559145 0.248940
0.705 3.558256 0.248362
0.706 3.557176 0.247738
0.707 3.556004 0.247091
0.708 3.555225 0.246516
0.709 3.554648 0.245977
0.710 3.554050 0.245441
0.711 3.553440 0.244905
0.712 3.552565 0.244337
0.713 3.551520 0.243747
0.714 3.550530 0.243189
0.715 3.549582 0.242656
0.716 3.548887 0.242124
0.717 3.548437 0.241593
0.718 3.547827 0.241015
0.719 3.547016 0.240378
0.720 3.546112 0.239777
0.721 3.545043 0.239243
0.722 3.544068 0.238708
0.723 3.543349 0.238172
0.724 3.542679 0.237638
0.725 3.542253 0.237121
0.726 3.541818 0.236602
0.727 3.541227 0.236048
0.728 3.540635 0.235493
0.729 3.539808 0.234890
0.730 3.538961 0.234283
0.731 3.538222 0.233753
0.732 3.537514 0.233245
0.733 3.536889 0.232738
0.734 3.536314 0.232232
0.735 3.535704 0.231779
0.736 3.535053 0.231391
0.737 3.534443 0.230960
0.738 3.533937 0.230423
0.739 3.533423 0.229884
0.740 3.532815 0.229344
0.741 3.532207 0.228804
0.742 3.531666 0.228263
0.743 3.531133 0.227722
0.744 3.530630 0.227133
0.745 3.530143 0.226518
0.746 3.529610 0.225958
0.747 3.529019 0.225470
0.748 3.528444 0.224981
0.749 3.527938 0.224494
0.750 3.527431 0.224006
0.751 3.526954 0.223520
0.752 3.526479 0.223034
0.753 3.526008 0.222543
0.754 3.525539 0.222050
0.755 3.525055 0.221566
0.756 3.524543 0.221099
0.757 3.524032 0.220630
0.758 3.523528 0.220142
0.759 3.523023 0.219654
0.760 3.522567 0.219084
0.761 3.522127 0.218487
0.762 3.521696 0.217888
0.763 3.521280 0.217285
0.764 3.520865 0.216693
0.765 3.520459 0.216220
0.766 3.520052 0.215748
0.767 3.519613 0.215184
0.768 3.519162 0.214585
0.769 3.518700 0.214031
0.770 3.518218 0.213561
0.771 3.517735 0.213090
0.772 3.517340 0.212623
0.773 3.516949 0.212155
0.774 3.516560 0.211664
0.775 3.516174 0.211153
0.776 3.515787 0.210637
0.777 3.515402 0.210094
0.778 3.515016 0.209550
0.779 3.514633 0.208990
0.780 3.514251 0.208423
0.781 3.513872 0.207847
0.782 3.513501 0.207246
0.783 3.513130 0.206645
0.784 3.512719 0.206062
0.785 3.512299 0.205483
0.786 3.511875 0.204944
0.787 3.511441 0.204488
0.788 3.511008 0.204031
0.789 3.510636 0.203575
0.790 3.510276 0.203119
0.791 3.509924 0.202625
0.792 3.509587 0.202052
0.793 3.509251 0.201478
0.794 3.508921 0.201000
0.795 3.508593 0.200547
0.796 3.508267 0.200063
0.797 3.507943 0.199493
0.798 3.507620 0.198923
0.799 3.507297 0.198357
0.800 3.506974 0.197793
0.801 3.506653 0.197242
0.802 3.506342 0.196788
0.803 3.506032 0.196334
0.804 3.505726 0.195879
0.805 3.505425 0.195423
0.806 3.505124 0.194968
0.807 3.504824 0.194420
0.808 3.504525 0.193865
0.809 3.504226 0.193332
0.810 3.503929 0.192852
0.811 3.503632 0.192372
0.812 3.503341 0.191864
0.813 3.503054 0.191339
0.814 3.502766 0.190815
0.815 3.502483 0.190372
0.816 3.502199 0.189929
0.817 3.501916 0.189486
0.818 3.501634 0.189044
0.819 3.501351 0.188602
0.820 3.501072 0.188161
0.821 3.500796 0.187719
0.822 3.500519 0.187278
0.823 3.500320 0.186836
0.824 3.500130 0.186394
0.825 3.499939 0.185953
0.826 3.499751 0.185511
0.827 3.499562 0.185070
0.828 3.499352 0.184629
0.829 3.499113 0.184189
0.830 3.498875 0.183748
0.831 3.498637 0.183308
0.832 3.498401 0.182869
0.833 3.498164 0.182429
0.834 3.497935 0.181991
0.835 3.497707 0.181552
0.836 3.497480 0.181117
0.837 3.497255 0.180727
0.838 3.497031 0.180337
0.839 3.496807 0.179924
0.840 3.496583 0.179440
0.841 3.496359 0.178956
0.842 3.496153 0.178533
0.843 3.495971 0.178202
0.844 3.495789 0.177871
0.845 3.495638 0.177483
0.846 3.495513 0.177046
0.847 3.495388 0.176610
0.848 3.495224 0.176173
0.849 3.495040 0.175737
0.850 3.494857 0.175301
0.851 3.494673 0.174866
0.852 3.494490 0.174431
0.853 3.494308 0.173995
0.854 3.494129 0.173532
0.855 3.493951 0.173063
0.856 3.493773 0.172595
0.857 3.493616 0.172092
0.858 3.493461 0.171586
0.859 3.493307 0.171079
0.860 3.493255 0.170730
0.861 3.493211 0.170392
0.862 3.493166 0.170053
0.863 3.493014 0.169595
0.864 3.492856 0.169130
0.865 3.492698 0.168665
0.866 3.492606 0.168226
0.867 3.492518 0.167788
0.868 3.492430 0.167351
0.869 3.492361 0.166904
0.870 3.492294 0.166457
0.871 3.492227 0.166009
0.872 3.492137 0.165559
0.873 3.492044 0.165107
0.874 3.491951 0.164656
0.875 3.491868 0.164205
0.876 3.491788 0.163754
0.877 3.491708 0.163303
0.878 3.491658 0.162849
0.879 3.491619 0.162395
0.880 3.491581 0.161940
0.881 3.491568 0.161469
0.882 3.491573 0.160987
0.883 3.491577 0.160506
0.884 3.491587 0.160021
0.885 3.491605 0.159530
0.886 3.491623 0.159040
0.887 3.491646 0.158556
0.888 3.491682 0.158085
0.889 3.491719 0.157613
0.890 3.491760 0.157145
0.891 3.491831 0.156698
0.892 3.491902 0.156251
0.893 3.491973 0.155804
0.894 3.492070 0.155284
0.895 3.492168 0.154760
0.896 3.492267 0.154236
0.897 3.492373 0.153680
0.898 3.492481 0.153112
0.899 3.492589 0.152545
0.900 3.492697 0.151977
0.901 3.492805 0.151409
0.902 3.492914 0.150842
0.903 3.493022 0.150272
0.904 3.493131 0.149697
0.905 3.493240 0.149121
0.906 3.493349 0.148546
0.907 3.493462 0.147892
0.908 3.493575 0.147231
0.909 3.493688 0.146570
0.910 3.493802 0.145894
0.911 3.493917 0.145208
0.912 3.494032 0.144521
0.913 3.494147 0.143835
0.914 3.494262 0.143148
0.915 3.494378 0.142461
0.916 3.494493 0.141774
0.917 3.494605 0.141080
0.918 3.494716 0.140385
0.919 3.494828 0.139690
0.920 3.494918 0.138952
0.921 3.494988 0.138168
0.922 3.495057 0.137384
0.923 3.495125 0.136599
0.924 3.495181 0.135786
0.925 3.495237 0.134974
0.926 3.495293 0.134162
0.927 3.495349 0.133350
0.928 3.495406 0.132538
0.929 3.495463 0.131726
0.930 3.495518 0.130914
0.931 3.495568 0.130098
0.932 3.495617 0.129283
0.933 3.495666 0.128468
0.934 3.495641 0.127622
0.935 3.495579 0.126761
0.936 3.495517 0.125899
0.937 3.495450 0.125036
0.938 3.495355 0.124160
0.939 3.495260 0.123284
0.940 3.495165 0.122408
0.941 3.495070 0.121532
0.942 3.494976 0.120657
0.943 3.494882 0.119781
0.944 3.494788 0.118906
0.945 3.494688 0.118032
0.946 3.494588 0.117159
0.947 3.494488 0.116285
0.948 3.494341 0.115425
0.949 3.494127 0.114583
0.950 3.493914 0.113742
0.951 3.493701 0.112900
0.952 3.493461 0.112066
0.953 3.493215 0.111234
0.954 3.492969 0.110402
0.955 3.492722 0.109570
0.956 3.492477 0.108738
0.957 3.492231 0.107905
0.958 3.491986 0.107073
0.959 3.491740 0.106243
0.960 3.491493 0.105415
0.961 3.491246 0.104587
0.962 3.490999 0.103759
0.963 3.490719 0.103005
0.964 3.490426 0.102278
0.965 3.490133 0.101552
0.966 3.489840 0.100826
0.967 3.489534 0.100128
0.968 3.489228 0.099430
0.969 3.488921 0.098733
0.970 3.488615 0.098035
0.971 3.488310 0.097337
0.972 3.488004 0.096640
0.973 3.487699 0.095942
0.974 3.487394 0.095246
0.975 3.487092 0.094552
0.976 3.486789 0.093859
0.977 3.486486 0.093165
0.978 3.486217 0.092541
0.979 3.485973 0.091967
0.980 3.485730 0.091393
0.981 3.485486 0.090820
0.982 3.485255 0.090247
0.983 3.485028 0.089676
0.984 3.484802 0.089104
0.985 3.484576 0.088532
0.986 3.484350 0.087944
0.987 3.484124 0.087352
0.988 3.483898 0.086760
0.989 3.483672 0.086168
0.990 3.483452 0.085576
0.991 3.483234 0.084983
0.992 3.483015 0.084390
0.993 3.482797 0.083798
0.994 3.482853 0.083163
0.995 3.482928 0.082526
0.996 3.483003 0.081889
0.997 3.483078 0.081251
0.998 3.483233 0.080599
0.999 3.483391 0.079947
1.000 3.483550 0.079294
1.001 3.483708 0.078641
1.002 3.483867 0.077988
1.003 3.484026 0.077336
1.004 3.484184 0.076683
1.005 3.484343 0.076030
1.006 3.484503 0.075368
1.007 3.484664 0.074704
1.008 3.484825 0.074040
1.009 3.484985 0.073376
1.010 3.485238 0.072105
1.011 3.485514 0.070676
1.012 3.485791 0.069246
1.013 3.486067 0.067817
1.014 3.486368 0.066224
1.015 3.486680 0.064552
1.016 3.486992 0.062881
1.017 3.487304 0.061209
1.018 3.487617 0.059516
1.019 3.487932 0.057804
1.020 3.488247 0.056091
1.021 3.488562 0.054378
1.022 3.488878 0.052634
1.023 3.489196 0.050827
1.024 3.489514 0.049020
1.025 3.489832 0.047214
1.026 3.489983 0.045370
1.027 3.488838 0.043236
1.028 3.487693 0.041102
1.029 3.486547 0.038968
1.030 3.485402 0.036834
1.031 3.484257 0.034701
1.032 3.483111 0.032567
1.033 3.481749 0.030355
1.034 3.480377 0.028141
1.035 3.479006 0.025926
1.036 3.477635 0.023712
1.037 3.476264 0.021497
1.038 3.474893 0.019282
1.039 3.473468 0.017564
1.040 3.472023 0.016023
1.041 3.470578 0.014482
1.042 3.469132 0.012940
1.043 3.467687 0.011399
1.044 3.466242 0.009857
1.045 3.464752 0.008735
1.046 3.463203 0.008151
1.047 3.461654 0.007568
1.048 3.460104 0.006984
1.049 3.458555 0.006401
1.050 3.457006 0.005818
1.051 3.455459 0.005242
1.052 3.453945 0.004785
1.053 3.452431 0.004328
1.054 3.450917 0.003871
1.055 3.449403 0.003414
1.056 3.447889 0.002958
1.057 3.446375 0.002501
1.058 3.445151 0.002229
1.059 3.444119 0.002079
1.060 3.443086 0.001930
1.061 3.442054 0.001780
1.062 3.441022 0.001630
1.063 3.439989 0.001481
1.064 3.438961 0.001335
1.065 3.437992 0.001250
1.066 3.437024 0.001165
1.067 3.436055 0.001080
1.068 3.435086 0.000995
1.069 3.434117 0.000910
1.070 3.433148 0.000825
1.071 3.432234 0.000757
1.072 3.431385 0.000709
1.073 3.430537 0.000661
1.074 3.429689 0.000613
1.075 3.428840 0.000565
1.076 3.427992 0.000518
1.077 3.427144 0.000470
1.078 3.426383 0.000453
1.079 3.425651 0.000446
1.080 3.424919 0.000440
1.081 3.424188 0.000433
1.082 3.423456 0.000427
1.083 3.422724 0.000420
1.084 3.421992 0.000414
1.085 3.421277 0.000376
1.086 3.420563 0.000336
1.087 3.419849 0.000297
1.088 3.419134 0.000257
1.089 3.418420 0.000218
1.090 3.417705 0.000178
1.091 3.417001 0.000141
1.092 3.416387 0.000128
1.093 3.415773 0.000115
1.094 3.415159 0.000102
1.095 3.414546 0.000089
1.096 3.413932 0.000076
1.097 3.413318 0.000062
1.098 3.412706 0.000051
1.099 3.412102 0.000048
1.100 3.411498 0.000045
1.101 3.410894 0.000043
1.102 3.410290 0.000040
1.103 3.409687 0.000037
1.104 3.409083 0.000035
1.105 3.408484 0.000032
1.106 3.407937 0.000030
1.107 3.407390 0.000029
1.108 3.406843 0.000027
1.109 3.406296 0.000025
1.110 3.405749 0.000024
1.111 3.405202 0.000022
1.112 3.404655 0.000020
1.113 3.404143 0.000020
1.114 3.403634 0.000019
1.115 3.403124 0.000018
1.116 3.402614 0.000017
1.117 3.402105 0.000016
1.118 3.401595 0.000015
1.119 3.401085 0.000014
1.120 3.400584 0.000013
1.121 3.400087 0.000012
1.122 3.399590 0.000011
1.123 3.399092 0.000010
1.124 3.398595 0.000010
1.125 3.398097 0.000009
1.126 3.397600 0.000008
1.127 3.397120 0.000007
1.128 3.396667 0.000007
1.129 3.396214 0.000007
1.130 3.395761 0.000006
1.131 3.395308 0.000006
1.132 3.394855 0.000006
1.133 3.394402 0.000005
1.134 3.393949 0.000005
1.135 3.393499 0.000005
1.136 3.393049 0.000004
1.137 3.392599 0.000004
1.138 3.392149 0.000004
1.139 3.391699 0.000003
1.140 3.391249 0.000003
1.141 3.390799 0.000003
1.142 3.390366 0.000003
1.143 3.389953 0.000002
1.144 3.389539 0.000002
1.145 3.389126 0.000002
1.146 3.388713 0.000002
1.147 3.388300 0.000002
1.148 3.387886 0.000002
1.149 3.387473 0.000002
1.150 3.387073 0.000001
1.151 3.386676 0.000001
1.152 3.386279 0.000001
1.153 3.385882 0.000001
1.154 3.385485 0.000001
1.155 3.385088 0.000001
1.156 3.384690 0.000001
1.157 3.384295 0.000001
1.158 3.383910 0.000001
1.159 3.383525 0.000001
1.160 3.383139 0.000001
1.161 3.382754 0.000001
1.162 3.382369 0.000001
1.163 3.381984 0.000001
1.164 3.381599 0.000000
1.165 3.381223 0.000000
1.166 3.380868 0.000000
1.167 3.380513 0.000000
1.168 3.380158 0.000000
1.169 3.379803 0.000000
1.170 3.379448 0.000000
1.171 3.379093 0.000000
1.172 3.378738 0.000000
1.173 3.378384 0.000000
1.174 3.378031 0.000000
1.175 3.377678 0.000000
1.176 3.377324 0.000000
1.177 3.376971 0.000000
1.178 3.376618 0.000000
1.179 3.376265 0.000000
1.180 3.375912 0.000000
1.181 3.375566 0.000000
1.182 3.375238 0.000000
1.183 3.374910 0.000000
1.184 3.374582 0.000000
1.185 3.374253 0.000000
1.186 3.373925 0.000000
1.187 3.373597 0.000000
1.188 3.373269 0.000000
1.189 3.372942 0.000000
1.190 3.372621 0.000000
1.191 3.372300 0.000000
1.192 3.371979 0.000000
1.193 3.371658 0.000000
1.194 3.371337 0.000000
1.195 3.371016 0.000000
1.196 3.370695 0.000000
1.197 3.370374 0.000000
1.198 3.370062 0.000000
1.199 3.369751 0.000000
1.200 3.369441 0.000000
1.201 3.369130 0.000000
1.202 3.368820 0.000000
1.203 3.368509 0.000000
1.204 3.368199 0.000000
1.205 3.367888 0.000000
1.206 3.367587 0.000000
1.207 3.367295 0.000000
1.208 3.367004 0.000000
1.209 3.366712 0.000000
1.210 3.366420 0.000000
1.211 3.366129 0.000000
1.212 3.365837 0.000000
1.213 3.365545 0.000000
1.214 3.365254 0.000000
1.215 3.364963 0.000000
1.216 3.364672 0.000000
1.217 3.364381 0.000000
1.218 3.364090 0.000000
1.219 3.363799 0.000000
1.220 3.363508 0.000000
1.221 3.363217 0.000000
1.222 3.362926 0.000000
1.223 3.362643 0.000000
1.224 3.362373 0.000000
1.225 3.362104 0.000000
1.226 3.361834 0.000000
1.227 3.361564 0.000000
1.228 3.361294 0.000000
1.229 3.361024 0.000000
1.230 3.360754 0.000000
1.231 3.360485 0.000000
1.232 3.360217 0.000000
1.233 3.359950 0.000000
1.234 3.359683 0.000000
1.235 3.359416 0.000000
1.236 3.359150 0.000000
1.237 3.358883 0.000000
1.238 3.358616 0.000000
1.239 3.358349 0.000000
1.240 3.358083 0.000000
1.241 3.357825 0.000000
1.242 3.357570 0.000000
1.243 3.357315 0.000000
1.244 3.357061 0.000000
1.245 3.356806 0.000000
1.246 3.356551 0.000000
1.247 3.356297 0.000000
1.248 3.356042 0.000000
1.249 3.355787 0.000000
1.250 3.355544 0.000000
1.251 3.355305 0.000000
1.252 3.355065 0.000000
1.253 3.354826 0.000000
1.254 3.354587 0.000000
1.255 3.354347 0.000000
1.256 3.354108 0.000000
1.257 3.353868 0.000000
1.258 3.353629 0.000000
1.259 3.353390 0.000000
1.260 3.353152 0.000000
1.261 3.352914 0.000000
1.262 3.352676 0.000000
1.263 3.352438 0.000000
1.264 3.352200 0.000000
1.265 3.351962 0.000000
1.266 3.351724 0.000000
1.267 3.351486 0.000000
1.268 3.351253 0.000000
1.269 3.351030 0.000000
1.270 3.350807 0.000000
1.271 3.350583 0.000000
1.272 3.350360 0.000000
1.273 3.350137 0.000000
1.274 3.349913 0.000000
1.275 3.349690 0.000000
1.276 3.349467 0.000000
1.277 3.349243 0.000000
1.278 3.349021 0.000000
1.279 3.348800 0.000000
1.280 3.348578 0.000000
1.281 3.348356 0.000000
1.282 3.348134 0.000000
1.283 3.347912 0.000000
1.284 3.347690 0.000000
1.285 3.347468 0.000000
1.286 3.347246 0.000000
1.287 3.347028 0.000000
1.288 3.346815 0.000000
1.289 3.346602 0.000000
1.290 3.346388 0.000000
1.291 3.346175 0.000000
1.292 3.345962 0.000000
1.293 3.345749 0.000000
1.294 3.345535 0.000000
1.295 3.345322 0.000000
1.296 3.345109 0.000000
1.297 3.344901 0.000000
1.298 3.344696 0.000000
1.299 3.344490 0.000000
1.300 3.344285 0.000000
1.301 3.344080 0.000000
1.302 3.343874 0.000000
1.303 3.343669 0.000000
1.304 3.343463 0.000000
1.305 3.343258 0.000000
1.306 3.343053 0.000000
1.307 3.342849 0.000000
1.308 3.342646 0.000000
1.309 3.342442 0.000000
1.310 3.342239 0.000000
1.311 3.342036 0.000000
1.312 3.341832 0.000000
1.313 3.341629 0.000000
1.314 3.341426 0.000000
1.315 3.341222 0.000000
1.316 3.341019 0.000000
1.317 3.340827 0.000000
1.318 3.340636 0.000000
1.319 3.340446 0.000000
1.320 3.340255 0.000000
1.321 3.340065 0.000000
1.322 3.339874 0.000000
1.323 3.339683 0.000000
1.324 3.339493 0.000000
1.325 3.339302 0.000000
1.326 3.339112 0.000000
1.327 3.338922 0.000000
1.328 3.338732 0.000000
1.329 3.338542 0.000000
1.330 3.338353 0.000000
1.331 3.338163 0.000000
1.332 3.337973 0.000000
1.333 3.337783 0.000000
1.334 3.337594 0.000000
1.335 3.337404 0.000000
1.336 3.337214 0.000000
1.337 3.337030 0.000000
1.338 3.336852 0.000000
1.339 3.336674 0.000000
1.340 3.336496 0.000000
1.341 3.336318 0.000000
1.342 3.336140 0.000000
1.343 3.335962 0.000000
1.344 3.335784 0.000000
1.345 3.335607 0.000000
1.346 3.335429 0.000000
1.347 3.335251 0.000000
1.348 3.335080 0.000000
1.349 3.334910 0.000000
1.350 3.334740 0.000000
1.351 3.334569 0.000000
1.352 3.334399 0.000000
1.353 3.334228 0.000000
1.354 3.334058 0.000000
1.355 3.333888 0.000000
1.356 3.333717 0.000000
1.357 3.333547 0.000000
1.358 3.333377 0.000000
1.359 3.333209 0.000000
1.360 3.333041 0.000000
1.361 3.332872 0.000000
1.362 3.332704 0.000000
1.363 3.332536 0.000000
1.364 3.332367 0.000000
1.365 3.332199 0.000000
1.366 3.332031 0.000000
1.367 3.331862 0.000000
1.368 3.331694 0.000000
1.369 3.331530 0.000000
1.370 3.331369 0.000000
1.371 3.331209 0.000000
1.372 3.331048 0.000000
1.373 3.330888 0.000000
1.374 3.330727 0.000000
1.375 3.330566 0.000000
1.376 3.330406 0.000000
1.377 3.330245 0.000000
1.378 3.330085 0.000000
1.379 3.329924 0.000000
1.380 3.329764 0.000000
1.381 3.329603 0.000000
1.382 3.329443 0.000000
1.383 3.329283 0.000000
1.384 3.329122 0.000000
1.385 3.328962 0.000000
1.386 3.328802 0.000000
1.387 3.328641 0.000000
1.388 3.328481 0.000000
1.389 3.328321 0.000000
1.390 3.328160 0.000000
1.391 3.328004 0.000000
1.392 3.327854 0.000000
1.393 3.327703 0.000000
1.394 3.327552 0.000000
1.395 3.327402 0.000000
1.396 3.327251 0.000000
1.397 3.327101 0.000000
1.398 3.326950 0.000000
1.399 3.326799 0.000000
1.400 3.326649 0.000000
1.401 3.326498 0.000000
1.402 3.326348 0.000000
1.403 3.326202 0.000000
1.404 3.326055 0.000000
1.405 3.325909 0.000000
1.406 3.325762 0.000000
1.407 3.325616 0.000000
1.408 3.325469 0.000000
1.409 3.325323 0.000000
1.410 3.325177 0.000000
1.411 3.325030 0.000000
1.412 3.324884 0.000000
1.413 3.324737 0.000000
1.414 3.324593 0.000000
1.415 3.324450 0.000000
1.416 3.324307 0.000000
1.417 3.324164 0.000000
1.418 3.324021 0.000000
1.419 3.323878 0.000000
1.420 3.323735 0.000000
1.421 3.323592 0.000000
1.422 3.323449 0.000000
1.423 3.323307 0.000000
1.424 3.323164 0.000000
1.425 3.323021 0.000000
1.426 3.322886 0.000000
1.427 3.322752 0.000000
1.428 3.322618 0.000000
1.429 3.322484 0.000000
1.430 3.322350 0.000000
1.431 3.322216 0.000000
1.432 3.322082 0.000000
1.433 3.321948 0.000000
1.434 3.321814 0.000000
1.435 3.321680 0.000000
1.436 3.321546 0.000000
1.437 3.321412 0.000000
1.438 3.321279 0.000000
1.439 3.321145 0.000000
1.440 3.321011 0.000000
1.441 3.320878 0.000000
1.442 3.320744 0.000000
1.443 3.320611 0.000000
1.444 3.320477 0.000000
1.445 3.320343 0.000000
1.446 3.320210 0.000000
1.447 3.320076 0.000000
1.448 3.319943 0.000000
1.449 3.319809 0.000000
1.450 3.319682 0.000000
1.451 3.319555 0.000000
1.452 3.319429 0.000000
1.453 3.319302 0.000000
1.454 3.319175 0.000000
1.455 3.319049 0.000000
1.456 3.318922 0.000000
1.457 3.318796 0.000000
1.458 3.318669 0.000000
1.459 3.318542 0.000000
1.460 3.318416 0.000000
1.461 3.318289 0.000000
1.462 3.318164 0.000000
1.463 3.318039 0.000000
1.464 3.317914 0.000000
1.465 3.317790 0.000000
1.466 3.317665 0.000000
1.467 3.317540 0.000000
1.468 3.317416 0.000000
1.469 3.317291 0.000000
1.470 3.317166 0.000000
1.471 3.317042 0.000000
1.472 3.316917 0.000000
1.473 3.316792 0.000000
1.474 3.316668 0.000000
1.475 3.316547 0.000000
1.476 3.316427 0.000000
1.477 3.316306 0.000000
1.478 3.316186 0.000000
1.479 3.316065 0.000000
1.480 3.315944 0.000000
1.481 3.315824 0.000000
1.482 3.315703 0.000000
1.483 3.315583 0.000000
1.484 3.315462 0.000000
1.485 3.315342 0.000000
1.486 3.315221 0.000000
1.487 3.315103 0.000000
1.488 3.314990 0.000000
1.489 3.314877 0.000000
1.490 3.314763 0.000000
1.491 3.314650 0.000000
1.492 3.314537 0.000000
1.493 3.314424 0.000000
1.494 3.314310 0.000000
1.495 3.314197 0.000000
1.496 3.314084 0.000000
1.497 3.313971 0.000000
1.498 3.313857 0.000000
1.499 3.313744 0.000000
1.500 3.313631 0.000000
1.501 3.313518 0.000000
1.502 3.313405 0.000000
1.503 3.313292 0.000000
1.504 3.313179 0.000000
1.505 3.313066 0.000000
1.506 3.312953 0.000000
1.507 3.312840 0.000000
1.508 3.312727 0.000000
1.509 3.312614 0.000000
1.510 3.312502 0.000000
1.511 3.312389 0.000000
1.512 3.312276 0.000000
1.513 3.312164 0.000000
1.514 3.312058 0.000000
1.515 3.311952 0.000000
1.516 3.311846 0.000000
1.517 3.311740 0.000000
1.518 3.311634 0.000000
1.519 3.311528 0.000000
1.520 3.311422 0.000000
1.521 3.311316 0.000000
1.522 3.311210 0.000000
1.523 3.311104 0.000000
1.524 3.310998 0.000000
1.525 3.310892 0.000000
1.526 3.310786 0.000000
1.527 3.310681 0.000000
1.528 3.310576 0.000000
1.529 3.310471 0.000000
1.530 3.310365 0.000000
1.531 3.310260 0.000000
1.532 3.310155 0.000000
1.533 3.310050 0.000000
1.534 3.309945 0.000000
1.535 3.309840 0.000000
1.536 3.309735 0.000000
1.537 3.309630 0.000000
1.538 3.309525 0.000000
1.539 3.309420 0.000000
1.540 3.309316 0.000000
1.541 3.309214 0.000000
1.542 3.309112 0.000000
1.543 3.309010 0.000000
1.544 3.308908 0.000000
1.545 3.308807 0.000000
1.546 3.308705 0.000000
1.547 3.308603 0.000000
1.548 3.308501 0.000000
1.549 3.308400 0.000000
1.550 3.308298 0.000000
1.551 3.308196 0.000000
1.552 3.308094 0.000000
1.553 3.307993 0.000000
1.554 3.307892 0.000000
1.555 3.307794 0.000000
1.556 3.307697 0.000000
1.557 3.307599 0.000000
1.558 3.307501 0.000000
1.559 3.307404 0.000000
1.560 3.307306 0.000000
1.561 3.307208 0.000000
1.562 3.307111 0.000000
1.563 3.307013 0.000000
1.564 3.306915 0.000000
1.565 3.306818 0.000000
1.566 3.306720 0.000000
1.567 3.306622 0.000000
1.568 3.306525 0.000000
1.569 3.306428 0.000000
1.570 3.306330 0.000000
1.571 3.306233 0.000000
1.572 3.306136 0.000000
1.573 3.306039 0.000000
1.574 3.305942 0.000000
1.575 3.305844 0.000000
1.576 3.305747 0.000000
1.577 3.305650 0.000000
1.578 3.305553 0.000000
1.579 3.305456 0.000000
1.580 3.305358 0.000000
1.581 3.305261 0.000000
1.582 3.305164 0.000000
1.583 3.305071 0.000000
1.584 3.304980 0.000000
1.585 3.304889 0.000000
1.586 3.304799 0.000000
1.587 3.304708 0.000000
1.588 3.304617 0.000000
1.589 3.304526 0.000000
1.590 3.304435 0.000000
1.591 3.304344 0.000000
1.592 3.304253 0.000000
1.593 3.304162 0.000000
1.594 3.304071 0.000000
1.595 3.303981 0.000000
1.596 3.303890 0.000000
1.597 3.303799 0.000000
1.598 3.303708 0.000000
1.599 3.303618 0.000000
1.600 3.303528 0.000000
1.601 3.303437 0.000000
1.602 3.303347 0.000000
1.603 3.303256 0.000000
1.604 3.303166 0.000000
1.605 3.303076 0.000000
1.606 3.302985 0.000000
1.607 3.302895 0.000000
1.608 3.302804 0.000000
1.609 3.302714 0.000000
1.610 3.302624 0.000000
1.611 3.302533 0.000000
1.612 3.302443 0.000000
1.613 3.302358 0.000000
1.614 3.302273 0.000000
1.615 3.302188 0.000000
1.616 3.302102 0.000000
1.617 3.302017 0.000000
1.618 3.301932 0.000000
1.619 3.301846 0.000000
1.620 3.301761 0.000000
1.621 3.301676 0.000000
1.622 3.301591 0.000000
1.623 3.301505 0.000000
1.624 3.301420 0.000000
1.625 3.301335 0.000000
1.626 3.301250 0.000000
1.627 3.301164 0.000000
1.628 3.301083 0.000000
1.629 3.301002 0.000000
1.630 3.300922 0.000000
1.631 3.300841 0.000000
1.632 3.300760 0.000000
1.633 3.300679 0.000000
1.634 3.300599 0.000000
1.635 3.300518 0.000000
1.636 3.300437 0.000000
1.637 3.300357 0.000000
1.638 3.300276 0.000000
1.639 3.300195 0.000000
1.640 3.300114 0.000000
1.641 3.300034 0.000000
1.642 3.299953 0.000000
1.643 3.299872 0.000000
1.644 3.299792 0.000000
1.645 3.299712 0.000000
1.646 3.299632 0.000000
1.647 3.299552 0.000000
1.648 3.299471 0.000000
1.649 3.299391 0.000000
1.650 3.299311 0.000000
1.651 3.299231 0.000000
1.652 3.299150 0.000000
1.653 3.299070 0.000000
1.654 3.298990 0.000000
1.655 3.298910 0.000000
1.656 3.298829 0.000000
1.657 3.298749 0.000000
1.658 3.298669 0.000000
1.659 3.298590 0.000000
1.660 3.298513 0.000000
1.661 3.298436 0.000000
1.662 3.298359 0.000000
1.663 3.298282 0.000000
1.664 3.298204 0.000000
1.665 3.298127 0.000000
1.666 3.298050 0.000000
1.667 3.297973 0.000000
1.668 3.297896 0.000000
1.669 3.297818 0.000000
1.670 3.297741 0.000000
1.671 3.297664 0.000000
1.672 3.297587 0.000000
1.673 3.297510 0.000000
1.674 3.297432 0.000000
1.675 3.297355 0.000000
1.676 3.297278 0.000000
1.677 3.297201 0.000000
1.678 3.297124 0.000000
1.679 3.297047 0.000000
1.680 3.296970 0.000000
1.681 3.296893 0.000000
1.682 3.296816 0.000000
1.683 3.296739 0.000000
1.684 3.296661 0.000000
1.685 3.296584 0.000000
1.686 3.296507 0.000000
1.687 3.296430 0.000000
1.688 3.296353 0.000000
1.689 3.296276 0.000000
1.690 3.296199 0.000000
1.691 3.296122 0.000000
1.692 3.296049 0.000000
1.693 3.295978 0.000000
1.694 3.295906 0.000000
1.695 3.295834 0.000000
1.696 3.295762 0.000000
1.697 3.295690 0.000000
1.698 3.295619 0.000000
1.699 3.295547 0.000000
1.700 3.295475 0.000000
1.701 3.295403 0.000000
1.702 3.295331 0.000000
1.703 3.295260 0.000000
1.704 3.295188 0.000000
1.705 3.295116 0.000000
1.706 3.295044 0.000000
1.707 3.294973 0.000000
1.708 3.294901 0.000000
1.709 3.294833 0.000000
1.710 3.294764 0.000000
1.711 3.294696 0.000000
1.712 3.294627 0.000000
1.713 3.294559 0.000000
1.714 3.294490 0.000000
1.715 3.294422 0.000000
1.716 3.294353 0.000000
1.717 3.294284 0.000000
1.718 3.294216 0.000000
1.719 3.294147 0.000000
1.720 3.294079 0.000000
1.721 3.294010 0.000000
1.722 3.293942 0.000000
1.723 3.293873 0.000000
1.724 3.293805 0.000000
1.725 3.293736 0.000000
1.726 3.293669 0.000000
1.727 3.293601 0.000000
1.728 3.293534 0.000000
1.729 3.293466 0.000000
1.730 3.293399 0.000000
1.731 3.293331 0.000000
1.732 3.293264 0.000000
1.733 3.293196 0.000000
1.734 3.293129 0.000000
1.735 3.293061 0.000000
1.736 3.292994 0.000000
1.737 3.292927 0.000000
1.738 3.292859 0.000000
1.739 3.292792 0.000000
1.740 3.292724 0.000000
1.741 3.292657 0.000000
1.742 3.292589 0.000000
1.743 3.292524 0.000000
1.744 3.292460 0.000000
1.745 3.292397 0.000000
1.746 3.292334 0.000000
1.747 3.292270 0.000000
1.748 3.292207 0.000000
1.749 3.292143 0.000000
1.750 3.292080 0.000000
1.751 3.292016 0.000000
1.752 3.291953 0.000000
1.753 3.291890 0.000000
1.754 3.291826 0.000000
1.755 3.291763 0.000000
1.756 3.291699 0.000000
1.757 3.291636 0.000000
1.758 3.291572 0.000000
1.759 3.291509 0.000000
1.760 3.291446 0.000000
1.761 3.291382 0.000000
1.762 3.291319 0.000000
1.763 3.291256 0.000000
1.764 3.291192 0.000000
1.765 3.291129 0.000000
1.766 3.291065 0.000000
1.767 3.291002 0.000000
1.768 3.290939 0.000000
1.769 3.290875 0.000000
1.770 3.290812 0.000000
1.771 3.290749 0.000000
1.772 3.290685 0.000000
1.773 3.290622 0.000000
1.774 3.290559 0.000000
1.775 3.290495 0.000000
1.776 3.290432 0.000000
1.777 3.290368 0.000000
1.778 3.290305 0.000000
1.779 3.290244 0.000000
1.780 3.290184 0.000000
1.781 3.290125 0.000000
1.782 3.290065 0.000000
1.783 3.290005 0.000000
1.784 3.289946 0.000000
1.785 3.289886 0.000000
1.786 3.289827 0.000000
1.787 3.289767 0.000000
1.788 3.289707 0.000000
1.789 3.289648 0.000000
1.790 3.289588 0.000000
1.791 3.289529 0.000000
1.792 3.289469 0.000000
1.793 3.289409 0.000000
1.794 3.289350 0.000000
1.795 3.289290 0.000000
1.796 3.289231 0.000000
1.797 3.289171 0.000000
1.798 3.289113 0.000000
1.799 3.289055 0.000000
1.800 3.288997 0.000000
1.801 3.288939 0.000000
1.802 3.288881 0.000000
1.803 3.288823 0.000000
1.804 3.288765 0.000000
1.805 3.288707 0.000000
1.806 3.288649 0.000000
1.807 3.288591 0.000000
1.808 3.288533 0.000000
1.809 3.288475 0.000000
1.810 3.288416 0.000000
1.811 3.288358 0.000000
1.812 3.288300 0.000000
1.813 3.288242 0.000000
1.814 3.288184 0.000000
1.815 3.288126 0.000000
1.816 3.288068 0.000000
1.817 3.288012 0.000000
1.818 3.287955 0.000000
1.819 3.287898 0.000000
1.820 3.287842 0.000000
1.821 3.287785 0.000000
1.822 3.287728 0.000000
1.823 3.287672 0.000000
1.824 3.287615 0.000000
1.825 3.287558 0.000000
1.826 3.287502 0.000000
1.827 3.287445 0.000000
1.828 3.287388 0.000000
1.829 3.287332 0.000000
1.830 3.287275 0.000000
1.831 3.287218 0.000000
1.832 3.287162 0.000000
1.833 3.287105 0.000000
1.834 3.287048 0.000000
1.835 3.286991 0.000000
1.836 3.286937 0.000000
1.837 3.286884 0.000000
1.838 3.286831 0.000000
1.839 3.286778 0.000000
1.840 3.286725 0.000000
1.841 3.286672 0.000000
1.842 3.286619 0.000000
1.843 3.286566 0.000000
1.844 3.286513 0.000000
1.845 3.286460 0.000000
1.846 3.286407 0.000000
1.847 3.286354 0.000000
1.848 3.286301 0.000000
1.849 3.286248 0.000000
1.850 3.286195 0.000000
1.851 3.286142 0.000000
1.852 3.286089 0.000000
1.853 3.286036 0.000000
1.854 3.285982 0.000000
1.855 3.285929 0.000000
1.856 3.285876 0.000000
1.857 3.285823 0.000000
1.858 3.285771 0.000000
1.859 3.285718 0.000000
1.860 3.285665 0.000000
1.861 3.285612 0.000000
1.862 3.285559 0.000000
1.863 3.285506 0.000000
1.864 3.285453 0.000000
1.865 3.285400 0.000000
1.866 3.285347 0.000000
1.867 3.285294 0.000000
1.868 3.285241 0.000000
1.869 3.285188 0.000000
1.870 3.285135 0.000000
1.871 3.285082 0.000000
1.872 3.285029 0.000000
1.873 3.284976 0.000000
1.874 3.284923 0.000000
1.875 3.284870 0.000000
1.876 3.284820 0.000000
1.877 3.284770 0.000000
1.878 3.284721 0.000000
1.879 3.284672 0.000000
1.880 3.284623 0.000000
1.881 3.284574 0.000000
1.882 3.284524 0.000000
1.883 3.284475 0.000000
1.884 3.284426 0.000000
1.885 3.284377 0.000000
1.886 3.284327 0.000000
1.887 3.284278 0.000000
1.888 3.284229 0.000000
1.889 3.284180 0.000000
1.890 3.284130 0.000000
1.891 3.284081 0.000000
1.892 3.284032 0.000000
1.893 3.283983 0.000000
1.894 3.283933 0.000000
1.895 3.283884 0.000000
1.896 3.283835 0.000000
1.897 3.283787 0.000000
1.898 3.283738 0.000000
1.899 3.283690 0.000000
1.900 3.283642 0.000000
1.901 3.283594 0.000000
1.902 3.283546 0.000000
1.903 3.283497 0.000000
1.904 3.283449 0.000000
1.905 3.283401 0.000000
1.906 3.283353 0.000000
1.907 3.283304 0.000000
1.908 3.283256 0.000000
1.909 3.283208 0.000000
1.910 3.283160 0.000000
1.911 3.283111 0.000000
1.912 3.283063 0.000000
1.913 3.283015 0.000000
1.914 3.282967 0.000000
1.915 3.282918 0.000000
1.916 3.282870 0.000000
1.917 3.282822 0.000000
1.918 3.282775 0.000000
1.919 3.282728 0.000000
1.920 3.282682 0.000000
1.921 3.282635 0.000000
1.922 3.282588 0.000000
1.923 3.282541 0.000000
1.924 3.282495 0.000000
1.925 3.282448 0.000000
1.926 3.282401 0.000000
1.927 3.282354 0.000000
1.928 3.282308 0.000000
1.929 3.282261 0.000000
1.930 3.282214 0.000000
1.931 3.282167 0.000000
1.932 3.282120 0.000000
1.933 3.282074 0.000000
1.934 3.282027 0.000000
1.935 3.281980 0.000000
1.936 3.281933 0.000000
1.937 3.281887 0.000000
1.938 3.281840 0.000000
1.939 3.281794 0.000000
1.940 3.281750 0.000000
1.941 3.281706 0.000000
1.942 3.281662 0.000000
1.943 3.281618 0.000000
1.944 3.281574 0.000000
1.945 3.281530 0.000000
1.946 3.281486 0.000000
1.947 3.281442 0.000000
1.948 3.281398 0.000000
1.949 3.281354 0.000000
1.950 3.281310 0.000000