0.253 2.010090 3.222821
0.254 2.053670 3.235070
0.255 2.101144 3.252233
0.256 2.142947 3.263207
0.257 2.190794 3.274798
0.258 2.237286 3.285779
0.259 2.284779 3.297338
0.260 2.334495 3.308070
0.261 2.389475 3.318535
0.262 2.443096 3.326391
0.263 2.498289 3.327964
0.264 2.556683 3.330857
0.265 2.616433 3.324072
0.266 2.680309 3.318583
0.267 2.738360 3.305285
0.268 2.796544 3.289090
0.269 2.856795 3.269836
0.270 2.910791 3.244796
0.271 2.966533 3.218513
0.272 3.015160 3.189487
0.273 3.065156 3.155518
0.274 3.109188 3.120993
0.275 3.153024 3.086675
0.276 3.190075 3.049886
0.277 3.225304 3.011288
0.278 3.259288 2.970571
0.279 3.291442 2.934850
0.280 3.320857 2.894173
0.281 3.343489 2.851972
0.282 3.367089 2.811099
0.283 3.389671 2.773602
0.284 3.406403 2.732312
0.285 3.423616 2.693692
0.286 3.438764 2.656443
0.287 3.449737 2.618267
0.288 3.462018 2.579830
0.289 3.472436 2.543594
0.290 3.478816 2.508556
0.291 3.484207 2.471130
0.292 3.489087 2.438246
0.293 3.493051 2.405151
0.294 3.491846 2.372727
0.295 3.491290 2.343690
0.296 3.493001 2.312091
0.297 3.493303 2.283300
0.298 3.489109 2.253189
0.299 3.484672 2.228336
0.300 3.479760 2.203513
0.301 3.475589 2.178686
0.302 3.471178 2.155589
0.303 3.464750 2.136411
0.304 3.456225 2.115146
0.305 3.450569 2.096992
0.306 3.442088 2.076225
0.307 3.436365 2.058073
0.308 3.427872 2.041047
0.309 3.422162 2.027271
0.310 3.412948 2.010057
0.311 3.405880 1.997702
0.312 3.398286 1.986506
0.313 3.390878 1.974883
0.314 3.386147 1.963705
0.315 3.377401 1.952087
0.316 3.369930 1.941192
0.317 3.363330 1.930305
0.318 3.355034 1.921384
0.319 3.346894 1.915686
0.320 3.340855 1.907241
0.321 3.335722 1.901098
0.322 3.331180 1.893105
0.323 3.323187 1.886873
0.324 3.316978 1.880841
0.325 3.313125 1.876884
0.326 3.306653 1.871720
0.327 3.303001 1.866253
0.328 3.297990 1.864407
0.329 3.293602 1.860032
0.330 3.289621 1.857780
0.331 3.284590 1.853808
0.332 3.280293 1.852475
0.333 3.275267 1.850862
0.334 3.273879 1.846920
0.335 3.270216 1.845605
0.336 3.265234 1.845616
0.337 3.264199 1.845628
0.338 3.263165 1.845983
0.339 3.260424 1.844586
0.340 3.255496 1.840405
0.341 3.253531 1.839780
0.342 3.253145 1.839797
0.343 3.252123 1.840168
0.344 3.251457 1.840822
0.345 3.251067 1.841201
0.346 3.250416 1.841844
0.347 3.250012 1.841873
0.348 3.249378 1.842270
0.349 3.248978 1.842908
0.350 3.248342 1.844058
0.351 3.247943 1.847806
0.352 3.247318 1.851250
0.353 3.247300 1.851883
0.354 3.247284 1.852302
0.355 3.246878 1.853323
0.356 3.249043 1.853950
0.357 3.253135 1.854788
0.358 3.253144 1.858833
0.359 3.253136 1.862887
0.360 3.255590 1.863366
0.361 3.259445 1.864394
0.362 3.260013 1.865005
0.363 3.260011 1.867993
0.364 3.262561 1.872831
0.365 3.266348 1.874423
0.366 3.268635 1.875455
0.367 3.272154 1.878689
0.368 3.274689 1.883329
0.369 3.278449 1.885453
0.370 3.281701 1.886043
0.371 3.283972 1.889257
0.372 3.288016 1.894405
0.373 3.290534 1.896037
0.374 3.294385 1.898417
0.375 3.299397 1.903414
0.376 3.302899 1.906523
0.377 3.304925 1.907568
0.378 3.308829 1.911981
0.379 3.314803 1.916553
0.380 3.319284 1.917601
0.381 3.324257 1.921615
0.382 3.328723 1.926105
0.383 3.333729 1.929149
0.384 3.339159 1.934187
0.385 3.345713 1.937623
0.386 3.352071 1.941769
0.387 3.357107 1.946672
0.388 3.362030 1.949710
0.389 3.368675 1.954333
0.390 3.378155 1.960334
0.391 3.384321 1.965259
0.392 3.390061 1.968265
0.393 3.398562 1.973534
0.394 3.406409 1.979307
0.395 3.412273 1.983892
0.396 3.419520 1.989472
0.397 3.429051 1.994951
0.398 3.438999 2.001076
0.399 3.452351 2.006374
0.400 3.464818 2.012123
0.401 3.474192 2.017954
0.402 3.486118 2.022976
0.403 3.499434 2.028593
0.404 3.514176 2.033428
0.405 3.530080 2.039261
0.406 3.543635 2.043798
0.407 3.559187 2.045643
0.408 3.577081 2.047318
0.409 3.594973 2.048768
0.410 3.612939 2.046715
0.411 3.634580 2.044719
0.412 3.655215 2.041247
0.413 3.673428 2.035110
0.414 3.690074 2.028900
0.415 3.704069 2.020996
0.416 3.717647 2.010940
0.417 3.731560 2.002613
0.418 3.744893 1.993282
0.419 3.755692 1.983778
0.420 3.761853 1.973112
0.421 3.768553 1.963960
0.422 3.772603 1.956526
0.423 3.776611 1.946517
0.424 3.782966 1.940464
0.425 3.786648 1.938392
0.426 3.789423 1.934213
0.427 3.791868 1.932189
0.428 3.794616 1.933319
0.429 3.797045 1.935422
0.430 3.800010 1.937684
0.431 3.804033 1.941273
0.432 3.812456 1.948218
0.433 3.819278 1.953662
0.434 3.828404 1.961195
0.435 3.838071 1.970943
0.436 3.849165 1.980724
0.437 3.863799 1.988472
0.438 3.879894 1.994107
0.439 3.899179 2.003076
0.440 3.919247 2.012324
0.441 3.939607 2.021268
0.442 3.964293 2.029491
0.443 3.992704 2.034506
0.444 4.021223 2.039989
0.445 4.050768 2.042659
0.446 4.083216 2.042858
0.447 4.116132 2.039352
0.448 4.149022 2.033729
0.449 4.181912 2.026409
0.450 4.214806 2.018481
0.451 4.247647 2.007210
0.452 4.279664 1.993739
0.453 4.310681 1.978689
0.454 4.340326 1.960455
0.455 4.370810 1.940679
0.456 4.401615 1.920031
0.457 4.429819 1.897270
0.458 4.457133 1.871062
0.459 4.482521 1.842567
0.460 4.505293 1.813067
0.461 4.527454 1.782440
0.462 4.548709 1.750072
0.463 4.566449 1.717002
0.464 4.582900 1.683293
0.465 4.597735 1.648677
0.466 4.608668 1.613657
0.467 4.617040 1.578617
0.468 4.624346 1.542913
0.469 4.627941 1.508277
0.470 4.628615 1.476183
0.471 4.628294 1.444576
0.472 4.626005 1.413523
0.473 4.622439 1.384751
0.474 4.618141 1.357126
0.475 4.611887 1.329708
0.476 4.604212 1.301993
0.477 4.597619 1.275389
0.478 4.593662 1.250033
0.479 4.587126 1.228373
0.480 4.578490 1.205173
0.481 4.570059 1.183549
0.482 4.561439 1.164629
0.483 4.552111 1.146086
0.484 4.541343 1.127644
0.485 4.529816 1.109611
0.486 4.520122 1.091888
0.487 4.511501 1.075859
0.488 4.502573 1.061888
0.489 4.494137 1.047756
0.490 4.485523 1.034468
0.491 4.477146 1.019894
0.492 4.468468 1.006567
0.493 4.460154 0.993142
0.494 4.451429 0.979833
0.495 4.443144 0.968969
0.496 4.434402 0.958910
0.497 4.426135 0.948135
0.498 4.417387 0.937835
0.499 4.409123 0.927790
0.500 4.400371 0.917754
0.501 4.394309 0.908459
0.502 4.389214 0.899418
0.503 4.382698 0.890419
0.504 4.374919 0.882090
0.505 4.366298 0.873981
0.506 4.357977 0.865450
0.507 4.350293 0.857635
0.508 4.344211 0.850076
0.509 4.338890 0.842676
0.510 4.332471 0.835641
0.511 4.325011 0.828610
0.512 4.317929 0.821581
0.513 4.312274 0.814708
0.514 4.307285 0.808154
0.515 4.300858 0.801613
0.516 4.293843 0.795246
0.517 4.289481 0.789218
0.518 4.284189 0.783194
0.519 4.276609 0.777170
0.520 4.271042 0.771944
0.521 4.266604 0.766182
0.522 4.261506 0.760756
0.523 4.256991 0.755228
0.524 4.251884 0.749838
0.525 4.245448 0.744815
0.526 4.239533 0.739793
0.527 4.235120 0.734771
0.528 4.230080 0.729751
0.529 4.226449 0.724734
0.530 4.221746 0.720509
0.531 4.217415 0.715689
0.532 4.212878 0.710853
0.533 4.208494 0.706471
0.534 4.204281 0.702261
0.535 4.199761 0.697745
0.536 4.195465 0.693420
0.537 4.192250 0.689399
0.538 4.186972 0.685383
0.539 4.182848 0.681186
0.540 4.178733 0.676735
0.541 4.174538 0.672344
0.542 4.170639 0.668329
0.543 4.164773 0.664318
0.544 4.162971 0.661126
0.545 4.161107 0.657276
0.546 4.157567 0.653264
0.547 4.153185 0.649255
0.548 4.149032 0.645385
0.549 4.144298 0.642095
0.550 4.140968 0.638278
0.551 4.137127 0.634858
0.552 4.133359 0.631429
0.553 4.130358 0.627845
0.554 4.128447 0.624216
0.555 4.124139 0.621050
0.556 4.121093 0.617808
0.557 4.118489 0.614373
0.558 4.115834 0.610780
0.559 4.112763 0.607160
0.560 4.109031 0.604007
0.561 4.106672 0.600966
0.562 4.104106 0.597954
0.563 4.100825 0.594943
0.564 4.096820 0.591933
0.565 4.092812 0.588921
0.566 4.089349 0.585910
0.567 4.086607 0.582902
0.568 4.084478 0.579894
0.569 4.081509 0.576885
0.570 4.078236 0.573877
0.571 4.075536 0.570869
0.572 4.073357 0.567863
0.573 4.070460 0.564857
0.574 4.067146 0.561850
0.575 4.064763 0.559136
0.576 4.063348 0.556618
0.577 4.062161 0.553794
0.578 4.059145 0.550816
0.579 4.055768 0.548108
0.580 4.052629 0.545629
0.581 4.051064 0.542764
0.582 4.048051 0.540099
0.583 4.044675 0.537463
0.584 4.041423 0.534784
0.585 4.039838 0.532001
0.586 4.037301 0.529402
0.587 4.034147 0.526955
0.588 4.030629 0.524664
0.589 4.029888 0.522054
0.590 4.028868 0.519406
0.591 4.027032 0.516789
0.592 4.023392 0.514488
0.593 4.020525 0.512068
0.594 4.018535 0.509677
0.595 4.018020 0.507544
0.596 4.016377 0.505048
0.597 4.013531 0.502429
0.598 4.009197 0.499736
0.599 4.007406 0.497697
0.600 4.006061 0.495357
0.601 4.004834 0.492728
0.602 4.000139 0.490701
0.603 3.997395 0.488686
0.604 3.996036 0.486597
0.605 3.995006 0.483924
0.606 3.993220 0.481685
0.607 3.990820 0.479638
0.608 3.987402 0.477387
0.609 3.985714 0.475024
0.610 3.984744 0.472682
0.611 3.983295 0.470677
0.612 3.980796 0.468675
0.613 3.977885 0.466672
0.614 3.975434 0.464669
0.615 3.973903 0.462267
0.616 3.972839 0.459716
0.617 3.971497 0.457688
0.618 3.968286 0.455675
0.619 3.963910 0.453674
0.620 3.963268 0.451672
0.621 3.962561 0.449671
0.622 3.961789 0.447670
0.623 3.960782 0.445669
0.624 3.959382 0.443668
0.625 3.957340 0.441669
0.626 3.954536 0.439669
0.627 3.951935 0.437669
0.628 3.950789 0.435670
0.629 3.949953 0.433670
0.630 3.949217 0.431684
0.631 3.945550 0.430121
0.632 3.942669 0.428449
0.633 3.940861 0.426627
0.634 3.939689 0.424663
0.635 3.938534 0.422664
0.636 3.936793 0.420666
0.637 3.934181 0.418669
0.638 3.930873 0.416672
0.639 3.929664 0.414674
0.640 3.928805 0.412838
0.641 3.928379 0.411435
0.642 3.927705 0.409668
0.643 3.926874 0.407671
0.644 3.923555 0.405675
0.645 3.920585 0.403775
0.646 3.918873 0.402128
0.647 3.917818 0.400413
0.648 3.917212 0.398653
0.649 3.915340 0.397204
0.650 3.913098 0.395668
0.651 3.909938 0.393674
0.652 3.908047 0.391964
0.653 3.907439 0.390543
0.654 3.906957 0.388750
0.655 3.906452 0.386873
0.656 3.904918 0.385349
0.657 3.902875 0.383795
0.658 3.899743 0.382176
0.659 3.897852 0.380450
0.660 3.896887 0.378644
0.661 3.896233 0.377142
0.662 3.895618 0.375706
0.663 3.894508 0.374254
0.664 3.892869 0.372654
0.665 3.889891 0.370674
0.666 3.887766 0.368962
0.667 3.886494 0.367518
0.668 3.885646 0.366072
0.669 3.884973 0.364626
0.670 3.883000 0.363177
0.671 3.880863 0.361728
0.672 3.878436 0.360276
0.673 3.876523 0.358677
0.674 3.875973 0.356685
0.675 3.875419 0.355097
0.676 3.874860 0.354019
0.677 3.873757 0.352666
0.678 3.872293 0.351131
0.679 3.869636 0.349599
0.680 3.866582 0.348067
0.681 3.865809 0.346538
0.682 3.865323 0.345016
0.683 3.864835 0.343905
0.684 3.864253 0.342745
0.685 3.863071 0.341274
0.686 3.861347 0.339805
0.687 3.857929 0.338342
0.688 3.855499 0.336871
0.689 3.854992 0.335384
0.690 3.854489 0.333901
0.691 3.853990 0.332422
0.692 3.853072 0.331151
0.693 3.851737 0.330085
0.694 3.849622 0.328769
0.695 3.846911 0.327262
0.696 3.845486 0.325838
0.697 3.844848 0.324465
0.698 3.843908 0.323252
0.699 3.842815 0.322120
0.700 3.840543 0.320733
0.701 3.837757 0.319234
0.702 3.836246 0.317844
0.703 3.835237 0.316497
0.704 3.834840 0.315294
0.705 3.834674 0.314146
0.706 3.833738 0.312845
0.707 3.832512 0.311486
0.708 3.830308 0.310290
0.709 3.827711 0.309160
0.710 3.826208 0.307849
0.711 3.825200 0.306456
0.712 3.824779 0.305260
0.713 3.824671 0.304170
0.714 3.823785 0.302863
0.715 3.822391 0.301414
0.716 3.820162 0.300194
0.717 3.817234 0.299165
0.718 3.815657 0.298150
0.719 3.815586 0.297151
0.720 3.815373 0.296111
0.721 3.814939 0.295008
0.722 3.814305 0.293828
0.723 3.813190 0.292464
0.724 3.811706 0.291168
0.725 3.808601 0.290168
0.726 3.805698 0.289169
0.727 3.805681 0.288170
0.728 3.805664 0.287171
0.729 3.805220 0.285843
0.730 3.804745 0.284492
0.731 3.803600 0.283334
0.732 3.802274 0.282229
0.733 3.800276 0.281191
0.734 3.797880 0.280191
0.735 3.796392 0.279192
0.736 3.795978 0.278194
0.737 3.795487 0.277072
0.738 3.794791 0.275625
0.739 3.794010 0.274213
0.740 3.792231 0.273214
0.741 3.790451 0.272216
0.742 3.788859 0.271217
0.743 3.787296 0.270218
0.744 3.786440 0.269282
0.745 3.785973 0.268381
0.746 3.785433 0.267580
0.747 3.784784 0.266922
0.748 3.783871 0.266210
0.749 3.781547 0.265212
0.750 3.779223 0.264214
0.751 3.778098 0.263216
0.752 3.777114 0.262218
0.753 3.776729 0.261219
0.754 3.776715 0.260221
0.755 3.776284 0.259223
0.756 3.774990 0.258225
0.757 3.773670 0.257227
0.758 3.771111 0.256229
0.759 3.768551 0.255230
0.760 3.767776 0.254232
0.761 3.767760 0.253234
0.762 3.767483 0.252237
0.763 3.766756 0.251239
0.764 3.766015 0.250249
0.765 3.764563 0.249668
0.766 3.763111 0.249087
0.767 3.761559 0.248232
0.768 3.759954 0.247234
0.769 3.758694 0.246237
0.770 3.758322 0.245239
0.771 3.757951 0.244241
0.772 3.757171 0.243349
0.773 3.756339 0.242471
0.774 3.754900 0.241674
0.775 3.752805 0.240964
0.776 3.750804 0.240237
0.777 3.750317 0.239240
0.778 3.749829 0.238242
0.779 3.749432 0.237494
0.780 3.749090 0.236898
0.781 3.748576 0.236243
0.782 3.747219 0.235295
0.783 3.745862 0.234347
0.784 3.744163 0.233608
0.785 3.742317 0.232958
0.786 3.740784 0.232232
0.787 3.740379 0.231235
0.788 3.739974 0.230237
0.789 3.739292 0.229521
0.790 3.738501 0.228915
0.791 3.737458 0.228309
0.792 3.735419 0.227701
0.793 3.733379 0.227092
0.794 3.732295 0.226223
0.795 3.731680 0.225226
0.796 3.731112 0.224276
0.797 3.730880 0.223663
0.798 3.730647 0.223049
0.799 3.729797 0.222435
0.800 3.728457 0.221820
0.801 3.727118 0.221204
0.802 3.725534 0.220422
0.803 3.723945 0.219636
0.804 3.722813 0.218860
0.805 3.722426 0.218100
0.806 3.722040 0.217340
0.807 3.721225 0.216631
0.808 3.720280 0.215938
0.809 3.719186 0.215255
0.810 3.717133 0.214629
0.811 3.715079 0.214004
0.812 3.714016 0.213378
0.813 3.714006 0.212750
0.814 3.713997 0.212123
0.815 3.713687 0.211493
0.816 3.713311 0.210863
0.817 3.712877 0.210232
0.818 3.712069 0.209600
0.819 3.711262 0.208968
0.820 3.709994 0.208386
0.821 3.708124 0.207871
0.822 3.706255 0.207356
0.823 3.705541 0.206925
0.824 3.705291 0.206529
0.825 3.705041 0.206132
0.826 3.704380 0.205499
0.827 3.703708 0.204859
0.828 3.702886 0.204219
0.829 3.701532 0.203578
0.830 3.700179 0.202936
0.831 3.698897 0.202293
0.832 3.697707 0.201648
0.833 3.696516 0.201004
0.834 3.696097 0.200424
0.835 3.696089 0.199877
0.836 3.696081 0.199330
0.837 3.695079 0.198907
0.838 3.693888 0.198507
0.839 3.692694 0.198104
0.840 3.691097 0.197453
0.841 3.689499 0.196802
0.842 3.688100 0.196199
0.843 3.687749 0.195849
0.844 3.687398 0.195500
0.845 3.687068 0.195073
0.846 3.686790 0.194456
0.847 3.686511 0.193838
0.848 3.685982 0.193302
0.849 3.685079 0.192888
0.850 3.684175 0.192474
0.851 3.682959 0.191985
0.852 3.681419 0.191418
0.853 3.679880 0.190851
0.854 3.679083 0.190418
0.855 3.678864 0.190089
0.856 3.678644 0.189760
0.857 3.678354 0.189428
0.858 3.678019 0.189095
0.859 3.677685 0.188761
0.860 3.676711 0.188347
0.861 3.675384 0.187888
0.862 3.674058 0.187430
0.863 3.672874 0.187053
0.864 3.671766 0.186720
0.865 3.670659 0.186387
0.866 3.670258 0.186056
0.867 3.670251 0.185726
0.868 3.670244 0.185395
0.869 3.669731 0.184911
0.870 3.668894 0.184329
0.871 3.668057 0.183747
0.872 3.666894 0.183290
0.873 3.665471 0.182934
0.874 3.664049 0.182578
0.875 3.663001 0.182220
0.876 3.662359 0.181859
0.877 3.661716 0.181498
0.878 3.661318 0.181152
0.879 3.661312 0.180831
0.880 3.661305 0.180510
0.881 3.661191 0.180164
0.882 3.660777 0.179751
0.883 3.660363 0.179337
0.884 3.659877 0.178909
0.885 3.658880 0.178375
0.886 3.657883 0.177841
0.887 3.656886 0.177307
0.888 3.656186 0.176983
0.889 3.655497 0.176669
0.890 3.654809 0.176354
0.891 3.654339 0.176042
0.892 3.653932 0.175730
0.893 3.653526 0.175417
0.894 3.653002 0.175247
0.895 3.652387 0.175187
0.896 3.651773 0.175128
0.897 3.651259 0.174958
0.898 3.650951 0.174566
0.899 3.650644 0.174175
0.900 3.650319 0.173782
0.901 3.649786 0.173386
0.902 3.649253 0.172990
0.903 3.648719 0.172594
0.904 3.648311 0.172194
0.905 3.647936 0.171793
0.906 3.647561 0.171393
0.907 3.647222 0.170908
0.908 3.646921 0.170336
0.909 3.646620 0.169765
0.910 3.646280 0.169237
0.911 3.645743 0.168938
0.912 3.645206 0.168639
0.913 3.644669 0.168340
0.914 3.644282 0.168043
0.915 3.643930 0.167747
0.916 3.643579 0.167450
0.917 3.643252 0.167154
0.918 3.642957 0.166859
0.919 3.642663 0.166565
0.920 3.642368 0.166270
0.921 3.642050 0.165951
0.922 3.641732 0.165633
0.923 3.641414 0.165314
0.924 3.641031 0.165029
0.925 3.640605 0.164764
0.926 3.640179 0.164500
0.927 3.639755 0.164229
0.928 3.639346 0.163920
0.929 3.638936 0.163612
0.930 3.638526 0.163303
0.931 3.638200 0.162836
0.932 3.637914 0.162290
0.933 3.637629 0.161743
0.934 3.637344 0.161194
0.935 3.637061 0.160631
0.936 3.636778 0.160069
0.937 3.636495 0.159506
0.938 3.636213 0.159121
0.939 3.635933 0.158839
0.940 3.635652 0.158557
0.941 3.635365 0.158257
0.942 3.634988 0.157702
0.943 3.634611 0.157148
0.944 3.634235 0.156594
0.945 3.633822 0.156174
0.946 3.633371 0.155896
0.947 3.632921 0.155619
0.948 3.632470 0.155342
0.949 3.632172 0.155066
0.950 3.631897 0.154791
0.951 3.631622 0.154515
0.952 3.631347 0.154218
0.953 3.631075 0.153848
0.954 3.630803 0.153478
0.955 3.630531 0.153108
0.956 3.630260 0.152698
0.957 3.629990 0.152256
0.958 3.629720 0.151815
0.959 3.629450 0.151374
0.960 3.629182 0.150890
0.961 3.628914 0.150399
0.962 3.628646 0.149907
0.963 3.628378 0.149406
0.964 3.628112 0.148835
0.965 3.627847 0.148264
0.966 3.627581 0.147692
0.967 3.627273 0.147139
0.968 3.626895 0.146614
0.969 3.626518 0.146089
0.970 3.626140 0.145564
0.971 3.625746 0.145194
0.972 3.625339 0.144931
0.973 3.624932 0.144668
0.974 3.624525 0.144405
0.975 3.624233 0.144144
0.976 3.623974 0.143883
0.977 3.623714 0.143622
0.978 3.623455 0.143361
0.979 3.623197 0.142865
0.980 3.622940 0.142352
0.981 3.622683 0.141839
0.982 3.622426 0.141341
0.983 3.622172 0.141084
0.984 3.621918 0.140828
0.985 3.621664 0.140571
0.986 3.621411 0.140276
0.987 3.621166 0.139771
0.988 3.620921 0.139266
0.989 3.620676 0.138762
0.990 3.620430 0.138259
0.991 3.620179 0.137768
0.992 3.619928 0.137276
0.993 3.619677 0.136784
0.994 3.619424 0.136349
0.995 3.619168 0.136089
0.996 3.618911 0.135829
0.997 3.618654 0.135569
0.998 3.618400 0.135309
0.999 3.618152 0.135045
1.000 3.617904 0.134781
1.001 3.617657 0.134517
1.002 3.617409 0.134209
1.003 3.617165 0.133735
1.004 3.616920 0.133261
1.005 3.616675 0.132787
1.006 3.616431 0.132335
1.007 3.616188 0.132021
1.008 3.615945 0.131706
1.009 3.615702 0.131391
1.010 3.615460 0.131072
1.011 3.615219 0.130660
1.012 3.614978 0.130248
1.013 3.614738 0.129836
1.014 3.614497 0.129425
1.015 3.614258 0.129168
1.016 3.614019 0.128928
1.017 3.613781 0.128687
1.018 3.613542 0.128446
1.019 3.613305 0.128206
1.020 3.613068 0.127967
1.021 3.612831 0.127728
1.022 3.612594 0.127489
1.023 3.612359 0.127251
1.024 3.612124 0.127014
1.025 3.611889 0.126777
1.026 3.611654 0.126540
1.027 3.611458 0.126303
1.028 3.611348 0.126068
1.029 3.611238 0.125833
1.030 3.611128 0.125598
1.031 3.611017 0.125362
1.032 3.610894 0.125129
1.033 3.610771 0.124896
1.034 3.610647 0.124663
1.035 3.610524 0.124429
1.036 3.610324 0.124198
1.037 3.610096 0.123966
1.038 3.609867 0.123735
1.039 3.609639 0.123503
1.040 3.609411 0.123273
1.041 3.609184 0.123043
1.042 3.608958 0.122814
1.043 3.608731 0.122584
1.044 3.608504 0.122355
1.045 3.608280 0.122127
1.046 3.608055 0.121900
1.047 3.607831 0.121672
1.048 3.607606 0.121445
1.049 3.607383 0.121277
1.050 3.607160 0.121150
1.051 3.606937 0.121023
1.052 3.606715 0.120897
1.053 3.606492 0.120744
1.054 3.606271 0.120422
1.055 3.606050 0.120100
1.056 3.605830 0.119778
1.057 3.605609 0.119456
1.058 3.605438 0.119338
1.059 3.605295 0.119333
1.060 3.605151 0.119328
1.061 3.605008 0.119324
1.062 3.604873 0.119295
1.063 3.604796 0.119075
1.064 3.604720 0.118855
1.065 3.604644 0.118635
1.066 3.604567 0.118415
1.067 3.604416 0.118196
1.068 3.604201 0.117978
1.069 3.603987 0.117759
1.070 3.603772 0.117541
1.071 3.603557 0.117323
1.072 3.603344 0.117106
1.073 3.603131 0.116890
1.074 3.602919 0.116674
1.075 3.602706 0.116457
1.076 3.602493 0.116222
1.077 3.602282 0.115938
1.078 3.602071 0.115655
1.079 3.601860 0.115371
1.080 3.601650 0.115087
1.081 3.601440 0.114763
1.082 3.601231 0.114410
1.083 3.601022 0.114058
1.084 3.600813 0.113706
1.085 3.600604 0.113353
1.086 3.600575 0.113301
1.087 3.600574 0.113296
1.088 3.600574 0.113291
1.089 3.600573 0.113287
1.090 3.600552 0.113259
1.091 3.600319 0.112995
1.092 3.600087 0.112731
1.093 3.599854 0.112467
1.094 3.599622 0.112203
1.095 3.599425 0.111955
1.096 3.599325 0.111750
1.097 3.599225 0.111546
1.098 3.599124 0.111342
1.099 3.599024 0.111137
1.100 3.598913 0.110933
1.101 3.598789 0.110729
1.102 3.598665 0.110526
1.103 3.598541 0.110322
1.104 3.598417 0.110118
1.105 3.598254 0.109914
1.106 3.598054 0.109710
1.107 3.597855 0.109505
1.108 3.597655 0.109300
1.109 3.597455 0.109096
1.110 3.597271 0.108892
1.111 3.597097 0.108688
1.112 3.596923 0.108484
1.113 3.596750 0.108281
1.114 3.596576 0.108077
1.115 3.596445 0.107873
1.116 3.596346 0.107668
1.117 3.596246 0.107463
1.118 3.596146 0.107259
1.119 3.596047 0.107054
1.120 3.595947 0.106850
1.121 3.595849 0.106645
1.122 3.595750 0.106441
1.123 3.595651 0.106237
1.124 3.595552 0.106033
1.125 3.595453 0.105828
1.126 3.595354 0.105623
1.127 3.595256 0.105418
1.128 3.595157 0.105213
1.129 3.595058 0.105008
1.130 3.594971 0.104816
1.131 3.594910 0.104649
1.132 3.594848 0.104481
1.133 3.594787 0.104314
1.134 3.594725 0.104146
1.135 3.594674 0.103990
1.136 3.594675 0.103884
1.137 3.594676 0.103779
1.138 3.594677 0.103674
1.139 3.594678 0.103569
1.140 3.594679 0.103464
1.141 3.594680 0.103313
1.142 3.594682 0.103159
1.143 3.594683 0.103005
1.144 3.594684 0.102851
1.145 3.594686 0.102697
1.146 3.594687 0.102508
1.147 3.594689 0.102302
1.148 3.594690 0.102097
1.149 3.594691 0.101891
1.150 3.594693 0.101685
1.151 3.594694 0.101480
1.152 3.594696 0.101274
1.153 3.594697 0.101068
1.154 3.594699 0.100862
1.155 3.594700 0.100656
1.156 3.594702 0.100450
1.157 3.594703 0.100245
1.158 3.594705 0.100039
1.159 3.594706 0.099834
1.160 3.594708 0.099628
1.161 3.594709 0.099423
1.162 3.594710 0.099216
1.163 3.594712 0.099009
1.164 3.594714 0.098801
1.165 3.594715 0.098594
1.166 3.594717 0.098387
1.167 3.594718 0.098179
1.168 3.594720 0.097973
1.169 3.594721 0.097766
1.170 3.594723 0.097559
1.171 3.594724 0.097353
1.172 3.594726 0.097146
1.173 3.594727 0.096939
1.174 3.594729 0.096731
1.175 3.594730 0.096523
1.176 3.594732 0.096315
1.177 3.594733 0.096107
1.178 3.594735 0.095899
1.179 3.594736 0.095692
1.180 3.594738 0.095485
1.181 3.594739 0.095278
1.182 3.594741 0.095071
1.183 3.594742 0.094864
1.184 3.594744 0.094656
1.185 3.594745 0.094447
1.186 3.594746 0.094238
1.187 3.594746 0.094029
1.188 3.594747 0.093821
1.189 3.594748 0.093612
1.190 3.594749 0.093403
1.191 3.594750 0.093194
1.192 3.594751 0.092985
1.193 3.594751 0.092776
1.194 3.594752 0.092567
1.195 3.594753 0.092358
1.196 3.594754 0.092149
1.197 3.594754 0.091941
1.198 3.594755 0.091732
1.199 3.594756 0.091523
1.200 3.594757 0.091315
1.201 3.594757 0.091106
1.202 3.594758 0.090897
1.203 3.594759 0.090687
1.204 3.594759 0.090478
1.205 3.594760 0.090269
1.206 3.594761 0.090059
1.207 3.594761 0.089850
1.208 3.594760 0.089641
1.209 3.594759 0.089432
1.210 3.594758 0.089223
1.211 3.594757 0.089014
1.212 3.594757 0.088805
1.213 3.594756 0.088595
1.214 3.594754 0.088385
1.215 3.594753 0.088175
1.216 3.594752 0.087965
1.217 3.594751 0.087755
1.218 3.594749 0.087544
1.219 3.594748 0.087334
1.220 3.594747 0.087125
1.221 3.594746 0.086915
1.222 3.594744 0.086705
1.223 3.594743 0.086496
1.224 3.594742 0.086286
1.225 3.594741 0.086077
1.226 3.594739 0.085867
1.227 3.594738 0.085658
1.228 3.594737 0.085448
1.229 3.594735 0.085239
1.230 3.594734 0.085030
1.231 3.594732 0.084820
1.232 3.594729 0.084610
1.233 3.594727 0.084401
1.234 3.594724 0.084191
1.235 3.594721 0.083981
1.236 3.594718 0.083772
1.237 3.594715 0.083562
1.238 3.594712 0.083353
1.239 3.594709 0.083145
1.240 3.594706 0.082936
1.241 3.594703 0.082727
1.242 3.594699 0.082518
1.243 3.594696 0.082309
1.244 3.594693 0.082100
1.245 3.594690 0.081891
1.246 3.594687 0.081682
1.247 3.594683 0.081473
1.248 3.594680 0.081263
1.249 3.594677 0.081054
1.250 3.594674 0.080845
1.251 3.594671 0.080636
1.252 3.594667 0.080426
1.253 3.594664 0.080217
1.254 3.594661 0.080008
1.255 3.594658 0.079799
1.256 3.594654 0.079590
1.257 3.594651 0.079383
1.258 3.594647 0.079176
1.259 3.594643 0.078969
1.260 3.594639 0.078761
1.261 3.594635 0.078554
1.262 3.594632 0.078347
1.263 3.594628 0.078139
1.264 3.594624 0.077931
1.265 3.594620 0.077724
1.266 3.594616 0.077516
1.267 3.594612 0.077308
1.268 3.594608 0.077101
1.269 3.594604 0.076893
1.270 3.594600 0.076686
1.271 3.594596 0.076478
1.272 3.594592 0.076271
1.273 3.594588 0.076064
1.274 3.594584 0.075856
1.275 3.594580 0.075649
1.276 3.594576 0.075442
1.277 3.594573 0.075235
1.278 3.594569 0.075028
1.279 3.594565 0.074821
1.280 3.594561 0.074614
1.281 3.594557 0.074408
1.282 3.594553 0.074201
1.283 3.594550 0.073995
1.284 3.594547 0.073789
1.285 3.594544 0.073583
1.286 3.594541 0.073377
1.287 3.594538 0.073171
1.288 3.594535 0.072965
1.289 3.594532 0.072711
1.290 3.594529 0.072443
1.291 3.594526 0.072176
1.292 3.594523 0.071909
1.293 3.594520 0.071642
1.294 3.594517 0.071374
1.295 3.594514 0.071105
1.296 3.594512 0.070800
1.297 3.594509 0.070496
1.298 3.594506 0.070191
1.299 3.594503 0.069886
1.300 3.594500 0.069582
1.301 3.594497 0.069277
1.302 3.594494 0.068972
1.303 3.594492 0.068667
1.304 3.594489 0.068362
1.305 3.594486 0.068056
1.306 3.594483 0.067751
1.307 3.594480 0.067445
1.308 3.594478 0.067140
1.309 3.594476 0.066807
1.310 3.594477 0.066428
1.311 3.594478 0.066050
1.312 3.594479 0.065671
1.313 3.594480 0.065293
1.314 3.594481 0.064914
1.315 3.594482 0.064536
1.316 3.594483 0.064146
1.317 3.594485 0.063741
1.318 3.594487 0.063336
1.319 3.594489 0.062931
1.320 3.594491 0.062526
1.321 3.594493 0.062121
1.322 3.594495 0.061717
1.323 3.594497 0.061312
1.324 3.594499 0.060907
1.325 3.594501 0.060502
1.326 3.594503 0.060098
1.327 3.594505 0.059693
1.328 3.594507 0.059288
1.329 3.594509 0.058884
1.330 3.594511 0.058479
1.331 3.594513 0.058073
1.332 3.594515 0.057667
1.333 3.594517 0.057261
1.334 3.594520 0.056855
1.335 3.594522 0.056449
1.336 3.594524 0.056043
1.337 3.594526 0.055628
1.338 3.594529 0.055157
1.339 3.594533 0.054686
1.340 3.594536 0.054216
1.341 3.594540 0.053745
1.342 3.594543 0.053275
1.343 3.594547 0.052804
1.344 3.594550 0.052334
1.345 3.594554 0.051804
1.346 3.594558 0.051266
1.347 3.594562 0.050729
1.348 3.594566 0.050192
1.349 3.594570 0.049655
1.350 3.594573 0.049117
1.351 3.594577 0.048580
1.352 3.594581 0.047998
1.353 3.594585 0.047381
1.354 3.594589 0.046765
1.355 3.594593 0.046148
1.356 3.594597 0.045531
1.357 3.594601 0.044915
1.358 3.594605 0.044298
1.359 3.594609 0.043655
1.360 3.594613 0.042861
1.361 3.594617 0.042068
1.362 3.594621 0.041274
1.363 3.594625 0.040481
1.364 3.594629 0.039688
1.365 3.594633 0.038894
1.366 3.594637 0.038101
1.367 3.594624 0.037140
1.368 3.594604 0.036092
1.369 3.594584 0.035043
1.370 3.594563 0.033995
1.371 3.594543 0.032946
1.372 3.594523 0.031898
1.373 3.594502 0.030850
1.374 3.594482 0.029800
1.375 3.594458 0.028636
1.376 3.594433 0.027472
1.377 3.594409 0.026308
1.378 3.594384 0.025144
1.379 3.594360 0.023980
1.380 3.594336 0.022816
1.381 3.594311 0.021652
1.382 3.594287 0.020531
1.383 3.594261 0.019522
1.384 3.594235 0.018512
1.385 3.594209 0.017503
1.386 3.594184 0.016494
1.387 3.594158 0.015485
1.388 3.594132 0.014476
1.389 3.594107 0.013467
1.390 3.594080 0.012641
1.391 3.594052 0.012040
1.392 3.594025 0.011439
1.393 3.593997 0.010838
1.394 3.593970 0.010237
1.395 3.593942 0.009636
1.396 3.593914 0.009035
1.397 3.593887 0.008434
1.398 3.593860 0.007952
1.399 3.593833 0.007575
1.400 3.593806 0.007197
1.401 3.593779 0.006819
1.402 3.593752 0.006441
1.403 3.593725 0.006063
1.404 3.593698 0.005685
1.405 3.593671 0.005308
1.406 3.593648 0.004999
1.407 3.593630 0.004752
1.408 3.593611 0.004505
1.409 3.593593 0.004257
1.410 3.593575 0.004010
1.411 3.593556 0.003762
1.412 3.593538 0.003515
1.413 3.593519 0.003268
1.414 3.593501 0.003054
1.415 3.593484 0.002885
1.416 3.593467 0.002715
1.417 3.593449 0.002546
1.418 3.593432 0.002376
1.419 3.593415 0.002206
1.420 3.593398 0.002037
1.421 3.593380 0.001867
1.422 3.593363 0.001717
1.423 3.593348 0.001627
1.424 3.593333 0.001536
1.425 3.593318 0.001445
1.426 3.593303 0.001354
1.427 3.593288 0.001264
1.428 3.593272 0.001173
1.429 3.593257 0.001082
1.430 3.593242 0.000991
1.431 3.593229 0.000988
1.432 3.593216 0.000988
1.433 3.593203 0.000988
1.434 3.593190 0.000988
1.435 3.593177 0.000987
1.436 3.593164 0.000987
1.437 3.593150 0.000987
1.438 3.593137 0.000987
1.439 3.593124 0.000935
1.440 3.593112 0.000846
1.441 3.593099 0.000757
1.442 3.593086 0.000668
1.443 3.593073 0.000579
1.444 3.593060 0.000490
1.445 3.593048 0.000401
1.446 3.593035 0.000312
1.447 3.593022 0.000229
1.448 3.593011 0.000202
1.449 3.593000 0.000175
1.450 3.592989 0.000149
1.451 3.592978 0.000122
1.452 3.592967 0.000095
1.453 3.592956 0.000068
1.454 3.592945 0.000041
1.455 3.592934 0.000014
1.456 3.592923 0.000001
1.457 3.592913 0.000001
1.458 3.592902 0.000001
1.459 3.592891 0.000001
1.460 3.592880 0.000001
1.461 3.592869 0.000001
1.462 3.592858 0.000001
1.463 3.592848 0.000001
1.464 3.592837 0.000001
1.465 3.592827 0.000001
1.466 3.592817 0.000001
1.467 3.592807 0.000001
1.468 3.592797 0.000001
1.469 3.592788 0.000001
1.470 3.592778 0.000001
1.471 3.592768 0.000001
1.472 3.592758 0.000000
1.473 3.592748 0.000000
1.474 3.592739 0.000000
1.475 3.592730 0.000000
1.476 3.592721 0.000000
1.477 3.592712 0.000000
1.478 3.592702 0.000000
1.479 3.592693 0.000000
1.480 3.592684 0.000000
1.481 3.592675 0.000000
1.482 3.592666 0.000000
1.483 3.592657 0.000000
1.484 3.592648 0.000000
1.485 3.592639 0.000000
1.486 3.592630 0.000000
1.487 3.592621 0.000000
1.488 3.592612 0.000000
1.489 3.592603 0.000000
1.490 3.592594 0.000000
1.491 3.592585 0.000000
1.492 3.592577 0.000000
1.493 3.592569 0.000000
1.494 3.592561 0.000000
1.495 3.592553 0.000000
1.496 3.592545 0.000000
1.497 3.592537 0.000000
1.498 3.592528 0.000000
1.499 3.592520 0.000000
1.500 3.592512 0.000000
1.501 3.592504 0.000000
1.502 3.592496 0.000000
1.503 3.592488 0.000000
1.504 3.592480 0.000000
1.505 3.592472 0.000000
1.506 3.592463 0.000000
1.507 3.592455 0.000000
1.508 3.592447 0.000000
1.509 3.592439 0.000000
1.510 3.592432 0.000000
1.511 3.592424 0.000000
1.512 3.592417 0.000000
1.513 3.592409 0.000000
1.514 3.592402 0.000000
1.515 3.592394 0.000000
1.516 3.592387 0.000000
1.517 3.592379 0.000000
1.518 3.592372 0.000000
1.519 3.592365 0.000000
1.520 3.592357 0.000000
1.521 3.592350 0.000000
1.522 3.592343 0.000000
1.523 3.592336 0.000000
1.524 3.592329 0.000000
1.525 3.592322 0.000000
1.526 3.592314 0.000000
1.527 3.592307 0.000000
1.528 3.592300 0.000000
1.529 3.592293 0.000000
1.530 3.592286 0.000000
1.531 3.592279 0.000000
1.532 3.592272 0.000000
1.533 3.592265 0.000000
1.534 3.592258 0.000000
1.535 3.592251 0.000000
1.536 3.592244 0.000000
1.537 3.592237 0.000000
1.538 3.592231 0.000000
1.539 3.592224 0.000000
1.540 3.592218 0.000000
1.541 3.592211 0.000000
1.542 3.592205 0.000000
1.543 3.592199 0.000000
1.544 3.592192 0.000000
1.545 3.592186 0.000000
1.546 3.592179 0.000000
1.547 3.592173 0.000000
1.548 3.592167 0.000000
1.549 3.592160 0.000000
1.550 3.592154 0.000000
1.551 3.592147 0.000000
1.552 3.592141 0.000000
1.553 3.592135 0.000000
1.554 3.592128 0.000000
1.555 3.592122 0.000000
1.556 3.592115 0.000000
1.557 3.592109 0.000000
1.558 3.592103 0.000000
1.559 3.592097 0.000000
1.560 3.592091 0.000000
1.561 3.592085 0.000000
1.562 3.592079 0.000000
1.563 3.592073 0.000000
1.564 3.592067 0.000000
1.565 3.592061 0.000000
1.566 3.592055 0.000000
1.567 3.592049 0.000000
1.568 3.592044 0.000000
1.569 3.592038 0.000000
1.570 3.592032 0.000000
1.571 3.592026 0.000000
1.572 3.592020 0.000000
1.573 3.592015 0.000000
1.574 3.592009 0.000000
1.575 3.592003 0.000000
1.576 3.591997 0.000000
1.577 3.591991 0.000000
1.578 3.591986 0.000000
1.579 3.591980 0.000000
1.580 3.591974 0.000000
1.581 3.591969 0.000000
1.582 3.591963 0.000000
1.583 3.591957 0.000000
1.584 3.591952 0.000000
1.585 3.591946 0.000000
1.586 3.591940 0.000000
1.587 3.591935 0.000000
1.588 3.591929 0.000000
1.589 3.591924 0.000000
1.590 3.591919 0.000000
1.591 3.591914 0.000000
1.592 3.591908 0.000000
1.593 3.591903 0.000000
1.594 3.591898 0.000000
1.595 3.591892 0.000000
1.596 3.591887 0.000000
1.597 3.591882 0.000000
1.598 3.591876 0.000000
1.599 3.591871 0.000000
1.600 3.591866 0.000000
1.601 3.591861 0.000000
1.602 3.591855 0.000000
1.603 3.591850 0.000000
1.604 3.591845 0.000000
1.605 3.591839 0.000000
1.606 3.591834 0.000000
1.607 3.591829 0.000000
1.608 3.591823 0.000000
1.609 3.591818 0.000000
1.610 3.591814 0.000000
1.611 3.591809 0.000000
1.612 3.591804 0.000000
1.613 3.591799 0.000000
1.614 3.591794 0.000000
1.615 3.591789 0.000000
1.616 3.591784 0.000000
1.617 3.591779 0.000000
1.618 3.591774 0.000000
1.619 3.591769 0.000000
1.620 3.591764 0.000000
1.621 3.591760 0.000000
1.622 3.591755 0.000000
1.623 3.591750 0.000000
1.624 3.591745 0.000000
1.625 3.591740 0.000000
1.626 3.591735 0.000000
1.627 3.591730 0.000000
1.628 3.591726 0.000000
1.629 3.591721 0.000000
1.630 3.591716 0.000000
1.631 3.591711 0.000000
1.632 3.591707 0.000000
1.633 3.591702 0.000000
1.634 3.591697 0.000000
1.635 3.591693 0.000000
1.636 3.591688 0.000000
1.637 3.591683 0.000000
1.638 3.591679 0.000000
1.639 3.591674 0.000000
1.640 3.591669 0.000000
1.641 3.591665 0.000000
1.642 3.591661 0.000000
1.643 3.591656 0.000000
1.644 3.591652 0.000000
1.645 3.591647 0.000000
1.646 3.591643 0.000000
1.647 3.591639 0.000000
1.648 3.591634 0.000000
1.649 3.591630 0.000000
1.650 3.591626 0.000000
1.651 3.591621 0.000000
1.652 3.591617 0.000000
1.653 3.591612 0.000000
1.654 3.591608 0.000000
1.655 3.591604 0.000000
1.656 3.591599 0.000000
1.657 3.591595 0.000000
1.658 3.591591 0.000000
1.659 3.591586 0.000000
1.660 3.591582 0.000000
1.661 3.591578 0.000000
1.662 3.591573 0.000000
1.663 3.591569 0.000000
1.664 3.591565 0.000000
1.665 3.591561 0.000000
1.666 3.591557 0.000000
1.667 3.591553 0.000000
1.668 3.591549 0.000000
1.669 3.591544 0.000000
1.670 3.591540 0.000000
1.671 3.591536 0.000000
1.672 3.591532 0.000000
1.673 3.591528 0.000000
1.674 3.591524 0.000000
1.675 3.591520 0.000000
1.676 3.591516 0.000000
1.677 3.591512 0.000000
1.678 3.591508 0.000000
1.679 3.591504 0.000000
1.680 3.591500 0.000000
1.681 3.591495 0.000000
1.682 3.591491 0.000000
1.683 3.591487 0.000000
1.684 3.591483 0.000000
1.685 3.591479 0.000000
1.686 3.591475 0.000000
1.687 3.591471 0.000000
1.688 3.591467 0.000000
1.689 3.591463 0.000000
1.690 3.591460 0.000000
1.691 3.591456 0.000000
1.692 3.591452 0.000000
1.693 3.591448 0.000000
1.694 3.591444 0.000000
1.695 3.591440 0.000000
1.696 3.591436 0.000000
1.697 3.591432 0.000000
1.698 3.591428 0.000000
1.699 3.591425 0.000000
1.700 3.591421 0.000000
1.701 3.591417 0.000000
1.702 3.591413 0.000000
1.703 3.591409 0.000000
1.704 3.591406 0.000000
1.705 3.591402 0.000000
1.706 3.591398 0.000000
1.707 3.591394 0.000000
1.708 3.591391 0.000000
1.709 3.591387 0.000000
1.710 3.591383 0.000000
1.711 3.591379 0.000000
1.712 3.591376 0.000000
1.713 3.591372 0.000000
1.714 3.591368 0.000000
1.715 3.591364 0.000000
1.716 3.591361 0.000000
1.717 3.591357 0.000000
1.718 3.591353 0.000000
1.719 3.591349 0.000000
1.720 3.591346 0.000000
1.721 3.591342 0.000000
1.722 3.591338 0.000000
1.723 3.591335 0.000000
1.724 3.591331 0.000000
1.725 3.591328 0.000000
1.726 3.591324 0.000000
1.727 3.591321 0.000000
1.728 3.591317 0.000000
1.729 3.591314 0.000000
1.730 3.591310 0.000000
1.731 3.591307 0.000000
1.732 3.591303 0.000000
1.733 3.591300 0.000000
1.734 3.591296 0.000000
1.735 3.591293 0.000000
1.736 3.591289 0.000000
1.737 3.591286 0.000000
1.738 3.591282 0.000000
1.739 3.591279 0.000000
1.740 3.591275 0.000000
1.741 3.591272 0.000000
1.742 3.591268 0.000000
1.743 3.591265 0.000000
1.744 3.591261 0.000000
1.745 3.591258 0.000000
1.746 3.591254 0.000000
1.747 3.591251 0.000000
1.748 3.591248 0.000000
1.749 3.591244 0.000000
1.750 3.591241 0.000000
1.751 3.591238 0.000000
1.752 3.591235 0.000000
1.753 3.591231 0.000000
1.754 3.591228 0.000000
1.755 3.591225 0.000000
1.756 3.591221 0.000000
1.757 3.591218 0.000000
1.758 3.591215 0.000000
1.759 3.591212 0.000000
1.760 3.591209 0.000000
1.761 3.591205 0.000000
1.762 3.591202 0.000000
1.763 3.591199 0.000000
1.764 3.591196 0.000000
1.765 3.591193 0.000000
1.766 3.591190 0.000000
1.767 3.591186 0.000000
1.768 3.591183 0.000000
1.769 3.591180 0.000000
1.770 3.591177 0.000000
1.771 3.591174 0.000000
1.772 3.591171 0.000000
1.773 3.591168 0.000000
1.774 3.591164 0.000000
1.775 3.591161 0.000000
1.776 3.591158 0.000000
1.777 3.591155 0.000000
1.778 3.591152 0.000000
1.779 3.591149 0.000000
1.780 3.591146 0.000000
1.781 3.591143 0.000000
1.782 3.591140 0.000000
1.783 3.591136 0.000000
1.784 3.591133 0.000000
1.785 3.591130 0.000000
1.786 3.591127 0.000000
1.787 3.591124 0.000000
1.788 3.591121 0.000000
1.789 3.591118 0.000000
1.790 3.591115 0.000000
1.791 3.591112 0.000000
1.792 3.591110 0.000000
1.793 3.591107 0.000000
1.794 3.591104 0.000000
1.795 3.591101 0.000000
1.796 3.591098 0.000000
1.797 3.591095 0.000000
1.798 3.591092 0.000000
1.799 3.591089 0.000000
1.800 3.591086 0.000000
1.801 3.591083 0.000000
1.802 3.591080 0.000000
1.803 3.591077 0.000000
1.804 3.591074 0.000000
1.805 3.591071 0.000000
1.806 3.591068 0.000000
1.807 3.591065 0.000000
1.808 3.591062 0.000000
1.809 3.591059 0.000000
1.810 3.591056 0.000000
1.811 3.591053 0.000000
1.812 3.591050 0.000000
1.813 3.591048 0.000000
1.814 3.591045 0.000000
1.815 3.591042 0.000000
1.816 3.591039 0.000000
1.817 3.591036 0.000000
1.818 3.591033 0.000000
1.819 3.591031 0.000000
1.820 3.591028 0.000000
1.821 3.591025 0.000000
1.822 3.591022 0.000000
1.823 3.591019 0.000000
1.824 3.591017 0.000000
1.825 3.591014 0.000000
1.826 3.591011 0.000000
1.827 3.591009 0.000000
1.828 3.591006 0.000000
1.829 3.591003 0.000000
1.830 3.591000 0.000000
1.831 3.590998 0.000000
1.832 3.590995 0.000000
1.833 3.590992 0.000000
1.834 3.590989 0.000000
1.835 3.590987 0.000000
1.836 3.590984 0.000000
1.837 3.590981 0.000000
1.838 3.590979 0.000000
1.839 3.590976 0.000000
1.840 3.590973 0.000000
1.841 3.590971 0.000000
1.842 3.590968 0.000000
1.843 3.590965 0.000000
1.844 3.590963 0.000000
1.845 3.590960 0.000000
1.846 3.590957 0.000000
1.847 3.590955 0.000000
1.848 3.590952 0.000000
1.849 3.590949 0.000000
1.850 3.590947 0.000000
1.851 3.590944 0.000000
1.852 3.590941 0.000000
1.853 3.590939 0.000000
1.854 3.590936 0.000000
1.855 3.590934 0.000000
1.856 3.590931 0.000000
1.857 3.590929 0.000000
1.858 3.590926 0.000000
1.859 3.590924 0.000000
1.860 3.590921 0.000000
1.861 3.590919 0.000000
1.862 3.590916 0.000000
1.863 3.590914 0.000000
1.864 3.590911 0.000000
1.865 3.590909 0.000000
1.866 3.590906 0.000000
1.867 3.590904 0.000000
1.868 3.590901 0.000000
1.869 3.590899 0.000000
1.870 3.590896 0.000000
1.871 3.590894 0.000000
1.872 3.590891 0.000000
1.873 3.590889 0.000000
1.874 3.590886 0.000000
1.875 3.590884 0.000000
1.876 3.590881 0.000000
1.877 3.590879 0.000000
1.878 3.590876 0.000000
1.879 3.590874 0.000000
1.880 3.590871 0.000000
1.881 3.590869 0.000000
1.882 3.590867 0.000000
1.883 3.590864 0.000000
1.884 3.590862 0.000000
1.885 3.590860 0.000000
1.886 3.590857 0.000000
1.887 3.590855 0.000000
1.888 3.590852 0.000000
1.889 3.590850 0.000000
1.890 3.590848 0.000000
1.891 3.590845 0.000000
1.892 3.590843 0.000000
1.893 3.590841 0.000000
1.894 3.590838 0.000000
1.895 3.590836 0.000000
1.896 3.590834 0.000000
1.897 3.590831 0.000000
1.898 3.590829 0.000000
1.899 3.590827 0.000000
1.900 3.590824 0.000000
1.901 3.590822 0.000000
1.902 3.590820 0.000000
1.903 3.590817 0.000000
1.904 3.590815 0.000000
1.905 3.590813 0.000000
1.906 3.590810 0.000000
1.907 3.590808 0.000000
1.908 3.590805 0.000000
1.909 3.590803 0.000000
1.910 3.590801 0.000000
1.911 3.590799 0.000000
1.912 3.590796 0.000000
1.913 3.590794 0.000000
1.914 3.590792 0.000000
1.915 3.590790 0.000000
1.916 3.590787 0.000000
1.917 3.590785 0.000000
1.918 3.590783 0.000000
1.919 3.590781 0.000000
1.920 3.590778 0.000000
1.921 3.590776 0.000000
1.922 3.590774 0.000000
1.923 3.590771 0.000000
1.924 3.590769 0.000000
1.925 3.590767 0.000000
1.926 3.590765 0.000000
1.927 3.590763 0.000000
1.928 3.590761 0.000000
1.929 3.590759 0.000000
1.930 3.590756 0.000000
1.931 3.590754 0.000000
1.932 3.590752 0.000000
1.933 3.590750 0.000000
1.934 3.590748 0.000000
1.935 3.590746 0.000000
1.936 3.590744 0.000000
1.937 3.590742 0.000000
1.938 3.590739 0.000000
1.939 3.590737 0.000000
1.940 3.590735 0.000000
1.941 3.590733 0.000000
1.942 3.590731 0.000000
1.943 3.590729 0.000000
1.944 3.590727 0.000000
1.945 3.590724 0.000000
1.946 3.590722 0.000000
1.947 3.590720 0.000000
1.948 3.590718 0.000000
1.949 3.590716 0.000000
1.950 3.590714 0.000000