0.253 1.944639 3.200497
0.254 1.986973 3.217213
0.255 2.029142 3.234339
0.256 2.068182 3.247092
0.257 2.112446 3.260232
0.258 2.156317 3.272862
0.259 2.200980 3.285954
0.260 2.246290 3.298483
0.261 2.297915 3.310928
0.262 2.345462 3.321833
0.263 2.396454 3.326022
0.264 2.449790 3.333153
0.265 2.503647 3.330211
0.266 2.563933 3.330667
0.267 2.618457 3.324117
0.268 2.671404 3.314724
0.269 2.729751 3.303887
0.270 2.781637 3.286537
0.271 2.836997 3.268451
0.272 2.886164 3.249385
0.273 2.937377 3.224240
0.274 2.984005 3.197183
0.275 3.031274 3.170229
0.276 3.073653 3.141802
0.277 3.112789 3.110412
0.278 3.150909 3.075595
0.279 3.188064 3.042975
0.280 3.224136 3.010010
0.281 3.254885 2.973559
0.282 3.283178 2.933068
0.283 3.311390 2.896966
0.284 3.336731 2.861568
0.285 3.357647 2.822801
0.286 3.378899 2.784678
0.287 3.398951 2.748152
0.288 3.412669 2.712058
0.289 3.428234 2.674791
0.290 3.443635 2.638126
0.291 3.453055 2.603764
0.292 3.461689 2.565328
0.293 3.469740 2.531886
0.294 3.477566 2.499155
0.295 3.479452 2.465132
0.296 3.480767 2.436427
0.297 3.484650 2.403379
0.298 3.488460 2.375045
0.299 3.487470 2.342393
0.300 3.484843 2.315633
0.301 3.481792 2.290159
0.302 3.478949 2.264711
0.303 3.476335 2.239291
0.304 3.473337 2.217575
0.305 3.466064 2.197238
0.306 3.460530 2.175647
0.307 3.454539 2.156834
0.308 3.448015 2.134671
0.309 3.442989 2.116910
0.310 3.435517 2.099343
0.311 3.431558 2.085518
0.312 3.422481 2.066759
0.313 3.415615 2.054107
0.314 3.409425 2.042396
0.315 3.401494 2.030339
0.316 3.398549 2.018657
0.317 3.390102 2.006614
0.318 3.383270 1.995074
0.319 3.377549 1.983589
0.320 3.369210 1.972544
0.321 3.361756 1.966542
0.322 3.355880 1.958011
0.323 3.348995 1.950273
0.324 3.346560 1.943432
0.325 3.339500 1.934836
0.326 3.333140 1.929252
0.327 3.328069 1.923444
0.328 3.324044 1.918520
0.329 3.318082 1.912904
0.330 3.315008 1.908016
0.331 3.309733 1.905846
0.332 3.305962 1.900727
0.333 3.302407 1.898517
0.334 3.296822 1.894541
0.335 3.293795 1.892116
0.336 3.287480 1.890971
0.337 3.286573 1.887259
0.338 3.284371 1.884149
0.339 3.278082 1.884126
0.340 3.276855 1.884126
0.341 3.276206 1.884265
0.342 3.275033 1.884125
0.343 3.271527 1.880809
0.344 3.266399 1.876872
0.345 3.266230 1.876836
0.346 3.265673 1.876901
0.347 3.265082 1.877366
0.348 3.264892 1.877556
0.349 3.264433 1.878015
0.350 3.264240 1.878191
0.351 3.263800 1.878203
0.352 3.263567 1.878617
0.353 3.263182 1.878901
0.354 3.262894 1.880021
0.355 3.262560 1.882617
0.356 3.262225 1.887220
0.357 3.262225 1.888193
0.358 3.262225 1.888448
0.359 3.261987 1.889095
0.360 3.263095 1.889523
0.361 3.266221 1.889939
0.362 3.269187 1.892043
0.363 3.269515 1.896303
0.364 3.270303 1.899000
0.365 3.273273 1.899585
0.366 3.276641 1.900132
0.367 3.277483 1.900829
0.368 3.277895 1.904234
0.369 3.280787 1.907204
0.370 3.283882 1.910104
0.371 3.287518 1.910929
0.372 3.289628 1.913824
0.373 3.294111 1.916570
0.374 3.297365 1.920381
0.375 3.299849 1.920891
0.376 3.303867 1.923409
0.377 3.306486 1.926648
0.378 3.310429 1.930030
0.379 3.313698 1.932282
0.380 3.317514 1.935441
0.381 3.322414 1.938643
0.382 3.325176 1.941743
0.383 3.329194 1.943628
0.384 3.333113 1.947368
0.385 3.338527 1.950633
0.386 3.342702 1.953069
0.387 3.348725 1.956553
0.388 3.351833 1.958781
0.389 3.358382 1.963850
0.390 3.362775 1.967461
0.391 3.370083 1.970163
0.392 3.375063 1.975591
0.393 3.381926 1.978436
0.394 3.386356 1.982573
0.395 3.393477 1.986672
0.396 3.400535 1.990861
0.397 3.407596 1.996907
0.398 3.414501 1.999592
0.399 3.422842 2.005087
0.400 3.429074 2.009137
0.401 3.436532 2.013151
0.402 3.444139 2.018619
0.403 3.451733 2.023869
0.404 3.459959 2.029096
0.405 3.470222 2.035288
0.406 3.483120 2.039484
0.407 3.493710 2.045946
0.408 3.505852 2.050256
0.409 3.518111 2.055975
0.410 3.530203 2.060479
0.411 3.543777 2.066079
0.412 3.559736 2.070691
0.413 3.573003 2.075994
0.414 3.589482 2.078233
0.415 3.606853 2.081577
0.416 3.622887 2.082559
0.417 3.641047 2.081755
0.418 3.660911 2.080076
0.419 3.681529 2.078335
0.420 3.700438 2.073318
0.421 3.719935 2.067521
0.422 3.738132 2.061393
0.423 3.753425 2.052189
0.424 3.768909 2.042463
0.425 3.782447 2.033875
0.426 3.795968 2.022069
0.427 3.807167 2.011657
0.428 3.816040 2.001116
0.429 3.824578 1.989746
0.430 3.830259 1.980425
0.431 3.833903 1.968918
0.432 3.840048 1.959942
0.433 3.843619 1.954709
0.434 3.845224 1.947121
0.435 3.849217 1.940992
0.436 3.851616 1.939972
0.437 3.853284 1.938785
0.438 3.854777 1.937140
0.439 3.856835 1.937864
0.440 3.860236 1.940862
0.441 3.865309 1.944999
0.442 3.869858 1.948663
0.443 3.875791 1.953766
0.444 3.884208 1.962146
0.445 3.892179 1.969479
0.446 3.903696 1.976736
0.447 3.916983 1.983734
0.448 3.929978 1.991936
0.449 3.946823 2.001051
0.450 3.963978 2.007941
0.451 3.983733 2.015121
0.452 4.007030 2.022314
0.453 4.031327 2.028896
0.454 4.056008 2.034943
0.455 4.083283 2.038882
0.456 4.113259 2.039919
0.457 4.143530 2.039094
0.458 4.173775 2.036974
0.459 4.205064 2.032068
0.460 4.238285 2.025444
0.461 4.271444 2.015606
0.462 4.304074 2.003840
0.463 4.335991 1.990998
0.464 4.366988 1.973368
0.465 4.397987 1.954187
0.466 4.427898 1.933135
0.467 4.456898 1.910013
0.468 4.484825 1.884389
0.469 4.510296 1.855994
0.470 4.533124 1.825412
0.471 4.553137 1.794111
0.472 4.572885 1.761990
0.473 4.590542 1.729104
0.474 4.605155 1.695992
0.475 4.620077 1.662297
0.476 4.630255 1.628250
0.477 4.637850 1.594161
0.478 4.644449 1.559945
0.479 4.648684 1.526289
0.480 4.650031 1.495518
0.481 4.649845 1.464249
0.482 4.647315 1.434781
0.483 4.644103 1.406576
0.484 4.640267 1.379992
0.485 4.634348 1.353719
0.486 4.627324 1.327529
0.487 4.620576 1.301431
0.488 4.615392 1.276477
0.489 4.610297 1.253665
0.490 4.603607 1.231968
0.491 4.595307 1.210550
0.492 4.587057 1.190753
0.493 4.578752 1.172948
0.494 4.569269 1.155421
0.495 4.558025 1.137987
0.496 4.547046 1.120799
0.497 4.537712 1.103766
0.498 4.529224 1.089117
0.499 4.520782 1.075598
0.500 4.512461 1.062328
0.501 4.504251 1.049608
0.502 4.496032 1.036331
0.503 4.487832 1.023536
0.504 4.479626 1.010655
0.505 4.471435 0.997938
0.506 4.463245 0.987015
0.507 4.455054 0.977149
0.508 4.446886 0.967518
0.509 4.438698 0.957708
0.510 4.430552 0.948075
0.511 4.422398 0.938762
0.512 4.414983 0.929731
0.513 4.410264 0.920978
0.514 4.404786 0.912515
0.515 4.398125 0.904283
0.516 4.390555 0.896442
0.517 4.382498 0.888799
0.518 4.374441 0.881100
0.519 4.366932 0.873777
0.520 4.361784 0.866737
0.521 4.356826 0.859860
0.522 4.350463 0.853143
0.523 4.343347 0.846535
0.524 4.336287 0.839961
0.525 4.330938 0.833535
0.526 4.326523 0.827355
0.527 4.320634 0.821438
0.528 4.313935 0.815353
0.529 4.309190 0.809557
0.530 4.304366 0.803879
0.531 4.298300 0.798352
0.532 4.292242 0.792991
0.533 4.287771 0.787660
0.534 4.282738 0.782561
0.535 4.278868 0.777457
0.536 4.274538 0.772378
0.537 4.268909 0.767430
0.538 4.262962 0.762615
0.539 4.257795 0.757897
0.540 4.253606 0.753252
0.541 4.249016 0.748705
0.542 4.245597 0.744074
0.543 4.240946 0.739765
0.544 4.237226 0.735367
0.545 4.233296 0.730941
0.546 4.228484 0.726698
0.547 4.225502 0.722743
0.548 4.220670 0.718701
0.549 4.216889 0.714564
0.550 4.212996 0.710595
0.551 4.208968 0.706775
0.552 4.205212 0.702939
0.553 4.201015 0.698950
0.554 4.196978 0.694854
0.555 4.193243 0.690888
0.556 4.189389 0.687100
0.557 4.185355 0.683496
0.558 4.183127 0.680117
0.559 4.181104 0.676546
0.560 4.177690 0.672859
0.561 4.173759 0.669178
0.562 4.170535 0.665624
0.563 4.165696 0.662113
0.564 4.162451 0.658873
0.565 4.158738 0.655648
0.566 4.154522 0.652332
0.567 4.152234 0.648912
0.568 4.150530 0.645695
0.569 4.147323 0.642532
0.570 4.143601 0.639402
0.571 4.141397 0.636308
0.572 4.139697 0.632935
0.573 4.136471 0.629659
0.574 4.132903 0.626473
0.575 4.130584 0.623355
0.576 4.128938 0.620466
0.577 4.125900 0.617586
0.578 4.122281 0.614708
0.579 4.119361 0.611831
0.580 4.114984 0.608956
0.581 4.111615 0.606083
0.582 4.109323 0.603212
0.583 4.107821 0.600342
0.584 4.104482 0.597625
0.585 4.101325 0.594884
0.586 4.098978 0.592065
0.587 4.097457 0.589202
0.588 4.094491 0.586340
0.589 4.091107 0.583479
0.590 4.088745 0.580621
0.591 4.087460 0.578157
0.592 4.086405 0.575670
0.593 4.085365 0.573056
0.594 4.081520 0.570204
0.595 4.078589 0.567631
0.596 4.076438 0.565220
0.597 4.075002 0.562594
0.598 4.071761 0.560013
0.599 4.068264 0.557480
0.600 4.066211 0.555027
0.601 4.064631 0.552474
0.602 4.062314 0.549971
0.603 4.058319 0.547615
0.604 4.056362 0.545095
0.605 4.055034 0.542683
0.606 4.054206 0.540478
0.607 4.052773 0.538000
0.608 4.050261 0.535536
0.609 4.046309 0.533133
0.610 4.044654 0.530809
0.611 4.043564 0.528523
0.612 4.042982 0.526278
0.613 4.041174 0.523928
0.614 4.038561 0.521604
0.615 4.034836 0.519345
0.616 4.033145 0.517154
0.617 4.031483 0.514920
0.618 4.029029 0.512558
0.619 4.026044 0.510415
0.620 4.023327 0.508311
0.621 4.022247 0.506097
0.622 4.021451 0.503858
0.623 4.020606 0.501627
0.624 4.017487 0.499619
0.625 4.014703 0.497496
0.626 4.012248 0.495260
0.627 4.011446 0.493020
0.628 4.010630 0.490868
0.629 4.009498 0.488896
0.630 4.006412 0.486950
0.631 4.002904 0.485013
0.632 4.001613 0.483067
0.633 4.000683 0.480958
0.634 4.000108 0.478689
0.635 3.998241 0.476483
0.636 3.995838 0.474352
0.637 3.992338 0.472422
0.638 3.990534 0.470494
0.639 3.989840 0.468566
0.640 3.989290 0.466640
0.641 3.988684 0.464715
0.642 3.987927 0.462791
0.643 3.985808 0.460868
0.644 3.982884 0.458946
0.645 3.980842 0.457025
0.646 3.979169 0.455104
0.647 3.978384 0.453186
0.648 3.977211 0.451268
0.649 3.975751 0.449351
0.650 3.972697 0.447709
0.651 3.969769 0.446072
0.652 3.968733 0.444238
0.653 3.967849 0.442370
0.654 3.967157 0.440458
0.655 3.965128 0.438547
0.656 3.962551 0.436637
0.657 3.960201 0.434729
0.658 3.958242 0.432860
0.659 3.957621 0.431130
0.660 3.957107 0.429402
0.661 3.956715 0.427676
0.662 3.955616 0.425845
0.663 3.954212 0.423970
0.664 3.951064 0.422071
0.665 3.948098 0.420213
0.666 3.947238 0.418633
0.667 3.946423 0.416997
0.668 3.945695 0.415253
0.669 3.943819 0.413642
0.670 3.940946 0.412148
0.671 3.938815 0.410496
0.672 3.936974 0.408783
0.673 3.936347 0.407099
0.674 3.935872 0.405426
0.675 3.935546 0.403872
0.676 3.934841 0.402294
0.677 3.932745 0.400631
0.678 3.930464 0.399005
0.679 3.927852 0.397446
0.680 3.926329 0.395766
0.681 3.925924 0.393964
0.682 3.925578 0.392377
0.683 3.925269 0.390923
0.684 3.924165 0.389434
0.685 3.922770 0.387932
0.686 3.919859 0.386302
0.687 3.916650 0.384647
0.688 3.915835 0.383163
0.689 3.915204 0.381692
0.690 3.914447 0.380102
0.691 3.913519 0.378525
0.692 3.910686 0.377092
0.693 3.908050 0.375651
0.694 3.906598 0.374161
0.695 3.905360 0.372645
0.696 3.905018 0.371019
0.697 3.904687 0.369475
0.698 3.904392 0.368208
0.699 3.903520 0.366900
0.700 3.900994 0.365477
0.701 3.898622 0.364045
0.702 3.896653 0.362588
0.703 3.895129 0.361163
0.704 3.894750 0.359822
0.705 3.894385 0.358435
0.706 3.894058 0.356922
0.707 3.893253 0.355438
0.708 3.891063 0.354035
0.709 3.888903 0.352686
0.710 3.886847 0.351523
0.711 3.885110 0.350298
0.712 3.884761 0.348805
0.713 3.884415 0.347325
0.714 3.884085 0.345934
0.715 3.883618 0.344546
0.716 3.881285 0.343191
0.717 3.878951 0.341836
0.718 3.876946 0.340587
0.719 3.874943 0.339338
0.720 3.874607 0.337950
0.721 3.874451 0.336547
0.722 3.872998 0.335307
0.723 3.871224 0.334108
0.724 3.868978 0.332828
0.725 3.866519 0.331513
0.726 3.865180 0.330138
0.727 3.864711 0.328718
0.728 3.864353 0.327440
0.729 3.864147 0.326356
0.730 3.863544 0.325202
0.731 3.861888 0.323863
0.732 3.860159 0.322545
0.733 3.857840 0.321389
0.734 3.855521 0.320233
0.735 3.854966 0.318935
0.736 3.854536 0.317626
0.737 3.854208 0.316526
0.738 3.853913 0.315497
0.739 3.852724 0.314243
0.740 3.850778 0.312798
0.741 3.848825 0.311495
0.742 3.846860 0.310485
0.743 3.845058 0.309474
0.744 3.844786 0.308444
0.745 3.844514 0.307414
0.746 3.844336 0.306154
0.747 3.844172 0.304854
0.748 3.842790 0.303653
0.749 3.840586 0.302519
0.750 3.838530 0.301427
0.751 3.836775 0.300422
0.752 3.835091 0.299416
0.753 3.834932 0.298385
0.754 3.834773 0.297353
0.755 3.834398 0.296145
0.756 3.833949 0.294877
0.757 3.832729 0.293725
0.758 3.830505 0.292724
0.759 3.828364 0.291722
0.760 3.826909 0.290716
0.761 3.825454 0.289710
0.762 3.825010 0.288623
0.763 3.824870 0.287511
0.764 3.824450 0.286321
0.765 3.823633 0.285019
0.766 3.822745 0.283730
0.767 3.820332 0.282733
0.768 3.817919 0.281736
0.769 3.816717 0.280765
0.770 3.816140 0.279808
0.771 3.815607 0.278925
0.772 3.815200 0.278252
0.773 3.814792 0.277579
0.774 3.813762 0.276681
0.775 3.812620 0.275742
0.776 3.811034 0.274781
0.777 3.808831 0.273789
0.778 3.806627 0.272797
0.779 3.806254 0.271806
0.780 3.805932 0.270815
0.781 3.805616 0.269825
0.782 3.805306 0.268835
0.783 3.804938 0.267845
0.784 3.803073 0.266857
0.785 3.801207 0.265868
0.786 3.799508 0.264880
0.787 3.797948 0.263893
0.788 3.796441 0.262910
0.789 3.796263 0.262052
0.790 3.796085 0.261193
0.791 3.795620 0.260295
0.792 3.794883 0.259360
0.793 3.794147 0.258424
0.794 3.792053 0.257652
0.795 3.789926 0.256884
0.796 3.788419 0.256078
0.797 3.787772 0.255220
0.798 3.787124 0.254363
0.799 3.786631 0.253446
0.800 3.786166 0.252517
0.801 3.785516 0.251630
0.802 3.784334 0.250859
0.803 3.783152 0.250089
0.804 3.781524 0.249266
0.805 3.779659 0.248416
0.806 3.777839 0.247564
0.807 3.777543 0.246666
0.808 3.777246 0.245768
0.809 3.776890 0.244974
0.810 3.776440 0.244342
0.811 3.775991 0.243711
0.812 3.774385 0.243029
0.813 3.772355 0.242328
0.814 3.770388 0.241615
0.815 3.769494 0.240690
0.816 3.768600 0.239765
0.817 3.767908 0.238873
0.818 3.767571 0.238039
0.819 3.767234 0.237205
0.820 3.766436 0.236464
0.821 3.765391 0.235773
0.822 3.764347 0.235083
0.823 3.762502 0.234412
0.824 3.760592 0.233744
0.825 3.758975 0.233054
0.826 3.758729 0.232267
0.827 3.758482 0.231480
0.828 3.758131 0.230758
0.829 3.757628 0.230130
0.830 3.757126 0.229502
0.831 3.755793 0.228876
0.832 3.753968 0.228250
0.833 3.752142 0.227624
0.834 3.751196 0.226959
0.835 3.750437 0.226286
0.836 3.749679 0.225614
0.837 3.749122 0.224977
0.838 3.748565 0.224340
0.839 3.747900 0.223701
0.840 3.746677 0.223058
0.841 3.745455 0.222415
0.842 3.744171 0.221755
0.843 3.742745 0.221054
0.844 3.741320 0.220353
0.845 3.740455 0.219689
0.846 3.740361 0.219076
0.847 3.740266 0.218463
0.848 3.739970 0.217926
0.849 3.739489 0.217458
0.850 3.739009 0.216989
0.851 3.738197 0.216384
0.852 3.737167 0.215689
0.853 3.736137 0.214993
0.854 3.734759 0.214426
0.855 3.733202 0.213924
0.856 3.731646 0.213422
0.857 3.731018 0.212885
0.858 3.730784 0.212335
0.859 3.730550 0.211784
0.860 3.729934 0.211201
0.861 3.729170 0.210605
0.862 3.728406 0.210008
0.863 3.726851 0.209387
0.864 3.724988 0.208757
0.865 3.723124 0.208126
0.866 3.722387 0.207621
0.867 3.722138 0.207170
0.868 3.721890 0.206719
0.869 3.721457 0.206244
0.870 3.720925 0.205756
0.871 3.720394 0.205268
0.872 3.719188 0.204787
0.873 3.717508 0.204312
0.874 3.715828 0.203837
0.875 3.714601 0.203367
0.876 3.713826 0.202901
0.877 3.713051 0.202435
0.878 3.712548 0.201958
0.879 3.712469 0.201464
0.880 3.712391 0.200970
0.881 3.712179 0.200489
0.882 3.711591 0.200044
0.883 3.711002 0.199598
0.884 3.710302 0.199147
0.885 3.708664 0.198646
0.886 3.707026 0.198145
0.887 3.705389 0.197644
0.888 3.704809 0.197252
0.889 3.704310 0.196869
0.890 3.703810 0.196485
0.891 3.703472 0.196177
0.892 3.703194 0.195897
0.893 3.702915 0.195617
0.894 3.702457 0.195265
0.895 3.701825 0.194842
0.896 3.701193 0.194419
0.897 3.700280 0.193983
0.898 3.698573 0.193510
0.899 3.696867 0.193037
0.900 3.695160 0.192564
0.901 3.694986 0.192250
0.902 3.694823 0.191938
0.903 3.694660 0.191625
0.904 3.694316 0.191298
0.905 3.693894 0.190965
0.906 3.693471 0.190631
0.907 3.692881 0.190281
0.908 3.692018 0.189906
0.909 3.691155 0.189530
0.910 3.690271 0.189159
0.911 3.688876 0.188895
0.912 3.687482 0.188631
0.913 3.686088 0.188367
0.914 3.685563 0.188029
0.915 3.685462 0.187656
0.916 3.685361 0.187283
0.917 3.685227 0.186915
0.918 3.685006 0.186561
0.919 3.684785 0.186206
0.920 3.684565 0.185852
0.921 3.683989 0.185385
0.922 3.683357 0.184901
0.923 3.682724 0.184417
0.924 3.681962 0.183977
0.925 3.681021 0.183600
0.926 3.680079 0.183223
0.927 3.679137 0.182845
0.928 3.678631 0.182595
0.929 3.678147 0.182352
0.930 3.677663 0.182108
0.931 3.677197 0.181883
0.932 3.676753 0.181679
0.933 3.676310 0.181476
0.934 3.675867 0.181273
0.935 3.675462 0.181030
0.936 3.675060 0.180784
0.937 3.674658 0.180539
0.938 3.674243 0.180270
0.939 3.673808 0.179963
0.940 3.673373 0.179656
0.941 3.672937 0.179350
0.942 3.672540 0.178991
0.943 3.672150 0.178620
0.944 3.671761 0.178249
0.945 3.671375 0.177861
0.946 3.670998 0.177409
0.947 3.670621 0.176957
0.948 3.670245 0.176505
0.949 3.669877 0.176129
0.950 3.669515 0.175807
0.951 3.669153 0.175485
0.952 3.668792 0.175163
0.953 3.668457 0.174889
0.954 3.668124 0.174619
0.955 3.667792 0.174349
0.956 3.667446 0.174065
0.957 3.667057 0.173735
0.958 3.666669 0.173405
0.959 3.666281 0.173074
0.960 3.665891 0.172712
0.961 3.665499 0.172321
0.962 3.665107 0.171930
0.963 3.664716 0.171539
0.964 3.664396 0.171207
0.965 3.664098 0.170893
0.966 3.663800 0.170578
0.967 3.663501 0.170264
0.968 3.663222 0.170015
0.969 3.662942 0.169767
0.970 3.662663 0.169519
0.971 3.662384 0.169250
0.972 3.662106 0.168902
0.973 3.661827 0.168554
0.974 3.661549 0.168205
0.975 3.661246 0.167829
0.976 3.660899 0.167404
0.977 3.660553 0.166980
0.978 3.660207 0.166555
0.979 3.659850 0.166145
0.980 3.659483 0.165749
0.981 3.659116 0.165353
0.982 3.658749 0.164957
0.983 3.658413 0.164551
0.984 3.658097 0.164138
0.985 3.657781 0.163725
0.986 3.657464 0.163312
0.987 3.657169 0.162946
0.988 3.656885 0.162600
0.989 3.656600 0.162255
0.990 3.656315 0.161910
0.991 3.656035 0.161596
0.992 3.655756 0.161295
0.993 3.655477 0.160993
0.994 3.655199 0.160692
0.995 3.654928 0.160408
0.996 3.654660 0.160131
0.997 3.654392 0.159854
0.998 3.654124 0.159577
0.999 3.653832 0.159209
1.000 3.653531 0.158806
1.001 3.653229 0.158403
1.002 3.652928 0.158000
1.003 3.652604 0.157557
1.004 3.652269 0.157093
1.005 3.651935 0.156629
1.006 3.651600 0.156165
1.007 3.651288 0.155653
1.008 3.650994 0.155105
1.009 3.650699 0.154558
1.010 3.650404 0.154010
1.011 3.650126 0.153512
1.012 3.649869 0.153075
1.013 3.649612 0.152637
1.014 3.649354 0.152200
1.015 3.649097 0.151803
1.016 3.648840 0.151501
1.017 3.648584 0.151198
1.018 3.648327 0.150896
1.019 3.648071 0.150594
1.020 3.647814 0.150295
1.021 3.647558 0.149996
1.022 3.647302 0.149697
1.023 3.647045 0.149398
1.024 3.646796 0.149013
1.025 3.646547 0.148618
1.026 3.646299 0.148223
1.027 3.646050 0.147828
1.028 3.645802 0.147432
1.029 3.645555 0.147036
1.030 3.645307 0.146639
1.031 3.645060 0.146243
1.032 3.644817 0.145846
1.033 3.644581 0.145450
1.034 3.644346 0.145053
1.035 3.644110 0.144657
1.036 3.643875 0.144261
1.037 3.643643 0.143896
1.038 3.643411 0.143531
1.039 3.643178 0.143166
1.040 3.642946 0.142801
1.041 3.642708 0.142454
1.042 3.642465 0.142118
1.043 3.642223 0.141782
1.044 3.641981 0.141445
1.045 3.641741 0.141117
1.046 3.641509 0.140816
1.047 3.641276 0.140514
1.048 3.641044 0.140212
1.049 3.640811 0.139911
1.050 3.640571 0.139616
1.051 3.640328 0.139322
1.052 3.640085 0.139029
1.053 3.639842 0.138736
1.054 3.639602 0.138424
1.055 3.639369 0.138074
1.056 3.639135 0.137723
1.057 3.638902 0.137373
1.058 3.638668 0.137022
1.059 3.638445 0.136618
1.060 3.638224 0.136200
1.061 3.638003 0.135783
1.062 3.637783 0.135365
1.063 3.637560 0.134970
1.064 3.637331 0.134641
1.065 3.637103 0.134311
1.066 3.636874 0.133982
1.067 3.636646 0.133653
1.068 3.636420 0.133377
1.069 3.636195 0.133130
1.070 3.635970 0.132882
1.071 3.635746 0.132635
1.072 3.635521 0.132388
1.073 3.635299 0.132201
1.074 3.635077 0.132013
1.075 3.634855 0.131826
1.076 3.634633 0.131639
1.077 3.634414 0.131474
1.078 3.634198 0.131353
1.079 3.633982 0.131232
1.080 3.633767 0.131112
1.081 3.633551 0.130991
1.082 3.633338 0.130820
1.083 3.633125 0.130620
1.084 3.632913 0.130419
1.085 3.632701 0.130218
1.086 3.632489 0.130018
1.087 3.632284 0.129847
1.088 3.632080 0.129680
1.089 3.631876 0.129514
1.090 3.631673 0.129348
1.091 3.631473 0.129182
1.092 3.631326 0.129021
1.093 3.631179 0.128861
1.094 3.631032 0.128700
1.095 3.630886 0.128540
1.096 3.630738 0.128372
1.097 3.630589 0.128180
1.098 3.630439 0.127988
1.099 3.630290 0.127796
1.100 3.630140 0.127603
1.101 3.629978 0.127421
1.102 3.629792 0.127259
1.103 3.629606 0.127097
1.104 3.629420 0.126935
1.105 3.629234 0.126773
1.106 3.629042 0.126600
1.107 3.628840 0.126410
1.108 3.628639 0.126221
1.109 3.628437 0.126031
1.110 3.628236 0.125841
1.111 3.628035 0.125641
1.112 3.627836 0.125426
1.113 3.627636 0.125211
1.114 3.627437 0.124996
1.115 3.627238 0.124781
1.116 3.627035 0.124591
1.117 3.626830 0.124436
1.118 3.626624 0.124281
1.119 3.626418 0.124126
1.120 3.626212 0.123971
1.121 3.626019 0.123813
1.122 3.625849 0.123651
1.123 3.625679 0.123489
1.124 3.625509 0.123327
1.125 3.625340 0.123165
1.126 3.625184 0.123005
1.127 3.625075 0.122853
1.128 3.624966 0.122700
1.129 3.624857 0.122547
1.130 3.624748 0.122394
1.131 3.624634 0.122238
1.132 3.624466 0.122041
1.133 3.624298 0.121843
1.134 3.624129 0.121646
1.135 3.623961 0.121449
1.136 3.623793 0.121252
1.137 3.623601 0.121046
1.138 3.623406 0.120839
1.139 3.623210 0.120632
1.140 3.623015 0.120425
1.141 3.622820 0.120218
1.142 3.622626 0.119999
1.143 3.622434 0.119773
1.144 3.622242 0.119547
1.145 3.622050 0.119321
1.146 3.621857 0.119094
1.147 3.621686 0.118903
1.148 3.621560 0.118786
1.149 3.621433 0.118669
1.150 3.621307 0.118552
1.151 3.621180 0.118435
1.152 3.621054 0.118318
1.153 3.620936 0.118190
1.154 3.620819 0.118062
1.155 3.620701 0.117934
1.156 3.620584 0.117805
1.157 3.620466 0.117677
1.158 3.620330 0.117526
1.159 3.620179 0.117357
1.160 3.620028 0.117189
1.161 3.619877 0.117020
1.162 3.619726 0.116851
1.163 3.619572 0.116681
1.164 3.619396 0.116501
1.165 3.619220 0.116321
1.166 3.619044 0.116141
1.167 3.618868 0.115961
1.168 3.618692 0.115781
1.169 3.618533 0.115604
1.170 3.618384 0.115429
1.171 3.618235 0.115253
1.172 3.618086 0.115078
1.173 3.617937 0.114903
1.174 3.617790 0.114728
1.175 3.617668 0.114562
1.176 3.617547 0.114397
1.177 3.617426 0.114231
1.178 3.617305 0.114065
1.179 3.617184 0.113899
1.180 3.617065 0.113745
1.181 3.616951 0.113605
1.182 3.616836 0.113465
1.183 3.616721 0.113325
1.184 3.616606 0.113185
1.185 3.616491 0.113045
1.186 3.616377 0.112873
1.187 3.616264 0.112691
1.188 3.616151 0.112510
1.189 3.616037 0.112328
1.190 3.615924 0.112147
1.191 3.615813 0.111967
1.192 3.615738 0.111814
1.193 3.615664 0.111662
1.194 3.615589 0.111509
1.195 3.615515 0.111357
1.196 3.615440 0.111204
1.197 3.615372 0.111051
1.198 3.615321 0.110898
1.199 3.615269 0.110744
1.200 3.615217 0.110590
1.201 3.615165 0.110436
1.202 3.615114 0.110282
1.203 3.615064 0.110142
1.204 3.615017 0.110019
1.205 3.614969 0.109895
1.206 3.614922 0.109772
1.207 3.614874 0.109648
1.208 3.614827 0.109525
1.209 3.614780 0.109377
1.210 3.614734 0.109210
1.211 3.614688 0.109043
1.212 3.614642 0.108876
1.213 3.614596 0.108710
1.214 3.614549 0.108543
1.215 3.614504 0.108353
1.216 3.614459 0.108149
1.217 3.614414 0.107946
1.218 3.614369 0.107742
1.219 3.614325 0.107539
1.220 3.614280 0.107335
1.221 3.614236 0.107116
1.222 3.614192 0.106889
1.223 3.614148 0.106661
1.224 3.614105 0.106433
1.225 3.614061 0.106205
1.226 3.614018 0.105977
1.227 3.613975 0.105788
1.228 3.613933 0.105630
1.229 3.613890 0.105473
1.230 3.613848 0.105315
1.231 3.613806 0.105157
1.232 3.613764 0.104999
1.233 3.613722 0.104848
1.234 3.613681 0.104706
1.235 3.613640 0.104564
1.236 3.613600 0.104422
1.237 3.613559 0.104279
1.238 3.613518 0.104137
1.239 3.613477 0.103994
1.240 3.613438 0.103849
1.241 3.613398 0.103703
1.242 3.613359 0.103558
1.243 3.613320 0.103412
1.244 3.613280 0.103267
1.245 3.613241 0.103122
1.246 3.613203 0.102905
1.247 3.613165 0.102687
1.248 3.613127 0.102470
1.249 3.613089 0.102253
1.250 3.613051 0.102035
1.251 3.613013 0.101818
1.252 3.612976 0.101622
1.253 3.612939 0.101435
1.254 3.612903 0.101248
1.255 3.612867 0.101062
1.256 3.612830 0.100875
1.257 3.612794 0.100688
1.258 3.612758 0.100494
1.259 3.612723 0.100284
1.260 3.612688 0.100073
1.261 3.612653 0.099862
1.262 3.612618 0.099652
1.263 3.612583 0.099441
1.264 3.612548 0.099231
1.265 3.612514 0.099023
1.266 3.612481 0.098817
1.267 3.612448 0.098610
1.268 3.612414 0.098403
1.269 3.612381 0.098197
1.270 3.612347 0.097990
1.271 3.612315 0.097782
1.272 3.612283 0.097573
1.273 3.612251 0.097364
1.274 3.612219 0.097155
1.275 3.612188 0.096946
1.276 3.612156 0.096737
1.277 3.612124 0.096528
1.278 3.612094 0.096338
1.279 3.612063 0.096153
1.280 3.612033 0.095968
1.281 3.612003 0.095783
1.282 3.611973 0.095598
1.283 3.611943 0.095414
1.284 3.611913 0.095229
1.285 3.611884 0.095047
1.286 3.611856 0.094865
1.287 3.611828 0.094683
1.288 3.611799 0.094500
1.289 3.611771 0.094318
1.290 3.611742 0.094136
1.291 3.611715 0.093946
1.292 3.611688 0.093746
1.293 3.611661 0.093546
1.294 3.611635 0.093346
1.295 3.611608 0.093146
1.296 3.611581 0.092946
1.297 3.611555 0.092746
1.298 3.611529 0.092548
1.299 3.611504 0.092350
1.300 3.611479 0.092153
1.301 3.611454 0.091956
1.302 3.611429 0.091759
1.303 3.611405 0.091561
1.304 3.611380 0.091364
1.305 3.611356 0.091161
1.306 3.611333 0.090957
1.307 3.611310 0.090752
1.308 3.611287 0.090548
1.309 3.611264 0.090344
1.310 3.611241 0.090139
1.311 3.611218 0.089935
1.312 3.611197 0.089737
1.313 3.611176 0.089539
1.314 3.611155 0.089341
1.315 3.611134 0.089143
1.316 3.611113 0.088946
1.317 3.611093 0.088748
1.318 3.611072 0.088550
1.319 3.611053 0.088372
1.320 3.611034 0.088198
1.321 3.611016 0.088023
1.322 3.610997 0.087848
1.323 3.610979 0.087673
1.324 3.610960 0.087498
1.325 3.610942 0.087324
1.326 3.610925 0.087118
1.327 3.610909 0.086905
1.328 3.610893 0.086692
1.329 3.610877 0.086478
1.330 3.610861 0.086265
1.331 3.610845 0.086051
1.332 3.610828 0.085838
1.333 3.610814 0.085642
1.334 3.610801 0.085455
1.335 3.610787 0.085268
1.336 3.610774 0.085082
1.337 3.610761 0.084895
1.338 3.610747 0.084708
1.339 3.610734 0.084522
1.340 3.610722 0.084330
1.341 3.610712 0.084131
1.342 3.610702 0.083931
1.343 3.610692 0.083732
1.344 3.610681 0.083533
1.345 3.610671 0.083334
1.346 3.610661 0.083134
1.347 3.610651 0.082934
1.348 3.610645 0.082726
1.349 3.610638 0.082517
1.350 3.610632 0.082309
1.351 3.610625 0.082101
1.352 3.610619 0.081892
1.353 3.610612 0.081684
1.354 3.610606 0.081476
1.355 3.610602 0.081259
1.356 3.610600 0.081040
1.357 3.610598 0.080820
1.358 3.610595 0.080600
1.359 3.610593 0.080380
1.360 3.610591 0.080161
1.361 3.610588 0.079941
1.362 3.610587 0.079709
1.363 3.610590 0.079439
1.364 3.610592 0.079169
1.365 3.610595 0.078899
1.366 3.610598 0.078629
1.367 3.610600 0.078359
1.368 3.610603 0.078088
1.369 3.610605 0.077818
1.370 3.610612 0.077535
1.371 3.610620 0.077245
1.372 3.610629 0.076956
1.373 3.610637 0.076666
1.374 3.610646 0.076376
1.375 3.610655 0.076087
1.376 3.610663 0.075797
1.377 3.610672 0.075508
1.378 3.610688 0.075228
1.379 3.610704 0.074949
1.380 3.610720 0.074670
1.381 3.610735 0.074390
1.382 3.610751 0.074111
1.383 3.610767 0.073831
1.384 3.610783 0.073552
1.385 3.610802 0.073263
1.386 3.610827 0.072955
1.387 3.610853 0.072647
1.388 3.610878 0.072339
1.389 3.610903 0.072031
1.390 3.610929 0.071723
1.391 3.610954 0.071415
1.392 3.610979 0.071107
1.393 3.611011 0.070780
1.394 3.611049 0.070435
1.395 3.611087 0.070091
1.396 3.611125 0.069746
1.397 3.611163 0.069401
1.398 3.611201 0.069056
1.399 3.611239 0.068712
1.400 3.611276 0.068367
1.401 3.611325 0.067988
1.402 3.611380 0.067586
1.403 3.611435 0.067185
1.404 3.611491 0.066784
1.405 3.611546 0.066382
1.406 3.611601 0.065981
1.407 3.611656 0.065580
1.408 3.611712 0.065178
1.409 3.611782 0.064783
1.410 3.611861 0.064392
1.411 3.611940 0.064000
1.412 3.612020 0.063609
1.413 3.612099 0.063217
1.414 3.612178 0.062826
1.415 3.612257 0.062434
1.416 3.612337 0.062043
1.417 3.612433 0.061644
1.418 3.612544 0.061237
1.419 3.612655 0.060831
1.420 3.612766 0.060425
1.421 3.612878 0.060018
1.422 3.612989 0.059612
1.423 3.613100 0.059206
1.424 3.613211 0.058799
1.425 3.613336 0.058363
1.426 3.613484 0.057872
1.427 3.613633 0.057382
1.428 3.613781 0.056892
1.429 3.613930 0.056402
1.430 3.614078 0.055912
1.431 3.614227 0.055422
1.432 3.614376 0.054931
1.433 3.614527 0.054435
1.434 3.614710 0.053877
1.435 3.614892 0.053319
1.436 3.615074 0.052760
1.437 3.615256 0.052202
1.438 3.615439 0.051644
1.439 3.615621 0.051086
1.440 3.615803 0.050528
1.441 3.615986 0.049969
1.442 3.616177 0.049364
1.443 3.616372 0.048741
1.444 3.616567 0.048118
1.445 3.616762 0.047495
1.446 3.616957 0.046873
1.447 3.617152 0.046250
1.448 3.617348 0.045627
1.449 3.617543 0.045004
1.450 3.617730 0.044346
1.451 3.617894 0.043590
1.452 3.618058 0.042834
1.453 3.618222 0.042077
1.454 3.618386 0.041321
1.455 3.618550 0.040565
1.456 3.618714 0.039809
1.457 3.618878 0.039052
1.458 3.619042 0.038296
1.459 3.619112 0.037456
1.460 3.619142 0.036578
1.461 3.619171 0.035701
1.462 3.619201 0.034824
1.463 3.619230 0.033946
1.464 3.619260 0.033069
1.465 3.619290 0.032192
1.466 3.619319 0.031315
1.467 3.619349 0.030437
1.468 3.619378 0.029560
1.469 3.619408 0.028683
1.470 3.619437 0.027805
1.471 3.619467 0.026928
1.472 3.619496 0.026051
1.473 3.619526 0.025174
1.474 3.619556 0.024296
1.475 3.619585 0.023419
1.476 3.619615 0.022542
1.477 3.619644 0.021664
1.478 3.619674 0.020787
1.479 3.619703 0.019910
1.480 3.619733 0.019033
1.481 3.619762 0.018155
1.482 3.619782 0.017391
1.483 3.619766 0.017062
1.484 3.619749 0.016733
1.485 3.619732 0.016403
1.486 3.619716 0.016074
1.487 3.619699 0.015745
1.488 3.619682 0.015416
1.489 3.619666 0.015086
1.490 3.619649 0.014757
1.491 3.619632 0.014428
1.492 3.619616 0.014099
1.493 3.619599 0.013769
1.494 3.619583 0.013440
1.495 3.619566 0.013111
1.496 3.619549 0.012782
1.497 3.619533 0.012452
1.498 3.619516 0.012123
1.499 3.619499 0.011794
1.500 3.619483 0.011465
1.501 3.619466 0.011135
1.502 3.619449 0.010806
1.503 3.619433 0.010477
1.504 3.619416 0.010147
1.505 3.619399 0.009818
1.506 3.619383 0.009489
1.507 3.619319 0.009329
1.508 3.619253 0.009178
1.509 3.619187 0.009027
1.510 3.619121 0.008877
1.511 3.619055 0.008726
1.512 3.618989 0.008575
1.513 3.618924 0.008424
1.514 3.618858 0.008274
1.515 3.618792 0.008123
1.516 3.618726 0.007972
1.517 3.618660 0.007821
1.518 3.618594 0.007670
1.519 3.618528 0.007520
1.520 3.618462 0.007369
1.521 3.618396 0.007218
1.522 3.618330 0.007067
1.523 3.618264 0.006917
1.524 3.618198 0.006766
1.525 3.618132 0.006615
1.526 3.618066 0.006464
1.527 3.618000 0.006313
1.528 3.617934 0.006163
1.529 3.617868 0.006012
1.530 3.617802 0.005861
1.531 3.617737 0.005710
1.532 3.617636 0.005617
1.533 3.617530 0.005532
1.534 3.617425 0.005447
1.535 3.617319 0.005362
1.536 3.617214 0.005277
1.537 3.617108 0.005192
1.538 3.617003 0.005106
1.539 3.616898 0.005021
1.540 3.616792 0.004936
1.541 3.616687 0.004851
1.542 3.616581 0.004766
1.543 3.616476 0.004680
1.544 3.616370 0.004595
1.545 3.616265 0.004510
1.546 3.616159 0.004425
1.547 3.616054 0.004340
1.548 3.615948 0.004254
1.549 3.615843 0.004169
1.550 3.615738 0.004084
1.551 3.615632 0.003999
1.552 3.615527 0.003914
1.553 3.615421 0.003829
1.554 3.615316 0.003743
1.555 3.615210 0.003658
1.556 3.615105 0.003573
1.557 3.614999 0.003488
1.558 3.614876 0.003431
1.559 3.614752 0.003375
1.560 3.614628 0.003319
1.561 3.614504 0.003263
1.562 3.614380 0.003207
1.563 3.614256 0.003151
1.564 3.614132 0.003095
1.565 3.614008 0.003039
1.566 3.613883 0.002983
1.567 3.613759 0.002927
1.568 3.613635 0.002871
1.569 3.613511 0.002815
1.570 3.613387 0.002759
1.571 3.613263 0.002703
1.572 3.613139 0.002647
1.573 3.613015 0.002591
1.574 3.612891 0.002535
1.575 3.612767 0.002479
1.576 3.612643 0.002423
1.577 3.612519 0.002367
1.578 3.612395 0.002311
1.579 3.612271 0.002255
1.580 3.612147 0.002199
1.581 3.612023 0.002143
1.582 3.611899 0.002087
1.583 3.611774 0.002031
1.584 3.611650 0.001980
1.585 3.611526 0.001956
1.586 3.611401 0.001932
1.587 3.611276 0.001907
1.588 3.611152 0.001883
1.589 3.611027 0.001858
1.590 3.610903 0.001834
1.591 3.610778 0.001810
1.592 3.610653 0.001785
1.593 3.610529 0.001761
1.594 3.610404 0.001737
1.595 3.610279 0.001712
1.596 3.610155 0.001688
1.597 3.610030 0.001664
1.598 3.609906 0.001639
1.599 3.609781 0.001615
1.600 3.609656 0.001590
1.601 3.609532 0.001566
1.602 3.609407 0.001542
1.603 3.609282 0.001517
1.604 3.609158 0.001493
1.605 3.609033 0.001469
1.606 3.608909 0.001444
1.607 3.608784 0.001420
1.608 3.608659 0.001395
1.609 3.608535 0.001371
1.610 3.608410 0.001347
1.611 3.608285 0.001322
1.612 3.608166 0.001300
1.613 3.608053 0.001282
1.614 3.607940 0.001263
1.615 3.607828 0.001244
1.616 3.607715 0.001226
1.617 3.607603 0.001207
1.618 3.607490 0.001189
1.619 3.607377 0.001170
1.620 3.607265 0.001151
1.621 3.607152 0.001133
1.622 3.607039 0.001114
1.623 3.606927 0.001095
1.624 3.606814 0.001077
1.625 3.606701 0.001058
1.626 3.606589 0.001039
1.627 3.606476 0.001021
1.628 3.606364 0.001002
1.629 3.606251 0.000983
1.630 3.606138 0.000965
1.631 3.606026 0.000946
1.632 3.605913 0.000927
1.633 3.605800 0.000909
1.634 3.605688 0.000890
1.635 3.605575 0.000872
1.636 3.605462 0.000853
1.637 3.605350 0.000834
1.638 3.605237 0.000816
1.639 3.605125 0.000797
1.640 3.605012 0.000778
1.641 3.604910 0.000769
1.642 3.604814 0.000764
1.643 3.604717 0.000759
1.644 3.604621 0.000754
1.645 3.604524 0.000749
1.646 3.604427 0.000744
1.647 3.604331 0.000739
1.648 3.604234 0.000734
1.649 3.604138 0.000729
1.650 3.604041 0.000724
1.651 3.603945 0.000719
1.652 3.603848 0.000713
1.653 3.603751 0.000708
1.654 3.603655 0.000703
1.655 3.603558 0.000698
1.656 3.603462 0.000693
1.657 3.603365 0.000688
1.658 3.603269 0.000683
1.659 3.603172 0.000678
1.660 3.603076 0.000673
1.661 3.602979 0.000668
1.662 3.602882 0.000663
1.663 3.602786 0.000658
1.664 3.602689 0.000653
1.665 3.602593 0.000648
1.666 3.602496 0.000643
1.667 3.602400 0.000638
1.668 3.602303 0.000633
1.669 3.602206 0.000628
1.670 3.602110 0.000623
1.671 3.602028 0.000617
1.672 3.601948 0.000612
1.673 3.601867 0.000607
1.674 3.601787 0.000601
1.675 3.601707 0.000596
1.676 3.601626 0.000591
1.677 3.601546 0.000585
1.678 3.601465 0.000580
1.679 3.601385 0.000575
1.680 3.601305 0.000569
1.681 3.601224 0.000564
1.682 3.601144 0.000559
1.683 3.601064 0.000553
1.684 3.600983 0.000548
1.685 3.600903 0.000543
1.686 3.600823 0.000537
1.687 3.600742 0.000532
1.688 3.600662 0.000527
1.689 3.600582 0.000521
1.690 3.600501 0.000516
1.691 3.600421 0.000511
1.692 3.600340 0.000505
1.693 3.600260 0.000500
1.694 3.600180 0.000495
1.695 3.600099 0.000489
1.696 3.600019 0.000484
1.697 3.599939 0.000479
1.698 3.599858 0.000473
1.699 3.599778 0.000468
1.700 3.599698 0.000463
1.701 3.599617 0.000457
1.702 3.599550 0.000453
1.703 3.599482 0.000449
1.704 3.599414 0.000445
1.705 3.599346 0.000441
1.706 3.599278 0.000437
1.707 3.599210 0.000432
1.708 3.599142 0.000428
1.709 3.599074 0.000424
1.710 3.599006 0.000420
1.711 3.598938 0.000416
1.712 3.598870 0.000412
1.713 3.598802 0.000408
1.714 3.598734 0.000403
1.715 3.598666 0.000399
1.716 3.598598 0.000395
1.717 3.598530 0.000391
1.718 3.598462 0.000387
1.719 3.598394 0.000383
1.720 3.598326 0.000379
1.721 3.598258 0.000374
1.722 3.598190 0.000370
1.723 3.598122 0.000366
1.724 3.598054 0.000362
1.725 3.597986 0.000358
1.726 3.597918 0.000354
1.727 3.597850 0.000350
1.728 3.597782 0.000345
1.729 3.597714 0.000341
1.730 3.597646 0.000337
1.731 3.597578 0.000333
1.732 3.597510 0.000329
1.733 3.597442 0.000325
1.734 3.597384 0.000325
1.735 3.597326 0.000325
1.736 3.597268 0.000326
1.737 3.597210 0.000326
1.738 3.597152 0.000326
1.739 3.597094 0.000327
1.740 3.597036 0.000327
1.741 3.596978 0.000327
1.742 3.596920 0.000328
1.743 3.596862 0.000328
1.744 3.596804 0.000329
1.745 3.596746 0.000329
1.746 3.596688 0.000329
1.747 3.596630 0.000330
1.748 3.596572 0.000330
1.749 3.596514 0.000330
1.750 3.596456 0.000331
1.751 3.596399 0.000331
1.752 3.596341 0.000331
1.753 3.596283 0.000332
1.754 3.596225 0.000332
1.755 3.596167 0.000333
1.756 3.596109 0.000333
1.757 3.596051 0.000333
1.758 3.595993 0.000334
1.759 3.595935 0.000334
1.760 3.595877 0.000334
1.761 3.595819 0.000335
1.762 3.595761 0.000335
1.763 3.595703 0.000335
1.764 3.595645 0.000336
1.765 3.595587 0.000336
1.766 3.595529 0.000337
1.767 3.595476 0.000334
1.768 3.595425 0.000331
1.769 3.595374 0.000328
1.770 3.595324 0.000325
1.771 3.595273 0.000321
1.772 3.595222 0.000318
1.773 3.595171 0.000315
1.774 3.595120 0.000312
1.775 3.595070 0.000309
1.776 3.595019 0.000305
1.777 3.594968 0.000302
1.778 3.594917 0.000299
1.779 3.594866 0.000296
1.780 3.594815 0.000292
1.781 3.594765 0.000289
1.782 3.594714 0.000286
1.783 3.594663 0.000283
1.784 3.594612 0.000280
1.785 3.594561 0.000276
1.786 3.594511 0.000273
1.787 3.594460 0.000270
1.788 3.594409 0.000267
1.789 3.594358 0.000263
1.790 3.594307 0.000260
1.791 3.594256 0.000257
1.792 3.594206 0.000254
1.793 3.594155 0.000251
1.794 3.594104 0.000247
1.795 3.594053 0.000244
1.796 3.594002 0.000241
1.797 3.593952 0.000238
1.798 3.593901 0.000234
1.799 3.593850 0.000231
1.800 3.593799 0.000228
1.801 NaN NaN
1.802 NaN NaN
1.803 NaN NaN
1.804 NaN NaN
1.805 NaN NaN
1.806 NaN NaN
1.807 NaN NaN
1.808 NaN NaN
1.809 NaN NaN
1.810 NaN NaN
1.811 NaN NaN
1.812 NaN NaN
1.813 NaN NaN
1.814 NaN NaN
1.815 NaN NaN
1.816 NaN NaN
1.817 NaN NaN
1.818 NaN NaN
1.819 NaN NaN
1.820 NaN NaN
1.821 NaN NaN
1.822 NaN NaN
1.823 NaN NaN
1.824 NaN NaN
1.825 NaN NaN
1.826 NaN NaN
1.827 NaN NaN
1.828 NaN NaN
1.829 NaN NaN
1.830 NaN NaN
1.831 NaN NaN
1.832 NaN NaN
1.833 NaN NaN
1.834 NaN NaN
1.835 NaN NaN
1.836 NaN NaN
1.837 NaN NaN
1.838 NaN NaN
1.839 NaN NaN
1.840 NaN NaN
1.841 NaN NaN
1.842 NaN NaN
1.843 NaN NaN
1.844 NaN NaN
1.845 NaN NaN
1.846 NaN NaN
1.847 NaN NaN
1.848 NaN NaN
1.849 NaN NaN
1.850 NaN NaN
1.851 NaN NaN
1.852 NaN NaN
1.853 NaN NaN
1.854 NaN NaN
1.855 NaN NaN
1.856 NaN NaN
1.857 NaN NaN
1.858 NaN NaN
1.859 NaN NaN
1.860 NaN NaN
1.861 NaN NaN
1.862 NaN NaN
1.863 NaN NaN
1.864 NaN NaN
1.865 NaN NaN
1.866 NaN NaN
1.867 NaN NaN
1.868 NaN NaN
1.869 NaN NaN
1.870 NaN NaN
1.871 NaN NaN
1.872 NaN NaN
1.873 NaN NaN
1.874 NaN NaN
1.875 NaN NaN
1.876 NaN NaN
1.877 NaN NaN
1.878 NaN NaN
1.879 NaN NaN
1.880 NaN NaN
1.881 NaN NaN
1.882 NaN NaN
1.883 NaN NaN
1.884 NaN NaN
1.885 NaN NaN
1.886 NaN NaN
1.887 NaN NaN
1.888 NaN NaN
1.889 NaN NaN
1.890 NaN NaN
1.891 NaN NaN
1.892 NaN NaN
1.893 NaN NaN
1.894 NaN NaN
1.895 NaN NaN
1.896 NaN NaN
1.897 NaN NaN
1.898 NaN NaN
1.899 NaN NaN
1.900 NaN NaN
1.901 NaN NaN
1.902 NaN NaN
1.903 NaN NaN
1.904 NaN NaN
1.905 NaN NaN
1.906 NaN NaN
1.907 NaN NaN
1.908 NaN NaN
1.909 NaN NaN
1.910 NaN NaN
1.911 NaN NaN
1.912 NaN NaN
1.913 NaN NaN
1.914 NaN NaN
1.915 NaN NaN
1.916 NaN NaN
1.917 NaN NaN
1.918 NaN NaN
1.919 NaN NaN
1.920 NaN NaN
1.921 NaN NaN
1.922 NaN NaN
1.923 NaN NaN
1.924 NaN NaN
1.925 NaN NaN
1.926 NaN NaN
1.927 NaN NaN
1.928 NaN NaN
1.929 NaN NaN
1.930 NaN NaN
1.931 NaN NaN
1.932 NaN NaN
1.933 NaN NaN
1.934 NaN NaN
1.935 NaN NaN
1.936 NaN NaN
1.937 NaN NaN
1.938 NaN NaN
1.939 NaN NaN
1.940 NaN NaN
1.941 NaN NaN
1.942 NaN NaN
1.943 NaN NaN
1.944 NaN NaN
1.945 NaN NaN
1.946 NaN NaN
1.947 NaN NaN
1.948 NaN NaN
1.949 NaN NaN
1.950 NaN NaN