0.253 2.167909 3.302916
0.254 2.219318 3.312112
0.255 2.271682 3.323373
0.256 2.322666 3.331325
0.257 2.376874 3.339459
0.258 2.431979 3.347454
0.259 2.489185 3.354589
0.260 2.551771 3.360303
0.261 2.615844 3.363849
0.262 2.681066 3.359345
0.263 2.749766 3.353954
0.264 2.818961 3.337260
0.265 2.891404 3.319329
0.266 2.957860 3.292499
0.267 3.022834 3.260914
0.268 3.085955 3.224360
0.269 3.142934 3.182381
0.270 3.195700 3.138505
0.271 3.243434 3.091035
0.272 3.285990 3.041212
0.273 3.324781 2.992362
0.274 3.357219 2.942882
0.275 3.385287 2.893260
0.276 3.410846 2.841422
0.277 3.433625 2.795633
0.278 3.453424 2.747739
0.279 3.466743 2.699613
0.280 3.480488 2.654081
0.281 3.492081 2.611200
0.282 3.499937 2.567554
0.283 3.507713 2.526961
0.284 3.512178 2.487415
0.285 3.515954 2.447873
0.286 3.519689 2.410224
0.287 3.519941 2.375476
0.288 3.518983 2.338460
0.289 3.517485 2.305687
0.290 3.515637 2.273485
0.291 3.509570 2.242437
0.292 3.504463 2.213930
0.293 3.501036 2.184978
0.294 3.495251 2.156896
0.295 3.487333 2.130993
0.296 3.479012 2.107571
0.297 3.471216 2.084441
0.298 3.463736 2.061925
0.299 3.455418 2.044050
0.300 3.444210 2.023990
0.301 3.436106 2.007257
0.302 3.425888 1.988600
0.303 3.417253 1.972067
0.304 3.408215 1.957960
0.305 3.398957 1.943595
0.306 3.389395 1.930204
0.307 3.380733 1.919754
0.308 3.371159 1.909239
0.309 3.365297 1.899322
0.310 3.355599 1.888944
0.311 3.346980 1.879309
0.312 3.339259 1.869812
0.313 3.330212 1.862715
0.314 3.322004 1.856513
0.315 3.315074 1.850458
0.316 3.309968 1.843828
0.317 3.302468 1.838210
0.318 3.294578 1.832607
0.319 3.290276 1.828992
0.320 3.283099 1.825015
0.321 3.278669 1.820331
0.322 3.273163 1.818400
0.323 3.268502 1.815508
0.324 3.263333 1.812837
0.325 3.258841 1.810585
0.326 3.252741 1.810315
0.327 3.250204 1.807019
0.328 3.246965 1.805623
0.329 3.241498 1.805749
0.330 3.239734 1.805982
0.331 3.238012 1.806562
0.332 3.234266 1.804744
0.333 3.230100 1.802693
0.334 3.228636 1.802806
0.335 3.227279 1.803220
0.336 3.225836 1.804285
0.337 3.225090 1.804831
0.338 3.223897 1.805862
0.339 3.223040 1.806331
0.340 3.222116 1.807217
0.341 3.221174 1.808075
0.342 3.220484 1.810303
0.343 3.219449 1.814515
0.344 3.219000 1.816224
0.345 3.218667 1.817056
0.346 3.218153 1.818471
0.347 3.219466 1.819677
0.348 3.222271 1.821149
0.349 3.222080 1.825897
0.350 3.221950 1.828364
0.351 3.225663 1.829804
0.352 3.226778 1.831353
0.353 3.226761 1.833120
0.354 3.228116 1.838601
0.355 3.231458 1.840791
0.356 3.233586 1.842505
0.357 3.236456 1.846811
0.358 3.238608 1.850795
0.359 3.242569 1.852809
0.360 3.244120 1.854924
0.361 3.247751 1.860437
0.362 3.250279 1.863231
0.363 3.253759 1.866201
0.364 3.258119 1.871431
0.365 3.261225 1.874353
0.366 3.263077 1.876677
0.367 3.268516 1.882897
0.368 3.273105 1.885410
0.369 3.277529 1.889014
0.370 3.282008 1.894228
0.371 3.286990 1.898067
0.372 3.291964 1.903594
0.373 3.298777 1.907166
0.374 3.303678 1.913146
0.375 3.309068 1.917110
0.376 3.314563 1.921751
0.377 3.323313 1.928110
0.378 3.329200 1.933525
0.379 3.335624 1.937241
0.380 3.343784 1.943947
0.381 3.350710 1.949341
0.382 3.356781 1.955116
0.383 3.365771 1.961303
0.384 3.375304 1.967793
0.385 3.387919 1.973633
0.386 3.398845 1.980218
0.387 3.408014 1.986269
0.388 3.420840 1.992170
0.389 3.433975 1.998216
0.390 3.448798 2.004238
0.391 3.461964 2.009835
0.392 3.476969 2.012867
0.393 3.493702 2.015942
0.394 3.510469 2.018024
0.395 3.528564 2.017141
0.396 3.548846 2.016711
0.397 3.566209 2.013410
0.398 3.582152 2.009809
0.399 3.595627 2.004478
0.400 3.609256 1.997843
0.401 3.622915 1.992826
0.402 3.635049 1.986096
0.403 3.643296 1.979296
0.404 3.650924 1.973245
0.405 3.656389 1.968827
0.406 3.662660 1.962301
0.407 3.669897 1.961534
0.408 3.674841 1.961456
0.409 3.679768 1.960856
0.410 3.684878 1.964030
0.411 3.689989 1.968256
0.412 3.696026 1.972880
0.413 3.703837 1.979372
0.414 3.714522 1.987459
0.415 3.725676 1.995696
0.416 3.738292 2.006443
0.417 3.752453 2.017063
0.418 3.770304 2.025539
0.419 3.790067 2.033159
0.420 3.812392 2.043245
0.421 3.835257 2.052591
0.422 3.861592 2.061177
0.423 3.891860 2.066789
0.424 3.922327 2.072428
0.425 3.954892 2.073901
0.426 3.988785 2.072983
0.427 4.022105 2.069737
0.428 4.055401 2.064349
0.429 4.088585 2.057454
0.430 4.121617 2.049370
0.431 4.154392 2.038694
0.432 4.186567 2.026536
0.433 4.218071 2.012948
0.434 4.248823 1.996598
0.435 4.280549 1.979251
0.436 4.312699 1.960581
0.437 4.343274 1.940024
0.438 4.373348 1.916387
0.439 4.402496 1.889798
0.440 4.429534 1.861730
0.441 4.455509 1.831667
0.442 4.480771 1.799889
0.443 4.503163 1.766037
0.444 4.523352 1.731148
0.445 4.541671 1.695004
0.446 4.557275 1.657827
0.447 4.568856 1.620425
0.448 4.577559 1.582765
0.449 4.584845 1.544800
0.450 4.588002 1.508321
0.451 4.588860 1.473539
0.452 4.588248 1.439350
0.453 4.585204 1.406581
0.454 4.581544 1.376177
0.455 4.576136 1.345840
0.456 4.568846 1.316384
0.457 4.561413 1.287577
0.458 4.556053 1.260107
0.459 4.549275 1.235664
0.460 4.540278 1.211015
0.461 4.531363 1.187877
0.462 4.522192 1.166947
0.463 4.512190 1.146628
0.464 4.500743 1.126754
0.465 4.489547 1.107063
0.466 4.480437 1.088437
0.467 4.470888 1.072294
0.468 4.461621 1.056721
0.469 4.452492 1.041304
0.470 4.443363 1.025766
0.471 4.434080 1.011033
0.472 4.425130 0.996227
0.473 4.415700 0.981831
0.474 4.406903 0.970124
0.475 4.397517 0.958434
0.476 4.388626 0.946330
0.477 4.379413 0.934959
0.478 4.370429 0.923773
0.479 4.362524 0.913000
0.480 4.356256 0.902712
0.481 4.349007 0.892611
0.482 4.340619 0.883139
0.483 4.331505 0.873864
0.484 4.322840 0.864248
0.485 4.314720 0.855773
0.486 4.308494 0.847042
0.487 4.301970 0.838918
0.488 4.294066 0.830892
0.489 4.286089 0.822996
0.490 4.279358 0.815172
0.491 4.273544 0.807707
0.492 4.266475 0.800324
0.493 4.259217 0.793211
0.494 4.253721 0.786356
0.495 4.247154 0.779531
0.496 4.239697 0.772964
0.497 4.233930 0.766838
0.498 4.228518 0.760404
0.499 4.222735 0.754297
0.500 4.217392 0.748090
0.501 4.210568 0.742377
0.502 4.204107 0.736672
0.503 4.198872 0.730978
0.504 4.193426 0.725351
0.505 4.188772 0.719906
0.506 4.183417 0.714939
0.507 4.178445 0.709402
0.508 4.173169 0.704175
0.509 4.168433 0.699497
0.510 4.163286 0.694412
0.511 4.158326 0.689515
0.512 4.154251 0.684890
0.513 4.148578 0.680332
0.514 4.144054 0.675617
0.515 4.139160 0.670663
0.516 4.134720 0.665997
0.517 4.129384 0.661519
0.518 4.125127 0.657428
0.519 4.122353 0.653335
0.520 4.118707 0.648894
0.521 4.113830 0.644490
0.522 4.109217 0.640219
0.523 4.104236 0.636392
0.524 4.100327 0.632170
0.525 4.095865 0.628397
0.526 4.091745 0.624481
0.527 4.088807 0.620477
0.528 4.084889 0.616710
0.529 4.080867 0.613066
0.530 4.077564 0.609316
0.531 4.074317 0.605412
0.532 4.070678 0.601504
0.533 4.066529 0.597963
0.534 4.063736 0.594548
0.535 4.060340 0.591165
0.536 4.056270 0.587793
0.537 4.051935 0.584422
0.538 4.047829 0.581058
0.539 4.044332 0.577719
0.540 4.041642 0.574399
0.541 4.038195 0.571083
0.542 4.034493 0.567769
0.543 4.031445 0.564469
0.544 4.028469 0.561189
0.545 4.025014 0.557925
0.546 4.021369 0.554694
0.547 4.019192 0.551893
0.548 4.017225 0.548839
0.549 4.014157 0.545665
0.550 4.010457 0.542661
0.551 4.007054 0.539854
0.552 4.004836 0.536755
0.553 4.001146 0.533883
0.554 3.997495 0.530990
0.555 3.994610 0.528045
0.556 3.992091 0.525122
0.557 3.988716 0.522365
0.558 3.984954 0.519802
0.559 3.983187 0.517026
0.560 3.981463 0.514191
0.561 3.978831 0.511431
0.562 3.974988 0.508884
0.563 3.972082 0.506210
0.564 3.970344 0.503746
0.565 3.968620 0.501223
0.566 3.965984 0.498481
0.567 3.961600 0.495651
0.568 3.959062 0.493307
0.569 3.957171 0.490776
0.570 3.954831 0.488128
0.571 3.950185 0.485885
0.572 3.948024 0.483656
0.573 3.946273 0.481107
0.574 3.944389 0.478503
0.575 3.941826 0.476308
0.576 3.938312 0.473925
0.577 3.936030 0.471448
0.578 3.934438 0.469012
0.579 3.932502 0.466835
0.580 3.929404 0.464675
0.581 3.926461 0.462518
0.582 3.923954 0.460259
0.583 3.922382 0.457594
0.584 3.920607 0.455347
0.585 3.917588 0.453199
0.586 3.913409 0.451070
0.587 3.912192 0.448946
0.588 3.910901 0.446821
0.589 3.909519 0.444699
0.590 3.907998 0.442585
0.591 3.905736 0.440486
0.592 3.903003 0.438391
0.593 3.899983 0.436296
0.594 3.898378 0.434203
0.595 3.897045 0.432116
0.596 3.895297 0.430116
0.597 3.891630 0.428406
0.598 3.889181 0.426530
0.599 3.887281 0.424559
0.600 3.885802 0.422492
0.601 3.883800 0.420435
0.602 3.881172 0.418384
0.603 3.877835 0.416340
0.604 3.876360 0.414299
0.605 3.875171 0.412510
0.606 3.874209 0.410942
0.607 3.872933 0.408910
0.608 3.870467 0.406884
0.609 3.867121 0.404881
0.610 3.865129 0.403152
0.611 3.863651 0.401371
0.612 3.862512 0.399565
0.613 3.860288 0.398035
0.614 3.857554 0.396252
0.615 3.854428 0.394263
0.616 3.853379 0.392744
0.617 3.852396 0.391031
0.618 3.851482 0.389116
0.619 3.849715 0.387504
0.620 3.847369 0.385877
0.621 3.844250 0.384210
0.622 3.842677 0.382412
0.623 3.841453 0.380684
0.624 3.840451 0.379171
0.625 3.839135 0.377654
0.626 3.837464 0.376068
0.627 3.834492 0.374120
0.628 3.832333 0.372428
0.629 3.830782 0.370928
0.630 3.829719 0.369425
0.631 3.828214 0.367924
0.632 3.825977 0.366425
0.633 3.823543 0.364930
0.634 3.821300 0.363366
0.635 3.820374 0.361426
0.636 3.819445 0.359892
0.637 3.818512 0.358713
0.638 3.816908 0.357195
0.639 3.814888 0.355642
0.640 3.811898 0.354097
0.641 3.810217 0.352555
0.642 3.809371 0.351016
0.643 3.808522 0.349807
0.644 3.807509 0.348530
0.645 3.806089 0.347043
0.646 3.803534 0.345564
0.647 3.800259 0.344091
0.648 3.799237 0.342602
0.649 3.798394 0.341113
0.650 3.797556 0.339630
0.651 3.796350 0.338331
0.652 3.794823 0.337196
0.653 3.792359 0.335763
0.654 3.789871 0.334278
0.655 3.788940 0.332895
0.656 3.787868 0.331588
0.657 3.786558 0.330406
0.658 3.784351 0.329032
0.659 3.781631 0.327547
0.660 3.780239 0.326180
0.661 3.779107 0.324851
0.662 3.778588 0.323667
0.663 3.777744 0.322419
0.664 3.776340 0.321059
0.665 3.774261 0.319814
0.666 3.771716 0.318649
0.667 3.770253 0.317310
0.668 3.769058 0.315934
0.669 3.768611 0.314810
0.670 3.767940 0.313623
0.671 3.766416 0.312198
0.672 3.764388 0.310913
0.673 3.761584 0.309843
0.674 3.760151 0.308790
0.675 3.759749 0.307750
0.676 3.759126 0.306647
0.677 3.758423 0.305521
0.678 3.757211 0.304200
0.679 3.755871 0.302868
0.680 3.752934 0.301831
0.681 3.750454 0.300796
0.682 3.750119 0.299765
0.683 3.749669 0.298645
0.684 3.748953 0.297319
0.685 3.747939 0.296080
0.686 3.746509 0.294961
0.687 3.744612 0.293890
0.688 3.742287 0.292862
0.689 3.740993 0.291838
0.690 3.740342 0.290815
0.691 3.739526 0.289530
0.692 3.738640 0.288133
0.693 3.737050 0.287026
0.694 3.735252 0.286005
0.695 3.733610 0.284986
0.696 3.731999 0.283967
0.697 3.731214 0.283024
0.698 3.730533 0.282091
0.699 3.729714 0.281349
0.700 3.728883 0.280622
0.701 3.726701 0.279621
0.702 3.724458 0.278606
0.703 3.723323 0.277594
0.704 3.722215 0.276582
0.705 3.721920 0.275574
0.706 3.721640 0.274565
0.707 3.720307 0.273558
0.708 3.718951 0.272551
0.709 3.716567 0.271544
0.710 3.714143 0.270536
0.711 3.713730 0.269531
0.712 3.713457 0.268525
0.713 3.712651 0.267522
0.714 3.711784 0.266520
0.715 3.710402 0.265817
0.716 3.708926 0.265168
0.717 3.707348 0.264243
0.718 3.705742 0.263242
0.719 3.704878 0.262241
0.720 3.704318 0.261241
0.721 3.703520 0.260306
0.722 3.702578 0.259411
0.723 3.701077 0.258590
0.724 3.699069 0.257838
0.725 3.697622 0.256985
0.726 3.696974 0.255989
0.727 3.696363 0.255092
0.728 3.695842 0.254437
0.729 3.695189 0.253737
0.730 3.693815 0.252787
0.731 3.692438 0.251839
0.732 3.690653 0.251142
0.733 3.688867 0.250446
0.734 3.688112 0.249500
0.735 3.687547 0.248509
0.736 3.686765 0.247741
0.737 3.685876 0.247083
0.738 3.684478 0.246425
0.739 3.682536 0.245768
0.740 3.680938 0.245017
0.741 3.680208 0.244030
0.742 3.679501 0.243067
0.743 3.679096 0.242406
0.744 3.678691 0.241745
0.745 3.677493 0.241083
0.746 3.676150 0.240421
0.747 3.674683 0.239674
0.748 3.673134 0.238869
0.749 3.671946 0.238073
0.750 3.671422 0.237292
0.751 3.670858 0.236515
0.752 3.669859 0.235790
0.753 3.668859 0.235066
0.754 3.667103 0.234388
0.755 3.665163 0.233722
0.756 3.664113 0.233056
0.757 3.663920 0.232390
0.758 3.663665 0.231723
0.759 3.663162 0.231056
0.760 3.662659 0.230388
0.761 3.661833 0.229719
0.762 3.660962 0.229049
0.763 3.659602 0.228434
0.764 3.657828 0.227865
0.765 3.656317 0.227316
0.766 3.655932 0.226850
0.767 3.655546 0.226385
0.768 3.654865 0.225749
0.769 3.654121 0.225077
0.770 3.653119 0.224403
0.771 3.651793 0.223728
0.772 3.650473 0.223054
0.773 3.649288 0.222378
0.774 3.648102 0.221702
0.775 3.647563 0.221080
0.776 3.647392 0.220490
0.777 3.647007 0.219926
0.778 3.645827 0.219461
0.779 3.644646 0.218997
0.780 3.643197 0.218367
0.781 3.641668 0.217687
0.782 3.640475 0.217090
0.783 3.640016 0.216669
0.784 3.639557 0.216249
0.785 3.639157 0.215636
0.786 3.638768 0.214987
0.787 3.638190 0.214401
0.788 3.637268 0.213927
0.789 3.636347 0.213453
0.790 3.634960 0.212868
0.791 3.633493 0.212263
0.792 3.632404 0.211726
0.793 3.632071 0.211326
0.794 3.631739 0.210926
0.795 3.631332 0.210523
0.796 3.630906 0.210121
0.797 3.630270 0.209692
0.798 3.628995 0.209182
0.799 3.627719 0.208672
0.800 3.626571 0.208236
0.801 3.625483 0.207834
0.802 3.624485 0.207433
0.803 3.624344 0.207034
0.804 3.624204 0.206635
0.805 3.623714 0.206130
0.806 3.622863 0.205516
0.807 3.622012 0.204902
0.808 3.620721 0.204459
0.809 3.619368 0.204040
0.810 3.618175 0.203621
0.811 3.617493 0.203198
0.812 3.616811 0.202775
0.813 3.616451 0.202372
0.814 3.616319 0.201984
0.815 3.616187 0.201595
0.816 3.615738 0.201135
0.817 3.615260 0.200669
0.818 3.614667 0.200179
0.819 3.613688 0.199609
0.820 3.612709 0.199039
0.821 3.611870 0.198567
0.822 3.611157 0.198187
0.823 3.610445 0.197806
0.824 3.609928 0.197427
0.825 3.609460 0.197048
0.826 3.608982 0.196682
0.827 3.608340 0.196523
0.828 3.607698 0.196363
0.829 3.607135 0.196118
0.830 3.606760 0.195672
0.831 3.606385 0.195226
0.832 3.605908 0.194778
0.833 3.605338 0.194328
0.834 3.604768 0.193878
0.835 3.604297 0.193426
0.836 3.603865 0.192972
0.837 3.603432 0.192519
0.838 3.603061 0.191932
0.839 3.602696 0.191332
0.840 3.602317 0.190748
0.841 3.601749 0.190385
0.842 3.601180 0.190021
0.843 3.600647 0.189658
0.844 3.600239 0.189296
0.845 3.599832 0.188934
0.846 3.599442 0.188573
0.847 3.599086 0.188213
0.848 3.598729 0.187854
0.849 3.598366 0.187485
0.850 3.597994 0.187106
0.851 3.597622 0.186726
0.852 3.597201 0.186372
0.853 3.596738 0.186040
0.854 3.596274 0.185708
0.855 3.595819 0.185353
0.856 3.595369 0.184982
0.857 3.594920 0.184612
0.858 3.594541 0.184107
0.859 3.594202 0.183530
0.860 3.593862 0.182952
0.861 3.593529 0.182366
0.862 3.593198 0.181775
0.863 3.592867 0.181184
0.864 3.592540 0.180759
0.865 3.592214 0.180413
0.866 3.591887 0.180066
0.867 3.591506 0.179562
0.868 3.591096 0.178978
0.869 3.590686 0.178395
0.870 3.590236 0.177962
0.871 3.589762 0.177619
0.872 3.589289 0.177276
0.873 3.588904 0.176935
0.874 3.588586 0.176595
0.875 3.588268 0.176254
0.876 3.587952 0.175874
0.877 3.587638 0.175451
0.878 3.587324 0.175028
0.879 3.587011 0.174582
0.880 3.586699 0.174097
0.881 3.586386 0.173612
0.882 3.586075 0.173115
0.883 3.585765 0.172587
0.884 3.585455 0.172058
0.885 3.585146 0.171522
0.886 3.584841 0.170924
0.887 3.584536 0.170327
0.888 3.584231 0.169729
0.889 3.583834 0.169170
0.890 3.583433 0.168612
0.891 3.583031 0.168055
0.892 3.582610 0.167671
0.893 3.582182 0.167343
0.894 3.581755 0.167015
0.895 3.581398 0.166688
0.896 3.581101 0.166362
0.897 3.580804 0.166035
0.898 3.580509 0.165642
0.899 3.580221 0.165095
0.900 3.579932 0.164548
0.901 3.579644 0.164010
0.902 3.579360 0.163688
0.903 3.579076 0.163365
0.904 3.578792 0.163042
0.905 3.578514 0.162555
0.906 3.578239 0.162015
0.907 3.577963 0.161474
0.908 3.577685 0.160939
0.909 3.577405 0.160410
0.910 3.577125 0.159881
0.911 3.576844 0.159375
0.912 3.576564 0.159050
0.913 3.576283 0.158725
0.914 3.576002 0.158400
0.915 3.575728 0.158073
0.916 3.575457 0.157744
0.917 3.575185 0.157416
0.918 3.574915 0.157018
0.919 3.574646 0.156505
0.920 3.574377 0.155991
0.921 3.574108 0.155477
0.922 3.573841 0.155099
0.923 3.573574 0.154726
0.924 3.573308 0.154352
0.925 3.573043 0.153933
0.926 3.572781 0.153475
0.927 3.572518 0.153017
0.928 3.572256 0.152569
0.929 3.571996 0.152261
0.930 3.571736 0.151954
0.931 3.571476 0.151646
0.932 3.571218 0.151339
0.933 3.570959 0.151033
0.934 3.570701 0.150727
0.935 3.570443 0.150421
0.936 3.570188 0.150116
0.937 3.569933 0.149812
0.938 3.569678 0.149507
0.939 3.569487 0.149203
0.940 3.569349 0.148900
0.941 3.569212 0.148597
0.942 3.569075 0.148294
0.943 3.568928 0.147992
0.944 3.568782 0.147691
0.945 3.568636 0.147389
0.946 3.568454 0.147088
0.947 3.568214 0.146788
0.948 3.567974 0.146488
0.949 3.567735 0.146188
0.950 3.567497 0.145889
0.951 3.567259 0.145591
0.952 3.567022 0.145293
0.953 3.566785 0.144995
0.954 3.566551 0.144698
0.955 3.566317 0.144402
0.956 3.566084 0.144105
0.957 3.565851 0.143848
0.958 3.565620 0.143641
0.959 3.565388 0.143434
0.960 3.565157 0.143227
0.961 3.564927 0.142892
0.962 3.564697 0.142512
0.963 3.564468 0.142131
0.964 3.564238 0.141752
0.965 3.564079 0.141653
0.966 3.563919 0.141554
0.967 3.563759 0.141456
0.968 3.563616 0.141311
0.969 3.563523 0.141020
0.970 3.563430 0.140730
0.971 3.563337 0.140440
0.972 3.563189 0.140150
0.973 3.562975 0.139861
0.974 3.562761 0.139572
0.975 3.562547 0.139283
0.976 3.562335 0.138995
0.977 3.562122 0.138708
0.978 3.561910 0.138421
0.979 3.561698 0.138134
0.980 3.561487 0.137799
0.981 3.561278 0.137452
0.982 3.561068 0.137105
0.983 3.560859 0.136757
0.984 3.560657 0.136354
0.985 3.560455 0.135944
0.986 3.560254 0.135534
0.987 3.560053 0.135124
0.988 3.560037 0.135019
0.989 3.560023 0.134919
0.990 3.560010 0.134818
0.991 3.559989 0.134709
0.992 3.559768 0.134377
0.993 3.559548 0.134046
0.994 3.559328 0.133714
0.995 3.559115 0.133386
0.996 3.559014 0.133107
0.997 3.558913 0.132828
0.998 3.558813 0.132549
0.999 3.558711 0.132270
1.000 3.558598 0.131989
1.001 3.558486 0.131708
1.002 3.558373 0.131427
1.003 3.558259 0.131146
1.004 3.558082 0.130863
1.005 3.557904 0.130580
1.006 3.557727 0.130297
1.007 3.557550 0.130014
1.008 3.557394 0.129731
1.009 3.557240 0.129449
1.010 3.557086 0.129167
1.011 3.556932 0.128885
1.012 3.556835 0.128601
1.013 3.556748 0.128317
1.014 3.556662 0.128034
1.015 3.556576 0.127750
1.016 3.556498 0.127461
1.017 3.556424 0.127170
1.018 3.556351 0.126878
1.019 3.556277 0.126587
1.020 3.556205 0.126295
1.021 3.556135 0.126000
1.022 3.556065 0.125706
1.023 3.555995 0.125412
1.024 3.555936 0.125128
1.025 3.555900 0.124868
1.026 3.555863 0.124608
1.027 3.555827 0.124347
1.028 3.555794 0.124091
1.029 3.555815 0.123885
1.030 3.555836 0.123678
1.031 3.555857 0.123472
1.032 3.555877 0.123266
1.033 3.555905 0.123013
1.034 3.555933 0.122748
1.035 3.555962 0.122483
1.036 3.555991 0.122219
1.037 3.556021 0.121929
1.038 3.556053 0.121612
1.039 3.556085 0.121296
1.040 3.556116 0.120979
1.041 3.556148 0.120663
1.042 3.556179 0.120346
1.043 3.556211 0.120030
1.044 3.556243 0.119713
1.045 3.556274 0.119396
1.046 3.556306 0.119078
1.047 3.556338 0.118760
1.048 3.556369 0.118442
1.049 3.556401 0.118123
1.050 3.556433 0.117797
1.051 3.556466 0.117453
1.052 3.556499 0.117109
1.053 3.556532 0.116765
1.054 3.556565 0.116421
1.055 3.556599 0.116071
1.056 3.556632 0.115721
1.057 3.556665 0.115371
1.058 3.556699 0.115020
1.059 3.556732 0.114670
1.060 3.556766 0.114318
1.061 3.556799 0.113967
1.062 3.556833 0.113615
1.063 3.556866 0.113264
1.064 3.556899 0.112911
1.065 3.556931 0.112558
1.066 3.556963 0.112205
1.067 3.556996 0.111852
1.068 3.557025 0.111493
1.069 3.557045 0.111114
1.070 3.557065 0.110735
1.071 3.557085 0.110356
1.072 3.557105 0.109977
1.073 3.557123 0.109593
1.074 3.557139 0.109206
1.075 3.557155 0.108819
1.076 3.557172 0.108432
1.077 3.557188 0.108045
1.078 3.557204 0.107659
1.079 3.557221 0.107272
1.080 3.557237 0.106886
1.081 3.557253 0.106499
1.082 3.557269 0.106112
1.083 3.557283 0.105724
1.084 3.557298 0.105337
1.085 3.557312 0.104949
1.086 3.557326 0.104561
1.087 3.557323 0.104166
1.088 3.557305 0.103766
1.089 3.557287 0.103366
1.090 3.557269 0.102965
1.091 3.557251 0.102565
1.092 3.557226 0.102161
1.093 3.557199 0.101756
1.094 3.557172 0.101351
1.095 3.557144 0.100946
1.096 3.557117 0.100541
1.097 3.557090 0.100136
1.098 3.557063 0.099732
1.099 3.557036 0.099327
1.100 3.557009 0.098923
1.101 3.556981 0.098518
1.102 3.556953 0.098115
1.103 3.556924 0.097711
1.104 3.556895 0.097308
1.105 3.556866 0.096904
1.106 3.556833 0.096502
1.107 3.556772 0.096107
1.108 3.556710 0.095712
1.109 3.556649 0.095318
1.110 3.556588 0.094923
1.111 3.556525 0.094529
1.112 3.556454 0.094138
1.113 3.556384 0.093746
1.114 3.556313 0.093355
1.115 3.556243 0.092964
1.116 3.556172 0.092572
1.117 3.556102 0.092181
1.118 3.556031 0.091789
1.119 3.555961 0.091397
1.120 3.555891 0.091006
1.121 3.555821 0.090614
1.122 3.555750 0.090224
1.123 3.555680 0.089834
1.124 3.555609 0.089444
1.125 3.555538 0.089053
1.126 3.555467 0.088665
1.127 3.555383 0.088305
1.128 3.555300 0.087944
1.129 3.555216 0.087583
1.130 3.555132 0.087223
1.131 3.555049 0.086862
1.132 3.554962 0.086509
1.133 3.554874 0.086156
1.134 3.554787 0.085803
1.135 3.554700 0.085450
1.136 3.554613 0.085097
1.137 3.554526 0.084744
1.138 3.554439 0.084392
1.139 3.554352 0.084039
1.140 3.554265 0.083686
1.141 3.554178 0.083334
1.142 3.554091 0.082982
1.143 3.554005 0.082631
1.144 3.553919 0.082280
1.145 3.553833 0.081929
1.146 3.553747 0.081578
1.147 3.553665 0.081235
1.148 3.553596 0.080917
1.149 3.553527 0.080600
1.150 3.553457 0.080282
1.151 3.553388 0.079965
1.152 3.553319 0.079648
1.153 3.553254 0.079287
1.154 3.553190 0.078922
1.155 3.553126 0.078558
1.156 3.553062 0.078193
1.157 3.552998 0.077829
1.158 3.552934 0.077446
1.159 3.552870 0.077046
1.160 3.552806 0.076647
1.161 3.552742 0.076248
1.162 3.552678 0.075849
1.163 3.552614 0.075449
1.164 3.552552 0.075049
1.165 3.552490 0.074649
1.166 3.552429 0.074249
1.167 3.552367 0.073849
1.168 3.552305 0.073449
1.169 3.552296 0.073005
1.170 3.552317 0.072536
1.171 3.552338 0.072066
1.172 3.552359 0.071597
1.173 3.552380 0.071127
1.174 3.552404 0.070655
1.175 3.552449 0.070161
1.176 3.552493 0.069667
1.177 3.552538 0.069172
1.178 3.552583 0.068678
1.179 3.552627 0.068184
1.180 3.552672 0.067689
1.181 3.552717 0.067195
1.182 3.552761 0.066701
1.183 3.552806 0.066206
1.184 3.552851 0.065712
1.185 3.552895 0.065218
1.186 3.552940 0.064720
1.187 3.552986 0.064221
1.188 3.553031 0.063723
1.189 3.553076 0.063224
1.190 3.553121 0.062726
1.191 3.553172 0.062179
1.192 3.553250 0.061422
1.193 3.553327 0.060665
1.194 3.553405 0.059909
1.195 3.553483 0.059152
1.196 3.553560 0.058395
1.197 3.553642 0.057586
1.198 3.553730 0.056712
1.199 3.553817 0.055838
1.200 3.553904 0.054963
1.201 3.553992 0.054089
1.202 3.554079 0.053214
1.203 3.554167 0.052293
1.204 3.554255 0.051345
1.205 3.554343 0.050397
1.206 3.554432 0.049449
1.207 3.554520 0.048501
1.208 3.554608 0.047553
1.209 3.554697 0.046476
1.210 3.554785 0.045364
1.211 3.554874 0.044252
1.212 3.554963 0.043139
1.213 3.555052 0.042027
1.214 3.555141 0.040915
1.215 3.554810 0.039536
1.216 3.554417 0.038118
1.217 3.554024 0.036699
1.218 3.553630 0.035280
1.219 3.553237 0.033862
1.220 3.552844 0.032443
1.221 3.552450 0.031025
1.222 3.551991 0.029516
1.223 3.551520 0.027992
1.224 3.551049 0.026468
1.225 3.550578 0.024945
1.226 3.550107 0.023421
1.227 3.549636 0.021897
1.228 3.549165 0.020373
1.229 3.548674 0.019099
1.230 3.548177 0.017904
1.231 3.547681 0.016708
1.232 3.547184 0.015513
1.233 3.546687 0.014317
1.234 3.546191 0.013122
1.235 3.545694 0.011926
1.236 3.545176 0.011078
1.237 3.544644 0.010477
1.238 3.544111 0.009876
1.239 3.543578 0.009275
1.240 3.543046 0.008674
1.241 3.542513 0.008073
1.242 3.541980 0.007472
1.243 3.541451 0.006933
1.244 3.540931 0.006525
1.245 3.540410 0.006118
1.246 3.539889 0.005710
1.247 3.539368 0.005302
1.248 3.538847 0.004895
1.249 3.538326 0.004487
1.250 3.537806 0.004079
1.251 3.537446 0.003857
1.252 3.537091 0.003640
1.253 3.536736 0.003422
1.254 3.536380 0.003205
1.255 3.536025 0.002988
1.256 3.535670 0.002771
1.257 3.535314 0.002553
1.258 3.534971 0.002376
1.259 3.534637 0.002233
1.260 3.534304 0.002090
1.261 3.533970 0.001947
1.262 3.533636 0.001804
1.263 3.533303 0.001661
1.264 3.532969 0.001518
1.265 3.532636 0.001376
1.266 3.532344 0.001298
1.267 3.532052 0.001221
1.268 3.531760 0.001143
1.269 3.531467 0.001066
1.270 3.531175 0.000989
1.271 3.530883 0.000911
1.272 3.530591 0.000834
1.273 3.530314 0.000787
1.274 3.530062 0.000785
1.275 3.529810 0.000782
1.276 3.529558 0.000780
1.277 3.529306 0.000778
1.278 3.529053 0.000776
1.279 3.528801 0.000773
1.280 3.528549 0.000771
1.281 3.528301 0.000719
1.282 3.528055 0.000646
1.283 3.527808 0.000573
1.284 3.527562 0.000499
1.285 3.527316 0.000426
1.286 3.527069 0.000353
1.287 3.526823 0.000279
1.288 3.526577 0.000206
1.289 3.526361 0.000178
1.290 3.526149 0.000155
1.291 3.525938 0.000133
1.292 3.525726 0.000110
1.293 3.525514 0.000088
1.294 3.525302 0.000065
1.295 3.525091 0.000043
1.296 3.524879 0.000020
1.297 3.524671 0.000019
1.298 3.524462 0.000018
1.299 3.524254 0.000017
1.300 3.524045 0.000016
1.301 3.523837 0.000015
1.302 3.523628 0.000014
1.303 3.523420 0.000014
1.304 3.523212 0.000013
1.305 3.523023 0.000012
1.306 3.522834 0.000011
1.307 3.522645 0.000011
1.308 3.522456 0.000010
1.309 3.522267 0.000010
1.310 3.522078 0.000009
1.311 3.521889 0.000009
1.312 3.521700 0.000008
1.313 3.521523 0.000008
1.314 3.521347 0.000007
1.315 3.521171 0.000007
1.316 3.520995 0.000007
1.317 3.520819 0.000006
1.318 3.520643 0.000006
1.319 3.520467 0.000006
1.320 3.520290 0.000005
1.321 3.520117 0.000005
1.322 3.519945 0.000005
1.323 3.519773 0.000004
1.324 3.519602 0.000004
1.325 3.519430 0.000004
1.326 3.519258 0.000004
1.327 3.519086 0.000003
1.328 3.518914 0.000003
1.329 3.518748 0.000003
1.330 3.518592 0.000003
1.331 3.518435 0.000003
1.332 3.518278 0.000003
1.333 3.518122 0.000002
1.334 3.517965 0.000002
1.335 3.517808 0.000002
1.336 3.517652 0.000002
1.337 3.517495 0.000002
1.338 3.517339 0.000002
1.339 3.517183 0.000002
1.340 3.517028 0.000002
1.341 3.516872 0.000002
1.342 3.516716 0.000001
1.343 3.516561 0.000001
1.344 3.516405 0.000001
1.345 3.516249 0.000001
1.346 3.516100 0.000001
1.347 3.515957 0.000001
1.348 3.515814 0.000001
1.349 3.515671 0.000001
1.350 3.515528 0.000001
1.351 3.515384 0.000001
1.352 3.515241 0.000001
1.353 3.515098 0.000001
1.354 3.514955 0.000001
1.355 3.514817 0.000001
1.356 3.514679 0.000001
1.357 3.514542 0.000001
1.358 3.514404 0.000000
1.359 3.514267 0.000000
1.360 3.514129 0.000000
1.361 3.513992 0.000000
1.362 3.513854 0.000000
1.363 3.513717 0.000000
1.364 3.513584 0.000000
1.365 3.513450 0.000000
1.366 3.513317 0.000000
1.367 3.513183 0.000000
1.368 3.513050 0.000000
1.369 3.512916 0.000000
1.370 3.512783 0.000000
1.371 3.512649 0.000000
1.372 3.512519 0.000000
1.373 3.512396 0.000000
1.374 3.512273 0.000000
1.375 3.512150 0.000000
1.376 3.512027 0.000000
1.377 3.511904 0.000000
1.378 3.511781 0.000000
1.379 3.511658 0.000000
1.380 3.511535 0.000000
1.381 3.511412 0.000000
1.382 3.511289 0.000000
1.383 3.511167 0.000000
1.384 3.511044 0.000000
1.385 3.510921 0.000000
1.386 3.510799 0.000000
1.387 3.510676 0.000000
1.388 3.510554 0.000000
1.389 3.510431 0.000000
1.390 3.510311 0.000000
1.391 3.510197 0.000000
1.392 3.510083 0.000000
1.393 3.509969 0.000000
1.394 3.509855 0.000000
1.395 3.509742 0.000000
1.396 3.509628 0.000000
1.397 3.509514 0.000000
1.398 3.509400 0.000000
1.399 3.509286 0.000000
1.400 3.509175 0.000000
1.401 3.509063 0.000000
1.402 3.508951 0.000000
1.403 3.508840 0.000000
1.404 3.508728 0.000000
1.405 3.508617 0.000000
1.406 3.508505 0.000000
1.407 3.508394 0.000000
1.408 3.508282 0.000000
1.409 3.508173 0.000000
1.410 3.508066 0.000000
1.411 3.507958 0.000000
1.412 3.507850 0.000000
1.413 3.507742 0.000000
1.414 3.507634 0.000000
1.415 3.507526 0.000000
1.416 3.507418 0.000000
1.417 3.507310 0.000000
1.418 3.507204 0.000000
1.419 3.507103 0.000000
1.420 3.507001 0.000000
1.421 3.506900 0.000000
1.422 3.506798 0.000000
1.423 3.506697 0.000000
1.424 3.506596 0.000000
1.425 3.506494 0.000000
1.426 3.506393 0.000000
1.427 3.506291 0.000000
1.428 3.506190 0.000000
1.429 3.506089 0.000000
1.430 3.505987 0.000000
1.431 3.505886 0.000000
1.432 3.505785 0.000000
1.433 3.505684 0.000000
1.434 3.505582 0.000000
1.435 3.505481 0.000000
1.436 3.505380 0.000000
1.437 3.505279 0.000000
1.438 3.505185 0.000000
1.439 3.505091 0.000000
1.440 3.504997 0.000000
1.441 3.504903 0.000000
1.442 3.504809 0.000000
1.443 3.504715 0.000000
1.444 3.504621 0.000000
1.445 3.504527 0.000000
1.446 3.504433 0.000000
1.447 3.504340 0.000000
1.448 3.504247 0.000000
1.449 3.504154 0.000000
1.450 3.504061 0.000000
1.451 3.503968 0.000000
1.452 3.503875 0.000000
1.453 3.503782 0.000000
1.454 3.503689 0.000000
1.455 3.503596 0.000000
1.456 3.503503 0.000000
1.457 3.503411 0.000000
1.458 3.503322 0.000000
1.459 3.503234 0.000000
1.460 3.503145 0.000000
1.461 3.503056 0.000000
1.462 3.502967 0.000000
1.463 3.502878 0.000000
1.464 3.502790 0.000000
1.465 3.502701 0.000000
1.466 3.502612 0.000000
1.467 3.502524 0.000000
1.468 3.502440 0.000000
1.469 3.502357 0.000000
1.470 3.502273 0.000000
1.471 3.502190 0.000000
1.472 3.502106 0.000000
1.473 3.502023 0.000000
1.474 3.501939 0.000000
1.475 3.501856 0.000000
1.476 3.501772 0.000000
1.477 3.501689 0.000000
1.478 3.501606 0.000000
1.479 3.501523 0.000000
1.480 3.501439 0.000000
1.481 3.501356 0.000000
1.482 3.501273 0.000000
1.483 3.501190 0.000000
1.484 3.501107 0.000000
1.485 3.501024 0.000000
1.486 3.500941 0.000000
1.487 3.500858 0.000000
1.488 3.500777 0.000000
1.489 3.500699 0.000000
1.490 3.500621 0.000000
1.491 3.500543 0.000000
1.492 3.500465 0.000000
1.493 3.500387 0.000000
1.494 3.500309 0.000000
1.495 3.500231 0.000000
1.496 3.500153 0.000000
1.497 3.500075 0.000000
1.498 3.499997 0.000000
1.499 3.499919 0.000000
1.500 3.499842 0.000000
1.501 3.499764 0.000000
1.502 3.499687 0.000000
1.503 3.499609 0.000000
1.504 3.499532 0.000000
1.505 3.499454 0.000000
1.506 3.499377 0.000000
1.507 3.499299 0.000000
1.508 3.499221 0.000000
1.509 3.499145 0.000000
1.510 3.499070 0.000000
1.511 3.498995 0.000000
1.512 3.498921 0.000000
1.513 3.498846 0.000000
1.514 3.498772 0.000000
1.515 3.498697 0.000000
1.516 3.498623 0.000000
1.517 3.498548 0.000000
1.518 3.498473 0.000000
1.519 3.498399 0.000000
1.520 3.498325 0.000000
1.521 3.498253 0.000000
1.522 3.498182 0.000000
1.523 3.498110 0.000000
1.524 3.498038 0.000000
1.525 3.497966 0.000000
1.526 3.497894 0.000000
1.527 3.497822 0.000000
1.528 3.497750 0.000000
1.529 3.497678 0.000000
1.530 3.497606 0.000000
1.531 3.497535 0.000000
1.532 3.497463 0.000000
1.533 3.497392 0.000000
1.534 3.497321 0.000000
1.535 3.497250 0.000000
1.536 3.497179 0.000000
1.537 3.497107 0.000000
1.538 3.497036 0.000000
1.539 3.496965 0.000000
1.540 3.496894 0.000000
1.541 3.496822 0.000000
1.542 3.496752 0.000000
1.543 3.496686 0.000000
1.544 3.496619 0.000000
1.545 3.496552 0.000000
1.546 3.496485 0.000000
1.547 3.496418 0.000000
1.548 3.496351 0.000000
1.549 3.496285 0.000000
1.550 3.496218 0.000000
1.551 3.496151 0.000000
1.552 3.496084 0.000000
1.553 3.496017 0.000000
1.554 3.495951 0.000000
1.555 3.495884 0.000000
1.556 3.495818 0.000000
1.557 3.495751 0.000000
1.558 3.495685 0.000000
1.559 3.495618 0.000000
1.560 3.495552 0.000000
1.561 3.495485 0.000000
1.562 3.495418 0.000000
1.563 3.495352 0.000000
1.564 3.495285 0.000000
1.565 3.495221 0.000000
1.566 3.495158 0.000000
1.567 3.495096 0.000000
1.568 3.495033 0.000000
1.569 3.494971 0.000000
1.570 3.494908 0.000000
1.571 3.494846 0.000000
1.572 3.494783 0.000000
1.573 3.494721 0.000000
1.574 3.494658 0.000000
1.575 3.494596 0.000000
1.576 3.494534 0.000000
1.577 3.494473 0.000000
1.578 3.494413 0.000000
1.579 3.494353 0.000000
1.580 3.494294 0.000000
1.581 3.494234 0.000000
1.582 3.494174 0.000000
1.583 3.494114 0.000000
1.584 3.494054 0.000000
1.585 3.493994 0.000000
1.586 3.493935 0.000000
1.587 3.493875 0.000000
1.588 3.493815 0.000000
1.589 3.493756 0.000000
1.590 3.493696 0.000000
1.591 3.493637 0.000000
1.592 3.493578 0.000000
1.593 3.493519 0.000000
1.594 3.493460 0.000000
1.595 3.493400 0.000000
1.596 3.493341 0.000000
1.597 3.493282 0.000000
1.598 3.493223 0.000000
1.599 3.493164 0.000000
1.600 3.493104 0.000000
1.601 3.493048 0.000000
1.602 3.492991 0.000000
1.603 3.492935 0.000000
1.604 3.492878 0.000000
1.605 3.492822 0.000000
1.606 3.492765 0.000000
1.607 3.492709 0.000000
1.608 3.492652 0.000000
1.609 3.492596 0.000000
1.610 3.492539 0.000000
1.611 3.492483 0.000000
1.612 3.492426 0.000000
1.613 3.492370 0.000000
1.614 3.492313 0.000000
1.615 3.492257 0.000000
1.616 3.492200 0.000000
1.617 3.492144 0.000000
1.618 3.492088 0.000000
1.619 3.492031 0.000000
1.620 3.491975 0.000000
1.621 3.491918 0.000000
1.622 3.491862 0.000000
1.623 3.491805 0.000000
1.624 3.491749 0.000000
1.625 3.491693 0.000000
1.626 3.491640 0.000000
1.627 3.491587 0.000000
1.628 3.491534 0.000000
1.629 3.491481 0.000000
1.630 3.491428 0.000000
1.631 3.491375 0.000000
1.632 3.491322 0.000000
1.633 3.491269 0.000000
1.634 3.491216 0.000000
1.635 3.491163 0.000000
1.636 3.491110 0.000000
1.637 3.491056 0.000000
1.638 3.491004 0.000000
1.639 3.490953 0.000000
1.640 3.490901 0.000000
1.641 3.490850 0.000000
1.642 3.490798 0.000000
1.643 3.490746 0.000000
1.644 3.490695 0.000000
1.645 3.490643 0.000000
1.646 3.490591 0.000000
1.647 3.490540 0.000000
1.648 3.490488 0.000000
1.649 3.490436 0.000000
1.650 3.490385 0.000000
1.651 3.490334 0.000000
1.652 3.490284 0.000000
1.653 3.490233 0.000000
1.654 3.490183 0.000000
1.655 3.490132 0.000000
1.656 3.490082 0.000000
1.657 3.490032 0.000000
1.658 3.489981 0.000000
1.659 3.489931 0.000000
1.660 3.489880 0.000000
1.661 3.489830 0.000000
1.662 3.489779 0.000000
1.663 3.489729 0.000000
1.664 3.489681 0.000000
1.665 3.489634 0.000000
1.666 3.489587 0.000000
1.667 3.489539 0.000000
1.668 3.489492 0.000000
1.669 3.489445 0.000000
1.670 3.489397 0.000000
1.671 3.489350 0.000000
1.672 3.489303 0.000000
1.673 3.489255 0.000000
1.674 3.489208 0.000000
1.675 3.489161 0.000000
1.676 3.489114 0.000000
1.677 3.489066 0.000000
1.678 3.489019 0.000000
1.679 3.488972 0.000000
1.680 3.488925 0.000000
1.681 3.488877 0.000000
1.682 3.488830 0.000000
1.683 3.488783 0.000000
1.684 3.488736 0.000000
1.685 3.488688 0.000000
1.686 3.488641 0.000000
1.687 3.488594 0.000000
1.688 3.488547 0.000000
1.689 3.488499 0.000000
1.690 3.488453 0.000000
1.691 3.488408 0.000000
1.692 3.488364 0.000000
1.693 3.488319 0.000000
1.694 3.488274 0.000000
1.695 3.488229 0.000000
1.696 3.488184 0.000000
1.697 3.488140 0.000000
1.698 3.488095 0.000000
1.699 3.488050 0.000000
1.700 3.488005 0.000000
1.701 3.487960 0.000000
1.702 3.487916 0.000000
1.703 3.487871 0.000000
1.704 3.487826 0.000000
1.705 3.487782 0.000000
1.706 3.487738 0.000000
1.707 3.487694 0.000000
1.708 3.487650 0.000000
1.709 3.487606 0.000000
1.710 3.487561 0.000000
1.711 3.487517 0.000000
1.712 3.487473 0.000000
1.713 3.487429 0.000000
1.714 3.487385 0.000000
1.715 3.487341 0.000000
1.716 3.487297 0.000000
1.717 3.487252 0.000000
1.718 3.487210 0.000000
1.719 3.487167 0.000000
1.720 3.487124 0.000000
1.721 3.487081 0.000000
1.722 3.487039 0.000000
1.723 3.486996 0.000000
1.724 3.486953 0.000000
1.725 3.486910 0.000000
1.726 3.486868 0.000000
1.727 3.486825 0.000000
1.728 3.486782 0.000000
1.729 3.486739 0.000000
1.730 3.486697 0.000000
1.731 3.486654 0.000000
1.732 3.486613 0.000000
1.733 3.486573 0.000000
1.734 3.486533 0.000000
1.735 3.486493 0.000000
1.736 3.486453 0.000000
1.737 3.486413 0.000000
1.738 3.486372 0.000000
1.739 3.486332 0.000000
1.740 3.486292 0.000000
1.741 3.486252 0.000000
1.742 3.486212 0.000000
1.743 3.486172 0.000000
1.744 3.486131 0.000000
1.745 3.486091 0.000000
1.746 3.486051 0.000000
1.747 3.486011 0.000000
1.748 3.485971 0.000000
1.749 3.485931 0.000000
1.750 3.485891 0.000000
1.751 3.485850 0.000000
1.752 3.485810 0.000000
1.753 3.485770 0.000000
1.754 3.485730 0.000000
1.755 3.485690 0.000000
1.756 3.485650 0.000000
1.757 3.485610 0.000000
1.758 3.485570 0.000000
1.759 3.485530 0.000000
1.760 3.485490 0.000000
1.761 3.485452 0.000000
1.762 3.485414 0.000000
1.763 3.485377 0.000000
1.764 3.485339 0.000000
1.765 3.485301 0.000000
1.766 3.485263 0.000000
1.767 3.485226 0.000000
1.768 3.485188 0.000000
1.769 3.485150 0.000000
1.770 3.485113 0.000000
1.771 3.485075 0.000000
1.772 3.485037 0.000000
1.773 3.485000 0.000000
1.774 3.484962 0.000000
1.775 3.484924 0.000000
1.776 3.484887 0.000000
1.777 3.484850 0.000000
1.778 3.484812 0.000000
1.779 3.484775 0.000000
1.780 3.484737 0.000000
1.781 3.484700 0.000000
1.782 3.484663 0.000000
1.783 3.484625 0.000000
1.784 3.484588 0.000000
1.785 3.484551 0.000000
1.786 3.484513 0.000000
1.787 3.484476 0.000000
1.788 3.484438 0.000000
1.789 3.484401 0.000000
1.790 3.484364 0.000000
1.791 3.484328 0.000000
1.792 3.484292 0.000000
1.793 3.484255 0.000000
1.794 3.484219 0.000000
1.795 3.484183 0.000000
1.796 3.484147 0.000000
1.797 3.484110 0.000000
1.798 3.484074 0.000000
1.799 3.484038 0.000000
1.800 3.484002 0.000000
1.801 3.483965 0.000000
1.802 3.483929 0.000000
1.803 3.483893 0.000000
1.804 3.483857 0.000000
1.805 3.483820 0.000000
1.806 3.483786 0.000000
1.807 3.483751 0.000000
1.808 3.483716 0.000000
1.809 3.483681 0.000000
1.810 3.483646 0.000000
1.811 3.483612 0.000000
1.812 3.483577 0.000000
1.813 3.483542 0.000000
1.814 3.483507 0.000000
1.815 3.483472 0.000000
1.816 3.483437 0.000000
1.817 3.483403 0.000000
1.818 3.483368 0.000000
1.819 3.483333 0.000000
1.820 3.483298 0.000000
1.821 3.483263 0.000000
1.822 3.483229 0.000000
1.823 3.483194 0.000000
1.824 3.483159 0.000000
1.825 3.483125 0.000000
1.826 3.483090 0.000000
1.827 3.483055 0.000000
1.828 3.483021 0.000000
1.829 3.482986 0.000000
1.830 3.482951 0.000000
1.831 3.482917 0.000000
1.832 3.482882 0.000000
1.833 3.482847 0.000000
1.834 3.482813 0.000000
1.835 3.482778 0.000000
1.836 3.482743 0.000000
1.837 3.482710 0.000000
1.838 3.482677 0.000000
1.839 3.482645 0.000000
1.840 3.482612 0.000000
1.841 3.482580 0.000000
1.842 3.482548 0.000000
1.843 3.482515 0.000000
1.844 3.482483 0.000000
1.845 3.482450 0.000000
1.846 3.482418 0.000000
1.847 3.482385 0.000000
1.848 3.482353 0.000000
1.849 3.482320 0.000000
1.850 3.482288 0.000000
1.851 3.482255 0.000000
1.852 3.482223 0.000000
1.853 3.482190 0.000000
1.854 3.482158 0.000000
1.855 3.482126 0.000000
1.856 3.482094 0.000000
1.857 3.482061 0.000000
1.858 3.482029 0.000000
1.859 3.481997 0.000000
1.860 3.481964 0.000000
1.861 3.481932 0.000000
1.862 3.481900 0.000000
1.863 3.481867 0.000000
1.864 3.481835 0.000000
1.865 3.481803 0.000000
1.866 3.481770 0.000000
1.867 3.481738 0.000000
1.868 3.481706 0.000000
1.869 3.481674 0.000000
1.870 3.481643 0.000000
1.871 3.481613 0.000000
1.872 3.481582 0.000000
1.873 3.481552 0.000000
1.874 3.481521 0.000000
1.875 3.481491 0.000000
1.876 3.481460 0.000000
1.877 3.481430 0.000000
1.878 3.481399 0.000000
1.879 3.481369 0.000000
1.880 3.481338 0.000000
1.881 3.481307 0.000000
1.882 3.481277 0.000000
1.883 3.481246 0.000000
1.884 3.481216 0.000000
1.885 3.481185 0.000000
1.886 3.481156 0.000000
1.887 3.481127 0.000000
1.888 3.481098 0.000000
1.889 3.481069 0.000000
1.890 3.481040 0.000000
1.891 3.481011 0.000000
1.892 3.480982 0.000000
1.893 3.480953 0.000000
1.894 3.480924 0.000000
1.895 3.480895 0.000000
1.896 3.480866 0.000000
1.897 3.480838 0.000000
1.898 3.480809 0.000000
1.899 3.480780 0.000000
1.900 3.480751 0.000000
1.901 3.480722 0.000000
1.902 3.480693 0.000000
1.903 3.480664 0.000000
1.904 3.480635 0.000000
1.905 3.480607 0.000000
1.906 3.480578 0.000000
1.907 3.480549 0.000000
1.908 3.480520 0.000000
1.909 3.480491 0.000000
1.910 3.480463 0.000000
1.911 3.480434 0.000000
1.912 3.480405 0.000000
1.913 3.480376 0.000000
1.914 3.480348 0.000000
1.915 3.480319 0.000000
1.916 3.480290 0.000000
1.917 3.480261 0.000000
1.918 3.480232 0.000000
1.919 3.480204 0.000000
1.920 3.480175 0.000000
1.921 3.480147 0.000000
1.922 3.480120 0.000000
1.923 3.480092 0.000000
1.924 3.480064 0.000000
1.925 3.480037 0.000000
1.926 3.480009 0.000000
1.927 3.479981 0.000000
1.928 3.479953 0.000000
1.929 3.479926 0.000000
1.930 3.479898 0.000000
1.931 3.479870 0.000000
1.932 3.479843 0.000000
1.933 3.479815 0.000000
1.934 3.479787 0.000000
1.935 3.479759 0.000000
1.936 3.479732 0.000000
1.937 3.479704 0.000000
1.938 3.479676 0.000000
1.939 3.479649 0.000000
1.940 3.479621 0.000000
1.941 3.479593 0.000000
1.942 3.479565 0.000000
1.943 3.479538 0.000000
1.944 3.479510 0.000000
1.945 3.479482 0.000000
1.946 3.479454 0.000000
1.947 3.479427 0.000000
1.948 3.479399 0.000000
1.949 3.479371 0.000000
1.950 3.479344 0.000000