0.253 2.589082 3.509955
0.254 2.663903 3.505596
0.255 2.738556 3.502068
0.256 2.816190 3.499387
0.257 2.899378 3.495812
0.258 2.989316 3.488490
0.259 3.086255 3.474191
0.260 3.188484 3.449131
0.261 3.293437 3.410862
0.262 3.397451 3.357740
0.263 3.496401 3.289793
0.264 3.586556 3.208648
0.265 3.664854 3.116196
0.266 3.727717 3.015590
0.267 3.774315 2.911335
0.268 3.806433 2.807000
0.269 3.825293 2.705619
0.270 3.832684 2.608899
0.271 3.830455 2.518133
0.272 3.820712 2.434368
0.273 3.804836 2.358602
0.274 3.784406 2.290485
0.275 3.761754 2.229279
0.276 3.737334 2.173728
0.277 3.712162 2.123609
0.278 3.686440 2.078363
0.279 3.660928 2.038008
0.280 3.635664 2.001943
0.281 3.610739 1.968856
0.282 3.586383 1.938873
0.283 3.562452 1.911547
0.284 3.539279 1.887233
0.285 3.517123 1.865200
0.286 3.495362 1.844953
0.287 3.474246 1.826769
0.288 3.454037 1.810442
0.289 3.434779 1.795983
0.290 3.415995 1.782874
0.291 3.398064 1.771052
0.292 3.380909 1.760396
0.293 3.364646 1.751134
0.294 3.349152 1.742934
0.295 3.334243 1.735536
0.296 3.320208 1.729284
0.297 3.307068 1.723802
0.298 3.294360 1.718878
0.299 3.282425 1.714630
0.300 3.271209 1.711055
0.301 3.260509 1.708128
0.302 3.250521 1.705653
0.303 3.241352 1.703664
0.304 3.232449 1.702050
0.305 3.224188 1.700858
0.306 3.216588 1.699908
0.307 3.209366 1.699457
0.308 3.202584 1.699196
0.309 3.196319 1.699233
0.310 3.190331 1.699657
0.311 3.184941 1.700017
0.312 3.179830 1.700901
0.313 3.175227 1.701980
0.314 3.170915 1.703208
0.315 3.166736 1.704347
0.316 3.163058 1.705903
0.317 3.159703 1.707703
0.318 3.156672 1.709669
0.319 3.153811 1.711773
0.320 3.151277 1.714060
0.321 3.148988 1.716540
0.322 3.146889 1.719282
0.323 3.145055 1.722265
0.324 3.143453 1.725191
0.325 3.142091 1.728398
0.326 3.141324 1.731762
0.327 3.140415 1.735555
0.328 3.139896 1.739244
0.329 3.139663 1.743143
0.330 3.139477 1.747360
0.331 3.139809 1.751771
0.332 3.140258 1.756172
0.333 3.141007 1.761044
0.334 3.142051 1.765864
0.335 3.143244 1.770933
0.336 3.144791 1.776296
0.337 3.146593 1.781684
0.338 3.148724 1.787412
0.339 3.150907 1.793056
0.340 3.153750 1.799226
0.341 3.156678 1.805235
0.342 3.159996 1.811691
0.343 3.163619 1.818225
0.344 3.167653 1.824860
0.345 3.171850 1.831753
0.346 3.176366 1.838698
0.347 3.181501 1.845965
0.348 3.186650 1.853173
0.349 3.192380 1.860725
0.350 3.198227 1.868314
0.351 3.204707 1.876160
0.352 3.211596 1.884131
0.353 3.219065 1.892248
0.354 3.226599 1.900388
0.355 3.234852 1.908745
0.356 3.243516 1.917217
0.357 3.252535 1.925655
0.358 3.262133 1.934164
0.359 3.272196 1.942597
0.360 3.282784 1.951068
0.361 3.293510 1.959557
0.362 3.304325 1.968167
0.363 3.315601 1.977057
0.364 3.327192 1.986276
0.365 3.338833 1.995842
0.366 3.351057 2.006169
0.367 3.364050 2.016961
0.368 3.377984 2.028842
0.369 3.392881 2.041360
0.370 3.409304 2.054632
0.371 3.427559 2.068494
0.372 3.447756 2.082535
0.373 3.471004 2.096628
0.374 3.495683 2.110293
0.375 3.523699 2.122409
0.376 3.553483 2.133758
0.377 3.585513 2.142830
0.378 3.619486 2.149925
0.379 3.654228 2.155072
0.380 3.690427 2.156427
0.381 3.726393 2.156209
0.382 3.762314 2.153287
0.383 3.797983 2.148806
0.384 3.833177 2.142668
0.385 3.868014 2.135188
0.386 3.902669 2.126767
0.387 3.937195 2.117043
0.388 3.971882 2.106676
0.389 4.007300 2.094493
0.390 4.043115 2.081615
0.391 4.079892 2.066393
0.392 4.117200 2.049501
0.393 4.154715 2.030633
0.394 4.192697 2.006925
0.395 4.230326 1.982122
0.396 4.266474 1.952274
0.397 4.301890 1.920114
0.398 4.335661 1.885888
0.399 4.364880 1.846140
0.400 4.392914 1.805898
0.401 4.416140 1.763101
0.402 4.436915 1.719008
0.403 4.454158 1.674492
0.404 4.465833 1.629342
0.405 4.475341 1.584447
0.406 4.481081 1.540609
0.407 4.483912 1.497594
0.408 4.484713 1.455741
0.409 4.481727 1.416500
0.410 4.477372 1.378432
0.411 4.471924 1.341682
0.412 4.463759 1.308349
0.413 4.455589 1.275616
0.414 4.446567 1.244946
0.415 4.436506 1.216466
0.416 4.426383 1.188600
0.417 4.415656 1.163243
0.418 4.404634 1.138755
0.419 4.393686 1.114944
0.420 4.382715 1.093154
0.421 4.371734 1.072111
0.422 4.360792 1.051638
0.423 4.349866 1.032665
0.424 4.338942 1.014209
0.425 4.328086 0.996181
0.426 4.317373 0.979674
0.427 4.306688 0.963432
0.428 4.296066 0.947600
0.429 4.285624 0.932948
0.430 4.275306 0.918500
0.431 4.265221 0.904473
0.432 4.255204 0.891429
0.433 4.245157 0.878568
0.434 4.235242 0.866033
0.435 4.225638 0.854361
0.436 4.216203 0.842828
0.437 4.206780 0.831612
0.438 4.197552 0.821070
0.439 4.188512 0.810691
0.440 4.179577 0.800547
0.441 4.170785 0.790973
0.442 4.162243 0.781598
0.443 4.153671 0.772388
0.444 4.145347 0.763665
0.445 4.137235 0.755116
0.446 4.129162 0.746706
0.447 4.121296 0.738659
0.448 4.113476 0.730863
0.449 4.105802 0.723081
0.450 4.098353 0.715661
0.451 4.091085 0.708489
0.452 4.083817 0.701326
0.453 4.076698 0.694387
0.454 4.069786 0.687735
0.455 4.062901 0.681121
0.456 4.056143 0.674624
0.457 4.049495 0.668366
0.458 4.042996 0.662208
0.459 4.036498 0.656067
0.460 4.030160 0.650147
0.461 4.023949 0.644418
0.462 4.017908 0.638699
0.463 4.011824 0.633086
0.464 4.005842 0.627641
0.465 3.999877 0.622301
0.466 3.994032 0.616985
0.467 3.988278 0.611823
0.468 3.982712 0.606767
0.469 3.977115 0.601736
0.470 3.971612 0.596820
0.471 3.966266 0.592027
0.472 3.960929 0.587275
0.473 3.955590 0.582591
0.474 3.950409 0.578022
0.475 3.945238 0.573570
0.476 3.940037 0.569135
0.477 3.934912 0.564760
0.478 3.929954 0.560510
0.479 3.925029 0.556318
0.480 3.920076 0.552139
0.481 3.915256 0.548041
0.482 3.910489 0.544068
0.483 3.905721 0.540134
0.484 3.901097 0.536252
0.485 3.896532 0.532426
0.486 3.891921 0.528700
0.487 3.887360 0.525019
0.488 3.882874 0.521344
0.489 3.878384 0.517781
0.490 3.874003 0.514285
0.491 3.869668 0.510803
0.492 3.865293 0.507380
0.493 3.861081 0.504048
0.494 3.856987 0.500761
0.495 3.852788 0.497497
0.496 3.848597 0.494281
0.497 3.844579 0.491160
0.498 3.840610 0.488086
0.499 3.836511 0.485001
0.500 3.832472 0.481978
0.501 3.828614 0.479035
0.502 3.824687 0.476146
0.503 3.820767 0.473287
0.504 3.817003 0.470436
0.505 3.813281 0.467657
0.506 3.809526 0.464946
0.507 3.805810 0.462230
0.508 3.802200 0.459541
0.509 3.798580 0.456939
0.510 3.794943 0.454394
0.511 3.791369 0.451852
0.512 3.787880 0.449295
0.513 3.784411 0.446829
0.514 3.780843 0.444423
0.515 3.777550 0.442033
0.516 3.774248 0.439641
0.517 3.770972 0.437302
0.518 3.767684 0.435027
0.519 3.764353 0.432776
0.520 3.761109 0.430530
0.521 3.757947 0.428313
0.522 3.754727 0.426162
0.523 3.751498 0.424058
0.524 3.748374 0.421951
0.525 3.745288 0.419843
0.526 3.742208 0.417777
0.527 3.739101 0.415763
0.528 3.736182 0.413765
0.529 3.733299 0.411802
0.530 3.730429 0.409844
0.531 3.727476 0.407920
0.532 3.724542 0.406038
0.533 3.721709 0.404174
0.534 3.718915 0.402318
0.535 3.716077 0.400511
0.536 3.713220 0.398715
0.537 3.710551 0.396974
0.538 3.707910 0.395210
0.539 3.705251 0.393473
0.540 3.702555 0.391776
0.541 3.699872 0.390102
0.542 3.697325 0.388432
0.543 3.694803 0.386784
0.544 3.692279 0.385166
0.545 3.689695 0.383558
0.546 3.687152 0.381978
0.547 3.684693 0.380426
0.548 3.682260 0.378876
0.549 3.679768 0.377350
0.550 3.677307 0.375859
0.551 3.674955 0.374357
0.552 3.672659 0.372877
0.553 3.670358 0.371432
0.554 3.668032 0.369978
0.555 3.665648 0.368561
0.556 3.663419 0.367156
0.557 3.661246 0.365770
0.558 3.659068 0.364399
0.559 3.656872 0.363025
0.560 3.654556 0.361688
0.561 3.652409 0.360360
0.562 3.650325 0.359036
0.563 3.648237 0.357722
0.564 3.646127 0.356449
0.565 3.643974 0.355176
0.566 3.641929 0.353917
0.567 3.639937 0.352672
0.568 3.637918 0.351439
0.569 3.635804 0.350197
0.570 3.633819 0.348985
0.571 3.631913 0.347795
0.572 3.630042 0.346618
0.573 3.628103 0.345427
0.574 3.626108 0.344263
0.575 3.624181 0.343110
0.576 3.622356 0.341967
0.577 3.620607 0.340852
0.578 3.618778 0.339714
0.579 3.616890 0.338593
0.580 3.614985 0.337500
0.581 3.613304 0.336433
0.582 3.611613 0.335366
0.583 3.609899 0.334292
0.584 3.608150 0.333206
0.585 3.606286 0.332160
0.586 3.604609 0.331130
0.587 3.603026 0.330103
0.588 3.601431 0.329063
0.589 3.599780 0.328038
0.590 3.598093 0.327026
0.591 3.596392 0.326027
0.592 3.594863 0.325050
0.593 3.593329 0.324056
0.594 3.591772 0.323063
0.595 3.590154 0.322094
0.596 3.588568 0.321133
0.597 3.587038 0.320186
0.598 3.585579 0.319254
0.599 3.584121 0.318348
0.600 3.582594 0.317427
0.601 3.581019 0.316495
0.602 3.579562 0.315572
0.603 3.578182 0.314661
0.604 3.576835 0.313759
0.605 3.575422 0.312862
0.606 3.573941 0.311965
0.607 3.572478 0.311070
0.608 3.571181 0.310181
0.609 3.569871 0.309306
0.610 3.568547 0.308444
0.611 3.567190 0.307612
0.612 3.565826 0.306756
0.613 3.564484 0.305893
0.614 3.563229 0.305037
0.615 3.561973 0.304198
0.616 3.560701 0.303370
0.617 3.559363 0.302558
0.618 3.558107 0.301731
0.619 3.556896 0.300901
0.620 3.555710 0.300104
0.621 3.554498 0.299300
0.622 3.553266 0.298491
0.623 3.552012 0.297711
0.624 3.550809 0.296918
0.625 3.549666 0.296110
0.626 3.548511 0.295335
0.627 3.547334 0.294568
0.628 3.546115 0.293811
0.629 3.544988 0.293035
0.630 3.543896 0.292256
0.631 3.542831 0.291503
0.632 3.541726 0.290752
0.633 3.540589 0.290004
0.634 3.539466 0.289256
0.635 3.538378 0.288510
0.636 3.537362 0.287768
0.637 3.536316 0.287029
0.638 3.535253 0.286293
0.639 3.534121 0.285566
0.640 3.533070 0.284844
0.641 3.532130 0.284128
0.642 3.531179 0.283415
0.643 3.530221 0.282703
0.644 3.529232 0.281991
0.645 3.528212 0.281284
0.646 3.527152 0.280585
0.647 3.526216 0.279901
0.648 3.525316 0.279221
0.649 3.524396 0.278526
0.650 3.523455 0.277831
0.651 3.522481 0.277136
0.652 3.521522 0.276444
0.653 3.520569 0.275753
0.654 3.519728 0.275080
0.655 3.518868 0.274411
0.656 3.517943 0.273755
0.657 3.517002 0.273088
0.658 3.516046 0.272411
0.659 3.515180 0.271755
0.660 3.514341 0.271105
0.661 3.513547 0.270442
0.662 3.512744 0.269784
0.663 3.511917 0.269141
0.664 3.511063 0.268491
0.665 3.510185 0.267835
0.666 3.509392 0.267195
0.667 3.508631 0.266561
0.668 3.507890 0.265934
0.669 3.507139 0.265307
0.670 3.506330 0.264673
0.671 3.505528 0.264043
0.672 3.504736 0.263419
0.673 3.503996 0.262798
0.674 3.503301 0.262177
0.675 3.502572 0.261549
0.676 3.501828 0.260917
0.677 3.501049 0.260304
0.678 3.500267 0.259694
0.679 3.499546 0.259083
0.680 3.498836 0.258473
0.681 3.498178 0.257868
0.682 3.497518 0.257262
0.683 3.496855 0.256656
0.684 3.496176 0.256048
0.685 3.495477 0.255435
0.686 3.494791 0.254831
0.687 3.494116 0.254236
0.688 3.493463 0.253641
0.689 3.492820 0.253048
0.690 3.492187 0.252473
0.691 3.491556 0.251906
0.692 3.490955 0.251317
0.693 3.490360 0.250724
0.694 3.489748 0.250130
0.695 3.489135 0.249536
0.696 3.488539 0.248944
0.697 3.487945 0.248352
0.698 3.487373 0.247753
0.699 3.486801 0.247155
0.700 3.486217 0.246580
0.701 3.485633 0.246006
0.702 3.485064 0.245432
0.703 3.484497 0.244858
0.704 3.483941 0.244285
0.705 3.483388 0.243713
0.706 3.482857 0.243144
0.707 3.482326 0.242575
0.708 3.481796 0.242012
0.709 3.481267 0.241449
0.710 3.480738 0.240882
0.711 3.480211 0.240314
0.712 3.479703 0.239728
0.713 3.479196 0.239142
0.714 3.478726 0.238557
0.715 3.478255 0.237973
0.716 3.477797 0.237411
0.717 3.477340 0.236851
0.718 3.476875 0.236270
0.719 3.476410 0.235687
0.720 3.475943 0.235123
0.721 3.475475 0.234564
0.722 3.475030 0.234007
0.723 3.474593 0.233451
0.724 3.474160 0.232891
0.725 3.473729 0.232329
0.726 3.473298 0.231763
0.727 3.472868 0.231194
0.728 3.472439 0.230624
0.729 3.472012 0.230052
0.730 3.471590 0.229479
0.731 3.471179 0.228905
0.732 3.470767 0.228331
0.733 3.470352 0.227762
0.734 3.469938 0.227193
0.735 3.469520 0.226645
0.736 3.469103 0.226098
0.737 3.468702 0.225552
0.738 3.468305 0.225005
0.739 3.467929 0.224446
0.740 3.467567 0.223878
0.741 3.467210 0.223319
0.742 3.466861 0.222773
0.743 3.466511 0.222224
0.744 3.466162 0.221657
0.745 3.465814 0.221089
0.746 3.465470 0.220523
0.747 3.465126 0.219957
0.748 3.464798 0.219407
0.749 3.464478 0.218862
0.750 3.464161 0.218318
0.751 3.463850 0.217774
0.752 3.463539 0.217226
0.753 3.463227 0.216663
0.754 3.462916 0.216100
0.755 3.462608 0.215550
0.756 3.462300 0.215002
0.757 3.462000 0.214449
0.758 3.461706 0.213895
0.759 3.461414 0.213345
0.760 3.461125 0.212806
0.761 3.460835 0.212267
0.762 3.460547 0.211728
0.763 3.460258 0.211188
0.764 3.459974 0.210649
0.765 3.459693 0.210110
0.766 3.459427 0.209570
0.767 3.459199 0.209029
0.768 3.458971 0.208488
0.769 3.458754 0.207946
0.770 3.458539 0.207404
0.771 3.458318 0.206863
0.772 3.458094 0.206321
0.773 3.457869 0.205779
0.774 3.457647 0.205238
0.775 3.457425 0.204696
0.776 3.457212 0.204155
0.777 3.457002 0.203614
0.778 3.456794 0.203075
0.779 3.456588 0.202543
0.780 3.456383 0.202011
0.781 3.456178 0.201464
0.782 3.455973 0.200914
0.783 3.455773 0.200376
0.784 3.455581 0.199854
0.785 3.455390 0.199332
0.786 3.455240 0.198790
0.787 3.455094 0.198247
0.788 3.454948 0.197704
0.789 3.454802 0.197161
0.790 3.454656 0.196617
0.791 3.454511 0.196074
0.792 3.454366 0.195530
0.793 3.454223 0.194984
0.794 3.454085 0.194433
0.795 3.453946 0.193883
0.796 3.453839 0.193321
0.797 3.453737 0.192757
0.798 3.453645 0.192203
0.799 3.453574 0.191668
0.800 3.453504 0.191134
0.801 3.453418 0.190582
0.802 3.453327 0.190024
0.803 3.453239 0.189466
0.804 3.453168 0.188911
0.805 3.453097 0.188356
0.806 3.453054 0.187791
0.807 3.453033 0.187220
0.808 3.453012 0.186648
0.809 3.453001 0.186071
0.810 3.452991 0.185494
0.811 3.452982 0.184916
0.812 3.452975 0.184339
0.813 3.452968 0.183762
0.814 3.452970 0.183181
0.815 3.452978 0.182599
0.816 3.452987 0.182016
0.817 3.453061 0.181391
0.818 3.453137 0.180765
0.819 3.453219 0.180136
0.820 3.453316 0.179497
0.821 3.453414 0.178858
0.822 3.453513 0.178221
0.823 3.453614 0.177585
0.824 3.453715 0.176949
0.825 3.453826 0.176310
0.826 3.453939 0.175669
0.827 3.454057 0.175018
0.828 3.454214 0.174288
0.829 3.454371 0.173558
0.830 3.454533 0.172816
0.831 3.454705 0.172053
0.832 3.454877 0.171291
0.833 3.455049 0.170528
0.834 3.455221 0.169765
0.835 3.455394 0.169003
0.836 3.455567 0.168230
0.837 3.455740 0.167454
0.838 3.455914 0.166678
0.839 3.456094 0.165771
0.840 3.456274 0.164859
0.841 3.456455 0.163942
0.842 3.456638 0.162989
0.843 3.456821 0.162036
0.844 3.457004 0.161083
0.845 3.457188 0.160130
0.846 3.457372 0.159177
0.847 3.457553 0.158218
0.848 3.457731 0.157251
0.849 3.457909 0.156285
0.850 3.458052 0.155246
0.851 3.458163 0.154138
0.852 3.458273 0.153029
0.853 3.458371 0.151893
0.854 3.458461 0.150739
0.855 3.458550 0.149584
0.856 3.458641 0.148430
0.857 3.458731 0.147275
0.858 3.458822 0.146121
0.859 3.458904 0.144963
0.860 3.458983 0.143803
0.861 3.459061 0.142644
0.862 3.459010 0.141429
0.863 3.458910 0.140195
0.864 3.458811 0.138961
0.865 3.458672 0.137709
0.866 3.458520 0.136452
0.867 3.458368 0.135194
0.868 3.458217 0.133937
0.869 3.458066 0.132679
0.870 3.457916 0.131421
0.871 3.457758 0.130166
0.872 3.457598 0.128911
0.873 3.457437 0.127656
0.874 3.457164 0.126433
0.875 3.456822 0.125229
0.876 3.456479 0.124026
0.877 3.456108 0.122830
0.878 3.455713 0.121641
0.879 3.455318 0.120452
0.880 3.454923 0.119262
0.881 3.454528 0.118072
0.882 3.454134 0.116883
0.883 3.453739 0.115695
0.884 3.453342 0.114512
0.885 3.452946 0.113329
0.886 3.452537 0.112173
0.887 3.452065 0.111153
0.888 3.451594 0.110132
0.889 3.451123 0.109112
0.890 3.450630 0.108138
0.891 3.450138 0.107164
0.892 3.449645 0.106190
0.893 3.449153 0.105216
0.894 3.448661 0.104242
0.895 3.448169 0.103267
0.896 3.447680 0.102296
0.897 3.447192 0.101328
0.898 3.446704 0.100359
0.899 3.446250 0.099459
0.900 3.445857 0.098684
0.901 3.445464 0.097909
0.902 3.445074 0.097139
0.903 3.444709 0.096413
0.904 3.444344 0.095688
0.905 3.443978 0.094962
0.906 3.443614 0.094233
0.907 3.443249 0.093503
0.908 3.442884 0.092774
0.909 3.442525 0.092044
0.910 3.442172 0.091313
0.911 3.441819 0.090583
0.912 3.441543 0.089849
0.913 3.441664 0.089103
0.914 3.441785 0.088356
0.915 3.441906 0.087609
0.916 3.442136 0.086858
0.917 3.442393 0.086106
0.918 3.442649 0.085355
0.919 3.442906 0.084603
0.920 3.443163 0.083852
0.921 3.443419 0.083100
0.922 3.443676 0.082349
0.923 3.443936 0.081580
0.924 3.444196 0.080812
0.925 3.444456 0.080044
0.926 3.444825 0.078583
0.927 3.445273 0.076617
0.928 3.445721 0.074650
0.929 3.446176 0.072643
0.930 3.446682 0.070333
0.931 3.447188 0.068024
0.932 3.447694 0.065714
0.933 3.448203 0.063401
0.934 3.448715 0.061086
0.935 3.449226 0.058770
0.936 3.449737 0.056453
0.937 3.450254 0.054122
0.938 3.450770 0.051791
0.939 3.451286 0.049459
0.940 3.450525 0.046959
0.941 3.448851 0.044338
0.942 3.447177 0.041717
0.943 3.445502 0.039096
0.944 3.443828 0.036476
0.945 3.442153 0.033855
0.946 3.440197 0.031181
0.947 3.438193 0.028498
0.948 3.436189 0.025816
0.949 3.434185 0.023133
0.950 3.432181 0.020451
0.951 3.430171 0.017821
0.952 3.428059 0.016052
0.953 3.425947 0.014283
0.954 3.423836 0.012514
0.955 3.421724 0.010745
0.956 3.419612 0.008975
0.957 3.417472 0.007434
0.958 3.415208 0.006873
0.959 3.412945 0.006311
0.960 3.410682 0.005749
0.961 3.408419 0.005188
0.962 3.406155 0.004626
0.963 3.403905 0.004083
0.964 3.401693 0.003597
0.965 3.399481 0.003111
0.966 3.397270 0.002626
0.967 3.395058 0.002140
0.968 3.392846 0.001654
0.969 3.390797 0.001258
0.970 3.389289 0.001159
0.971 3.387782 0.001061
0.972 3.386274 0.000962
0.973 3.384766 0.000864
0.974 3.383259 0.000765
0.975 3.381764 0.000675
0.976 3.380349 0.000633
0.977 3.378935 0.000591
0.978 3.377520 0.000550
0.979 3.376105 0.000508
0.980 3.374691 0.000466
0.981 3.373276 0.000425
0.982 3.372032 0.000398
0.983 3.370794 0.000372
0.984 3.369556 0.000347
0.985 3.368317 0.000321
0.986 3.367079 0.000295
0.987 3.365841 0.000269
0.988 3.364725 0.000255
0.989 3.363657 0.000246
0.990 3.362589 0.000236
0.991 3.361521 0.000227
0.992 3.360453 0.000217
0.993 3.359385 0.000208
0.994 3.358327 0.000196
0.995 3.357285 0.000182
0.996 3.356243 0.000167
0.997 3.355200 0.000153
0.998 3.354158 0.000138
0.999 3.353115 0.000124
1.000 3.352073 0.000110
1.001 3.351175 0.000103
1.002 3.350280 0.000097
1.003 3.349385 0.000091
1.004 3.348489 0.000085
1.005 3.347594 0.000079
1.006 3.346699 0.000073
1.007 3.345811 0.000068
1.008 3.344930 0.000064
1.009 3.344049 0.000060
1.010 3.343169 0.000056
1.011 3.342288 0.000052
1.012 3.341407 0.000048
1.013 3.340527 0.000044
1.014 3.339722 0.000042
1.015 3.338924 0.000039
1.016 3.338126 0.000037
1.017 3.337329 0.000034
1.018 3.336531 0.000032
1.019 3.335733 0.000030
1.020 3.334949 0.000027
1.021 3.334206 0.000026
1.022 3.333463 0.000025
1.023 3.332720 0.000023
1.024 3.331977 0.000022
1.025 3.331234 0.000020
1.026 3.330491 0.000019
1.027 3.329757 0.000018
1.028 3.329033 0.000017
1.029 3.328308 0.000015
1.030 3.327583 0.000014
1.031 3.326858 0.000013
1.032 3.326133 0.000012
1.033 3.325408 0.000011
1.034 3.324726 0.000010
1.035 3.324066 0.000009
1.036 3.323405 0.000009
1.037 3.322745 0.000008
1.038 3.322085 0.000008
1.039 3.321425 0.000007
1.040 3.320765 0.000007
1.041 3.320109 0.000006
1.042 3.319453 0.000006
1.043 3.318798 0.000005
1.044 3.318142 0.000005
1.045 3.317487 0.000005
1.046 3.316831 0.000004
1.047 3.316176 0.000004
1.048 3.315557 0.000003
1.049 3.314955 0.000003
1.050 3.314354 0.000003
1.051 3.313752 0.000003
1.052 3.313150 0.000003
1.053 3.312548 0.000002
1.054 3.311946 0.000002
1.055 3.311357 0.000002
1.056 3.310779 0.000002
1.057 3.310201 0.000002
1.058 3.309623 0.000002
1.059 3.309045 0.000002
1.060 3.308466 0.000001
1.061 3.307888 0.000001
1.062 3.307316 0.000001
1.063 3.306756 0.000001
1.064 3.306195 0.000001
1.065 3.305635 0.000001
1.066 3.305074 0.000001
1.067 3.304514 0.000001
1.068 3.303953 0.000001
1.069 3.303394 0.000001
1.070 3.302878 0.000001
1.071 3.302361 0.000000
1.072 3.301845 0.000000
1.073 3.301328 0.000000
1.074 3.300812 0.000000
1.075 3.300295 0.000000
1.076 3.299779 0.000000
1.077 3.299264 0.000000
1.078 3.298750 0.000000
1.079 3.298236 0.000000
1.080 3.297722 0.000000
1.081 3.297208 0.000000
1.082 3.296694 0.000000
1.083 3.296181 0.000000
1.084 3.295670 0.000000
1.085 3.295192 0.000000
1.086 3.294715 0.000000
1.087 3.294238 0.000000
1.088 3.293761 0.000000
1.089 3.293284 0.000000
1.090 3.292806 0.000000
1.091 3.292329 0.000000
1.092 3.291857 0.000000
1.093 3.291390 0.000000
1.094 3.290923 0.000000
1.095 3.290456 0.000000
1.096 3.289989 0.000000
1.097 3.289522 0.000000
1.098 3.289055 0.000000
1.099 3.288588 0.000000
1.100 3.288133 0.000000
1.101 3.287681 0.000000
1.102 3.287230 0.000000
1.103 3.286778 0.000000
1.104 3.286327 0.000000
1.105 3.285876 0.000000
1.106 3.285424 0.000000
1.107 3.284973 0.000000
1.108 3.284545 0.000000
1.109 3.284121 0.000000
1.110 3.283697 0.000000
1.111 3.283273 0.000000
1.112 3.282849 0.000000
1.113 3.282426 0.000000
1.114 3.282002 0.000000
1.115 3.281578 0.000000
1.116 3.281155 0.000000
1.117 3.280732 0.000000
1.118 3.280310 0.000000
1.119 3.279887 0.000000
1.120 3.279464 0.000000
1.121 3.279042 0.000000
1.122 3.278619 0.000000
1.123 3.278196 0.000000
1.124 3.277799 0.000000
1.125 3.277407 0.000000
1.126 3.277015 0.000000
1.127 3.276623 0.000000
1.128 3.276231 0.000000
1.129 3.275839 0.000000
1.130 3.275447 0.000000
1.131 3.275055 0.000000
1.132 3.274666 0.000000
1.133 3.274279 0.000000
1.134 3.273892 0.000000
1.135 3.273504 0.000000
1.136 3.273117 0.000000
1.137 3.272729 0.000000
1.138 3.272342 0.000000
1.139 3.271955 0.000000
1.140 3.271573 0.000000
1.141 3.271203 0.000000
1.142 3.270833 0.000000
1.143 3.270464 0.000000
1.144 3.270094 0.000000
1.145 3.269724 0.000000
1.146 3.269354 0.000000
1.147 3.268985 0.000000
1.148 3.268615 0.000000
1.149 3.268264 0.000000
1.150 3.267917 0.000000
1.151 3.267570 0.000000
1.152 3.267222 0.000000
1.153 3.266875 0.000000
1.154 3.266527 0.000000
1.155 3.266180 0.000000
1.156 3.265832 0.000000
1.157 3.265486 0.000000
1.158 3.265140 0.000000
1.159 3.264795 0.000000
1.160 3.264450 0.000000
1.161 3.264104 0.000000
1.162 3.263759 0.000000
1.163 3.263414 0.000000
1.164 3.263068 0.000000
1.165 3.262723 0.000000
1.166 3.262391 0.000000
1.167 3.262067 0.000000
1.168 3.261743 0.000000
1.169 3.261419 0.000000
1.170 3.261095 0.000000
1.171 3.260771 0.000000
1.172 3.260447 0.000000
1.173 3.260123 0.000000
1.174 3.259800 0.000000
1.175 3.259477 0.000000
1.176 3.259156 0.000000
1.177 3.258834 0.000000
1.178 3.258512 0.000000
1.179 3.258191 0.000000
1.180 3.257869 0.000000
1.181 3.257547 0.000000
1.182 3.257225 0.000000
1.183 3.256904 0.000000
1.184 3.256592 0.000000
1.185 3.256283 0.000000
1.186 3.255974 0.000000
1.187 3.255665 0.000000
1.188 3.255356 0.000000
1.189 3.255047 0.000000
1.190 3.254738 0.000000
1.191 3.254429 0.000000
1.192 3.254120 0.000000
1.193 3.253819 0.000000
1.194 3.253521 0.000000
1.195 3.253224 0.000000
1.196 3.252926 0.000000
1.197 3.252628 0.000000
1.198 3.252331 0.000000
1.199 3.252033 0.000000
1.200 3.251735 0.000000
1.201 3.251438 0.000000
1.202 3.251142 0.000000
1.203 3.250847 0.000000
1.204 3.250553 0.000000
1.205 3.250258 0.000000
1.206 3.249964 0.000000
1.207 3.249669 0.000000
1.208 3.249375 0.000000
1.209 3.249080 0.000000
1.210 3.248786 0.000000
1.211 3.248493 0.000000
1.212 3.248217 0.000000
1.213 3.247941 0.000000
1.214 3.247665 0.000000
1.215 3.247389 0.000000
1.216 3.247113 0.000000
1.217 3.246837 0.000000
1.218 3.246561 0.000000
1.219 3.246285 0.000000
1.220 3.246009 0.000000
1.221 3.245734 0.000000
1.222 3.245459 0.000000
1.223 3.245184 0.000000
1.224 3.244910 0.000000
1.225 3.244635 0.000000
1.226 3.244360 0.000000
1.227 3.244086 0.000000
1.228 3.243811 0.000000
1.229 3.243536 0.000000
1.230 3.243262 0.000000
1.231 3.243002 0.000000
1.232 3.242745 0.000000
1.233 3.242487 0.000000
1.234 3.242230 0.000000
1.235 3.241972 0.000000
1.236 3.241715 0.000000
1.237 3.241458 0.000000
1.238 3.241200 0.000000
1.239 3.240943 0.000000
1.240 3.240686 0.000000
1.241 3.240439 0.000000
1.242 3.240193 0.000000
1.243 3.239946 0.000000
1.244 3.239700 0.000000
1.245 3.239453 0.000000
1.246 3.239207 0.000000
1.247 3.238960 0.000000
1.248 3.238714 0.000000
1.249 3.238468 0.000000
1.250 3.238221 0.000000
1.251 3.237978 0.000000
1.252 3.237734 0.000000
1.253 3.237491 0.000000
1.254 3.237247 0.000000
1.255 3.237004 0.000000
1.256 3.236761 0.000000
1.257 3.236517 0.000000
1.258 3.236274 0.000000
1.259 3.236030 0.000000
1.260 3.235787 0.000000
1.261 3.235553 0.000000
1.262 3.235321 0.000000
1.263 3.235089 0.000000
1.264 3.234857 0.000000
1.265 3.234625 0.000000
1.266 3.234393 0.000000
1.267 3.234160 0.000000
1.268 3.233928 0.000000
1.269 3.233696 0.000000
1.270 3.233464 0.000000
1.271 3.233232 0.000000
1.272 3.233001 0.000000
1.273 3.232769 0.000000
1.274 3.232537 0.000000
1.275 3.232305 0.000000
1.276 3.232074 0.000000
1.277 3.231842 0.000000
1.278 3.231610 0.000000
1.279 3.231379 0.000000
1.280 3.231147 0.000000
1.281 3.230916 0.000000
1.282 3.230698 0.000000
1.283 3.230481 0.000000
1.284 3.230263 0.000000
1.285 3.230046 0.000000
1.286 3.229828 0.000000
1.287 3.229610 0.000000
1.288 3.229393 0.000000
1.289 3.229175 0.000000
1.290 3.228958 0.000000
1.291 3.228740 0.000000
1.292 3.228525 0.000000
1.293 3.228313 0.000000
1.294 3.228102 0.000000
1.295 3.227891 0.000000
1.296 3.227679 0.000000
1.297 3.227468 0.000000
1.298 3.227256 0.000000
1.299 3.227045 0.000000
1.300 3.226833 0.000000
1.301 3.226622 0.000000
1.302 3.226411 0.000000
1.303 3.226202 0.000000
1.304 3.225995 0.000000
1.305 3.225789 0.000000
1.306 3.225583 0.000000
1.307 3.225376 0.000000
1.308 3.225170 0.000000
1.309 3.224964 0.000000
1.310 3.224757 0.000000
1.311 3.224551 0.000000
1.312 3.224345 0.000000
1.313 3.224138 0.000000
1.314 3.223938 0.000000
1.315 3.223745 0.000000
1.316 3.223552 0.000000
1.317 3.223359 0.000000
1.318 3.223165 0.000000
1.319 3.222972 0.000000
1.320 3.222779 0.000000
1.321 3.222585 0.000000
1.322 3.222392 0.000000
1.323 3.222199 0.000000
1.324 3.222006 0.000000
1.325 3.221812 0.000000
1.326 3.221620 0.000000
1.327 3.221427 0.000000
1.328 3.221234 0.000000
1.329 3.221042 0.000000
1.330 3.220849 0.000000
1.331 3.220656 0.000000
1.332 3.220464 0.000000
1.333 3.220271 0.000000
1.334 3.220078 0.000000
1.335 3.219886 0.000000
1.336 3.219693 0.000000
1.337 3.219509 0.000000
1.338 3.219326 0.000000
1.339 3.219144 0.000000
1.340 3.218961 0.000000
1.341 3.218779 0.000000
1.342 3.218596 0.000000
1.343 3.218414 0.000000
1.344 3.218231 0.000000
1.345 3.218048 0.000000
1.346 3.217866 0.000000
1.347 3.217683 0.000000
1.348 3.217502 0.000000
1.349 3.217322 0.000000
1.350 3.217142 0.000000
1.351 3.216962 0.000000
1.352 3.216783 0.000000
1.353 3.216603 0.000000
1.354 3.216423 0.000000
1.355 3.216244 0.000000
1.356 3.216064 0.000000
1.357 3.215884 0.000000
1.358 3.215705 0.000000
1.359 3.215525 0.000000
1.360 3.215348 0.000000
1.361 3.215174 0.000000
1.362 3.215000 0.000000
1.363 3.214827 0.000000
1.364 3.214653 0.000000
1.365 3.214479 0.000000
1.366 3.214305 0.000000
1.367 3.214132 0.000000
1.368 3.213958 0.000000
1.369 3.213784 0.000000
1.370 3.213611 0.000000
1.371 3.213437 0.000000
1.372 3.213267 0.000000
1.373 3.213104 0.000000
1.374 3.212941 0.000000
1.375 3.212778 0.000000
1.376 3.212615 0.000000
1.377 3.212452 0.000000
1.378 3.212289 0.000000
1.379 3.212126 0.000000
1.380 3.211963 0.000000
1.381 3.211800 0.000000
1.382 3.211637 0.000000
1.383 3.211474 0.000000
1.384 3.211311 0.000000
1.385 3.211148 0.000000
1.386 3.210986 0.000000
1.387 3.210823 0.000000
1.388 3.210660 0.000000
1.389 3.210498 0.000000
1.390 3.210335 0.000000
1.391 3.210173 0.000000
1.392 3.210010 0.000000
1.393 3.209847 0.000000
1.394 3.209685 0.000000
1.395 3.209522 0.000000
1.396 3.209360 0.000000
1.397 3.209204 0.000000
1.398 3.209051 0.000000
1.399 3.208899 0.000000
1.400 3.208746 0.000000
1.401 3.208594 0.000000
1.402 3.208441 0.000000
1.403 3.208288 0.000000
1.404 3.208136 0.000000
1.405 3.207983 0.000000
1.406 3.207831 0.000000
1.407 3.207678 0.000000
1.408 3.207526 0.000000
1.409 3.207373 0.000000
1.410 3.207222 0.000000
1.411 3.207071 0.000000
1.412 3.206920 0.000000
1.413 3.206769 0.000000
1.414 3.206618 0.000000
1.415 3.206467 0.000000
1.416 3.206316 0.000000
1.417 3.206165 0.000000
1.418 3.206014 0.000000
1.419 3.205862 0.000000
1.420 3.205711 0.000000
1.421 3.205560 0.000000
1.422 3.205410 0.000000
1.423 3.205263 0.000000
1.424 3.205117 0.000000
1.425 3.204971 0.000000
1.426 3.204824 0.000000
1.427 3.204678 0.000000
1.428 3.204532 0.000000
1.429 3.204386 0.000000
1.430 3.204239 0.000000
1.431 3.204093 0.000000
1.432 3.203947 0.000000
1.433 3.203801 0.000000
1.434 3.203654 0.000000
1.435 3.203508 0.000000
1.436 3.203367 0.000000
1.437 3.203227 0.000000
1.438 3.203087 0.000000
1.439 3.202946 0.000000
1.440 3.202806 0.000000
1.441 3.202666 0.000000
1.442 3.202525 0.000000
1.443 3.202385 0.000000
1.444 3.202245 0.000000
1.445 3.202104 0.000000
1.446 3.201964 0.000000
1.447 3.201824 0.000000
1.448 3.201684 0.000000
1.449 3.201544 0.000000
1.450 3.201404 0.000000
1.451 3.201264 0.000000
1.452 3.201125 0.000000
1.453 3.200985 0.000000
1.454 3.200846 0.000000
1.455 3.200706 0.000000
1.456 3.200566 0.000000
1.457 3.200427 0.000000
1.458 3.200287 0.000000
1.459 3.200148 0.000000
1.460 3.200008 0.000000
1.461 3.199868 0.000000
1.462 3.199729 0.000000
1.463 3.199597 0.000000
1.464 3.199466 0.000000
1.465 3.199336 0.000000
1.466 3.199205 0.000000
1.467 3.199075 0.000000
1.468 3.198944 0.000000
1.469 3.198814 0.000000
1.470 3.198683 0.000000
1.471 3.198553 0.000000
1.472 3.198422 0.000000
1.473 3.198292 0.000000
1.474 3.198162 0.000000
1.475 3.198031 0.000000
1.476 3.197901 0.000000
1.477 3.197771 0.000000
1.478 3.197641 0.000000
1.479 3.197512 0.000000
1.480 3.197382 0.000000
1.481 3.197252 0.000000
1.482 3.197122 0.000000
1.483 3.196993 0.000000
1.484 3.196863 0.000000
1.485 3.196733 0.000000
1.486 3.196604 0.000000
1.487 3.196474 0.000000
1.488 3.196344 0.000000
1.489 3.196215 0.000000
1.490 3.196085 0.000000
1.491 3.195961 0.000000
1.492 3.195838 0.000000
1.493 3.195716 0.000000
1.494 3.195594 0.000000
1.495 3.195472 0.000000
1.496 3.195349 0.000000
1.497 3.195227 0.000000
1.498 3.195105 0.000000
1.499 3.194983 0.000000
1.500 3.194860 0.000000
1.501 3.194738 0.000000
1.502 3.194616 0.000000
1.503 3.194494 0.000000
1.504 3.194371 0.000000
1.505 3.194251 0.000000
1.506 3.194135 0.000000
1.507 3.194019 0.000000
1.508 3.193904 0.000000
1.509 3.193788 0.000000
1.510 3.193672 0.000000
1.511 3.193557 0.000000
1.512 3.193441 0.000000
1.513 3.193325 0.000000
1.514 3.193210 0.000000
1.515 3.193094 0.000000
1.516 3.192978 0.000000
1.517 3.192862 0.000000
1.518 3.192747 0.000000
1.519 3.192631 0.000000
1.520 3.192516 0.000000
1.521 3.192401 0.000000
1.522 3.192286 0.000000
1.523 3.192171 0.000000
1.524 3.192056 0.000000
1.525 3.191941 0.000000
1.526 3.191826 0.000000
1.527 3.191711 0.000000
1.528 3.191596 0.000000
1.529 3.191482 0.000000
1.530 3.191367 0.000000
1.531 3.191252 0.000000
1.532 3.191137 0.000000
1.533 3.191022 0.000000
1.534 3.190907 0.000000
1.535 3.190794 0.000000
1.536 3.190684 0.000000
1.537 3.190573 0.000000
1.538 3.190463 0.000000
1.539 3.190352 0.000000
1.540 3.190241 0.000000
1.541 3.190131 0.000000
1.542 3.190020 0.000000
1.543 3.189910 0.000000
1.544 3.189799 0.000000
1.545 3.189689 0.000000
1.546 3.189578 0.000000
1.547 3.189468 0.000000
1.548 3.189357 0.000000
1.549 3.189247 0.000000
1.550 3.189136 0.000000
1.551 3.189026 0.000000
1.552 3.188916 0.000000
1.553 3.188805 0.000000
1.554 3.188695 0.000000
1.555 3.188585 0.000000
1.556 3.188474 0.000000
1.557 3.188364 0.000000
1.558 3.188254 0.000000
1.559 3.188143 0.000000
1.560 3.188033 0.000000
1.561 3.187923 0.000000
1.562 3.187813 0.000000
1.563 3.187702 0.000000
1.564 3.187592 0.000000
1.565 3.187482 0.000000
1.566 3.187375 0.000000
1.567 3.187272 0.000000
1.568 3.187169 0.000000
1.569 3.187067 0.000000
1.570 3.186964 0.000000
1.571 3.186861 0.000000
1.572 3.186759 0.000000
1.573 3.186656 0.000000
1.574 3.186553 0.000000
1.575 3.186451 0.000000
1.576 3.186348 0.000000
1.577 3.186245 0.000000
1.578 3.186143 0.000000
1.579 3.186040 0.000000
1.580 3.185937 0.000000
1.581 3.185835 0.000000
1.582 3.185734 0.000000
1.583 3.185636 0.000000
1.584 3.185538 0.000000
1.585 3.185441 0.000000
1.586 3.185343 0.000000
1.587 3.185245 0.000000
1.588 3.185147 0.000000
1.589 3.185049 0.000000
1.590 3.184951 0.000000
1.591 3.184853 0.000000
1.592 3.184755 0.000000
1.593 3.184657 0.000000
1.594 3.184559 0.000000
1.595 3.184461 0.000000
1.596 3.184363 0.000000
1.597 3.184265 0.000000
1.598 3.184168 0.000000
1.599 3.184071 0.000000
1.600 3.183975 0.000000
1.601 3.183878 0.000000
1.602 3.183782 0.000000
1.603 3.183686 0.000000
1.604 3.183589 0.000000
1.605 3.183493 0.000000
1.606 3.183396 0.000000
1.607 3.183300 0.000000
1.608 3.183204 0.000000
1.609 3.183107 0.000000
1.610 3.183011 0.000000
1.611 3.182914 0.000000
1.612 3.182818 0.000000
1.613 3.182722 0.000000
1.614 3.182625 0.000000
1.615 3.182532 0.000000
1.616 3.182441 0.000000
1.617 3.182351 0.000000
1.618 3.182260 0.000000
1.619 3.182170 0.000000
1.620 3.182079 0.000000
1.621 3.181989 0.000000
1.622 3.181898 0.000000
1.623 3.181808 0.000000
1.624 3.181717 0.000000
1.625 3.181626 0.000000
1.626 3.181536 0.000000
1.627 3.181445 0.000000
1.628 3.181355 0.000000
1.629 3.181264 0.000000
1.630 3.181174 0.000000
1.631 3.181083 0.000000
1.632 3.180993 0.000000
1.633 3.180902 0.000000
1.634 3.180812 0.000000
1.635 3.180721 0.000000
1.636 3.180631 0.000000
1.637 3.180541 0.000000
1.638 3.180450 0.000000
1.639 3.180360 0.000000
1.640 3.180269 0.000000
1.641 3.180179 0.000000
1.642 3.180089 0.000000
1.643 3.179998 0.000000
1.644 3.179908 0.000000
1.645 3.179817 0.000000
1.646 3.179727 0.000000
1.647 3.179637 0.000000
1.648 3.179546 0.000000
1.649 3.179457 0.000000
1.650 3.179372 0.000000
1.651 3.179287 0.000000
1.652 3.179202 0.000000
1.653 3.179117 0.000000
1.654 3.179032 0.000000
1.655 3.178947 0.000000
1.656 3.178862 0.000000
1.657 3.178777 0.000000
1.658 3.178692 0.000000
1.659 3.178607 0.000000
1.660 3.178522 0.000000
1.661 3.178437 0.000000
1.662 3.178352 0.000000
1.663 3.178267 0.000000
1.664 3.178182 0.000000
1.665 3.178097 0.000000
1.666 3.178012 0.000000
1.667 3.177928 0.000000
1.668 3.177846 0.000000
1.669 3.177763 0.000000
1.670 3.177680 0.000000
1.671 3.177597 0.000000
1.672 3.177515 0.000000
1.673 3.177432 0.000000
1.674 3.177349 0.000000
1.675 3.177267 0.000000
1.676 3.177184 0.000000
1.677 3.177101 0.000000
1.678 3.177019 0.000000
1.679 3.176936 0.000000
1.680 3.176853 0.000000
1.681 3.176770 0.000000
1.682 3.176688 0.000000
1.683 3.176605 0.000000
1.684 3.176522 0.000000
1.685 3.176440 0.000000
1.686 3.176360 0.000000
1.687 3.176279 0.000000
1.688 3.176198 0.000000
1.689 3.176117 0.000000
1.690 3.176037 0.000000
1.691 3.175956 0.000000
1.692 3.175875 0.000000
1.693 3.175795 0.000000
1.694 3.175714 0.000000
1.695 3.175633 0.000000
1.696 3.175552 0.000000
1.697 3.175472 0.000000
1.698 3.175391 0.000000
1.699 3.175310 0.000000
1.700 3.175230 0.000000
1.701 3.175149 0.000000
1.702 3.175068 0.000000
1.703 3.174987 0.000000
1.704 3.174911 0.000000
1.705 3.174836 0.000000
1.706 3.174760 0.000000
1.707 3.174685 0.000000
1.708 3.174609 0.000000
1.709 3.174534 0.000000
1.710 3.174458 0.000000
1.711 3.174383 0.000000
1.712 3.174307 0.000000
1.713 3.174232 0.000000
1.714 3.174156 0.000000
1.715 3.174081 0.000000
1.716 3.174005 0.000000
1.717 3.173930 0.000000
1.718 3.173854 0.000000
1.719 3.173779 0.000000
1.720 3.173703 0.000000
1.721 3.173628 0.000000
1.722 3.173552 0.000000
1.723 3.173477 0.000000
1.724 3.173402 0.000000
1.725 3.173326 0.000000
1.726 3.173251 0.000000
1.727 3.173176 0.000000
1.728 3.173100 0.000000
1.729 3.173025 0.000000
1.730 3.172950 0.000000
1.731 3.172874 0.000000
1.732 3.172799 0.000000
1.733 3.172724 0.000000
1.734 3.172649 0.000000
1.735 3.172573 0.000000
1.736 3.172498 0.000000
1.737 3.172423 0.000000
1.738 3.172347 0.000000
1.739 3.172272 0.000000
1.740 3.172197 0.000000
1.741 3.172121 0.000000
1.742 3.172049 0.000000
1.743 3.171979 0.000000
1.744 3.171909 0.000000
1.745 3.171839 0.000000
1.746 3.171769 0.000000
1.747 3.171699 0.000000
1.748 3.171629 0.000000
1.749 3.171559 0.000000
1.750 3.171489 0.000000
1.751 3.171419 0.000000
1.752 3.171349 0.000000
1.753 3.171279 0.000000
1.754 3.171209 0.000000
1.755 3.171139 0.000000
1.756 3.171069 0.000000
1.757 3.170999 0.000000
1.758 3.170929 0.000000
1.759 3.170859 0.000000
1.760 3.170789 0.000000
1.761 3.170719 0.000000
1.762 3.170651 0.000000
1.763 3.170582 0.000000
1.764 3.170514 0.000000
1.765 3.170445 0.000000
1.766 3.170377 0.000000
1.767 3.170308 0.000000
1.768 3.170240 0.000000
1.769 3.170171 0.000000
1.770 3.170103 0.000000
1.771 3.170034 0.000000
1.772 3.169965 0.000000
1.773 3.169897 0.000000
1.774 3.169828 0.000000
1.775 3.169760 0.000000
1.776 3.169691 0.000000
1.777 3.169623 0.000000
1.778 3.169554 0.000000
1.779 3.169486 0.000000
1.780 3.169417 0.000000
1.781 3.169349 0.000000
1.782 3.169282 0.000000
1.783 3.169215 0.000000
1.784 3.169149 0.000000
1.785 3.169083 0.000000
1.786 3.169016 0.000000
1.787 3.168950 0.000000
1.788 3.168883 0.000000
1.789 3.168817 0.000000
1.790 3.168751 0.000000
1.791 3.168684 0.000000
1.792 3.168618 0.000000
1.793 3.168552 0.000000
1.794 3.168485 0.000000
1.795 3.168419 0.000000
1.796 3.168353 0.000000
1.797 3.168286 0.000000
1.798 3.168220 0.000000
1.799 3.168153 0.000000
1.800 3.168087 0.000000
1.801 3.168021 0.000000
1.802 3.167954 0.000000
1.803 3.167891 0.000000
1.804 3.167829 0.000000
1.805 3.167767 0.000000
1.806 3.167704 0.000000
1.807 3.167642 0.000000
1.808 3.167579 0.000000
1.809 3.167517 0.000000
1.810 3.167455 0.000000
1.811 3.167392 0.000000
1.812 3.167330 0.000000
1.813 3.167268 0.000000
1.814 3.167205 0.000000
1.815 3.167143 0.000000
1.816 3.167080 0.000000
1.817 3.167018 0.000000
1.818 3.166956 0.000000
1.819 3.166893 0.000000
1.820 3.166831 0.000000
1.821 3.166768 0.000000
1.822 3.166706 0.000000
1.823 3.166644 0.000000
1.824 3.166581 0.000000
1.825 3.166519 0.000000
1.826 3.166457 0.000000
1.827 3.166395 0.000000
1.828 3.166332 0.000000
1.829 3.166270 0.000000
1.830 3.166208 0.000000
1.831 3.166146 0.000000
1.832 3.166083 0.000000
1.833 3.166021 0.000000
1.834 3.165959 0.000000
1.835 3.165897 0.000000
1.836 3.165834 0.000000
1.837 3.165772 0.000000
1.838 3.165710 0.000000
1.839 3.165648 0.000000
1.840 3.165585 0.000000
1.841 3.165523 0.000000
1.842 3.165461 0.000000
1.843 3.165399 0.000000
1.844 3.165336 0.000000
1.845 3.165274 0.000000
1.846 3.165217 0.000000
1.847 3.165159 0.000000
1.848 3.165102 0.000000
1.849 3.165045 0.000000
1.850 3.164987 0.000000
1.851 3.164930 0.000000
1.852 3.164873 0.000000
1.853 3.164815 0.000000
1.854 3.164758 0.000000
1.855 3.164701 0.000000
1.856 3.164644 0.000000
1.857 3.164586 0.000000
1.858 3.164529 0.000000
1.859 3.164472 0.000000
1.860 3.164414 0.000000
1.861 3.164357 0.000000
1.862 3.164300 0.000000
1.863 3.164242 0.000000
1.864 3.164185 0.000000
1.865 3.164128 0.000000
1.866 3.164070 0.000000
1.867 3.164013 0.000000
1.868 3.163956 0.000000
1.869 3.163900 0.000000
1.870 3.163843 0.000000
1.871 3.163787 0.000000
1.872 3.163730 0.000000
1.873 3.163673 0.000000
1.874 3.163617 0.000000
1.875 3.163560 0.000000
1.876 3.163504 0.000000
1.877 3.163447 0.000000
1.878 3.163391 0.000000
1.879 3.163334 0.000000
1.880 3.163277 0.000000
1.881 3.163221 0.000000
1.882 3.163164 0.000000
1.883 3.163108 0.000000
1.884 3.163051 0.000000
1.885 3.162994 0.000000
1.886 3.162938 0.000000
1.887 3.162881 0.000000
1.888 3.162825 0.000000
1.889 3.162768 0.000000
1.890 3.162711 0.000000
1.891 3.162657 0.000000
1.892 3.162603 0.000000
1.893 3.162549 0.000000
1.894 3.162494 0.000000
1.895 3.162440 0.000000
1.896 3.162386 0.000000
1.897 3.162332 0.000000
1.898 3.162277 0.000000
1.899 3.162223 0.000000
1.900 3.162169 0.000000
1.901 3.162115 0.000000
1.902 3.162060 0.000000
1.903 3.162006 0.000000
1.904 3.161952 0.000000
1.905 3.161897 0.000000
1.906 3.161843 0.000000
1.907 3.161789 0.000000
1.908 3.161735 0.000000
1.909 3.161680 0.000000
1.910 3.161626 0.000000
1.911 3.161572 0.000000
1.912 3.161518 0.000000
1.913 3.161463 0.000000
1.914 3.161411 0.000000
1.915 3.161360 0.000000
1.916 3.161308 0.000000
1.917 3.161257 0.000000
1.918 3.161205 0.000000
1.919 3.161154 0.000000
1.920 3.161103 0.000000
1.921 3.161051 0.000000
1.922 3.161000 0.000000
1.923 3.160948 0.000000
1.924 3.160897 0.000000
1.925 3.160846 0.000000
1.926 3.160794 0.000000
1.927 3.160743 0.000000
1.928 3.160692 0.000000
1.929 3.160640 0.000000
1.930 3.160589 0.000000
1.931 3.160537 0.000000
1.932 3.160486 0.000000
1.933 3.160435 0.000000
1.934 3.160383 0.000000
1.935 3.160332 0.000000
1.936 3.160280 0.000000
1.937 3.160229 0.000000
1.938 3.160178 0.000000
1.939 3.160127 0.000000
1.940 3.160076 0.000000
1.941 3.160025 0.000000
1.942 3.159973 0.000000
1.943 3.159922 0.000000
1.944 3.159871 0.000000
1.945 3.159820 0.000000
1.946 3.159769 0.000000
1.947 3.159718 0.000000
1.948 3.159667 0.000000
1.949 3.159616 0.000000
1.950 3.159565 0.000000