0.253 2.559197 3.495661
0.254 2.632203 3.492578
0.255 2.704753 3.490049
0.256 2.780321 3.488259
0.257 2.860712 3.485756
0.258 2.947289 3.480078
0.259 3.040923 3.468126
0.260 3.139556 3.446173
0.261 3.241129 3.412255
0.262 3.342384 3.364185
0.263 3.440000 3.302676
0.264 3.529514 3.227954
0.265 3.609066 3.142455
0.266 3.674546 3.048279
0.267 3.725096 2.949688
0.268 3.761759 2.849907
0.269 3.785420 2.752037
0.270 3.798015 2.658072
0.271 3.800855 2.569125
0.272 3.796119 2.485964
0.273 3.785285 2.410171
0.274 3.769068 2.341374
0.275 3.750150 2.279196
0.276 3.729313 2.222772
0.277 3.707200 2.171403
0.278 3.684393 2.124833
0.279 3.661212 2.082463
0.280 3.638350 2.044719
0.281 3.615335 2.010153
0.282 3.592696 1.978460
0.283 3.570564 1.949490
0.284 3.548391 1.923223
0.285 3.527354 1.899448
0.286 3.506937 1.877711
0.287 3.486586 1.857687
0.288 3.466852 1.839670
0.289 3.448143 1.823452
0.290 3.430099 1.809138
0.291 3.412198 1.795769
0.292 3.395191 1.783729
0.293 3.379210 1.772961
0.294 3.363681 1.763493
0.295 3.348795 1.754833
0.296 3.334638 1.747339
0.297 3.321157 1.740885
0.298 3.308757 1.735106
0.299 3.296388 1.729806
0.300 3.284925 1.725158
0.301 3.273968 1.721315
0.302 3.263576 1.718075
0.303 3.253979 1.715370
0.304 3.245079 1.713024
0.305 3.236318 1.711082
0.306 3.228303 1.709687
0.307 3.220928 1.708365
0.308 3.213860 1.707774
0.309 3.207270 1.707316
0.310 3.201058 1.707048
0.311 3.195112 1.707367
0.312 3.189907 1.707415
0.313 3.184801 1.708125
0.314 3.180315 1.709117
0.315 3.176205 1.710277
0.316 3.171939 1.711027
0.317 3.168317 1.712377
0.318 3.165087 1.714001
0.319 3.162157 1.715853
0.320 3.159409 1.717830
0.321 3.156934 1.719879
0.322 3.154739 1.722204
0.323 3.152674 1.724722
0.324 3.150819 1.727776
0.325 3.149280 1.730538
0.326 3.147894 1.733439
0.327 3.147203 1.736561
0.328 3.146492 1.740032
0.329 3.145759 1.743812
0.330 3.145874 1.747415
0.331 3.145630 1.751139
0.332 3.145774 1.755652
0.333 3.146334 1.759765
0.334 3.147203 1.764212
0.335 3.148158 1.769065
0.336 3.149488 1.773600
0.337 3.151005 1.778845
0.338 3.152648 1.783877
0.339 3.154858 1.789337
0.340 3.157097 1.794828
0.341 3.159450 1.800389
0.342 3.162580 1.806372
0.343 3.165754 1.812285
0.344 3.169196 1.818535
0.345 3.173025 1.824994
0.346 3.177354 1.831397
0.347 3.181668 1.838166
0.348 3.186329 1.844919
0.349 3.191812 1.852115
0.350 3.197023 1.859061
0.351 3.203002 1.866522
0.352 3.208906 1.873916
0.353 3.215563 1.881614
0.354 3.222777 1.889471
0.355 3.230716 1.897401
0.356 3.238459 1.905374
0.357 3.247081 1.913534
0.358 3.256355 1.921744
0.359 3.265680 1.929880
0.360 3.275976 1.937833
0.361 3.286584 1.945609
0.362 3.298124 1.953269
0.363 3.309466 1.960530
0.364 3.320705 1.967909
0.365 3.332071 1.975136
0.366 3.343826 1.982769
0.367 3.355231 1.990644
0.368 3.366752 1.999094
0.369 3.378639 2.007901
0.370 3.391405 2.018136
0.371 3.405025 2.029091
0.372 3.419355 2.040978
0.373 3.435698 2.053706
0.374 3.453310 2.066975
0.375 3.473805 2.080418
0.376 3.496165 2.094276
0.377 3.521102 2.107195
0.378 3.548799 2.118763
0.379 3.578408 2.129628
0.380 3.610259 2.138431
0.381 3.644225 2.145142
0.382 3.679064 2.149600
0.383 3.715102 2.150720
0.384 3.750824 2.150042
0.385 3.786506 2.146695
0.386 3.821913 2.141975
0.387 3.856849 2.135563
0.388 3.891466 2.127798
0.389 3.925890 2.119027
0.390 3.960184 2.108964
0.391 3.994672 2.098120
0.392 4.029793 2.085511
0.393 4.065434 2.072023
0.394 4.101912 2.056349
0.395 4.138745 2.038975
0.396 4.175794 2.019061
0.397 4.213110 1.995079
0.398 4.249765 1.969294
0.399 4.285081 1.939120
0.400 4.319525 1.906729
0.401 4.351811 1.871672
0.402 4.380250 1.832241
0.403 4.406967 1.792009
0.404 4.429298 1.749426
0.405 4.449176 1.705718
0.406 4.465315 1.661664
0.407 4.475794 1.616960
0.408 4.484872 1.572679
0.409 4.489467 1.529646
0.410 4.491697 1.487362
0.411 4.491535 1.446637
0.412 4.488128 1.408224
0.413 4.483701 1.370794
0.414 4.477664 1.335158
0.415 4.469457 1.302260
0.416 4.461481 1.270068
0.417 4.452341 1.240286
0.418 4.442345 1.212147
0.419 4.432242 1.185018
0.420 4.421535 1.160095
0.421 4.410434 1.135988
0.422 4.399527 1.112605
0.423 4.388663 1.091216
0.424 4.377802 1.070605
0.425 4.366984 1.050549
0.426 4.356198 1.031794
0.427 4.345387 1.013661
0.428 4.334646 0.995868
0.429 4.324057 0.979660
0.430 4.313467 0.963747
0.431 4.302944 0.948198
0.432 4.292601 0.933723
0.433 4.282408 0.919527
0.434 4.272617 0.905747
0.435 4.262773 0.892823
0.436 4.252805 0.880225
0.437 4.242932 0.867868
0.438 4.233370 0.856306
0.439 4.224187 0.844969
0.440 4.214934 0.833935
0.441 4.205730 0.823463
0.442 4.196816 0.813245
0.443 4.188105 0.803251
0.444 4.179364 0.793713
0.445 4.170986 0.784488
0.446 4.162590 0.775400
0.447 4.154228 0.766698
0.448 4.146296 0.758313
0.449 4.138331 0.750003
0.450 4.130650 0.741938
0.451 4.122888 0.734288
0.452 4.115280 0.726653
0.453 4.107870 0.719208
0.454 4.100789 0.712083
0.455 4.093655 0.705118
0.456 4.086627 0.698162
0.457 4.079788 0.691543
0.458 4.073029 0.685034
0.459 4.066315 0.678575
0.460 4.059842 0.672334
0.461 4.053340 0.666284
0.462 4.046993 0.660220
0.463 4.040724 0.654263
0.464 4.034436 0.648538
0.465 4.028591 0.642990
0.466 4.022781 0.637359
0.467 4.016800 0.631916
0.468 4.010924 0.626614
0.469 4.005110 0.621374
0.470 3.999399 0.616203
0.471 3.993820 0.611184
0.472 3.988521 0.606212
0.473 3.982959 0.601295
0.474 3.977695 0.596519
0.475 3.972534 0.591809
0.476 3.967313 0.587138
0.477 3.962149 0.582565
0.478 3.957139 0.578114
0.479 3.952049 0.573750
0.480 3.946908 0.569392
0.481 3.941902 0.565115
0.482 3.937133 0.560949
0.483 3.932327 0.556825
0.484 3.927465 0.552710
0.485 3.922834 0.548682
0.486 3.918176 0.544770
0.487 3.913509 0.540892
0.488 3.909094 0.537091
0.489 3.904713 0.533319
0.490 3.900170 0.529638
0.491 3.895705 0.526020
0.492 3.891367 0.522390
0.493 3.886932 0.518874
0.494 3.882642 0.515416
0.495 3.878449 0.511974
0.496 3.874134 0.508598
0.497 3.870012 0.505308
0.498 3.866133 0.502049
0.499 3.862055 0.498820
0.500 3.857896 0.495639
0.501 3.853992 0.492541
0.502 3.850227 0.489509
0.503 3.846234 0.486445
0.504 3.842169 0.483423
0.505 3.838437 0.480507
0.506 3.834676 0.477619
0.507 3.830685 0.474806
0.508 3.827054 0.471985
0.509 3.823493 0.469173
0.510 3.819838 0.466495
0.511 3.816085 0.463803
0.512 3.812650 0.461089
0.513 3.809184 0.458492
0.514 3.805562 0.455965
0.515 3.802019 0.453458
0.516 3.798650 0.450877
0.517 3.795331 0.448390
0.518 3.791758 0.445979
0.519 3.788429 0.443599
0.520 3.785301 0.441223
0.521 3.782168 0.438870
0.522 3.779007 0.436569
0.523 3.775759 0.434314
0.524 3.772466 0.432073
0.525 3.769398 0.429837
0.526 3.766427 0.427637
0.527 3.763107 0.425552
0.528 3.759996 0.423461
0.529 3.757010 0.421349
0.530 3.754031 0.419252
0.531 3.750970 0.417198
0.532 3.747938 0.415178
0.533 3.745155 0.413182
0.534 3.742440 0.411252
0.535 3.739705 0.409280
0.536 3.736690 0.407353
0.537 3.733824 0.405479
0.538 3.731117 0.403614
0.539 3.728418 0.401775
0.540 3.725602 0.399978
0.541 3.722726 0.398162
0.542 3.720211 0.396438
0.543 3.717715 0.394655
0.544 3.715146 0.392920
0.545 3.712457 0.391225
0.546 3.709781 0.389541
0.547 3.707340 0.387854
0.548 3.704946 0.386212
0.549 3.702516 0.384597
0.550 3.699931 0.382964
0.551 3.697395 0.381362
0.552 3.695017 0.379808
0.553 3.692704 0.378254
0.554 3.690225 0.376724
0.555 3.687753 0.375223
0.556 3.685438 0.373697
0.557 3.683258 0.372180
0.558 3.681073 0.370753
0.559 3.678797 0.369284
0.560 3.676383 0.367843
0.561 3.674138 0.366417
0.562 3.672077 0.365013
0.563 3.670016 0.363653
0.564 3.667883 0.362263
0.565 3.665550 0.360897
0.566 3.663320 0.359547
0.567 3.661340 0.358202
0.568 3.659363 0.356857
0.569 3.657311 0.355579
0.570 3.655167 0.354295
0.571 3.653027 0.353002
0.572 3.651133 0.351734
0.573 3.649181 0.350498
0.574 3.647092 0.349242
0.575 3.644991 0.347985
0.576 3.643107 0.346764
0.577 3.641352 0.345581
0.578 3.639516 0.344381
0.579 3.637576 0.343182
0.580 3.635509 0.342019
0.581 3.633692 0.340844
0.582 3.631985 0.339698
0.583 3.630315 0.338568
0.584 3.628490 0.337393
0.585 3.626504 0.336280
0.586 3.624674 0.335194
0.587 3.623102 0.334124
0.588 3.621493 0.333047
0.589 3.619817 0.331945
0.590 3.618040 0.330846
0.591 3.616067 0.329796
0.592 3.614524 0.328765
0.593 3.613031 0.327717
0.594 3.611507 0.326647
0.595 3.609862 0.325610
0.596 3.608134 0.324591
0.597 3.606409 0.323586
0.598 3.604954 0.322600
0.599 3.603479 0.321572
0.600 3.601950 0.320547
0.601 3.600307 0.319568
0.602 3.598708 0.318598
0.603 3.597194 0.317642
0.604 3.595801 0.316705
0.605 3.594395 0.315808
0.606 3.592877 0.314891
0.607 3.591221 0.313945
0.608 3.589782 0.313009
0.609 3.588442 0.312082
0.610 3.587200 0.311164
0.611 3.585787 0.310253
0.612 3.584280 0.309341
0.613 3.582677 0.308429
0.614 3.581461 0.307524
0.615 3.580220 0.306628
0.616 3.578941 0.305740
0.617 3.577572 0.304917
0.618 3.576189 0.304072
0.619 3.574792 0.303190
0.620 3.573569 0.302314
0.621 3.572361 0.301450
0.622 3.571128 0.300608
0.623 3.569760 0.299790
0.624 3.568400 0.298970
0.625 3.567233 0.298116
0.626 3.566090 0.297304
0.627 3.564953 0.296514
0.628 3.563702 0.295687
0.629 3.562423 0.294883
0.630 3.561111 0.294107
0.631 3.559990 0.293284
0.632 3.558883 0.292471
0.633 3.557746 0.291707
0.634 3.556505 0.290951
0.635 3.555220 0.290196
0.636 3.554153 0.289390
0.637 3.553111 0.288607
0.638 3.552102 0.287859
0.639 3.550973 0.287113
0.640 3.549809 0.286368
0.641 3.548640 0.285610
0.642 3.547565 0.284856
0.643 3.546591 0.284106
0.644 3.545546 0.283364
0.645 3.544462 0.282626
0.646 3.543247 0.281901
0.647 3.542194 0.281180
0.648 3.541321 0.280465
0.649 3.540413 0.279753
0.650 3.539490 0.279041
0.651 3.538506 0.278328
0.652 3.537464 0.277624
0.653 3.536330 0.276934
0.654 3.535385 0.276262
0.655 3.534531 0.275600
0.656 3.533625 0.274905
0.657 3.532693 0.274208
0.658 3.531679 0.273510
0.659 3.530681 0.272815
0.660 3.529700 0.272121
0.661 3.528867 0.271445
0.662 3.528088 0.270777
0.663 3.527138 0.270134
0.664 3.526171 0.269484
0.665 3.525153 0.268803
0.666 3.524224 0.268143
0.667 3.523416 0.267511
0.668 3.522638 0.266858
0.669 3.521879 0.266192
0.670 3.521050 0.265556
0.671 3.520205 0.264924
0.672 3.519264 0.264268
0.673 3.518369 0.263622
0.674 3.517645 0.263006
0.675 3.516925 0.262394
0.676 3.516210 0.261785
0.677 3.515416 0.261167
0.678 3.514556 0.260542
0.679 3.513721 0.259930
0.680 3.512896 0.259324
0.681 3.512223 0.258721
0.682 3.511578 0.258118
0.683 3.510821 0.257484
0.684 3.510053 0.256854
0.685 3.509208 0.256259
0.686 3.508390 0.255663
0.687 3.507668 0.255066
0.688 3.506982 0.254472
0.689 3.506371 0.253884
0.690 3.505744 0.253293
0.691 3.505094 0.252697
0.692 3.504405 0.252093
0.693 3.503673 0.251480
0.694 3.502968 0.250886
0.695 3.502286 0.250308
0.696 3.501636 0.249730
0.697 3.501007 0.249154
0.698 3.500373 0.248607
0.699 3.499737 0.248076
0.700 3.499142 0.247508
0.701 3.498564 0.246926
0.702 3.497961 0.246342
0.703 3.497347 0.245758
0.704 3.496756 0.245175
0.705 3.496174 0.244593
0.706 3.495611 0.243995
0.707 3.495056 0.243391
0.708 3.494477 0.242822
0.709 3.493891 0.242264
0.710 3.493325 0.241707
0.711 3.492768 0.241150
0.712 3.492223 0.240593
0.713 3.491683 0.240038
0.714 3.491157 0.239483
0.715 3.490638 0.238928
0.716 3.490114 0.238380
0.717 3.489587 0.237836
0.718 3.489061 0.237288
0.719 3.488537 0.236737
0.720 3.488026 0.236168
0.721 3.487531 0.235578
0.722 3.487049 0.234989
0.723 3.486589 0.234399
0.724 3.486132 0.233822
0.725 3.485685 0.233279
0.726 3.485235 0.232729
0.727 3.484771 0.232141
0.728 3.484308 0.231554
0.729 3.483836 0.231012
0.730 3.483365 0.230471
0.731 3.482931 0.229932
0.732 3.482503 0.229393
0.733 3.482079 0.228845
0.734 3.481656 0.228292
0.735 3.481234 0.227732
0.736 3.480812 0.227167
0.737 3.480391 0.226600
0.738 3.479973 0.226027
0.739 3.479558 0.225453
0.740 3.479155 0.224872
0.741 3.478751 0.224291
0.742 3.478334 0.223719
0.743 3.477918 0.223147
0.744 3.477497 0.222608
0.745 3.477075 0.222079
0.746 3.476671 0.221550
0.747 3.476282 0.221021
0.748 3.475902 0.220480
0.749 3.475544 0.219909
0.750 3.475188 0.219341
0.751 3.474842 0.218814
0.752 3.474496 0.218286
0.753 3.474152 0.217726
0.754 3.473807 0.217157
0.755 3.473465 0.216589
0.756 3.473125 0.216022
0.757 3.472789 0.215463
0.758 3.472470 0.214937
0.759 3.472151 0.214410
0.760 3.471840 0.213883
0.761 3.471530 0.213356
0.762 3.471220 0.212810
0.763 3.470910 0.212247
0.764 3.470602 0.211691
0.765 3.470295 0.211155
0.766 3.469989 0.210620
0.767 3.469694 0.210072
0.768 3.469400 0.209523
0.769 3.469109 0.208988
0.770 3.468821 0.208468
0.771 3.468532 0.207948
0.772 3.468244 0.207428
0.773 3.467956 0.206908
0.774 3.467673 0.206388
0.775 3.467393 0.205868
0.776 3.467129 0.205347
0.777 3.466908 0.204826
0.778 3.466687 0.204305
0.779 3.466476 0.203783
0.780 3.466265 0.203261
0.781 3.466048 0.202739
0.782 3.465819 0.202218
0.783 3.465591 0.201696
0.784 3.465365 0.201175
0.785 3.465140 0.200654
0.786 3.464920 0.200133
0.787 3.464706 0.199612
0.788 3.464491 0.199091
0.789 3.464281 0.198587
0.790 3.464071 0.198084
0.791 3.463862 0.197565
0.792 3.463652 0.197027
0.793 3.463443 0.196490
0.794 3.463252 0.196005
0.795 3.463062 0.195522
0.796 3.462892 0.195023
0.797 3.462750 0.194501
0.798 3.462608 0.193980
0.799 3.462455 0.193458
0.800 3.462301 0.192935
0.801 3.462147 0.192413
0.802 3.461993 0.191892
0.803 3.461840 0.191370
0.804 3.461690 0.190839
0.805 3.461543 0.190304
0.806 3.461399 0.189768
0.807 3.461285 0.189215
0.808 3.461172 0.188662
0.809 3.461081 0.188137
0.810 3.461016 0.187642
0.811 3.460950 0.187148
0.812 3.460852 0.186616
0.813 3.460746 0.186076
0.814 3.460646 0.185538
0.815 3.460571 0.185006
0.816 3.460496 0.184475
0.817 3.460444 0.183936
0.818 3.460413 0.183389
0.819 3.460382 0.182842
0.820 3.460353 0.182291
0.821 3.460326 0.181739
0.822 3.460298 0.181187
0.823 3.460275 0.180635
0.824 3.460253 0.180083
0.825 3.460237 0.179530
0.826 3.460236 0.178973
0.827 3.460234 0.178415
0.828 3.460271 0.177834
0.829 3.460332 0.177237
0.830 3.460392 0.176641
0.831 3.460470 0.176034
0.832 3.460551 0.175424
0.833 3.460632 0.174816
0.834 3.460719 0.174213
0.835 3.460807 0.173611
0.836 3.460899 0.173009
0.837 3.461003 0.172408
0.838 3.461107 0.171807
0.839 3.461229 0.171167
0.840 3.461374 0.170479
0.841 3.461519 0.169791
0.842 3.461672 0.169081
0.843 3.461831 0.168358
0.844 3.461990 0.167634
0.845 3.462149 0.166911
0.846 3.462308 0.166188
0.847 3.462467 0.165465
0.848 3.462627 0.164731
0.849 3.462787 0.163996
0.850 3.462948 0.163260
0.851 3.463114 0.162403
0.852 3.463281 0.161542
0.853 3.463447 0.160679
0.854 3.463616 0.159780
0.855 3.463785 0.158881
0.856 3.463955 0.157983
0.857 3.464124 0.157084
0.858 3.464294 0.156185
0.859 3.464463 0.155284
0.860 3.464627 0.154372
0.861 3.464791 0.153461
0.862 3.464944 0.152526
0.863 3.465046 0.151484
0.864 3.465148 0.150442
0.865 3.465246 0.149392
0.866 3.465329 0.148307
0.867 3.465411 0.147222
0.868 3.465494 0.146137
0.869 3.465578 0.145053
0.870 3.465661 0.143969
0.871 3.465744 0.142884
0.872 3.465816 0.141794
0.873 3.465889 0.140705
0.874 3.465952 0.139612
0.875 3.465860 0.138454
0.876 3.465768 0.137295
0.877 3.465677 0.136137
0.878 3.465538 0.134958
0.879 3.465397 0.133779
0.880 3.465257 0.132600
0.881 3.465118 0.131420
0.882 3.464979 0.130240
0.883 3.464840 0.129061
0.884 3.464694 0.127883
0.885 3.464546 0.126706
0.886 3.464398 0.125530
0.887 3.464153 0.124380
0.888 3.463837 0.123251
0.889 3.463521 0.122121
0.890 3.463186 0.120997
0.891 3.462821 0.119881
0.892 3.462456 0.118765
0.893 3.462092 0.117649
0.894 3.461729 0.116532
0.895 3.461365 0.115415
0.896 3.461001 0.114298
0.897 3.460636 0.113188
0.898 3.460270 0.112078
0.899 3.459904 0.110967
0.900 3.459487 0.109969
0.901 3.459053 0.109009
0.902 3.458618 0.108048
0.903 3.458174 0.107108
0.904 3.457720 0.106191
0.905 3.457266 0.105274
0.906 3.456812 0.104356
0.907 3.456359 0.103438
0.908 3.455906 0.102520
0.909 3.455452 0.101602
0.910 3.455002 0.100689
0.911 3.454553 0.099777
0.912 3.454103 0.098864
0.913 3.453701 0.098048
0.914 3.453339 0.097314
0.915 3.452977 0.096580
0.916 3.452619 0.095852
0.917 3.452283 0.095158
0.918 3.451947 0.094463
0.919 3.451610 0.093768
0.920 3.451274 0.093067
0.921 3.450938 0.092365
0.922 3.450602 0.091662
0.923 3.450270 0.090960
0.924 3.449945 0.090257
0.925 3.449620 0.089553
0.926 3.449295 0.088850
0.927 3.449377 0.088126
0.928 3.449489 0.087400
0.929 3.449601 0.086674
0.930 3.449771 0.085945
0.931 3.450007 0.085212
0.932 3.450243 0.084479
0.933 3.450479 0.083747
0.934 3.450716 0.083014
0.935 3.450952 0.082281
0.936 3.451189 0.081549
0.937 3.451427 0.080809
0.938 3.451666 0.080060
0.939 3.451905 0.079312
0.940 3.452145 0.078563
0.941 3.452543 0.076797
0.942 3.452956 0.074940
0.943 3.453368 0.073083
0.944 3.453799 0.071114
0.945 3.454265 0.068935
0.946 3.454731 0.066755
0.947 3.455196 0.064575
0.948 3.455666 0.062386
0.949 3.456136 0.060193
0.950 3.456607 0.058000
0.951 3.457078 0.055803
0.952 3.457553 0.053577
0.953 3.458028 0.051351
0.954 3.458503 0.049125
0.955 3.458015 0.046758
0.956 3.456445 0.044232
0.957 3.454875 0.041707
0.958 3.453304 0.039181
0.959 3.451734 0.036655
0.960 3.450164 0.034129
0.961 3.448387 0.031559
0.962 3.446507 0.028968
0.963 3.444628 0.026377
0.964 3.442749 0.023785
0.965 3.440869 0.021194
0.966 3.438990 0.018603
0.967 3.437030 0.016699
0.968 3.435049 0.014974
0.969 3.433069 0.013249
0.970 3.431088 0.011524
0.971 3.429108 0.009799
0.972 3.427127 0.008074
0.973 3.425026 0.007332
0.974 3.422903 0.006766
0.975 3.420780 0.006199
0.976 3.418657 0.005633
0.977 3.416534 0.005066
0.978 3.414412 0.004500
0.979 3.412329 0.004005
0.980 3.410254 0.003524
0.981 3.408180 0.003044
0.982 3.406106 0.002564
0.983 3.404031 0.002084
0.984 3.401957 0.001603
0.985 3.400367 0.001396
0.986 3.398953 0.001287
0.987 3.397539 0.001178
0.988 3.396125 0.001070
0.989 3.394710 0.000961
0.990 3.393296 0.000852
0.991 3.391931 0.000776
0.992 3.390604 0.000726
0.993 3.389277 0.000676
0.994 3.387950 0.000625
0.995 3.386623 0.000575
0.996 3.385296 0.000525
0.997 3.384022 0.000481
0.998 3.382860 0.000450
0.999 3.381698 0.000420
1.000 3.380537 0.000390
1.001 3.379375 0.000360
1.002 3.378213 0.000329
1.003 3.377052 0.000299
1.004 3.376048 0.000290
1.005 3.375046 0.000281
1.006 3.374044 0.000272
1.007 3.373042 0.000263
1.008 3.372040 0.000254
1.009 3.371038 0.000245
1.010 3.370050 0.000230
1.011 3.369072 0.000211
1.012 3.368094 0.000192
1.013 3.367116 0.000172
1.014 3.366139 0.000153
1.015 3.365161 0.000133
1.016 3.364195 0.000115
1.017 3.363355 0.000107
1.018 3.362515 0.000100
1.019 3.361675 0.000092
1.020 3.360835 0.000085
1.021 3.359995 0.000077
1.022 3.359155 0.000070
1.023 3.358322 0.000064
1.024 3.357495 0.000061
1.025 3.356669 0.000057
1.026 3.355843 0.000053
1.027 3.355017 0.000050
1.028 3.354190 0.000046
1.029 3.353364 0.000042
1.030 3.352604 0.000040
1.031 3.351856 0.000037
1.032 3.351107 0.000035
1.033 3.350359 0.000033
1.034 3.349610 0.000031
1.035 3.348862 0.000028
1.036 3.348119 0.000026
1.037 3.347421 0.000025
1.038 3.346724 0.000024
1.039 3.346027 0.000022
1.040 3.345330 0.000021
1.041 3.344633 0.000020
1.042 3.343936 0.000018
1.043 3.343243 0.000017
1.044 3.342563 0.000016
1.045 3.341883 0.000015
1.046 3.341202 0.000014
1.047 3.340522 0.000013
1.048 3.339842 0.000011
1.049 3.339162 0.000010
1.050 3.338502 0.000009
1.051 3.337883 0.000009
1.052 3.337263 0.000009
1.053 3.336644 0.000008
1.054 3.336024 0.000008
1.055 3.335405 0.000007
1.056 3.334786 0.000007
1.057 3.334168 0.000006
1.058 3.333553 0.000006
1.059 3.332938 0.000005
1.060 3.332322 0.000005
1.061 3.331707 0.000005
1.062 3.331092 0.000004
1.063 3.330477 0.000004
1.064 3.329872 0.000003
1.065 3.329307 0.000003
1.066 3.328742 0.000003
1.067 3.328177 0.000003
1.068 3.327612 0.000003
1.069 3.327048 0.000002
1.070 3.326483 0.000002
1.071 3.325918 0.000002
1.072 3.325375 0.000002
1.073 3.324832 0.000002
1.074 3.324290 0.000002
1.075 3.323747 0.000002
1.076 3.323204 0.000001
1.077 3.322662 0.000001
1.078 3.322119 0.000001
1.079 3.321588 0.000001
1.080 3.321062 0.000001
1.081 3.320536 0.000001
1.082 3.320009 0.000001
1.083 3.319483 0.000001
1.084 3.318957 0.000001
1.085 3.318431 0.000001
1.086 3.317916 0.000001
1.087 3.317432 0.000001
1.088 3.316947 0.000000
1.089 3.316462 0.000000
1.090 3.315977 0.000000
1.091 3.315493 0.000000
1.092 3.315008 0.000000
1.093 3.314523 0.000000
1.094 3.314040 0.000000
1.095 3.313558 0.000000
1.096 3.313075 0.000000
1.097 3.312593 0.000000
1.098 3.312111 0.000000
1.099 3.311628 0.000000
1.100 3.311146 0.000000
1.101 3.310668 0.000000
1.102 3.310220 0.000000
1.103 3.309772 0.000000
1.104 3.309324 0.000000
1.105 3.308876 0.000000
1.106 3.308428 0.000000
1.107 3.307980 0.000000
1.108 3.307533 0.000000
1.109 3.307089 0.000000
1.110 3.306650 0.000000
1.111 3.306212 0.000000
1.112 3.305774 0.000000
1.113 3.305335 0.000000
1.114 3.304897 0.000000
1.115 3.304459 0.000000
1.116 3.304021 0.000000
1.117 3.303591 0.000000
1.118 3.303167 0.000000
1.119 3.302743 0.000000
1.120 3.302320 0.000000
1.121 3.301896 0.000000
1.122 3.301472 0.000000
1.123 3.301048 0.000000
1.124 3.300625 0.000000
1.125 3.300217 0.000000
1.126 3.299819 0.000000
1.127 3.299421 0.000000
1.128 3.299023 0.000000
1.129 3.298625 0.000000
1.130 3.298227 0.000000
1.131 3.297829 0.000000
1.132 3.297431 0.000000
1.133 3.297034 0.000000
1.134 3.296637 0.000000
1.135 3.296240 0.000000
1.136 3.295844 0.000000
1.137 3.295447 0.000000
1.138 3.295050 0.000000
1.139 3.294653 0.000000
1.140 3.294256 0.000000
1.141 3.293871 0.000000
1.142 3.293503 0.000000
1.143 3.293135 0.000000
1.144 3.292767 0.000000
1.145 3.292399 0.000000
1.146 3.292031 0.000000
1.147 3.291663 0.000000
1.148 3.291295 0.000000
1.149 3.290928 0.000000
1.150 3.290564 0.000000
1.151 3.290200 0.000000
1.152 3.289836 0.000000
1.153 3.289473 0.000000
1.154 3.289109 0.000000
1.155 3.288745 0.000000
1.156 3.288381 0.000000
1.157 3.288018 0.000000
1.158 3.287665 0.000000
1.159 3.287318 0.000000
1.160 3.286971 0.000000
1.161 3.286624 0.000000
1.162 3.286277 0.000000
1.163 3.285929 0.000000
1.164 3.285582 0.000000
1.165 3.285235 0.000000
1.166 3.284891 0.000000
1.167 3.284565 0.000000
1.168 3.284238 0.000000
1.169 3.283912 0.000000
1.170 3.283586 0.000000
1.171 3.283260 0.000000
1.172 3.282933 0.000000
1.173 3.282607 0.000000
1.174 3.282281 0.000000
1.175 3.281956 0.000000
1.176 3.281631 0.000000
1.177 3.281307 0.000000
1.178 3.280983 0.000000
1.179 3.280658 0.000000
1.180 3.280334 0.000000
1.181 3.280010 0.000000
1.182 3.279686 0.000000
1.183 3.279361 0.000000
1.184 3.279050 0.000000
1.185 3.278746 0.000000
1.186 3.278442 0.000000
1.187 3.278138 0.000000
1.188 3.277834 0.000000
1.189 3.277530 0.000000
1.190 3.277226 0.000000
1.191 3.276921 0.000000
1.192 3.276617 0.000000
1.193 3.276315 0.000000
1.194 3.276012 0.000000
1.195 3.275710 0.000000
1.196 3.275408 0.000000
1.197 3.275106 0.000000
1.198 3.274804 0.000000
1.199 3.274502 0.000000
1.200 3.274200 0.000000
1.201 3.273897 0.000000
1.202 3.273603 0.000000
1.203 3.273313 0.000000
1.204 3.273023 0.000000
1.205 3.272732 0.000000
1.206 3.272442 0.000000
1.207 3.272152 0.000000
1.208 3.271862 0.000000
1.209 3.271571 0.000000
1.210 3.271281 0.000000
1.211 3.270996 0.000000
1.212 3.270716 0.000000
1.213 3.270437 0.000000
1.214 3.270157 0.000000
1.215 3.269878 0.000000
1.216 3.269598 0.000000
1.217 3.269318 0.000000
1.218 3.269039 0.000000
1.219 3.268759 0.000000
1.220 3.268480 0.000000
1.221 3.268203 0.000000
1.222 3.267927 0.000000
1.223 3.267650 0.000000
1.224 3.267374 0.000000
1.225 3.267097 0.000000
1.226 3.266820 0.000000
1.227 3.266544 0.000000
1.228 3.266267 0.000000
1.229 3.265990 0.000000
1.230 3.265725 0.000000
1.231 3.265465 0.000000
1.232 3.265206 0.000000
1.233 3.264947 0.000000
1.234 3.264688 0.000000
1.235 3.264428 0.000000
1.236 3.264169 0.000000
1.237 3.263910 0.000000
1.238 3.263650 0.000000
1.239 3.263391 0.000000
1.240 3.263133 0.000000
1.241 3.262875 0.000000
1.242 3.262617 0.000000
1.243 3.262359 0.000000
1.244 3.262101 0.000000
1.245 3.261843 0.000000
1.246 3.261585 0.000000
1.247 3.261327 0.000000
1.248 3.261069 0.000000
1.249 3.260814 0.000000
1.250 3.260572 0.000000
1.251 3.260330 0.000000
1.252 3.260089 0.000000
1.253 3.259847 0.000000
1.254 3.259605 0.000000
1.255 3.259363 0.000000
1.256 3.259121 0.000000
1.257 3.258879 0.000000
1.258 3.258637 0.000000
1.259 3.258398 0.000000
1.260 3.258167 0.000000
1.261 3.257935 0.000000
1.262 3.257703 0.000000
1.263 3.257472 0.000000
1.264 3.257240 0.000000
1.265 3.257009 0.000000
1.266 3.256777 0.000000
1.267 3.256546 0.000000
1.268 3.256314 0.000000
1.269 3.256083 0.000000
1.270 3.255854 0.000000
1.271 3.255625 0.000000
1.272 3.255397 0.000000
1.273 3.255168 0.000000
1.274 3.254939 0.000000
1.275 3.254710 0.000000
1.276 3.254482 0.000000
1.277 3.254253 0.000000
1.278 3.254024 0.000000
1.279 3.253795 0.000000
1.280 3.253576 0.000000
1.281 3.253358 0.000000
1.282 3.253140 0.000000
1.283 3.252921 0.000000
1.284 3.252703 0.000000
1.285 3.252485 0.000000
1.286 3.252267 0.000000
1.287 3.252049 0.000000
1.288 3.251831 0.000000
1.289 3.251613 0.000000
1.290 3.251395 0.000000
1.291 3.251177 0.000000
1.292 3.250959 0.000000
1.293 3.250742 0.000000
1.294 3.250524 0.000000
1.295 3.250306 0.000000
1.296 3.250088 0.000000
1.297 3.249871 0.000000
1.298 3.249653 0.000000
1.299 3.249435 0.000000
1.300 3.249217 0.000000
1.301 3.249010 0.000000
1.302 3.248806 0.000000
1.303 3.248601 0.000000
1.304 3.248397 0.000000
1.305 3.248192 0.000000
1.306 3.247988 0.000000
1.307 3.247783 0.000000
1.308 3.247579 0.000000
1.309 3.247375 0.000000
1.310 3.247170 0.000000
1.311 3.246966 0.000000
1.312 3.246767 0.000000
1.313 3.246568 0.000000
1.314 3.246370 0.000000
1.315 3.246171 0.000000
1.316 3.245972 0.000000
1.317 3.245773 0.000000
1.318 3.245575 0.000000
1.319 3.245376 0.000000
1.320 3.245177 0.000000
1.321 3.244978 0.000000
1.322 3.244780 0.000000
1.323 3.244586 0.000000
1.324 3.244392 0.000000
1.325 3.244198 0.000000
1.326 3.244004 0.000000
1.327 3.243810 0.000000
1.328 3.243616 0.000000
1.329 3.243422 0.000000
1.330 3.243228 0.000000
1.331 3.243035 0.000000
1.332 3.242841 0.000000
1.333 3.242647 0.000000
1.334 3.242464 0.000000
1.335 3.242282 0.000000
1.336 3.242100 0.000000
1.337 3.241918 0.000000
1.338 3.241737 0.000000
1.339 3.241555 0.000000
1.340 3.241373 0.000000
1.341 3.241192 0.000000
1.342 3.241010 0.000000
1.343 3.240828 0.000000
1.344 3.240647 0.000000
1.345 3.240465 0.000000
1.346 3.240284 0.000000
1.347 3.240103 0.000000
1.348 3.239922 0.000000
1.349 3.239741 0.000000
1.350 3.239560 0.000000
1.351 3.239378 0.000000
1.352 3.239197 0.000000
1.353 3.239016 0.000000
1.354 3.238835 0.000000
1.355 3.238654 0.000000
1.356 3.238473 0.000000
1.357 3.238301 0.000000
1.358 3.238129 0.000000
1.359 3.237958 0.000000
1.360 3.237786 0.000000
1.361 3.237615 0.000000
1.362 3.237443 0.000000
1.363 3.237271 0.000000
1.364 3.237100 0.000000
1.365 3.236928 0.000000
1.366 3.236757 0.000000
1.367 3.236585 0.000000
1.368 3.236414 0.000000
1.369 3.236245 0.000000
1.370 3.236076 0.000000
1.371 3.235907 0.000000
1.372 3.235738 0.000000
1.373 3.235569 0.000000
1.374 3.235400 0.000000
1.375 3.235232 0.000000
1.376 3.235063 0.000000
1.377 3.234894 0.000000
1.378 3.234725 0.000000
1.379 3.234556 0.000000
1.380 3.234389 0.000000
1.381 3.234225 0.000000
1.382 3.234062 0.000000
1.383 3.233899 0.000000
1.384 3.233735 0.000000
1.385 3.233572 0.000000
1.386 3.233409 0.000000
1.387 3.233245 0.000000
1.388 3.233082 0.000000
1.389 3.232919 0.000000
1.390 3.232755 0.000000
1.391 3.232592 0.000000
1.392 3.232430 0.000000
1.393 3.232277 0.000000
1.394 3.232124 0.000000
1.395 3.231970 0.000000
1.396 3.231817 0.000000
1.397 3.231664 0.000000
1.398 3.231510 0.000000
1.399 3.231357 0.000000
1.400 3.231204 0.000000
1.401 3.231050 0.000000
1.402 3.230897 0.000000
1.403 3.230744 0.000000
1.404 3.230590 0.000000
1.405 3.230437 0.000000
1.406 3.230284 0.000000
1.407 3.230132 0.000000
1.408 3.229979 0.000000
1.409 3.229826 0.000000
1.410 3.229673 0.000000
1.411 3.229520 0.000000
1.412 3.229367 0.000000
1.413 3.229214 0.000000
1.414 3.229061 0.000000
1.415 3.228908 0.000000
1.416 3.228755 0.000000
1.417 3.228604 0.000000
1.418 3.228461 0.000000
1.419 3.228317 0.000000
1.420 3.228174 0.000000
1.421 3.228030 0.000000
1.422 3.227887 0.000000
1.423 3.227744 0.000000
1.424 3.227600 0.000000
1.425 3.227457 0.000000
1.426 3.227313 0.000000
1.427 3.227170 0.000000
1.428 3.227026 0.000000
1.429 3.226883 0.000000
1.430 3.226740 0.000000
1.431 3.226598 0.000000
1.432 3.226456 0.000000
1.433 3.226314 0.000000
1.434 3.226171 0.000000
1.435 3.226029 0.000000
1.436 3.225887 0.000000
1.437 3.225745 0.000000
1.438 3.225603 0.000000
1.439 3.225461 0.000000
1.440 3.225319 0.000000
1.441 3.225177 0.000000
1.442 3.225035 0.000000
1.443 3.224894 0.000000
1.444 3.224757 0.000000
1.445 3.224619 0.000000
1.446 3.224481 0.000000
1.447 3.224344 0.000000
1.448 3.224206 0.000000
1.449 3.224069 0.000000
1.450 3.223931 0.000000
1.451 3.223793 0.000000
1.452 3.223656 0.000000
1.453 3.223518 0.000000
1.454 3.223381 0.000000
1.455 3.223243 0.000000
1.456 3.223106 0.000000
1.457 3.222974 0.000000
1.458 3.222842 0.000000
1.459 3.222710 0.000000
1.460 3.222578 0.000000
1.461 3.222446 0.000000
1.462 3.222314 0.000000
1.463 3.222182 0.000000
1.464 3.222050 0.000000
1.465 3.221918 0.000000
1.466 3.221786 0.000000
1.467 3.221654 0.000000
1.468 3.221522 0.000000
1.469 3.221390 0.000000
1.470 3.221258 0.000000
1.471 3.221127 0.000000
1.472 3.220996 0.000000
1.473 3.220864 0.000000
1.474 3.220733 0.000000
1.475 3.220602 0.000000
1.476 3.220470 0.000000
1.477 3.220339 0.000000
1.478 3.220208 0.000000
1.479 3.220076 0.000000
1.480 3.219945 0.000000
1.481 3.219814 0.000000
1.482 3.219682 0.000000
1.483 3.219551 0.000000
1.484 3.219425 0.000000
1.485 3.219303 0.000000
1.486 3.219180 0.000000
1.487 3.219057 0.000000
1.488 3.218934 0.000000
1.489 3.218812 0.000000
1.490 3.218689 0.000000
1.491 3.218566 0.000000
1.492 3.218443 0.000000
1.493 3.218321 0.000000
1.494 3.218198 0.000000
1.495 3.218075 0.000000
1.496 3.217952 0.000000
1.497 3.217830 0.000000
1.498 3.217707 0.000000
1.499 3.217585 0.000000
1.500 3.217463 0.000000
1.501 3.217341 0.000000
1.502 3.217219 0.000000
1.503 3.217097 0.000000
1.504 3.216975 0.000000
1.505 3.216853 0.000000
1.506 3.216731 0.000000
1.507 3.216609 0.000000
1.508 3.216487 0.000000
1.509 3.216365 0.000000
1.510 3.216243 0.000000
1.511 3.216121 0.000000
1.512 3.216001 0.000000
1.513 3.215886 0.000000
1.514 3.215771 0.000000
1.515 3.215656 0.000000
1.516 3.215541 0.000000
1.517 3.215426 0.000000
1.518 3.215311 0.000000
1.519 3.215196 0.000000
1.520 3.215081 0.000000
1.521 3.214966 0.000000
1.522 3.214851 0.000000
1.523 3.214735 0.000000
1.524 3.214620 0.000000
1.525 3.214505 0.000000
1.526 3.214390 0.000000
1.527 3.214280 0.000000
1.528 3.214171 0.000000
1.529 3.214062 0.000000
1.530 3.213953 0.000000
1.531 3.213844 0.000000
1.532 3.213735 0.000000
1.533 3.213626 0.000000
1.534 3.213517 0.000000
1.535 3.213409 0.000000
1.536 3.213300 0.000000
1.537 3.213191 0.000000
1.538 3.213082 0.000000
1.539 3.212973 0.000000
1.540 3.212864 0.000000
1.541 3.212755 0.000000
1.542 3.212647 0.000000
1.543 3.212539 0.000000
1.544 3.212431 0.000000
1.545 3.212323 0.000000
1.546 3.212214 0.000000
1.547 3.212106 0.000000
1.548 3.211998 0.000000
1.549 3.211890 0.000000
1.550 3.211782 0.000000
1.551 3.211674 0.000000
1.552 3.211566 0.000000
1.553 3.211457 0.000000
1.554 3.211349 0.000000
1.555 3.211241 0.000000
1.556 3.211133 0.000000
1.557 3.211027 0.000000
1.558 3.210923 0.000000
1.559 3.210819 0.000000
1.560 3.210715 0.000000
1.561 3.210611 0.000000
1.562 3.210507 0.000000
1.563 3.210403 0.000000
1.564 3.210299 0.000000
1.565 3.210195 0.000000
1.566 3.210091 0.000000
1.567 3.209987 0.000000
1.568 3.209883 0.000000
1.569 3.209779 0.000000
1.570 3.209675 0.000000
1.571 3.209571 0.000000
1.572 3.209467 0.000000
1.573 3.209363 0.000000
1.574 3.209259 0.000000
1.575 3.209155 0.000000
1.576 3.209051 0.000000
1.577 3.208948 0.000000
1.578 3.208844 0.000000
1.579 3.208740 0.000000
1.580 3.208636 0.000000
1.581 3.208532 0.000000
1.582 3.208428 0.000000
1.583 3.208325 0.000000
1.584 3.208221 0.000000
1.585 3.208117 0.000000
1.586 3.208013 0.000000
1.587 3.207909 0.000000
1.588 3.207808 0.000000
1.589 3.207711 0.000000
1.590 3.207614 0.000000
1.591 3.207518 0.000000
1.592 3.207421 0.000000
1.593 3.207324 0.000000
1.594 3.207228 0.000000
1.595 3.207131 0.000000
1.596 3.207034 0.000000
1.597 3.206938 0.000000
1.598 3.206841 0.000000
1.599 3.206744 0.000000
1.600 3.206648 0.000000
1.601 3.206551 0.000000
1.602 3.206454 0.000000
1.603 3.206358 0.000000
1.604 3.206262 0.000000
1.605 3.206170 0.000000
1.606 3.206077 0.000000
1.607 3.205985 0.000000
1.608 3.205893 0.000000
1.609 3.205801 0.000000
1.610 3.205709 0.000000
1.611 3.205616 0.000000
1.612 3.205524 0.000000
1.613 3.205432 0.000000
1.614 3.205340 0.000000
1.615 3.205248 0.000000
1.616 3.205155 0.000000
1.617 3.205063 0.000000
1.618 3.204971 0.000000
1.619 3.204879 0.000000
1.620 3.204787 0.000000
1.621 3.204695 0.000000
1.622 3.204605 0.000000
1.623 3.204514 0.000000
1.624 3.204423 0.000000
1.625 3.204332 0.000000
1.626 3.204241 0.000000
1.627 3.204151 0.000000
1.628 3.204060 0.000000
1.629 3.203969 0.000000
1.630 3.203878 0.000000
1.631 3.203788 0.000000
1.632 3.203697 0.000000
1.633 3.203606 0.000000
1.634 3.203515 0.000000
1.635 3.203424 0.000000
1.636 3.203334 0.000000
1.637 3.203243 0.000000
1.638 3.203157 0.000000
1.639 3.203072 0.000000
1.640 3.202987 0.000000
1.641 3.202902 0.000000
1.642 3.202816 0.000000
1.643 3.202731 0.000000
1.644 3.202646 0.000000
1.645 3.202560 0.000000
1.646 3.202475 0.000000
1.647 3.202390 0.000000
1.648 3.202305 0.000000
1.649 3.202219 0.000000
1.650 3.202134 0.000000
1.651 3.202049 0.000000
1.652 3.201964 0.000000
1.653 3.201878 0.000000
1.654 3.201793 0.000000
1.655 3.201708 0.000000
1.656 3.201623 0.000000
1.657 3.201538 0.000000
1.658 3.201452 0.000000
1.659 3.201367 0.000000
1.660 3.201282 0.000000
1.661 3.201197 0.000000
1.662 3.201112 0.000000
1.663 3.201027 0.000000
1.664 3.200942 0.000000
1.665 3.200856 0.000000
1.666 3.200771 0.000000
1.667 3.200686 0.000000
1.668 3.200601 0.000000
1.669 3.200516 0.000000
1.670 3.200431 0.000000
1.671 3.200345 0.000000
1.672 3.200262 0.000000
1.673 3.200182 0.000000
1.674 3.200102 0.000000
1.675 3.200022 0.000000
1.676 3.199942 0.000000
1.677 3.199862 0.000000
1.678 3.199782 0.000000
1.679 3.199702 0.000000
1.680 3.199622 0.000000
1.681 3.199541 0.000000
1.682 3.199461 0.000000
1.683 3.199381 0.000000
1.684 3.199301 0.000000
1.685 3.199221 0.000000
1.686 3.199141 0.000000
1.687 3.199061 0.000000
1.688 3.198981 0.000000
1.689 3.198901 0.000000
1.690 3.198822 0.000000
1.691 3.198744 0.000000
1.692 3.198666 0.000000
1.693 3.198588 0.000000
1.694 3.198510 0.000000
1.695 3.198432 0.000000
1.696 3.198354 0.000000
1.697 3.198277 0.000000
1.698 3.198199 0.000000
1.699 3.198121 0.000000
1.700 3.198043 0.000000
1.701 3.197965 0.000000
1.702 3.197887 0.000000
1.703 3.197809 0.000000
1.704 3.197731 0.000000
1.705 3.197653 0.000000
1.706 3.197575 0.000000
1.707 3.197497 0.000000
1.708 3.197420 0.000000
1.709 3.197344 0.000000
1.710 3.197268 0.000000
1.711 3.197192 0.000000
1.712 3.197116 0.000000
1.713 3.197040 0.000000
1.714 3.196964 0.000000
1.715 3.196888 0.000000
1.716 3.196811 0.000000
1.717 3.196735 0.000000
1.718 3.196659 0.000000
1.719 3.196583 0.000000
1.720 3.196507 0.000000
1.721 3.196431 0.000000
1.722 3.196355 0.000000
1.723 3.196279 0.000000
1.724 3.196203 0.000000
1.725 3.196127 0.000000
1.726 3.196051 0.000000
1.727 3.195977 0.000000
1.728 3.195906 0.000000
1.729 3.195835 0.000000
1.730 3.195764 0.000000
1.731 3.195693 0.000000
1.732 3.195622 0.000000
1.733 3.195551 0.000000
1.734 3.195480 0.000000
1.735 3.195408 0.000000
1.736 3.195337 0.000000
1.737 3.195266 0.000000
1.738 3.195195 0.000000
1.739 3.195124 0.000000
1.740 3.195053 0.000000
1.741 3.194982 0.000000
1.742 3.194911 0.000000
1.743 3.194839 0.000000
1.744 3.194768 0.000000
1.745 3.194697 0.000000
1.746 3.194626 0.000000
1.747 3.194555 0.000000
1.748 3.194484 0.000000
1.749 3.194413 0.000000
1.750 3.194342 0.000000
1.751 3.194271 0.000000
1.752 3.194200 0.000000
1.753 3.194129 0.000000
1.754 3.194058 0.000000
1.755 3.193987 0.000000
1.756 3.193916 0.000000
1.757 3.193845 0.000000
1.758 3.193774 0.000000
1.759 3.193703 0.000000
1.760 3.193632 0.000000
1.761 3.193561 0.000000
1.762 3.193490 0.000000
1.763 3.193419 0.000000
1.764 3.193348 0.000000
1.765 3.193277 0.000000
1.766 3.193211 0.000000
1.767 3.193145 0.000000
1.768 3.193079 0.000000
1.769 3.193013 0.000000
1.770 3.192947 0.000000
1.771 3.192881 0.000000
1.772 3.192815 0.000000
1.773 3.192749 0.000000
1.774 3.192683 0.000000
1.775 3.192617 0.000000
1.776 3.192551 0.000000
1.777 3.192485 0.000000
1.778 3.192419 0.000000
1.779 3.192354 0.000000
1.780 3.192288 0.000000
1.781 3.192222 0.000000
1.782 3.192156 0.000000
1.783 3.192090 0.000000
1.784 3.192024 0.000000
1.785 3.191958 0.000000
1.786 3.191893 0.000000
1.787 3.191829 0.000000
1.788 3.191764 0.000000
1.789 3.191699 0.000000
1.790 3.191635 0.000000
1.791 3.191570 0.000000
1.792 3.191506 0.000000
1.793 3.191441 0.000000
1.794 3.191377 0.000000
1.795 3.191312 0.000000
1.796 3.191247 0.000000
1.797 3.191183 0.000000
1.798 3.191118 0.000000
1.799 3.191054 0.000000
1.800 3.190989 0.000000
1.801 3.190924 0.000000
1.802 3.190860 0.000000
1.803 3.190795 0.000000
1.804 3.190731 0.000000
1.805 3.190666 0.000000
1.806 3.190603 0.000000
1.807 3.190540 0.000000
1.808 3.190478 0.000000
1.809 3.190415 0.000000
1.810 3.190352 0.000000
1.811 3.190290 0.000000
1.812 3.190227 0.000000
1.813 3.190165 0.000000
1.814 3.190102 0.000000
1.815 3.190040 0.000000
1.816 3.189977 0.000000
1.817 3.189915 0.000000
1.818 3.189852 0.000000
1.819 3.189789 0.000000
1.820 3.189727 0.000000
1.821 3.189664 0.000000
1.822 3.189602 0.000000
1.823 3.189539 0.000000
1.824 3.189477 0.000000
1.825 3.189414 0.000000
1.826 3.189352 0.000000
1.827 3.189292 0.000000
1.828 3.189233 0.000000
1.829 3.189174 0.000000
1.830 3.189115 0.000000
1.831 3.189056 0.000000
1.832 3.188997 0.000000
1.833 3.188939 0.000000
1.834 3.188880 0.000000
1.835 3.188821 0.000000
1.836 3.188762 0.000000
1.837 3.188703 0.000000
1.838 3.188644 0.000000
1.839 3.188586 0.000000
1.840 3.188527 0.000000
1.841 3.188468 0.000000
1.842 3.188409 0.000000
1.843 3.188350 0.000000
1.844 3.188292 0.000000
1.845 3.188233 0.000000
1.846 3.188174 0.000000
1.847 3.188115 0.000000
1.848 3.188056 0.000000
1.849 3.187998 0.000000
1.850 3.187939 0.000000
1.851 3.187880 0.000000
1.852 3.187821 0.000000
1.853 3.187763 0.000000
1.854 3.187704 0.000000
1.855 3.187645 0.000000
1.856 3.187587 0.000000
1.857 3.187528 0.000000
1.858 3.187469 0.000000
1.859 3.187411 0.000000
1.860 3.187352 0.000000
1.861 3.187293 0.000000
1.862 3.187234 0.000000
1.863 3.187176 0.000000
1.864 3.187117 0.000000
1.865 3.187058 0.000000
1.866 3.187000 0.000000
1.867 3.186941 0.000000
1.868 3.186882 0.000000
1.869 3.186824 0.000000
1.870 3.186767 0.000000
1.871 3.186713 0.000000
1.872 3.186659 0.000000
1.873 3.186605 0.000000
1.874 3.186551 0.000000
1.875 3.186497 0.000000
1.876 3.186443 0.000000
1.877 3.186389 0.000000
1.878 3.186335 0.000000
1.879 3.186281 0.000000
1.880 3.186227 0.000000
1.881 3.186173 0.000000
1.882 3.186119 0.000000
1.883 3.186065 0.000000
1.884 3.186011 0.000000
1.885 3.185956 0.000000
1.886 3.185902 0.000000
1.887 3.185848 0.000000
1.888 3.185794 0.000000
1.889 3.185740 0.000000
1.890 3.185686 0.000000
1.891 3.185632 0.000000
1.892 3.185578 0.000000
1.893 3.185525 0.000000
1.894 3.185471 0.000000
1.895 3.185418 0.000000
1.896 3.185365 0.000000
1.897 3.185311 0.000000
1.898 3.185258 0.000000
1.899 3.185205 0.000000
1.900 3.185151 0.000000
1.901 3.185098 0.000000
1.902 3.185044 0.000000
1.903 3.184991 0.000000
1.904 3.184938 0.000000
1.905 3.184884 0.000000
1.906 3.184831 0.000000
1.907 3.184778 0.000000
1.908 3.184724 0.000000
1.909 3.184671 0.000000
1.910 3.184617 0.000000
1.911 3.184564 0.000000
1.912 3.184511 0.000000
1.913 3.184457 0.000000
1.914 3.184404 0.000000
1.915 3.184351 0.000000
1.916 3.184300 0.000000
1.917 3.184249 0.000000
1.918 3.184197 0.000000
1.919 3.184146 0.000000
1.920 3.184095 0.000000
1.921 3.184044 0.000000
1.922 3.183993 0.000000
1.923 3.183941 0.000000
1.924 3.183890 0.000000
1.925 3.183839 0.000000
1.926 3.183788 0.000000
1.927 3.183737 0.000000
1.928 3.183685 0.000000
1.929 3.183634 0.000000
1.930 3.183583 0.000000
1.931 3.183532 0.000000
1.932 3.183481 0.000000
1.933 3.183429 0.000000
1.934 3.183378 0.000000
1.935 3.183327 0.000000
1.936 3.183276 0.000000
1.937 3.183225 0.000000
1.938 3.183173 0.000000
1.939 3.183124 0.000000
1.940 3.183076 0.000000
1.941 3.183027 0.000000
1.942 3.182979 0.000000
1.943 3.182930 0.000000
1.944 3.182882 0.000000
1.945 3.182833 0.000000
1.946 3.182785 0.000000
1.947 3.182736 0.000000
1.948 3.182688 0.000000
1.949 3.182639 0.000000
1.950 3.182591 0.000000