0.253 1.911713 3.190217
0.254 1.953632 3.209349
0.255 1.992955 3.226296
0.256 2.030385 3.239914
0.257 2.072852 3.253808
0.258 2.116020 3.267294
0.259 2.159398 3.281096
0.260 2.202471 3.294515
0.261 2.252217 3.307839
0.262 2.296815 3.320540
0.263 2.346019 3.325243
0.264 2.396864 3.334526
0.265 2.448229 3.333487
0.266 2.506470 3.336394
0.267 2.558958 3.332599
0.268 2.609699 3.326256
0.269 2.665801 3.318808
0.270 2.717216 3.306763
0.271 2.771247 3.292212
0.272 2.820642 3.275856
0.273 2.871953 3.256633
0.274 2.918886 3.233362
0.275 2.968053 3.209855
0.276 3.012068 3.186494
0.277 3.052866 3.156864
0.278 3.092707 3.128065
0.279 3.131985 3.094820
0.280 3.170334 3.067390
0.281 3.206949 3.033639
0.282 3.236850 2.995616
0.283 3.265790 2.959354
0.284 3.296471 2.926920
0.285 3.320317 2.887960
0.286 3.343530 2.851622
0.287 3.366517 2.816337
0.288 3.385221 2.779453
0.289 3.402587 2.742413
0.290 3.418425 2.707367
0.291 3.433588 2.672832
0.292 3.443999 2.635127
0.293 3.453946 2.599465
0.294 3.463698 2.564870
0.295 3.470300 2.531895
0.296 3.474234 2.499786
0.297 3.476567 2.470088
0.298 3.480913 2.437491
0.299 3.486666 2.409152
0.300 3.484947 2.375875
0.301 3.483076 2.349812
0.302 3.480860 2.324038
0.303 3.478922 2.298309
0.304 3.477076 2.272626
0.305 3.474877 2.251766
0.306 3.466699 2.230569
0.307 3.463007 2.208907
0.308 3.456676 2.189698
0.309 3.451271 2.166553
0.310 3.446638 2.149227
0.311 3.439547 2.131241
0.312 3.436703 2.117660
0.313 3.427475 2.097823
0.314 3.420883 2.085100
0.315 3.415228 2.073116
0.316 3.406843 2.060867
0.317 3.404992 2.048934
0.318 3.396763 2.036729
0.319 3.390819 2.024865
0.320 3.384327 2.013083
0.321 3.376098 2.001318
0.322 3.370477 1.993243
0.323 3.363399 1.986716
0.324 3.356731 1.977256
0.325 3.353587 1.971794
0.326 3.348872 1.962073
0.327 3.342208 1.956111
0.328 3.334672 1.948483
0.329 3.332609 1.945140
0.330 3.326939 1.938986
0.331 3.322953 1.932143
0.332 3.319784 1.930478
0.333 3.313474 1.926356
0.334 3.311791 1.922322
0.335 3.305275 1.919889
0.336 3.302463 1.914559
0.337 3.297813 1.913827
0.338 3.293531 1.912061
0.339 3.292748 1.906806
0.340 3.289285 1.905406
0.341 3.283760 1.905405
0.342 3.283181 1.905406
0.343 3.282710 1.905600
0.344 3.281353 1.904795
0.345 3.277640 1.901384
0.346 3.272970 1.897365
0.347 3.272826 1.897355
0.348 3.272396 1.897446
0.349 3.272014 1.897792
0.350 3.271904 1.897903
0.351 3.271564 1.898243
0.352 3.271448 1.898330
0.353 3.271113 1.898348
0.354 3.270976 1.898665
0.355 3.270683 1.898847
0.356 3.270495 1.899678
0.357 3.270257 1.901508
0.358 3.270014 1.906957
0.359 3.270014 1.908331
0.360 3.270014 1.908479
0.361 3.269885 1.908933
0.362 3.270338 1.909275
0.363 3.272753 1.909494
0.364 3.276946 1.910698
0.365 3.278065 1.913773
0.366 3.278317 1.918859
0.367 3.280362 1.919215
0.368 3.283877 1.919668
0.369 3.286600 1.919790
0.370 3.286602 1.921884
0.371 3.288196 1.924175
0.372 3.290700 1.928907
0.373 3.295858 1.930006
0.374 3.297547 1.931193
0.375 3.301153 1.933559
0.376 3.305275 1.937702
0.377 3.307270 1.940228
0.378 3.311773 1.940754
0.379 3.314898 1.943286
0.380 3.316728 1.945198
0.381 3.322282 1.950087
0.382 3.324791 1.952044
0.383 3.328933 1.954276
0.384 3.333556 1.958000
0.385 3.337500 1.961010
0.386 3.341329 1.963029
0.387 3.344327 1.965540
0.388 3.350735 1.970364
0.389 3.354098 1.972172
0.390 3.360356 1.974543
0.391 3.363242 1.976599
0.392 3.370140 1.982438
0.393 3.374387 1.985069
0.394 3.381345 1.988132
0.395 3.386152 1.993622
0.396 3.393931 1.995667
0.397 3.398445 2.000160
0.398 3.404989 2.004162
0.399 3.411020 2.007069
0.400 3.418242 2.013377
0.401 3.425779 2.016438
0.402 3.434899 2.022310
0.403 3.439860 2.025617
0.404 3.447470 2.027982
0.405 3.455526 2.034457
0.406 3.463820 2.038341
0.407 3.469549 2.044771
0.408 3.479067 2.049144
0.409 3.490499 2.055159
0.410 3.501506 2.059525
0.411 3.512995 2.065592
0.412 3.526515 2.069942
0.413 3.537786 2.075417
0.414 3.549338 2.080136
0.415 3.564075 2.085138
0.416 3.578724 2.090307
0.417 3.592708 2.094413
0.418 3.610625 2.097881
0.419 3.626252 2.101016
0.420 3.642402 2.101468
0.421 3.660813 2.100531
0.422 3.680720 2.099512
0.423 3.700573 2.098142
0.424 3.719325 2.092579
0.425 3.740371 2.087596
0.426 3.759539 2.081414
0.427 3.775768 2.072139
0.428 3.792148 2.062569
0.429 3.805554 2.053806
0.430 3.819311 2.041288
0.431 3.831286 2.029885
0.432 3.841769 2.019783
0.433 3.851958 2.007774
0.434 3.859136 1.997100
0.435 3.863133 1.985280
0.436 3.868156 1.974005
0.437 3.873128 1.967219
0.438 3.874208 1.958758
0.439 3.877710 1.949218
0.440 3.881490 1.945464
0.441 3.882716 1.944295
0.442 3.883756 1.940222
0.443 3.884947 1.937822
0.444 3.886754 1.939339
0.445 3.889857 1.941967
0.446 3.893128 1.944607
0.447 3.896504 1.947370
0.448 3.902049 1.952522
0.449 3.909632 1.960126
0.450 3.915569 1.965298
0.451 3.927179 1.973093
0.452 3.938614 1.980654
0.453 3.948541 1.989259
0.454 3.965118 1.998188
0.455 3.980381 2.003565
0.456 3.998613 2.010296
0.457 4.020099 2.017878
0.458 4.042224 2.025075
0.459 4.064606 2.031956
0.460 4.089692 2.037361
0.461 4.118276 2.039892
0.462 4.147100 2.040421
0.463 4.175886 2.041135
0.464 4.205260 2.037931
0.465 4.238637 2.033291
0.466 4.271955 2.024811
0.467 4.304990 2.014281
0.468 4.337536 2.003093
0.469 4.369415 1.987662
0.470 4.401164 1.969667
0.471 4.431724 1.949713
0.472 4.459969 1.926405
0.473 4.489415 1.901849
0.474 4.515746 1.874763
0.475 4.539646 1.844702
0.476 4.560265 1.813146
0.477 4.579171 1.781152
0.478 4.597710 1.748489
0.479 4.612522 1.715658
0.480 4.625875 1.682524
0.481 4.641043 1.649006
0.482 4.646297 1.615374
0.483 4.653355 1.581764
0.484 4.658355 1.548311
0.485 4.660643 1.516737
0.486 4.661240 1.487061
0.487 4.659983 1.456538
0.488 4.656483 1.428608
0.489 4.653293 1.401938
0.490 4.648702 1.376185
0.491 4.642032 1.350622
0.492 4.634638 1.325129
0.493 4.628642 1.299716
0.494 4.624090 1.275976
0.495 4.618627 1.254422
0.496 4.611460 1.233023
0.497 4.603271 1.212383
0.498 4.595145 1.193838
0.499 4.586979 1.176661
0.500 4.577351 1.159697
0.501 4.565793 1.142788
0.502 4.554935 1.126069
0.503 4.545954 1.109464
0.504 4.537652 1.095284
0.505 4.529432 1.082686
0.506 4.521250 1.069537
0.507 4.513191 1.057317
0.508 4.505125 1.044669
0.509 4.497074 1.031803
0.510 4.489035 1.020147
0.511 4.480990 1.006608
0.512 4.472980 0.996126
0.513 4.464936 0.986759
0.514 4.456956 0.977564
0.515 4.448922 0.968025
0.516 4.440959 0.958696
0.517 4.432950 0.949616
0.518 4.425077 0.940902
0.519 4.420330 0.932427
0.520 4.415606 0.924154
0.521 4.409343 0.916130
0.522 4.402160 0.908414
0.523 4.394481 0.900962
0.524 4.386570 0.893608
0.525 4.378771 0.886293
0.526 4.371623 0.879491
0.527 4.368795 0.872831
0.528 4.363057 0.866276
0.529 4.356213 0.859838
0.530 4.348914 0.853442
0.531 4.342681 0.847156
0.532 4.338129 0.841090
0.533 4.333664 0.835254
0.534 4.327331 0.829574
0.535 4.320840 0.823760
0.536 4.317327 0.818210
0.537 4.312260 0.812708
0.538 4.305766 0.807444
0.539 4.300118 0.802314
0.540 4.296469 0.797116
0.541 4.291233 0.792200
0.542 4.287840 0.787329
0.543 4.283669 0.782477
0.544 4.278007 0.777711
0.545 4.272027 0.773039
0.546 4.267097 0.768455
0.547 4.263549 0.763971
0.548 4.258666 0.759672
0.549 4.255550 0.755218
0.550 4.251243 0.750989
0.551 4.246982 0.746813
0.552 4.244440 0.742430
0.553 4.238675 0.738340
0.554 4.235990 0.734487
0.555 4.231855 0.730623
0.556 4.227610 0.726705
0.557 4.224417 0.722776
0.558 4.220057 0.719052
0.559 4.216553 0.715332
0.560 4.212720 0.711539
0.561 4.208711 0.707672
0.562 4.204875 0.703766
0.563 4.201482 0.700009
0.564 4.197345 0.696454
0.565 4.194465 0.693076
0.566 4.192815 0.689750
0.567 4.190866 0.686198
0.568 4.186412 0.682597
0.569 4.183082 0.679153
0.570 4.179708 0.675771
0.571 4.174542 0.672315
0.572 4.172401 0.669284
0.573 4.168185 0.666185
0.574 4.164234 0.662957
0.575 4.162637 0.659554
0.576 4.161491 0.656507
0.577 4.157747 0.653484
0.578 4.153837 0.650485
0.579 4.152205 0.647511
0.580 4.151016 0.644159
0.581 4.147686 0.640973
0.582 4.143684 0.637921
0.583 4.141823 0.634935
0.584 4.140593 0.632096
0.585 4.137844 0.629280
0.586 4.133656 0.626467
0.587 4.131272 0.623657
0.588 4.127179 0.620849
0.589 4.123244 0.618043
0.590 4.121128 0.615240
0.591 4.119981 0.612440
0.592 4.117365 0.609785
0.593 4.113335 0.607258
0.594 4.111258 0.604540
0.595 4.109841 0.601776
0.596 4.108095 0.598988
0.597 4.103923 0.596202
0.598 4.101413 0.593419
0.599 4.099799 0.590798
0.600 4.099038 0.588503
0.601 4.098323 0.585966
0.602 4.096112 0.583311
0.603 4.091805 0.580540
0.604 4.089798 0.578244
0.605 4.088331 0.575825
0.606 4.087326 0.573241
0.607 4.082854 0.570679
0.608 4.079802 0.568243
0.609 4.078193 0.565932
0.610 4.077170 0.563375
0.611 4.074343 0.560981
0.612 4.069712 0.558752
0.613 4.068500 0.556219
0.614 4.067606 0.553875
0.615 4.067027 0.551751
0.616 4.065840 0.549279
0.617 4.063322 0.546874
0.618 4.058917 0.544599
0.619 4.057449 0.542266
0.620 4.056630 0.539976
0.621 4.056223 0.537800
0.622 4.054713 0.535489
0.623 4.052461 0.533175
0.624 4.048572 0.531034
0.625 4.046516 0.528885
0.626 4.045543 0.526727
0.627 4.043043 0.524407
0.628 4.040241 0.522226
0.629 4.037063 0.520218
0.630 4.035939 0.518043
0.631 4.035258 0.515839
0.632 4.034809 0.513635
0.633 4.032510 0.511586
0.634 4.029121 0.509627
0.635 4.026894 0.507511
0.636 4.025328 0.505340
0.637 4.024866 0.503078
0.638 4.024163 0.501043
0.639 4.023059 0.499093
0.640 4.018702 0.497192
0.641 4.015836 0.495288
0.642 4.014934 0.493381
0.643 4.014415 0.491279
0.644 4.013877 0.489113
0.645 4.012005 0.486896
0.646 4.009398 0.484812
0.647 4.005735 0.482921
0.648 4.004360 0.481032
0.649 4.003877 0.479144
0.650 4.003498 0.477258
0.651 4.003072 0.475373
0.652 4.002544 0.473490
0.653 4.000389 0.471609
0.654 3.997119 0.469729
0.655 3.995132 0.467850
0.656 3.993504 0.465973
0.657 3.992956 0.464098
0.658 3.992174 0.462225
0.659 3.991014 0.460352
0.660 3.988226 0.458620
0.661 3.984479 0.456970
0.662 3.983350 0.455181
0.663 3.982649 0.453365
0.664 3.982166 0.451500
0.665 3.981001 0.449637
0.666 3.978307 0.447775
0.667 3.975817 0.445915
0.668 3.973516 0.444056
0.669 3.972548 0.442288
0.670 3.972115 0.440555
0.671 3.971825 0.438826
0.672 3.971483 0.437089
0.673 3.970339 0.435258
0.674 3.968574 0.433422
0.675 3.964915 0.431574
0.676 3.962495 0.429817
0.677 3.961895 0.428195
0.678 3.961346 0.426555
0.679 3.960838 0.424901
0.680 3.958578 0.423360
0.681 3.955535 0.421869
0.682 3.953558 0.420198
0.683 3.951818 0.418487
0.684 3.951390 0.416799
0.685 3.951057 0.415118
0.686 3.950829 0.413545
0.687 3.950364 0.411975
0.688 3.948415 0.410426
0.689 3.946276 0.408865
0.690 3.943484 0.407267
0.691 3.941441 0.405620
0.692 3.941159 0.403854
0.693 3.940900 0.402221
0.694 3.940685 0.400822
0.695 3.940139 0.399368
0.696 3.939127 0.397836
0.697 3.936921 0.396260
0.698 3.933299 0.394631
0.699 3.931232 0.393106
0.700 3.930793 0.391689
0.701 3.930309 0.390174
0.702 3.929781 0.388564
0.703 3.927943 0.387067
0.704 3.924881 0.385677
0.705 3.922714 0.384227
0.706 3.921392 0.382720
0.707 3.920612 0.381163
0.708 3.920374 0.379556
0.709 3.920151 0.378110
0.710 3.919946 0.376844
0.711 3.918713 0.375516
0.712 3.916155 0.374110
0.713 3.913838 0.372685
0.714 3.911899 0.371233
0.715 3.910508 0.369833
0.716 3.910244 0.368542
0.717 3.909989 0.367194
0.718 3.909761 0.365680
0.719 3.909213 0.364191
0.720 3.907090 0.362828
0.721 3.904963 0.361475
0.722 3.902797 0.360266
0.723 3.900631 0.359057
0.724 3.900317 0.357583
0.725 3.900074 0.356100
0.726 3.899843 0.354752
0.727 3.899613 0.353429
0.728 3.898056 0.352066
0.729 3.895947 0.350687
0.730 3.893781 0.349368
0.731 3.891570 0.348098
0.732 3.890200 0.346797
0.733 3.890092 0.345449
0.734 3.889696 0.344142
0.735 3.888329 0.342974
0.736 3.886899 0.341798
0.737 3.884045 0.340449
0.738 3.881191 0.339099
0.739 3.880469 0.337721
0.740 3.880142 0.336337
0.741 3.879932 0.335119
0.742 3.879789 0.333998
0.743 3.879166 0.332819
0.744 3.877844 0.331554
0.745 3.876291 0.330295
0.746 3.873601 0.329068
0.747 3.870912 0.327841
0.748 3.870415 0.326616
0.749 3.870116 0.325391
0.750 3.869879 0.324293
0.751 3.869674 0.323264
0.752 3.868937 0.322082
0.753 3.867301 0.320642
0.754 3.865612 0.319235
0.755 3.863311 0.318221
0.756 3.861010 0.317207
0.757 3.860340 0.316183
0.758 3.860151 0.315156
0.759 3.859996 0.314040
0.760 3.859883 0.312815
0.761 3.859552 0.311592
0.762 3.857553 0.310386
0.763 3.855554 0.309180
0.764 3.853600 0.308127
0.765 3.851660 0.307120
0.766 3.850451 0.306106
0.767 3.850341 0.305082
0.768 3.850226 0.304054
0.769 3.849914 0.302866
0.770 3.849603 0.301679
0.771 3.848066 0.300608
0.772 3.845799 0.299606
0.773 3.843710 0.298605
0.774 3.842260 0.297601
0.775 3.840809 0.296597
0.776 3.840432 0.295512
0.777 3.840335 0.294407
0.778 3.840072 0.293235
0.779 3.839504 0.291943
0.780 3.838937 0.290651
0.781 3.836438 0.289626
0.782 3.833722 0.288632
0.783 3.831957 0.287650
0.784 3.831462 0.286684
0.785 3.830967 0.285718
0.786 3.830672 0.285001
0.787 3.830389 0.284300
0.788 3.829882 0.283509
0.789 3.829089 0.282604
0.790 3.828295 0.281698
0.791 3.825803 0.280717
0.792 3.823167 0.279730
0.793 3.821466 0.278743
0.794 3.821243 0.277758
0.795 3.821019 0.276773
0.796 3.820803 0.275789
0.797 3.820588 0.274806
0.798 3.819976 0.273823
0.799 3.818293 0.272841
0.800 3.816611 0.271859
0.801 3.814864 0.270879
0.802 3.813089 0.269899
0.803 3.811456 0.268936
0.804 3.811333 0.268154
0.805 3.811209 0.267371
0.806 3.810904 0.266514
0.807 3.810393 0.265572
0.808 3.809883 0.264630
0.809 3.807814 0.263786
0.810 3.805436 0.262961
0.811 3.803382 0.262144
0.812 3.802779 0.261363
0.813 3.802176 0.260583
0.814 3.801717 0.259723
0.815 3.801394 0.258789
0.816 3.801072 0.257855
0.817 3.800317 0.257015
0.818 3.799471 0.256194
0.819 3.798448 0.255378
0.820 3.796151 0.254601
0.821 3.793854 0.253823
0.822 3.792392 0.252992
0.823 3.792186 0.252082
0.824 3.791981 0.251172
0.825 3.791705 0.250452
0.826 3.791394 0.249829
0.827 3.791082 0.249206
0.828 3.789190 0.248510
0.829 3.787120 0.247804
0.830 3.785185 0.247077
0.831 3.784221 0.246186
0.832 3.783256 0.245295
0.833 3.782529 0.244429
0.834 3.782296 0.243617
0.835 3.782063 0.242805
0.836 3.781579 0.242044
0.837 3.780856 0.241332
0.838 3.780133 0.240620
0.839 3.778340 0.239952
0.840 3.776034 0.239305
0.841 3.773728 0.238658
0.842 3.773176 0.237928
0.843 3.773006 0.237181
0.844 3.772835 0.236433
0.845 3.772496 0.235757
0.846 3.772148 0.235085
0.847 3.771712 0.234419
0.848 3.769770 0.233846
0.849 3.767829 0.233273
0.850 3.766049 0.232682
0.851 3.765240 0.231981
0.852 3.764432 0.231280
0.853 3.763712 0.230593
0.854 3.763326 0.229954
0.855 3.762941 0.229315
0.856 3.762416 0.228681
0.857 3.761487 0.228062
0.858 3.760557 0.227443
0.859 3.759370 0.226808
0.860 3.757530 0.226133
0.861 3.755689 0.225457
0.862 3.754360 0.224803
0.863 3.754295 0.224201
0.864 3.754229 0.223598
0.865 3.754091 0.223034
0.866 3.753758 0.222573
0.867 3.753426 0.222112
0.868 3.753001 0.221593
0.869 3.752281 0.220883
0.870 3.751560 0.220174
0.871 3.750615 0.219505
0.872 3.748636 0.219022
0.873 3.746657 0.218538
0.874 3.744858 0.218052
0.875 3.744696 0.217536
0.876 3.744534 0.217019
0.877 3.744372 0.216503
0.878 3.743845 0.215956
0.879 3.743317 0.215408
0.880 3.742789 0.214861
0.881 3.740818 0.214215
0.882 3.738638 0.213555
0.883 3.736458 0.212896
0.884 3.735740 0.212391
0.885 3.735568 0.211945
0.886 3.735396 0.211500
0.887 3.735115 0.211040
0.888 3.734748 0.210568
0.889 3.734381 0.210097
0.890 3.733533 0.209630
0.891 3.731862 0.209168
0.892 3.730190 0.208706
0.893 3.728638 0.208246
0.894 3.727743 0.207791
0.895 3.726848 0.207336
0.896 3.725954 0.206881
0.897 3.725828 0.206409
0.898 3.725774 0.205936
0.899 3.725720 0.205462
0.900 3.725435 0.205011
0.901 3.725028 0.204571
0.902 3.724621 0.204132
0.903 3.723710 0.203678
0.904 3.721938 0.203201
0.905 3.720166 0.202723
0.906 3.718468 0.202250
0.907 3.717918 0.201855
0.908 3.717368 0.201459
0.909 3.716818 0.201063
0.910 3.716528 0.200772
0.911 3.716335 0.200522
0.912 3.716143 0.200271
0.913 3.715861 0.199961
0.914 3.715425 0.199549
0.915 3.714988 0.199137
0.916 3.714552 0.198725
0.917 3.712574 0.198270
0.918 3.710573 0.197813
0.919 3.708572 0.197357
0.920 3.707661 0.196994
0.921 3.707549 0.196698
0.922 3.707437 0.196403
0.923 3.707299 0.196103
0.924 3.707007 0.195776
0.925 3.706716 0.195449
0.926 3.706424 0.195122
0.927 3.705925 0.194754
0.928 3.705329 0.194366
0.929 3.704734 0.193979
0.930 3.703906 0.193623
0.931 3.702146 0.193393
0.932 3.700386 0.193162
0.933 3.698625 0.192932
0.934 3.698026 0.192596
0.935 3.697957 0.192211
0.936 3.697887 0.191826
0.937 3.697805 0.191455
0.938 3.697653 0.191162
0.939 3.697501 0.190869
0.940 3.697349 0.190577
0.941 3.696997 0.190185
0.942 3.696503 0.189724
0.943 3.696010 0.189262
0.944 3.695516 0.188800
0.945 3.694468 0.188403
0.946 3.693416 0.188006
0.947 3.692363 0.187610
0.948 3.691522 0.187258
0.949 3.691041 0.186981
0.950 3.690560 0.186704
0.951 3.690079 0.186426
0.952 3.689638 0.186242
0.953 3.689212 0.186094
0.954 3.688786 0.185945
0.955 3.688362 0.185794
0.956 3.687967 0.185580
0.957 3.687572 0.185366
0.958 3.687177 0.185153
0.959 3.686773 0.184909
0.960 3.686352 0.184608
0.961 3.685931 0.184306
0.962 3.685510 0.184005
0.963 3.685111 0.183685
0.964 3.684726 0.183353
0.965 3.684342 0.183021
0.966 3.683957 0.182689
0.967 3.683597 0.182252
0.968 3.683242 0.181795
0.969 3.682887 0.181338
0.970 3.682532 0.180888
0.971 3.682182 0.180554
0.972 3.681832 0.180219
0.973 3.681482 0.179885
0.974 3.681136 0.179568
0.975 3.680801 0.179312
0.976 3.680466 0.179055
0.977 3.680131 0.178798
0.978 3.679786 0.178535
0.979 3.679423 0.178261
0.980 3.679060 0.177986
0.981 3.678698 0.177712
0.982 3.678332 0.177392
0.983 3.677964 0.177024
0.984 3.677596 0.176657
0.985 3.677228 0.176290
0.986 3.676897 0.175944
0.987 3.676594 0.175613
0.988 3.676291 0.175283
0.989 3.675987 0.174952
0.990 3.675702 0.174687
0.991 3.675426 0.174458
0.992 3.675151 0.174230
0.993 3.674875 0.174002
0.994 3.674601 0.173725
0.995 3.674328 0.173422
0.996 3.674054 0.173119
0.997 3.673781 0.172816
0.998 3.673468 0.172432
0.999 3.673133 0.172003
1.000 3.672799 0.171575
1.001 3.672464 0.171146
1.002 3.672126 0.170748
1.003 3.671784 0.170369
1.004 3.671443 0.169990
1.005 3.671101 0.169610
1.006 3.670778 0.169212
1.007 3.670469 0.168797
1.008 3.670160 0.168381
1.009 3.669852 0.167966
1.010 3.669551 0.167581
1.011 3.669262 0.167235
1.012 3.668973 0.166889
1.013 3.668684 0.166543
1.014 3.668400 0.166208
1.015 3.668129 0.165897
1.016 3.667859 0.165586
1.017 3.667588 0.165275
1.018 3.667318 0.164973
1.019 3.667051 0.164739
1.020 3.666783 0.164505
1.021 3.666515 0.164271
1.022 3.666247 0.164038
1.023 3.665967 0.163679
1.024 3.665686 0.163306
1.025 3.665404 0.162932
1.026 3.665123 0.162559
1.027 3.664829 0.162155
1.028 3.664527 0.161735
1.029 3.664226 0.161315
1.030 3.663924 0.160896
1.031 3.663628 0.160434
1.032 3.663343 0.159902
1.033 3.663058 0.159371
1.034 3.662773 0.158839
1.035 3.662490 0.158311
1.036 3.662235 0.157842
1.037 3.661981 0.157373
1.038 3.661727 0.156904
1.039 3.661473 0.156434
1.040 3.661218 0.156068
1.041 3.660964 0.155744
1.042 3.660710 0.155420
1.043 3.660456 0.155097
1.044 3.660202 0.154792
1.045 3.659947 0.154528
1.046 3.659692 0.154265
1.047 3.659438 0.154001
1.048 3.659183 0.153737
1.049 3.658938 0.153392
1.050 3.658693 0.153037
1.051 3.658449 0.152682
1.052 3.658205 0.152326
1.053 3.657961 0.151956
1.054 3.657718 0.151564
1.055 3.657475 0.151173
1.056 3.657232 0.150781
1.057 3.656989 0.150390
1.058 3.656761 0.150016
1.059 3.656535 0.149643
1.060 3.656308 0.149270
1.061 3.656082 0.148898
1.062 3.655857 0.148525
1.063 3.655635 0.148152
1.064 3.655412 0.147780
1.065 3.655190 0.147407
1.066 3.654967 0.147034
1.067 3.654732 0.146694
1.068 3.654494 0.146361
1.069 3.654255 0.146029
1.070 3.654017 0.145696
1.071 3.653781 0.145375
1.072 3.653556 0.145105
1.073 3.653331 0.144836
1.074 3.653106 0.144566
1.075 3.652881 0.144296
1.076 3.652648 0.144011
1.077 3.652406 0.143711
1.078 3.652164 0.143411
1.079 3.651923 0.143111
1.080 3.651681 0.142811
1.081 3.651450 0.142489
1.082 3.651222 0.142162
1.083 3.650993 0.141835
1.084 3.650765 0.141509
1.085 3.650538 0.141178
1.086 3.650327 0.140793
1.087 3.650117 0.140409
1.088 3.649907 0.140025
1.089 3.649697 0.139641
1.090 3.649483 0.139272
1.091 3.649260 0.138941
1.092 3.649037 0.138610
1.093 3.648814 0.138279
1.094 3.648591 0.137948
1.095 3.648370 0.137653
1.096 3.648152 0.137400
1.097 3.647934 0.137147
1.098 3.647715 0.136895
1.099 3.647497 0.136642
1.100 3.647281 0.136437
1.101 3.647066 0.136265
1.102 3.646851 0.136093
1.103 3.646636 0.135921
1.104 3.646421 0.135749
1.105 3.646212 0.135611
1.106 3.646005 0.135489
1.107 3.645799 0.135368
1.108 3.645592 0.135246
1.109 3.645386 0.135125
1.110 3.645182 0.134959
1.111 3.644980 0.134775
1.112 3.644777 0.134591
1.113 3.644575 0.134407
1.114 3.644373 0.134224
1.115 3.644176 0.134054
1.116 3.643982 0.133890
1.117 3.643788 0.133726
1.118 3.643593 0.133562
1.119 3.643399 0.133398
1.120 3.643233 0.133245
1.121 3.643082 0.133097
1.122 3.642930 0.132950
1.123 3.642778 0.132803
1.124 3.642626 0.132655
1.125 3.642468 0.132492
1.126 3.642307 0.132317
1.127 3.642145 0.132142
1.128 3.641984 0.131967
1.129 3.641822 0.131792
1.130 3.641652 0.131636
1.131 3.641472 0.131506
1.132 3.641291 0.131375
1.133 3.641111 0.131245
1.134 3.640930 0.131114
1.135 3.640747 0.130973
1.136 3.640556 0.130800
1.137 3.640364 0.130627
1.138 3.640173 0.130454
1.139 3.639982 0.130281
1.140 3.639791 0.130107
1.141 3.639602 0.129894
1.142 3.639413 0.129682
1.143 3.639224 0.129470
1.144 3.639036 0.129258
1.145 3.638847 0.129045
1.146 3.638650 0.128899
1.147 3.638450 0.128776
1.148 3.638251 0.128653
1.149 3.638051 0.128530
1.150 3.637851 0.128407
1.151 3.637666 0.128279
1.152 3.637503 0.128145
1.153 3.637340 0.128010
1.154 3.637177 0.127876
1.155 3.637013 0.127742
1.156 3.636851 0.127607
1.157 3.636728 0.127445
1.158 3.636605 0.127284
1.159 3.636481 0.127122
1.160 3.636358 0.126961
1.161 3.636235 0.126799
1.162 3.636085 0.126635
1.163 3.635916 0.126471
1.164 3.635746 0.126306
1.165 3.635577 0.126141
1.166 3.635408 0.125976
1.167 3.635237 0.125809
1.168 3.635049 0.125618
1.169 3.634862 0.125428
1.170 3.634674 0.125238
1.171 3.634487 0.125048
1.172 3.634299 0.124858
1.173 3.634114 0.124643
1.174 3.633930 0.124408
1.175 3.633746 0.124173
1.176 3.633563 0.123938
1.177 3.633379 0.123703
1.178 3.633195 0.123468
1.179 3.633057 0.123367
1.180 3.632919 0.123270
1.181 3.632782 0.123172
1.182 3.632644 0.123075
1.183 3.632507 0.122977
1.184 3.632372 0.122879
1.185 3.632242 0.122780
1.186 3.632112 0.122680
1.187 3.631982 0.122581
1.188 3.631852 0.122482
1.189 3.631722 0.122382
1.190 3.631579 0.122250
1.191 3.631427 0.122098
1.192 3.631276 0.121946
1.193 3.631124 0.121795
1.194 3.630973 0.121643
1.195 3.630822 0.121491
1.196 3.630656 0.121324
1.197 3.630489 0.121155
1.198 3.630322 0.120986
1.199 3.630155 0.120817
1.200 3.629988 0.120648
1.201 3.629822 0.120480
1.202 3.629675 0.120318
1.203 3.629527 0.120157
1.204 3.629380 0.119995
1.205 3.629232 0.119834
1.206 3.629085 0.119672
1.207 3.628941 0.119513
1.208 3.628814 0.119366
1.209 3.628687 0.119219
1.210 3.628560 0.119071
1.211 3.628432 0.118924
1.212 3.628305 0.118776
1.213 3.628179 0.118640
1.214 3.628058 0.118531
1.215 3.627936 0.118423
1.216 3.627814 0.118314
1.217 3.627692 0.118206
1.218 3.627570 0.118097
1.219 3.627449 0.117969
1.220 3.627330 0.117798
1.221 3.627210 0.117627
1.222 3.627090 0.117456
1.223 3.626971 0.117284
1.224 3.626851 0.117113
1.225 3.626739 0.116945
1.226 3.626647 0.116787
1.227 3.626555 0.116629
1.228 3.626463 0.116471
1.229 3.626371 0.116313
1.230 3.626279 0.116154
1.231 3.626190 0.115993
1.232 3.626115 0.115815
1.233 3.626039 0.115637
1.234 3.625964 0.115459
1.235 3.625889 0.115281
1.236 3.625813 0.115103
1.237 3.625738 0.114925
1.238 3.625667 0.114826
1.239 3.625595 0.114727
1.240 3.625524 0.114629
1.241 3.625453 0.114530
1.242 3.625382 0.114431
1.243 3.625311 0.114332
1.244 3.625241 0.114193
1.245 3.625171 0.114042
1.246 3.625102 0.113892
1.247 3.625032 0.113741
1.248 3.624963 0.113591
1.249 3.624894 0.113441
1.250 3.624825 0.113264
1.251 3.624758 0.113060
1.252 3.624690 0.112856
1.253 3.624623 0.112652
1.254 3.624556 0.112448
1.255 3.624488 0.112244
1.256 3.624421 0.112034
1.257 3.624356 0.111793
1.258 3.624290 0.111552
1.259 3.624225 0.111312
1.260 3.624159 0.111071
1.261 3.624094 0.110830
1.262 3.624028 0.110589
1.263 3.623964 0.110425
1.264 3.623901 0.110290
1.265 3.623838 0.110155
1.266 3.623774 0.110019
1.267 3.623711 0.109884
1.268 3.623648 0.109749
1.269 3.623585 0.109619
1.270 3.623523 0.109507
1.271 3.623462 0.109395
1.272 3.623401 0.109283
1.273 3.623339 0.109171
1.274 3.623278 0.109059
1.275 3.623216 0.108947
1.276 3.623157 0.108831
1.277 3.623098 0.108714
1.278 3.623038 0.108597
1.279 3.622979 0.108481
1.280 3.622920 0.108364
1.281 3.622861 0.108247
1.282 3.622802 0.108121
1.283 3.622745 0.107896
1.284 3.622688 0.107671
1.285 3.622631 0.107447
1.286 3.622574 0.107222
1.287 3.622517 0.106997
1.288 3.622460 0.106773
1.289 3.622404 0.106566
1.290 3.622349 0.106387
1.291 3.622295 0.106208
1.292 3.622240 0.106029
1.293 3.622185 0.105850
1.294 3.622131 0.105671
1.295 3.622076 0.105492
1.296 3.622023 0.105290
1.297 3.621970 0.105076
1.298 3.621918 0.104861
1.299 3.621865 0.104647
1.300 3.621813 0.104432
1.301 3.621761 0.104218
1.302 3.621708 0.104003
1.303 3.621658 0.103794
1.304 3.621608 0.103585
1.305 3.621558 0.103376
1.306 3.621508 0.103167
1.307 3.621457 0.102958
1.308 3.621407 0.102749
1.309 3.621357 0.102540
1.310 3.621310 0.102328
1.311 3.621262 0.102116
1.312 3.621214 0.101903
1.313 3.621167 0.101691
1.314 3.621119 0.101479
1.315 3.621072 0.101266
1.316 3.621024 0.101054
1.317 3.620979 0.100876
1.318 3.620934 0.100700
1.319 3.620889 0.100524
1.320 3.620843 0.100348
1.321 3.620798 0.100172
1.322 3.620753 0.099996
1.323 3.620708 0.099821
1.324 3.620665 0.099648
1.325 3.620622 0.099476
1.326 3.620580 0.099304
1.327 3.620537 0.099131
1.328 3.620495 0.098959
1.329 3.620452 0.098787
1.330 3.620410 0.098615
1.331 3.620369 0.098422
1.332 3.620329 0.098223
1.333 3.620289 0.098025
1.334 3.620249 0.097826
1.335 3.620209 0.097628
1.336 3.620170 0.097429
1.337 3.620130 0.097231
1.338 3.620091 0.097034
1.339 3.620054 0.096840
1.340 3.620017 0.096645
1.341 3.619979 0.096450
1.342 3.619942 0.096255
1.343 3.619905 0.096061
1.344 3.619867 0.095866
1.345 3.619831 0.095668
1.346 3.619796 0.095463
1.347 3.619762 0.095258
1.348 3.619727 0.095053
1.349 3.619693 0.094848
1.350 3.619658 0.094642
1.351 3.619624 0.094437
1.352 3.619589 0.094232
1.353 3.619558 0.094036
1.354 3.619527 0.093841
1.355 3.619496 0.093646
1.356 3.619465 0.093451
1.357 3.619433 0.093256
1.358 3.619402 0.093061
1.359 3.619371 0.092865
1.360 3.619342 0.092687
1.361 3.619314 0.092526
1.362 3.619286 0.092365
1.363 3.619259 0.092204
1.364 3.619231 0.092043
1.365 3.619203 0.091881
1.366 3.619175 0.091720
1.367 3.619148 0.091559
1.368 3.619124 0.091341
1.369 3.619100 0.091123
1.370 3.619075 0.090904
1.371 3.619051 0.090686
1.372 3.619027 0.090467
1.373 3.619003 0.090249
1.374 3.618979 0.090031
1.375 3.618957 0.089827
1.376 3.618937 0.089649
1.377 3.618917 0.089470
1.378 3.618897 0.089291
1.379 3.618877 0.089112
1.380 3.618857 0.088934
1.381 3.618837 0.088755
1.382 3.618817 0.088576
1.383 3.618801 0.088384
1.384 3.618785 0.088187
1.385 3.618770 0.087989
1.386 3.618755 0.087791
1.387 3.618740 0.087594
1.388 3.618725 0.087396
1.389 3.618710 0.087198
1.390 3.618694 0.087001
1.391 3.618684 0.086791
1.392 3.618675 0.086580
1.393 3.618665 0.086369
1.394 3.618655 0.086158
1.395 3.618646 0.085947
1.396 3.618636 0.085736
1.397 3.618626 0.085526
1.398 3.618617 0.085314
1.399 3.618613 0.085086
1.400 3.618610 0.084858
1.401 3.618606 0.084630
1.402 3.618603 0.084402
1.403 3.618599 0.084174
1.404 3.618596 0.083946
1.405 3.618593 0.083718
1.406 3.618590 0.083482
1.407 3.618594 0.083180
1.408 3.618597 0.082877
1.409 3.618601 0.082574
1.410 3.618605 0.082271
1.411 3.618609 0.081969
1.412 3.618613 0.081666
1.413 3.618617 0.081363
1.414 3.618621 0.081061
1.415 3.618634 0.080776
1.416 3.618647 0.080491
1.417 3.618659 0.080206
1.418 3.618672 0.079921
1.419 3.618685 0.079636
1.420 3.618697 0.079351
1.421 3.618710 0.079066
1.422 3.618723 0.078781
1.423 3.618746 0.078512
1.424 3.618769 0.078245
1.425 3.618793 0.077978
1.426 3.618817 0.077711
1.427 3.618840 0.077443
1.428 3.618864 0.077176
1.429 3.618888 0.076909
1.430 3.618911 0.076642
1.431 3.618945 0.076349
1.432 3.618982 0.076046
1.433 3.619020 0.075742
1.434 3.619058 0.075438
1.435 3.619096 0.075134
1.436 3.619133 0.074830
1.437 3.619171 0.074526
1.438 3.619209 0.074222
1.439 3.619254 0.073914
1.440 3.619310 0.073597
1.441 3.619366 0.073281
1.442 3.619423 0.072964
1.443 3.619479 0.072648
1.444 3.619536 0.072331
1.445 3.619592 0.072015
1.446 3.619649 0.071698
1.447 3.619705 0.071382
1.448 3.619786 0.070989
1.449 3.619868 0.070590
1.450 3.619951 0.070191
1.451 3.620033 0.069792
1.452 3.620115 0.069393
1.453 3.620198 0.068995
1.454 3.620280 0.068596
1.455 3.620362 0.068197
1.456 3.620459 0.067804
1.457 3.620577 0.067420
1.458 3.620695 0.067035
1.459 3.620813 0.066651
1.460 3.620931 0.066267
1.461 3.621049 0.065882
1.462 3.621167 0.065498
1.463 3.621285 0.065114
1.464 3.621403 0.064729
1.465 3.621559 0.064327
1.466 3.621724 0.063921
1.467 3.621889 0.063514
1.468 3.622055 0.063108
1.469 3.622220 0.062701
1.470 3.622386 0.062294
1.471 3.622551 0.061888
1.472 3.622717 0.061481
1.473 3.622885 0.061070
1.474 3.623106 0.060585
1.475 3.623327 0.060101
1.476 3.623548 0.059617
1.477 3.623769 0.059132
1.478 3.623990 0.058648
1.479 3.624211 0.058164
1.480 3.624432 0.057680
1.481 3.624653 0.057195
1.482 3.624886 0.056695
1.483 3.625157 0.056142
1.484 3.625428 0.055590
1.485 3.625699 0.055037
1.486 3.625971 0.054484
1.487 3.626242 0.053931
1.488 3.626513 0.053378
1.489 3.626784 0.052825
1.490 3.627055 0.052272
1.491 3.627332 0.051705
1.492 3.627622 0.051103
1.493 3.627912 0.050500
1.494 3.628202 0.049898
1.495 3.628492 0.049295
1.496 3.628782 0.048693
1.497 3.629071 0.048090
1.498 3.629361 0.047488
1.499 3.629651 0.046885
1.500 3.629930 0.046252
1.501 3.630174 0.045523
1.502 3.630418 0.044793
1.503 3.630662 0.044064
1.504 3.630905 0.043334
1.505 3.631149 0.042605
1.506 3.631393 0.041875
1.507 3.631637 0.041146
1.508 3.631880 0.040416
1.509 3.632108 0.039678
1.510 3.632162 0.038845
1.511 3.632215 0.038011
1.512 3.632269 0.037177
1.513 3.632322 0.036344
1.514 3.632375 0.035510
1.515 3.632429 0.034676
1.516 3.632482 0.033842
1.517 3.632536 0.033009
1.518 3.632589 0.032175
1.519 3.632642 0.031341
1.520 3.632696 0.030508
1.521 3.632749 0.029674
1.522 3.632802 0.028840
1.523 3.632856 0.028007
1.524 3.632909 0.027173
1.525 3.632963 0.026339
1.526 3.633016 0.025506
1.527 3.633069 0.024672
1.528 3.633123 0.023838
1.529 3.633176 0.023004
1.530 3.633195 0.022356
1.531 3.633164 0.021964
1.532 3.633134 0.021573
1.533 3.633104 0.021182
1.534 3.633074 0.020790
1.535 3.633043 0.020399
1.536 3.633013 0.020008
1.537 3.632983 0.019617
1.538 3.632953 0.019225
1.539 3.632922 0.018834
1.540 3.632892 0.018443
1.541 3.632862 0.018052
1.542 3.632832 0.017660
1.543 3.632801 0.017269
1.544 3.632771 0.016878
1.545 3.632741 0.016486
1.546 3.632711 0.016095
1.547 3.632681 0.015704
1.548 3.632650 0.015313
1.549 3.632620 0.014921
1.550 3.632590 0.014530
1.551 3.632543 0.014167
1.552 3.632423 0.013930
1.553 3.632303 0.013694
1.554 3.632183 0.013457
1.555 3.632062 0.013221
1.556 3.631942 0.012984
1.557 3.631822 0.012748
1.558 3.631701 0.012511
1.559 3.631581 0.012275
1.560 3.631461 0.012039
1.561 3.631341 0.011802
1.562 3.631220 0.011566
1.563 3.631100 0.011329
1.564 3.630980 0.011093
1.565 3.630859 0.010856
1.566 3.630739 0.010620
1.567 3.630619 0.010383
1.568 3.630499 0.010147
1.569 3.630378 0.009910
1.570 3.630258 0.009674
1.571 3.630138 0.009438
1.572 3.630017 0.009201
1.573 3.629872 0.008992
1.574 3.629679 0.008836
1.575 3.629485 0.008680
1.576 3.629292 0.008524
1.577 3.629099 0.008367
1.578 3.628905 0.008211
1.579 3.628712 0.008055
1.580 3.628519 0.007899
1.581 3.628325 0.007743
1.582 3.628132 0.007586
1.583 3.627939 0.007430
1.584 3.627745 0.007274
1.585 3.627552 0.007118
1.586 3.627359 0.006962
1.587 3.627165 0.006806
1.588 3.626972 0.006649
1.589 3.626779 0.006493
1.590 3.626585 0.006337
1.591 3.626392 0.006181
1.592 3.626199 0.006025
1.593 3.626005 0.005868
1.594 3.625812 0.005712
1.595 3.625619 0.005556
1.596 3.625394 0.005447
1.597 3.625165 0.005343
1.598 3.624937 0.005240
1.599 3.624708 0.005137
1.600 3.624480 0.005034
1.601 3.624251 0.004931
1.602 3.624022 0.004827
1.603 3.623794 0.004724
1.604 3.623565 0.004621
1.605 3.623336 0.004518
1.606 3.623108 0.004415
1.607 3.622879 0.004312
1.608 3.622650 0.004208
1.609 3.622422 0.004105
1.610 3.622193 0.004002
1.611 3.621964 0.003899
1.612 3.621736 0.003796
1.613 3.621507 0.003692
1.614 3.621278 0.003589
1.615 3.621050 0.003486
1.616 3.620821 0.003383
1.617 3.620592 0.003280
1.618 3.620364 0.003176
1.619 3.620133 0.003118
1.620 3.619902 0.003073
1.621 3.619671 0.003028
1.622 3.619440 0.002983
1.623 3.619209 0.002937
1.624 3.618978 0.002892
1.625 3.618747 0.002847
1.626 3.618517 0.002802
1.627 3.618286 0.002757
1.628 3.618055 0.002712
1.629 3.617824 0.002666
1.630 3.617593 0.002621
1.631 3.617362 0.002576
1.632 3.617131 0.002531
1.633 3.616900 0.002486
1.634 3.616669 0.002441
1.635 3.616438 0.002396
1.636 3.616207 0.002350
1.637 3.615976 0.002305
1.638 3.615745 0.002260
1.639 3.615514 0.002215
1.640 3.615283 0.002170
1.641 3.615052 0.002125
1.642 3.614821 0.002079
1.643 3.614611 0.002045
1.644 3.614401 0.002010
1.645 3.614191 0.001975
1.646 3.613981 0.001940
1.647 3.613771 0.001906
1.648 3.613561 0.001871
1.649 3.613351 0.001836
1.650 3.613141 0.001801
1.651 3.612932 0.001767
1.652 3.612722 0.001732
1.653 3.612512 0.001697
1.654 3.612302 0.001662
1.655 3.612092 0.001628
1.656 3.611882 0.001593
1.657 3.611672 0.001558
1.658 3.611462 0.001523
1.659 3.611252 0.001489
1.660 3.611042 0.001454
1.661 3.610832 0.001419
1.662 3.610622 0.001384
1.663 3.610413 0.001350
1.664 3.610203 0.001315
1.665 3.609993 0.001280
1.666 3.609783 0.001245
1.667 3.609587 0.001223
1.668 3.609406 0.001213
1.669 3.609225 0.001204
1.670 3.609044 0.001194
1.671 3.608863 0.001185
1.672 3.608682 0.001176
1.673 3.608501 0.001166
1.674 3.608320 0.001157
1.675 3.608139 0.001147
1.676 3.607958 0.001138
1.677 3.607777 0.001128
1.678 3.607596 0.001119
1.679 3.607415 0.001109
1.680 3.607234 0.001100
1.681 3.607053 0.001090
1.682 3.606872 0.001081
1.683 3.606691 0.001072
1.684 3.606510 0.001062
1.685 3.606329 0.001053
1.686 3.606148 0.001043
1.687 3.605967 0.001034
1.688 3.605785 0.001024
1.689 3.605604 0.001015
1.690 3.605423 0.001005
1.691 3.605242 0.000996
1.692 3.605068 0.000986
1.693 3.604917 0.000976
1.694 3.604765 0.000966
1.695 3.604614 0.000956
1.696 3.604462 0.000946
1.697 3.604311 0.000936
1.698 3.604159 0.000926
1.699 3.604008 0.000916
1.700 3.603856 0.000906
1.701 3.603705 0.000896
1.702 3.603553 0.000886
1.703 3.603401 0.000876
1.704 3.603250 0.000866
1.705 3.603098 0.000855
1.706 3.602947 0.000845
1.707 3.602795 0.000835
1.708 3.602644 0.000825
1.709 3.602492 0.000815
1.710 3.602341 0.000805
1.711 3.602189 0.000795
1.712 3.602038 0.000785
1.713 3.601886 0.000775
1.714 3.601734 0.000765
1.715 3.601583 0.000755
1.716 3.601431 0.000745
1.717 3.601280 0.000735
1.718 3.601133 0.000725
1.719 3.601004 0.000717
1.720 3.600875 0.000709
1.721 3.600746 0.000701
1.722 3.600617 0.000694
1.723 3.600488 0.000686
1.724 3.600359 0.000678
1.725 3.600230 0.000670
1.726 3.600101 0.000662
1.727 3.599972 0.000654
1.728 3.599843 0.000646
1.729 3.599714 0.000639
1.730 3.599585 0.000631
1.731 3.599456 0.000623
1.732 3.599327 0.000615
1.733 3.599198 0.000607
1.734 3.599069 0.000599
1.735 3.598940 0.000591
1.736 3.598811 0.000583
1.737 3.598682 0.000576
1.738 3.598553 0.000568
1.739 3.598424 0.000560
1.740 3.598295 0.000552
1.741 3.598166 0.000544
1.742 3.598037 0.000536
1.743 3.597908 0.000528
1.744 3.597779 0.000521
1.745 3.597657 0.000516
1.746 3.597547 0.000517
1.747 3.597436 0.000517
1.748 3.597325 0.000518
1.749 3.597215 0.000519
1.750 3.597104 0.000519
1.751 3.596993 0.000520
1.752 3.596882 0.000521
1.753 3.596772 0.000522
1.754 3.596661 0.000522
1.755 3.596550 0.000523
1.756 3.596440 0.000524
1.757 3.596329 0.000524
1.758 3.596218 0.000525
1.759 3.596107 0.000526
1.760 3.595997 0.000526
1.761 3.595886 0.000527
1.762 3.595775 0.000528
1.763 3.595664 0.000528
1.764 3.595554 0.000529
1.765 3.595443 0.000530
1.766 3.595332 0.000531
1.767 3.595222 0.000531
1.768 3.595111 0.000532
1.769 3.595000 0.000533
1.770 3.594889 0.000533
1.771 3.594779 0.000534
1.772 3.594668 0.000535
1.773 3.594566 0.000531
1.774 3.594469 0.000524
1.775 3.594371 0.000518
1.776 3.594273 0.000512
1.777 3.594176 0.000506
1.778 3.594078 0.000500
1.779 3.593980 0.000493
1.780 3.593883 0.000487
1.781 3.593785 0.000481
1.782 3.593687 0.000475
1.783 3.593589 0.000469
1.784 3.593492 0.000462
1.785 3.593394 0.000456
1.786 3.593296 0.000450
1.787 3.593199 0.000444
1.788 3.593101 0.000438
1.789 3.593003 0.000431
1.790 3.592906 0.000425
1.791 3.592808 0.000419
1.792 3.592710 0.000413
1.793 3.592612 0.000407
1.794 3.592515 0.000400
1.795 3.592417 0.000394
1.796 3.592319 0.000388
1.797 3.592222 0.000382
1.798 3.592124 0.000376
1.799 3.592026 0.000369
1.800 3.591929 0.000363
1.801 NaN NaN
1.802 NaN NaN
1.803 NaN NaN
1.804 NaN NaN
1.805 NaN NaN
1.806 NaN NaN
1.807 NaN NaN
1.808 NaN NaN
1.809 NaN NaN
1.810 NaN NaN
1.811 NaN NaN
1.812 NaN NaN
1.813 NaN NaN
1.814 NaN NaN
1.815 NaN NaN
1.816 NaN NaN
1.817 NaN NaN
1.818 NaN NaN
1.819 NaN NaN
1.820 NaN NaN
1.821 NaN NaN
1.822 NaN NaN
1.823 NaN NaN
1.824 NaN NaN
1.825 NaN NaN
1.826 NaN NaN
1.827 NaN NaN
1.828 NaN NaN
1.829 NaN NaN
1.830 NaN NaN
1.831 NaN NaN
1.832 NaN NaN
1.833 NaN NaN
1.834 NaN NaN
1.835 NaN NaN
1.836 NaN NaN
1.837 NaN NaN
1.838 NaN NaN
1.839 NaN NaN
1.840 NaN NaN
1.841 NaN NaN
1.842 NaN NaN
1.843 NaN NaN
1.844 NaN NaN
1.845 NaN NaN
1.846 NaN NaN
1.847 NaN NaN
1.848 NaN NaN
1.849 NaN NaN
1.850 NaN NaN
1.851 NaN NaN
1.852 NaN NaN
1.853 NaN NaN
1.854 NaN NaN
1.855 NaN NaN
1.856 NaN NaN
1.857 NaN NaN
1.858 NaN NaN
1.859 NaN NaN
1.860 NaN NaN
1.861 NaN NaN
1.862 NaN NaN
1.863 NaN NaN
1.864 NaN NaN
1.865 NaN NaN
1.866 NaN NaN
1.867 NaN NaN
1.868 NaN NaN
1.869 NaN NaN
1.870 NaN NaN
1.871 NaN NaN
1.872 NaN NaN
1.873 NaN NaN
1.874 NaN NaN
1.875 NaN NaN
1.876 NaN NaN
1.877 NaN NaN
1.878 NaN NaN
1.879 NaN NaN
1.880 NaN NaN
1.881 NaN NaN
1.882 NaN NaN
1.883 NaN NaN
1.884 NaN NaN
1.885 NaN NaN
1.886 NaN NaN
1.887 NaN NaN
1.888 NaN NaN
1.889 NaN NaN
1.890 NaN NaN
1.891 NaN NaN
1.892 NaN NaN
1.893 NaN NaN
1.894 NaN NaN
1.895 NaN NaN
1.896 NaN NaN
1.897 NaN NaN
1.898 NaN NaN
1.899 NaN NaN
1.900 NaN NaN
1.901 NaN NaN
1.902 NaN NaN
1.903 NaN NaN
1.904 NaN NaN
1.905 NaN NaN
1.906 NaN NaN
1.907 NaN NaN
1.908 NaN NaN
1.909 NaN NaN
1.910 NaN NaN
1.911 NaN NaN
1.912 NaN NaN
1.913 NaN NaN
1.914 NaN NaN
1.915 NaN NaN
1.916 NaN NaN
1.917 NaN NaN
1.918 NaN NaN
1.919 NaN NaN
1.920 NaN NaN
1.921 NaN NaN
1.922 NaN NaN
1.923 NaN NaN
1.924 NaN NaN
1.925 NaN NaN
1.926 NaN NaN
1.927 NaN NaN
1.928 NaN NaN
1.929 NaN NaN
1.930 NaN NaN
1.931 NaN NaN
1.932 NaN NaN
1.933 NaN NaN
1.934 NaN NaN
1.935 NaN NaN
1.936 NaN NaN
1.937 NaN NaN
1.938 NaN NaN
1.939 NaN NaN
1.940 NaN NaN
1.941 NaN NaN
1.942 NaN NaN
1.943 NaN NaN
1.944 NaN NaN
1.945 NaN NaN
1.946 NaN NaN
1.947 NaN NaN
1.948 NaN NaN
1.949 NaN NaN
1.950 NaN NaN