0.253 2.029729 3.232848
0.254 2.074261 3.244766
0.255 2.122262 3.261186
0.256 2.165191 3.271807
0.257 2.213771 3.282987
0.258 2.261241 3.293630
0.259 2.309821 3.304695
0.260 2.361082 3.314916
0.261 2.417054 3.324651
0.262 2.472024 3.330971
0.263 2.528842 3.332056
0.264 2.588493 3.332553
0.265 2.650123 3.324907
0.266 2.714166 3.316805
0.267 2.773037 3.301493
0.268 2.832617 3.283233
0.269 2.892062 3.261068
0.270 2.947040 3.233908
0.271 3.001223 3.205333
0.272 3.050274 3.173339
0.273 3.098353 3.137374
0.274 3.142091 3.101289
0.275 3.183598 3.064751
0.276 3.219413 3.026252
0.277 3.253424 2.985343
0.278 3.285866 2.945187
0.279 3.316628 2.907019
0.280 3.342740 2.865035
0.281 3.364503 2.822207
0.282 3.387191 2.782302
0.283 3.406567 2.742762
0.284 3.422458 2.701884
0.285 3.438334 2.663559
0.286 3.450715 2.625788
0.287 3.461362 2.587192
0.288 3.472397 2.549346
0.289 3.480329 2.514063
0.290 3.485594 2.477388
0.291 3.489901 2.442109
0.292 3.494395 2.409321
0.293 3.495222 2.375998
0.294 3.493403 2.345934
0.295 3.493433 2.315148
0.296 3.494557 2.285708
0.297 3.491919 2.255508
0.298 3.487296 2.228516
0.299 3.482045 2.203837
0.300 3.477169 2.179194
0.301 3.472620 2.154597
0.302 3.467400 2.134872
0.303 3.458452 2.113622
0.304 3.452426 2.095300
0.305 3.443581 2.074894
0.306 3.437704 2.056292
0.307 3.428843 2.037888
0.308 3.423262 2.024670
0.309 3.414260 2.007515
0.310 3.406411 1.993571
0.311 3.399103 1.982399
0.312 3.390310 1.970819
0.313 3.386008 1.959873
0.314 3.377787 1.948304
0.315 3.369579 1.937418
0.316 3.363073 1.926681
0.317 3.355157 1.916270
0.318 3.346333 1.911305
0.319 3.339915 1.902459
0.320 3.333863 1.896931
0.321 3.330034 1.888650
0.322 3.322520 1.882468
0.323 3.315088 1.875979
0.324 3.311795 1.871850
0.325 3.304462 1.867757
0.326 3.301038 1.861080
0.327 3.296104 1.859783
0.328 3.291231 1.854701
0.329 3.287632 1.853097
0.330 3.282270 1.848966
0.331 3.278496 1.847202
0.332 3.272505 1.846416
0.333 3.271106 1.842257
0.334 3.268024 1.840641
0.335 3.262387 1.840638
0.336 3.261268 1.840675
0.337 3.260154 1.840957
0.338 3.257705 1.840078
0.339 3.252673 1.835798
0.340 3.250472 1.835144
0.341 3.250060 1.835199
0.342 3.248983 1.835569
0.343 3.248237 1.836275
0.344 3.247797 1.836684
0.345 3.247099 1.837358
0.346 3.246628 1.837436
0.347 3.245976 1.837907
0.348 3.245493 1.838548
0.349 3.244879 1.839907
0.350 3.244371 1.843785
0.351 3.243802 1.846887
0.352 3.243748 1.847475
0.353 3.243697 1.848064
0.354 3.243144 1.849137
0.355 3.246356 1.849687
0.356 3.249296 1.850886
0.357 3.249266 1.855745
0.358 3.249254 1.858597
0.359 3.252757 1.859314
0.360 3.255524 1.860395
0.361 3.255863 1.860925
0.362 3.255860 1.865556
0.363 3.259871 1.869142
0.364 3.262264 1.870532
0.365 3.265356 1.871644
0.366 3.268526 1.876352
0.367 3.270886 1.880041
0.368 3.275423 1.881616
0.369 3.277069 1.882229
0.370 3.280932 1.887745
0.371 3.284198 1.891446
0.372 3.286569 1.892330
0.373 3.291548 1.896453
0.374 3.295802 1.901214
0.375 3.298923 1.902950
0.376 3.300508 1.904592
0.377 3.306453 1.910877
0.378 3.311576 1.913075
0.379 3.315690 1.914327
0.380 3.321235 1.920688
0.381 3.325190 1.923616
0.382 3.331292 1.927699
0.383 3.336018 1.933043
0.384 3.343721 1.935581
0.385 3.348525 1.941347
0.386 3.354096 1.944632
0.387 3.359333 1.948489
0.388 3.368078 1.954325
0.389 3.376431 1.959944
0.390 3.380935 1.963475
0.391 3.388856 1.967274
0.392 3.397200 1.974134
0.393 3.403554 1.978609
0.394 3.409903 1.983992
0.395 3.419210 1.989695
0.396 3.429094 1.995535
0.397 3.441282 2.001442
0.398 3.454658 2.006770
0.399 3.464176 2.012979
0.400 3.475386 2.018082
0.401 3.488732 2.023653
0.402 3.503096 2.028753
0.403 3.518881 2.034431
0.404 3.532570 2.039367
0.405 3.547809 2.041451
0.406 3.565590 2.043246
0.407 3.583373 2.044859
0.408 3.601253 2.043046
0.409 3.622799 2.041290
0.410 3.643141 2.037908
0.411 3.661222 2.031985
0.412 3.677676 2.026108
0.413 3.691439 2.018253
0.414 3.705100 2.008378
0.415 3.718971 2.000677
0.416 3.732225 1.991320
0.417 3.742150 1.982228
0.418 3.747986 1.971736
0.419 3.754998 1.963697
0.420 3.758709 1.956396
0.421 3.763397 1.946076
0.422 3.769691 1.942576
0.423 3.773043 1.940908
0.424 3.776168 1.936556
0.425 3.778852 1.936038
0.426 3.782007 1.937930
0.427 3.784665 1.940274
0.428 3.788239 1.943076
0.429 3.793447 1.947759
0.430 3.802478 1.954920
0.431 3.810033 1.960900
0.432 3.820580 1.969957
0.433 3.830648 1.980106
0.434 3.843596 1.989270
0.435 3.859733 1.996015
0.436 3.877539 2.002951
0.437 3.897782 2.012499
0.438 3.918215 2.021590
0.439 3.940938 2.030229
0.440 3.968620 2.036440
0.441 3.997334 2.041959
0.442 4.026570 2.046161
0.443 4.058283 2.046739
0.444 4.091324 2.044742
0.445 4.124248 2.040069
0.446 4.157157 2.033333
0.447 4.190056 2.025537
0.448 4.222940 2.015794
0.449 4.255342 2.003306
0.450 4.286859 1.989273
0.451 4.317122 1.972740
0.452 4.347019 1.953320
0.453 4.378100 1.933406
0.454 4.407601 1.912070
0.455 4.435627 1.887846
0.456 4.462705 1.860142
0.457 4.486727 1.831267
0.458 4.509370 1.801160
0.459 4.531613 1.769581
0.460 4.551387 1.736706
0.461 4.568804 1.703214
0.462 4.585231 1.668808
0.463 4.598592 1.633558
0.464 4.607739 1.598240
0.465 4.615587 1.562665
0.466 4.621278 1.527034
0.467 4.623320 1.493359
0.468 4.623679 1.461193
0.469 4.622525 1.429283
0.470 4.619209 1.398845
0.471 4.615705 1.371027
0.472 4.610293 1.342874
0.473 4.603084 1.315328
0.474 4.595655 1.287713
0.475 4.590477 1.261693
0.476 4.585191 1.238173
0.477 4.577259 1.215397
0.478 4.568707 1.192710
0.479 4.560161 1.172681
0.480 4.551178 1.153861
0.481 4.541092 1.135018
0.482 4.529213 1.116769
0.483 4.518588 1.098610
0.484 4.510137 1.081518
0.485 4.501090 1.066913
0.486 4.492346 1.052983
0.487 4.483890 1.038795
0.488 4.475186 1.025027
0.489 4.466678 1.010532
0.490 4.458029 0.997443
0.491 4.449478 0.983738
0.492 4.440873 0.971975
0.493 4.432285 0.961732
0.494 4.423726 0.951003
0.495 4.415110 0.940339
0.496 4.406582 0.930136
0.497 4.397945 0.919961
0.498 4.391073 0.910340
0.499 4.385848 0.901149
0.500 4.379526 0.892007
0.501 4.371815 0.883408
0.502 4.363241 0.875171
0.503 4.354756 0.866588
0.504 4.346945 0.858485
0.505 4.340529 0.850860
0.506 4.335134 0.843273
0.507 4.328750 0.836112
0.508 4.321243 0.828967
0.509 4.314022 0.821834
0.510 4.308209 0.814838
0.511 4.303146 0.808175
0.512 4.296655 0.801531
0.513 4.289582 0.795071
0.514 4.285090 0.788942
0.515 4.279703 0.782821
0.516 4.272019 0.776704
0.517 4.266462 0.771415
0.518 4.261974 0.765527
0.519 4.256706 0.760057
0.520 4.252215 0.754403
0.521 4.246803 0.748998
0.522 4.240302 0.743892
0.523 4.234582 0.738787
0.524 4.229975 0.733685
0.525 4.225066 0.728592
0.526 4.221262 0.723561
0.527 4.216372 0.719334
0.528 4.212062 0.714296
0.529 4.207350 0.709446
0.530 4.203027 0.705132
0.531 4.198624 0.700739
0.532 4.194083 0.696208
0.533 4.189978 0.691891
0.534 4.186364 0.687801
0.535 4.180758 0.683721
0.536 4.177097 0.679397
0.537 4.172614 0.674800
0.538 4.168685 0.670527
0.539 4.163983 0.666456
0.540 4.159371 0.662649
0.541 4.157471 0.659277
0.542 4.155475 0.655208
0.543 4.150909 0.651149
0.544 4.146697 0.647093
0.545 4.142216 0.643446
0.546 4.137971 0.639897
0.547 4.134478 0.636113
0.548 4.130410 0.632766
0.549 4.126777 0.629178
0.550 4.124501 0.625498
0.551 4.121330 0.622049
0.552 4.117434 0.618801
0.553 4.114600 0.615472
0.554 4.112047 0.611870
0.555 4.109047 0.608192
0.556 4.105545 0.604793
0.557 4.102345 0.601641
0.558 4.100134 0.598580
0.559 4.097052 0.595525
0.560 4.093162 0.592471
0.561 4.089115 0.589416
0.562 4.085299 0.586361
0.563 4.082051 0.583311
0.564 4.079945 0.580265
0.565 4.077153 0.577219
0.566 4.073957 0.574173
0.567 4.070773 0.571128
0.568 4.068671 0.568086
0.569 4.065834 0.565048
0.570 4.062615 0.562009
0.571 4.059652 0.559107
0.572 4.058101 0.556618
0.573 4.056808 0.553785
0.574 4.054253 0.550822
0.575 4.050849 0.547952
0.576 4.047401 0.545502
0.577 4.045654 0.542633
0.578 4.042933 0.539890
0.579 4.039508 0.537233
0.580 4.036136 0.534532
0.581 4.034303 0.531734
0.582 4.031899 0.529070
0.583 4.028762 0.526566
0.584 4.025213 0.524243
0.585 4.024095 0.521641
0.586 4.023093 0.518969
0.587 4.021308 0.516308
0.588 4.017641 0.513978
0.589 4.014690 0.511537
0.590 4.012604 0.509113
0.591 4.012004 0.506952
0.592 4.010300 0.504434
0.593 4.007371 0.501793
0.594 4.003028 0.499083
0.595 4.001278 0.497040
0.596 3.999904 0.494641
0.597 3.998332 0.492045
0.598 3.993639 0.489991
0.599 3.991171 0.487952
0.600 3.989792 0.485761
0.601 3.988695 0.483075
0.602 3.986699 0.480907
0.603 3.984070 0.478800
0.604 3.980631 0.476531
0.605 3.979337 0.474122
0.606 3.978186 0.471845
0.607 3.976681 0.469818
0.608 3.973812 0.467796
0.609 3.971004 0.465774
0.610 3.968517 0.463752
0.611 3.967299 0.461179
0.612 3.966086 0.458785
0.613 3.964688 0.456739
0.614 3.960505 0.454718
0.615 3.957381 0.452700
0.616 3.956673 0.450683
0.617 3.955858 0.448666
0.618 3.954947 0.446649
0.619 3.953866 0.444633
0.620 3.952025 0.442620
0.621 3.949750 0.440608
0.622 3.946732 0.438595
0.623 3.944899 0.436583
0.624 3.943742 0.434570
0.625 3.943028 0.432560
0.626 3.940807 0.430768
0.627 3.937137 0.429187
0.628 3.935159 0.427371
0.629 3.933573 0.425478
0.630 3.932498 0.423470
0.631 3.930905 0.421463
0.632 3.928925 0.419456
0.633 3.925610 0.417452
0.634 3.923454 0.415447
0.635 3.922386 0.413443
0.636 3.921838 0.411960
0.637 3.921249 0.410387
0.638 3.920368 0.408385
0.639 3.917891 0.406383
0.640 3.914438 0.404382
0.641 3.912644 0.402714
0.642 3.911240 0.401021
0.643 3.910580 0.399251
0.644 3.909029 0.397702
0.645 3.906997 0.396271
0.646 3.903862 0.394288
0.647 3.901429 0.392455
0.648 3.900770 0.391021
0.649 3.900207 0.389307
0.650 3.899707 0.387406
0.651 3.898248 0.385834
0.652 3.896385 0.384283
0.653 3.893251 0.382657
0.654 3.891117 0.380945
0.655 3.890111 0.379135
0.656 3.889382 0.377596
0.657 3.888746 0.376151
0.658 3.887598 0.374690
0.659 3.885975 0.373095
0.660 3.882994 0.371117
0.661 3.880857 0.369403
0.662 3.879552 0.367951
0.663 3.878681 0.366498
0.664 3.877965 0.365043
0.665 3.875892 0.363587
0.666 3.873711 0.362130
0.667 3.871275 0.360672
0.668 3.869551 0.359009
0.669 3.868958 0.357021
0.670 3.868359 0.355556
0.671 3.867758 0.354465
0.672 3.866472 0.353029
0.673 3.864982 0.351490
0.674 3.862014 0.349955
0.675 3.859252 0.348420
0.676 3.858725 0.346889
0.677 3.858197 0.345468
0.678 3.857667 0.344346
0.679 3.856853 0.343077
0.680 3.855643 0.341602
0.681 3.853213 0.340132
0.682 3.849807 0.338667
0.683 3.848352 0.337185
0.684 3.847807 0.335696
0.685 3.847268 0.334213
0.686 3.846730 0.332732
0.687 3.845451 0.331618
0.688 3.844093 0.330543
0.689 3.841384 0.329036
0.690 3.838846 0.327539
0.691 3.838174 0.326163
0.692 3.837431 0.324825
0.693 3.836313 0.323686
0.694 3.834825 0.322468
0.695 3.832043 0.320969
0.696 3.829740 0.319510
0.697 3.828705 0.318161
0.698 3.827933 0.316873
0.699 3.827726 0.315720
0.700 3.827159 0.314495
0.701 3.825911 0.313134
0.702 3.824172 0.311855
0.703 3.821577 0.310720
0.704 3.819566 0.309488
0.705 3.818535 0.308094
0.706 3.817832 0.306811
0.707 3.817685 0.305716
0.708 3.817090 0.304495
0.709 3.815679 0.303047
0.710 3.813773 0.301735
0.711 3.810856 0.300700
0.712 3.808755 0.299674
0.713 3.808647 0.298669
0.714 3.808452 0.297639
0.715 3.807988 0.296532
0.716 3.807403 0.295378
0.717 3.806269 0.294015
0.718 3.804927 0.292690
0.719 3.801837 0.291684
0.720 3.798808 0.290679
0.721 3.798756 0.289675
0.722 3.798704 0.288672
0.723 3.798236 0.287348
0.724 3.797733 0.285998
0.725 3.796551 0.284844
0.726 3.795212 0.283736
0.727 3.793146 0.282700
0.728 3.790755 0.281696
0.729 3.789448 0.280693
0.730 3.789007 0.279690
0.731 3.788453 0.278508
0.732 3.787734 0.277064
0.733 3.786752 0.275730
0.734 3.784968 0.274728
0.735 3.783199 0.273725
0.736 3.781629 0.272723
0.737 3.780058 0.271720
0.738 3.779448 0.270804
0.739 3.778957 0.269898
0.740 3.778342 0.269157
0.741 3.777673 0.268491
0.742 3.776215 0.267665
0.743 3.773896 0.266663
0.744 3.771912 0.265662
0.745 3.770913 0.264661
0.746 3.769928 0.263660
0.747 3.769884 0.262658
0.748 3.769841 0.261657
0.749 3.768837 0.260657
0.750 3.767535 0.259657
0.751 3.765614 0.258656
0.752 3.763066 0.257655
0.753 3.761061 0.256655
0.754 3.761017 0.255655
0.755 3.760973 0.254654
0.756 3.760282 0.253655
0.757 3.759539 0.252655
0.758 3.758356 0.251908
0.759 3.756899 0.251318
0.760 3.755398 0.250608
0.761 3.753791 0.249608
0.762 3.752184 0.248609
0.763 3.751740 0.247609
0.764 3.751347 0.246610
0.765 3.750679 0.245682
0.766 3.749834 0.244801
0.767 3.748686 0.243959
0.768 3.746598 0.243244
0.769 3.744509 0.242528
0.770 3.743787 0.241568
0.771 3.743281 0.240569
0.772 3.742842 0.239756
0.773 3.742479 0.239152
0.774 3.742057 0.238528
0.775 3.740696 0.237579
0.776 3.739335 0.236629
0.777 3.737669 0.235866
0.778 3.735827 0.235210
0.779 3.734263 0.234487
0.780 3.733839 0.233488
0.781 3.733416 0.232490
0.782 3.732711 0.231777
0.783 3.731908 0.231165
0.784 3.730774 0.230551
0.785 3.728742 0.229937
0.786 3.726709 0.229322
0.787 3.725778 0.228408
0.788 3.725149 0.227410
0.789 3.724627 0.226518
0.790 3.724375 0.225899
0.791 3.724123 0.225280
0.792 3.723039 0.224659
0.793 3.721696 0.224037
0.794 3.720298 0.223377
0.795 3.718711 0.222588
0.796 3.717124 0.221799
0.797 3.716341 0.221027
0.798 3.715939 0.220263
0.799 3.715475 0.219507
0.800 3.714522 0.218809
0.801 3.713569 0.218112
0.802 3.712039 0.217450
0.803 3.709994 0.216819
0.804 3.707950 0.216188
0.805 3.707775 0.215556
0.806 3.707745 0.214923
0.807 3.707603 0.214289
0.808 3.707213 0.213654
0.809 3.706822 0.213018
0.810 3.706144 0.212382
0.811 3.705328 0.211744
0.812 3.704486 0.211109
0.813 3.702623 0.210587
0.814 3.700761 0.210065
0.815 3.699467 0.209585
0.816 3.699202 0.209181
0.817 3.698937 0.208776
0.818 3.698393 0.208211
0.819 3.697712 0.207567
0.820 3.697032 0.206923
0.821 3.695702 0.206276
0.822 3.694349 0.205630
0.823 3.693035 0.204982
0.824 3.691843 0.204333
0.825 3.690651 0.203684
0.826 3.690044 0.203084
0.827 3.690018 0.202532
0.828 3.689991 0.201979
0.829 3.689099 0.201534
0.830 3.687908 0.201126
0.831 3.686717 0.200718
0.832 3.685137 0.200071
0.833 3.683544 0.199416
0.834 3.682160 0.198811
0.835 3.681797 0.198453
0.836 3.681433 0.198096
0.837 3.681095 0.197644
0.838 3.680804 0.197022
0.839 3.680514 0.196400
0.840 3.679901 0.195883
0.841 3.678994 0.195461
0.842 3.678087 0.195040
0.843 3.676761 0.194518
0.844 3.675226 0.193946
0.845 3.673692 0.193374
0.846 3.673193 0.192988
0.847 3.672961 0.192651
0.848 3.672728 0.192314
0.849 3.672394 0.191972
0.850 3.672049 0.191631
0.851 3.671704 0.191289
0.852 3.670389 0.190825
0.853 3.669065 0.190360
0.854 3.667754 0.189902
0.855 3.666647 0.189561
0.856 3.665539 0.189220
0.857 3.664547 0.188879
0.858 3.664526 0.188541
0.859 3.664504 0.188202
0.860 3.664374 0.187830
0.861 3.663534 0.187244
0.862 3.662693 0.186657
0.863 3.661772 0.186101
0.864 3.660355 0.185737
0.865 3.658937 0.185374
0.866 3.657615 0.185010
0.867 3.656967 0.184641
0.868 3.656319 0.184273
0.869 3.655727 0.183908
0.870 3.655707 0.183579
0.871 3.655687 0.183250
0.872 3.655654 0.182918
0.873 3.655232 0.182498
0.874 3.654810 0.182078
0.875 3.654389 0.181658
0.876 3.653419 0.181124
0.877 3.652422 0.180585
0.878 3.651425 0.180046
0.879 3.650687 0.179692
0.880 3.649995 0.179370
0.881 3.649303 0.179047
0.882 3.648814 0.178727
0.883 3.648400 0.178406
0.884 3.647986 0.178086
0.885 3.647452 0.177912
0.886 3.646833 0.177841
0.887 3.646214 0.177771
0.888 3.645722 0.177563
0.889 3.645406 0.177165
0.890 3.645091 0.176766
0.891 3.644724 0.176367
0.892 3.644186 0.175964
0.893 3.643647 0.175561
0.894 3.643111 0.175158
0.895 3.642729 0.174751
0.896 3.642347 0.174343
0.897 3.641964 0.173936
0.898 3.641639 0.173398
0.899 3.641331 0.172822
0.900 3.641022 0.172246
0.901 3.640593 0.171809
0.902 3.640051 0.171503
0.903 3.639510 0.171196
0.904 3.639011 0.170890
0.905 3.638652 0.170586
0.906 3.638294 0.170281
0.907 3.637936 0.169977
0.908 3.637630 0.169674
0.909 3.637328 0.169372
0.910 3.637026 0.169070
0.911 3.636711 0.168754
0.912 3.636387 0.168428
0.913 3.636062 0.168102
0.914 3.635712 0.167789
0.915 3.635281 0.167517
0.916 3.634850 0.167245
0.917 3.634419 0.166973
0.918 3.634002 0.166663
0.919 3.633587 0.166347
0.920 3.633172 0.166031
0.921 3.632813 0.165610
0.922 3.632521 0.165059
0.923 3.632229 0.164508
0.924 3.631937 0.163956
0.925 3.631648 0.163390
0.926 3.631360 0.162823
0.927 3.631071 0.162256
0.928 3.630783 0.161844
0.929 3.630497 0.161555
0.930 3.630211 0.161266
0.931 3.629918 0.160956
0.932 3.629536 0.160398
0.933 3.629155 0.159839
0.934 3.628774 0.159280
0.935 3.628352 0.158877
0.936 3.627898 0.158592
0.937 3.627443 0.158306
0.938 3.626994 0.158021
0.939 3.626714 0.157738
0.940 3.626434 0.157455
0.941 3.626153 0.157172
0.942 3.625874 0.156846
0.943 3.625597 0.156469
0.944 3.625320 0.156092
0.945 3.625043 0.155716
0.946 3.624767 0.155277
0.947 3.624492 0.154830
0.948 3.624217 0.154383
0.949 3.623942 0.153924
0.950 3.623669 0.153427
0.951 3.623396 0.152931
0.952 3.623123 0.152435
0.953 3.622851 0.151890
0.954 3.622581 0.151315
0.955 3.622310 0.150740
0.956 3.622040 0.150165
0.957 3.621666 0.149632
0.958 3.621285 0.149102
0.959 3.620904 0.148573
0.960 3.620516 0.148104
0.961 3.620106 0.147833
0.962 3.619696 0.147563
0.963 3.619286 0.147292
0.964 3.618950 0.147023
0.965 3.618685 0.146754
0.966 3.618421 0.146486
0.967 3.618157 0.146217
0.968 3.617895 0.145763
0.969 3.617634 0.145245
0.970 3.617373 0.144728
0.971 3.617112 0.144210
0.972 3.616854 0.143933
0.973 3.616596 0.143669
0.974 3.616338 0.143404
0.975 3.616081 0.143107
0.976 3.615832 0.142597
0.977 3.615583 0.142087
0.978 3.615334 0.141577
0.979 3.615084 0.141071
0.980 3.614829 0.140574
0.981 3.614575 0.140077
0.982 3.614320 0.139580
0.983 3.614063 0.139175
0.984 3.613803 0.138908
0.985 3.613543 0.138641
0.986 3.613283 0.138373
0.987 3.613028 0.138104
0.988 3.612777 0.137833
0.989 3.612526 0.137561
0.990 3.612275 0.137290
0.991 3.612026 0.136904
0.992 3.611778 0.136424
0.993 3.611530 0.135945
0.994 3.611282 0.135465
0.995 3.611035 0.135076
0.996 3.610789 0.134754
0.997 3.610543 0.134432
0.998 3.610297 0.134111
0.999 3.610053 0.133734
1.000 3.609809 0.133316
1.001 3.609565 0.132898
1.002 3.609322 0.132481
1.003 3.609079 0.132153
1.004 3.608838 0.131904
1.005 3.608596 0.131655
1.006 3.608354 0.131406
1.007 3.608114 0.131159
1.008 3.607874 0.130912
1.009 3.607634 0.130665
1.010 3.607395 0.130418
1.011 3.607156 0.130172
1.012 3.606918 0.129927
1.013 3.606681 0.129682
1.014 3.606443 0.129437
1.015 3.606233 0.129193
1.016 3.606119 0.128950
1.017 3.606006 0.128707
1.018 3.605893 0.128464
1.019 3.605779 0.128221
1.020 3.605653 0.127979
1.021 3.605527 0.127738
1.022 3.605401 0.127497
1.023 3.605275 0.127256
1.024 3.605061 0.127016
1.025 3.604831 0.126777
1.026 3.604601 0.126538
1.027 3.604371 0.126298
1.028 3.604141 0.126060
1.029 3.603913 0.125823
1.030 3.603685 0.125585
1.031 3.603456 0.125348
1.032 3.603229 0.125111
1.033 3.603002 0.124876
1.034 3.602776 0.124640
1.035 3.602550 0.124405
1.036 3.602324 0.124170
1.037 3.602100 0.124034
1.038 3.601875 0.123899
1.039 3.601651 0.123763
1.040 3.601427 0.123628
1.041 3.601204 0.123365
1.042 3.600982 0.123036
1.043 3.600759 0.122707
1.044 3.600537 0.122378
1.045 3.600336 0.122134
1.046 3.600190 0.122120
1.047 3.600045 0.122105
1.048 3.599900 0.122091
1.049 3.599754 0.122076
1.050 3.599666 0.121880
1.051 3.599588 0.121652
1.052 3.599510 0.121423
1.053 3.599431 0.121195
1.054 3.599300 0.120968
1.055 3.599084 0.120741
1.056 3.598869 0.120515
1.057 3.598654 0.120289
1.058 3.598439 0.120063
1.059 3.598225 0.119838
1.060 3.598012 0.119613
1.061 3.597798 0.119389
1.062 3.597585 0.119164
1.063 3.597372 0.118916
1.064 3.597161 0.118625
1.065 3.596949 0.118334
1.066 3.596738 0.118042
1.067 3.596526 0.117751
1.068 3.596317 0.117407
1.069 3.596108 0.117047
1.070 3.595900 0.116688
1.071 3.595691 0.116328
1.072 3.595516 0.116025
1.073 3.595514 0.116011
1.074 3.595512 0.115996
1.075 3.595510 0.115981
1.076 3.595509 0.115966
1.077 3.595390 0.115821
1.078 3.595158 0.115549
1.079 3.594926 0.115277
1.080 3.594694 0.115005
1.081 3.594462 0.114733
1.082 3.594336 0.114509
1.083 3.594236 0.114296
1.084 3.594135 0.114083
1.085 3.594034 0.113870
1.086 3.593932 0.113657
1.087 3.593809 0.113445
1.088 3.593685 0.113232
1.089 3.593562 0.113020
1.090 3.593439 0.112807
1.091 3.593294 0.112595
1.092 3.593096 0.112381
1.093 3.592898 0.112168
1.094 3.592700 0.111954
1.095 3.592502 0.111741
1.096 3.592316 0.111528
1.097 3.592144 0.111315
1.098 3.591972 0.111102
1.099 3.591800 0.110890
1.100 3.591628 0.110677
1.101 3.591500 0.110464
1.102 3.591402 0.110250
1.103 3.591303 0.110037
1.104 3.591205 0.109823
1.105 3.591106 0.109610
1.106 3.591009 0.109396
1.107 3.590912 0.109182
1.108 3.590816 0.108968
1.109 3.590720 0.108754
1.110 3.590623 0.108540
1.111 3.590527 0.108325
1.112 3.590431 0.108110
1.113 3.590334 0.107895
1.114 3.590238 0.107680
1.115 3.590142 0.107465
1.116 3.590074 0.107278
1.117 3.590015 0.107100
1.118 3.589956 0.106923
1.119 3.589896 0.106745
1.120 3.589837 0.106567
1.121 3.589823 0.106434
1.122 3.589826 0.106317
1.123 3.589829 0.106201
1.124 3.589832 0.106085
1.125 3.589835 0.105969
1.126 3.589838 0.105822
1.127 3.589843 0.105656
1.128 3.589847 0.105490
1.129 3.589851 0.105324
1.130 3.589855 0.105158
1.131 3.589860 0.104966
1.132 3.589864 0.104748
1.133 3.589869 0.104530
1.134 3.589874 0.104312
1.135 3.589878 0.104094
1.136 3.589883 0.103876
1.137 3.589888 0.103658
1.138 3.589892 0.103440
1.139 3.589897 0.103222
1.140 3.589901 0.103004
1.141 3.589906 0.102786
1.142 3.589911 0.102568
1.143 3.589915 0.102350
1.144 3.589920 0.102132
1.145 3.589925 0.101914
1.146 3.589929 0.101696
1.147 3.589934 0.101474
1.148 3.589939 0.101252
1.149 3.589944 0.101029
1.150 3.589948 0.100807
1.151 3.589953 0.100585
1.152 3.589958 0.100362
1.153 3.589963 0.100140
1.154 3.589968 0.099918
1.155 3.589973 0.099696
1.156 3.589978 0.099473
1.157 3.589982 0.099251
1.158 3.589987 0.099027
1.159 3.589992 0.098803
1.160 3.589997 0.098580
1.161 3.590002 0.098356
1.162 3.590007 0.098132
1.163 3.590012 0.097909
1.164 3.590016 0.097686
1.165 3.590021 0.097463
1.166 3.590026 0.097240
1.167 3.590030 0.097017
1.168 3.590035 0.096793
1.169 3.590038 0.096566
1.170 3.590041 0.096339
1.171 3.590044 0.096112
1.172 3.590046 0.095884
1.173 3.590049 0.095657
1.174 3.590052 0.095429
1.175 3.590054 0.095201
1.176 3.590057 0.094973
1.177 3.590059 0.094744
1.178 3.590061 0.094516
1.179 3.590064 0.094288
1.180 3.590066 0.094060
1.181 3.590068 0.093832
1.182 3.590071 0.093604
1.183 3.590073 0.093376
1.184 3.590076 0.093149
1.185 3.590078 0.092920
1.186 3.590080 0.092692
1.187 3.590082 0.092463
1.188 3.590084 0.092234
1.189 3.590086 0.092006
1.190 3.590088 0.091777
1.191 3.590087 0.091548
1.192 3.590084 0.091318
1.193 3.590081 0.091088
1.194 3.590079 0.090859
1.195 3.590076 0.090629
1.196 3.590074 0.090399
1.197 3.590070 0.090168
1.198 3.590066 0.089937
1.199 3.590062 0.089706
1.200 3.590058 0.089475
1.201 3.590054 0.089243
1.202 3.590050 0.089012
1.203 3.590046 0.088782
1.204 3.590042 0.088551
1.205 3.590038 0.088320
1.206 3.590034 0.088090
1.207 3.590030 0.087859
1.208 3.590026 0.087629
1.209 3.590022 0.087398
1.210 3.590018 0.087168
1.211 3.590014 0.086938
1.212 3.590010 0.086708
1.213 3.590005 0.086477
1.214 3.589999 0.086247
1.215 3.589990 0.086018
1.216 3.589981 0.085788
1.217 3.589973 0.085558
1.218 3.589964 0.085329
1.219 3.589955 0.085099
1.220 3.589945 0.084870
1.221 3.589935 0.084642
1.222 3.589925 0.084413
1.223 3.589915 0.084185
1.224 3.589905 0.083956
1.225 3.589894 0.083728
1.226 3.589884 0.083499
1.227 3.589874 0.083270
1.228 3.589864 0.083042
1.229 3.589854 0.082813
1.230 3.589844 0.082584
1.231 3.589834 0.082355
1.232 3.589823 0.082126
1.233 3.589813 0.081897
1.234 3.589803 0.081669
1.235 3.589793 0.081440
1.236 3.589783 0.081211
1.237 3.589773 0.080983
1.238 3.589762 0.080755
1.239 3.589750 0.080531
1.240 3.589738 0.080307
1.241 3.589726 0.080083
1.242 3.589714 0.079859
1.243 3.589702 0.079635
1.244 3.589690 0.079411
1.245 3.589677 0.079188
1.246 3.589665 0.078965
1.247 3.589652 0.078741
1.248 3.589639 0.078518
1.249 3.589627 0.078294
1.250 3.589614 0.078071
1.251 3.589602 0.077848
1.252 3.589589 0.077625
1.253 3.589577 0.077401
1.254 3.589564 0.077178
1.255 3.589552 0.076955
1.256 3.589539 0.076732
1.257 3.589527 0.076509
1.258 3.589515 0.076286
1.259 3.589502 0.076064
1.260 3.589490 0.075841
1.261 3.589477 0.075619
1.262 3.589465 0.075396
1.263 3.589453 0.075174
1.264 3.589443 0.074955
1.265 3.589433 0.074737
1.266 3.589423 0.074519
1.267 3.589413 0.074301
1.268 3.589403 0.074082
1.269 3.589393 0.073864
1.270 3.589384 0.073615
1.271 3.589374 0.073337
1.272 3.589365 0.073058
1.273 3.589356 0.072780
1.274 3.589347 0.072502
1.275 3.589338 0.072223
1.276 3.589328 0.071945
1.277 3.589319 0.071630
1.278 3.589310 0.071315
1.279 3.589301 0.070999
1.280 3.589292 0.070683
1.281 3.589283 0.070368
1.282 3.589273 0.070052
1.283 3.589264 0.069736
1.284 3.589256 0.069420
1.285 3.589247 0.069104
1.286 3.589238 0.068787
1.287 3.589229 0.068471
1.288 3.589220 0.068155
1.289 3.589211 0.067838
1.290 3.589211 0.067471
1.291 3.589214 0.067081
1.292 3.589217 0.066692
1.293 3.589220 0.066303
1.294 3.589223 0.065913
1.295 3.589226 0.065524
1.296 3.589229 0.065134
1.297 3.589235 0.064720
1.298 3.589242 0.064304
1.299 3.589248 0.063888
1.300 3.589254 0.063473
1.301 3.589261 0.063057
1.302 3.589267 0.062641
1.303 3.589274 0.062226
1.304 3.589280 0.061810
1.305 3.589286 0.061394
1.306 3.589293 0.060979
1.307 3.589299 0.060563
1.308 3.589305 0.060148
1.309 3.589312 0.059732
1.310 3.589318 0.059316
1.311 3.589325 0.058899
1.312 3.589331 0.058482
1.313 3.589337 0.058065
1.314 3.589344 0.057648
1.315 3.589350 0.057231
1.316 3.589357 0.056813
1.317 3.589365 0.056371
1.318 3.589376 0.055869
1.319 3.589387 0.055367
1.320 3.589398 0.054865
1.321 3.589409 0.054364
1.322 3.589420 0.053862
1.323 3.589431 0.053360
1.324 3.589442 0.052839
1.325 3.589455 0.052265
1.326 3.589467 0.051691
1.327 3.589480 0.051117
1.328 3.589492 0.050543
1.329 3.589504 0.049969
1.330 3.589517 0.049395
1.331 3.589529 0.048808
1.332 3.589542 0.048155
1.333 3.589554 0.047502
1.334 3.589567 0.046849
1.335 3.589579 0.046196
1.336 3.589592 0.045543
1.337 3.589604 0.044890
1.338 3.589617 0.044237
1.339 3.589629 0.043412
1.340 3.589642 0.042582
1.341 3.589655 0.041753
1.342 3.589667 0.040924
1.343 3.589680 0.040094
1.344 3.589693 0.039265
1.345 3.589705 0.038436
1.346 3.589664 0.037420
1.347 3.589600 0.036328
1.348 3.589536 0.035236
1.349 3.589473 0.034144
1.350 3.589409 0.033052
1.351 3.589346 0.031960
1.352 3.589282 0.030868
1.353 3.589217 0.029759
1.354 3.589141 0.028553
1.355 3.589065 0.027346
1.356 3.588989 0.026140
1.357 3.588913 0.024933
1.358 3.588837 0.023727
1.359 3.588760 0.022520
1.360 3.588684 0.021314
1.361 3.588606 0.020194
1.362 3.588526 0.019163
1.363 3.588446 0.018132
1.364 3.588365 0.017100
1.365 3.588285 0.016069
1.366 3.588205 0.015038
1.367 3.588124 0.014006
1.368 3.588044 0.012975
1.369 3.587960 0.012270
1.370 3.587873 0.011668
1.371 3.587787 0.011067
1.372 3.587701 0.010465
1.373 3.587615 0.009864
1.374 3.587529 0.009262
1.375 3.587443 0.008661
1.376 3.587357 0.008059
1.377 3.587272 0.007663
1.378 3.587188 0.007281
1.379 3.587104 0.006900
1.380 3.587020 0.006518
1.381 3.586935 0.006137
1.382 3.586851 0.005755
1.383 3.586767 0.005374
1.384 3.586683 0.004995
1.385 3.586626 0.004750
1.386 3.586568 0.004506
1.387 3.586511 0.004262
1.388 3.586453 0.004018
1.389 3.586396 0.003774
1.390 3.586338 0.003530
1.391 3.586281 0.003286
1.392 3.586223 0.003043
1.393 3.586169 0.002876
1.394 3.586115 0.002709
1.395 3.586061 0.002543
1.396 3.586007 0.002376
1.397 3.585953 0.002210
1.398 3.585899 0.002043
1.399 3.585845 0.001876
1.400 3.585791 0.001710
1.401 3.585744 0.001614
1.402 3.585696 0.001524
1.403 3.585649 0.001435
1.404 3.585602 0.001346
1.405 3.585554 0.001256
1.406 3.585507 0.001167
1.407 3.585460 0.001078
1.408 3.585412 0.000989
1.409 3.585370 0.000963
1.410 3.585329 0.000962
1.411 3.585288 0.000962
1.412 3.585247 0.000962
1.413 3.585206 0.000961
1.414 3.585166 0.000961
1.415 3.585125 0.000961
1.416 3.585084 0.000960
1.417 3.585043 0.000923
1.418 3.585003 0.000836
1.419 3.584964 0.000749
1.420 3.584924 0.000661
1.421 3.584884 0.000574
1.422 3.584844 0.000487
1.423 3.584804 0.000400
1.424 3.584764 0.000312
1.425 3.584724 0.000227
1.426 3.584690 0.000201
1.427 3.584656 0.000174
1.428 3.584621 0.000148
1.429 3.584587 0.000121
1.430 3.584553 0.000095
1.431 3.584518 0.000068
1.432 3.584484 0.000042
1.433 3.584450 0.000016
1.434 3.584416 0.000003
1.435 3.584382 0.000003
1.436 3.584348 0.000003
1.437 3.584314 0.000003
1.438 3.584281 0.000003
1.439 3.584247 0.000003
1.440 3.584213 0.000003
1.441 3.584179 0.000002
1.442 3.584146 0.000002
1.443 3.584115 0.000002
1.444 3.584084 0.000002
1.445 3.584053 0.000002
1.446 3.584023 0.000002
1.447 3.583992 0.000002
1.448 3.583962 0.000002
1.449 3.583931 0.000002
1.450 3.583900 0.000001
1.451 3.583870 0.000001
1.452 3.583842 0.000001
1.453 3.583813 0.000001
1.454 3.583784 0.000001
1.455 3.583756 0.000001
1.456 3.583727 0.000001
1.457 3.583699 0.000001
1.458 3.583670 0.000001
1.459 3.583642 0.000001
1.460 3.583613 0.000001
1.461 3.583586 0.000001
1.462 3.583558 0.000001
1.463 3.583530 0.000001
1.464 3.583502 0.000001
1.465 3.583474 0.000001
1.466 3.583446 0.000001
1.467 3.583418 0.000001
1.468 3.583390 0.000001
1.469 3.583364 0.000000
1.470 3.583338 0.000000
1.471 3.583313 0.000000
1.472 3.583287 0.000000
1.473 3.583262 0.000000
1.474 3.583236 0.000000
1.475 3.583211 0.000000
1.476 3.583186 0.000000
1.477 3.583160 0.000000
1.478 3.583135 0.000000
1.479 3.583110 0.000000
1.480 3.583084 0.000000
1.481 3.583059 0.000000
1.482 3.583034 0.000000
1.483 3.583008 0.000000
1.484 3.582983 0.000000
1.485 3.582958 0.000000
1.486 3.582933 0.000000
1.487 3.582908 0.000000
1.488 3.582885 0.000000
1.489 3.582862 0.000000
1.490 3.582838 0.000000
1.491 3.582815 0.000000
1.492 3.582792 0.000000
1.493 3.582769 0.000000
1.494 3.582745 0.000000
1.495 3.582722 0.000000
1.496 3.582699 0.000000
1.497 3.582677 0.000000
1.498 3.582654 0.000000
1.499 3.582632 0.000000
1.500 3.582610 0.000000
1.501 3.582587 0.000000
1.502 3.582565 0.000000
1.503 3.582542 0.000000
1.504 3.582520 0.000000
1.505 3.582498 0.000000
1.506 3.582476 0.000000
1.507 3.582454 0.000000
1.508 3.582433 0.000000
1.509 3.582411 0.000000
1.510 3.582389 0.000000
1.511 3.582367 0.000000
1.512 3.582346 0.000000
1.513 3.582324 0.000000
1.514 3.582302 0.000000
1.515 3.582281 0.000000
1.516 3.582261 0.000000
1.517 3.582241 0.000000
1.518 3.582221 0.000000
1.519 3.582201 0.000000
1.520 3.582181 0.000000
1.521 3.582161 0.000000
1.522 3.582141 0.000000
1.523 3.582121 0.000000
1.524 3.582101 0.000000
1.525 3.582081 0.000000
1.526 3.582061 0.000000
1.527 3.582041 0.000000
1.528 3.582021 0.000000
1.529 3.582001 0.000000
1.530 3.581981 0.000000
1.531 3.581961 0.000000
1.532 3.581941 0.000000
1.533 3.581922 0.000000
1.534 3.581902 0.000000
1.535 3.581883 0.000000
1.536 3.581865 0.000000
1.537 3.581846 0.000000
1.538 3.581827 0.000000
1.539 3.581809 0.000000
1.540 3.581790 0.000000
1.541 3.581772 0.000000
1.542 3.581753 0.000000
1.543 3.581735 0.000000
1.544 3.581716 0.000000
1.545 3.581698 0.000000
1.546 3.581680 0.000000
1.547 3.581662 0.000000
1.548 3.581644 0.000000
1.549 3.581625 0.000000
1.550 3.581607 0.000000
1.551 3.581589 0.000000
1.552 3.581571 0.000000
1.553 3.581553 0.000000
1.554 3.581535 0.000000
1.555 3.581517 0.000000
1.556 3.581500 0.000000
1.557 3.581482 0.000000
1.558 3.581464 0.000000
1.559 3.581447 0.000000
1.560 3.581429 0.000000
1.561 3.581412 0.000000
1.562 3.581394 0.000000
1.563 3.581377 0.000000
1.564 3.581359 0.000000
1.565 3.581342 0.000000
1.566 3.581326 0.000000
1.567 3.581309 0.000000
1.568 3.581293 0.000000
1.569 3.581276 0.000000
1.570 3.581260 0.000000
1.571 3.581243 0.000000
1.572 3.581227 0.000000
1.573 3.581210 0.000000
1.574 3.581194 0.000000
1.575 3.581177 0.000000
1.576 3.581161 0.000000
1.577 3.581144 0.000000
1.578 3.581128 0.000000
1.579 3.581111 0.000000
1.580 3.581095 0.000000
1.581 3.581078 0.000000
1.582 3.581062 0.000000
1.583 3.581045 0.000000
1.584 3.581029 0.000000
1.585 3.581013 0.000000
1.586 3.580997 0.000000
1.587 3.580982 0.000000
1.588 3.580967 0.000000
1.589 3.580951 0.000000
1.590 3.580936 0.000000
1.591 3.580921 0.000000
1.592 3.580905 0.000000
1.593 3.580890 0.000000
1.594 3.580875 0.000000
1.595 3.580859 0.000000
1.596 3.580844 0.000000
1.597 3.580829 0.000000
1.598 3.580814 0.000000
1.599 3.580799 0.000000
1.600 3.580784 0.000000
1.601 3.580768 0.000000
1.602 3.580753 0.000000
1.603 3.580738 0.000000
1.604 3.580723 0.000000
1.605 3.580708 0.000000
1.606 3.580693 0.000000
1.607 3.580678 0.000000
1.608 3.580664 0.000000
1.609 3.580649 0.000000
1.610 3.580635 0.000000
1.611 3.580620 0.000000
1.612 3.580606 0.000000
1.613 3.580591 0.000000
1.614 3.580577 0.000000
1.615 3.580562 0.000000
1.616 3.580548 0.000000
1.617 3.580534 0.000000
1.618 3.580520 0.000000
1.619 3.580507 0.000000
1.620 3.580493 0.000000
1.621 3.580479 0.000000
1.622 3.580466 0.000000
1.623 3.580452 0.000000
1.624 3.580438 0.000000
1.625 3.580425 0.000000
1.626 3.580411 0.000000
1.627 3.580397 0.000000
1.628 3.580384 0.000000
1.629 3.580370 0.000000
1.630 3.580357 0.000000
1.631 3.580343 0.000000
1.632 3.580330 0.000000
1.633 3.580316 0.000000
1.634 3.580302 0.000000
1.635 3.580289 0.000000
1.636 3.580275 0.000000
1.637 3.580262 0.000000
1.638 3.580248 0.000000
1.639 3.580235 0.000000
1.640 3.580222 0.000000
1.641 3.580209 0.000000
1.642 3.580197 0.000000
1.643 3.580184 0.000000
1.644 3.580171 0.000000
1.645 3.580158 0.000000
1.646 3.580146 0.000000
1.647 3.580133 0.000000
1.648 3.580120 0.000000
1.649 3.580107 0.000000
1.650 3.580095 0.000000
1.651 3.580082 0.000000
1.652 3.580069 0.000000
1.653 3.580057 0.000000
1.654 3.580044 0.000000
1.655 3.580031 0.000000
1.656 3.580019 0.000000
1.657 3.580006 0.000000
1.658 3.579993 0.000000
1.659 3.579981 0.000000
1.660 3.579968 0.000000
1.661 3.579955 0.000000
1.662 3.579943 0.000000
1.663 3.579931 0.000000
1.664 3.579919 0.000000
1.665 3.579906 0.000000
1.666 3.579894 0.000000
1.667 3.579882 0.000000
1.668 3.579870 0.000000
1.669 3.579857 0.000000
1.670 3.579845 0.000000
1.671 3.579833 0.000000
1.672 3.579821 0.000000
1.673 3.579809 0.000000
1.674 3.579797 0.000000
1.675 3.579785 0.000000
1.676 3.579774 0.000000
1.677 3.579762 0.000000
1.678 3.579750 0.000000
1.679 3.579738 0.000000
1.680 3.579726 0.000000
1.681 3.579715 0.000000
1.682 3.579703 0.000000
1.683 3.579691 0.000000
1.684 3.579679 0.000000
1.685 3.579668 0.000000
1.686 3.579656 0.000000
1.687 3.579644 0.000000
1.688 3.579633 0.000000
1.689 3.579621 0.000000
1.690 3.579609 0.000000
1.691 3.579598 0.000000
1.692 3.579586 0.000000
1.693 3.579574 0.000000
1.694 3.579563 0.000000
1.695 3.579551 0.000000
1.696 3.579539 0.000000
1.697 3.579528 0.000000
1.698 3.579517 0.000000
1.699 3.579506 0.000000
1.700 3.579495 0.000000
1.701 3.579484 0.000000
1.702 3.579474 0.000000
1.703 3.579463 0.000000
1.704 3.579452 0.000000
1.705 3.579441 0.000000
1.706 3.579430 0.000000
1.707 3.579419 0.000000
1.708 3.579408 0.000000
1.709 3.579397 0.000000
1.710 3.579386 0.000000
1.711 3.579375 0.000000
1.712 3.579364 0.000000
1.713 3.579353 0.000000
1.714 3.579342 0.000000
1.715 3.579331 0.000000
1.716 3.579321 0.000000
1.717 3.579310 0.000000
1.718 3.579299 0.000000
1.719 3.579288 0.000000
1.720 3.579277 0.000000
1.721 3.579266 0.000000
1.722 3.579256 0.000000
1.723 3.579246 0.000000
1.724 3.579236 0.000000
1.725 3.579225 0.000000
1.726 3.579215 0.000000
1.727 3.579205 0.000000
1.728 3.579195 0.000000
1.729 3.579184 0.000000
1.730 3.579174 0.000000
1.731 3.579164 0.000000
1.732 3.579154 0.000000
1.733 3.579143 0.000000
1.734 3.579134 0.000000
1.735 3.579124 0.000000
1.736 3.579114 0.000000
1.737 3.579104 0.000000
1.738 3.579094 0.000000
1.739 3.579085 0.000000
1.740 3.579075 0.000000
1.741 3.579065 0.000000
1.742 3.579055 0.000000
1.743 3.579045 0.000000
1.744 3.579035 0.000000
1.745 3.579026 0.000000
1.746 3.579016 0.000000
1.747 3.579006 0.000000
1.748 3.578996 0.000000
1.749 3.578987 0.000000
1.750 3.578977 0.000000
1.751 3.578967 0.000000
1.752 3.578958 0.000000
1.753 3.578948 0.000000
1.754 3.578938 0.000000
1.755 3.578928 0.000000
1.756 3.578919 0.000000
1.757 3.578909 0.000000
1.758 3.578899 0.000000
1.759 3.578890 0.000000
1.760 3.578881 0.000000
1.761 3.578871 0.000000
1.762 3.578862 0.000000
1.763 3.578853 0.000000
1.764 3.578843 0.000000
1.765 3.578834 0.000000
1.766 3.578825 0.000000
1.767 3.578816 0.000000
1.768 3.578806 0.000000
1.769 3.578797 0.000000
1.770 3.578788 0.000000
1.771 3.578779 0.000000
1.772 3.578769 0.000000
1.773 3.578760 0.000000
1.774 3.578751 0.000000
1.775 3.578741 0.000000
1.776 3.578732 0.000000
1.777 3.578723 0.000000
1.778 3.578714 0.000000
1.779 3.578704 0.000000
1.780 3.578695 0.000000
1.781 3.578686 0.000000
1.782 3.578676 0.000000
1.783 3.578667 0.000000
1.784 3.578658 0.000000
1.785 3.578649 0.000000
1.786 3.578640 0.000000
1.787 3.578632 0.000000
1.788 3.578623 0.000000
1.789 3.578614 0.000000
1.790 3.578605 0.000000
1.791 3.578597 0.000000
1.792 3.578588 0.000000
1.793 3.578579 0.000000
1.794 3.578570 0.000000
1.795 3.578562 0.000000
1.796 3.578553 0.000000
1.797 3.578544 0.000000
1.798 3.578536 0.000000
1.799 3.578527 0.000000
1.800 3.578519 0.000000
1.801 3.578510 0.000000
1.802 3.578502 0.000000
1.803 3.578493 0.000000
1.804 3.578485 0.000000
1.805 3.578476 0.000000
1.806 3.578468 0.000000
1.807 3.578459 0.000000
1.808 3.578451 0.000000
1.809 3.578442 0.000000
1.810 3.578434 0.000000
1.811 3.578425 0.000000
1.812 3.578417 0.000000
1.813 3.578409 0.000000
1.814 3.578400 0.000000
1.815 3.578392 0.000000
1.816 3.578384 0.000000
1.817 3.578375 0.000000
1.818 3.578367 0.000000
1.819 3.578359 0.000000
1.820 3.578350 0.000000
1.821 3.578342 0.000000
1.822 3.578334 0.000000
1.823 3.578325 0.000000
1.824 3.578317 0.000000
1.825 3.578309 0.000000
1.826 3.578301 0.000000
1.827 3.578293 0.000000
1.828 3.578286 0.000000
1.829 3.578278 0.000000
1.830 3.578270 0.000000
1.831 3.578262 0.000000
1.832 3.578254 0.000000
1.833 3.578247 0.000000
1.834 3.578239 0.000000
1.835 3.578231 0.000000
1.836 3.578223 0.000000
1.837 3.578215 0.000000
1.838 3.578208 0.000000
1.839 3.578200 0.000000
1.840 3.578192 0.000000
1.841 3.578184 0.000000
1.842 3.578176 0.000000
1.843 3.578169 0.000000
1.844 3.578161 0.000000
1.845 3.578153 0.000000
1.846 3.578145 0.000000
1.847 3.578138 0.000000
1.848 3.578130 0.000000
1.849 3.578122 0.000000
1.850 3.578114 0.000000
1.851 3.578106 0.000000
1.852 3.578099 0.000000
1.853 3.578091 0.000000
1.854 3.578083 0.000000
1.855 3.578076 0.000000
1.856 3.578069 0.000000
1.857 3.578061 0.000000
1.858 3.578054 0.000000
1.859 3.578046 0.000000
1.860 3.578039 0.000000
1.861 3.578032 0.000000
1.862 3.578024 0.000000
1.863 3.578017 0.000000
1.864 3.578010 0.000000
1.865 3.578002 0.000000
1.866 3.577995 0.000000
1.867 3.577987 0.000000
1.868 3.577980 0.000000
1.869 3.577973 0.000000
1.870 3.577965 0.000000
1.871 3.577958 0.000000
1.872 3.577951 0.000000
1.873 3.577944 0.000000
1.874 3.577936 0.000000
1.875 3.577929 0.000000
1.876 3.577922 0.000000
1.877 3.577914 0.000000
1.878 3.577907 0.000000
1.879 3.577900 0.000000
1.880 3.577893 0.000000
1.881 3.577885 0.000000
1.882 3.577878 0.000000
1.883 3.577871 0.000000
1.884 3.577864 0.000000
1.885 3.577857 0.000000
1.886 3.577850 0.000000
1.887 3.577843 0.000000
1.888 3.577836 0.000000
1.889 3.577829 0.000000
1.890 3.577822 0.000000
1.891 3.577815 0.000000
1.892 3.577807 0.000000
1.893 3.577800 0.000000
1.894 3.577793 0.000000
1.895 3.577786 0.000000
1.896 3.577779 0.000000
1.897 3.577772 0.000000
1.898 3.577766 0.000000
1.899 3.577759 0.000000
1.900 3.577752 0.000000
1.901 3.577746 0.000000
1.902 3.577739 0.000000
1.903 3.577732 0.000000
1.904 3.577726 0.000000
1.905 3.577719 0.000000
1.906 3.577713 0.000000
1.907 3.577706 0.000000
1.908 3.577699 0.000000
1.909 3.577693 0.000000
1.910 3.577686 0.000000
1.911 3.577679 0.000000
1.912 3.577673 0.000000
1.913 3.577666 0.000000
1.914 3.577659 0.000000
1.915 3.577653 0.000000
1.916 3.577646 0.000000
1.917 3.577640 0.000000
1.918 3.577633 0.000000
1.919 3.577626 0.000000
1.920 3.577620 0.000000
1.921 3.577613 0.000000
1.922 3.577606 0.000000
1.923 3.577600 0.000000
1.924 3.577593 0.000000
1.925 3.577587 0.000000
1.926 3.577580 0.000000
1.927 3.577573 0.000000
1.928 3.577567 0.000000
1.929 3.577561 0.000000
1.930 3.577554 0.000000
1.931 3.577548 0.000000
1.932 3.577542 0.000000
1.933 3.577536 0.000000
1.934 3.577530 0.000000
1.935 3.577523 0.000000
1.936 3.577517 0.000000
1.937 3.577511 0.000000
1.938 3.577505 0.000000
1.939 3.577498 0.000000
1.940 3.577492 0.000000
1.941 3.577486 0.000000
1.942 3.577480 0.000000
1.943 3.577473 0.000000
1.944 3.577467 0.000000
1.945 3.577461 0.000000
1.946 3.577455 0.000000
1.947 3.577449 0.000000
1.948 3.577443 0.000000
1.949 3.577436 0.000000
1.950 3.577430 0.000000