0.253 2.299357 3.368696
0.254 2.357623 3.374592
0.255 2.415329 3.381075
0.256 2.474277 3.386159
0.257 2.535372 3.391089
0.258 2.598899 3.395813
0.259 2.666364 3.398453
0.260 2.739670 3.398088
0.261 2.814469 3.391156
0.262 2.891846 3.377705
0.263 2.970422 3.355792
0.264 3.050919 3.327340
0.265 3.126515 3.289540
0.266 3.197697 3.244271
0.267 3.265350 3.192802
0.268 3.324362 3.135114
0.269 3.376235 3.074974
0.270 3.421324 3.011672
0.271 3.458476 2.947327
0.272 3.490598 2.884636
0.273 3.514187 2.822452
0.274 3.533068 2.761188
0.275 3.548388 2.702574
0.276 3.560499 2.647303
0.277 3.566685 2.592771
0.278 3.570791 2.540628
0.279 3.574170 2.493882
0.280 3.573326 2.446838
0.281 3.572393 2.403392
0.282 3.569001 2.362018
0.283 3.564955 2.321707
0.284 3.560729 2.284196
0.285 3.553924 2.249143
0.286 3.546486 2.213945
0.287 3.539108 2.182215
0.288 3.529857 2.151054
0.289 3.519205 2.123235
0.290 3.510442 2.095012
0.291 3.501535 2.069302
0.292 3.489945 2.043782
0.293 3.478334 2.021667
0.294 3.467118 2.000175
0.295 3.456478 1.979577
0.296 3.445191 1.962673
0.297 3.432473 1.944948
0.298 3.421124 1.928979
0.299 3.410088 1.913093
0.300 3.398315 1.898317
0.301 3.388687 1.887024
0.302 3.376799 1.873429
0.303 3.366596 1.863429
0.304 3.356010 1.854144
0.305 3.347621 1.845236
0.306 3.337555 1.836268
0.307 3.327919 1.827926
0.308 3.319147 1.819855
0.309 3.309480 1.814241
0.310 3.300988 1.808282
0.311 3.293385 1.803674
0.312 3.287085 1.797955
0.313 3.278570 1.793494
0.314 3.272242 1.789758
0.315 3.265067 1.786952
0.316 3.259703 1.782668
0.317 3.253783 1.781362
0.318 3.248439 1.778895
0.319 3.242891 1.776862
0.320 3.238064 1.775422
0.321 3.232150 1.775088
0.322 3.229112 1.772830
0.323 3.224330 1.772569
0.324 3.220564 1.773005
0.325 3.218118 1.773507
0.326 3.215052 1.773623
0.327 3.210515 1.771787
0.328 3.208228 1.772177
0.329 3.206352 1.772925
0.330 3.204510 1.774173
0.331 3.203099 1.775203
0.332 3.201643 1.776366
0.333 3.200170 1.777305
0.334 3.199071 1.778780
0.335 3.197753 1.780367
0.336 3.196641 1.783926
0.337 3.195710 1.786581
0.338 3.195053 1.787938
0.339 3.194311 1.789783
0.340 3.195423 1.791486
0.341 3.196657 1.793664
0.342 3.196299 1.798789
0.343 3.196878 1.800509
0.344 3.199183 1.802699
0.345 3.199293 1.804692
0.346 3.199708 1.809523
0.347 3.202484 1.812663
0.348 3.204070 1.815062
0.349 3.206428 1.819534
0.350 3.208283 1.823578
0.351 3.211456 1.826045
0.352 3.213326 1.830053
0.353 3.216223 1.834931
0.354 3.218390 1.837549
0.355 3.222573 1.842901
0.356 3.225595 1.847070
0.357 3.227651 1.850179
0.358 3.232389 1.856310
0.359 3.236486 1.859512
0.360 3.240871 1.864623
0.361 3.244800 1.869374
0.362 3.249910 1.874584
0.363 3.255271 1.879701
0.364 3.260598 1.885366
0.365 3.265741 1.890386
0.366 3.270984 1.895569
0.367 3.278911 1.902200
0.368 3.284264 1.907902
0.369 3.291182 1.912770
0.370 3.298664 1.919887
0.371 3.304753 1.925822
0.372 3.312445 1.932478
0.373 3.321350 1.939159
0.374 3.332323 1.945815
0.375 3.342613 1.952794
0.376 3.351938 1.959366
0.377 3.363678 1.966056
0.378 3.376451 1.972487
0.379 3.389679 1.979548
0.380 3.402177 1.984487
0.381 3.417365 1.988787
0.382 3.432638 1.992747
0.383 3.449107 1.994114
0.384 3.467026 1.995571
0.385 3.482844 1.994781
0.386 3.496924 1.993817
0.387 3.509888 1.990982
0.388 3.523232 1.988933
0.389 3.535872 1.986153
0.390 3.545432 1.983321
0.391 3.554122 1.981015
0.392 3.561089 1.980009
0.393 3.569732 1.978434
0.394 3.577611 1.981279
0.395 3.584963 1.983314
0.396 3.592345 1.987985
0.397 3.600217 1.994406
0.398 3.609184 2.001262
0.399 3.620142 2.009932
0.400 3.633192 2.019284
0.401 3.648277 2.029806
0.402 3.663712 2.041742
0.403 3.683024 2.052007
0.404 3.704642 2.060490
0.405 3.729060 2.071094
0.406 3.754363 2.080650
0.407 3.783549 2.088775
0.408 3.815345 2.094772
0.409 3.847835 2.099029
0.410 3.882683 2.099598
0.411 3.916654 2.098148
0.412 3.950587 2.094330
0.413 3.984416 2.088750
0.414 4.018001 2.082043
0.415 4.051376 2.073388
0.416 4.084389 2.063119
0.417 4.116958 2.051537
0.418 4.149119 2.038555
0.419 4.181241 2.023091
0.420 4.214357 2.006981
0.421 4.247610 1.989156
0.422 4.280155 1.969412
0.423 4.312520 1.946498
0.424 4.344160 1.920861
0.425 4.374175 1.893096
0.426 4.403221 1.862835
0.427 4.431341 1.830705
0.428 4.456381 1.795764
0.429 4.479199 1.759397
0.430 4.499509 1.721563
0.431 4.517073 1.682475
0.432 4.531004 1.642983
0.433 4.541080 1.603133
0.434 4.549414 1.563102
0.435 4.554003 1.524131
0.436 4.555746 1.486579
0.437 4.555922 1.449923
0.438 4.553141 1.414932
0.439 4.549354 1.381988
0.440 4.544104 1.349486
0.441 4.536805 1.318326
0.442 4.529234 1.288242
0.443 4.523229 1.259433
0.444 4.515076 1.233449
0.445 4.505727 1.207804
0.446 4.496421 1.183825
0.447 4.486596 1.161689
0.448 4.475684 1.140137
0.449 4.464207 1.119032
0.450 4.454083 1.098664
0.451 4.444142 1.080439
0.452 4.434278 1.063370
0.453 4.424627 1.046296
0.454 4.414929 1.029657
0.455 4.405103 1.013858
0.456 4.395610 0.997874
0.457 4.385758 0.982962
0.458 4.376239 0.969992
0.459 4.366632 0.956795
0.460 4.356977 0.943835
0.461 4.347629 0.931525
0.462 4.338065 0.919394
0.463 4.330703 0.907933
0.464 4.322954 0.896751
0.465 4.314183 0.886127
0.466 4.304813 0.875817
0.467 4.295698 0.865358
0.468 4.287088 0.855906
0.469 4.279984 0.846359
0.470 4.272428 0.837310
0.471 4.264028 0.828461
0.472 4.255939 0.819807
0.473 4.248910 0.811351
0.474 4.241772 0.803115
0.475 4.233820 0.795157
0.476 4.227232 0.787506
0.477 4.220486 0.779939
0.478 4.212400 0.772520
0.479 4.205850 0.765749
0.480 4.199708 0.758667
0.481 4.193271 0.751883
0.482 4.187075 0.745154
0.483 4.179910 0.738829
0.484 4.173358 0.732510
0.485 4.167308 0.726259
0.486 4.161639 0.720143
0.487 4.155921 0.714430
0.488 4.150202 0.708550
0.489 4.144427 0.702712
0.490 4.138956 0.697349
0.491 4.133358 0.691869
0.492 4.127820 0.686450
0.493 4.122940 0.681276
0.494 4.116979 0.676234
0.495 4.111963 0.671081
0.496 4.106500 0.665730
0.497 4.101660 0.660748
0.498 4.095585 0.655891
0.499 4.091736 0.651524
0.500 4.088026 0.646722
0.501 4.082814 0.641955
0.502 4.077837 0.637248
0.503 4.072516 0.632957
0.504 4.067932 0.628437
0.505 4.063120 0.624191
0.506 4.058530 0.619930
0.507 4.054909 0.615608
0.508 4.050316 0.611502
0.509 4.046049 0.607477
0.510 4.042221 0.603362
0.511 4.038265 0.599173
0.512 4.033936 0.595152
0.513 4.029984 0.591331
0.514 4.026292 0.587597
0.515 4.022053 0.583904
0.516 4.017447 0.580217
0.517 4.012970 0.576539
0.518 4.009022 0.572912
0.519 4.005670 0.569323
0.520 4.001792 0.565744
0.521 3.997680 0.562168
0.522 3.994346 0.558629
0.523 3.990680 0.555136
0.524 3.986709 0.551660
0.525 3.983381 0.548402
0.526 3.980628 0.545182
0.527 3.977478 0.541833
0.528 3.973505 0.538544
0.529 3.969667 0.535500
0.530 3.966821 0.532209
0.531 3.962860 0.529118
0.532 3.958968 0.526028
0.533 3.955895 0.522895
0.534 3.952593 0.519846
0.535 3.948797 0.516944
0.536 3.945407 0.514089
0.537 3.943344 0.511101
0.538 3.940589 0.508124
0.539 3.936643 0.505354
0.540 3.933241 0.502531
0.541 3.930780 0.499851
0.542 3.928430 0.497151
0.543 3.925210 0.494281
0.544 3.920945 0.491383
0.545 3.918278 0.488919
0.546 3.915990 0.486127
0.547 3.912217 0.483562
0.548 3.908645 0.481137
0.549 3.906252 0.478619
0.550 3.904031 0.475824
0.551 3.901133 0.473469
0.552 3.897611 0.470993
0.553 3.894897 0.468428
0.554 3.892723 0.465921
0.555 3.890213 0.463605
0.556 3.886858 0.461319
0.557 3.883814 0.459040
0.558 3.881378 0.456516
0.559 3.879217 0.453993
0.560 3.876731 0.451728
0.561 3.872471 0.449502
0.562 3.870305 0.447282
0.563 3.868481 0.445064
0.564 3.866579 0.442851
0.565 3.864572 0.440656
0.566 3.861949 0.438490
0.567 3.858892 0.436330
0.568 3.856171 0.434172
0.569 3.854168 0.432017
0.570 3.852453 0.429879
0.571 3.849187 0.427989
0.572 3.846178 0.426076
0.573 3.843852 0.424065
0.574 3.841933 0.421962
0.575 3.839643 0.419874
0.576 3.836782 0.417802
0.577 3.833747 0.415743
0.578 3.831901 0.413690
0.579 3.830376 0.411957
0.580 3.828788 0.410101
0.581 3.826847 0.408067
0.582 3.823486 0.406054
0.583 3.820994 0.404219
0.584 3.819039 0.402405
0.585 3.817475 0.400556
0.586 3.815063 0.398935
0.587 3.812188 0.397087
0.588 3.809494 0.395216
0.589 3.808014 0.393622
0.590 3.806623 0.391762
0.591 3.804931 0.389979
0.592 3.802819 0.388328
0.593 3.799763 0.386639
0.594 3.797604 0.384876
0.595 3.796002 0.383124
0.596 3.794590 0.381558
0.597 3.792924 0.379994
0.598 3.790772 0.378318
0.599 3.787857 0.376434
0.600 3.785947 0.374870
0.601 3.784314 0.373336
0.602 3.782886 0.371802
0.603 3.780553 0.370276
0.604 3.778123 0.368759
0.605 3.775693 0.367224
0.606 3.774399 0.365372
0.607 3.773101 0.363867
0.608 3.771743 0.362574
0.609 3.769874 0.361025
0.610 3.767391 0.359486
0.611 3.764706 0.357955
0.612 3.763504 0.356431
0.613 3.762300 0.355070
0.614 3.761057 0.353796
0.615 3.759417 0.352318
0.616 3.756966 0.350852
0.617 3.753965 0.349395
0.618 3.752787 0.347927
0.619 3.751612 0.346463
0.620 3.750440 0.345000
0.621 3.748765 0.343801
0.622 3.746717 0.342505
0.623 3.744147 0.341046
0.624 3.742714 0.339663
0.625 3.741418 0.338338
0.626 3.739908 0.337127
0.627 3.737642 0.335756
0.628 3.735168 0.334325
0.629 3.733740 0.332993
0.630 3.732599 0.331730
0.631 3.731726 0.330533
0.632 3.730223 0.329209
0.633 3.728391 0.327921
0.634 3.725949 0.326742
0.635 3.724235 0.325452
0.636 3.722888 0.324125
0.637 3.722099 0.322987
0.638 3.720949 0.321748
0.639 3.719320 0.320376
0.640 3.716911 0.319224
0.641 3.714547 0.318136
0.642 3.713810 0.317073
0.643 3.712963 0.315981
0.644 3.711996 0.314854
0.645 3.710667 0.313589
0.646 3.709083 0.312323
0.647 3.706379 0.311269
0.648 3.704588 0.310220
0.649 3.703928 0.309176
0.650 3.703048 0.307960
0.651 3.702069 0.306696
0.652 3.700559 0.305585
0.653 3.698815 0.304500
0.654 3.696611 0.303463
0.655 3.695218 0.302433
0.656 3.694332 0.301407
0.657 3.693287 0.300123
0.658 3.692116 0.298849
0.659 3.690337 0.297826
0.660 3.688619 0.296804
0.661 3.686991 0.295785
0.662 3.685835 0.294812
0.663 3.684945 0.293865
0.664 3.683956 0.293060
0.665 3.682846 0.292255
0.666 3.680736 0.291245
0.667 3.678904 0.290237
0.668 3.677689 0.289232
0.669 3.676814 0.288231
0.670 3.676260 0.287234
0.671 3.675113 0.286238
0.672 3.673721 0.285244
0.673 3.671582 0.284248
0.674 3.669466 0.283253
0.675 3.668927 0.282261
0.676 3.668283 0.281271
0.677 3.667288 0.280286
0.678 3.666110 0.279409
0.679 3.664640 0.278703
0.680 3.663116 0.277850
0.681 3.661545 0.276868
0.682 3.660523 0.275887
0.683 3.659777 0.274907
0.684 3.658801 0.273995
0.685 3.657764 0.273101
0.686 3.655973 0.272310
0.687 3.654109 0.271529
0.688 3.653307 0.270557
0.689 3.652515 0.269613
0.690 3.651816 0.268911
0.691 3.650997 0.268168
0.692 3.649636 0.267238
0.693 3.648194 0.266358
0.694 3.646513 0.265629
0.695 3.645133 0.264826
0.696 3.644412 0.263865
0.697 3.643600 0.262999
0.698 3.642628 0.262301
0.699 3.641326 0.261605
0.700 3.639534 0.260911
0.701 3.638154 0.260106
0.702 3.637319 0.259154
0.703 3.636598 0.258316
0.704 3.636019 0.257620
0.705 3.635107 0.256925
0.706 3.633793 0.256230
0.707 3.632410 0.255486
0.708 3.630942 0.254682
0.709 3.629821 0.253886
0.710 3.629164 0.253101
0.711 3.628357 0.252333
0.712 3.627325 0.251593
0.713 3.626028 0.250869
0.714 3.624257 0.250176
0.715 3.622910 0.249483
0.716 3.622526 0.248793
0.717 3.622083 0.248102
0.718 3.621457 0.247412
0.719 3.620784 0.246721
0.720 3.619867 0.246028
0.721 3.618896 0.245342
0.722 3.617269 0.244730
0.723 3.615643 0.244118
0.724 3.615095 0.243588
0.725 3.614573 0.243060
0.726 3.613810 0.242392
0.727 3.613008 0.241702
0.728 3.611866 0.241010
0.729 3.610604 0.240318
0.730 3.609409 0.239625
0.731 3.608260 0.238933
0.732 3.607475 0.238272
0.733 3.607133 0.237650
0.734 3.606563 0.237057
0.735 3.605424 0.236536
0.736 3.604255 0.235995
0.737 3.602840 0.235304
0.738 3.601425 0.234612
0.739 3.600796 0.234111
0.740 3.600233 0.233625
0.741 3.599717 0.233010
0.742 3.599219 0.232345
0.743 3.598510 0.231751
0.744 3.597594 0.231226
0.745 3.596558 0.230672
0.746 3.595209 0.230042
0.747 3.593893 0.229419
0.748 3.593447 0.228952
0.749 3.593001 0.228486
0.750 3.592503 0.228020
0.751 3.591991 0.227553
0.752 3.591134 0.227044
0.753 3.589950 0.226493
0.754 3.588799 0.225962
0.755 3.587764 0.225497
0.756 3.586728 0.225033
0.757 3.586396 0.224570
0.758 3.586115 0.224108
0.759 3.585486 0.223541
0.760 3.584644 0.222911
0.761 3.583685 0.222326
0.762 3.582445 0.221852
0.763 3.581206 0.221377
0.764 3.580478 0.220899
0.765 3.579772 0.220421
0.766 3.579333 0.219959
0.767 3.579067 0.219509
0.768 3.578739 0.219045
0.769 3.578205 0.218534
0.770 3.577671 0.218024
0.771 3.576799 0.217443
0.772 3.575869 0.216851
0.773 3.575036 0.216327
0.774 3.574318 0.215885
0.775 3.573608 0.215443
0.776 3.573088 0.215003
0.777 3.572567 0.214563
0.778 3.571965 0.214232
0.779 3.571312 0.213968
0.780 3.570696 0.213665
0.781 3.570259 0.213173
0.782 3.569821 0.212682
0.783 3.569273 0.212187
0.784 3.568680 0.211692
0.785 3.568114 0.211197
0.786 3.567632 0.210699
0.787 3.567150 0.210202
0.788 3.566712 0.209618
0.789 3.566288 0.209005
0.790 3.565825 0.208438
0.791 3.565240 0.208015
0.792 3.564656 0.207591
0.793 3.564164 0.207169
0.794 3.563708 0.206747
0.795 3.563260 0.206325
0.796 3.562846 0.205905
0.797 3.562433 0.205485
0.798 3.562016 0.205056
0.799 3.561597 0.204621
0.800 3.561174 0.204189
0.801 3.560683 0.203793
0.802 3.560193 0.203397
0.803 3.559708 0.202986
0.804 3.559229 0.202559
0.805 3.558750 0.202132
0.806 3.558350 0.201561
0.807 3.557961 0.200968
0.808 3.557577 0.200373
0.809 3.557205 0.199770
0.810 3.556832 0.199168
0.811 3.556464 0.198685
0.812 3.556098 0.198278
0.813 3.555732 0.197871
0.814 3.555302 0.197282
0.815 3.554869 0.196685
0.816 3.554422 0.196143
0.817 3.553939 0.195740
0.818 3.553456 0.195336
0.819 3.553050 0.194934
0.820 3.552695 0.194533
0.821 3.552341 0.194132
0.822 3.551991 0.193673
0.823 3.551641 0.193206
0.824 3.551291 0.192731
0.825 3.550942 0.192215
0.826 3.550594 0.191698
0.827 3.550247 0.191166
0.828 3.549901 0.190615
0.829 3.549556 0.190063
0.830 3.549215 0.189476
0.831 3.548877 0.188869
0.832 3.548539 0.188263
0.833 3.548134 0.187685
0.834 3.547719 0.187112
0.835 3.547303 0.186552
0.836 3.546868 0.186162
0.837 3.546432 0.185773
0.838 3.546024 0.185384
0.839 3.545696 0.184997
0.840 3.545367 0.184609
0.841 3.545045 0.184147
0.842 3.544731 0.183582
0.843 3.544418 0.183016
0.844 3.544108 0.182552
0.845 3.543802 0.182167
0.846 3.543495 0.181782
0.847 3.543192 0.181278
0.848 3.542892 0.180718
0.849 3.542592 0.180157
0.850 3.542289 0.179604
0.851 3.541987 0.179053
0.852 3.541684 0.178501
0.853 3.541386 0.178094
0.854 3.541089 0.177708
0.855 3.540791 0.177321
0.856 3.540502 0.176933
0.857 3.540214 0.176544
0.858 3.539926 0.176155
0.859 3.539640 0.175620
0.860 3.539354 0.175081
0.861 3.539068 0.174542
0.862 3.538785 0.174117
0.863 3.538501 0.173692
0.864 3.538218 0.173266
0.865 3.537941 0.172773
0.866 3.537664 0.172279
0.867 3.537387 0.171786
0.868 3.537113 0.171412
0.869 3.536840 0.171041
0.870 3.536566 0.170669
0.871 3.536294 0.170299
0.872 3.536021 0.169929
0.873 3.535749 0.169559
0.874 3.535480 0.169189
0.875 3.535212 0.168820
0.876 3.534945 0.168451
0.877 3.534761 0.168083
0.878 3.534598 0.167714
0.879 3.534435 0.167346
0.880 3.534269 0.166978
0.881 3.534102 0.166611
0.882 3.533936 0.166244
0.883 3.533726 0.165877
0.884 3.533483 0.165511
0.885 3.533241 0.165145
0.886 3.532999 0.164780
0.887 3.532759 0.164415
0.888 3.532519 0.164050
0.889 3.532280 0.163686
0.890 3.532045 0.163323
0.891 3.531811 0.162960
0.892 3.531577 0.162600
0.893 3.531345 0.162310
0.894 3.531114 0.162019
0.895 3.530882 0.161729
0.896 3.530652 0.161321
0.897 3.530422 0.160889
0.898 3.530192 0.160458
0.899 3.529996 0.160162
0.900 3.529824 0.159960
0.901 3.529653 0.159758
0.902 3.529502 0.159504
0.903 3.529394 0.159145
0.904 3.529285 0.158786
0.905 3.529173 0.158428
0.906 3.528969 0.158070
0.907 3.528765 0.157712
0.908 3.528562 0.157354
0.909 3.528359 0.156998
0.910 3.528157 0.156641
0.911 3.527954 0.156285
0.912 3.527753 0.155909
0.913 3.527554 0.155503
0.914 3.527356 0.155098
0.915 3.527157 0.154690
0.916 3.526974 0.154232
0.917 3.526790 0.153774
0.918 3.526606 0.153315
0.919 3.526524 0.153020
0.920 3.526496 0.152814
0.921 3.526469 0.152607
0.922 3.526403 0.152357
0.923 3.526207 0.151962
0.924 3.526010 0.151567
0.925 3.525814 0.151172
0.926 3.525697 0.150811
0.927 3.525601 0.150458
0.928 3.525504 0.150106
0.929 3.525408 0.149751
0.930 3.525313 0.149393
0.931 3.525219 0.149035
0.932 3.525125 0.148677
0.933 3.524989 0.148316
0.934 3.524846 0.147955
0.935 3.524703 0.147594
0.936 3.524566 0.147233
0.937 3.524442 0.146873
0.938 3.524318 0.146513
0.939 3.524193 0.146152
0.940 3.524115 0.145790
0.941 3.524048 0.145427
0.942 3.523981 0.145064
0.943 3.523920 0.144697
0.944 3.523879 0.144318
0.945 3.523839 0.143940
0.946 3.523798 0.143561
0.947 3.523762 0.143178
0.948 3.523729 0.142794
0.949 3.523697 0.142410
0.950 3.523664 0.142025
0.951 3.523659 0.141668
0.952 3.523653 0.141312
0.953 3.523648 0.140955
0.954 3.523660 0.140613
0.955 3.523703 0.140299
0.956 3.523746 0.139984
0.957 3.523789 0.139669
0.958 3.523843 0.139309
0.959 3.523903 0.138927
0.960 3.523963 0.138544
0.961 3.524022 0.138162
0.962 3.524088 0.137733
0.963 3.524153 0.137302
0.964 3.524219 0.136870
0.965 3.524284 0.136439
0.966 3.524350 0.136008
0.967 3.524415 0.135577
0.968 3.524481 0.135146
0.969 3.524546 0.134712
0.970 3.524612 0.134277
0.971 3.524678 0.133841
0.972 3.524744 0.133405
0.973 3.524812 0.132935
0.974 3.524880 0.132447
0.975 3.524949 0.131959
0.976 3.525017 0.131472
0.977 3.525086 0.130972
0.978 3.525156 0.130469
0.979 3.525225 0.129967
0.980 3.525295 0.129464
0.981 3.525364 0.128961
0.982 3.525434 0.128458
0.983 3.525504 0.127954
0.984 3.525573 0.127450
0.985 3.525640 0.126943
0.986 3.525707 0.126435
0.987 3.525775 0.125928
0.988 3.525837 0.125411
0.989 3.525879 0.124849
0.990 3.525921 0.124288
0.991 3.525963 0.123726
0.992 3.526002 0.123161
0.993 3.526036 0.122583
0.994 3.526070 0.122004
0.995 3.526104 0.121426
0.996 3.526138 0.120848
0.997 3.526172 0.120270
0.998 3.526206 0.119692
0.999 3.526240 0.119114
1.000 3.526273 0.118536
1.001 3.526303 0.117956
1.002 3.526332 0.117376
1.003 3.526362 0.116796
1.004 3.526378 0.116210
1.005 3.526341 0.115603
1.006 3.526303 0.114995
1.007 3.526266 0.114388
1.008 3.526226 0.113780
1.009 3.526169 0.113163
1.010 3.526112 0.112547
1.011 3.526054 0.111931
1.012 3.525997 0.111315
1.013 3.525941 0.110699
1.014 3.525884 0.110083
1.015 3.525827 0.109467
1.016 3.525771 0.108852
1.017 3.525711 0.108237
1.018 3.525651 0.107623
1.019 3.525591 0.107009
1.020 3.525531 0.106395
1.021 3.525424 0.105794
1.022 3.525295 0.105198
1.023 3.525167 0.104603
1.024 3.525039 0.104008
1.025 3.524902 0.103416
1.026 3.524754 0.102827
1.027 3.524606 0.102238
1.028 3.524458 0.101649
1.029 3.524310 0.101060
1.030 3.524163 0.100470
1.031 3.524016 0.099881
1.032 3.523868 0.099292
1.033 3.523721 0.098702
1.034 3.523573 0.098116
1.035 3.523425 0.097529
1.036 3.523277 0.096943
1.037 3.523129 0.096356
1.038 3.522964 0.095809
1.039 3.522788 0.095283
1.040 3.522613 0.094758
1.041 3.522437 0.094233
1.042 3.522259 0.093712
1.043 3.522076 0.093204
1.044 3.521893 0.092696
1.045 3.521709 0.092188
1.046 3.521526 0.091680
1.047 3.521343 0.091171
1.048 3.521160 0.090663
1.049 3.520977 0.090155
1.050 3.520794 0.089647
1.051 3.520612 0.089140
1.052 3.520431 0.088635
1.053 3.520250 0.088129
1.054 3.520069 0.087624
1.055 3.519888 0.087119
1.056 3.519742 0.086684
1.057 3.519596 0.086250
1.058 3.519451 0.085816
1.059 3.519305 0.085382
1.060 3.519165 0.084935
1.061 3.519029 0.084475
1.062 3.518894 0.084014
1.063 3.518759 0.083553
1.064 3.518624 0.083092
1.065 3.518489 0.082604
1.066 3.518354 0.082114
1.067 3.518219 0.081624
1.068 3.518084 0.081134
1.069 3.517951 0.080644
1.070 3.517821 0.080153
1.071 3.517690 0.079662
1.072 3.517560 0.079171
1.073 3.517429 0.078680
1.074 3.517428 0.078145
1.075 3.517473 0.077594
1.076 3.517518 0.077043
1.077 3.517562 0.076492
1.078 3.517611 0.075940
1.079 3.517705 0.075367
1.080 3.517800 0.074795
1.081 3.517894 0.074223
1.082 3.517989 0.073650
1.083 3.518083 0.073078
1.084 3.518178 0.072506
1.085 3.518272 0.071933
1.086 3.518367 0.071361
1.087 3.518461 0.070789
1.088 3.518556 0.070212
1.089 3.518652 0.069632
1.090 3.518747 0.069052
1.091 3.518843 0.068473
1.092 3.518938 0.067893
1.093 3.519092 0.066908
1.094 3.519256 0.065847
1.095 3.519421 0.064787
1.096 3.519585 0.063726
1.097 3.519750 0.062663
1.098 3.519935 0.061429
1.099 3.520120 0.060195
1.100 3.520306 0.058961
1.101 3.520491 0.057727
1.102 3.520677 0.056484
1.103 3.520864 0.055189
1.104 3.521051 0.053894
1.105 3.521238 0.052599
1.106 3.521425 0.051304
1.107 3.521612 0.049977
1.108 3.521801 0.048544
1.109 3.521989 0.047111
1.110 3.522178 0.045678
1.111 3.522367 0.044245
1.112 3.522301 0.042724
1.113 3.521552 0.040962
1.114 3.520803 0.039201
1.115 3.520054 0.037440
1.116 3.519305 0.035679
1.117 3.518556 0.033918
1.118 3.517807 0.032157
1.119 3.516952 0.030328
1.120 3.516055 0.028473
1.121 3.515158 0.026618
1.122 3.514261 0.024763
1.123 3.513364 0.022907
1.124 3.512467 0.021052
1.125 3.511566 0.019238
1.126 3.510620 0.017875
1.127 3.509675 0.016512
1.128 3.508729 0.015149
1.129 3.507784 0.013785
1.130 3.506838 0.012422
1.131 3.505892 0.011059
1.132 3.504921 0.009983
1.133 3.503908 0.009388
1.134 3.502894 0.008793
1.135 3.501880 0.008197
1.136 3.500866 0.007602
1.137 3.499852 0.007007
1.138 3.498838 0.006412
1.139 3.497838 0.005912
1.140 3.496847 0.005479
1.141 3.495855 0.005047
1.142 3.494864 0.004614
1.143 3.493873 0.004182
1.144 3.492882 0.003750
1.145 3.491891 0.003317
1.146 3.491123 0.003059
1.147 3.490447 0.002873
1.148 3.489771 0.002686
1.149 3.489095 0.002500
1.150 3.488419 0.002314
1.151 3.487743 0.002128
1.152 3.487067 0.001941
1.153 3.486422 0.001808
1.154 3.485788 0.001691
1.155 3.485154 0.001575
1.156 3.484519 0.001459
1.157 3.483885 0.001343
1.158 3.483250 0.001227
1.159 3.482616 0.001110
1.160 3.482037 0.001031
1.161 3.481481 0.000968
1.162 3.480926 0.000904
1.163 3.480370 0.000840
1.164 3.479814 0.000776
1.165 3.479259 0.000713
1.166 3.478703 0.000649
1.167 3.478192 0.000620
1.168 3.477712 0.000615
1.169 3.477233 0.000611
1.170 3.476753 0.000607
1.171 3.476274 0.000603
1.172 3.475794 0.000598
1.173 3.475315 0.000594
1.174 3.474840 0.000570
1.175 3.474371 0.000513
1.176 3.473903 0.000455
1.177 3.473435 0.000398
1.178 3.472967 0.000340
1.179 3.472499 0.000282
1.180 3.472031 0.000225
1.181 3.471566 0.000169
1.182 3.471164 0.000151
1.183 3.470762 0.000133
1.184 3.470359 0.000115
1.185 3.469957 0.000096
1.186 3.469555 0.000078
1.187 3.469152 0.000060
1.188 3.468750 0.000042
1.189 3.468352 0.000034
1.190 3.467956 0.000033
1.191 3.467560 0.000031
1.192 3.467164 0.000029
1.193 3.466769 0.000027
1.194 3.466373 0.000026
1.195 3.465977 0.000024
1.196 3.465587 0.000022
1.197 3.465228 0.000021
1.198 3.464870 0.000020
1.199 3.464511 0.000019
1.200 3.464152 0.000018
1.201 3.463793 0.000017
1.202 3.463435 0.000016
1.203 3.463076 0.000015
1.204 3.462731 0.000014
1.205 3.462397 0.000013
1.206 3.462063 0.000013
1.207 3.461728 0.000012
1.208 3.461394 0.000011
1.209 3.461060 0.000011
1.210 3.460726 0.000010
1.211 3.460391 0.000009
1.212 3.460064 0.000009
1.213 3.459738 0.000008
1.214 3.459411 0.000008
1.215 3.459085 0.000007
1.216 3.458759 0.000007
1.217 3.458433 0.000006
1.218 3.458106 0.000006
1.219 3.457783 0.000005
1.220 3.457486 0.000005
1.221 3.457189 0.000005
1.222 3.456891 0.000004
1.223 3.456594 0.000004
1.224 3.456297 0.000004
1.225 3.456000 0.000004
1.226 3.455702 0.000004
1.227 3.455406 0.000003
1.228 3.455110 0.000003
1.229 3.454815 0.000003
1.230 3.454519 0.000003
1.231 3.454224 0.000003
1.232 3.453929 0.000002
1.233 3.453633 0.000002
1.234 3.453338 0.000002
1.235 3.453049 0.000002
1.236 3.452777 0.000002
1.237 3.452506 0.000002
1.238 3.452235 0.000002
1.239 3.451963 0.000001
1.240 3.451692 0.000001
1.241 3.451420 0.000001
1.242 3.451149 0.000001
1.243 3.450879 0.000001
1.244 3.450619 0.000001
1.245 3.450358 0.000001
1.246 3.450097 0.000001
1.247 3.449836 0.000001
1.248 3.449575 0.000001
1.249 3.449315 0.000001
1.250 3.449054 0.000001
1.251 3.448793 0.000001
1.252 3.448540 0.000001
1.253 3.448287 0.000001
1.254 3.448034 0.000001
1.255 3.447781 0.000000
1.256 3.447528 0.000000
1.257 3.447275 0.000000
1.258 3.447022 0.000000
1.259 3.446769 0.000000
1.260 3.446529 0.000000
1.261 3.446296 0.000000
1.262 3.446063 0.000000
1.263 3.445830 0.000000
1.264 3.445597 0.000000
1.265 3.445363 0.000000
1.266 3.445130 0.000000
1.267 3.444897 0.000000
1.268 3.444664 0.000000
1.269 3.444432 0.000000
1.270 3.444200 0.000000
1.271 3.443968 0.000000
1.272 3.443736 0.000000
1.273 3.443503 0.000000
1.274 3.443271 0.000000
1.275 3.443039 0.000000
1.276 3.442807 0.000000
1.277 3.442586 0.000000
1.278 3.442371 0.000000
1.279 3.442155 0.000000
1.280 3.441939 0.000000
1.281 3.441724 0.000000
1.282 3.441508 0.000000
1.283 3.441292 0.000000
1.284 3.441077 0.000000
1.285 3.440861 0.000000
1.286 3.440650 0.000000
1.287 3.440439 0.000000
1.288 3.440228 0.000000
1.289 3.440017 0.000000
1.290 3.439806 0.000000
1.291 3.439595 0.000000
1.292 3.439383 0.000000
1.293 3.439172 0.000000
1.294 3.438963 0.000000
1.295 3.438759 0.000000
1.296 3.438555 0.000000
1.297 3.438350 0.000000
1.298 3.438146 0.000000
1.299 3.437942 0.000000
1.300 3.437738 0.000000
1.301 3.437534 0.000000
1.302 3.437329 0.000000
1.303 3.437130 0.000000
1.304 3.436938 0.000000
1.305 3.436746 0.000000
1.306 3.436554 0.000000
1.307 3.436363 0.000000
1.308 3.436171 0.000000
1.309 3.435979 0.000000
1.310 3.435787 0.000000
1.311 3.435595 0.000000
1.312 3.435403 0.000000
1.313 3.435212 0.000000
1.314 3.435020 0.000000
1.315 3.434829 0.000000
1.316 3.434637 0.000000
1.317 3.434446 0.000000
1.318 3.434255 0.000000
1.319 3.434063 0.000000
1.320 3.433872 0.000000
1.321 3.433684 0.000000
1.322 3.433506 0.000000
1.323 3.433329 0.000000
1.324 3.433151 0.000000
1.325 3.432974 0.000000
1.326 3.432796 0.000000
1.327 3.432618 0.000000
1.328 3.432441 0.000000
1.329 3.432263 0.000000
1.330 3.432086 0.000000
1.331 3.431910 0.000000
1.332 3.431734 0.000000
1.333 3.431559 0.000000
1.334 3.431383 0.000000
1.335 3.431207 0.000000
1.336 3.431032 0.000000
1.337 3.430856 0.000000
1.338 3.430680 0.000000
1.339 3.430505 0.000000
1.340 3.430334 0.000000
1.341 3.430166 0.000000
1.342 3.429998 0.000000
1.343 3.429831 0.000000
1.344 3.429663 0.000000
1.345 3.429495 0.000000
1.346 3.429327 0.000000
1.347 3.429160 0.000000
1.348 3.428992 0.000000
1.349 3.428825 0.000000
1.350 3.428667 0.000000
1.351 3.428510 0.000000
1.352 3.428352 0.000000
1.353 3.428194 0.000000
1.354 3.428036 0.000000
1.355 3.427879 0.000000
1.356 3.427721 0.000000
1.357 3.427563 0.000000
1.358 3.427405 0.000000
1.359 3.427248 0.000000
1.360 3.427091 0.000000
1.361 3.426934 0.000000
1.362 3.426778 0.000000
1.363 3.426621 0.000000
1.364 3.426464 0.000000
1.365 3.426307 0.000000
1.366 3.426150 0.000000
1.367 3.425993 0.000000
1.368 3.425836 0.000000
1.369 3.425685 0.000000
1.370 3.425538 0.000000
1.371 3.425391 0.000000
1.372 3.425244 0.000000
1.373 3.425097 0.000000
1.374 3.424949 0.000000
1.375 3.424802 0.000000
1.376 3.424655 0.000000
1.377 3.424508 0.000000
1.378 3.424361 0.000000
1.379 3.424214 0.000000
1.380 3.424068 0.000000
1.381 3.423921 0.000000
1.382 3.423775 0.000000
1.383 3.423629 0.000000
1.384 3.423482 0.000000
1.385 3.423336 0.000000
1.386 3.423190 0.000000
1.387 3.423043 0.000000
1.388 3.422897 0.000000
1.389 3.422754 0.000000
1.390 3.422614 0.000000
1.391 3.422473 0.000000
1.392 3.422332 0.000000
1.393 3.422192 0.000000
1.394 3.422051 0.000000
1.395 3.421910 0.000000
1.396 3.421770 0.000000
1.397 3.421629 0.000000
1.398 3.421488 0.000000
1.399 3.421350 0.000000
1.400 3.421214 0.000000
1.401 3.421078 0.000000
1.402 3.420943 0.000000
1.403 3.420807 0.000000
1.404 3.420672 0.000000
1.405 3.420536 0.000000
1.406 3.420401 0.000000
1.407 3.420265 0.000000
1.408 3.420130 0.000000
1.409 3.419994 0.000000
1.410 3.419860 0.000000
1.411 3.419726 0.000000
1.412 3.419592 0.000000
1.413 3.419457 0.000000
1.414 3.419323 0.000000
1.415 3.419189 0.000000
1.416 3.419055 0.000000
1.417 3.418920 0.000000
1.418 3.418786 0.000000
1.419 3.418652 0.000000
1.420 3.418521 0.000000
1.421 3.418396 0.000000
1.422 3.418270 0.000000
1.423 3.418144 0.000000
1.424 3.418018 0.000000
1.425 3.417892 0.000000
1.426 3.417766 0.000000
1.427 3.417641 0.000000
1.428 3.417515 0.000000
1.429 3.417389 0.000000
1.430 3.417263 0.000000
1.431 3.417138 0.000000
1.432 3.417012 0.000000
1.433 3.416887 0.000000
1.434 3.416762 0.000000
1.435 3.416636 0.000000
1.436 3.416511 0.000000
1.437 3.416386 0.000000
1.438 3.416260 0.000000
1.439 3.416135 0.000000
1.440 3.416010 0.000000
1.441 3.415884 0.000000
1.442 3.415766 0.000000
1.443 3.415648 0.000000
1.444 3.415531 0.000000
1.445 3.415413 0.000000
1.446 3.415296 0.000000
1.447 3.415178 0.000000
1.448 3.415060 0.000000
1.449 3.414943 0.000000
1.450 3.414825 0.000000
1.451 3.414708 0.000000
1.452 3.414590 0.000000
1.453 3.414477 0.000000
1.454 3.414364 0.000000
1.455 3.414252 0.000000
1.456 3.414139 0.000000
1.457 3.414026 0.000000
1.458 3.413914 0.000000
1.459 3.413801 0.000000
1.460 3.413689 0.000000
1.461 3.413576 0.000000
1.462 3.413463 0.000000
1.463 3.413351 0.000000
1.464 3.413239 0.000000
1.465 3.413128 0.000000
1.466 3.413016 0.000000
1.467 3.412905 0.000000
1.468 3.412794 0.000000
1.469 3.412682 0.000000
1.470 3.412571 0.000000
1.471 3.412460 0.000000
1.472 3.412349 0.000000
1.473 3.412237 0.000000
1.474 3.412126 0.000000
1.475 3.412016 0.000000
1.476 3.411910 0.000000
1.477 3.411803 0.000000
1.478 3.411697 0.000000
1.479 3.411591 0.000000
1.480 3.411485 0.000000
1.481 3.411379 0.000000
1.482 3.411272 0.000000
1.483 3.411166 0.000000
1.484 3.411060 0.000000
1.485 3.410954 0.000000
1.486 3.410848 0.000000
1.487 3.410741 0.000000
1.488 3.410635 0.000000
1.489 3.410529 0.000000
1.490 3.410423 0.000000
1.491 3.410317 0.000000
1.492 3.410211 0.000000
1.493 3.410105 0.000000
1.494 3.409999 0.000000
1.495 3.409893 0.000000
1.496 3.409787 0.000000
1.497 3.409681 0.000000
1.498 3.409574 0.000000
1.499 3.409474 0.000000
1.500 3.409375 0.000000
1.501 3.409275 0.000000
1.502 3.409175 0.000000
1.503 3.409076 0.000000
1.504 3.408976 0.000000
1.505 3.408876 0.000000
1.506 3.408777 0.000000
1.507 3.408677 0.000000
1.508 3.408577 0.000000
1.509 3.408478 0.000000
1.510 3.408378 0.000000
1.511 3.408281 0.000000
1.512 3.408184 0.000000
1.513 3.408087 0.000000
1.514 3.407990 0.000000
1.515 3.407893 0.000000
1.516 3.407796 0.000000
1.517 3.407699 0.000000
1.518 3.407602 0.000000
1.519 3.407505 0.000000
1.520 3.407408 0.000000
1.521 3.407311 0.000000
1.522 3.407214 0.000000
1.523 3.407120 0.000000
1.524 3.407025 0.000000
1.525 3.406930 0.000000
1.526 3.406836 0.000000
1.527 3.406741 0.000000
1.528 3.406646 0.000000
1.529 3.406551 0.000000
1.530 3.406457 0.000000
1.531 3.406362 0.000000
1.532 3.406267 0.000000
1.533 3.406173 0.000000
1.534 3.406078 0.000000
1.535 3.405987 0.000000
1.536 3.405898 0.000000
1.537 3.405809 0.000000
1.538 3.405721 0.000000
1.539 3.405632 0.000000
1.540 3.405543 0.000000
1.541 3.405454 0.000000
1.542 3.405365 0.000000
1.543 3.405277 0.000000
1.544 3.405188 0.000000
1.545 3.405099 0.000000
1.546 3.405010 0.000000
1.547 3.404922 0.000000
1.548 3.404833 0.000000
1.549 3.404745 0.000000
1.550 3.404656 0.000000
1.551 3.404567 0.000000
1.552 3.404479 0.000000
1.553 3.404390 0.000000
1.554 3.404302 0.000000
1.555 3.404213 0.000000
1.556 3.404125 0.000000
1.557 3.404036 0.000000
1.558 3.403947 0.000000
1.559 3.403859 0.000000
1.560 3.403772 0.000000
1.561 3.403688 0.000000
1.562 3.403604 0.000000
1.563 3.403520 0.000000
1.564 3.403436 0.000000
1.565 3.403352 0.000000
1.566 3.403268 0.000000
1.567 3.403184 0.000000
1.568 3.403100 0.000000
1.569 3.403016 0.000000
1.570 3.402932 0.000000
1.571 3.402848 0.000000
1.572 3.402764 0.000000
1.573 3.402681 0.000000
1.574 3.402598 0.000000
1.575 3.402516 0.000000
1.576 3.402433 0.000000
1.577 3.402350 0.000000
1.578 3.402267 0.000000
1.579 3.402185 0.000000
1.580 3.402102 0.000000
1.581 3.402019 0.000000
1.582 3.401937 0.000000
1.583 3.401854 0.000000
1.584 3.401771 0.000000
1.585 3.401688 0.000000
1.586 3.401606 0.000000
1.587 3.401526 0.000000
1.588 3.401446 0.000000
1.589 3.401366 0.000000
1.590 3.401286 0.000000
1.591 3.401206 0.000000
1.592 3.401126 0.000000
1.593 3.401046 0.000000
1.594 3.400966 0.000000
1.595 3.400886 0.000000
1.596 3.400806 0.000000
1.597 3.400726 0.000000
1.598 3.400646 0.000000
1.599 3.400566 0.000000
1.600 3.400490 0.000000
1.601 3.400415 0.000000
1.602 3.400340 0.000000
1.603 3.400265 0.000000
1.604 3.400190 0.000000
1.605 3.400115 0.000000
1.606 3.400039 0.000000
1.607 3.399964 0.000000
1.608 3.399889 0.000000
1.609 3.399814 0.000000
1.610 3.399739 0.000000
1.611 3.399663 0.000000
1.612 3.399588 0.000000
1.613 3.399513 0.000000
1.614 3.399438 0.000000
1.615 3.399363 0.000000
1.616 3.399288 0.000000
1.617 3.399213 0.000000
1.618 3.399138 0.000000
1.619 3.399063 0.000000
1.620 3.398988 0.000000
1.621 3.398913 0.000000
1.622 3.398838 0.000000
1.623 3.398763 0.000000
1.624 3.398688 0.000000
1.625 3.398613 0.000000
1.626 3.398538 0.000000
1.627 3.398465 0.000000
1.628 3.398394 0.000000
1.629 3.398324 0.000000
1.630 3.398253 0.000000
1.631 3.398183 0.000000
1.632 3.398113 0.000000
1.633 3.398042 0.000000
1.634 3.397972 0.000000
1.635 3.397901 0.000000
1.636 3.397831 0.000000
1.637 3.397760 0.000000
1.638 3.397690 0.000000
1.639 3.397619 0.000000
1.640 3.397549 0.000000
1.641 3.397479 0.000000
1.642 3.397409 0.000000
1.643 3.397339 0.000000
1.644 3.397269 0.000000
1.645 3.397199 0.000000
1.646 3.397129 0.000000
1.647 3.397060 0.000000
1.648 3.396990 0.000000
1.649 3.396920 0.000000
1.650 3.396850 0.000000
1.651 3.396780 0.000000
1.652 3.396710 0.000000
1.653 3.396641 0.000000
1.654 3.396571 0.000000
1.655 3.396501 0.000000
1.656 3.396433 0.000000
1.657 3.396366 0.000000
1.658 3.396298 0.000000
1.659 3.396230 0.000000
1.660 3.396163 0.000000
1.661 3.396095 0.000000
1.662 3.396027 0.000000
1.663 3.395960 0.000000
1.664 3.395892 0.000000
1.665 3.395824 0.000000
1.666 3.395757 0.000000
1.667 3.395689 0.000000
1.668 3.395621 0.000000
1.669 3.395554 0.000000
1.670 3.395487 0.000000
1.671 3.395422 0.000000
1.672 3.395357 0.000000
1.673 3.395292 0.000000
1.674 3.395227 0.000000
1.675 3.395163 0.000000
1.676 3.395098 0.000000
1.677 3.395033 0.000000
1.678 3.394968 0.000000
1.679 3.394903 0.000000
1.680 3.394838 0.000000
1.681 3.394773 0.000000
1.682 3.394708 0.000000
1.683 3.394643 0.000000
1.684 3.394578 0.000000
1.685 3.394513 0.000000
1.686 3.394448 0.000000
1.687 3.394383 0.000000
1.688 3.394319 0.000000
1.689 3.394254 0.000000
1.690 3.394189 0.000000
1.691 3.394125 0.000000
1.692 3.394060 0.000000
1.693 3.393995 0.000000
1.694 3.393931 0.000000
1.695 3.393866 0.000000
1.696 3.393801 0.000000
1.697 3.393736 0.000000
1.698 3.393672 0.000000
1.699 3.393607 0.000000
1.700 3.393545 0.000000
1.701 3.393484 0.000000
1.702 3.393424 0.000000
1.703 3.393363 0.000000
1.704 3.393303 0.000000
1.705 3.393242 0.000000
1.706 3.393182 0.000000
1.707 3.393121 0.000000
1.708 3.393061 0.000000
1.709 3.393000 0.000000
1.710 3.392939 0.000000
1.711 3.392879 0.000000
1.712 3.392818 0.000000
1.713 3.392758 0.000000
1.714 3.392697 0.000000
1.715 3.392637 0.000000
1.716 3.392577 0.000000
1.717 3.392516 0.000000
1.718 3.392456 0.000000
1.719 3.392396 0.000000
1.720 3.392336 0.000000
1.721 3.392276 0.000000
1.722 3.392215 0.000000
1.723 3.392155 0.000000
1.724 3.392095 0.000000
1.725 3.392035 0.000000
1.726 3.391974 0.000000
1.727 3.391914 0.000000
1.728 3.391854 0.000000
1.729 3.391794 0.000000
1.730 3.391733 0.000000
1.731 3.391675 0.000000
1.732 3.391618 0.000000
1.733 3.391562 0.000000
1.734 3.391505 0.000000
1.735 3.391448 0.000000
1.736 3.391391 0.000000
1.737 3.391334 0.000000
1.738 3.391277 0.000000
1.739 3.391221 0.000000
1.740 3.391164 0.000000
1.741 3.391107 0.000000
1.742 3.391050 0.000000
1.743 3.390993 0.000000
1.744 3.390936 0.000000
1.745 3.390880 0.000000
1.746 3.390823 0.000000
1.747 3.390768 0.000000
1.748 3.390714 0.000000
1.749 3.390660 0.000000
1.750 3.390606 0.000000
1.751 3.390553 0.000000
1.752 3.390499 0.000000
1.753 3.390445 0.000000
1.754 3.390391 0.000000
1.755 3.390337 0.000000
1.756 3.390283 0.000000
1.757 3.390230 0.000000
1.758 3.390176 0.000000
1.759 3.390122 0.000000
1.760 3.390068 0.000000
1.761 3.390014 0.000000
1.762 3.389960 0.000000
1.763 3.389907 0.000000
1.764 3.389853 0.000000
1.765 3.389800 0.000000
1.766 3.389746 0.000000
1.767 3.389693 0.000000
1.768 3.389639 0.000000
1.769 3.389586 0.000000
1.770 3.389532 0.000000
1.771 3.389479 0.000000
1.772 3.389425 0.000000
1.773 3.389371 0.000000
1.774 3.389318 0.000000
1.775 3.389264 0.000000
1.776 3.389211 0.000000
1.777 3.389157 0.000000
1.778 3.389104 0.000000
1.779 3.389050 0.000000
1.780 3.388999 0.000000
1.781 3.388947 0.000000
1.782 3.388895 0.000000
1.783 3.388844 0.000000
1.784 3.388792 0.000000
1.785 3.388741 0.000000
1.786 3.388689 0.000000
1.787 3.388638 0.000000
1.788 3.388586 0.000000
1.789 3.388535 0.000000
1.790 3.388483 0.000000
1.791 3.388432 0.000000
1.792 3.388380 0.000000
1.793 3.388329 0.000000
1.794 3.388277 0.000000
1.795 3.388226 0.000000
1.796 3.388174 0.000000
1.797 3.388123 0.000000
1.798 3.388071 0.000000
1.799 3.388020 0.000000
1.800 3.387968 0.000000
1.801 3.387916 0.000000
1.802 3.387865 0.000000
1.803 3.387813 0.000000
1.804 3.387762 0.000000
1.805 3.387710 0.000000
1.806 3.387659 0.000000
1.807 3.387607 0.000000
1.808 3.387556 0.000000
1.809 3.387504 0.000000
1.810 3.387453 0.000000
1.811 3.387401 0.000000
1.812 3.387350 0.000000
1.813 3.387298 0.000000
1.814 3.387250 0.000000
1.815 3.387202 0.000000
1.816 3.387154 0.000000
1.817 3.387106 0.000000
1.818 3.387058 0.000000
1.819 3.387010 0.000000
1.820 3.386962 0.000000
1.821 3.386914 0.000000
1.822 3.386866 0.000000
1.823 3.386818 0.000000
1.824 3.386770 0.000000
1.825 3.386722 0.000000
1.826 3.386674 0.000000
1.827 3.386626 0.000000
1.828 3.386578 0.000000
1.829 3.386530 0.000000
1.830 3.386483 0.000000
1.831 3.386435 0.000000
1.832 3.386390 0.000000
1.833 3.386344 0.000000
1.834 3.386298 0.000000
1.835 3.386252 0.000000
1.836 3.386206 0.000000
1.837 3.386161 0.000000
1.838 3.386115 0.000000
1.839 3.386069 0.000000
1.840 3.386023 0.000000
1.841 3.385977 0.000000
1.842 3.385931 0.000000
1.843 3.385886 0.000000
1.844 3.385840 0.000000
1.845 3.385794 0.000000
1.846 3.385748 0.000000
1.847 3.385702 0.000000
1.848 3.385657 0.000000
1.849 3.385611 0.000000
1.850 3.385566 0.000000
1.851 3.385521 0.000000
1.852 3.385476 0.000000
1.853 3.385431 0.000000
1.854 3.385385 0.000000
1.855 3.385340 0.000000
1.856 3.385295 0.000000
1.857 3.385250 0.000000
1.858 3.385205 0.000000
1.859 3.385160 0.000000
1.860 3.385114 0.000000
1.861 3.385069 0.000000
1.862 3.385024 0.000000
1.863 3.384979 0.000000
1.864 3.384934 0.000000
1.865 3.384889 0.000000
1.866 3.384843 0.000000
1.867 3.384799 0.000000
1.868 3.384757 0.000000
1.869 3.384714 0.000000
1.870 3.384672 0.000000
1.871 3.384630 0.000000
1.872 3.384587 0.000000
1.873 3.384545 0.000000
1.874 3.384502 0.000000
1.875 3.384460 0.000000
1.876 3.384417 0.000000
1.877 3.384375 0.000000
1.878 3.384332 0.000000
1.879 3.384290 0.000000
1.880 3.384247 0.000000
1.881 3.384205 0.000000
1.882 3.384163 0.000000
1.883 3.384120 0.000000
1.884 3.384078 0.000000
1.885 3.384035 0.000000
1.886 3.383993 0.000000
1.887 3.383950 0.000000
1.888 3.383908 0.000000
1.889 3.383865 0.000000
1.890 3.383823 0.000000
1.891 3.383780 0.000000
1.892 3.383738 0.000000
1.893 3.383696 0.000000
1.894 3.383653 0.000000
1.895 3.383611 0.000000
1.896 3.383568 0.000000
1.897 3.383526 0.000000
1.898 3.383483 0.000000
1.899 3.383441 0.000000
1.900 3.383398 0.000000
1.901 3.383356 0.000000
1.902 3.383314 0.000000
1.903 3.383271 0.000000
1.904 3.383229 0.000000
1.905 3.383189 0.000000
1.906 3.383149 0.000000
1.907 3.383109 0.000000
1.908 3.383069 0.000000
1.909 3.383029 0.000000
1.910 3.382989 0.000000
1.911 3.382949 0.000000
1.912 3.382909 0.000000
1.913 3.382869 0.000000
1.914 3.382829 0.000000
1.915 3.382789 0.000000
1.916 3.382749 0.000000
1.917 3.382709 0.000000
1.918 3.382669 0.000000
1.919 3.382629 0.000000
1.920 3.382589 0.000000
1.921 3.382549 0.000000
1.922 3.382510 0.000000
1.923 3.382470 0.000000
1.924 3.382430 0.000000
1.925 3.382391 0.000000
1.926 3.382352 0.000000
1.927 3.382314 0.000000
1.928 3.382275 0.000000
1.929 3.382236 0.000000
1.930 3.382197 0.000000
1.931 3.382158 0.000000
1.932 3.382119 0.000000
1.933 3.382080 0.000000
1.934 3.382041 0.000000
1.935 3.382002 0.000000
1.936 3.381963 0.000000
1.937 3.381924 0.000000
1.938 3.381885 0.000000
1.939 3.381846 0.000000
1.940 3.381808 0.000000
1.941 3.381769 0.000000
1.942 3.381730 0.000000
1.943 3.381691 0.000000
1.944 3.381653 0.000000
1.945 3.381615 0.000000
1.946 3.381577 0.000000
1.947 3.381539 0.000000
1.948 3.381501 0.000000
1.949 3.381462 0.000000
1.950 3.381424 0.000000