0.253 2.544441 3.488577
0.254 2.616562 3.486104
0.255 2.688099 3.484071
0.256 2.762670 3.482714
0.257 2.841723 3.480723
0.258 2.926727 3.475785
0.259 3.018788 3.464867
0.260 3.115641 3.444510
0.261 3.215558 3.412633
0.262 3.315445 3.367014
0.263 3.412359 3.308500
0.264 3.501559 3.236908
0.265 3.581570 3.154712
0.266 3.648197 3.063657
0.267 3.700645 2.967795
0.268 3.739294 2.870307
0.269 3.765239 2.774183
0.270 3.780391 2.681617
0.271 3.785526 2.593666
0.272 3.783172 2.510900
0.273 3.774769 2.435192
0.274 3.760642 2.366374
0.275 3.743460 2.303791
0.276 3.724513 2.247125
0.277 3.703868 2.195137
0.278 3.682601 2.148036
0.279 3.660555 2.104942
0.280 3.638924 2.066288
0.281 3.616959 2.031162
0.282 3.595205 1.998495
0.283 3.574004 1.968807
0.284 3.552484 1.941492
0.285 3.531870 1.917015
0.286 3.512199 1.894501
0.287 3.492315 1.873469
0.288 3.472931 1.854747
0.289 3.454411 1.837665
0.290 3.436682 1.822411
0.291 3.418990 1.808499
0.292 3.402280 1.795956
0.293 3.386053 1.784240
0.294 3.370587 1.773957
0.295 3.356004 1.765056
0.296 3.341629 1.756633
0.297 3.328162 1.749688
0.298 3.315536 1.743473
0.299 3.303352 1.737752
0.300 3.291638 1.732626
0.301 3.280703 1.728097
0.302 3.270047 1.724754
0.303 3.260238 1.721506
0.304 3.251394 1.718762
0.305 3.242446 1.716537
0.306 3.234395 1.714767
0.307 3.226556 1.713325
0.308 3.219539 1.712314
0.309 3.212721 1.711434
0.310 3.206391 1.711068
0.311 3.200542 1.710969
0.312 3.194812 1.711144
0.313 3.189875 1.711294
0.314 3.184888 1.712170
0.315 3.180756 1.713164
0.316 3.176686 1.714164
0.317 3.172561 1.714915
0.318 3.169278 1.716335
0.319 3.166214 1.718040
0.320 3.163500 1.719855
0.321 3.160905 1.721801
0.322 3.158588 1.723881
0.323 3.156495 1.726162
0.324 3.154580 1.728897
0.325 3.152871 1.731929
0.326 3.151431 1.734580
0.327 3.150142 1.737522
0.328 3.149894 1.740565
0.329 3.149091 1.744317
0.330 3.148538 1.747846
0.331 3.148822 1.751419
0.332 3.148610 1.755118
0.333 3.149099 1.759681
0.334 3.149699 1.763694
0.335 3.150712 1.768281
0.336 3.151810 1.772991
0.337 3.153140 1.777363
0.338 3.154879 1.782737
0.339 3.156579 1.787593
0.340 3.158990 1.793141
0.341 3.161263 1.798453
0.342 3.163773 1.804096
0.343 3.166975 1.809872
0.344 3.170283 1.815798
0.345 3.173779 1.821915
0.346 3.177709 1.828350
0.347 3.182181 1.834637
0.348 3.186545 1.841339
0.349 3.191291 1.848014
0.350 3.196932 1.855172
0.351 3.202168 1.861987
0.352 3.208265 1.869405
0.353 3.214197 1.876706
0.354 3.220934 1.884335
0.355 3.228278 1.892136
0.356 3.236467 1.899965
0.357 3.244275 1.907870
0.358 3.253086 1.915924
0.359 3.262614 1.923997
0.360 3.272134 1.932037
0.361 3.282685 1.939746
0.362 3.293578 1.947299
0.363 3.305519 1.954582
0.364 3.317184 1.961328
0.365 3.328728 1.968140
0.366 3.340138 1.974583
0.367 3.351983 1.981588
0.368 3.363497 1.988643
0.369 3.374729 1.996077
0.370 3.386158 2.004275
0.371 3.398506 2.013329
0.372 3.411471 2.023527
0.373 3.425087 2.034672
0.374 3.440204 2.046766
0.375 3.456841 2.059453
0.376 3.475785 2.072685
0.377 3.497533 2.086151
0.378 3.520470 2.099591
0.379 3.547113 2.111240
0.380 3.575644 2.122568
0.381 3.606123 2.132156
0.382 3.639402 2.139669
0.383 3.673629 2.145403
0.384 3.709454 2.147390
0.385 3.745087 2.147716
0.386 3.780669 2.145406
0.387 3.816106 2.141054
0.388 3.851146 2.135348
0.389 3.885797 2.128076
0.390 3.920209 2.119666
0.391 3.954442 2.110071
0.392 3.988679 2.099562
0.393 4.023365 2.087492
0.394 4.058568 2.074417
0.395 4.094568 2.059518
0.396 4.131052 2.042805
0.397 4.167709 2.024253
0.398 4.204739 2.001375
0.399 4.241478 1.976821
0.400 4.276882 1.948112
0.401 4.311458 1.916652
0.402 4.344629 1.883122
0.403 4.373942 1.845073
0.404 4.401376 1.805543
0.405 4.424999 1.763989
0.406 4.445686 1.720908
0.407 4.463075 1.677252
0.408 4.475513 1.633059
0.409 4.485077 1.588873
0.410 4.491465 1.545578
0.411 4.494553 1.503266
0.412 4.495951 1.461751
0.413 4.493226 1.422992
0.414 4.489141 1.385555
0.415 4.483926 1.349161
0.416 4.476263 1.315566
0.417 4.468348 1.283162
0.418 4.460038 1.252291
0.419 4.450214 1.223927
0.420 4.440264 1.196302
0.421 4.429855 1.170748
0.422 4.418877 1.146540
0.423 4.407788 1.122661
0.424 4.397034 1.100642
0.425 4.386184 1.080069
0.426 4.375452 1.059633
0.427 4.364675 1.040590
0.428 4.353920 1.022385
0.429 4.343253 1.004416
0.430 4.332611 0.987538
0.431 4.322056 0.971760
0.432 4.311601 0.956083
0.433 4.301184 0.941209
0.434 4.290867 0.927007
0.435 4.281062 0.913112
0.436 4.271404 0.899849
0.437 4.261566 0.887247
0.438 4.251602 0.874830
0.439 4.241929 0.862891
0.440 4.232647 0.851610
0.441 4.223574 0.840477
0.442 4.214348 0.829742
0.443 4.205311 0.819553
0.444 4.196621 0.809502
0.445 4.187960 0.799696
0.446 4.179350 0.790459
0.447 4.171156 0.781379
0.448 4.162739 0.772455
0.449 4.154628 0.764046
0.450 4.146847 0.755730
0.451 4.139037 0.747582
0.452 4.131414 0.739746
0.453 4.123686 0.732187
0.454 4.116254 0.724623
0.455 4.109001 0.717377
0.456 4.102028 0.710402
0.457 4.094996 0.703473
0.458 4.088075 0.696664
0.459 4.081374 0.690188
0.460 4.074682 0.683740
0.461 4.068121 0.677399
0.462 4.061685 0.671279
0.463 4.055313 0.665285
0.464 4.048999 0.659258
0.465 4.042866 0.653402
0.466 4.036598 0.647781
0.467 4.030962 0.642297
0.468 4.025203 0.636745
0.469 4.019300 0.631366
0.470 4.013453 0.626138
0.471 4.007738 0.620936
0.472 4.002080 0.615844
0.473 3.996591 0.610888
0.474 3.991419 0.605960
0.475 3.985917 0.601118
0.476 3.980751 0.596394
0.477 3.975664 0.591716
0.478 3.970491 0.587090
0.479 3.965431 0.582572
0.480 3.960494 0.578177
0.481 3.955434 0.573856
0.482 3.950323 0.569537
0.483 3.945380 0.565306
0.484 3.940711 0.561180
0.485 3.935958 0.557090
0.486 3.931143 0.553007
0.487 3.926601 0.549016
0.488 3.921994 0.545130
0.489 3.917382 0.541280
0.490 3.913069 0.537517
0.491 3.908774 0.533771
0.492 3.904264 0.530113
0.493 3.899845 0.526527
0.494 3.895581 0.522918
0.495 3.891173 0.519425
0.496 3.886923 0.515986
0.497 3.882805 0.512563
0.498 3.878521 0.509209
0.499 3.874427 0.505942
0.500 3.870660 0.502696
0.501 3.866654 0.499482
0.502 3.862503 0.496321
0.503 3.858638 0.493232
0.504 3.854984 0.490224
0.505 3.851069 0.487171
0.506 3.846962 0.484143
0.507 3.843284 0.481250
0.508 3.839651 0.478354
0.509 3.835582 0.475563
0.510 3.832009 0.472768
0.511 3.828545 0.469930
0.512 3.824955 0.467273
0.513 3.821180 0.464593
0.514 3.817798 0.461882
0.515 3.814406 0.459281
0.516 3.810838 0.456755
0.517 3.807304 0.454256
0.518 3.803957 0.451692
0.519 3.800703 0.449178
0.520 3.797226 0.446762
0.521 3.793773 0.444386
0.522 3.790733 0.442018
0.523 3.787676 0.439660
0.524 3.784606 0.437347
0.525 3.781424 0.435092
0.526 3.778094 0.432853
0.527 3.775046 0.430617
0.528 3.772126 0.428410
0.529 3.768933 0.426298
0.530 3.765745 0.424221
0.531 3.762773 0.422119
0.532 3.759866 0.420007
0.533 3.756887 0.417931
0.534 3.753732 0.415902
0.535 3.750979 0.413887
0.536 3.748324 0.411954
0.537 3.745666 0.409997
0.538 3.742793 0.408043
0.539 3.739821 0.406139
0.540 3.737090 0.404283
0.541 3.734522 0.402410
0.542 3.731754 0.400628
0.543 3.728868 0.398805
0.544 3.726241 0.397044
0.545 3.723803 0.395291
0.546 3.721347 0.393511
0.547 3.718768 0.391805
0.548 3.715973 0.390122
0.549 3.713505 0.388424
0.550 3.711148 0.386761
0.551 3.708793 0.385133
0.552 3.706353 0.383514
0.553 3.703678 0.381853
0.554 3.701297 0.380292
0.555 3.699010 0.378737
0.556 3.696653 0.377194
0.557 3.694180 0.375670
0.558 3.691704 0.374175
0.559 3.689569 0.372600
0.560 3.687444 0.371138
0.561 3.685262 0.369695
0.562 3.682967 0.368226
0.563 3.680486 0.366783
0.564 3.678437 0.365354
0.565 3.676431 0.363972
0.566 3.674390 0.362602
0.567 3.672266 0.361207
0.568 3.669805 0.359843
0.569 3.667749 0.358486
0.570 3.665821 0.357132
0.571 3.663877 0.355792
0.572 3.661833 0.354529
0.573 3.659626 0.353226
0.574 3.657586 0.351932
0.575 3.655720 0.350664
0.576 3.653790 0.349430
0.577 3.651621 0.348154
0.578 3.649593 0.346898
0.579 3.647765 0.345676
0.580 3.646075 0.344492
0.581 3.644231 0.343278
0.582 3.642254 0.342082
0.583 3.640190 0.340914
0.584 3.638426 0.339726
0.585 3.636794 0.338585
0.586 3.635131 0.337438
0.587 3.633316 0.336249
0.588 3.631258 0.335146
0.589 3.629506 0.334063
0.590 3.627980 0.332990
0.591 3.626411 0.331909
0.592 3.624747 0.330790
0.593 3.622935 0.329689
0.594 3.620911 0.328637
0.595 3.619459 0.327605
0.596 3.618006 0.326546
0.597 3.616508 0.325463
0.598 3.614869 0.324420
0.599 3.613117 0.323398
0.600 3.611386 0.322390
0.601 3.609967 0.321400
0.602 3.608520 0.320355
0.603 3.607005 0.319315
0.604 3.605351 0.318332
0.605 3.603745 0.317357
0.606 3.602233 0.316396
0.607 3.600872 0.315457
0.608 3.599493 0.314563
0.609 3.597992 0.313651
0.610 3.596303 0.312699
0.611 3.594855 0.311757
0.612 3.593524 0.310822
0.613 3.592327 0.309897
0.614 3.590936 0.308978
0.615 3.589435 0.308059
0.616 3.587787 0.307140
0.617 3.586547 0.306227
0.618 3.585353 0.305321
0.619 3.584091 0.304426
0.620 3.582735 0.303594
0.621 3.581346 0.302764
0.622 3.579935 0.301874
0.623 3.578687 0.300988
0.624 3.577514 0.300109
0.625 3.576292 0.299262
0.626 3.574952 0.298435
0.627 3.573510 0.297625
0.628 3.572352 0.296763
0.629 3.571224 0.295930
0.630 3.570122 0.295147
0.631 3.568897 0.294323
0.632 3.567623 0.293498
0.633 3.566284 0.292724
0.634 3.565096 0.291912
0.635 3.564025 0.291072
0.636 3.562900 0.290306
0.637 3.561708 0.289549
0.638 3.560378 0.288799
0.639 3.559236 0.288004
0.640 3.558186 0.287189
0.641 3.557205 0.286442
0.642 3.556149 0.285697
0.643 3.554974 0.284956
0.644 3.553788 0.284199
0.645 3.552608 0.283437
0.646 3.551654 0.282684
0.647 3.550660 0.281935
0.648 3.549601 0.281193
0.649 3.548407 0.280464
0.650 3.547152 0.279739
0.651 3.546305 0.279024
0.652 3.545448 0.278311
0.653 3.544549 0.277599
0.654 3.543604 0.276887
0.655 3.542623 0.276175
0.656 3.541483 0.275484
0.657 3.540351 0.274801
0.658 3.539518 0.274147
0.659 3.538659 0.273477
0.660 3.537756 0.272779
0.661 3.536773 0.272081
0.662 3.535740 0.271383
0.663 3.534741 0.270688
0.664 3.533769 0.269995
0.665 3.533019 0.269329
0.666 3.532200 0.268672
0.667 3.531231 0.268037
0.668 3.530221 0.267377
0.669 3.529174 0.266694
0.670 3.528312 0.266055
0.671 3.527518 0.265432
0.672 3.526771 0.264769
0.673 3.526018 0.264106
0.674 3.525169 0.263481
0.675 3.524288 0.262848
0.676 3.523317 0.262193
0.677 3.522461 0.261560
0.678 3.521754 0.260953
0.679 3.521051 0.260351
0.680 3.520349 0.259751
0.681 3.519514 0.259135
0.682 3.518631 0.258514
0.683 3.517784 0.257913
0.684 3.516943 0.257316
0.685 3.516318 0.256721
0.686 3.515683 0.256123
0.687 3.514916 0.255488
0.688 3.514129 0.254862
0.689 3.513255 0.254274
0.690 3.512425 0.253685
0.691 3.511704 0.253096
0.692 3.511031 0.252510
0.693 3.510442 0.251930
0.694 3.509830 0.251345
0.695 3.509187 0.250754
0.696 3.508493 0.250152
0.697 3.507746 0.249540
0.698 3.507032 0.248950
0.699 3.506345 0.248380
0.700 3.505695 0.247811
0.701 3.505072 0.247242
0.702 3.504440 0.246707
0.703 3.503802 0.246193
0.704 3.503206 0.245640
0.705 3.502637 0.245062
0.706 3.502041 0.244484
0.707 3.501427 0.243905
0.708 3.500836 0.243327
0.709 3.500259 0.242749
0.710 3.499700 0.242155
0.711 3.499153 0.241549
0.712 3.498583 0.240975
0.713 3.497995 0.240426
0.714 3.497426 0.239877
0.715 3.496875 0.239328
0.716 3.496332 0.238780
0.717 3.495800 0.238232
0.718 3.495275 0.237685
0.719 3.494762 0.237138
0.720 3.494245 0.236594
0.721 3.493720 0.236059
0.722 3.493195 0.235523
0.723 3.492672 0.234979
0.724 3.492154 0.234429
0.725 3.491666 0.233838
0.726 3.491178 0.233247
0.727 3.490723 0.232655
0.728 3.490268 0.232063
0.729 3.489824 0.231522
0.730 3.489381 0.230987
0.731 3.488923 0.230412
0.732 3.488461 0.229822
0.733 3.487993 0.229265
0.734 3.487519 0.228732
0.735 3.487067 0.228200
0.736 3.486642 0.227670
0.737 3.486220 0.227136
0.738 3.485801 0.226588
0.739 3.485383 0.226039
0.740 3.484965 0.225476
0.741 3.484547 0.224913
0.742 3.484133 0.224343
0.743 3.483719 0.223771
0.744 3.483314 0.223191
0.745 3.482914 0.222607
0.746 3.482507 0.222027
0.747 3.482089 0.221453
0.748 3.481671 0.220888
0.749 3.481247 0.220367
0.750 3.480824 0.219847
0.751 3.480434 0.219327
0.752 3.480048 0.218807
0.753 3.479681 0.218255
0.754 3.479326 0.217684
0.755 3.478974 0.217130
0.756 3.478631 0.216611
0.757 3.478287 0.216091
0.758 3.477945 0.215521
0.759 3.477603 0.214951
0.760 3.477264 0.214383
0.761 3.476925 0.213816
0.762 3.476595 0.213269
0.763 3.476277 0.212751
0.764 3.475959 0.212233
0.765 3.475650 0.211714
0.766 3.475341 0.211196
0.767 3.475032 0.210647
0.768 3.474723 0.210085
0.769 3.474416 0.209534
0.770 3.474110 0.209005
0.771 3.473805 0.208476
0.772 3.473511 0.207930
0.773 3.473218 0.207383
0.774 3.472928 0.206856
0.775 3.472640 0.206345
0.776 3.472352 0.205834
0.777 3.472064 0.205324
0.778 3.471776 0.204813
0.779 3.471493 0.204303
0.780 3.471213 0.203792
0.781 3.470949 0.203281
0.782 3.470731 0.202769
0.783 3.470514 0.202257
0.784 3.470304 0.201745
0.785 3.470096 0.201233
0.786 3.469882 0.200721
0.787 3.469652 0.200209
0.788 3.469422 0.199698
0.789 3.469195 0.199186
0.790 3.468967 0.198675
0.791 3.468743 0.198163
0.792 3.468527 0.197652
0.793 3.468311 0.197142
0.794 3.468098 0.196647
0.795 3.467886 0.196158
0.796 3.467674 0.195658
0.797 3.467463 0.195127
0.798 3.467251 0.194596
0.799 3.467055 0.194111
0.800 3.466866 0.193647
0.801 3.466682 0.193178
0.802 3.466542 0.192666
0.803 3.466402 0.192155
0.804 3.466253 0.191643
0.805 3.466095 0.191132
0.806 3.465936 0.190620
0.807 3.465779 0.190108
0.808 3.465621 0.189597
0.809 3.465466 0.189081
0.810 3.465314 0.188554
0.811 3.465163 0.188027
0.812 3.465032 0.187487
0.813 3.464913 0.186939
0.814 3.464794 0.186392
0.815 3.464731 0.185916
0.816 3.464669 0.185441
0.817 3.464591 0.184949
0.818 3.464478 0.184418
0.819 3.464366 0.183887
0.820 3.464276 0.183363
0.821 3.464199 0.182842
0.822 3.464123 0.182322
0.823 3.464083 0.181789
0.824 3.464048 0.181254
0.825 3.464012 0.180719
0.826 3.463976 0.180179
0.827 3.463940 0.179639
0.828 3.463906 0.179099
0.829 3.463876 0.178560
0.830 3.463846 0.178020
0.831 3.463831 0.177477
0.832 3.463825 0.176932
0.833 3.463819 0.176388
0.834 3.463865 0.175810
0.835 3.463919 0.175227
0.836 3.463974 0.174644
0.837 3.464046 0.174049
0.838 3.464119 0.173454
0.839 3.464194 0.172862
0.840 3.464275 0.172275
0.841 3.464356 0.171689
0.842 3.464445 0.171104
0.843 3.464545 0.170522
0.844 3.464645 0.169940
0.845 3.464766 0.169311
0.846 3.464905 0.168643
0.847 3.465045 0.167975
0.848 3.465193 0.167282
0.849 3.465345 0.166578
0.850 3.465498 0.165874
0.851 3.465650 0.165169
0.852 3.465803 0.164465
0.853 3.465956 0.163761
0.854 3.466110 0.163047
0.855 3.466263 0.162331
0.856 3.466417 0.161616
0.857 3.466577 0.160790
0.858 3.466737 0.159953
0.859 3.466897 0.159117
0.860 3.467059 0.158246
0.861 3.467221 0.157373
0.862 3.467383 0.156501
0.863 3.467546 0.155628
0.864 3.467709 0.154755
0.865 3.467872 0.153882
0.866 3.468030 0.152998
0.867 3.468187 0.152113
0.868 3.468345 0.151228
0.869 3.468446 0.150224
0.870 3.468544 0.149214
0.871 3.468642 0.148203
0.872 3.468723 0.147156
0.873 3.468802 0.146105
0.874 3.468881 0.145053
0.875 3.468961 0.144003
0.876 3.469041 0.142952
0.877 3.469122 0.141901
0.878 3.469194 0.140847
0.879 3.469264 0.139791
0.880 3.469333 0.138736
0.881 3.469301 0.137637
0.882 3.469213 0.136516
0.883 3.469125 0.135394
0.884 3.469013 0.134262
0.885 3.468878 0.133120
0.886 3.468743 0.131978
0.887 3.468609 0.130836
0.888 3.468475 0.129694
0.889 3.468342 0.128552
0.890 3.468207 0.127411
0.891 3.468065 0.126271
0.892 3.467923 0.125132
0.893 3.467781 0.123992
0.894 3.467480 0.122898
0.895 3.467177 0.121804
0.896 3.466874 0.120710
0.897 3.466535 0.119626
0.898 3.466185 0.118545
0.899 3.465836 0.117464
0.900 3.465486 0.116382
0.901 3.465137 0.115301
0.902 3.464789 0.114219
0.903 3.464439 0.113139
0.904 3.464088 0.112063
0.905 3.463737 0.110988
0.906 3.463387 0.109913
0.907 3.462972 0.108975
0.908 3.462556 0.108044
0.909 3.462139 0.107112
0.910 3.461710 0.106207
0.911 3.461274 0.105317
0.912 3.460839 0.104426
0.913 3.460403 0.103536
0.914 3.459969 0.102645
0.915 3.459534 0.101754
0.916 3.459099 0.100863
0.917 3.458667 0.099977
0.918 3.458236 0.099092
0.919 3.457805 0.098207
0.920 3.457419 0.097415
0.921 3.457072 0.096700
0.922 3.456725 0.095986
0.923 3.456381 0.095276
0.924 3.456059 0.094596
0.925 3.455736 0.093916
0.926 3.455413 0.093236
0.927 3.455091 0.092550
0.928 3.454769 0.091861
0.929 3.454446 0.091172
0.930 3.454126 0.090482
0.931 3.453815 0.089792
0.932 3.453503 0.089102
0.933 3.453191 0.088412
0.934 3.453185 0.087704
0.935 3.453292 0.086989
0.936 3.453399 0.086273
0.937 3.453532 0.085556
0.938 3.453758 0.084832
0.939 3.453984 0.084109
0.940 3.454211 0.083385
0.941 3.454438 0.082662
0.942 3.454664 0.081938
0.943 3.454891 0.081215
0.944 3.455118 0.080490
0.945 3.455348 0.079751
0.946 3.455577 0.079013
0.947 3.455807 0.078274
0.948 3.456118 0.077010
0.949 3.456514 0.075205
0.950 3.456909 0.073401
0.951 3.457305 0.071596
0.952 3.457744 0.069521
0.953 3.458191 0.067404
0.954 3.458637 0.065287
0.955 3.459085 0.063167
0.956 3.459536 0.061033
0.957 3.459987 0.058899
0.958 3.460438 0.056765
0.959 3.460891 0.054609
0.960 3.461346 0.052434
0.961 3.461802 0.050259
0.962 3.462257 0.048085
0.963 3.461105 0.045662
0.964 3.459585 0.043182
0.965 3.458066 0.040703
0.966 3.456546 0.038223
0.967 3.455026 0.035744
0.968 3.453507 0.033264
0.969 3.451696 0.030719
0.970 3.449877 0.028173
0.971 3.448058 0.025626
0.972 3.446240 0.023079
0.973 3.444421 0.020532
0.974 3.442596 0.018037
0.975 3.440679 0.016334
0.976 3.438762 0.014630
0.977 3.436846 0.012927
0.978 3.434929 0.011223
0.979 3.433012 0.009520
0.980 3.431085 0.007904
0.981 3.429031 0.007335
0.982 3.426976 0.006766
0.983 3.424922 0.006198
0.984 3.422867 0.005629
0.985 3.420813 0.005060
0.986 3.418759 0.004493
0.987 3.416752 0.004016
0.988 3.414744 0.003538
0.989 3.412737 0.003060
0.990 3.410729 0.002583
0.991 3.408721 0.002105
0.992 3.406714 0.001627
0.993 3.405271 0.001472
0.994 3.403903 0.001358
0.995 3.402534 0.001244
0.996 3.401165 0.001131
0.997 3.399796 0.001017
0.998 3.398428 0.000903
0.999 3.397116 0.000829
1.000 3.395832 0.000775
1.001 3.394548 0.000720
1.002 3.393263 0.000666
1.003 3.391979 0.000611
1.004 3.390695 0.000557
1.005 3.389472 0.000511
1.006 3.388348 0.000478
1.007 3.387224 0.000446
1.008 3.386099 0.000414
1.009 3.384975 0.000381
1.010 3.383851 0.000349
1.011 3.382729 0.000317
1.012 3.381759 0.000308
1.013 3.380790 0.000300
1.014 3.379820 0.000291
1.015 3.378850 0.000282
1.016 3.377880 0.000274
1.017 3.376911 0.000265
1.018 3.375954 0.000249
1.019 3.375008 0.000227
1.020 3.374061 0.000205
1.021 3.373115 0.000183
1.022 3.372168 0.000162
1.023 3.371222 0.000140
1.024 3.370280 0.000118
1.025 3.369466 0.000110
1.026 3.368653 0.000102
1.027 3.367840 0.000094
1.028 3.367027 0.000086
1.029 3.366214 0.000077
1.030 3.365401 0.000069
1.031 3.364594 0.000063
1.032 3.363794 0.000059
1.033 3.362994 0.000056
1.034 3.362195 0.000052
1.035 3.361395 0.000049
1.036 3.360595 0.000045
1.037 3.359795 0.000042
1.038 3.359049 0.000039
1.039 3.358325 0.000037
1.040 3.357600 0.000035
1.041 3.356876 0.000032
1.042 3.356151 0.000030
1.043 3.355427 0.000028
1.044 3.354703 0.000026
1.045 3.354024 0.000025
1.046 3.353349 0.000023
1.047 3.352674 0.000022
1.048 3.352000 0.000021
1.049 3.351325 0.000019
1.050 3.350650 0.000018
1.051 3.349976 0.000017
1.052 3.349317 0.000016
1.053 3.348659 0.000015
1.054 3.348000 0.000014
1.055 3.347342 0.000013
1.056 3.346684 0.000011
1.057 3.346025 0.000010
1.058 3.345371 0.000009
1.059 3.344771 0.000009
1.060 3.344172 0.000008
1.061 3.343572 0.000008
1.062 3.342973 0.000008
1.063 3.342373 0.000007
1.064 3.341774 0.000007
1.065 3.341174 0.000006
1.066 3.340579 0.000006
1.067 3.339983 0.000005
1.068 3.339388 0.000005
1.069 3.338792 0.000005
1.070 3.338197 0.000004
1.071 3.337601 0.000004
1.072 3.337006 0.000003
1.073 3.336452 0.000003
1.074 3.335905 0.000003
1.075 3.335358 0.000003
1.076 3.334811 0.000003
1.077 3.334264 0.000002
1.078 3.333717 0.000002
1.079 3.333170 0.000002
1.080 3.332636 0.000002
1.081 3.332111 0.000002
1.082 3.331586 0.000002
1.083 3.331060 0.000002
1.084 3.330535 0.000001
1.085 3.330010 0.000001
1.086 3.329484 0.000001
1.087 3.328963 0.000001
1.088 3.328454 0.000001
1.089 3.327944 0.000001
1.090 3.327435 0.000001
1.091 3.326926 0.000001
1.092 3.326417 0.000001
1.093 3.325907 0.000001
1.094 3.325398 0.000001
1.095 3.324920 0.000001
1.096 3.324451 0.000000
1.097 3.323981 0.000000
1.098 3.323512 0.000000
1.099 3.323043 0.000000
1.100 3.322573 0.000000
1.101 3.322104 0.000000
1.102 3.321635 0.000000
1.103 3.321168 0.000000
1.104 3.320701 0.000000
1.105 3.320234 0.000000
1.106 3.319767 0.000000
1.107 3.319300 0.000000
1.108 3.318833 0.000000
1.109 3.318366 0.000000
1.110 3.317918 0.000000
1.111 3.317484 0.000000
1.112 3.317050 0.000000
1.113 3.316617 0.000000
1.114 3.316183 0.000000
1.115 3.315749 0.000000
1.116 3.315316 0.000000
1.117 3.314882 0.000000
1.118 3.314456 0.000000
1.119 3.314031 0.000000
1.120 3.313607 0.000000
1.121 3.313183 0.000000
1.122 3.312758 0.000000
1.123 3.312334 0.000000
1.124 3.311910 0.000000
1.125 3.311485 0.000000
1.126 3.311074 0.000000
1.127 3.310663 0.000000
1.128 3.310253 0.000000
1.129 3.309843 0.000000
1.130 3.309433 0.000000
1.131 3.309022 0.000000
1.132 3.308612 0.000000
1.133 3.308202 0.000000
1.134 3.307814 0.000000
1.135 3.307429 0.000000
1.136 3.307044 0.000000
1.137 3.306658 0.000000
1.138 3.306273 0.000000
1.139 3.305888 0.000000
1.140 3.305502 0.000000
1.141 3.305117 0.000000
1.142 3.304732 0.000000
1.143 3.304348 0.000000
1.144 3.303964 0.000000
1.145 3.303580 0.000000
1.146 3.303196 0.000000
1.147 3.302811 0.000000
1.148 3.302427 0.000000
1.149 3.302043 0.000000
1.150 3.301675 0.000000
1.151 3.301318 0.000000
1.152 3.300962 0.000000
1.153 3.300606 0.000000
1.154 3.300250 0.000000
1.155 3.299893 0.000000
1.156 3.299537 0.000000
1.157 3.299181 0.000000
1.158 3.298825 0.000000
1.159 3.298473 0.000000
1.160 3.298121 0.000000
1.161 3.297769 0.000000
1.162 3.297417 0.000000
1.163 3.297064 0.000000
1.164 3.296712 0.000000
1.165 3.296360 0.000000
1.166 3.296008 0.000000
1.167 3.295668 0.000000
1.168 3.295332 0.000000
1.169 3.294995 0.000000
1.170 3.294659 0.000000
1.171 3.294323 0.000000
1.172 3.293987 0.000000
1.173 3.293651 0.000000
1.174 3.293315 0.000000
1.175 3.292982 0.000000
1.176 3.292666 0.000000
1.177 3.292350 0.000000
1.178 3.292034 0.000000
1.179 3.291718 0.000000
1.180 3.291402 0.000000
1.181 3.291086 0.000000
1.182 3.290770 0.000000
1.183 3.290454 0.000000
1.184 3.290139 0.000000
1.185 3.289825 0.000000
1.186 3.289511 0.000000
1.187 3.289197 0.000000
1.188 3.288883 0.000000
1.189 3.288569 0.000000
1.190 3.288255 0.000000
1.191 3.287941 0.000000
1.192 3.287627 0.000000
1.193 3.287325 0.000000
1.194 3.287030 0.000000
1.195 3.286736 0.000000
1.196 3.286441 0.000000
1.197 3.286146 0.000000
1.198 3.285852 0.000000
1.199 3.285557 0.000000
1.200 3.285263 0.000000
1.201 3.284968 0.000000
1.202 3.284675 0.000000
1.203 3.284382 0.000000
1.204 3.284090 0.000000
1.205 3.283797 0.000000
1.206 3.283504 0.000000
1.207 3.283212 0.000000
1.208 3.282919 0.000000
1.209 3.282627 0.000000
1.210 3.282334 0.000000
1.211 3.282047 0.000000
1.212 3.281766 0.000000
1.213 3.281485 0.000000
1.214 3.281204 0.000000
1.215 3.280923 0.000000
1.216 3.280642 0.000000
1.217 3.280360 0.000000
1.218 3.280079 0.000000
1.219 3.279798 0.000000
1.220 3.279520 0.000000
1.221 3.279249 0.000000
1.222 3.278978 0.000000
1.223 3.278707 0.000000
1.224 3.278437 0.000000
1.225 3.278166 0.000000
1.226 3.277895 0.000000
1.227 3.277624 0.000000
1.228 3.277354 0.000000
1.229 3.277083 0.000000
1.230 3.276814 0.000000
1.231 3.276546 0.000000
1.232 3.276279 0.000000
1.233 3.276011 0.000000
1.234 3.275743 0.000000
1.235 3.275475 0.000000
1.236 3.275207 0.000000
1.237 3.274939 0.000000
1.238 3.274671 0.000000
1.239 3.274408 0.000000
1.240 3.274157 0.000000
1.241 3.273906 0.000000
1.242 3.273654 0.000000
1.243 3.273403 0.000000
1.244 3.273152 0.000000
1.245 3.272901 0.000000
1.246 3.272650 0.000000
1.247 3.272399 0.000000
1.248 3.272148 0.000000
1.249 3.271897 0.000000
1.250 3.271648 0.000000
1.251 3.271398 0.000000
1.252 3.271148 0.000000
1.253 3.270898 0.000000
1.254 3.270648 0.000000
1.255 3.270398 0.000000
1.256 3.270148 0.000000
1.257 3.269898 0.000000
1.258 3.269648 0.000000
1.259 3.269410 0.000000
1.260 3.269176 0.000000
1.261 3.268941 0.000000
1.262 3.268707 0.000000
1.263 3.268473 0.000000
1.264 3.268239 0.000000
1.265 3.268004 0.000000
1.266 3.267770 0.000000
1.267 3.267536 0.000000
1.268 3.267302 0.000000
1.269 3.267075 0.000000
1.270 3.266850 0.000000
1.271 3.266626 0.000000
1.272 3.266402 0.000000
1.273 3.266178 0.000000
1.274 3.265953 0.000000
1.275 3.265729 0.000000
1.276 3.265505 0.000000
1.277 3.265280 0.000000
1.278 3.265056 0.000000
1.279 3.264833 0.000000
1.280 3.264612 0.000000
1.281 3.264390 0.000000
1.282 3.264169 0.000000
1.283 3.263947 0.000000
1.284 3.263726 0.000000
1.285 3.263504 0.000000
1.286 3.263282 0.000000
1.287 3.263061 0.000000
1.288 3.262839 0.000000
1.289 3.262620 0.000000
1.290 3.262409 0.000000
1.291 3.262197 0.000000
1.292 3.261986 0.000000
1.293 3.261775 0.000000
1.294 3.261564 0.000000
1.295 3.261352 0.000000
1.296 3.261141 0.000000
1.297 3.260930 0.000000
1.298 3.260719 0.000000
1.299 3.260507 0.000000
1.300 3.260296 0.000000
1.301 3.260085 0.000000
1.302 3.259874 0.000000
1.303 3.259663 0.000000
1.304 3.259452 0.000000
1.305 3.259242 0.000000
1.306 3.259031 0.000000
1.307 3.258820 0.000000
1.308 3.258609 0.000000
1.309 3.258398 0.000000
1.310 3.258188 0.000000
1.311 3.257990 0.000000
1.312 3.257792 0.000000
1.313 3.257593 0.000000
1.314 3.257395 0.000000
1.315 3.257197 0.000000
1.316 3.256999 0.000000
1.317 3.256801 0.000000
1.318 3.256603 0.000000
1.319 3.256405 0.000000
1.320 3.256207 0.000000
1.321 3.256010 0.000000
1.322 3.255818 0.000000
1.323 3.255625 0.000000
1.324 3.255432 0.000000
1.325 3.255240 0.000000
1.326 3.255047 0.000000
1.327 3.254855 0.000000
1.328 3.254662 0.000000
1.329 3.254470 0.000000
1.330 3.254277 0.000000
1.331 3.254085 0.000000
1.332 3.253893 0.000000
1.333 3.253705 0.000000
1.334 3.253517 0.000000
1.335 3.253330 0.000000
1.336 3.253142 0.000000
1.337 3.252954 0.000000
1.338 3.252766 0.000000
1.339 3.252578 0.000000
1.340 3.252390 0.000000
1.341 3.252202 0.000000
1.342 3.252014 0.000000
1.343 3.251826 0.000000
1.344 3.251650 0.000000
1.345 3.251474 0.000000
1.346 3.251298 0.000000
1.347 3.251122 0.000000
1.348 3.250946 0.000000
1.349 3.250770 0.000000
1.350 3.250594 0.000000
1.351 3.250418 0.000000
1.352 3.250242 0.000000
1.353 3.250066 0.000000
1.354 3.249890 0.000000
1.355 3.249714 0.000000
1.356 3.249538 0.000000
1.357 3.249363 0.000000
1.358 3.249187 0.000000
1.359 3.249012 0.000000
1.360 3.248836 0.000000
1.361 3.248661 0.000000
1.362 3.248485 0.000000
1.363 3.248310 0.000000
1.364 3.248134 0.000000
1.365 3.247959 0.000000
1.366 3.247783 0.000000
1.367 3.247617 0.000000
1.368 3.247450 0.000000
1.369 3.247284 0.000000
1.370 3.247118 0.000000
1.371 3.246952 0.000000
1.372 3.246785 0.000000
1.373 3.246619 0.000000
1.374 3.246453 0.000000
1.375 3.246287 0.000000
1.376 3.246120 0.000000
1.377 3.245954 0.000000
1.378 3.245788 0.000000
1.379 3.245625 0.000000
1.380 3.245461 0.000000
1.381 3.245297 0.000000
1.382 3.245133 0.000000
1.383 3.244970 0.000000
1.384 3.244806 0.000000
1.385 3.244642 0.000000
1.386 3.244479 0.000000
1.387 3.244315 0.000000
1.388 3.244151 0.000000
1.389 3.243988 0.000000
1.390 3.243825 0.000000
1.391 3.243666 0.000000
1.392 3.243508 0.000000
1.393 3.243350 0.000000
1.394 3.243192 0.000000
1.395 3.243033 0.000000
1.396 3.242875 0.000000
1.397 3.242717 0.000000
1.398 3.242559 0.000000
1.399 3.242400 0.000000
1.400 3.242242 0.000000
1.401 3.242084 0.000000
1.402 3.241926 0.000000
1.403 3.241776 0.000000
1.404 3.241628 0.000000
1.405 3.241479 0.000000
1.406 3.241331 0.000000
1.407 3.241182 0.000000
1.408 3.241033 0.000000
1.409 3.240885 0.000000
1.410 3.240736 0.000000
1.411 3.240588 0.000000
1.412 3.240439 0.000000
1.413 3.240291 0.000000
1.414 3.240142 0.000000
1.415 3.239994 0.000000
1.416 3.239845 0.000000
1.417 3.239697 0.000000
1.418 3.239549 0.000000
1.419 3.239401 0.000000
1.420 3.239253 0.000000
1.421 3.239105 0.000000
1.422 3.238956 0.000000
1.423 3.238808 0.000000
1.424 3.238660 0.000000
1.425 3.238512 0.000000
1.426 3.238364 0.000000
1.427 3.238216 0.000000
1.428 3.238075 0.000000
1.429 3.237936 0.000000
1.430 3.237797 0.000000
1.431 3.237658 0.000000
1.432 3.237519 0.000000
1.433 3.237380 0.000000
1.434 3.237241 0.000000
1.435 3.237102 0.000000
1.436 3.236963 0.000000
1.437 3.236824 0.000000
1.438 3.236685 0.000000
1.439 3.236546 0.000000
1.440 3.236407 0.000000
1.441 3.236269 0.000000
1.442 3.236131 0.000000
1.443 3.235993 0.000000
1.444 3.235856 0.000000
1.445 3.235718 0.000000
1.446 3.235580 0.000000
1.447 3.235443 0.000000
1.448 3.235305 0.000000
1.449 3.235167 0.000000
1.450 3.235030 0.000000
1.451 3.234892 0.000000
1.452 3.234754 0.000000
1.453 3.234616 0.000000
1.454 3.234482 0.000000
1.455 3.234349 0.000000
1.456 3.234216 0.000000
1.457 3.234082 0.000000
1.458 3.233949 0.000000
1.459 3.233816 0.000000
1.460 3.233682 0.000000
1.461 3.233549 0.000000
1.462 3.233416 0.000000
1.463 3.233282 0.000000
1.464 3.233149 0.000000
1.465 3.233016 0.000000
1.466 3.232882 0.000000
1.467 3.232751 0.000000
1.468 3.232623 0.000000
1.469 3.232496 0.000000
1.470 3.232368 0.000000
1.471 3.232240 0.000000
1.472 3.232112 0.000000
1.473 3.231984 0.000000
1.474 3.231856 0.000000
1.475 3.231728 0.000000
1.476 3.231600 0.000000
1.477 3.231472 0.000000
1.478 3.231344 0.000000
1.479 3.231216 0.000000
1.480 3.231088 0.000000
1.481 3.230961 0.000000
1.482 3.230834 0.000000
1.483 3.230706 0.000000
1.484 3.230579 0.000000
1.485 3.230452 0.000000
1.486 3.230325 0.000000
1.487 3.230197 0.000000
1.488 3.230070 0.000000
1.489 3.229943 0.000000
1.490 3.229815 0.000000
1.491 3.229688 0.000000
1.492 3.229561 0.000000
1.493 3.229434 0.000000
1.494 3.229306 0.000000
1.495 3.229187 0.000000
1.496 3.229068 0.000000
1.497 3.228949 0.000000
1.498 3.228830 0.000000
1.499 3.228711 0.000000
1.500 3.228592 0.000000
1.501 3.228473 0.000000
1.502 3.228354 0.000000
1.503 3.228235 0.000000
1.504 3.228116 0.000000
1.505 3.227997 0.000000
1.506 3.227878 0.000000
1.507 3.227759 0.000000
1.508 3.227640 0.000000
1.509 3.227522 0.000000
1.510 3.227404 0.000000
1.511 3.227285 0.000000
1.512 3.227167 0.000000
1.513 3.227049 0.000000
1.514 3.226931 0.000000
1.515 3.226812 0.000000
1.516 3.226694 0.000000
1.517 3.226576 0.000000
1.518 3.226458 0.000000
1.519 3.226339 0.000000
1.520 3.226221 0.000000
1.521 3.226103 0.000000
1.522 3.225984 0.000000
1.523 3.225869 0.000000
1.524 3.225758 0.000000
1.525 3.225646 0.000000
1.526 3.225535 0.000000
1.527 3.225423 0.000000
1.528 3.225312 0.000000
1.529 3.225200 0.000000
1.530 3.225089 0.000000
1.531 3.224977 0.000000
1.532 3.224866 0.000000
1.533 3.224754 0.000000
1.534 3.224642 0.000000
1.535 3.224531 0.000000
1.536 3.224419 0.000000
1.537 3.224308 0.000000
1.538 3.224201 0.000000
1.539 3.224096 0.000000
1.540 3.223990 0.000000
1.541 3.223884 0.000000
1.542 3.223779 0.000000
1.543 3.223673 0.000000
1.544 3.223568 0.000000
1.545 3.223462 0.000000
1.546 3.223357 0.000000
1.547 3.223251 0.000000
1.548 3.223146 0.000000
1.549 3.223040 0.000000
1.550 3.222935 0.000000
1.551 3.222829 0.000000
1.552 3.222724 0.000000
1.553 3.222619 0.000000
1.554 3.222514 0.000000
1.555 3.222409 0.000000
1.556 3.222304 0.000000
1.557 3.222199 0.000000
1.558 3.222094 0.000000
1.559 3.221989 0.000000
1.560 3.221885 0.000000
1.561 3.221780 0.000000
1.562 3.221675 0.000000
1.563 3.221570 0.000000
1.564 3.221465 0.000000
1.565 3.221360 0.000000
1.566 3.221255 0.000000
1.567 3.221151 0.000000
1.568 3.221048 0.000000
1.569 3.220947 0.000000
1.570 3.220846 0.000000
1.571 3.220745 0.000000
1.572 3.220645 0.000000
1.573 3.220544 0.000000
1.574 3.220443 0.000000
1.575 3.220342 0.000000
1.576 3.220241 0.000000
1.577 3.220140 0.000000
1.578 3.220039 0.000000
1.579 3.219939 0.000000
1.580 3.219838 0.000000
1.581 3.219737 0.000000
1.582 3.219636 0.000000
1.583 3.219535 0.000000
1.584 3.219435 0.000000
1.585 3.219334 0.000000
1.586 3.219233 0.000000
1.587 3.219132 0.000000
1.588 3.219032 0.000000
1.589 3.218931 0.000000
1.590 3.218830 0.000000
1.591 3.218730 0.000000
1.592 3.218629 0.000000
1.593 3.218528 0.000000
1.594 3.218428 0.000000
1.595 3.218327 0.000000
1.596 3.218226 0.000000
1.597 3.218126 0.000000
1.598 3.218025 0.000000
1.599 3.217925 0.000000
1.600 3.217831 0.000000
1.601 3.217738 0.000000
1.602 3.217644 0.000000
1.603 3.217550 0.000000
1.604 3.217456 0.000000
1.605 3.217363 0.000000
1.606 3.217269 0.000000
1.607 3.217175 0.000000
1.608 3.217082 0.000000
1.609 3.216988 0.000000
1.610 3.216894 0.000000
1.611 3.216800 0.000000
1.612 3.216707 0.000000
1.613 3.216613 0.000000
1.614 3.216519 0.000000
1.615 3.216425 0.000000
1.616 3.216336 0.000000
1.617 3.216246 0.000000
1.618 3.216157 0.000000
1.619 3.216068 0.000000
1.620 3.215978 0.000000
1.621 3.215889 0.000000
1.622 3.215799 0.000000
1.623 3.215710 0.000000
1.624 3.215621 0.000000
1.625 3.215531 0.000000
1.626 3.215442 0.000000
1.627 3.215352 0.000000
1.628 3.215263 0.000000
1.629 3.215173 0.000000
1.630 3.215084 0.000000
1.631 3.214995 0.000000
1.632 3.214906 0.000000
1.633 3.214818 0.000000
1.634 3.214730 0.000000
1.635 3.214642 0.000000
1.636 3.214554 0.000000
1.637 3.214466 0.000000
1.638 3.214378 0.000000
1.639 3.214290 0.000000
1.640 3.214202 0.000000
1.641 3.214114 0.000000
1.642 3.214025 0.000000
1.643 3.213937 0.000000
1.644 3.213849 0.000000
1.645 3.213761 0.000000
1.646 3.213673 0.000000
1.647 3.213585 0.000000
1.648 3.213497 0.000000
1.649 3.213412 0.000000
1.650 3.213329 0.000000
1.651 3.213247 0.000000
1.652 3.213164 0.000000
1.653 3.213081 0.000000
1.654 3.212999 0.000000
1.655 3.212916 0.000000
1.656 3.212833 0.000000
1.657 3.212751 0.000000
1.658 3.212668 0.000000
1.659 3.212585 0.000000
1.660 3.212503 0.000000
1.661 3.212420 0.000000
1.662 3.212337 0.000000
1.663 3.212254 0.000000
1.664 3.212172 0.000000
1.665 3.212089 0.000000
1.666 3.212006 0.000000
1.667 3.211924 0.000000
1.668 3.211841 0.000000
1.669 3.211759 0.000000
1.670 3.211676 0.000000
1.671 3.211594 0.000000
1.672 3.211511 0.000000
1.673 3.211428 0.000000
1.674 3.211346 0.000000
1.675 3.211263 0.000000
1.676 3.211181 0.000000
1.677 3.211098 0.000000
1.678 3.211015 0.000000
1.679 3.210933 0.000000
1.680 3.210850 0.000000
1.681 3.210768 0.000000
1.682 3.210685 0.000000
1.683 3.210603 0.000000
1.684 3.210524 0.000000
1.685 3.210446 0.000000
1.686 3.210368 0.000000
1.687 3.210291 0.000000
1.688 3.210213 0.000000
1.689 3.210136 0.000000
1.690 3.210058 0.000000
1.691 3.209980 0.000000
1.692 3.209903 0.000000
1.693 3.209825 0.000000
1.694 3.209747 0.000000
1.695 3.209670 0.000000
1.696 3.209592 0.000000
1.697 3.209514 0.000000
1.698 3.209437 0.000000
1.699 3.209359 0.000000
1.700 3.209282 0.000000
1.701 3.209204 0.000000
1.702 3.209128 0.000000
1.703 3.209052 0.000000
1.704 3.208977 0.000000
1.705 3.208901 0.000000
1.706 3.208826 0.000000
1.707 3.208750 0.000000
1.708 3.208675 0.000000
1.709 3.208599 0.000000
1.710 3.208523 0.000000
1.711 3.208448 0.000000
1.712 3.208372 0.000000
1.713 3.208297 0.000000
1.714 3.208221 0.000000
1.715 3.208146 0.000000
1.716 3.208070 0.000000
1.717 3.207994 0.000000
1.718 3.207919 0.000000
1.719 3.207843 0.000000
1.720 3.207768 0.000000
1.721 3.207695 0.000000
1.722 3.207621 0.000000
1.723 3.207547 0.000000
1.724 3.207473 0.000000
1.725 3.207400 0.000000
1.726 3.207326 0.000000
1.727 3.207252 0.000000
1.728 3.207178 0.000000
1.729 3.207105 0.000000
1.730 3.207031 0.000000
1.731 3.206957 0.000000
1.732 3.206883 0.000000
1.733 3.206810 0.000000
1.734 3.206736 0.000000
1.735 3.206662 0.000000
1.736 3.206588 0.000000
1.737 3.206515 0.000000
1.738 3.206441 0.000000
1.739 3.206370 0.000000
1.740 3.206301 0.000000
1.741 3.206232 0.000000
1.742 3.206163 0.000000
1.743 3.206094 0.000000
1.744 3.206025 0.000000
1.745 3.205956 0.000000
1.746 3.205887 0.000000
1.747 3.205818 0.000000
1.748 3.205749 0.000000
1.749 3.205680 0.000000
1.750 3.205611 0.000000
1.751 3.205542 0.000000
1.752 3.205473 0.000000
1.753 3.205404 0.000000
1.754 3.205335 0.000000
1.755 3.205266 0.000000
1.756 3.205197 0.000000
1.757 3.205128 0.000000
1.758 3.205060 0.000000
1.759 3.204991 0.000000
1.760 3.204922 0.000000
1.761 3.204853 0.000000
1.762 3.204784 0.000000
1.763 3.204715 0.000000
1.764 3.204646 0.000000
1.765 3.204577 0.000000
1.766 3.204509 0.000000
1.767 3.204440 0.000000
1.768 3.204371 0.000000
1.769 3.204302 0.000000
1.770 3.204233 0.000000
1.771 3.204164 0.000000
1.772 3.204095 0.000000
1.773 3.204027 0.000000
1.774 3.203958 0.000000
1.775 3.203889 0.000000
1.776 3.203820 0.000000
1.777 3.203751 0.000000
1.778 3.203687 0.000000
1.779 3.203623 0.000000
1.780 3.203559 0.000000
1.781 3.203495 0.000000
1.782 3.203431 0.000000
1.783 3.203367 0.000000
1.784 3.203303 0.000000
1.785 3.203239 0.000000
1.786 3.203175 0.000000
1.787 3.203111 0.000000
1.788 3.203047 0.000000
1.789 3.202983 0.000000
1.790 3.202919 0.000000
1.791 3.202855 0.000000
1.792 3.202791 0.000000
1.793 3.202727 0.000000
1.794 3.202663 0.000000
1.795 3.202599 0.000000
1.796 3.202535 0.000000
1.797 3.202471 0.000000
1.798 3.202408 0.000000
1.799 3.202346 0.000000
1.800 3.202283 0.000000
1.801 3.202221 0.000000
1.802 3.202158 0.000000
1.803 3.202095 0.000000
1.804 3.202033 0.000000
1.805 3.201970 0.000000
1.806 3.201907 0.000000
1.807 3.201845 0.000000
1.808 3.201782 0.000000
1.809 3.201719 0.000000
1.810 3.201657 0.000000
1.811 3.201594 0.000000
1.812 3.201531 0.000000
1.813 3.201469 0.000000
1.814 3.201406 0.000000
1.815 3.201343 0.000000
1.816 3.201281 0.000000
1.817 3.201218 0.000000
1.818 3.201156 0.000000
1.819 3.201096 0.000000
1.820 3.201035 0.000000
1.821 3.200974 0.000000
1.822 3.200913 0.000000
1.823 3.200853 0.000000
1.824 3.200792 0.000000
1.825 3.200731 0.000000
1.826 3.200671 0.000000
1.827 3.200610 0.000000
1.828 3.200549 0.000000
1.829 3.200489 0.000000
1.830 3.200428 0.000000
1.831 3.200367 0.000000
1.832 3.200306 0.000000
1.833 3.200246 0.000000
1.834 3.200185 0.000000
1.835 3.200124 0.000000
1.836 3.200064 0.000000
1.837 3.200003 0.000000
1.838 3.199942 0.000000
1.839 3.199883 0.000000
1.840 3.199826 0.000000
1.841 3.199769 0.000000
1.842 3.199712 0.000000
1.843 3.199655 0.000000
1.844 3.199598 0.000000
1.845 3.199541 0.000000
1.846 3.199484 0.000000
1.847 3.199427 0.000000
1.848 3.199370 0.000000
1.849 3.199313 0.000000
1.850 3.199255 0.000000
1.851 3.199198 0.000000
1.852 3.199141 0.000000
1.853 3.199084 0.000000
1.854 3.199027 0.000000
1.855 3.198970 0.000000
1.856 3.198913 0.000000
1.857 3.198856 0.000000
1.858 3.198799 0.000000
1.859 3.198742 0.000000
1.860 3.198685 0.000000
1.861 3.198628 0.000000
1.862 3.198571 0.000000
1.863 3.198514 0.000000
1.864 3.198457 0.000000
1.865 3.198400 0.000000
1.866 3.198343 0.000000
1.867 3.198286 0.000000
1.868 3.198229 0.000000
1.869 3.198172 0.000000
1.870 3.198115 0.000000
1.871 3.198058 0.000000
1.872 3.198001 0.000000
1.873 3.197944 0.000000
1.874 3.197887 0.000000
1.875 3.197830 0.000000
1.876 3.197773 0.000000
1.877 3.197716 0.000000
1.878 3.197659 0.000000
1.879 3.197602 0.000000
1.880 3.197545 0.000000
1.881 3.197489 0.000000
1.882 3.197432 0.000000
1.883 3.197380 0.000000
1.884 3.197327 0.000000
1.885 3.197275 0.000000
1.886 3.197222 0.000000
1.887 3.197170 0.000000
1.888 3.197117 0.000000
1.889 3.197065 0.000000
1.890 3.197013 0.000000
1.891 3.196960 0.000000
1.892 3.196908 0.000000
1.893 3.196855 0.000000
1.894 3.196803 0.000000
1.895 3.196750 0.000000
1.896 3.196698 0.000000
1.897 3.196645 0.000000
1.898 3.196593 0.000000
1.899 3.196540 0.000000
1.900 3.196488 0.000000
1.901 3.196436 0.000000
1.902 3.196383 0.000000
1.903 3.196331 0.000000
1.904 3.196278 0.000000
1.905 3.196226 0.000000
1.906 3.196174 0.000000
1.907 3.196123 0.000000
1.908 3.196071 0.000000
1.909 3.196019 0.000000
1.910 3.195967 0.000000
1.911 3.195915 0.000000
1.912 3.195864 0.000000
1.913 3.195812 0.000000
1.914 3.195760 0.000000
1.915 3.195708 0.000000
1.916 3.195656 0.000000
1.917 3.195605 0.000000
1.918 3.195553 0.000000
1.919 3.195501 0.000000
1.920 3.195449 0.000000
1.921 3.195397 0.000000
1.922 3.195346 0.000000
1.923 3.195294 0.000000
1.924 3.195242 0.000000
1.925 3.195190 0.000000
1.926 3.195138 0.000000
1.927 3.195087 0.000000
1.928 3.195036 0.000000
1.929 3.194986 0.000000
1.930 3.194937 0.000000
1.931 3.194887 0.000000
1.932 3.194837 0.000000
1.933 3.194788 0.000000
1.934 3.194738 0.000000
1.935 3.194688 0.000000
1.936 3.194639 0.000000
1.937 3.194589 0.000000
1.938 3.194539 0.000000
1.939 3.194490 0.000000
1.940 3.194440 0.000000
1.941 3.194390 0.000000
1.942 3.194340 0.000000
1.943 3.194291 0.000000
1.944 3.194241 0.000000
1.945 3.194191 0.000000
1.946 3.194142 0.000000
1.947 3.194092 0.000000
1.948 3.194042 0.000000
1.949 3.193993 0.000000
1.950 3.193943 0.000000