0.253 2.515300 3.474539
0.254 2.585689 3.473232
0.255 2.655274 3.472181
0.256 2.727921 3.471668
0.257 2.804455 3.470627
0.258 2.886531 3.467025
0.259 2.975418 3.458177
0.260 3.068855 3.440893
0.261 3.165524 3.412690
0.262 3.262736 3.371929
0.263 3.358247 3.319152
0.264 3.446753 3.253490
0.265 3.527296 3.177510
0.266 3.596132 3.092584
0.267 3.652128 3.002024
0.268 3.694292 2.909099
0.269 3.724265 2.816528
0.270 3.744411 2.726834
0.271 3.753801 2.641017
0.272 3.755646 2.559741
0.273 3.751694 2.484765
0.274 3.742217 2.415845
0.275 3.728467 2.352699
0.276 3.713301 2.295725
0.277 3.695559 2.242621
0.278 3.677278 2.194369
0.279 3.657801 2.150099
0.280 3.638430 2.109562
0.281 3.618843 2.073072
0.282 3.598907 2.038776
0.283 3.579226 2.007611
0.284 3.559628 1.978630
0.285 3.539770 1.952541
0.286 3.521246 1.928221
0.287 3.502842 1.905827
0.288 3.484244 1.885330
0.289 3.466120 1.866734
0.290 3.448987 1.849710
0.291 3.432323 1.834859
0.292 3.415388 1.820642
0.293 3.399414 1.807812
0.294 3.384442 1.796113
0.295 3.369609 1.785742
0.296 3.355498 1.776300
0.297 3.341904 1.767953
0.298 3.328936 1.760863
0.299 3.317094 1.754377
0.300 3.305107 1.748273
0.301 3.293902 1.742830
0.302 3.283234 1.737947
0.303 3.272836 1.734474
0.304 3.263361 1.731059
0.305 3.254922 1.727924
0.306 3.246025 1.725418
0.307 3.238311 1.723458
0.308 3.230603 1.721738
0.309 3.223789 1.720559
0.310 3.217111 1.719415
0.311 3.210921 1.718883
0.312 3.205172 1.718563
0.313 3.199433 1.718636
0.314 3.194734 1.718461
0.315 3.189634 1.719231
0.316 3.185708 1.720144
0.317 3.181865 1.721151
0.318 3.177597 1.721444
0.319 3.174375 1.722685
0.320 3.171426 1.724224
0.321 3.168819 1.725924
0.322 3.166303 1.727779
0.323 3.164057 1.729629
0.324 3.162072 1.731787
0.325 3.160177 1.734198
0.326 3.158446 1.737381
0.327 3.157063 1.739943
0.328 3.155803 1.742581
0.329 3.155256 1.745442
0.330 3.155001 1.748560
0.331 3.154307 1.752584
0.332 3.154711 1.755810
0.333 3.154684 1.759189
0.334 3.154657 1.763488
0.335 3.155686 1.767549
0.336 3.156580 1.771380
0.337 3.157729 1.776302
0.338 3.159310 1.780619
0.339 3.160626 1.785049
0.340 3.162629 1.790401
0.341 3.164562 1.795022
0.342 3.167233 1.800692
0.343 3.169461 1.805566
0.344 3.172437 1.811435
0.345 3.175730 1.816729
0.346 3.179293 1.822752
0.347 3.182932 1.828605
0.348 3.187024 1.835012
0.349 3.191738 1.841140
0.350 3.196233 1.847622
0.351 3.201168 1.854172
0.352 3.207102 1.861249
0.353 3.212380 1.867802
0.354 3.218702 1.875145
0.355 3.224687 1.882263
0.356 3.231561 1.889760
0.357 3.239118 1.897455
0.358 3.247824 1.905063
0.359 3.255699 1.912869
0.360 3.264906 1.920688
0.361 3.274838 1.928521
0.362 3.284778 1.936454
0.363 3.295721 1.943702
0.364 3.307163 1.950965
0.365 3.319490 1.957330
0.366 3.332183 1.963457
0.367 3.344404 1.969198
0.368 3.355989 1.974522
0.369 3.367977 1.980009
0.370 3.379880 1.985601
0.371 3.390578 1.991216
0.372 3.401628 1.998045
0.373 3.413009 2.004867
0.374 3.424894 2.013818
0.375 3.437363 2.023078
0.376 3.450543 2.033870
0.377 3.465486 2.045450
0.378 3.481831 2.057817
0.379 3.500922 2.070458
0.380 3.521910 2.083847
0.381 3.545143 2.096595
0.382 3.571480 2.107598
0.383 3.599929 2.118689
0.384 3.630360 2.127890
0.385 3.663656 2.135002
0.386 3.697805 2.140329
0.387 3.733621 2.141838
0.388 3.769025 2.141707
0.389 3.804382 2.138971
0.390 3.839570 2.134384
0.391 3.874363 2.128394
0.392 3.908806 2.120851
0.393 3.943011 2.112152
0.394 3.977010 2.102210
0.395 4.011002 2.091402
0.396 4.045427 2.078770
0.397 4.080390 2.065339
0.398 4.116189 2.049894
0.399 4.152256 2.032738
0.400 4.188413 2.013650
0.401 4.224943 1.989824
0.402 4.260917 1.964993
0.403 4.295358 1.935492
0.404 4.329154 1.903759
0.405 4.361411 1.870008
0.406 4.389316 1.831353
0.407 4.415956 1.792116
0.408 4.438271 1.750522
0.409 4.458092 1.707687
0.410 4.474306 1.664475
0.411 4.485320 1.620682
0.412 4.494459 1.577083
0.413 4.499695 1.534579
0.414 4.502151 1.492997
0.415 4.502614 1.452584
0.416 4.499592 1.414497
0.417 4.495300 1.377842
0.418 4.489762 1.342243
0.419 4.481785 1.309390
0.420 4.474076 1.277463
0.421 4.465752 1.247357
0.422 4.455866 1.219511
0.423 4.445993 1.192360
0.424 4.435561 1.167485
0.425 4.424524 1.143656
0.426 4.413408 1.120106
0.427 4.402790 1.098551
0.428 4.392041 1.078389
0.429 4.381447 1.058335
0.430 4.370784 1.039634
0.431 4.360149 1.021681
0.432 4.349617 1.003951
0.433 4.339068 0.987300
0.434 4.328627 0.971872
0.435 4.318288 0.956454
0.436 4.307936 0.941801
0.437 4.297725 0.927841
0.438 4.288079 0.914172
0.439 4.278698 0.901062
0.440 4.269011 0.888673
0.441 4.259122 0.876505
0.442 4.249451 0.864595
0.443 4.240242 0.853554
0.444 4.231413 0.842604
0.445 4.222349 0.831985
0.446 4.213322 0.821917
0.447 4.204745 0.812018
0.448 4.196326 0.802357
0.449 4.187726 0.793143
0.450 4.179712 0.784211
0.451 4.171525 0.775407
0.452 4.163316 0.766999
0.453 4.155688 0.758859
0.454 4.147970 0.750812
0.455 4.140607 0.742943
0.456 4.132943 0.735524
0.457 4.125492 0.728123
0.458 4.118312 0.720868
0.459 4.111486 0.713895
0.460 4.104571 0.707179
0.461 4.097774 0.700348
0.462 4.091108 0.693873
0.463 4.084576 0.687565
0.464 4.078053 0.681271
0.465 4.071822 0.675152
0.466 4.065351 0.669259
0.467 4.059282 0.663353
0.468 4.053111 0.657460
0.469 4.047041 0.651822
0.470 4.041188 0.646401
0.471 4.035794 0.640967
0.472 4.030030 0.635570
0.473 4.024299 0.630311
0.474 4.018487 0.625250
0.475 4.012998 0.620128
0.476 4.007472 0.615201
0.477 4.002252 0.610340
0.478 3.997128 0.605517
0.479 3.991836 0.600807
0.480 3.986868 0.596173
0.481 3.981911 0.591556
0.482 3.976816 0.587029
0.483 3.971993 0.582619
0.484 3.967175 0.578333
0.485 3.962156 0.574095
0.486 3.957103 0.569851
0.487 3.952298 0.565710
0.488 3.947829 0.561662
0.489 3.943168 0.557636
0.490 3.938478 0.553624
0.491 3.934086 0.549697
0.492 3.929573 0.545860
0.493 3.925079 0.542070
0.494 3.920964 0.538381
0.495 3.916832 0.534685
0.496 3.912387 0.531072
0.497 3.908058 0.527548
0.498 3.903941 0.523981
0.499 3.899586 0.520534
0.500 3.895404 0.517134
0.501 3.891442 0.513745
0.502 3.887225 0.510432
0.503 3.883153 0.507215
0.504 3.879618 0.503996
0.505 3.875781 0.500807
0.506 3.871627 0.497686
0.507 3.867804 0.494610
0.508 3.864394 0.491660
0.509 3.860680 0.488633
0.510 3.856434 0.485578
0.511 3.852855 0.482743
0.512 3.849481 0.479834
0.513 3.845361 0.477072
0.514 3.841808 0.474326
0.515 3.838482 0.471503
0.516 3.835037 0.468819
0.517 3.831360 0.466172
0.518 3.827929 0.463486
0.519 3.824705 0.460857
0.520 3.821307 0.458333
0.521 3.817768 0.455852
0.522 3.814401 0.453350
0.523 3.811289 0.450758
0.524 3.808150 0.448332
0.525 3.804348 0.445966
0.526 3.801400 0.443614
0.527 3.798506 0.441261
0.528 3.795591 0.438940
0.529 3.792562 0.436667
0.530 3.789358 0.434426
0.531 3.786170 0.432195
0.532 3.783310 0.429972
0.533 3.780552 0.427783
0.534 3.777150 0.425745
0.535 3.774149 0.423671
0.536 3.771336 0.421560
0.537 3.768505 0.419458
0.538 3.765498 0.417392
0.539 3.762456 0.415358
0.540 3.759845 0.413345
0.541 3.757362 0.411460
0.542 3.754823 0.409479
0.543 3.751862 0.407522
0.544 3.748967 0.405630
0.545 3.746361 0.403773
0.546 3.743885 0.401915
0.547 3.741157 0.400152
0.548 3.738221 0.398302
0.549 3.735733 0.396559
0.550 3.733431 0.394795
0.551 3.731078 0.393012
0.552 3.728544 0.391310
0.553 3.725707 0.389623
0.554 3.723328 0.387909
0.555 3.721082 0.386244
0.556 3.718834 0.384621
0.557 3.716473 0.383002
0.558 3.713760 0.381308
0.559 3.711418 0.379736
0.560 3.709216 0.378181
0.561 3.706956 0.376634
0.562 3.704495 0.375103
0.563 3.702009 0.373602
0.564 3.699908 0.372005
0.565 3.697891 0.370506
0.566 3.695827 0.369085
0.567 3.693623 0.367596
0.568 3.691095 0.366137
0.569 3.688980 0.364689
0.570 3.687079 0.363281
0.571 3.685170 0.361933
0.572 3.683124 0.360521
0.573 3.680707 0.359134
0.574 3.678457 0.357757
0.575 3.676627 0.356384
0.576 3.674799 0.355012
0.577 3.672840 0.353729
0.578 3.670719 0.352441
0.579 3.668466 0.351109
0.580 3.666698 0.349817
0.581 3.664851 0.348567
0.582 3.662834 0.347307
0.583 3.660565 0.345999
0.584 3.658760 0.344752
0.585 3.657096 0.343542
0.586 3.655451 0.342341
0.587 3.653612 0.341101
0.588 3.651508 0.339921
0.589 3.649563 0.338731
0.590 3.647863 0.337526
0.591 3.646386 0.336397
0.592 3.644699 0.335210
0.593 3.642815 0.334022
0.594 3.640667 0.332921
0.595 3.639134 0.331844
0.596 3.637689 0.330765
0.597 3.636199 0.329674
0.598 3.634544 0.328520
0.599 3.632635 0.327419
0.600 3.630590 0.326367
0.601 3.629273 0.325332
0.602 3.627892 0.324246
0.603 3.626439 0.323142
0.604 3.624814 0.322088
0.605 3.623012 0.321060
0.606 3.621269 0.320047
0.607 3.619920 0.319049
0.608 3.618527 0.317972
0.609 3.617047 0.316902
0.610 3.615371 0.315911
0.611 3.613752 0.314926
0.612 3.612232 0.313955
0.613 3.610933 0.313013
0.614 3.609608 0.312122
0.615 3.608170 0.311225
0.616 3.606419 0.310263
0.617 3.604926 0.309308
0.618 3.603586 0.308358
0.619 3.602475 0.307421
0.620 3.601165 0.306488
0.621 3.599716 0.305556
0.622 3.597983 0.304624
0.623 3.596608 0.303696
0.624 3.595528 0.302771
0.625 3.594302 0.301861
0.626 3.593003 0.300996
0.627 3.591604 0.300196
0.628 3.590174 0.299308
0.629 3.588817 0.298404
0.630 3.587705 0.297506
0.631 3.586536 0.296635
0.632 3.585322 0.295781
0.633 3.583816 0.294973
0.634 3.582487 0.294134
0.635 3.581387 0.293253
0.636 3.580328 0.292459
0.637 3.579237 0.291671
0.638 3.577959 0.290820
0.639 3.576620 0.290013
0.640 3.575230 0.289243
0.641 3.574169 0.288392
0.642 3.573123 0.287559
0.643 3.572013 0.286804
0.644 3.570734 0.286056
0.645 3.569336 0.285312
0.646 3.568280 0.284482
0.647 3.567277 0.283666
0.648 3.566349 0.282925
0.649 3.565273 0.282185
0.650 3.564075 0.281448
0.651 3.562847 0.280682
0.652 3.561660 0.279914
0.653 3.560744 0.279154
0.654 3.559767 0.278401
0.655 3.558708 0.277657
0.656 3.557457 0.276929
0.657 3.556127 0.276207
0.658 3.555331 0.275493
0.659 3.554532 0.274780
0.660 3.553669 0.274070
0.661 3.552753 0.273359
0.662 3.551778 0.272647
0.663 3.550615 0.271959
0.664 3.549378 0.271281
0.665 3.548562 0.270640
0.666 3.547754 0.269992
0.667 3.546862 0.269293
0.668 3.545905 0.268594
0.669 3.544837 0.267895
0.670 3.543797 0.267197
0.671 3.542778 0.266500
0.672 3.542008 0.265830
0.673 3.541313 0.265168
0.674 3.540332 0.264545
0.675 3.539323 0.263916
0.676 3.538222 0.263229
0.677 3.537216 0.262566
0.678 3.536453 0.261960
0.679 3.535712 0.261328
0.680 3.535001 0.260659
0.681 3.534204 0.260023
0.682 3.533343 0.259410
0.683 3.532365 0.258768
0.684 3.531338 0.258115
0.685 3.530605 0.257515
0.686 3.529933 0.256927
0.687 3.529256 0.256343
0.688 3.528569 0.255759
0.689 3.527640 0.255146
0.690 3.526719 0.254536
0.691 3.525847 0.253956
0.692 3.525037 0.253376
0.693 3.524462 0.252798
0.694 3.523830 0.252205
0.695 3.523051 0.251568
0.696 3.522222 0.250952
0.697 3.521294 0.250378
0.698 3.520444 0.249803
0.699 3.519722 0.249227
0.700 3.519073 0.248657
0.701 3.518528 0.248093
0.702 3.517947 0.247522
0.703 3.517317 0.246940
0.704 3.516622 0.246345
0.705 3.515847 0.245733
0.706 3.515109 0.245147
0.707 3.514415 0.244593
0.708 3.513758 0.244040
0.709 3.513148 0.243488
0.710 3.512524 0.242966
0.711 3.511881 0.242486
0.712 3.511273 0.241972
0.713 3.510721 0.241405
0.714 3.510148 0.240837
0.715 3.509535 0.240268
0.716 3.508936 0.239699
0.717 3.508371 0.239131
0.718 3.507813 0.238553
0.719 3.507281 0.237945
0.720 3.506741 0.237346
0.721 3.506152 0.236813
0.722 3.505565 0.236280
0.723 3.505025 0.235747
0.724 3.504485 0.235214
0.725 3.503967 0.234683
0.726 3.503450 0.234151
0.727 3.502945 0.233619
0.728 3.502444 0.233085
0.729 3.501928 0.232564
0.730 3.501405 0.232046
0.731 3.500885 0.231523
0.732 3.500367 0.230993
0.733 3.499866 0.230438
0.734 3.499390 0.229845
0.735 3.498922 0.229251
0.736 3.498477 0.228655
0.737 3.498033 0.228064
0.738 3.497599 0.227546
0.739 3.497165 0.227027
0.740 3.496709 0.226445
0.741 3.496249 0.225852
0.742 3.495779 0.225309
0.743 3.495302 0.224792
0.744 3.494852 0.224276
0.745 3.494437 0.223763
0.746 3.494022 0.223244
0.747 3.493612 0.222706
0.748 3.493202 0.222167
0.749 3.492792 0.221610
0.750 3.492382 0.221052
0.751 3.491976 0.220484
0.752 3.491570 0.219913
0.753 3.491170 0.219334
0.754 3.490777 0.218744
0.755 3.490381 0.218156
0.756 3.489962 0.217581
0.757 3.489544 0.217005
0.758 3.489118 0.216489
0.759 3.488691 0.215986
0.760 3.488289 0.215482
0.761 3.487909 0.214979
0.762 3.487535 0.214463
0.763 3.487185 0.213890
0.764 3.486835 0.213317
0.765 3.486493 0.212805
0.766 3.486153 0.212304
0.767 3.485815 0.211768
0.768 3.485477 0.211197
0.769 3.485140 0.210627
0.770 3.484806 0.210060
0.771 3.484471 0.209493
0.772 3.484150 0.208974
0.773 3.483833 0.208473
0.774 3.483519 0.207971
0.775 3.483212 0.207470
0.776 3.482905 0.206968
0.777 3.482598 0.206412
0.778 3.482292 0.205851
0.779 3.481986 0.205311
0.780 3.481683 0.204795
0.781 3.481380 0.204278
0.782 3.481088 0.203737
0.783 3.480796 0.203195
0.784 3.480507 0.202681
0.785 3.480219 0.202189
0.786 3.479932 0.201696
0.787 3.479645 0.201204
0.788 3.479358 0.200711
0.789 3.479076 0.200219
0.790 3.478796 0.199727
0.791 3.478522 0.199234
0.792 3.478312 0.198741
0.793 3.478102 0.198248
0.794 3.477895 0.197754
0.795 3.477693 0.197261
0.796 3.477490 0.196768
0.797 3.477257 0.196275
0.798 3.477024 0.195782
0.799 3.476793 0.195289
0.800 3.476563 0.194797
0.801 3.476332 0.194304
0.802 3.476111 0.193813
0.803 3.475892 0.193321
0.804 3.475673 0.192838
0.805 3.475457 0.192375
0.806 3.475242 0.191912
0.807 3.475026 0.191411
0.808 3.474811 0.190892
0.809 3.474597 0.190378
0.810 3.474410 0.189950
0.811 3.474222 0.189522
0.812 3.474056 0.189068
0.813 3.473920 0.188577
0.814 3.473784 0.188085
0.815 3.473626 0.187593
0.816 3.473460 0.187102
0.817 3.473295 0.186610
0.818 3.473130 0.186119
0.819 3.472965 0.185628
0.820 3.472802 0.185129
0.821 3.472643 0.184617
0.822 3.472484 0.184106
0.823 3.472345 0.183577
0.824 3.472216 0.183040
0.825 3.472087 0.182503
0.826 3.472025 0.182058
0.827 3.471967 0.181620
0.828 3.471897 0.181169
0.829 3.471772 0.180655
0.830 3.471647 0.180142
0.831 3.471540 0.179635
0.832 3.471460 0.179137
0.833 3.471380 0.178638
0.834 3.471323 0.178132
0.835 3.471278 0.177621
0.836 3.471234 0.177109
0.837 3.471183 0.176594
0.838 3.471131 0.176078
0.839 3.471079 0.175561
0.840 3.471035 0.175045
0.841 3.470991 0.174530
0.842 3.470951 0.174013
0.843 3.470936 0.173492
0.844 3.470920 0.172972
0.845 3.470921 0.172441
0.846 3.470961 0.171885
0.847 3.471001 0.171330
0.848 3.471048 0.170770
0.849 3.471106 0.170203
0.850 3.471163 0.169637
0.851 3.471226 0.169076
0.852 3.471295 0.168520
0.853 3.471364 0.167965
0.854 3.471446 0.167415
0.855 3.471538 0.166869
0.856 3.471630 0.166324
0.857 3.471745 0.165725
0.858 3.471874 0.165095
0.859 3.472002 0.164466
0.860 3.472138 0.163811
0.861 3.472279 0.163143
0.862 3.472419 0.162476
0.863 3.472560 0.161808
0.864 3.472700 0.161141
0.865 3.472841 0.160473
0.866 3.472982 0.159798
0.867 3.473124 0.159120
0.868 3.473265 0.158442
0.869 3.473411 0.157690
0.870 3.473558 0.156901
0.871 3.473705 0.156112
0.872 3.473854 0.155302
0.873 3.474003 0.154480
0.874 3.474153 0.153657
0.875 3.474303 0.152835
0.876 3.474452 0.152012
0.877 3.474602 0.151189
0.878 3.474750 0.150361
0.879 3.474895 0.149528
0.880 3.475040 0.148695
0.881 3.475166 0.147820
0.882 3.475256 0.146871
0.883 3.475346 0.145922
0.884 3.475432 0.144964
0.885 3.475505 0.143978
0.886 3.475578 0.142991
0.887 3.475651 0.142004
0.888 3.475725 0.141018
0.889 3.475799 0.140032
0.890 3.475872 0.139046
0.891 3.475938 0.138056
0.892 3.476002 0.137065
0.893 3.476066 0.136075
0.894 3.476030 0.135042
0.895 3.475949 0.133991
0.896 3.475868 0.132940
0.897 3.475767 0.131880
0.898 3.475643 0.130810
0.899 3.475520 0.129740
0.900 3.475396 0.128670
0.901 3.475273 0.127601
0.902 3.475150 0.126531
0.903 3.475028 0.125461
0.904 3.474898 0.124393
0.905 3.474767 0.123326
0.906 3.474636 0.122258
0.907 3.474410 0.121218
0.908 3.474132 0.120192
0.909 3.473853 0.119166
0.910 3.473561 0.118145
0.911 3.473239 0.117131
0.912 3.472917 0.116118
0.913 3.472596 0.115104
0.914 3.472275 0.114090
0.915 3.471954 0.113076
0.916 3.471634 0.112061
0.917 3.471312 0.111051
0.918 3.470989 0.110042
0.919 3.470667 0.109034
0.920 3.470331 0.108055
0.921 3.469948 0.107179
0.922 3.469565 0.106303
0.923 3.469182 0.105426
0.924 3.468785 0.104581
0.925 3.468385 0.103743
0.926 3.467984 0.102904
0.927 3.467584 0.102066
0.928 3.467185 0.101227
0.929 3.466785 0.100389
0.930 3.466385 0.099550
0.931 3.465989 0.098716
0.932 3.465593 0.097882
0.933 3.465196 0.097049
0.934 3.464831 0.096277
0.935 3.464512 0.095600
0.936 3.464193 0.094924
0.937 3.463874 0.094247
0.938 3.463575 0.093593
0.939 3.463278 0.092942
0.940 3.462982 0.092291
0.941 3.462686 0.091636
0.942 3.462390 0.090973
0.943 3.462094 0.090309
0.944 3.461798 0.089646
0.945 3.461509 0.088982
0.946 3.461223 0.088318
0.947 3.460936 0.087653
0.948 3.460706 0.086985
0.949 3.460804 0.086290
0.950 3.460902 0.085595
0.951 3.461001 0.084900
0.952 3.461155 0.084199
0.953 3.461363 0.083494
0.954 3.461571 0.082788
0.955 3.461779 0.082083
0.956 3.461987 0.081378
0.957 3.462195 0.080673
0.958 3.462403 0.079968
0.959 3.462612 0.079260
0.960 3.462823 0.078541
0.961 3.463033 0.077821
0.962 3.463244 0.077102
0.963 3.463524 0.075937
0.964 3.463887 0.074234
0.965 3.464250 0.072530
0.966 3.464613 0.070827
0.967 3.465009 0.068916
0.968 3.465418 0.066919
0.969 3.465828 0.064923
0.970 3.466238 0.062926
0.971 3.466651 0.060907
0.972 3.467065 0.058886
0.973 3.467479 0.056866
0.974 3.467893 0.054838
0.975 3.468311 0.052762
0.976 3.468729 0.050685
0.977 3.469147 0.048609
0.978 3.469016 0.046439
0.979 3.467595 0.044050
0.980 3.466174 0.041661
0.981 3.464753 0.039272
0.982 3.463332 0.036884
0.983 3.461911 0.034495
0.984 3.460384 0.032079
0.985 3.458683 0.029619
0.986 3.456982 0.027159
0.987 3.455281 0.024700
0.988 3.453581 0.022240
0.989 3.451880 0.019780
0.990 3.450143 0.017634
0.991 3.448351 0.015972
0.992 3.446559 0.014311
0.993 3.444766 0.012650
0.994 3.442974 0.010988
0.995 3.441182 0.009327
0.996 3.439347 0.008025
0.997 3.437426 0.007452
0.998 3.435504 0.006879
0.999 3.433583 0.006306
1.000 3.431662 0.005733
1.001 3.429741 0.005161
1.002 3.427828 0.004607
1.003 3.425951 0.004135
1.004 3.424073 0.003662
1.005 3.422196 0.003190
1.006 3.420318 0.002718
1.007 3.418441 0.002245
1.008 3.416563 0.001773
1.009 3.415271 0.001642
1.010 3.413991 0.001519
1.011 3.412711 0.001396
1.012 3.411431 0.001272
1.013 3.410151 0.001149
1.014 3.408871 0.001026
1.015 3.407645 0.000944
1.016 3.406444 0.000882
1.017 3.405243 0.000819
1.018 3.404042 0.000756
1.019 3.402841 0.000694
1.020 3.401639 0.000631
1.021 3.400486 0.000577
1.022 3.399434 0.000540
1.023 3.398383 0.000504
1.024 3.397331 0.000467
1.025 3.396280 0.000431
1.026 3.395228 0.000394
1.027 3.394177 0.000358
1.028 3.393251 0.000346
1.029 3.392344 0.000338
1.030 3.391437 0.000330
1.031 3.390530 0.000322
1.032 3.389623 0.000314
1.033 3.388716 0.000306
1.034 3.387816 0.000291
1.035 3.386931 0.000265
1.036 3.386045 0.000238
1.037 3.385160 0.000212
1.038 3.384275 0.000185
1.039 3.383389 0.000159
1.040 3.382504 0.000132
1.041 3.381708 0.000118
1.042 3.380948 0.000108
1.043 3.380187 0.000099
1.044 3.379427 0.000089
1.045 3.378666 0.000080
1.046 3.377906 0.000070
1.047 3.377146 0.000061
1.048 3.376397 0.000058
1.049 3.375649 0.000054
1.050 3.374901 0.000051
1.051 3.374153 0.000048
1.052 3.373405 0.000044
1.053 3.372657 0.000041
1.054 3.371925 0.000038
1.055 3.371247 0.000036
1.056 3.370570 0.000034
1.057 3.369892 0.000032
1.058 3.369214 0.000030
1.059 3.368536 0.000028
1.060 3.367859 0.000026
1.061 3.367197 0.000024
1.062 3.366566 0.000023
1.063 3.365935 0.000022
1.064 3.365304 0.000020
1.065 3.364672 0.000019
1.066 3.364041 0.000018
1.067 3.363410 0.000017
1.068 3.362784 0.000016
1.069 3.362168 0.000015
1.070 3.361552 0.000014
1.071 3.360936 0.000013
1.072 3.360320 0.000012
1.073 3.359704 0.000011
1.074 3.359088 0.000010
1.075 3.358490 0.000009
1.076 3.357929 0.000008
1.077 3.357368 0.000008
1.078 3.356807 0.000007
1.079 3.356246 0.000007
1.080 3.355685 0.000007
1.081 3.355125 0.000006
1.082 3.354564 0.000006
1.083 3.354007 0.000005
1.084 3.353450 0.000005
1.085 3.352893 0.000005
1.086 3.352336 0.000004
1.087 3.351779 0.000004
1.088 3.351222 0.000004
1.089 3.350664 0.000003
1.090 3.350149 0.000003
1.091 3.349638 0.000003
1.092 3.349126 0.000003
1.093 3.348614 0.000002
1.094 3.348103 0.000002
1.095 3.347591 0.000002
1.096 3.347079 0.000002
1.097 3.346579 0.000002
1.098 3.346088 0.000002
1.099 3.345596 0.000002
1.100 3.345105 0.000001
1.101 3.344613 0.000001
1.102 3.344122 0.000001
1.103 3.343630 0.000001
1.104 3.343140 0.000001
1.105 3.342664 0.000001
1.106 3.342187 0.000001
1.107 3.341711 0.000001
1.108 3.341234 0.000001
1.109 3.340758 0.000001
1.110 3.340281 0.000001
1.111 3.339805 0.000001
1.112 3.339350 0.000000
1.113 3.338911 0.000000
1.114 3.338472 0.000000
1.115 3.338032 0.000000
1.116 3.337593 0.000000
1.117 3.337154 0.000000
1.118 3.336715 0.000000
1.119 3.336276 0.000000
1.120 3.335839 0.000000
1.121 3.335402 0.000000
1.122 3.334965 0.000000
1.123 3.334528 0.000000
1.124 3.334090 0.000000
1.125 3.333653 0.000000
1.126 3.333216 0.000000
1.127 3.332785 0.000000
1.128 3.332379 0.000000
1.129 3.331973 0.000000
1.130 3.331567 0.000000
1.131 3.331161 0.000000
1.132 3.330755 0.000000
1.133 3.330349 0.000000
1.134 3.329944 0.000000
1.135 3.329540 0.000000
1.136 3.329143 0.000000
1.137 3.328746 0.000000
1.138 3.328349 0.000000
1.139 3.327952 0.000000
1.140 3.327555 0.000000
1.141 3.327158 0.000000
1.142 3.326760 0.000000
1.143 3.326368 0.000000
1.144 3.325984 0.000000
1.145 3.325600 0.000000
1.146 3.325216 0.000000
1.147 3.324832 0.000000
1.148 3.324448 0.000000
1.149 3.324064 0.000000
1.150 3.323680 0.000000
1.151 3.323301 0.000000
1.152 3.322940 0.000000
1.153 3.322580 0.000000
1.154 3.322219 0.000000
1.155 3.321858 0.000000
1.156 3.321498 0.000000
1.157 3.321137 0.000000
1.158 3.320776 0.000000
1.159 3.320416 0.000000
1.160 3.320056 0.000000
1.161 3.319696 0.000000
1.162 3.319337 0.000000
1.163 3.318977 0.000000
1.164 3.318617 0.000000
1.165 3.318258 0.000000
1.166 3.317898 0.000000
1.167 3.317538 0.000000
1.168 3.317197 0.000000
1.169 3.316864 0.000000
1.170 3.316530 0.000000
1.171 3.316197 0.000000
1.172 3.315863 0.000000
1.173 3.315530 0.000000
1.174 3.315196 0.000000
1.175 3.314863 0.000000
1.176 3.314530 0.000000
1.177 3.314200 0.000000
1.178 3.313871 0.000000
1.179 3.313541 0.000000
1.180 3.313211 0.000000
1.181 3.312881 0.000000
1.182 3.312552 0.000000
1.183 3.312222 0.000000
1.184 3.311892 0.000000
1.185 3.311573 0.000000
1.186 3.311258 0.000000
1.187 3.310944 0.000000
1.188 3.310629 0.000000
1.189 3.310314 0.000000
1.190 3.309999 0.000000
1.191 3.309685 0.000000
1.192 3.309370 0.000000
1.193 3.309055 0.000000
1.194 3.308759 0.000000
1.195 3.308464 0.000000
1.196 3.308168 0.000000
1.197 3.307872 0.000000
1.198 3.307576 0.000000
1.199 3.307281 0.000000
1.200 3.306985 0.000000
1.201 3.306689 0.000000
1.202 3.306394 0.000000
1.203 3.306099 0.000000
1.204 3.305805 0.000000
1.205 3.305511 0.000000
1.206 3.305217 0.000000
1.207 3.304923 0.000000
1.208 3.304629 0.000000
1.209 3.304335 0.000000
1.210 3.304041 0.000000
1.211 3.303751 0.000000
1.212 3.303475 0.000000
1.213 3.303200 0.000000
1.214 3.302924 0.000000
1.215 3.302648 0.000000
1.216 3.302372 0.000000
1.217 3.302096 0.000000
1.218 3.301821 0.000000
1.219 3.301545 0.000000
1.220 3.301269 0.000000
1.221 3.300995 0.000000
1.222 3.300721 0.000000
1.223 3.300447 0.000000
1.224 3.300173 0.000000
1.225 3.299899 0.000000
1.226 3.299625 0.000000
1.227 3.299351 0.000000
1.228 3.299077 0.000000
1.229 3.298803 0.000000
1.230 3.298539 0.000000
1.231 3.298276 0.000000
1.232 3.298012 0.000000
1.233 3.297749 0.000000
1.234 3.297486 0.000000
1.235 3.297223 0.000000
1.236 3.296959 0.000000
1.237 3.296696 0.000000
1.238 3.296433 0.000000
1.239 3.296175 0.000000
1.240 3.295921 0.000000
1.241 3.295668 0.000000
1.242 3.295414 0.000000
1.243 3.295161 0.000000
1.244 3.294907 0.000000
1.245 3.294654 0.000000
1.246 3.294400 0.000000
1.247 3.294146 0.000000
1.248 3.293893 0.000000
1.249 3.293642 0.000000
1.250 3.293391 0.000000
1.251 3.293140 0.000000
1.252 3.292889 0.000000
1.253 3.292638 0.000000
1.254 3.292387 0.000000
1.255 3.292136 0.000000
1.256 3.291885 0.000000
1.257 3.291634 0.000000
1.258 3.291389 0.000000
1.259 3.291154 0.000000
1.260 3.290919 0.000000
1.261 3.290684 0.000000
1.262 3.290449 0.000000
1.263 3.290214 0.000000
1.264 3.289978 0.000000
1.265 3.289743 0.000000
1.266 3.289508 0.000000
1.267 3.289273 0.000000
1.268 3.289038 0.000000
1.269 3.288804 0.000000
1.270 3.288570 0.000000
1.271 3.288336 0.000000
1.272 3.288102 0.000000
1.273 3.287868 0.000000
1.274 3.287634 0.000000
1.275 3.287400 0.000000
1.276 3.287165 0.000000
1.277 3.286931 0.000000
1.278 3.286706 0.000000
1.279 3.286487 0.000000
1.280 3.286267 0.000000
1.281 3.286048 0.000000
1.282 3.285829 0.000000
1.283 3.285609 0.000000
1.284 3.285390 0.000000
1.285 3.285170 0.000000
1.286 3.284951 0.000000
1.287 3.284731 0.000000
1.288 3.284517 0.000000
1.289 3.284306 0.000000
1.290 3.284096 0.000000
1.291 3.283886 0.000000
1.292 3.283676 0.000000
1.293 3.283466 0.000000
1.294 3.283256 0.000000
1.295 3.283046 0.000000
1.296 3.282836 0.000000
1.297 3.282626 0.000000
1.298 3.282416 0.000000
1.299 3.282208 0.000000
1.300 3.282001 0.000000
1.301 3.281793 0.000000
1.302 3.281586 0.000000
1.303 3.281378 0.000000
1.304 3.281170 0.000000
1.305 3.280963 0.000000
1.306 3.280755 0.000000
1.307 3.280548 0.000000
1.308 3.280340 0.000000
1.309 3.280140 0.000000
1.310 3.279942 0.000000
1.311 3.279744 0.000000
1.312 3.279546 0.000000
1.313 3.279348 0.000000
1.314 3.279150 0.000000
1.315 3.278952 0.000000
1.316 3.278754 0.000000
1.317 3.278556 0.000000
1.318 3.278358 0.000000
1.319 3.278160 0.000000
1.320 3.277963 0.000000
1.321 3.277765 0.000000
1.322 3.277567 0.000000
1.323 3.277370 0.000000
1.324 3.277172 0.000000
1.325 3.276974 0.000000
1.326 3.276777 0.000000
1.327 3.276579 0.000000
1.328 3.276381 0.000000
1.329 3.276184 0.000000
1.330 3.275991 0.000000
1.331 3.275805 0.000000
1.332 3.275619 0.000000
1.333 3.275434 0.000000
1.334 3.275248 0.000000
1.335 3.275062 0.000000
1.336 3.274877 0.000000
1.337 3.274691 0.000000
1.338 3.274506 0.000000
1.339 3.274320 0.000000
1.340 3.274134 0.000000
1.341 3.273951 0.000000
1.342 3.273770 0.000000
1.343 3.273590 0.000000
1.344 3.273410 0.000000
1.345 3.273229 0.000000
1.346 3.273049 0.000000
1.347 3.272868 0.000000
1.348 3.272688 0.000000
1.349 3.272508 0.000000
1.350 3.272327 0.000000
1.351 3.272147 0.000000
1.352 3.271967 0.000000
1.353 3.271791 0.000000
1.354 3.271615 0.000000
1.355 3.271439 0.000000
1.356 3.271263 0.000000
1.357 3.271087 0.000000
1.358 3.270911 0.000000
1.359 3.270735 0.000000
1.360 3.270559 0.000000
1.361 3.270383 0.000000
1.362 3.270207 0.000000
1.363 3.270030 0.000000
1.364 3.269864 0.000000
1.365 3.269699 0.000000
1.366 3.269534 0.000000
1.367 3.269369 0.000000
1.368 3.269205 0.000000
1.369 3.269040 0.000000
1.370 3.268875 0.000000
1.371 3.268710 0.000000
1.372 3.268545 0.000000
1.373 3.268380 0.000000
1.374 3.268215 0.000000
1.375 3.268050 0.000000
1.376 3.267885 0.000000
1.377 3.267721 0.000000
1.378 3.267556 0.000000
1.379 3.267392 0.000000
1.380 3.267227 0.000000
1.381 3.267063 0.000000
1.382 3.266898 0.000000
1.383 3.266734 0.000000
1.384 3.266569 0.000000
1.385 3.266405 0.000000
1.386 3.266240 0.000000
1.387 3.266081 0.000000
1.388 3.265926 0.000000
1.389 3.265770 0.000000
1.390 3.265614 0.000000
1.391 3.265458 0.000000
1.392 3.265302 0.000000
1.393 3.265146 0.000000
1.394 3.264990 0.000000
1.395 3.264835 0.000000
1.396 3.264679 0.000000
1.397 3.264523 0.000000
1.398 3.264367 0.000000
1.399 3.264213 0.000000
1.400 3.264059 0.000000
1.401 3.263906 0.000000
1.402 3.263752 0.000000
1.403 3.263599 0.000000
1.404 3.263446 0.000000
1.405 3.263292 0.000000
1.406 3.263139 0.000000
1.407 3.262985 0.000000
1.408 3.262832 0.000000
1.409 3.262678 0.000000
1.410 3.262525 0.000000
1.411 3.262374 0.000000
1.412 3.262226 0.000000
1.413 3.262078 0.000000
1.414 3.261929 0.000000
1.415 3.261781 0.000000
1.416 3.261633 0.000000
1.417 3.261484 0.000000
1.418 3.261336 0.000000
1.419 3.261187 0.000000
1.420 3.261039 0.000000
1.421 3.260891 0.000000
1.422 3.260742 0.000000
1.423 3.260596 0.000000
1.424 3.260457 0.000000
1.425 3.260317 0.000000
1.426 3.260178 0.000000
1.427 3.260039 0.000000
1.428 3.259900 0.000000
1.429 3.259760 0.000000
1.430 3.259621 0.000000
1.431 3.259482 0.000000
1.432 3.259342 0.000000
1.433 3.259203 0.000000
1.434 3.259064 0.000000
1.435 3.258924 0.000000
1.436 3.258785 0.000000
1.437 3.258646 0.000000
1.438 3.258508 0.000000
1.439 3.258369 0.000000
1.440 3.258230 0.000000
1.441 3.258091 0.000000
1.442 3.257952 0.000000
1.443 3.257813 0.000000
1.444 3.257674 0.000000
1.445 3.257535 0.000000
1.446 3.257396 0.000000
1.447 3.257257 0.000000
1.448 3.257118 0.000000
1.449 3.256987 0.000000
1.450 3.256857 0.000000
1.451 3.256726 0.000000
1.452 3.256596 0.000000
1.453 3.256465 0.000000
1.454 3.256335 0.000000
1.455 3.256205 0.000000
1.456 3.256074 0.000000
1.457 3.255944 0.000000
1.458 3.255814 0.000000
1.459 3.255683 0.000000
1.460 3.255553 0.000000
1.461 3.255422 0.000000
1.462 3.255293 0.000000
1.463 3.255164 0.000000
1.464 3.255035 0.000000
1.465 3.254906 0.000000
1.466 3.254777 0.000000
1.467 3.254647 0.000000
1.468 3.254518 0.000000
1.469 3.254389 0.000000
1.470 3.254260 0.000000
1.471 3.254131 0.000000
1.472 3.254002 0.000000
1.473 3.253873 0.000000
1.474 3.253743 0.000000
1.475 3.253617 0.000000
1.476 3.253492 0.000000
1.477 3.253367 0.000000
1.478 3.253242 0.000000
1.479 3.253117 0.000000
1.480 3.252992 0.000000
1.481 3.252867 0.000000
1.482 3.252741 0.000000
1.483 3.252616 0.000000
1.484 3.252491 0.000000
1.485 3.252366 0.000000
1.486 3.252241 0.000000
1.487 3.252116 0.000000
1.488 3.251992 0.000000
1.489 3.251872 0.000000
1.490 3.251752 0.000000
1.491 3.251632 0.000000
1.492 3.251512 0.000000
1.493 3.251392 0.000000
1.494 3.251272 0.000000
1.495 3.251152 0.000000
1.496 3.251032 0.000000
1.497 3.250912 0.000000
1.498 3.250792 0.000000
1.499 3.250672 0.000000
1.500 3.250552 0.000000
1.501 3.250432 0.000000
1.502 3.250312 0.000000
1.503 3.250193 0.000000
1.504 3.250073 0.000000
1.505 3.249954 0.000000
1.506 3.249835 0.000000
1.507 3.249715 0.000000
1.508 3.249596 0.000000
1.509 3.249476 0.000000
1.510 3.249357 0.000000
1.511 3.249237 0.000000
1.512 3.249118 0.000000
1.513 3.248999 0.000000
1.514 3.248879 0.000000
1.515 3.248760 0.000000
1.516 3.248643 0.000000
1.517 3.248532 0.000000
1.518 3.248420 0.000000
1.519 3.248308 0.000000
1.520 3.248197 0.000000
1.521 3.248085 0.000000
1.522 3.247974 0.000000
1.523 3.247862 0.000000
1.524 3.247750 0.000000
1.525 3.247639 0.000000
1.526 3.247527 0.000000
1.527 3.247416 0.000000
1.528 3.247304 0.000000
1.529 3.247192 0.000000
1.530 3.247081 0.000000
1.531 3.246970 0.000000
1.532 3.246859 0.000000
1.533 3.246748 0.000000
1.534 3.246637 0.000000
1.535 3.246526 0.000000
1.536 3.246415 0.000000
1.537 3.246304 0.000000
1.538 3.246193 0.000000
1.539 3.246082 0.000000
1.540 3.245971 0.000000
1.541 3.245860 0.000000
1.542 3.245749 0.000000
1.543 3.245638 0.000000
1.544 3.245527 0.000000
1.545 3.245420 0.000000
1.546 3.245315 0.000000
1.547 3.245211 0.000000
1.548 3.245106 0.000000
1.549 3.245001 0.000000
1.550 3.244897 0.000000
1.551 3.244792 0.000000
1.552 3.244687 0.000000
1.553 3.244583 0.000000
1.554 3.244478 0.000000
1.555 3.244373 0.000000
1.556 3.244269 0.000000
1.557 3.244164 0.000000
1.558 3.244059 0.000000
1.559 3.243955 0.000000
1.560 3.243854 0.000000
1.561 3.243755 0.000000
1.562 3.243656 0.000000
1.563 3.243557 0.000000
1.564 3.243458 0.000000
1.565 3.243359 0.000000
1.566 3.243260 0.000000
1.567 3.243161 0.000000
1.568 3.243062 0.000000
1.569 3.242963 0.000000
1.570 3.242864 0.000000
1.571 3.242765 0.000000
1.572 3.242666 0.000000
1.573 3.242567 0.000000
1.574 3.242468 0.000000
1.575 3.242369 0.000000
1.576 3.242271 0.000000
1.577 3.242172 0.000000
1.578 3.242074 0.000000
1.579 3.241976 0.000000
1.580 3.241877 0.000000
1.581 3.241779 0.000000
1.582 3.241680 0.000000
1.583 3.241582 0.000000
1.584 3.241484 0.000000
1.585 3.241385 0.000000
1.586 3.241287 0.000000
1.587 3.241188 0.000000
1.588 3.241090 0.000000
1.589 3.240992 0.000000
1.590 3.240894 0.000000
1.591 3.240799 0.000000
1.592 3.240705 0.000000
1.593 3.240610 0.000000
1.594 3.240516 0.000000
1.595 3.240421 0.000000
1.596 3.240326 0.000000
1.597 3.240232 0.000000
1.598 3.240137 0.000000
1.599 3.240042 0.000000
1.600 3.239948 0.000000
1.601 3.239853 0.000000
1.602 3.239758 0.000000
1.603 3.239664 0.000000
1.604 3.239569 0.000000
1.605 3.239474 0.000000
1.606 3.239380 0.000000
1.607 3.239285 0.000000
1.608 3.239191 0.000000
1.609 3.239096 0.000000
1.610 3.239002 0.000000
1.611 3.238907 0.000000
1.612 3.238813 0.000000
1.613 3.238718 0.000000
1.614 3.238624 0.000000
1.615 3.238529 0.000000
1.616 3.238435 0.000000
1.617 3.238340 0.000000
1.618 3.238246 0.000000
1.619 3.238151 0.000000
1.620 3.238057 0.000000
1.621 3.237962 0.000000
1.622 3.237871 0.000000
1.623 3.237783 0.000000
1.624 3.237695 0.000000
1.625 3.237607 0.000000
1.626 3.237519 0.000000
1.627 3.237431 0.000000
1.628 3.237343 0.000000
1.629 3.237255 0.000000
1.630 3.237167 0.000000
1.631 3.237079 0.000000
1.632 3.236991 0.000000
1.633 3.236903 0.000000
1.634 3.236815 0.000000
1.635 3.236727 0.000000
1.636 3.236639 0.000000
1.637 3.236551 0.000000
1.638 3.236464 0.000000
1.639 3.236380 0.000000
1.640 3.236296 0.000000
1.641 3.236212 0.000000
1.642 3.236128 0.000000
1.643 3.236044 0.000000
1.644 3.235960 0.000000
1.645 3.235876 0.000000
1.646 3.235792 0.000000
1.647 3.235709 0.000000
1.648 3.235625 0.000000
1.649 3.235541 0.000000
1.650 3.235457 0.000000
1.651 3.235373 0.000000
1.652 3.235289 0.000000
1.653 3.235205 0.000000
1.654 3.235121 0.000000
1.655 3.235038 0.000000
1.656 3.234955 0.000000
1.657 3.234872 0.000000
1.658 3.234790 0.000000
1.659 3.234707 0.000000
1.660 3.234624 0.000000
1.661 3.234542 0.000000
1.662 3.234459 0.000000
1.663 3.234376 0.000000
1.664 3.234294 0.000000
1.665 3.234211 0.000000
1.666 3.234128 0.000000
1.667 3.234046 0.000000
1.668 3.233963 0.000000
1.669 3.233880 0.000000
1.670 3.233798 0.000000
1.671 3.233715 0.000000
1.672 3.233635 0.000000
1.673 3.233557 0.000000
1.674 3.233480 0.000000
1.675 3.233402 0.000000
1.676 3.233324 0.000000
1.677 3.233247 0.000000
1.678 3.233169 0.000000
1.679 3.233091 0.000000
1.680 3.233014 0.000000
1.681 3.232936 0.000000
1.682 3.232858 0.000000
1.683 3.232781 0.000000
1.684 3.232703 0.000000
1.685 3.232626 0.000000
1.686 3.232548 0.000000
1.687 3.232470 0.000000
1.688 3.232393 0.000000
1.689 3.232315 0.000000
1.690 3.232237 0.000000
1.691 3.232160 0.000000
1.692 3.232082 0.000000
1.693 3.232005 0.000000
1.694 3.231927 0.000000
1.695 3.231850 0.000000
1.696 3.231772 0.000000
1.697 3.231694 0.000000
1.698 3.231617 0.000000
1.699 3.231539 0.000000
1.700 3.231462 0.000000
1.701 3.231384 0.000000
1.702 3.231307 0.000000
1.703 3.231229 0.000000
1.704 3.231152 0.000000
1.705 3.231074 0.000000
1.706 3.230997 0.000000
1.707 3.230921 0.000000
1.708 3.230848 0.000000
1.709 3.230775 0.000000
1.710 3.230702 0.000000
1.711 3.230629 0.000000
1.712 3.230556 0.000000
1.713 3.230483 0.000000
1.714 3.230410 0.000000
1.715 3.230337 0.000000
1.716 3.230265 0.000000
1.717 3.230192 0.000000
1.718 3.230119 0.000000
1.719 3.230046 0.000000
1.720 3.229973 0.000000
1.721 3.229900 0.000000
1.722 3.229827 0.000000
1.723 3.229754 0.000000
1.724 3.229681 0.000000
1.725 3.229609 0.000000
1.726 3.229538 0.000000
1.727 3.229467 0.000000
1.728 3.229396 0.000000
1.729 3.229325 0.000000
1.730 3.229254 0.000000
1.731 3.229183 0.000000
1.732 3.229112 0.000000
1.733 3.229041 0.000000
1.734 3.228970 0.000000
1.735 3.228899 0.000000
1.736 3.228828 0.000000
1.737 3.228757 0.000000
1.738 3.228686 0.000000
1.739 3.228615 0.000000
1.740 3.228544 0.000000
1.741 3.228473 0.000000
1.742 3.228402 0.000000
1.743 3.228331 0.000000
1.744 3.228261 0.000000
1.745 3.228192 0.000000
1.746 3.228123 0.000000
1.747 3.228054 0.000000
1.748 3.227984 0.000000
1.749 3.227915 0.000000
1.750 3.227846 0.000000
1.751 3.227776 0.000000
1.752 3.227707 0.000000
1.753 3.227638 0.000000
1.754 3.227569 0.000000
1.755 3.227499 0.000000
1.756 3.227430 0.000000
1.757 3.227361 0.000000
1.758 3.227291 0.000000
1.759 3.227222 0.000000
1.760 3.227153 0.000000
1.761 3.227083 0.000000
1.762 3.227014 0.000000
1.763 3.226949 0.000000
1.764 3.226884 0.000000
1.765 3.226819 0.000000
1.766 3.226754 0.000000
1.767 3.226690 0.000000
1.768 3.226625 0.000000
1.769 3.226560 0.000000
1.770 3.226495 0.000000
1.771 3.226430 0.000000
1.772 3.226365 0.000000
1.773 3.226301 0.000000
1.774 3.226236 0.000000
1.775 3.226171 0.000000
1.776 3.226106 0.000000
1.777 3.226041 0.000000
1.778 3.225976 0.000000
1.779 3.225912 0.000000
1.780 3.225847 0.000000
1.781 3.225782 0.000000
1.782 3.225717 0.000000
1.783 3.225652 0.000000
1.784 3.225588 0.000000
1.785 3.225523 0.000000
1.786 3.225458 0.000000
1.787 3.225394 0.000000
1.788 3.225329 0.000000
1.789 3.225264 0.000000
1.790 3.225200 0.000000
1.791 3.225135 0.000000
1.792 3.225070 0.000000
1.793 3.225005 0.000000
1.794 3.224941 0.000000
1.795 3.224876 0.000000
1.796 3.224811 0.000000
1.797 3.224747 0.000000
1.798 3.224682 0.000000
1.799 3.224617 0.000000
1.800 3.224552 0.000000
1.801 3.224488 0.000000
1.802 3.224427 0.000000
1.803 3.224367 0.000000
1.804 3.224307 0.000000
1.805 3.224246 0.000000
1.806 3.224186 0.000000
1.807 3.224126 0.000000
1.808 3.224066 0.000000
1.809 3.224006 0.000000
1.810 3.223946 0.000000
1.811 3.223886 0.000000
1.812 3.223825 0.000000
1.813 3.223765 0.000000
1.814 3.223705 0.000000
1.815 3.223645 0.000000
1.816 3.223585 0.000000
1.817 3.223525 0.000000
1.818 3.223465 0.000000
1.819 3.223405 0.000000
1.820 3.223344 0.000000
1.821 3.223284 0.000000
1.822 3.223225 0.000000
1.823 3.223166 0.000000
1.824 3.223107 0.000000
1.825 3.223048 0.000000
1.826 3.222989 0.000000
1.827 3.222930 0.000000
1.828 3.222872 0.000000
1.829 3.222813 0.000000
1.830 3.222754 0.000000
1.831 3.222695 0.000000
1.832 3.222636 0.000000
1.833 3.222577 0.000000
1.834 3.222518 0.000000
1.835 3.222459 0.000000
1.836 3.222400 0.000000
1.837 3.222342 0.000000
1.838 3.222283 0.000000
1.839 3.222224 0.000000
1.840 3.222165 0.000000
1.841 3.222106 0.000000
1.842 3.222047 0.000000
1.843 3.221990 0.000000
1.844 3.221933 0.000000
1.845 3.221876 0.000000
1.846 3.221819 0.000000
1.847 3.221762 0.000000
1.848 3.221705 0.000000
1.849 3.221648 0.000000
1.850 3.221591 0.000000
1.851 3.221534 0.000000
1.852 3.221477 0.000000
1.853 3.221419 0.000000
1.854 3.221362 0.000000
1.855 3.221305 0.000000
1.856 3.221248 0.000000
1.857 3.221191 0.000000
1.858 3.221134 0.000000
1.859 3.221077 0.000000
1.860 3.221020 0.000000
1.861 3.220963 0.000000
1.862 3.220906 0.000000
1.863 3.220849 0.000000
1.864 3.220795 0.000000
1.865 3.220741 0.000000
1.866 3.220688 0.000000
1.867 3.220634 0.000000
1.868 3.220580 0.000000
1.869 3.220527 0.000000
1.870 3.220473 0.000000
1.871 3.220419 0.000000
1.872 3.220366 0.000000
1.873 3.220312 0.000000
1.874 3.220258 0.000000
1.875 3.220205 0.000000
1.876 3.220151 0.000000
1.877 3.220097 0.000000
1.878 3.220044 0.000000
1.879 3.219990 0.000000
1.880 3.219936 0.000000
1.881 3.219883 0.000000
1.882 3.219829 0.000000
1.883 3.219775 0.000000
1.884 3.219722 0.000000
1.885 3.219668 0.000000
1.886 3.219614 0.000000
1.887 3.219561 0.000000
1.888 3.219507 0.000000
1.889 3.219454 0.000000
1.890 3.219400 0.000000
1.891 3.219347 0.000000
1.892 3.219293 0.000000
1.893 3.219239 0.000000
1.894 3.219186 0.000000
1.895 3.219132 0.000000
1.896 3.219079 0.000000
1.897 3.219025 0.000000
1.898 3.218972 0.000000
1.899 3.218918 0.000000
1.900 3.218865 0.000000
1.901 3.218811 0.000000
1.902 3.218757 0.000000
1.903 3.218704 0.000000
1.904 3.218650 0.000000
1.905 3.218597 0.000000
1.906 3.218543 0.000000
1.907 3.218490 0.000000
1.908 3.218441 0.000000
1.909 3.218392 0.000000
1.910 3.218342 0.000000
1.911 3.218293 0.000000
1.912 3.218244 0.000000
1.913 3.218194 0.000000
1.914 3.218145 0.000000
1.915 3.218096 0.000000
1.916 3.218046 0.000000
1.917 3.217997 0.000000
1.918 3.217948 0.000000
1.919 3.217899 0.000000
1.920 3.217849 0.000000
1.921 3.217800 0.000000
1.922 3.217751 0.000000
1.923 3.217701 0.000000
1.924 3.217652 0.000000
1.925 3.217603 0.000000
1.926 3.217553 0.000000
1.927 3.217504 0.000000
1.928 3.217455 0.000000
1.929 3.217405 0.000000
1.930 3.217356 0.000000
1.931 3.217308 0.000000
1.932 3.217259 0.000000
1.933 3.217210 0.000000
1.934 3.217161 0.000000
1.935 3.217113 0.000000
1.936 3.217064 0.000000
1.937 3.217015 0.000000
1.938 3.216967 0.000000
1.939 3.216918 0.000000
1.940 3.216869 0.000000
1.941 3.216820 0.000000
1.942 3.216772 0.000000
1.943 3.216723 0.000000
1.944 3.216674 0.000000
1.945 3.216625 0.000000
1.946 3.216577 0.000000
1.947 3.216528 0.000000
1.948 3.216479 0.000000
1.949 3.216431 0.000000
1.950 3.216382 0.000000