0.253 2.274449 3.356302
0.254 2.331388 3.362881
0.255 2.387984 3.370260
0.256 2.445399 3.375914
0.257 2.505056 3.381476
0.258 2.566838 3.386914
0.259 2.632176 3.390471
0.260 2.703532 3.391387
0.261 2.776066 3.386701
0.262 2.851058 3.375078
0.263 2.927781 3.356723
0.264 3.006378 3.330980
0.265 3.081382 3.297115
0.266 3.151476 3.255537
0.267 3.219693 3.208371
0.268 3.279031 3.154581
0.269 3.333488 3.098095
0.270 3.379772 3.038540
0.271 3.419546 2.976986
0.272 3.453633 2.916863
0.273 3.480411 2.857104
0.274 3.502050 2.798179
0.275 3.520241 2.739380
0.276 3.535050 2.685945
0.277 3.545047 2.632358
0.278 3.551046 2.580583
0.279 3.557107 2.533553
0.280 3.558833 2.486500
0.281 3.559892 2.442369
0.282 3.559544 2.400956
0.283 3.556554 2.360508
0.284 3.554253 2.321878
0.285 3.549884 2.286290
0.286 3.543952 2.250103
0.287 3.537531 2.217315
0.288 3.531162 2.185833
0.289 3.521338 2.155735
0.290 3.512557 2.128022
0.291 3.505178 2.100846
0.292 3.495392 2.073910
0.293 3.484635 2.050432
0.294 3.473606 2.028311
0.295 3.463464 2.006812
0.296 3.453338 1.987535
0.297 3.441325 1.969659
0.298 3.430655 1.953252
0.299 3.418373 1.935860
0.300 3.408932 1.920692
0.301 3.397477 1.906551
0.302 3.387534 1.894186
0.303 3.376556 1.881505
0.304 3.366711 1.871773
0.305 3.356384 1.862226
0.306 3.348744 1.853196
0.307 3.338458 1.844024
0.308 3.329446 1.835503
0.309 3.320601 1.827221
0.310 3.310953 1.822460
0.311 3.303061 1.815706
0.312 3.296005 1.811012
0.313 3.289414 1.805348
0.314 3.280961 1.800598
0.315 3.275274 1.797009
0.316 3.267861 1.794055
0.317 3.262902 1.789659
0.318 3.257047 1.788110
0.319 3.251931 1.785769
0.320 3.246352 1.783450
0.321 3.241681 1.781999
0.322 3.235795 1.781574
0.323 3.232920 1.779153
0.324 3.228184 1.778810
0.325 3.224413 1.779202
0.326 3.222105 1.779628
0.327 3.219276 1.779880
0.328 3.214609 1.777652
0.329 3.212239 1.777898
0.330 3.210526 1.778552
0.331 3.208703 1.779748
0.332 3.207468 1.780629
0.333 3.205988 1.781827
0.334 3.204687 1.782659
0.335 3.203623 1.784016
0.336 3.202301 1.785252
0.337 3.201341 1.788420
0.338 3.200289 1.791690
0.339 3.199684 1.793034
0.340 3.199103 1.794643
0.341 3.198948 1.796404
0.342 3.201574 1.798080
0.343 3.201267 1.802302
0.344 3.201011 1.805203
0.345 3.204080 1.807149
0.346 3.204528 1.809104
0.347 3.204463 1.812467
0.348 3.206848 1.816762
0.349 3.208476 1.819145
0.350 3.211009 1.822041
0.351 3.213054 1.827000
0.352 3.216096 1.830036
0.353 3.217808 1.832249
0.354 3.220920 1.837702
0.355 3.223339 1.841181
0.356 3.226558 1.844705
0.357 3.230398 1.850064
0.358 3.233121 1.853134
0.359 3.235665 1.857060
0.360 3.240739 1.862518
0.361 3.244654 1.865321
0.362 3.249375 1.871281
0.363 3.253388 1.875474
0.364 3.258438 1.881046
0.365 3.264556 1.885401
0.366 3.269424 1.891562
0.367 3.274614 1.896123
0.368 3.280385 1.901507
0.369 3.288388 1.908033
0.370 3.293641 1.913399
0.371 3.300820 1.918453
0.372 3.308295 1.925309
0.373 3.314351 1.931175
0.374 3.322209 1.937746
0.375 3.331243 1.944340
0.376 3.342410 1.950908
0.377 3.352976 1.957767
0.378 3.362219 1.964253
0.379 3.374202 1.970763
0.380 3.387021 1.977095
0.381 3.400814 1.984201
0.382 3.412982 1.989127
0.383 3.428435 1.993074
0.384 3.444014 1.997019
0.385 3.460382 1.998183
0.386 3.479031 1.999573
0.387 3.495327 1.998519
0.388 3.510286 1.997113
0.389 3.523329 1.994186
0.390 3.536785 1.990776
0.391 3.549969 1.987622
0.392 3.560698 1.984190
0.393 3.568678 1.980264
0.394 3.576577 1.978628
0.395 3.583678 1.975239
0.396 3.592237 1.976304
0.397 3.599039 1.978424
0.398 3.605875 1.980708
0.399 3.613091 1.986058
0.400 3.620706 1.992139
0.401 3.629493 1.999051
0.402 3.641647 2.008422
0.403 3.654101 2.017100
0.404 3.669024 2.028338
0.405 3.684841 2.039836
0.406 3.704712 2.049214
0.407 3.726715 2.057989
0.408 3.750903 2.068261
0.409 3.775919 2.077655
0.410 3.806124 2.085002
0.411 3.837701 2.090926
0.412 3.870163 2.094523
0.413 3.904983 2.094567
0.414 3.938812 2.092635
0.415 3.972606 2.088382
0.416 4.006285 2.082508
0.417 4.039725 2.075576
0.418 4.072987 2.066423
0.419 4.105789 2.055651
0.420 4.138114 2.043577
0.421 4.170024 2.029849
0.422 4.202090 2.014016
0.423 4.235077 1.997323
0.424 4.267838 1.978964
0.425 4.299919 1.958489
0.426 4.331820 1.934504
0.427 4.362578 1.908503
0.428 4.391635 1.879974
0.429 4.420021 1.849364
0.430 4.447307 1.816872
0.431 4.470893 1.781419
0.432 4.492910 1.745227
0.433 4.512128 1.707280
0.434 4.528564 1.668330
0.435 4.541044 1.629179
0.436 4.550110 1.589671
0.437 4.557686 1.550134
0.438 4.561114 1.511974
0.439 4.562234 1.475237
0.440 4.561577 1.439349
0.441 4.558319 1.405139
0.442 4.554259 1.373062
0.443 4.548535 1.341274
0.444 4.540855 1.310563
0.445 4.533675 1.281041
0.446 4.527672 1.253283
0.447 4.519279 1.227621
0.448 4.510019 1.202382
0.449 4.500765 1.179110
0.450 4.490810 1.157511
0.451 4.479743 1.136315
0.452 4.468344 1.115477
0.453 4.458489 1.095491
0.454 4.448593 1.077855
0.455 4.438869 1.061039
0.456 4.429289 1.044395
0.457 4.419732 1.027870
0.458 4.409972 1.012427
0.459 4.400602 0.996622
0.460 4.390851 0.981977
0.461 4.381428 0.969275
0.462 4.371913 0.956323
0.463 4.362350 0.943586
0.464 4.353083 0.931472
0.465 4.343498 0.919503
0.466 4.336353 0.908255
0.467 4.328869 0.897243
0.468 4.320257 0.886759
0.469 4.310998 0.876652
0.470 4.301891 0.866388
0.471 4.293323 0.856974
0.472 4.286227 0.847585
0.473 4.279003 0.838676
0.474 4.270707 0.829955
0.475 4.262540 0.821443
0.476 4.255464 0.813073
0.477 4.248676 0.804973
0.478 4.240948 0.797083
0.479 4.234058 0.789512
0.480 4.227604 0.782077
0.481 4.219838 0.774718
0.482 4.212988 0.768007
0.483 4.207082 0.761006
0.484 4.200515 0.754392
0.485 4.194927 0.747581
0.486 4.187850 0.741369
0.487 4.180894 0.735173
0.488 4.175126 0.728989
0.489 4.169213 0.722932
0.490 4.163910 0.717109
0.491 4.158152 0.711563
0.492 4.152601 0.705694
0.493 4.147030 0.700212
0.494 4.141683 0.694969
0.495 4.136179 0.689573
0.496 4.131075 0.684379
0.497 4.125880 0.679384
0.498 4.120317 0.674389
0.499 4.115294 0.669215
0.500 4.110159 0.664085
0.501 4.104927 0.659258
0.502 4.099759 0.654689
0.503 4.096269 0.650276
0.504 4.092145 0.645531
0.505 4.086988 0.640854
0.506 4.082005 0.636351
0.507 4.076927 0.632114
0.508 4.072477 0.627699
0.509 4.067742 0.623575
0.510 4.063453 0.619356
0.511 4.060106 0.615104
0.512 4.055201 0.611153
0.513 4.051330 0.607200
0.514 4.047690 0.603097
0.515 4.043746 0.598944
0.516 4.039381 0.595068
0.517 4.035808 0.591344
0.518 4.032092 0.587689
0.519 4.027795 0.584060
0.520 4.023239 0.580432
0.521 4.018919 0.576824
0.522 4.015189 0.573259
0.523 4.011867 0.569723
0.524 4.008041 0.566195
0.525 4.004017 0.562670
0.526 4.000878 0.559181
0.527 3.997248 0.555734
0.528 3.993318 0.552300
0.529 3.990173 0.549118
0.530 3.987568 0.545941
0.531 3.984489 0.542629
0.532 3.980570 0.539382
0.533 3.976783 0.536392
0.534 3.974067 0.533136
0.535 3.970177 0.530083
0.536 3.966328 0.527030
0.537 3.963283 0.523933
0.538 3.960137 0.520907
0.539 3.956419 0.518032
0.540 3.952861 0.515241
0.541 3.951052 0.512279
0.542 3.948407 0.509329
0.543 3.944687 0.506565
0.544 3.941214 0.503790
0.545 3.938620 0.501097
0.546 3.936576 0.498488
0.547 3.933787 0.495657
0.548 3.929407 0.492747
0.549 3.926515 0.490237
0.550 3.924223 0.487567
0.551 3.921155 0.484908
0.552 3.916959 0.482516
0.553 3.914601 0.480134
0.554 3.912502 0.477357
0.555 3.909895 0.474889
0.556 3.906688 0.472491
0.557 3.903406 0.469985
0.558 3.901472 0.467389
0.559 3.899181 0.465084
0.560 3.896159 0.462813
0.561 3.892997 0.460553
0.562 3.890208 0.458227
0.563 3.888215 0.455555
0.564 3.886057 0.453260
0.565 3.882579 0.451035
0.566 3.879140 0.448829
0.567 3.877471 0.446628
0.568 3.875719 0.444426
0.569 3.873854 0.442239
0.570 3.871663 0.440070
0.571 3.869016 0.437917
0.572 3.865807 0.435770
0.573 3.863605 0.433623
0.574 3.861815 0.431485
0.575 3.859898 0.429405
0.576 3.856272 0.427594
0.577 3.853680 0.425647
0.578 3.851571 0.423612
0.579 3.849680 0.421516
0.580 3.847387 0.419435
0.581 3.844294 0.417371
0.582 3.841618 0.415315
0.583 3.839872 0.413282
0.584 3.838509 0.411630
0.585 3.836971 0.409717
0.586 3.834826 0.407685
0.587 3.831447 0.405668
0.588 3.829147 0.403872
0.589 3.827342 0.402058
0.590 3.825787 0.400236
0.591 3.823411 0.398632
0.592 3.820493 0.396762
0.593 3.817882 0.394904
0.594 3.816488 0.393323
0.595 3.815191 0.391456
0.596 3.813577 0.389672
0.597 3.811545 0.388032
0.598 3.808473 0.386345
0.599 3.806267 0.384587
0.600 3.804714 0.382813
0.601 3.803384 0.381256
0.602 3.801819 0.379700
0.603 3.799866 0.378068
0.604 3.796937 0.376169
0.605 3.794889 0.374551
0.606 3.793243 0.373022
0.607 3.791893 0.371492
0.608 3.789773 0.369969
0.609 3.787398 0.368452
0.610 3.784886 0.366943
0.611 3.783421 0.365140
0.612 3.782199 0.363458
0.613 3.780973 0.362211
0.614 3.779266 0.360721
0.615 3.777141 0.359174
0.616 3.774242 0.357638
0.617 3.772665 0.356107
0.618 3.771534 0.354640
0.619 3.770401 0.353397
0.620 3.768956 0.351994
0.621 3.767174 0.350515
0.622 3.764058 0.349053
0.623 3.762074 0.347584
0.624 3.760963 0.346111
0.625 3.759858 0.344642
0.626 3.758514 0.343298
0.627 3.756848 0.342121
0.628 3.754399 0.340697
0.629 3.752173 0.339253
0.630 3.751014 0.337881
0.631 3.749650 0.336618
0.632 3.748118 0.335399
0.633 3.745490 0.333946
0.634 3.743406 0.332544
0.635 3.742018 0.331206
0.636 3.741110 0.329984
0.637 3.740172 0.328761
0.638 3.738640 0.327419
0.639 3.736597 0.326167
0.640 3.734131 0.324989
0.641 3.732671 0.323656
0.642 3.731476 0.322359
0.643 3.730756 0.321223
0.644 3.729519 0.319942
0.645 3.727910 0.318557
0.646 3.725345 0.317441
0.647 3.723136 0.316359
0.648 3.722467 0.315300
0.649 3.721666 0.314204
0.650 3.720752 0.313077
0.651 3.719442 0.311797
0.652 3.717878 0.310522
0.653 3.715123 0.309470
0.654 3.713259 0.308422
0.655 3.712665 0.307379
0.656 3.711858 0.306171
0.657 3.710953 0.304886
0.658 3.709487 0.303764
0.659 3.707840 0.302666
0.660 3.705608 0.301631
0.661 3.704006 0.300599
0.662 3.703167 0.299573
0.663 3.702196 0.298333
0.664 3.701166 0.296998
0.665 3.699444 0.295948
0.666 3.697681 0.294924
0.667 3.696054 0.293904
0.668 3.694694 0.292909
0.669 3.693846 0.291964
0.670 3.692933 0.291112
0.671 3.691963 0.290338
0.672 3.690140 0.289391
0.673 3.688000 0.288380
0.674 3.686720 0.287372
0.675 3.685580 0.286364
0.676 3.685082 0.285363
0.677 3.684373 0.284363
0.678 3.682987 0.283365
0.679 3.681258 0.282366
0.680 3.678986 0.281367
0.681 3.677652 0.280369
0.682 3.677167 0.279373
0.683 3.676366 0.278382
0.684 3.675396 0.277392
0.685 3.674038 0.276630
0.686 3.672565 0.275934
0.687 3.670997 0.274982
0.688 3.669417 0.273994
0.689 3.668688 0.273009
0.690 3.667960 0.272029
0.691 3.666941 0.271133
0.692 3.665798 0.270255
0.693 3.663896 0.269479
0.694 3.662226 0.268663
0.695 3.661455 0.267685
0.696 3.660711 0.266781
0.697 3.660048 0.266088
0.698 3.659172 0.265322
0.699 3.657806 0.264386
0.700 3.656327 0.263522
0.701 3.654622 0.262798
0.702 3.653280 0.261987
0.703 3.652590 0.261018
0.704 3.651802 0.260151
0.705 3.650846 0.259460
0.706 3.649571 0.258771
0.707 3.647746 0.258084
0.708 3.646279 0.257300
0.709 3.645464 0.256339
0.710 3.644739 0.255468
0.711 3.644195 0.254778
0.712 3.643421 0.254089
0.713 3.642099 0.253400
0.714 3.640736 0.252682
0.715 3.639250 0.251877
0.716 3.637924 0.251075
0.717 3.637294 0.250289
0.718 3.636617 0.249509
0.719 3.635590 0.248771
0.720 3.634536 0.248034
0.721 3.632727 0.247346
0.722 3.630919 0.246657
0.723 3.630485 0.245970
0.724 3.630139 0.245284
0.725 3.629581 0.244597
0.726 3.628980 0.243910
0.727 3.628160 0.243222
0.728 3.627252 0.242533
0.729 3.625908 0.241894
0.730 3.624248 0.241290
0.731 3.623095 0.240724
0.732 3.622601 0.240208
0.733 3.622025 0.239645
0.734 3.621234 0.238957
0.735 3.620391 0.238270
0.736 3.619113 0.237580
0.737 3.617835 0.236890
0.738 3.616668 0.236200
0.739 3.615509 0.235510
0.740 3.614971 0.234874
0.741 3.614664 0.234257
0.742 3.613921 0.233696
0.743 3.612772 0.233185
0.744 3.611536 0.232622
0.745 3.610095 0.231932
0.746 3.608709 0.231255
0.747 3.608166 0.230782
0.748 3.607624 0.230309
0.749 3.607135 0.229682
0.750 3.606660 0.229020
0.751 3.605941 0.228438
0.752 3.605023 0.227923
0.753 3.603980 0.227377
0.754 3.602605 0.226752
0.755 3.601229 0.226127
0.756 3.600788 0.225670
0.757 3.600365 0.225216
0.758 3.599893 0.224763
0.759 3.599398 0.224309
0.760 3.598648 0.223823
0.761 3.597443 0.223280
0.762 3.596241 0.222739
0.763 3.595193 0.222287
0.764 3.594145 0.221835
0.765 3.593636 0.221384
0.766 3.593384 0.220935
0.767 3.592945 0.220428
0.768 3.592100 0.219800
0.769 3.591255 0.219172
0.770 3.590015 0.218698
0.771 3.588750 0.218234
0.772 3.587794 0.217768
0.773 3.587092 0.217301
0.774 3.586457 0.216838
0.775 3.586218 0.216400
0.776 3.585980 0.215962
0.777 3.585537 0.215477
0.778 3.585014 0.214975
0.779 3.584371 0.214448
0.780 3.583429 0.213859
0.781 3.582488 0.213270
0.782 3.581732 0.212814
0.783 3.581014 0.212384
0.784 3.580372 0.211955
0.785 3.579862 0.211527
0.786 3.579351 0.211099
0.787 3.578716 0.210835
0.788 3.578064 0.210593
0.789 3.577500 0.210258
0.790 3.577074 0.209775
0.791 3.576649 0.209292
0.792 3.576081 0.208806
0.793 3.575492 0.208319
0.794 3.574942 0.207832
0.795 3.574470 0.207342
0.796 3.573997 0.206853
0.797 3.573573 0.206267
0.798 3.573161 0.205656
0.799 3.572709 0.205090
0.800 3.572127 0.204678
0.801 3.571545 0.204267
0.802 3.571051 0.203856
0.803 3.570604 0.203446
0.804 3.570160 0.203036
0.805 3.569757 0.202628
0.806 3.569355 0.202219
0.807 3.568950 0.201804
0.808 3.568540 0.201381
0.809 3.568130 0.200957
0.810 3.567659 0.200566
0.811 3.567173 0.200182
0.812 3.566689 0.199794
0.813 3.566216 0.199378
0.814 3.565742 0.198962
0.815 3.565315 0.198459
0.816 3.564936 0.197868
0.817 3.564557 0.197278
0.818 3.564190 0.196678
0.819 3.563826 0.196077
0.820 3.563462 0.195499
0.821 3.563104 0.195104
0.822 3.562746 0.194709
0.823 3.562360 0.194235
0.824 3.561931 0.193640
0.825 3.561502 0.193044
0.826 3.561038 0.192583
0.827 3.560556 0.192192
0.828 3.560074 0.191800
0.829 3.559714 0.191411
0.830 3.559367 0.191022
0.831 3.559020 0.190624
0.832 3.558677 0.190165
0.833 3.558334 0.189707
0.834 3.557991 0.189230
0.835 3.557650 0.188719
0.836 3.557308 0.188208
0.837 3.556968 0.187677
0.838 3.556629 0.187130
0.839 3.556291 0.186582
0.840 3.555957 0.185993
0.841 3.555625 0.185388
0.842 3.555293 0.184782
0.843 3.554892 0.184206
0.844 3.554480 0.183635
0.845 3.554067 0.183063
0.846 3.553633 0.182683
0.847 3.553198 0.182306
0.848 3.552774 0.181929
0.849 3.552452 0.181553
0.850 3.552129 0.181178
0.851 3.551809 0.180767
0.852 3.551500 0.180204
0.853 3.551192 0.179641
0.854 3.550884 0.179128
0.855 3.550582 0.178756
0.856 3.550279 0.178383
0.857 3.549979 0.177953
0.858 3.549683 0.177396
0.859 3.549387 0.176838
0.860 3.549090 0.176284
0.861 3.548792 0.175737
0.862 3.548493 0.175189
0.863 3.548196 0.174703
0.864 3.547902 0.174329
0.865 3.547607 0.173955
0.866 3.547316 0.173580
0.867 3.547031 0.173203
0.868 3.546745 0.172826
0.869 3.546461 0.172399
0.870 3.546178 0.171865
0.871 3.545895 0.171330
0.872 3.545612 0.170827
0.873 3.545332 0.170412
0.874 3.545051 0.169997
0.875 3.544772 0.169568
0.876 3.544498 0.169080
0.877 3.544223 0.168593
0.878 3.543949 0.168118
0.879 3.543678 0.167759
0.880 3.543406 0.167401
0.881 3.543135 0.167042
0.882 3.542865 0.166684
0.883 3.542595 0.166327
0.884 3.542325 0.165969
0.885 3.542058 0.165613
0.886 3.541793 0.165257
0.887 3.541527 0.164900
0.888 3.541334 0.164545
0.889 3.541177 0.164189
0.890 3.541019 0.163834
0.891 3.540858 0.163479
0.892 3.540695 0.163125
0.893 3.540533 0.162771
0.894 3.540347 0.162417
0.895 3.540105 0.162064
0.896 3.539862 0.161711
0.897 3.539620 0.161358
0.898 3.539380 0.161007
0.899 3.539139 0.160655
0.900 3.538899 0.160304
0.901 3.538663 0.159954
0.902 3.538428 0.159604
0.903 3.538194 0.159254
0.904 3.537960 0.158944
0.905 3.537728 0.158670
0.906 3.537496 0.158397
0.907 3.537265 0.158091
0.908 3.537034 0.157669
0.909 3.536804 0.157248
0.910 3.536573 0.156826
0.911 3.536397 0.156620
0.912 3.536227 0.156439
0.913 3.536058 0.156258
0.914 3.535923 0.155988
0.915 3.535818 0.155643
0.916 3.535712 0.155298
0.917 3.535590 0.154953
0.918 3.535384 0.154609
0.919 3.535177 0.154265
0.920 3.534971 0.153921
0.921 3.534766 0.153578
0.922 3.534561 0.153236
0.923 3.534356 0.152893
0.924 3.534152 0.152533
0.925 3.533950 0.152138
0.926 3.533749 0.151744
0.927 3.533547 0.151350
0.928 3.533358 0.150907
0.929 3.533170 0.150457
0.930 3.532982 0.150008
0.931 3.532862 0.149669
0.932 3.532838 0.149485
0.933 3.532814 0.149301
0.934 3.532789 0.149117
0.935 3.532603 0.148752
0.936 3.532402 0.148369
0.937 3.532200 0.147987
0.938 3.532038 0.147621
0.939 3.531940 0.147283
0.940 3.531842 0.146946
0.941 3.531744 0.146608
0.942 3.531646 0.146266
0.943 3.531547 0.145923
0.944 3.531448 0.145581
0.945 3.531337 0.145237
0.946 3.531187 0.144892
0.947 3.531036 0.144547
0.948 3.530885 0.144202
0.949 3.530747 0.143857
0.950 3.530616 0.143512
0.951 3.530485 0.143168
0.952 3.530354 0.142823
0.953 3.530283 0.142476
0.954 3.530211 0.142129
0.955 3.530140 0.141782
0.956 3.530077 0.141430
0.957 3.530029 0.141069
0.958 3.529981 0.140708
0.959 3.529933 0.140347
0.960 3.529890 0.139983
0.961 3.529849 0.139616
0.962 3.529808 0.139250
0.963 3.529767 0.138884
0.964 3.529753 0.138544
0.965 3.529741 0.138207
0.966 3.529729 0.137870
0.967 3.529724 0.137540
0.968 3.529763 0.137247
0.969 3.529801 0.136955
0.970 3.529839 0.136663
0.971 3.529883 0.136346
0.972 3.529937 0.135988
0.973 3.529990 0.135630
0.974 3.530043 0.135272
0.975 3.530099 0.134886
0.976 3.530158 0.134478
0.977 3.530216 0.134070
0.978 3.530275 0.133662
0.979 3.530333 0.133254
0.980 3.530392 0.132847
0.981 3.530450 0.132439
0.982 3.530508 0.132031
0.983 3.530567 0.131620
0.984 3.530626 0.131208
0.985 3.530685 0.130796
0.986 3.530743 0.130384
0.987 3.530804 0.129929
0.988 3.530865 0.129471
0.989 3.530927 0.129013
0.990 3.530988 0.128554
0.991 3.531050 0.128083
0.992 3.531111 0.127612
0.993 3.531173 0.127140
0.994 3.531235 0.126669
0.995 3.531297 0.126197
0.996 3.531359 0.125725
0.997 3.531421 0.125253
0.998 3.531483 0.124780
0.999 3.531543 0.124305
1.000 3.531603 0.123829
1.001 3.531663 0.123353
1.002 3.531723 0.122877
1.003 3.531760 0.122353
1.004 3.531797 0.121829
1.005 3.531835 0.121305
1.006 3.531872 0.120781
1.007 3.531902 0.120243
1.008 3.531932 0.119704
1.009 3.531962 0.119165
1.010 3.531993 0.118626
1.011 3.532023 0.118088
1.012 3.532053 0.117550
1.013 3.532084 0.117011
1.014 3.532114 0.116473
1.015 3.532142 0.115933
1.016 3.532168 0.115393
1.017 3.532195 0.114852
1.018 3.532221 0.114312
1.019 3.532214 0.113758
1.020 3.532181 0.113193
1.021 3.532147 0.112629
1.022 3.532114 0.112064
1.023 3.532074 0.111497
1.024 3.532023 0.110924
1.025 3.531972 0.110351
1.026 3.531921 0.109779
1.027 3.531871 0.109206
1.028 3.531820 0.108634
1.029 3.531770 0.108062
1.030 3.531719 0.107490
1.031 3.531669 0.106918
1.032 3.531616 0.106347
1.033 3.531562 0.105776
1.034 3.531509 0.105206
1.035 3.531455 0.104635
1.036 3.531368 0.104074
1.037 3.531254 0.103520
1.038 3.531140 0.102966
1.039 3.531025 0.102412
1.040 3.530907 0.101860
1.041 3.530776 0.101312
1.042 3.530644 0.100763
1.043 3.530512 0.100215
1.044 3.530381 0.099667
1.045 3.530250 0.099119
1.046 3.530119 0.098570
1.047 3.529987 0.098022
1.048 3.529856 0.097473
1.049 3.529725 0.096926
1.050 3.529593 0.096380
1.051 3.529461 0.095834
1.052 3.529330 0.095288
1.053 3.529198 0.094742
1.054 3.529042 0.094250
1.055 3.528886 0.093759
1.056 3.528730 0.093267
1.057 3.528573 0.092776
1.058 3.528414 0.092292
1.059 3.528251 0.091816
1.060 3.528087 0.091340
1.061 3.527924 0.090863
1.062 3.527761 0.090387
1.063 3.527599 0.089911
1.064 3.527436 0.089435
1.065 3.527273 0.088959
1.066 3.527110 0.088483
1.067 3.526948 0.088008
1.068 3.526787 0.087534
1.069 3.526626 0.087060
1.070 3.526465 0.086587
1.071 3.526304 0.086113
1.072 3.526168 0.085690
1.073 3.526038 0.085280
1.074 3.525909 0.084870
1.075 3.525779 0.084460
1.076 3.525651 0.084045
1.077 3.525531 0.083604
1.078 3.525411 0.083162
1.079 3.525291 0.082721
1.080 3.525170 0.082279
1.081 3.525050 0.081823
1.082 3.524930 0.081352
1.083 3.524810 0.080880
1.084 3.524690 0.080408
1.085 3.524570 0.079936
1.086 3.524453 0.079463
1.087 3.524338 0.078990
1.088 3.524222 0.078518
1.089 3.524106 0.078045
1.090 3.523990 0.077572
1.091 3.524025 0.077039
1.092 3.524065 0.076503
1.093 3.524105 0.075968
1.094 3.524145 0.075433
1.095 3.524192 0.074894
1.096 3.524275 0.074337
1.097 3.524359 0.073780
1.098 3.524443 0.073222
1.099 3.524527 0.072665
1.100 3.524611 0.072108
1.101 3.524695 0.071550
1.102 3.524779 0.070993
1.103 3.524863 0.070436
1.104 3.524947 0.069878
1.105 3.525032 0.069318
1.106 3.525117 0.068754
1.107 3.525201 0.068190
1.108 3.525286 0.067626
1.109 3.525371 0.067062
1.110 3.525485 0.066291
1.111 3.525631 0.065293
1.112 3.525777 0.064295
1.113 3.525923 0.063297
1.114 3.526070 0.062299
1.115 3.526225 0.061221
1.116 3.526389 0.060061
1.117 3.526554 0.058901
1.118 3.526719 0.057741
1.119 3.526883 0.056581
1.120 3.527049 0.055391
1.121 3.527215 0.054167
1.122 3.527381 0.052943
1.123 3.527547 0.051719
1.124 3.527713 0.050495
1.125 3.527880 0.049215
1.126 3.528047 0.047847
1.127 3.528215 0.046478
1.128 3.528383 0.045110
1.129 3.528550 0.043742
1.130 3.528490 0.042286
1.131 3.527812 0.040593
1.132 3.527133 0.038899
1.133 3.526455 0.037205
1.134 3.525776 0.035511
1.135 3.525098 0.033817
1.136 3.524419 0.032123
1.137 3.523656 0.030369
1.138 3.522843 0.028578
1.139 3.522031 0.026788
1.140 3.521218 0.024998
1.141 3.520406 0.023207
1.142 3.519593 0.021417
1.143 3.518781 0.019627
1.144 3.517928 0.018258
1.145 3.517071 0.016927
1.146 3.516215 0.015597
1.147 3.515358 0.014266
1.148 3.514502 0.012935
1.149 3.513645 0.011605
1.150 3.512781 0.010364
1.151 3.511863 0.009767
1.152 3.510944 0.009170
1.153 3.510026 0.008574
1.154 3.509107 0.007977
1.155 3.508189 0.007380
1.156 3.507270 0.006784
1.157 3.506357 0.006229
1.158 3.505459 0.005801
1.159 3.504561 0.005373
1.160 3.503663 0.004945
1.161 3.502765 0.004518
1.162 3.501867 0.004090
1.163 3.500969 0.003662
1.164 3.500153 0.003302
1.165 3.499541 0.003109
1.166 3.498928 0.002916
1.167 3.498316 0.002724
1.168 3.497703 0.002531
1.169 3.497091 0.002339
1.170 3.496479 0.002146
1.171 3.495875 0.001971
1.172 3.495301 0.001849
1.173 3.494726 0.001728
1.174 3.494151 0.001606
1.175 3.493576 0.001484
1.176 3.493001 0.001363
1.177 3.492426 0.001241
1.178 3.491860 0.001126
1.179 3.491356 0.001059
1.180 3.490853 0.000993
1.181 3.490349 0.000926
1.182 3.489846 0.000860
1.183 3.489342 0.000793
1.184 3.488839 0.000727
1.185 3.488335 0.000660
1.186 3.487894 0.000650
1.187 3.487459 0.000646
1.188 3.487025 0.000642
1.189 3.486591 0.000638
1.190 3.486156 0.000634
1.191 3.485722 0.000631
1.192 3.485287 0.000627
1.193 3.484859 0.000589
1.194 3.484435 0.000528
1.195 3.484010 0.000468
1.196 3.483586 0.000407
1.197 3.483162 0.000346
1.198 3.482738 0.000285
1.199 3.482313 0.000224
1.200 3.481901 0.000172
1.201 3.481536 0.000153
1.202 3.481172 0.000134
1.203 3.480807 0.000115
1.204 3.480443 0.000095
1.205 3.480078 0.000076
1.206 3.479714 0.000057
1.207 3.479349 0.000038
1.208 3.478989 0.000032
1.209 3.478630 0.000030
1.210 3.478271 0.000028
1.211 3.477912 0.000027
1.212 3.477554 0.000025
1.213 3.477195 0.000024
1.214 3.476836 0.000022
1.215 3.476482 0.000020
1.216 3.476156 0.000019
1.217 3.475831 0.000019
1.218 3.475506 0.000018
1.219 3.475181 0.000017
1.220 3.474856 0.000016
1.221 3.474531 0.000015
1.222 3.474206 0.000014
1.223 3.473890 0.000013
1.224 3.473587 0.000012
1.225 3.473284 0.000012
1.226 3.472982 0.000011
1.227 3.472679 0.000011
1.228 3.472376 0.000010
1.229 3.472073 0.000009
1.230 3.471770 0.000009
1.231 3.471471 0.000008
1.232 3.471176 0.000008
1.233 3.470880 0.000007
1.234 3.470584 0.000007
1.235 3.470288 0.000006
1.236 3.469993 0.000006
1.237 3.469697 0.000005
1.238 3.469401 0.000005
1.239 3.469126 0.000005
1.240 3.468857 0.000004
1.241 3.468587 0.000004
1.242 3.468318 0.000004
1.243 3.468048 0.000004
1.244 3.467779 0.000004
1.245 3.467510 0.000003
1.246 3.467240 0.000003
1.247 3.466972 0.000003
1.248 3.466704 0.000003
1.249 3.466437 0.000003
1.250 3.466169 0.000002
1.251 3.465901 0.000002
1.252 3.465634 0.000002
1.253 3.465366 0.000002
1.254 3.465098 0.000002
1.255 3.464846 0.000002
1.256 3.464600 0.000002
1.257 3.464354 0.000001
1.258 3.464108 0.000001
1.259 3.463862 0.000001
1.260 3.463616 0.000001
1.261 3.463370 0.000001
1.262 3.463124 0.000001
1.263 3.462884 0.000001
1.264 3.462647 0.000001
1.265 3.462411 0.000001
1.266 3.462175 0.000001
1.267 3.461938 0.000001
1.268 3.461702 0.000001
1.269 3.461465 0.000001
1.270 3.461229 0.000001
1.271 3.460994 0.000001
1.272 3.460765 0.000001
1.273 3.460536 0.000001
1.274 3.460306 0.000000
1.275 3.460077 0.000000
1.276 3.459848 0.000000
1.277 3.459619 0.000000
1.278 3.459389 0.000000
1.279 3.459160 0.000000
1.280 3.458946 0.000000
1.281 3.458735 0.000000
1.282 3.458523 0.000000
1.283 3.458312 0.000000
1.284 3.458100 0.000000
1.285 3.457889 0.000000
1.286 3.457677 0.000000
1.287 3.457466 0.000000
1.288 3.457255 0.000000
1.289 3.457044 0.000000
1.290 3.456834 0.000000
1.291 3.456624 0.000000
1.292 3.456413 0.000000
1.293 3.456203 0.000000
1.294 3.455992 0.000000
1.295 3.455782 0.000000
1.296 3.455571 0.000000
1.297 3.455371 0.000000
1.298 3.455176 0.000000
1.299 3.454980 0.000000
1.300 3.454785 0.000000
1.301 3.454589 0.000000
1.302 3.454393 0.000000
1.303 3.454198 0.000000
1.304 3.454002 0.000000
1.305 3.453807 0.000000
1.306 3.453615 0.000000
1.307 3.453424 0.000000
1.308 3.453232 0.000000
1.309 3.453041 0.000000
1.310 3.452849 0.000000
1.311 3.452658 0.000000
1.312 3.452466 0.000000
1.313 3.452275 0.000000
1.314 3.452084 0.000000
1.315 3.451899 0.000000
1.316 3.451714 0.000000
1.317 3.451529 0.000000
1.318 3.451343 0.000000
1.319 3.451158 0.000000
1.320 3.450973 0.000000
1.321 3.450788 0.000000
1.322 3.450603 0.000000
1.323 3.450419 0.000000
1.324 3.450245 0.000000
1.325 3.450071 0.000000
1.326 3.449897 0.000000
1.327 3.449723 0.000000
1.328 3.449548 0.000000
1.329 3.449374 0.000000
1.330 3.449200 0.000000
1.331 3.449026 0.000000
1.332 3.448852 0.000000
1.333 3.448679 0.000000
1.334 3.448505 0.000000
1.335 3.448331 0.000000
1.336 3.448158 0.000000
1.337 3.447984 0.000000
1.338 3.447811 0.000000
1.339 3.447637 0.000000
1.340 3.447463 0.000000
1.341 3.447290 0.000000
1.342 3.447126 0.000000
1.343 3.446965 0.000000
1.344 3.446804 0.000000
1.345 3.446642 0.000000
1.346 3.446481 0.000000
1.347 3.446320 0.000000
1.348 3.446159 0.000000
1.349 3.445998 0.000000
1.350 3.445837 0.000000
1.351 3.445677 0.000000
1.352 3.445517 0.000000
1.353 3.445358 0.000000
1.354 3.445199 0.000000
1.355 3.445039 0.000000
1.356 3.444880 0.000000
1.357 3.444721 0.000000
1.358 3.444561 0.000000
1.359 3.444402 0.000000
1.360 3.444243 0.000000
1.361 3.444090 0.000000
1.362 3.443938 0.000000
1.363 3.443785 0.000000
1.364 3.443633 0.000000
1.365 3.443481 0.000000
1.366 3.443329 0.000000
1.367 3.443177 0.000000
1.368 3.443025 0.000000
1.369 3.442872 0.000000
1.370 3.442723 0.000000
1.371 3.442580 0.000000
1.372 3.442437 0.000000
1.373 3.442294 0.000000
1.374 3.442150 0.000000
1.375 3.442007 0.000000
1.376 3.441864 0.000000
1.377 3.441721 0.000000
1.378 3.441578 0.000000
1.379 3.441435 0.000000
1.380 3.441292 0.000000
1.381 3.441150 0.000000
1.382 3.441008 0.000000
1.383 3.440865 0.000000
1.384 3.440723 0.000000
1.385 3.440581 0.000000
1.386 3.440438 0.000000
1.387 3.440296 0.000000
1.388 3.440154 0.000000
1.389 3.440011 0.000000
1.390 3.439874 0.000000
1.391 3.439741 0.000000
1.392 3.439607 0.000000
1.393 3.439474 0.000000
1.394 3.439340 0.000000
1.395 3.439207 0.000000
1.396 3.439073 0.000000
1.397 3.438940 0.000000
1.398 3.438806 0.000000
1.399 3.438672 0.000000
1.400 3.438539 0.000000
1.401 3.438406 0.000000
1.402 3.438274 0.000000
1.403 3.438141 0.000000
1.404 3.438008 0.000000
1.405 3.437875 0.000000
1.406 3.437743 0.000000
1.407 3.437610 0.000000
1.408 3.437477 0.000000
1.409 3.437344 0.000000
1.410 3.437213 0.000000
1.411 3.437086 0.000000
1.412 3.436958 0.000000
1.413 3.436831 0.000000
1.414 3.436703 0.000000
1.415 3.436575 0.000000
1.416 3.436448 0.000000
1.417 3.436320 0.000000
1.418 3.436192 0.000000
1.419 3.436065 0.000000
1.420 3.435937 0.000000
1.421 3.435814 0.000000
1.422 3.435691 0.000000
1.423 3.435568 0.000000
1.424 3.435445 0.000000
1.425 3.435322 0.000000
1.426 3.435199 0.000000
1.427 3.435076 0.000000
1.428 3.434953 0.000000
1.429 3.434830 0.000000
1.430 3.434707 0.000000
1.431 3.434585 0.000000
1.432 3.434463 0.000000
1.433 3.434341 0.000000
1.434 3.434219 0.000000
1.435 3.434098 0.000000
1.436 3.433976 0.000000
1.437 3.433854 0.000000
1.438 3.433732 0.000000
1.439 3.433611 0.000000
1.440 3.433489 0.000000
1.441 3.433367 0.000000
1.442 3.433252 0.000000
1.443 3.433137 0.000000
1.444 3.433023 0.000000
1.445 3.432909 0.000000
1.446 3.432795 0.000000
1.447 3.432680 0.000000
1.448 3.432566 0.000000
1.449 3.432452 0.000000
1.450 3.432338 0.000000
1.451 3.432224 0.000000
1.452 3.432109 0.000000
1.453 3.431996 0.000000
1.454 3.431882 0.000000
1.455 3.431768 0.000000
1.456 3.431654 0.000000
1.457 3.431541 0.000000
1.458 3.431427 0.000000
1.459 3.431313 0.000000
1.460 3.431199 0.000000
1.461 3.431086 0.000000
1.462 3.430972 0.000000
1.463 3.430859 0.000000
1.464 3.430752 0.000000
1.465 3.430645 0.000000
1.466 3.430539 0.000000
1.467 3.430432 0.000000
1.468 3.430325 0.000000
1.469 3.430218 0.000000
1.470 3.430112 0.000000
1.471 3.430005 0.000000
1.472 3.429898 0.000000
1.473 3.429792 0.000000
1.474 3.429685 0.000000
1.475 3.429582 0.000000
1.476 3.429480 0.000000
1.477 3.429378 0.000000
1.478 3.429276 0.000000
1.479 3.429174 0.000000
1.480 3.429071 0.000000
1.481 3.428969 0.000000
1.482 3.428867 0.000000
1.483 3.428765 0.000000
1.484 3.428662 0.000000
1.485 3.428560 0.000000
1.486 3.428459 0.000000
1.487 3.428358 0.000000
1.488 3.428257 0.000000
1.489 3.428155 0.000000
1.490 3.428054 0.000000
1.491 3.427953 0.000000
1.492 3.427852 0.000000
1.493 3.427751 0.000000
1.494 3.427650 0.000000
1.495 3.427549 0.000000
1.496 3.427448 0.000000
1.497 3.427347 0.000000
1.498 3.427251 0.000000
1.499 3.427155 0.000000
1.500 3.427058 0.000000
1.501 3.426962 0.000000
1.502 3.426865 0.000000
1.503 3.426769 0.000000
1.504 3.426673 0.000000
1.505 3.426576 0.000000
1.506 3.426480 0.000000
1.507 3.426383 0.000000
1.508 3.426287 0.000000
1.509 3.426190 0.000000
1.510 3.426094 0.000000
1.511 3.425998 0.000000
1.512 3.425901 0.000000
1.513 3.425805 0.000000
1.514 3.425709 0.000000
1.515 3.425612 0.000000
1.516 3.425516 0.000000
1.517 3.425420 0.000000
1.518 3.425323 0.000000
1.519 3.425227 0.000000
1.520 3.425131 0.000000
1.521 3.425038 0.000000
1.522 3.424947 0.000000
1.523 3.424857 0.000000
1.524 3.424766 0.000000
1.525 3.424676 0.000000
1.526 3.424585 0.000000
1.527 3.424495 0.000000
1.528 3.424404 0.000000
1.529 3.424314 0.000000
1.530 3.424223 0.000000
1.531 3.424132 0.000000
1.532 3.424042 0.000000
1.533 3.423953 0.000000
1.534 3.423865 0.000000
1.535 3.423777 0.000000
1.536 3.423689 0.000000
1.537 3.423601 0.000000
1.538 3.423512 0.000000
1.539 3.423424 0.000000
1.540 3.423336 0.000000
1.541 3.423248 0.000000
1.542 3.423160 0.000000
1.543 3.423072 0.000000
1.544 3.422984 0.000000
1.545 3.422897 0.000000
1.546 3.422811 0.000000
1.547 3.422725 0.000000
1.548 3.422639 0.000000
1.549 3.422553 0.000000
1.550 3.422467 0.000000
1.551 3.422381 0.000000
1.552 3.422295 0.000000
1.553 3.422209 0.000000
1.554 3.422123 0.000000
1.555 3.422037 0.000000
1.556 3.421951 0.000000
1.557 3.421865 0.000000
1.558 3.421783 0.000000
1.559 3.421703 0.000000
1.560 3.421622 0.000000
1.561 3.421541 0.000000
1.562 3.421461 0.000000
1.563 3.421380 0.000000
1.564 3.421300 0.000000
1.565 3.421219 0.000000
1.566 3.421138 0.000000
1.567 3.421058 0.000000
1.568 3.420977 0.000000
1.569 3.420896 0.000000
1.570 3.420816 0.000000
1.571 3.420735 0.000000
1.572 3.420655 0.000000
1.573 3.420575 0.000000
1.574 3.420494 0.000000
1.575 3.420414 0.000000
1.576 3.420333 0.000000
1.577 3.420253 0.000000
1.578 3.420172 0.000000
1.579 3.420092 0.000000
1.580 3.420011 0.000000
1.581 3.419931 0.000000
1.582 3.419851 0.000000
1.583 3.419772 0.000000
1.584 3.419695 0.000000
1.585 3.419619 0.000000
1.586 3.419543 0.000000
1.587 3.419467 0.000000
1.588 3.419390 0.000000
1.589 3.419314 0.000000
1.590 3.419238 0.000000
1.591 3.419161 0.000000
1.592 3.419085 0.000000
1.593 3.419009 0.000000
1.594 3.418933 0.000000
1.595 3.418856 0.000000
1.596 3.418780 0.000000
1.597 3.418705 0.000000
1.598 3.418630 0.000000
1.599 3.418555 0.000000
1.600 3.418480 0.000000
1.601 3.418405 0.000000
1.602 3.418330 0.000000
1.603 3.418254 0.000000
1.604 3.418179 0.000000
1.605 3.418104 0.000000
1.606 3.418029 0.000000
1.607 3.417954 0.000000
1.608 3.417879 0.000000
1.609 3.417804 0.000000
1.610 3.417731 0.000000
1.611 3.417658 0.000000
1.612 3.417585 0.000000
1.613 3.417513 0.000000
1.614 3.417440 0.000000
1.615 3.417367 0.000000
1.616 3.417295 0.000000
1.617 3.417222 0.000000
1.618 3.417149 0.000000
1.619 3.417076 0.000000
1.620 3.417004 0.000000
1.621 3.416931 0.000000
1.622 3.416858 0.000000
1.623 3.416788 0.000000
1.624 3.416720 0.000000
1.625 3.416651 0.000000
1.626 3.416583 0.000000
1.627 3.416515 0.000000
1.628 3.416446 0.000000
1.629 3.416378 0.000000
1.630 3.416310 0.000000
1.631 3.416241 0.000000
1.632 3.416173 0.000000
1.633 3.416105 0.000000
1.634 3.416036 0.000000
1.635 3.415968 0.000000
1.636 3.415900 0.000000
1.637 3.415832 0.000000
1.638 3.415763 0.000000
1.639 3.415695 0.000000
1.640 3.415627 0.000000
1.641 3.415559 0.000000
1.642 3.415491 0.000000
1.643 3.415423 0.000000
1.644 3.415354 0.000000
1.645 3.415286 0.000000
1.646 3.415218 0.000000
1.647 3.415150 0.000000
1.648 3.415082 0.000000
1.649 3.415013 0.000000
1.650 3.414945 0.000000
1.651 3.414881 0.000000
1.652 3.414817 0.000000
1.653 3.414753 0.000000
1.654 3.414689 0.000000
1.655 3.414624 0.000000
1.656 3.414560 0.000000
1.657 3.414496 0.000000
1.658 3.414432 0.000000
1.659 3.414368 0.000000
1.660 3.414304 0.000000
1.661 3.414240 0.000000
1.662 3.414176 0.000000
1.663 3.414112 0.000000
1.664 3.414048 0.000000
1.665 3.413984 0.000000
1.666 3.413921 0.000000
1.667 3.413858 0.000000
1.668 3.413794 0.000000
1.669 3.413731 0.000000
1.670 3.413667 0.000000
1.671 3.413604 0.000000
1.672 3.413540 0.000000
1.673 3.413477 0.000000
1.674 3.413413 0.000000
1.675 3.413350 0.000000
1.676 3.413286 0.000000
1.677 3.413223 0.000000
1.678 3.413159 0.000000
1.679 3.413096 0.000000
1.680 3.413035 0.000000
1.681 3.412973 0.000000
1.682 3.412912 0.000000
1.683 3.412850 0.000000
1.684 3.412789 0.000000
1.685 3.412727 0.000000
1.686 3.412666 0.000000
1.687 3.412604 0.000000
1.688 3.412543 0.000000
1.689 3.412481 0.000000
1.690 3.412420 0.000000
1.691 3.412358 0.000000
1.692 3.412296 0.000000
1.693 3.412235 0.000000
1.694 3.412175 0.000000
1.695 3.412116 0.000000
1.696 3.412057 0.000000
1.697 3.411997 0.000000
1.698 3.411938 0.000000
1.699 3.411879 0.000000
1.700 3.411820 0.000000
1.701 3.411761 0.000000
1.702 3.411702 0.000000
1.703 3.411643 0.000000
1.704 3.411584 0.000000
1.705 3.411525 0.000000
1.706 3.411466 0.000000
1.707 3.411407 0.000000
1.708 3.411348 0.000000
1.709 3.411289 0.000000
1.710 3.411230 0.000000
1.711 3.411171 0.000000
1.712 3.411112 0.000000
1.713 3.411053 0.000000
1.714 3.410995 0.000000
1.715 3.410936 0.000000
1.716 3.410877 0.000000
1.717 3.410818 0.000000
1.718 3.410759 0.000000
1.719 3.410700 0.000000
1.720 3.410642 0.000000
1.721 3.410583 0.000000
1.722 3.410524 0.000000
1.723 3.410465 0.000000
1.724 3.410408 0.000000
1.725 3.410353 0.000000
1.726 3.410297 0.000000
1.727 3.410242 0.000000
1.728 3.410187 0.000000
1.729 3.410132 0.000000
1.730 3.410077 0.000000
1.731 3.410022 0.000000
1.732 3.409967 0.000000
1.733 3.409912 0.000000
1.734 3.409857 0.000000
1.735 3.409802 0.000000
1.736 3.409747 0.000000
1.737 3.409692 0.000000
1.738 3.409637 0.000000
1.739 3.409582 0.000000
1.740 3.409527 0.000000
1.741 3.409472 0.000000
1.742 3.409418 0.000000
1.743 3.409363 0.000000
1.744 3.409308 0.000000
1.745 3.409253 0.000000
1.746 3.409199 0.000000
1.747 3.409144 0.000000
1.748 3.409089 0.000000
1.749 3.409034 0.000000
1.750 3.408979 0.000000
1.751 3.408925 0.000000
1.752 3.408870 0.000000
1.753 3.408815 0.000000
1.754 3.408760 0.000000
1.755 3.408706 0.000000
1.756 3.408654 0.000000
1.757 3.408602 0.000000
1.758 3.408551 0.000000
1.759 3.408499 0.000000
1.760 3.408447 0.000000
1.761 3.408396 0.000000
1.762 3.408344 0.000000
1.763 3.408292 0.000000
1.764 3.408241 0.000000
1.765 3.408189 0.000000
1.766 3.408137 0.000000
1.767 3.408086 0.000000
1.768 3.408034 0.000000
1.769 3.407982 0.000000
1.770 3.407930 0.000000
1.771 3.407879 0.000000
1.772 3.407830 0.000000
1.773 3.407781 0.000000
1.774 3.407732 0.000000
1.775 3.407683 0.000000
1.776 3.407634 0.000000
1.777 3.407585 0.000000
1.778 3.407536 0.000000
1.779 3.407487 0.000000
1.780 3.407438 0.000000
1.781 3.407389 0.000000
1.782 3.407340 0.000000
1.783 3.407291 0.000000
1.784 3.407242 0.000000
1.785 3.407193 0.000000
1.786 3.407144 0.000000
1.787 3.407095 0.000000
1.788 3.407047 0.000000
1.789 3.406998 0.000000
1.790 3.406949 0.000000
1.791 3.406900 0.000000
1.792 3.406852 0.000000
1.793 3.406803 0.000000
1.794 3.406754 0.000000
1.795 3.406706 0.000000
1.796 3.406657 0.000000
1.797 3.406608 0.000000
1.798 3.406560 0.000000
1.799 3.406511 0.000000
1.800 3.406462 0.000000
1.801 3.406414 0.000000
1.802 3.406365 0.000000
1.803 3.406316 0.000000
1.804 3.406267 0.000000
1.805 3.406220 0.000000
1.806 3.406174 0.000000
1.807 3.406127 0.000000
1.808 3.406080 0.000000
1.809 3.406033 0.000000
1.810 3.405986 0.000000
1.811 3.405939 0.000000
1.812 3.405892 0.000000
1.813 3.405845 0.000000
1.814 3.405799 0.000000
1.815 3.405752 0.000000
1.816 3.405705 0.000000
1.817 3.405658 0.000000
1.818 3.405611 0.000000
1.819 3.405564 0.000000
1.820 3.405517 0.000000
1.821 3.405470 0.000000
1.822 3.405424 0.000000
1.823 3.405377 0.000000
1.824 3.405330 0.000000
1.825 3.405283 0.000000
1.826 3.405236 0.000000
1.827 3.405189 0.000000
1.828 3.405142 0.000000
1.829 3.405096 0.000000
1.830 3.405049 0.000000
1.831 3.405002 0.000000
1.832 3.404955 0.000000
1.833 3.404908 0.000000
1.834 3.404861 0.000000
1.835 3.404814 0.000000
1.836 3.404768 0.000000
1.837 3.404721 0.000000
1.838 3.404674 0.000000
1.839 3.404629 0.000000
1.840 3.404585 0.000000
1.841 3.404542 0.000000
1.842 3.404498 0.000000
1.843 3.404455 0.000000
1.844 3.404411 0.000000
1.845 3.404367 0.000000
1.846 3.404324 0.000000
1.847 3.404280 0.000000
1.848 3.404236 0.000000
1.849 3.404193 0.000000
1.850 3.404149 0.000000
1.851 3.404105 0.000000
1.852 3.404062 0.000000
1.853 3.404018 0.000000
1.854 3.403974 0.000000
1.855 3.403931 0.000000
1.856 3.403887 0.000000
1.857 3.403845 0.000000
1.858 3.403804 0.000000
1.859 3.403762 0.000000
1.860 3.403720 0.000000
1.861 3.403679 0.000000
1.862 3.403637 0.000000
1.863 3.403595 0.000000
1.864 3.403553 0.000000
1.865 3.403512 0.000000
1.866 3.403470 0.000000
1.867 3.403428 0.000000
1.868 3.403387 0.000000
1.869 3.403345 0.000000
1.870 3.403303 0.000000
1.871 3.403262 0.000000
1.872 3.403220 0.000000
1.873 3.403178 0.000000
1.874 3.403137 0.000000
1.875 3.403095 0.000000
1.876 3.403054 0.000000
1.877 3.403013 0.000000
1.878 3.402972 0.000000
1.879 3.402931 0.000000
1.880 3.402890 0.000000
1.881 3.402849 0.000000
1.882 3.402808 0.000000
1.883 3.402767 0.000000
1.884 3.402726 0.000000
1.885 3.402685 0.000000
1.886 3.402643 0.000000
1.887 3.402602 0.000000
1.888 3.402561 0.000000
1.889 3.402520 0.000000
1.890 3.402479 0.000000
1.891 3.402438 0.000000
1.892 3.402397 0.000000
1.893 3.402357 0.000000
1.894 3.402319 0.000000
1.895 3.402280 0.000000
1.896 3.402242 0.000000
1.897 3.402203 0.000000
1.898 3.402164 0.000000
1.899 3.402126 0.000000
1.900 3.402087 0.000000
1.901 3.402048 0.000000
1.902 3.402010 0.000000
1.903 3.401971 0.000000
1.904 3.401932 0.000000
1.905 3.401894 0.000000
1.906 3.401855 0.000000
1.907 3.401816 0.000000
1.908 3.401778 0.000000
1.909 3.401739 0.000000
1.910 3.401701 0.000000
1.911 3.401662 0.000000
1.912 3.401623 0.000000
1.913 3.401585 0.000000
1.914 3.401546 0.000000
1.915 3.401507 0.000000
1.916 3.401469 0.000000
1.917 3.401430 0.000000
1.918 3.401391 0.000000
1.919 3.401353 0.000000
1.920 3.401314 0.000000
1.921 3.401276 0.000000
1.922 3.401237 0.000000
1.923 3.401198 0.000000
1.924 3.401160 0.000000
1.925 3.401121 0.000000
1.926 3.401082 0.000000
1.927 3.401044 0.000000
1.928 3.401005 0.000000
1.929 3.400966 0.000000
1.930 3.400928 0.000000
1.931 3.400891 0.000000
1.932 3.400855 0.000000
1.933 3.400819 0.000000
1.934 3.400782 0.000000
1.935 3.400746 0.000000
1.936 3.400709 0.000000
1.937 3.400673 0.000000
1.938 3.400637 0.000000
1.939 3.400600 0.000000
1.940 3.400564 0.000000
1.941 3.400528 0.000000
1.942 3.400491 0.000000
1.943 3.400455 0.000000
1.944 3.400419 0.000000
1.945 3.400382 0.000000
1.946 3.400346 0.000000
1.947 3.400309 0.000000
1.948 3.400273 0.000000
1.949 3.400237 0.000000
1.950 3.400201 0.000000