0.137777778,0.872,1.304
0.139325843,0.874,1.324
0.140909091,0.875,1.346
0.142528736,0.877,1.375
0.144186047,0.885,1.403
0.145882353,0.894,1.433
0.147619048,0.909,1.458
0.14939759,0.919,1.486
0.151219512,0.934,1.512
0.15308642,0.947,1.539
0.155,0.96,1.566
0.156962025,0.973,1.594
0.158974359,0.984,1.627
0.161038961,1,1.664
0.163157895,1.022,1.7
0.165333333,1.046,1.736
0.167567568,1.072,1.771
0.169863014,1.1,1.812
0.172222222,1.136,1.847
0.174647887,1.174,1.882
0.177142857,1.215,1.915
0.179710145,1.261,1.941
0.182352941,1.307,1.966
0.185074627,1.354,1.986
0.187878788,1.402,1.994
0.190769231,1.453,2.01
0.19375,1.496,2.008
0.196825397,1.526,1.991
0.2,1.525,1.982
0.203278689,1.508,2.005
0.206666667,1.33558,2.113087
0.207291998,1.331043,2.135049
0.207921124,1.317104,2.142983
0.208550574,1.317989,2.145977
0.209187375,1.317848,2.168046
0.209828076,1.306563,2.169991
0.210469143,1.298803,2.192771
0.211117732,1.301884,2.208884
0.211770332,1.29656,2.225568
0.212426978,1.30165,2.241726
0.213084048,1.302166,2.260236
0.21374888,1.299127,2.278548
0.214417873,1.305224,2.297728
0.215091067,1.308323,2.315149
0.215764747,1.308567,2.333683
0.216446438,1.31775,2.351928
0.217132451,1.319611,2.372951
0.217818999,1.328239,2.39072
0.218513754,1.333303,2.410676
0.219212955,1.343299,2.429913
0.219916644,1.352385,2.447288
0.220620941,1.362379,2.464134
0.221333714,1.373637,2.48188
0.222051108,1.385088,2.497717
0.222773167,1.394356,2.513021
0.223495909,1.402893,2.525842
0.22422741,1.413332,2.539332
0.224963716,1.421765,2.552318
0.225700764,1.428641,2.566407
0.226446794,1.435095,2.579981
0.227197772,1.440861,2.595258
0.227953747,1.446948,2.611735
0.228710552,1.449548,2.629951
0.229476645,1.454347,2.647702
0.230247888,1.456874,2.670664
0.231020028,1.460206,2.694354
0.231801697,1.463809,2.720006
0.232588674,1.469554,2.748225
0.233381013,1.477277,2.778562
0.234174347,1.484536,2.810847
0.234977544,1.493179,2.843965
0.235786271,1.505491,2.881845
0.236600584,1.518477,2.920367
0.237415995,1.533102,2.961873
0.238241623,1.55271,3.004065
0.239073014,1.574088,3.050065
0.239905586,1.5987,3.096394
0.240748651,1.628466,3.146596
0.241597662,1.664194,3.196414
0.242452683,1.706752,3.248322
0.243309002,1.755108,3.301149
0.244176201,1.812943,3.348452
0.245049603,1.876391,3.392893
0.245924398,1.948685,3.433353
0.246810374,2.024385,3.46531
0.247702757,2.10393,3.489103
0.248601616,2.18492,3.506025
0.249502002,2.263744,3.515038
0.250413991,2.340932,3.517899
0.251332671,2.416027,3.518511
0.252258117,2.485816,3.516165
0.253185234,2.554734,3.514146
0.254124398,2.617825,3.515163
0.255070556,2.689071,3.51796
0.256018499,2.766736,3.522705
0.256978841,2.85094,3.526641
0.257946414,2.943911,3.521817
0.2589213,3.046119,3.50781
0.259898137,3.152893,3.481868
0.26088786,3.264585,3.440625
0.261885151,3.373487,3.383083
0.262884522,3.475442,3.307502
0.263897165,3.56599,3.216339
0.264917641,3.640126,3.118083
0.265946039,3.700723,3.014208
0.266976704,3.747434,2.905025
0.268021182,3.777759,2.795059
0.269073865,3.796381,2.68591
0.27013485,3.799182,2.582311
0.271198303,3.791484,2.486453
0.272276141,3.775742,2.398021
0.27336258,3.753461,2.319021
0.27445165,3.726525,2.247801
0.275555556,3.697064,2.185706
0.276668377,3.666354,2.128645
0.277790224,3.634858,2.080024
0.278914931,3.602731,2.036743
0.280055108,3.572034,1.998304
0.281204644,3.54249,1.96445
0.282357227,3.513268,1.934168
0.28352578,3.485582,1.907954
0.284704046,3.458629,1.883862
0.285892145,3.433619,1.862192
0.287083555,3.40833,1.84396
0.28829164,3.385794,1.826928
0.289509934,3.362607,1.811958
0.29073857,3.342099,1.798383
0.291970803,3.321867,1.786412
0.293220459,3.302861,1.775656
0.294480859,3.284886,1.76691
0.295745087,3.268186,1.75877
0.297027331,3.252035,1.752527
0.298320743,3.236981,1.746535
0.299625468,3.222648,1.741841
0.300934353,3.209587,1.738044
0.30226209,3.197478,1.735072
0.303601596,3.186595,1.732572
0.304953027,3.175154,1.730742
0.306308977,3.165183,1.729842
0.307684673,3.155406,1.729875
0.309072782,3.147115,1.72966
0.310465699,3.138691,1.730741
0.311879071,3.131267,1.732555
0.313305372,3.124409,1.734671
0.314744778,3.11868,1.73689
0.316189408,3.113381,1.740071
0.317655497,3.108601,1.74339
0.319135246,3.104491,1.747386
0.320620556,3.101221,1.752102
0.322128124,3.098376,1.757042
0.323649936,3.096195,1.762577
0.325186195,3.095464,1.768259
0.326728499,3.094377,1.774913
0.328294194,3.094404,1.78144
0.329874967,3.095282,1.788805
0.331471036,3.096746,1.796525
0.333073679,3.099021,1.804582
0.334700929,3.101694,1.813262
0.336344156,3.10549,1.822248
0.337994385,3.109607,1.831723
0.339670191,3.114939,1.84163
0.341362698,3.120699,1.851865
0.343072156,3.12737,1.863055
0.344789234,3.134684,1.874408
0.34653327,3.143495,1.886321
0.34829504,3.153052,1.899183
0.350064931,3.163603,1.913229
0.351862887,3.175592,1.927763
0.353679407,3.188443,1.942976
0.35551478,3.203134,1.959691
0.357359002,3.21849,1.977272
0.359232864,3.236169,1.995833
0.361126482,3.255483,2.016056
0.363040169,3.277575,2.03852
0.364963504,3.302424,2.063558
0.366918183,3.331983,2.091432
0.368893913,3.36918,2.121669
0.370879943,3.415488,2.153539
0.372898686,3.47448,2.183391
0.374939526,3.545872,2.204069
0.377002828,3.623552,2.21162
0.379077375,3.699708,2.20488
0.381186597,3.771007,2.190295
0.383319423,3.837974,2.172042
0.385464267,3.904858,2.156556
0.387645367,3.981263,2.142174
0.389851291,4.074593,2.118074
0.392082464,4.177681,2.06902
0.394326782,4.274697,1.989298
0.396609627,4.348713,1.890975
0.398919058,4.398936,1.784957
0.401255542,4.428327,1.678557
0.403606419,4.440382,1.576582
0.405998297,4.440236,1.482568
0.408418695,4.430853,1.395829
0.410854511,4.414933,1.317764
0.413333333,4.394775,1.247154
0.415842248,4.372064,1.18348
0.418381807,4.347502,1.12639
0.420938285,4.321879,1.076239
0.423540663,4.296615,1.027901
0.426175419,4.2703,0.985377
0.42882833,4.244463,0.945552
0.431529494,4.21929,0.908109
0.434264902,4.193552,0.874673
0.43703521,4.16944,0.843051
0.439825489,4.145617,0.815513
0.442667428,4.122662,0.788215
0.445546333,4.100255,0.763421
0.448462929,4.077907,0.740131
0.451401529,4.055707,0.720109
0.454395544,4.035,0.698594
0.457429541,4.015769,0.676252
0.460487225,3.995857,0.659702
0.463603395,3.97747,0.641551
0.466762027,3.958365,0.624864
0.469963995,3.939044,0.612845
0.473192139,3.922731,0.594139
0.476483246,3.905337,0.581501
0.479820454,3.890146,0.56439
0.483204739,3.873107,0.55449
0.486618005,3.857585,0.541607
0.490099206,3.842536,0.529052
0.493630573,3.826775,0.519763
0.497193264,3.813045,0.507375
0.500827982,3.799093,0.496879
0.504516234,3.785437,0.487831
0.508259212,3.77233,0.478384
0.512036999,3.759659,0.468357
0.515892827,3.746967,0.459039
0.519807168,3.734993,0.450999
0.52375924,3.723172,0.442676
0.52779433,3.711646,0.435507
0.531892077,3.700274,0.427611
0.536053951,3.689253,0.420954
0.54025793,3.678941,0.413712
0.544552281,3.668962,0.406734
0.548915449,3.659103,0.399756
0.553349101,3.649306,0.393549
0.557829862,3.640101,0.386873
0.562409289,3.631308,0.381217
0.567064526,3.622984,0.374926
0.571771107,3.614998,0.36888
0.576583279,3.606793,0.361154
0.58147714,3.599201,0.356284
0.586454786,3.591032,0.352367
0.591490174,3.583916,0.345761
0.596641486,3.577002,0.339845
0.601883312,3.570058,0.337005
0.607188326,3.563663,0.330249
0.612617954,3.557274,0.324363
0.618145563,3.550849,0.319358
0.623773832,3.544893,0.312449
0.629473577,3.538088,0.312517
0.635310995,3.533224,0.30362
0.641257693,3.527591,0.297693
0.647316768,3.521896,0.296158
0.653456998,3.516422,0.292559
0.659749933,3.511239,0.288235
0.666165252,3.506616,0.282797
0.672670066,3.501708,0.279136
0.679340382,3.49797,0.274733
0.686144312,3.493418,0.272479
0.693085909,3.489967,0.266059
0.700129863,3.486511,0.261017
0.707358813,3.482967,0.258876
0.714738602,3.479914,0.253845
0.72223193,3.477883,0.247043
0.729927007,3.475502,0.24131
0.737787827,3.472383,0.236808
0.7458198,3.471133,0.230472
0.753982731,3.469279,0.226271
0.762373194,3.469538,0.223373
0.770952499,3.468049,0.219143
0.779727096,3.465109,0.216443
0.788653565,3.465975,0.213504
0.797838116,3.463647,0.21076
0.807239112,3.458306,0.208194
0.816810487,3.459498,0.205232
0.826666667,3.456213,0.202533
0.836763614,3.449187,0.184101
0.847110261,3.442423,0.165145
0.857656661,3.435752,0.146256
0.868529803,3.429024,0.127296
0.879682179,3.422244,0.108408
0.89106065,3.415406,0.089447
0.902803058,3.408662,0.070555
0.914859082,3.402009,0.051587
0.927241457,3.39398,0.033147
0.939892367,3.378504,0.017019
0.952966492,3.363034,0.00104
0.966409477,3.35097,0
0.980237154,3.339311,0
0.994386528,3.327461,0
1.009032468,3.31572,0
1.024116287,3.304088,0
1.039570758,3.293934,0
1.055588661,3.286183,0
1.072107902,3.278414,0
1.089152394,3.270627,0
1.106648817,3.262821,0
1.124818578,3.254996,0
1.143594946,3.248692,0
1.163008816,3.24253,0
1.182980347,3.236356,0
1.203766625,3.23017,0
1.225296443,3.224128,0
1.247484909,3.218229,0
1.27062199,3.212943,0
1.294633535,3.207803,0
1.319570076,3.202499,0
1.345340132,3.197343,0
1.372288623,3.192021,0
1.400338792,3.187475,0
1.429394813,3.183237,0
1.459854015,3.178836,0
1.491639601,3.174587,0
1.524840138,3.170174,0
1.559356137,3.165912,0
1.595676232,3.162119,0
1.63372859,3.158322,0
1.673640167,3.154521,0
1.715313321,3.150873,0
1.759364359,3.147062,0
1.805737586,3.143724,0
1.85434425,3.140382,0
1.905932985,3.137037,0
1.960474308,3.134326,0
2.018229167,3.131613,0
2.079141516,3.129057,0
