# title     = ank file for AlGaAs (x=0.45) after Djurisic
# reference = A.B.Djurisic et.al.J.Appl.Phys Vol.86 Nr.1 1999
# columns   = wavelength,absorption,n,k
# history   = created 19.9.2002 - 12:44 by letay
# units     = nm,cm^-1,1,1
# dataType  = list
+2.0664031e+02 +1.4838620e+06 +1.2773309e+00 +2.4400498e+00 
+2.0733141e+02 +1.4871826e+06 +1.2825195e+00 +2.4536891e+00 
+2.0802716e+02 +1.4906128e+06 +1.2878113e+00 +2.4676015e+00 
+2.0872759e+02 +1.4941575e+06 +1.2932122e+00 +2.4817976e+00 
+2.0943275e+02 +1.4978213e+06 +1.2987285e+00 +2.4962882e+00 
+2.1014269e+02 +1.5016095e+06 +1.3043670e+00 +2.5110850e+00 
+2.1085746e+02 +1.5055273e+06 +1.3101349e+00 +2.5262001e+00 
+2.1157711e+02 +1.5095806e+06 +1.3160402e+00 +2.5416464e+00 
+2.1230169e+02 +1.5137752e+06 +1.3220915e+00 +2.5574372e+00 
+2.1303125e+02 +1.5181175e+06 +1.3282983e+00 +2.5735868e+00 
+2.1376584e+02 +1.5226139e+06 +1.3346707e+00 +2.5901100e+00 
+2.1450551e+02 +1.5272714e+06 +1.3412198e+00 +2.6070226e+00 
+2.1525032e+02 +1.5320973e+06 +1.3479576e+00 +2.6243412e+00 
+2.1600032e+02 +1.5370993e+06 +1.3548973e+00 +2.6420830e+00 
+2.1675557e+02 +1.5422855e+06 +1.3620532e+00 +2.6602666e+00 
+2.1751612e+02 +1.5476643e+06 +1.3694411e+00 +2.6789114e+00 
+2.1828202e+02 +1.5532448e+06 +1.3770782e+00 +2.6980377e+00 
+2.1905333e+02 +1.5590364e+06 +1.3849833e+00 +2.7176671e+00 
+2.1983012e+02 +1.5650490e+06 +1.3931770e+00 +2.7378224e+00 
+2.2061243e+02 +1.5712931e+06 +1.4016820e+00 +2.7585275e+00 
+2.2140033e+02 +1.5777797e+06 +1.4105234e+00 +2.7798078e+00 
+2.2219388e+02 +1.5845203e+06 +1.4197286e+00 +2.8016898e+00 
+2.2299314e+02 +1.5915272e+06 +1.4293279e+00 +2.8242017e+00 
+2.2379817e+02 +1.5988131e+06 +1.4393550e+00 +2.8473730e+00 
+2.2460903e+02 +1.6063914e+06 +1.4498468e+00 +2.8712349e+00 
+2.2542579e+02 +1.6142762e+06 +1.4608446e+00 +2.8958201e+00 
+2.2624851e+02 +1.6224821e+06 +1.4723941e+00 +2.9211629e+00 
+2.2707726e+02 +1.6310244e+06 +1.4845460e+00 +2.9472994e+00 
+2.2791211e+02 +1.6399192e+06 +1.4973571e+00 +2.9742672e+00 
+2.2875311e+02 +1.6491829e+06 +1.5108904e+00 +3.0021055e+00 
+2.2960034e+02 +1.6588324e+06 +1.5252169e+00 +3.0308551e+00 
+2.3045388e+02 +1.6688852e+06 +1.5404158e+00 +3.0605580e+00 
+2.3131378e+02 +1.6793589e+06 +1.5565762e+00 +3.0912574e+00 
+2.3218012e+02 +1.6902713e+06 +1.5737985e+00 +3.1229971e+00 
+2.3305298e+02 +1.7016396e+06 +1.5921958e+00 +3.1558211e+00 
+2.3393243e+02 +1.7134806e+06 +1.6118962e+00 +3.1897728e+00 
+2.3481853e+02 +1.7258097e+06 +1.6330446e+00 +3.2248937e+00 
+2.3571138e+02 +1.7386402e+06 +1.6558056e+00 +3.2612222e+00 
+2.3661104e+02 +1.7519822e+06 +1.6803665e+00 +3.2987913e+00 
+2.3751760e+02 +1.7658414e+06 +1.7069406e+00 +3.3376257e+00 
+2.3843113e+02 +1.7802165e+06 +1.7357707e+00 +3.3777377e+00 
+2.3935171e+02 +1.7950971e+06 +1.7671339e+00 +3.4191221e+00 
+2.4027943e+02 +1.8104594e+06 +1.8013453e+00 +3.4617485e+00 
+2.4121437e+02 +1.8262619e+06 +1.8387625e+00 +3.5055516e+00 
+2.4215661e+02 +1.8424385e+06 +1.8797889e+00 +3.5504179e+00 
+2.4310625e+02 +1.8588901e+06 +1.9248749e+00 +3.5961679e+00 
+2.4406336e+02 +1.8754736e+06 +1.9745156e+00 +3.6425345e+00 
+2.4502804e+02 +1.8919887e+06 +2.0292419e+00 +3.6891342e+00 
+2.4600037e+02 +1.9081627e+06 +2.0895998e+00 +3.7354359e+00 
+2.4698045e+02 +1.9236341e+06 +2.1561153e+00 +3.7807259e+00 
+2.4796837e+02 +1.9379409e+06 +2.2292353e+00 +3.8240798e+00 
+2.4896423e+02 +1.9505161e+06 +2.3092444e+00 +3.8643515e+00 
+2.4996812e+02 +1.9607044e+06 +2.3961582e+00 +3.9001999e+00 
+2.5098013e+02 +1.9678066e+06 +2.4896125e+00 +3.9301750e+00 
+2.5200038e+02 +1.9711606e+06 +2.5887872e+00 +3.9528773e+00 
+2.5302895e+02 +1.9702482e+06 +2.6924192e+00 +3.9671744e+00 
+2.5406595e+02 +1.9647974e+06 +2.7989535e+00 +3.9724130e+00 
+2.5511149e+02 +1.9548276e+06 +2.9068255e+00 +3.9685204e+00 
+2.5616567e+02 +1.9405955e+06 +3.0147804e+00 +3.9559071e+00 
+2.5722860e+02 +1.9224455e+06 +3.1220752e+00 +3.9351693e+00 
+2.5830039e+02 +1.9006253e+06 +3.2284421e+00 +3.9067147e+00 
+2.5938114e+02 +1.8751589e+06 +3.3338114e+00 +3.8704959e+00 
+2.6047098e+02 +1.8458365e+06 +3.4379247e+00 +3.8259801e+00 
+2.6157001e+02 +1.8123242e+06 +3.5400117e+00 +3.7723674e+00 
+2.6267836e+02 +1.7743431e+06 +3.6386592e+00 +3.7089589e+00 
+2.6379614e+02 +1.7318479e+06 +3.7319146e+00 +3.6355350e+00 
+2.6492347e+02 +1.6851455e+06 +3.8175775e+00 +3.5526136e+00 
+2.6606048e+02 +1.6349166e+06 +3.8935797e+00 +3.4615142e+00 
+2.6720730e+02 +1.5821443e+06 +3.9583313e+00 +3.3642211e+00 
+2.6836404e+02 +1.5279774e+06 +4.0109400e+00 +3.2631075e+00 
+2.6953084e+02 +1.4735779e+06 +4.0512630e+00 +3.1606158e+00 
+2.7070783e+02 +1.4199936e+06 +4.0798144e+00 +3.0589850e+00 
+2.7189514e+02 +1.3680787e+06 +4.0975880e+00 +2.9600747e+00 
+2.7309292e+02 +1.3184656e+06 +4.1058599e+00 +2.8652952e+00 
+2.7430130e+02 +1.2715744e+06 +4.1060165e+00 +2.7756185e+00 
+2.7552041e+02 +1.2276445e+06 +4.0994299e+00 +2.6916374e+00 
+2.7675041e+02 +1.1867734e+06 +4.0873802e+00 +2.6136427e+00 
+2.7799145e+02 +1.1489540e+06 +4.0710159e+00 +2.5416995e+00 
+2.7924366e+02 +1.1141066e+06 +4.0513414e+00 +2.4757125e+00 
+2.8050721e+02 +1.0821036e+06 +4.0292188e+00 +2.4154775e+00 
+2.8178224e+02 +1.0527878e+06 +4.0053790e+00 +2.3607207e+00 
+2.8306892e+02 +1.0259861e+06 +3.9804353e+00 +2.3111268e+00 
+2.8436740e+02 +1.0015181e+06 +3.9548982e+00 +2.2663592e+00 
+2.8567785e+02 +9.7920347e+05 +3.9291894e+00 +2.2260742e+00 
+2.8700043e+02 +9.5886569e+05 +3.9036544e+00 +2.1899312e+00 
+2.8833532e+02 +9.4033520e+05 +3.8785738e+00 +2.1575987e+00 
+2.8968268e+02 +9.2345120e+05 +3.8541735e+00 +2.1287595e+00 
+2.9104269e+02 +9.0806269e+05 +3.8306329e+00 +2.1031133e+00 
+2.9241553e+02 +8.9402909e+05 +3.8080924e+00 +2.0803779e+00 
+2.9380139e+02 +8.8122031e+05 +3.7866600e+00 +2.0602906e+00 
+2.9520044e+02 +8.6951667e+05 +3.7664166e+00 +2.0426081e+00 
+2.9661288e+02 +8.5880859e+05 +3.7474207e+00 +2.0271063e+00 
+2.9803891e+02 +8.4899618e+05 +3.7297127e+00 +2.0135797e+00 
+2.9947871e+02 +8.3998871e+05 +3.7133178e+00 +2.0018408e+00 
+3.0093249e+02 +8.3170413e+05 +3.6982494e+00 +1.9917190e+00 
+3.0240045e+02 +8.2406850e+05 +3.6845114e+00 +1.9830601e+00 
+3.0388281e+02 +8.1701543e+05 +3.6721002e+00 +1.9757251e+00 
+3.0537977e+02 +8.1048561e+05 +3.6610070e+00 +1.9695894e+00 
+3.0689155e+02 +8.0442630e+05 +3.6512190e+00 +1.9645420e+00 
+3.0841837e+02 +7.9879088e+05 +3.6427210e+00 +1.9604848e+00 
+3.0996046e+02 +7.9353842e+05 +3.6354967e+00 +1.9573316e+00 
+3.1151805e+02 +7.8863332e+05 +3.6295301e+00 +1.9550077e+00 
+3.1309138e+02 +7.8404495e+05 +3.6248064e+00 +1.9534496e+00 
+3.1468067e+02 +7.7974734e+05 +3.6213134e+00 +1.9526037e+00 
+3.1628619e+02 +7.7571886e+05 +3.6190429e+00 +1.9524266e+00 
+3.1790817e+02 +7.7194197e+05 +3.6179918e+00 +1.9528841e+00 
+3.1954687e+02 +7.6840287e+05 +3.6181639e+00 +1.9539511e+00 
+3.2120255e+02 +7.6509124e+05 +3.6195719e+00 +1.9556105e+00 
+3.2287548e+02 +7.6199980e+05 +3.6222390e+00 +1.9578529e+00 
+3.2456593e+02 +7.5912379e+05 +3.6262023e+00 +1.9606753e+00 
+3.2627417e+02 +7.5646034e+05 +3.6315149e+00 +1.9640792e+00 
+3.2800049e+02 +7.5400742e+05 +3.6382502e+00 +1.9680687e+00 
+3.2974517e+02 +7.5176253e+05 +3.6465055e+00 +1.9726465e+00 
+3.3150852e+02 +7.4972067e+05 +3.6564062e+00 +1.9778088e+00 
+3.3329082e+02 +7.4787162e+05 +3.6681107e+00 +1.9835381e+00 
+3.3509239e+02 +7.4619616e+05 +3.6818132e+00 +1.9897922e+00 
+3.3691355e+02 +7.4466096e+05 +3.6977462e+00 +1.9964903e+00 
+3.3875461e+02 +7.4321215e+05 +3.7161778e+00 +2.0034945e+00 
+3.4061589e+02 +7.4176751e+05 +3.7374032e+00 +2.0105869e+00 
+3.4249775e+02 +7.4020814e+05 +3.7617247e+00 +2.0174450e+00 
+3.4440052e+02 +7.3837110e+05 +3.7894176e+00 +2.0236184e+00 
+3.4632454e+02 +7.3604604e+05 +3.8206774e+00 +2.0285158e+00 
+3.4827018e+02 +7.3298011e+05 +3.8555507e+00 +2.0314149e+00 
+3.5023781e+02 +7.2889620e+05 +3.8938594e+00 +2.0315095e+00 
+3.5222780e+02 +7.2352764e+05 +3.9351396e+00 +2.0280044e+00 
+3.5424053e+02 +7.1666739e+05 +3.9786291e+00 +2.0202543e+00 
+3.5627640e+02 +7.0822068e+05 +4.0233359e+00 +2.0079172e+00 
+3.5833580e+02 +6.9824214e+05 +4.0681987e+00 +1.9910693e+00 
+3.6041914e+02 +6.8693706e+05 +4.1123104e+00 +1.9702210e+00 
+3.6252686e+02 +6.7461711e+05 +4.1551360e+00 +1.9462009e+00 
+3.6465937e+02 +6.6161886e+05 +4.1966462e+00 +1.9199300e+00 
+3.6681712e+02 +6.4820908e+05 +4.2373140e+00 +1.8921469e+00 
+3.6900055e+02 +6.3450434e+05 +4.2779734e+00 +1.8631668e+00 
+3.7121014e+02 +6.2042485e+05 +4.3195765e+00 +1.8327328e+00 
+3.7344634e+02 +6.0569202e+05 +4.3629020e+00 +1.7999904e+00 
+3.7570965e+02 +5.8987098e+05 +4.4082686e+00 +1.7635977e+00 
+3.7800057e+02 +5.7245468e+05 +4.4553090e+00 +1.7219625e+00 
+3.8031959e+02 +5.5297924e+05 +4.5028648e+00 +1.6735845e+00 
+3.8266724e+02 +5.3114879e+05 +4.5490572e+00 +1.6174379e+00 
+3.8504406e+02 +5.0693639e+05 +4.5915539e+00 +1.5532953e+00 
+3.8745058e+02 +4.8062594e+05 +4.6279819e+00 +1.4818821e+00 
+3.8988738e+02 +4.5277692e+05 +4.6563681e+00 +1.4047971e+00 
+3.9235502e+02 +4.2412311e+05 +4.6754688e+00 +1.3242235e+00 
+3.9485409e+02 +3.9544237e+05 +4.6848979e+00 +1.2425389e+00 
+3.9738521e+02 +3.6743994e+05 +4.6850513e+00 +1.1619520e+00 
+3.9994899e+02 +3.4067325e+05 +4.6768973e+00 +1.0842583e+00 
+4.0254606e+02 +3.1552419e+05 +4.6617268e+00 +1.0107375e+00 
+4.0517708e+02 +2.9220844e+05 +4.6409315e+00 +9.4216671e-01 
+4.0784272e+02 +2.7080541e+05 +4.6158470e+00 +8.7890146e-01 
+4.1054366e+02 +2.5129486e+05 +4.5876614e+00 +8.2098096e-01 
+4.1328062e+02 +2.3359086e+05 +4.5573767e+00 +7.6822956e-01 
+4.1605431e+02 +2.1756933e+05 +4.5258057e+00 +7.2034051e-01 
+4.1886549e+02 +2.0308813e+05 +4.4935874e+00 +6.7693856e-01 
+4.2171492e+02 +1.9000060e+05 +4.4612121e+00 +6.3762314e-01 
+4.2460338e+02 +1.7816410e+05 +4.4290478e+00 +6.0199624e-01 
+4.2753167e+02 +1.6744481e+05 +4.3973644e+00 +5.6967890e-01 
+4.3050064e+02 +1.5772011e+05 +4.3663556e+00 +5.4031996e-01 
+4.3351114e+02 +1.4887933e+05 +4.3361561e+00 +5.1359975e-01 
+4.3656403e+02 +1.4082363e+05 +4.3068559e+00 +4.8923062e-01 
+4.3966023e+02 +1.3346526e+05 +4.2785117e+00 +4.6695557e-01 
+4.4280066e+02 +1.2672662e+05 +4.2511550e+00 +4.4654604e-01 
+4.4598628e+02 +1.2053918e+05 +4.2247991e+00 +4.2779912e-01 
+4.4921806e+02 +1.1484248e+05 +4.1994440e+00 +4.1053473e-01 
+4.5249703e+02 +1.0958305e+05 +4.1750804e+00 +3.9459289e-01 
+4.5582421e+02 +1.0471360e+05 +4.1516920e+00 +3.7983117e-01 
+4.5920069e+02 +1.0019211e+05 +4.1292583e+00 +3.6612230e-01 
+4.6262756e+02 +9.5981173e+04 +4.1077558e+00 +3.5335211e-01 
+4.6610596e+02 +9.2047321e+04 +4.0871594e+00 +3.4141763e-01 
+4.6963707e+02 +8.8360468e+04 +4.0674429e+00 +3.3022543e-01 
+4.7322208e+02 +8.4893415e+04 +4.0485803e+00 +3.1969007e-01 
+4.7686225e+02 +8.1621407e+04 +4.0305454e+00 +3.0973277e-01 
+4.8055886e+02 +7.8521733e+04 +4.0133128e+00 +3.0028013e-01 
+4.8431323e+02 +7.5573359e+04 +3.9968578e+00 +2.9126291e-01 
+4.8812672e+02 +7.2756571e+04 +3.9811566e+00 +2.8261482e-01 
+4.9200074e+02 +7.0052624e+04 +3.9661863e+00 +2.7427126e-01 
+4.9593674e+02 +6.7443357e+04 +3.9519253e+00 +2.6616785e-01 
+4.9993623e+02 +6.4910747e+04 +3.9383526e+00 +2.5823872e-01 
+5.0400076e+02 +6.2436330e+04 +3.9254483e+00 +2.5041405e-01 
+5.0813191e+02 +6.0000370e+04 +3.9131934e+00 +2.4261661e-01 
+5.1233135e+02 +5.7580540e+04 +3.9015694e+00 +2.3475605e-01 
+5.1660077e+02 +5.5149533e+04 +3.8905577e+00 +2.2671854e-01 
+5.2094196e+02 +5.2670154e+04 +3.8801392e+00 +2.1834541e-01 
+5.2535672e+02 +5.0081692e+04 +3.8702760e+00 +2.0937432e-01 
+5.2984695e+02 +4.7191373e+04 +3.8596390e+00 +1.9897714e-01 
+5.3441459e+02 +4.4549564e+04 +3.8413459e+00 +1.8945754e-01 
+5.3906168e+02 +4.1775148e+04 +3.8297990e+00 +1.7920354e-01 
+5.4379029e+02 +3.8928320e+04 +3.8170878e+00 +1.6845630e-01 
+5.4860259e+02 +3.7355100e+04 +3.8046212e+00 +1.6307894e-01 
+5.5350083e+02 +3.5838165e+04 +3.7934356e+00 +1.5785348e-01 
+5.5848732e+02 +3.4296266e+04 +3.7831831e+00 +1.5242293e-01 
+5.6356448e+02 +3.2717487e+04 +3.7737013e+00 +1.4672823e-01 
+5.6873480e+02 +3.1087192e+04 +3.7648965e+00 +1.4069590e-01 
+5.7400086e+02 +2.9386819e+04 +3.7567079e+00 +1.3423175e-01 
+5.7936535e+02 +2.7592105e+04 +3.7490934e+00 +1.2721183e-01 
+5.8483106e+02 +2.5669725e+04 +3.7420213e+00 +1.1946530e-01 
+5.9040088e+02 +2.3570620e+04 +3.7354673e+00 +1.1074092e-01 
+5.9607782e+02 +2.1215105e+04 +3.7294102e+00 +1.0063251e-01 
+6.0186498e+02 +1.8434654e+04 +3.7236248e+00 +8.8292577e-02 
+6.0776562e+02 +1.4581031e+04 +3.7094459e+00 +7.0520358e-02 
+6.1378310e+02 +1.2226320e+04 +3.6786703e+00 +5.9717389e-02 
+6.1992093e+02 +7.8939841e+03 +3.6684049e+00 +3.8942397e-02 
+6.2618276e+02 +5.8661397e+03 +3.6481885e+00 +2.9230998e-02 
+6.3257238e+02 +5.5475358e+03 +3.6302792e+00 +2.7925469e-02 
+6.3909374e+02 +5.2871438e+03 +3.6144059e+00 +2.6889072e-02 
+6.4575097e+02 +5.0411680e+03 +3.5998681e+00 +2.5905165e-02 
+6.5254835e+02 +4.8090120e+03 +3.5863119e+00 +2.4972309e-02 
+6.5949035e+02 +4.5900063e+03 +3.5735285e+00 +2.4088617e-02 
+6.6658164e+02 +4.3834091e+03 +3.5613822e+00 +2.3251742e-02 
+6.7382710e+02 +4.1884648e+03 +3.5497786e+00 +2.2459159e-02 
+6.8123179e+02 +4.0044314e+03 +3.5386485e+00 +2.1708304e-02 
+6.8880103e+02 +3.8305942e+03 +3.5279394e+00 +2.0996653e-02 
+6.9654037e+02 +3.6662730e+03 +3.5176099e+00 +2.0321756e-02 
+7.0445560e+02 +3.5108252e+03 +3.5076266e+00 +1.9681263e-02 
+7.1255279e+02 +3.3636469e+03 +3.4979621e+00 +1.9072937e-02 
+7.2083829e+02 +3.2241723e+03 +3.4885935e+00 +1.8494654e-02 
+7.2931874e+02 +3.0918733e+03 +3.4795012e+00 +1.7944411e-02 
+7.3800111e+02 +2.9662580e+03 +3.4706682e+00 +1.7420317e-02 
+7.4689269e+02 +2.8468687e+03 +3.4620800e+00 +1.6920601e-02 
+7.5600113e+02 +2.7332806e+03 +3.4537235e+00 +1.6443596e-02 
+7.6533448e+02 +2.6251000e+03 +3.4455872e+00 +1.5987747e-02 
+7.7490116e+02 +2.5219619e+03 +3.4376608e+00 +1.5551596e-02 
+7.8471004e+02 +2.4235289e+03 +3.4299351e+00 +1.5133784e-02 
+7.9477042e+02 +2.3294890e+03 +3.4224015e+00 +1.4733044e-02 
+8.0509212e+02 +2.2395542e+03 +3.4150525e+00 +1.4348195e-02 
+8.1568543e+02 +2.1534585e+03 +3.4078810e+00 +1.3978139e-02 
+8.2656124e+02 +2.0709569e+03 +3.4008804e+00 +1.3621855e-02 
+8.3773098e+02 +1.9918235e+03 +3.3940448e+00 +1.3278394e-02 
+8.4920675e+02 +1.9158500e+03 +3.3873687e+00 +1.2946878e-02 
+8.6100129e+02 +1.8428448e+03 +3.3808469e+00 +1.2626492e-02 
+8.7312807e+02 +1.7726317e+03 +3.3744746e+00 +1.2316480e-02 
+8.8560133e+02 +1.7050485e+03 +3.3682472e+00 +1.2016144e-02 
+8.9843613e+02 +1.6399458e+03 +3.3621606e+00 +1.1724837e-02 
+9.1164842e+02 +1.5771864e+03 +3.3562108e+00 +1.1441963e-02 
+9.2525512e+02 +1.5166443e+03 +3.3503940e+00 +1.1166971e-02 
+9.3927413e+02 +1.4582033e+03 +3.3447068e+00 +1.0899350e-02 
+9.5372451e+02 +1.4017569e+03 +3.3391457e+00 +1.0638631e-02 
+9.6862645e+02 +1.3472067e+03 +3.3337077e+00 +1.0384383e-02 
+9.8400147e+02 +1.2944626e+03 +3.3283897e+00 +1.0136205e-02 
+9.9987247e+02 +1.2434413e+03 +3.3231890e+00 +9.8937299e-03 
+1.0162638e+03 +1.1940665e+03 +3.3181028e+00 +9.6566196e-03 
+1.0332015e+03 +1.1462676e+03 +3.3131285e+00 +9.4245622e-03 
+1.0507134e+03 +1.0999794e+03 +3.3082638e+00 +9.1972710e-03 
+1.0688292e+03 +1.0551421e+03 +3.3035063e+00 +8.9744817e-03 
+1.0875806e+03 +1.0117000e+03 +3.2988537e+00 +8.7559515e-03 
+1.1070017e+03 +9.6960206e+02 +3.2943040e+00 +8.5414566e-03 
+1.1271290e+03 +9.2880061e+02 +3.2898551e+00 +8.3307910e-03 
+1.1480017e+03 +8.8925166e+02 +3.2855052e+00 +8.1237651e-03 
+1.1696621e+03 +8.5091429e+02 +3.2812522e+00 +7.9202043e-03 
+1.1921556e+03 +8.1375047e+02 +3.2770945e+00 +7.7199475e-03 
+1.2155312e+03 +7.7772476e+02 +3.2730304e+00 +7.5228462e-03 
+1.2398419e+03 +7.4280407e+02 +3.2690582e+00 +7.3287635e-03 
+1.2651448e+03 +7.0895749e+02 +3.2651764e+00 +7.1375728e-03 
+1.2915019e+03 +6.7615605e+02 +3.2613834e+00 +6.9491572e-03 
+1.3189807e+03 +6.4437254e+02 +3.2576778e+00 +6.7634083e-03 
+1.3476542e+03 +6.1358142e+02 +3.2540583e+00 +6.5802258e-03 
+1.3776021e+03 +5.8375856e+02 +3.2505235e+00 +6.3995168e-03 
+1.4089112e+03 +5.5488123e+02 +3.2470721e+00 +6.2211947e-03 
+1.4416766e+03 +5.2692789e+02 +3.2437029e+00 +6.0451789e-03 
+1.4760022e+03 +4.9987812e+02 +3.2404147e+00 +5.8713946e-03 
+1.5120023e+03 +4.7371253e+02 +3.2372064e+00 +5.6997715e-03 
+1.5498023e+03 +4.4841266e+02 +3.2340769e+00 +5.5302442e-03 
+1.5895408e+03 +4.2396091e+02 +3.2310252e+00 +5.3627511e-03 
+1.6313709e+03 +4.0034045e+02 +3.2280501e+00 +5.1972345e-03 
+1.6754620e+03 +3.7753519e+02 +3.2251509e+00 +5.0336400e-03 
+1.7220026e+03 +3.5552969e+02 +3.2223264e+00 +4.8719162e-03 
+1.7712027e+03 +3.3430913e+02 +3.2195759e+00 +4.7120146e-03 
+1.8232968e+03 +3.1385927e+02 +3.2168985e+00 +4.5538893e-03 
+1.8785483e+03 +2.9416637e+02 +3.2142932e+00 +4.3974966e-03 
+1.9372529e+03 +2.7521720e+02 +3.2117595e+00 +4.2427947e-03 
+1.9997449e+03 +2.5699898e+02 +3.2092964e+00 +4.0897441e-03 
+2.0664031e+03 +2.3949936e+02 +3.2069032e+00 +3.9383068e-03 
+2.1376584e+03 +2.2270640e+02 +3.2045792e+00 +3.7884463e-03 
+2.2140033e+03 +2.0660852e+02 +3.2023238e+00 +3.6401278e-03 
+2.2960034e+03 +1.9119451e+02 +3.2001363e+00 +3.4933177e-03 
+2.3843113e+03 +1.7645348e+02 +3.1980160e+00 +3.3479835e-03 
+2.4796837e+03 +1.6237487e+02 +3.1959625e+00 +3.2040940e-03 
