# title     = ank file for AlGaAs (x=0.5) after Djurisic
# reference = A.B.Djurisic et.al.J.Appl.Phys Vol.86 Nr.1 1999
# columns   = wavelength,absorption,n,k
# history   = created 19.9.2002 - 12:45 by letay
# units     = nm,cm^-1,1,1
# dataType  = list
+2.0664031e+02 +1.4816106e+06 +1.2818514e+00 +2.4363476e+00 
+2.0733141e+02 +1.4849287e+06 +1.2870195e+00 +2.4499705e+00 
+2.0802716e+02 +1.4883580e+06 +1.2922901e+00 +2.4638688e+00 
+2.0872759e+02 +1.4919032e+06 +1.2976689e+00 +2.4780532e+00 
+2.0943275e+02 +1.4955693e+06 +1.3031622e+00 +2.4925350e+00 
+2.1014269e+02 +1.4993615e+06 +1.3087768e+00 +2.5073258e+00 
+2.1085746e+02 +1.5032853e+06 +1.3145201e+00 +2.5224381e+00 
+2.1157711e+02 +1.5073465e+06 +1.3204002e+00 +2.5378849e+00 
+2.1230169e+02 +1.5115513e+06 +1.3264257e+00 +2.5536800e+00 
+2.1303125e+02 +1.5159060e+06 +1.3326060e+00 +2.5698378e+00 
+2.1376584e+02 +1.5204173e+06 +1.3389516e+00 +2.5863735e+00 
+2.1450551e+02 +1.5250924e+06 +1.3454735e+00 +2.6033031e+00 
+2.1525032e+02 +1.5299387e+06 +1.3521840e+00 +2.6206437e+00 
+2.1600032e+02 +1.5349642e+06 +1.3590965e+00 +2.6384130e+00 
+2.1675557e+02 +1.5401771e+06 +1.3662256e+00 +2.6566299e+00 
+2.1751612e+02 +1.5455861e+06 +1.3735872e+00 +2.6753141e+00 
+2.1828202e+02 +1.5512005e+06 +1.3811989e+00 +2.6944865e+00 
+2.1905333e+02 +1.5570299e+06 +1.3890799e+00 +2.7141694e+00 
+2.1983012e+02 +1.5630845e+06 +1.3972514e+00 +2.7343858e+00 
+2.2061243e+02 +1.5693752e+06 +1.4057365e+00 +2.7551604e+00 
+2.2140033e+02 +1.5759131e+06 +1.4145610e+00 +2.7765191e+00 
+2.2219388e+02 +1.5827102e+06 +1.4237529e+00 +2.7984892e+00 
+2.2299314e+02 +1.5897790e+06 +1.4333437e+00 +2.8210994e+00 
+2.2379817e+02 +1.5971325e+06 +1.4433678e+00 +2.8443800e+00 
+2.2460903e+02 +1.6047845e+06 +1.4538636e+00 +2.8683627e+00 
+2.2542579e+02 +1.6127494e+06 +1.4648736e+00 +2.8930812e+00 
+2.2624851e+02 +1.6210421e+06 +1.4764452e+00 +2.9185703e+00 
+2.2707726e+02 +1.6296782e+06 +1.4886310e+00 +2.9448667e+00 
+2.2791211e+02 +1.6386739e+06 +1.5014899e+00 +2.9720087e+00 
+2.2875311e+02 +1.6480460e+06 +1.5150878e+00 +3.0000360e+00 
+2.2960034e+02 +1.6578114e+06 +1.5294984e+00 +3.0289896e+00 
+2.3045388e+02 +1.6679875e+06 +1.5448045e+00 +3.0589118e+00 
+2.3131378e+02 +1.6785918e+06 +1.5610990e+00 +3.0898453e+00 
+2.3218012e+02 +1.6896414e+06 +1.5784869e+00 +3.1218334e+00 
+2.3305298e+02 +1.7011530e+06 +1.5970867e+00 +3.1549188e+00 
+2.3393243e+02 +1.7131421e+06 +1.6170320e+00 +3.1891427e+00 
+2.3481853e+02 +1.7256224e+06 +1.6384747e+00 +3.2245437e+00 
+2.3571138e+02 +1.7386046e+06 +1.6615865e+00 +3.2611555e+00 
+2.3661104e+02 +1.7520956e+06 +1.6865628e+00 +3.2990048e+00 
+2.3751760e+02 +1.7660963e+06 +1.7136253e+00 +3.3381074e+00 
+2.3843113e+02 +1.7805994e+06 +1.7430254e+00 +3.3784642e+00 
+2.3935171e+02 +1.7955866e+06 +1.7750484e+00 +3.4200544e+00 
+2.4027943e+02 +1.8110239e+06 +1.8100164e+00 +3.4628279e+00 
+2.4121437e+02 +1.8268570e+06 +1.8482912e+00 +3.5066940e+00 
+2.4215661e+02 +1.8430042e+06 +1.8902756e+00 +3.5515080e+00 
+2.4310625e+02 +1.8593476e+06 +1.9364119e+00 +3.5970531e+00 
+2.4406336e+02 +1.8757231e+06 +1.9871754e+00 +3.6430190e+00 
+2.4502804e+02 +1.8919080e+06 +2.0430603e+00 +3.6889769e+00 
+2.4600037e+02 +1.9076091e+06 +2.1045550e+00 +3.7343522e+00 
+2.4698045e+02 +1.9224509e+06 +2.1721008e+00 +3.7784003e+00 
+2.4796837e+02 +1.9359709e+06 +2.2460336e+00 +3.8201926e+00 
+2.4896423e+02 +1.9476255e+06 +2.3265071e+00 +3.8586247e+00 
+2.4996812e+02 +1.9568145e+06 +2.4134070e+00 +3.8924623e+00 
+2.5098013e+02 +1.9629309e+06 +2.5062781e+00 +3.9204372e+00 
+2.5200038e+02 +1.9654329e+06 +2.6042970e+00 +3.9413913e+00 
+2.5302895e+02 +1.9639248e+06 +2.7063296e+00 +3.9544420e+00 
+2.5406595e+02 +1.9582168e+06 +2.8110886e+00 +3.9591083e+00 
+2.5511149e+02 +1.9483275e+06 +2.9173597e+00 +3.9553244e+00 
+2.5616567e+02 +1.9344130e+06 +3.0242065e+00 +3.9433040e+00 
+2.5722860e+02 +1.9166416e+06 +3.1310484e+00 +3.9232890e+00 
+2.5830039e+02 +1.8950699e+06 +3.2375526e+00 +3.8952957e+00 
+2.5938114e+02 +1.8695827e+06 +3.3433773e+00 +3.8589862e+00 
+2.6047098e+02 +1.8399284e+06 +3.4478784e+00 +3.8137341e+00 
+2.6157001e+02 +1.8058382e+06 +3.5499116e+00 +3.7588667e+00 
+2.6267836e+02 +1.7671811e+06 +3.6478128e+00 +3.6939882e+00 
+2.6379614e+02 +1.7240977e+06 +3.7395688e+00 +3.6192655e+00 
+2.6492347e+02 +1.6770648e+06 +3.8231192e+00 +3.5355780e+00 
+2.6606048e+02 +1.6268745e+06 +3.8966884e+00 +3.4444870e+00 
+2.6720730e+02 +1.5745377e+06 +3.9590459e+00 +3.3480467e+00 
+2.6836404e+02 +1.5211517e+06 +4.0096311e+00 +3.2485308e+00 
+2.6953084e+02 +1.4677716e+06 +4.0485345e+00 +3.1481620e+00 
+2.7070783e+02 +1.4153157e+06 +4.0763753e+00 +3.0489076e+00 
+2.7189514e+02 +1.3645172e+06 +4.0941330e+00 +2.9523689e+00 
+2.7309292e+02 +1.3159151e+06 +4.1029838e+00 +2.8597525e+00 
+2.7430130e+02 +1.2698706e+06 +4.1041694e+00 +2.7718995e+00 
+2.7552041e+02 +1.2265972e+06 +4.0989071e+00 +2.6893410e+00 
+2.7675041e+02 +1.1861917e+06 +4.0883363e+00 +2.6123615e+00 
+2.7799145e+02 +1.1486638e+06 +4.0734923e+00 +2.5410575e+00 
+2.7924366e+02 +1.1139597e+06 +4.0552958e+00 +2.4753860e+00 
+2.8050721e+02 +1.0819809e+06 +4.0345544e+00 +2.4152038e+00 
+2.8178224e+02 +1.0525990e+06 +4.0119675e+00 +2.3602973e+00 
+2.8306892e+02 +1.0256661e+06 +3.9881354e+00 +2.3104061e+00 
+2.8436740e+02 +1.0010237e+06 +3.9635680e+00 +2.2652404e+00 
+2.8567785e+02 +9.7850874e+05 +3.9386945e+00 +2.2244949e+00 
+2.8700043e+02 +9.5795819e+05 +3.9138729e+00 +2.1878585e+00 
+2.8833532e+02 +9.3921258e+05 +3.8893983e+00 +2.1550228e+00 
+2.8968268e+02 +9.2211844e+05 +3.8655118e+00 +2.1256873e+00 
+2.9104269e+02 +9.0652993e+05 +3.8424072e+00 +2.0995633e+00 
+2.9241553e+02 +8.9230995e+05 +3.8202385e+00 +2.0763775e+00 
+2.9380139e+02 +8.7933071e+05 +3.7991257e+00 +2.0558727e+00 
+2.9520044e+02 +8.6747401e+05 +3.7791604e+00 +2.0378096e+00 
+2.9661288e+02 +8.5663121e+05 +3.7604104e+00 +2.0219669e+00 
+2.9803891e+02 +8.4670303e+05 +3.7429239e+00 +2.0081410e+00 
+2.9947871e+02 +8.3759925e+05 +3.7267333e+00 +1.9961463e+00 
+3.0093249e+02 +8.2923828e+05 +3.7118582e+00 +1.9858139e+00 
+3.0240045e+02 +8.2154671e+05 +3.6983083e+00 +1.9769916e+00 
+3.0388281e+02 +8.1445887e+05 +3.6860855e+00 +1.9695428e+00 
+3.0537977e+02 +8.0791630e+05 +3.6751866e+00 +1.9633457e+00 
+3.0689155e+02 +8.0186736e+05 +3.6656045e+00 +1.9582927e+00 
+3.0841837e+02 +7.9626672e+05 +3.6573304e+00 +1.9542897e+00 
+3.0996046e+02 +7.9107499e+05 +3.6503554e+00 +1.9512553e+00 
+3.1151805e+02 +7.8625830e+05 +3.6446718e+00 +1.9491201e+00 
+3.1309138e+02 +7.8178791e+05 +3.6402751e+00 +1.9478262e+00 
+3.1468067e+02 +7.7763985e+05 +3.6371653e+00 +1.9473262e+00 
+3.1628619e+02 +7.7379452e+05 +3.6353490e+00 +1.9475832e+00 
+3.1790817e+02 +7.7023626e+05 +3.6348412e+00 +1.9485690e+00 
+3.1954687e+02 +7.6695287e+05 +3.6356677e+00 +1.9502639e+00 
+3.2120255e+02 +7.6393496e+05 +3.6378677e+00 +1.9526550e+00 
+3.2287548e+02 +7.6117517e+05 +3.6414969e+00 +1.9557341e+00 
+3.2456593e+02 +7.5866708e+05 +3.6466306e+00 +1.9594957e+00 
+3.2627417e+02 +7.5640372e+05 +3.6533678e+00 +1.9639322e+00 
+3.2800049e+02 +7.5437552e+05 +3.6618350e+00 +1.9690295e+00 
+3.2974517e+02 +7.5256757e+05 +3.6721902e+00 +1.9747589e+00 
+3.3150852e+02 +7.5095586e+05 +3.6846253e+00 +1.9810673e+00 
+3.3329082e+02 +7.4950246e+05 +3.6993680e+00 +1.9878635e+00 
+3.3509239e+02 +7.4814949e+05 +3.7166782e+00 +1.9950009e+00 
+3.3691355e+02 +7.4681199e+05 +3.7368401e+00 +2.0022573e+00 
+3.3875461e+02 +7.4537045e+05 +3.7601433e+00 +2.0093126e+00 
+3.4061589e+02 +7.4366433e+05 +3.7868522e+00 +2.0157283e+00 
+3.4249775e+02 +7.4148896e+05 +3.8171599e+00 +2.0209360e+00 
+3.4440052e+02 +7.3859949e+05 +3.8511277e+00 +2.0242443e+00 
+3.4632454e+02 +7.3472579e+05 +3.8886187e+00 +2.0248772e+00 
+3.4827018e+02 +7.2960108e+05 +3.9292413e+00 +2.0220501e+00 
+3.5023781e+02 +7.2300342e+05 +3.9723287e+00 +2.0150857e+00 
+3.5222780e+02 +7.1480208e+05 +4.0169823e+00 +2.0035472e+00 
+3.5424053e+02 +7.0499469e+05 +4.0621910e+00 +1.9873494e+00 
+3.5627640e+02 +6.9371796e+05 +4.1070124e+00 +1.9667997e+00 
+3.5833580e+02 +6.8122120e+05 +4.1507675e+00 +1.9425334e+00 
+3.6041914e+02 +6.6780462e+05 +4.1931831e+00 +1.9153467e+00 
+3.6252686e+02 +6.5373894e+05 +4.2344308e+00 +1.8859696e+00 
+3.6465937e+02 +6.3918927e+05 +4.2750432e+00 +1.8548423e+00 
+3.6681712e+02 +6.2416405e+05 +4.3157293e+00 +1.8219585e+00 
+3.6900055e+02 +6.0850114e+05 +4.3571300e+00 +1.7868107e+00 
+3.7121014e+02 +5.9189498e+05 +4.3995685e+00 +1.7484556e+00 
+3.7344634e+02 +5.7396156e+05 +4.4428441e+00 +1.7056941e+00 
+3.7570965e+02 +5.5433153e+05 +4.4861256e+00 +1.6573418e+00 
+3.7800057e+02 +5.3275308e+05 +4.5279834e+00 +1.6025388e+00 
+3.8031959e+02 +5.0917853e+05 +4.5665783e+00 +1.5410223e+00 
+3.8266724e+02 +4.8380759e+05 +4.5999721e+00 +1.4732759e+00 
+3.8504406e+02 +4.5707151e+05 +4.6264758e+00 +1.4005051e+00 
+3.8745058e+02 +4.2956304e+05 +4.6449332e+00 +1.3244433e+00 
+3.8988738e+02 +4.0193698e+05 +4.6548617e+00 +1.2470598e+00 
+3.9235502e+02 +3.7481319e+05 +4.6564347e+00 +1.1702650e+00 
+3.9485409e+02 +3.4870655e+05 +4.6503453e+00 +1.0956880e+00 
+3.9738521e+02 +3.2399288e+05 +4.6376160e+00 +1.0245598e+00 
+3.9994899e+02 +3.0090669e+05 +4.6194153e+00 +9.5769358e-01 
+4.0254606e+02 +2.7955942e+05 +4.5969132e+00 +8.9552938e-01 
+4.0517708e+02 +2.5996693e+05 +4.5711881e+00 +8.3821053e-01 
+4.0784272e+02 +2.4207784e+05 +4.5431784e+00 +7.8566585e-01 
+4.1054366e+02 +2.2579804e+05 +4.5136668e+00 +7.3768279e-01 
+4.1328062e+02 +2.1100985e+05 +4.4832856e+00 +6.9396552e-01 
+4.1605431e+02 +1.9758568e+05 +4.4525324e+00 +6.5417753e-01 
+4.1886549e+02 +1.8539721e+05 +4.4217904e+00 +6.1797074e-01 
+4.2171492e+02 +1.7432105e+05 +4.3913489e+00 +5.8500412e-01 
+4.2460338e+02 +1.6424191e+05 +4.3614217e+00 +5.5495473e-01 
+4.2753167e+02 +1.5505412e+05 +4.3321633e+00 +5.2752341e-01 
+4.3050064e+02 +1.4666206e+05 +4.3036823e+00 +5.0243714e-01 
+4.3351114e+02 +1.3897992e+05 +4.2760518e+00 +4.7944904e-01 
+4.3656403e+02 +1.3193108e+05 +4.2493185e+00 +4.5833729e-01 
+4.3966023e+02 +1.2544734e+05 +4.2235086e+00 +4.3890322e-01 
+4.4280066e+02 +1.1946807e+05 +4.1986335e+00 +4.2096912e-01 
+4.4598628e+02 +1.1393936e+05 +4.1746934e+00 +4.0437604e-01 
+4.4921806e+02 +1.0881320e+05 +4.1516808e+00 +3.8898149e-01 
+4.5249703e+02 +1.0404675e+05 +4.1295822e+00 +3.7465747e-01 
+4.5582421e+02 +9.9601661e+04 +4.1083804e+00 +3.6128847e-01 
+4.5920069e+02 +9.5443457e+04 +4.0880555e+00 +3.4876976e-01 
+4.6262756e+02 +9.1541012e+04 +4.0685862e+00 +3.3700578e-01 
+4.6610596e+02 +8.7866047e+04 +4.0499499e+00 +3.2590865e-01 
+4.6963707e+02 +8.4392692e+04 +4.0321240e+00 +3.1539685e-01 
+4.7322208e+02 +8.1097076e+04 +4.0150860e+00 +3.0539388e-01 
+4.7686225e+02 +7.7956935e+04 +3.9988134e+00 +2.9582702e-01 
+4.8055886e+02 +7.4951233e+04 +3.9832847e+00 +2.8662595e-01 
+4.8431323e+02 +7.2059742e+04 +3.9684786e+00 +2.7772129e-01 
+4.8812672e+02 +6.9262587e+04 +3.9543748e+00 +2.6904283e-01 
+4.9200074e+02 +6.6539648e+04 +3.9409535e+00 +2.6051719e-01 
+4.9593674e+02 +6.3869744e+04 +3.9281959e+00 +2.5206445e-01 
+4.9993623e+02 +6.1229354e+04 +3.9160831e+00 +2.4359279e-01 
+5.0400076e+02 +5.8590367e+04 +3.9045966e+00 +2.3498900e-01 
+5.0813191e+02 +5.5915549e+04 +3.8937170e+00 +2.2609929e-01 
+5.1233135e+02 +5.3143347e+04 +3.8833762e+00 +2.1666560e-01 
+5.1660077e+02 +5.0076693e+04 +3.8719919e+00 +2.0586420e-01 
+5.2094196e+02 +4.7234016e+04 +3.8537267e+00 +1.9580977e-01 
+5.2535672e+02 +4.4637086e+04 +3.8406437e+00 +1.8661230e-01 
+5.2984695e+02 +4.1245265e+04 +3.8291580e+00 +1.7390604e-01 
+5.3441459e+02 +3.9295261e+04 +3.8160635e+00 +1.6711238e-01 
+5.3906168e+02 +3.7644028e+04 +3.8043255e+00 +1.6148221e-01 
+5.4379029e+02 +3.5979346e+04 +3.7935803e+00 +1.5569506e-01 
+5.4860259e+02 +3.4280367e+04 +3.7836414e+00 +1.4965577e-01 
+5.5350083e+02 +3.2531614e+04 +3.7744047e+00 +1.4328939e-01 
+5.5848732e+02 +3.0713521e+04 +3.7658034e+00 +1.3650013e-01 
+5.6356448e+02 +2.8800557e+04 +3.7577916e+00 +1.2916196e-01 
+5.6873480e+02 +2.6757699e+04 +3.7503351e+00 +1.2110127e-01 
+5.7400086e+02 +2.4533427e+04 +3.7434074e+00 +1.1206265e-01 
+5.7936535e+02 +2.2042862e+04 +3.7369755e+00 +1.0162736e-01 
+5.8483106e+02 +1.9054824e+04 +3.7301795e+00 +8.8679963e-02 
+5.9040088e+02 +1.5073303e+04 +3.7110155e+00 +7.0818310e-02 
+5.9607782e+02 +1.2921292e+04 +3.6823524e+00 +6.1291331e-02 
+6.0186498e+02 +8.8389219e+03 +3.6723875e+00 +4.2333922e-02 
+6.0776562e+02 +6.1056600e+03 +3.6532648e+00 +2.9529689e-02 
+6.1378310e+02 +5.6477310e+03 +3.6349679e+00 +2.7585386e-02 
+6.1992093e+02 +5.3599490e+03 +3.6187151e+00 +2.6441561e-02 
+6.2618276e+02 +5.0906402e+03 +3.6038118e+00 +2.5366681e-02 
+6.3257238e+02 +4.8372101e+03 +3.5899028e+00 +2.4349795e-02 
+6.3909374e+02 +4.5988540e+03 +3.5767784e+00 +2.3388605e-02 
+6.4575097e+02 +4.3747034e+03 +3.5643019e+00 +2.2480389e-02 
+6.5254835e+02 +4.1638812e+03 +3.5523778e+00 +2.1622263e-02 
+6.5949035e+02 +3.9655294e+03 +3.5409364e+00 +2.0811326e-02 
+6.6658164e+02 +3.7788240e+03 +3.5299244e+00 +2.0044727e-02 
+6.7382710e+02 +3.6029812e+03 +3.5192997e+00 +1.9319710e-02 
+6.8123179e+02 +3.4372612e+03 +3.5090287e+00 +1.8633635e-02 
+6.8880103e+02 +3.2809685e+03 +3.4990833e+00 +1.7983987e-02 
+6.9654037e+02 +3.1334518e+03 +3.4894403e+00 +1.7368385e-02 
+7.0445560e+02 +2.9941026e+03 +3.4800797e+00 +1.6784579e-02 
+7.1255279e+02 +2.8623539e+03 +3.4709843e+00 +1.6230448e-02 
+7.2083829e+02 +2.7376776e+03 +3.4621390e+00 +1.5704000e-02 
+7.2931874e+02 +2.6195836e+03 +3.4535307e+00 +1.5203367e-02 
+7.3800111e+02 +2.5076166e+03 +3.4451476e+00 +1.4726797e-02 
+7.4689269e+02 +2.4013548e+03 +3.4369790e+00 +1.4272652e-02 
+7.5600113e+02 +2.3004075e+03 +3.4290156e+00 +1.3839403e-02 
+7.6533448e+02 +2.2044132e+03 +3.4212486e+00 +1.3425622e-02 
+7.7490116e+02 +2.1130377e+03 +3.4136701e+00 +1.3029978e-02 
+7.8471004e+02 +2.0259723e+03 +3.4062730e+00 +1.2651233e-02 
+7.9477042e+02 +1.9429320e+03 +3.3990506e+00 +1.2288233e-02 
+8.0509212e+02 +1.8636540e+03 +3.3919967e+00 +1.1939908e-02 
+8.1568543e+02 +1.7878956e+03 +3.3851056e+00 +1.1605263e-02 
+8.2656124e+02 +1.7154335e+03 +3.3783720e+00 +1.1283376e-02 
+8.3773098e+02 +1.6460617e+03 +3.3717909e+00 +1.0973390e-02 
+8.4920675e+02 +1.5795907e+03 +3.3653577e+00 +1.0674515e-02 
+8.6100129e+02 +1.5158457e+03 +3.3590681e+00 +1.0386015e-02 
+8.7312807e+02 +1.4546662e+03 +3.3529179e+00 +1.0107213e-02 
+8.8560133e+02 +1.3959041e+03 +3.3469034e+00 +9.8374824e-03 
+8.9843613e+02 +1.3394232e+03 +3.3410208e+00 +9.5762431e-03 
+9.1164842e+02 +1.2850982e+03 +3.3352667e+00 +9.3229607e-03 
+9.2525512e+02 +1.2328138e+03 +3.3296379e+00 +9.0771415e-03 
+9.3927413e+02 +1.1824635e+03 +3.3241313e+00 +8.8383306e-03 
+9.5372451e+02 +1.1339495e+03 +3.3187439e+00 +8.6061083e-03 
+9.6862645e+02 +1.0871817e+03 +3.3134731e+00 +8.3800880e-03 
+9.8400147e+02 +1.0420767e+03 +3.3083160e+00 +8.1599134e-03 
+9.9987247e+02 +9.9855773e+02 +3.3032702e+00 +7.9452565e-03 
+1.0162638e+03 +9.5655398e+02 +3.2983333e+00 +7.7358151e-03 
+1.0332015e+03 +9.1599985e+02 +3.2935030e+00 +7.5313111e-03 
+1.0507134e+03 +8.7683467e+02 +3.2887771e+00 +7.3314882e-03 
+1.0688292e+03 +8.3900226e+02 +3.2841535e+00 +7.1361106e-03 
+1.0875806e+03 +8.0245048e+02 +3.2796302e+00 +6.9449612e-03 
+1.1070017e+03 +7.6713091e+02 +3.2752052e+00 +6.7578398e-03 
+1.1271290e+03 +7.3299849e+02 +3.2708767e+00 +6.5745620e-03 
+1.1480017e+03 +7.0001124e+02 +3.2666430e+00 +6.3949579e-03 
+1.1696621e+03 +6.6812998e+02 +3.2625023e+00 +6.2188707e-03 
+1.1921556e+03 +6.3731806e+02 +3.2584531e+00 +6.0461555e-03 
+1.2155312e+03 +6.0754115e+02 +3.2544937e+00 +5.8766788e-03 
+1.2398419e+03 +5.7876703e+02 +3.2506227e+00 +5.7103169e-03 
+1.2651448e+03 +5.5096539e+02 +3.2468387e+00 +5.5469553e-03 
+1.2915019e+03 +5.2410766e+02 +3.2431401e+00 +5.3864881e-03 
+1.3189807e+03 +4.9816687e+02 +3.2395258e+00 +5.2288167e-03 
+1.3476542e+03 +4.7311750e+02 +3.2359944e+00 +5.0738499e-03 
+1.3776021e+03 +4.4893533e+02 +3.2325447e+00 +4.9215024e-03 
+1.4089112e+03 +4.2559736e+02 +3.2291755e+00 +4.7716950e-03 
+1.4416766e+03 +4.0308169e+02 +3.2258857e+00 +4.6243537e-03 
+1.4760022e+03 +3.8136743e+02 +3.2226742e+00 +4.4794092e-03 
+1.5120023e+03 +3.6043460e+02 +3.2195398e+00 +4.3367966e-03 
+1.5498023e+03 +3.4026410e+02 +3.2164817e+00 +4.1964550e-03 
+1.5895408e+03 +3.2083756e+02 +3.2134988e+00 +4.0583269e-03 
+1.6313709e+03 +3.0213736e+02 +3.2105902e+00 +3.9223584e-03 
+1.6754620e+03 +2.8414655e+02 +3.2077549e+00 +3.7884983e-03 
+1.7220026e+03 +2.6684876e+02 +3.2049922e+00 +3.6566983e-03 
+1.7712027e+03 +2.5022821e+02 +3.2023010e+00 +3.5269123e-03 
+1.8232968e+03 +2.3426965e+02 +3.1996808e+00 +3.3990969e-03 
+1.8785483e+03 +2.1895831e+02 +3.1971306e+00 +3.2732104e-03 
+1.9372529e+03 +2.0427987e+02 +3.1946497e+00 +3.1492130e-03 
+1.9997449e+03 +1.9022047e+02 +3.1922374e+00 +3.0270667e-03 
+2.0664031e+03 +1.7676663e+02 +3.1898930e+00 +2.9067351e-03 
+2.1376584e+03 +1.6390525e+02 +3.1876158e+00 +2.7881832e-03 
+2.2140033e+03 +1.5162361e+02 +3.1854052e+00 +2.6713774e-03 
+2.2960034e+03 +1.3990931e+02 +3.1832606e+00 +2.5562850e-03 
+2.3843113e+03 +1.2875026e+02 +3.1811814e+00 +2.4428748e-03 
+2.4796837e+03 +1.1813472e+02 +3.1791670e+00 +2.3311165e-03 
