# title     = ank file for AlGaAs (x=0.75) after Djurisic
# reference = A.B.Djurisic et.al.J.Appl.Phys Vol.86 Nr.1 1999
# columns   = wavelength,absorption,n,k
# history   = created 3.6.2002 - 19:26 by letay
# units     = nm,cm^-1,1,1
# dataType  = matrix
+2.0664031e+02 +1.4839254e+06 +1.3187369e+00 +2.4401541e+00 
+2.0733141e+02 +1.4870427e+06 +1.3239276e+00 +2.4534584e+00 
+2.0802716e+02 +1.4902807e+06 +1.3292220e+00 +2.4670516e+00 
+2.0872759e+02 +1.4936444e+06 +1.3346265e+00 +2.4809454e+00 
+2.0943275e+02 +1.4971397e+06 +1.3401479e+00 +2.4951523e+00 
+2.1014269e+02 +1.5007723e+06 +1.3457938e+00 +2.5096850e+00 
+2.1085746e+02 +1.5045484e+06 +1.3515722e+00 +2.5245575e+00 
+2.1157711e+02 +1.5084745e+06 +1.3574921e+00 +2.5397840e+00 
+2.1230169e+02 +1.5125575e+06 +1.3635632e+00 +2.5553799e+00 
+2.1303125e+02 +1.5168045e+06 +1.3697962e+00 +2.5713611e+00 
+2.1376584e+02 +1.5212233e+06 +1.3762028e+00 +2.5877445e+00 
+2.1450551e+02 +1.5258218e+06 +1.3827957e+00 +2.6045482e+00 
+2.1525032e+02 +1.5306084e+06 +1.3895891e+00 +2.6217908e+00 
+2.1600032e+02 +1.5355921e+06 +1.3965986e+00 +2.6394923e+00 
+2.1675557e+02 +1.5407822e+06 +1.4038410e+00 +2.6576736e+00 
+2.1751612e+02 +1.5461886e+06 +1.4113354e+00 +2.6763570e+00 
+2.1828202e+02 +1.5518217e+06 +1.4191025e+00 +2.6955656e+00 
+2.1905333e+02 +1.5576923e+06 +1.4271653e+00 +2.7153241e+00 
+2.1983012e+02 +1.5638120e+06 +1.4355493e+00 +2.7356585e+00 
+2.2061243e+02 +1.5701928e+06 +1.4442828e+00 +2.7565959e+00 
+2.2140033e+02 +1.5768472e+06 +1.4533972e+00 +2.7781649e+00 
+2.2219388e+02 +1.5837884e+06 +1.4629275e+00 +2.8003956e+00 
+2.2299314e+02 +1.5910300e+06 +1.4729126e+00 +2.8233194e+00 
+2.2379817e+02 +1.5985863e+06 +1.4833959e+00 +2.8469691e+00 
+2.2460903e+02 +1.6064719e+06 +1.4944260e+00 +2.8713787e+00 
+2.2542579e+02 +1.6147019e+06 +1.5060572e+00 +2.8965837e+00 
+2.2624851e+02 +1.6232916e+06 +1.5183503e+00 +2.9226204e+00 
+2.2707726e+02 +1.6322566e+06 +1.5313736e+00 +2.9495259e+00 
+2.2791211e+02 +1.6416122e+06 +1.5452037e+00 +2.9773377e+00 
+2.2875311e+02 +1.6513736e+06 +1.5599269e+00 +3.0060935e+00 
+2.2960034e+02 +1.6615551e+06 +1.5756402e+00 +3.0358298e+00 
+2.3045388e+02 +1.6721699e+06 +1.5924529e+00 +3.0665818e+00 
+2.3131378e+02 +1.6832292e+06 +1.6104880e+00 +3.0983816e+00 
+2.3218012e+02 +1.6947417e+06 +1.6298842e+00 +3.1312569e+00 
+2.3305298e+02 +1.7067121e+06 +1.6507975e+00 +3.1652285e+00 
+2.3393243e+02 +1.7191398e+06 +1.6734036e+00 +3.2003079e+00 
+2.3481853e+02 +1.7320174e+06 +1.6978991e+00 +3.2364936e+00 
+2.3571138e+02 +1.7453278e+06 +1.7245039e+00 +3.2737665e+00 
+2.3661104e+02 +1.7590419e+06 +1.7534626e+00 +3.3120839e+00 
+2.3751760e+02 +1.7731146e+06 +1.7850448e+00 +3.3513727e+00 
+2.3843113e+02 +1.7874803e+06 +1.8195448e+00 +3.3915198e+00 
+2.3935171e+02 +1.8020483e+06 +1.8572790e+00 +3.4323621e+00 
+2.4027943e+02 +1.8166962e+06 +1.8985800e+00 +3.4736738e+00 
+2.4121437e+02 +1.8312638e+06 +1.9437874e+00 +3.5151530e+00 
+2.4215661e+02 +1.8455468e+06 +1.9932314e+00 +3.5564075e+00 
+2.4310625e+02 +1.8592911e+06 +2.0472099e+00 +3.5969437e+00 
+2.4406336e+02 +1.8721910e+06 +2.1059573e+00 +3.6361590e+00 
+2.4502804e+02 +1.8838915e+06 +2.1696040e+00 +3.6733456e+00 
+2.4600037e+02 +1.8939994e+06 +2.2381307e+00 +3.7077097e+00 
+2.4698045e+02 +1.9021050e+06 +2.3113235e+00 +3.7384124e+00 
+2.4796837e+02 +1.9078169e+06 +2.3887401e+00 +3.7646372e+00 
+2.4896423e+02 +1.9108069e+06 +2.4697057e+00 +3.7856799e+00 
+2.4996812e+02 +1.9108595e+06 +2.5533513e+00 +3.8010493e+00 
+2.5098013e+02 +1.9079121e+06 +2.6387079e+00 +3.8105515e+00 
+2.5200038e+02 +1.9020703e+06 +2.7248463e+00 +3.8143268e+00 
+2.5302895e+02 +1.8935846e+06 +2.8110343e+00 +3.8128091e+00 
+2.5406595e+02 +1.8827856e+06 +2.8968655e+00 +3.8066021e+00 
+2.5511149e+02 +1.8699920e+06 +2.9823102e+00 +3.7962947e+00 
+2.5616567e+02 +1.8554153e+06 +3.0676641e+00 +3.7822673e+00 
+2.5722860e+02 +1.8390910e+06 +3.1534022e+00 +3.7645460e+00 
+2.5830039e+02 +1.8208552e+06 +3.2399783e+00 +3.7427482e+00 
+2.5938114e+02 +1.8003726e+06 +3.3276238e+00 +3.7161303e+00 
+2.6047098e+02 +1.7772041e+06 +3.4161945e+00 +3.6837214e+00 
+2.6157001e+02 +1.7508969e+06 +3.5050959e+00 +3.6445060e+00 
+2.6267836e+02 +1.7210766e+06 +3.5932922e+00 +3.5976145e+00 
+2.6379614e+02 +1.6875227e+06 +3.6793904e+00 +3.5424865e+00 
+2.6492347e+02 +1.6502193e+06 +3.7617724e+00 +3.4789824e+00 
+2.6606048e+02 +1.6093755e+06 +3.8387534e+00 +3.4074374e+00 
+2.6720730e+02 +1.5654185e+06 +3.9087398e+00 +3.3286559e+00 
+2.6836404e+02 +1.5189626e+06 +3.9703712e+00 +3.2438558e+00 
+2.6953084e+02 +1.4707604e+06 +4.0226321e+00 +3.1545725e+00 
+2.7070783e+02 +1.4216416e+06 +4.0649228e+00 +3.0625350e+00 
+2.7189514e+02 +1.3724486e+06 +4.0970845e+00 +2.9695298e+00 
+2.7309292e+02 +1.3239763e+06 +4.1193766e+00 +2.8772711e+00 
+2.7430130e+02 +1.2769226e+06 +4.1324157e+00 +2.7872926e+00 
+2.7552041e+02 +1.2318573e+06 +4.1370878e+00 +2.7008739e+00 
+2.7675041e+02 +1.1892073e+06 +4.1344513e+00 +2.6190030e+00 
+2.7799145e+02 +1.1492587e+06 +4.1256450e+00 +2.5423736e+00 
+2.7924366e+02 +1.1121694e+06 +4.1118102e+00 +2.4714078e+00 
+2.8050721e+02 +1.0779901e+06 +4.0940331e+00 +2.4062954e+00 
+2.8178224e+02 +1.0466864e+06 +4.0733064e+00 +2.3470391e+00 
+2.8306892e+02 +1.0181612e+06 +4.0505089e+00 +2.2935006e+00 
+2.8436740e+02 +9.9227495e+05 +4.0263984e+00 +2.2454427e+00 
+2.8567785e+02 +9.6886190e+05 +4.0016142e+00 +2.2025642e+00 
+2.8700043e+02 +9.4774319e+05 +3.9766862e+00 +2.1645287e+00 
+2.8833532e+02 +9.2873666e+05 +3.9520464e+00 +2.1309858e+00 
+2.8968268e+02 +9.1166388e+05 +3.9280423e+00 +2.1015872e+00 
+2.9104269e+02 +8.9635488e+05 +3.9049507e+00 +2.0759975e+00 
+2.9241553e+02 +8.8265112e+05 +3.8829899e+00 +2.0539017e+00 
+2.9380139e+02 +8.7040725e+05 +3.8623321e+00 +2.0350097e+00 
+2.9520044e+02 +8.5949178e+05 +3.8431132e+00 +2.0190583e+00 
+2.9661288e+02 +8.4978716e+05 +3.8254428e+00 +2.0058124e+00 
+2.9803891e+02 +8.4118937e+05 +3.8094120e+00 +1.9950642e+00 
+2.9947871e+02 +8.3360712e+05 +3.7951017e+00 +1.9866324e+00 
+3.0093249e+02 +8.2696079e+05 +3.7825888e+00 +1.9803599e+00 
+3.0240045e+02 +8.2118112e+05 +3.7719535e+00 +1.9761119e+00 
+3.0388281e+02 +8.1620759e+05 +3.7632850e+00 +1.9737716e+00 
+3.0537977e+02 +8.1198654e+05 +3.7566878e+00 +1.9732369e+00 
+3.0689155e+02 +8.0846878e+05 +3.7522879e+00 +1.9744144e+00 
+3.0841837e+02 +8.0560665e+05 +3.7502385e+00 +1.9772128e+00 
+3.0996046e+02 +8.0335029e+05 +3.7507253e+00 +1.9815334e+00 
+3.1151805e+02 +8.0164295e+05 +3.7539713e+00 +1.9872584e+00 
+3.1309138e+02 +8.0041516e+05 +3.7602384e+00 +1.9942360e+00 
+3.1468067e+02 +7.9957760e+05 +3.7698272e+00 +2.0022616e+00 
+3.1628619e+02 +7.9901281e+05 +3.7830692e+00 +2.0110557e+00 
+3.1790817e+02 +7.9856625e+05 +3.8003121e+00 +2.0202391e+00 
+3.1954687e+02 +7.9803769e+05 +3.8218924e+00 +2.0293086e+00 
+3.2120255e+02 +7.9717505e+05 +3.8480940e+00 +2.0376182e+00 
+3.2287548e+02 +7.9567361e+05 +3.8790914e+00 +2.0443731e+00 
+3.2456593e+02 +7.9318437e+05 +3.9148811e+00 +2.0486474e+00 
+3.2627417e+02 +7.8933524e+05 +3.9552112e+00 +2.0494358e+00 
+3.2800049e+02 +7.8376660e+05 +3.9995289e+00 +2.0457444e+00 
+3.2974517e+02 +7.7617858e+05 +4.0469684e+00 +2.0367149e+00 
+3.3150852e+02 +7.6638096e+05 +4.0964025e+00 +2.0217597e+00 
+3.3329082e+02 +7.5433123e+05 +4.1465661e+00 +2.0006705e+00 
+3.3509239e+02 +7.4014529e+05 +4.1962319e+00 +1.9736570e+00 
+3.3691355e+02 +7.2407189e+05 +4.2443942e+00 +1.9412895e+00 
+3.3875461e+02 +7.0643369e+05 +4.2904046e+00 +1.9043499e+00 
+3.4061589e+02 +6.8755123e+05 +4.3340112e+00 +1.8636318e+00 
+3.4249775e+02 +6.6767204e+05 +4.3752904e+00 +1.8197471e+00 
+3.4440052e+02 +6.4692545e+05 +4.4144887e+00 +1.7729977e+00 
+3.4632454e+02 +6.2531515e+05 +4.4518233e+00 +1.7233455e+00 
+3.4827018e+02 +6.0275059e+05 +4.4872954e+00 +1.6704908e+00 
+3.5023781e+02 +5.7910841e+05 +4.5205690e+00 +1.6140353e+00 
+3.5222780e+02 +5.5430683e+05 +4.5509514e+00 +1.5536887e+00 
+3.5424053e+02 +5.2837168e+05 +4.5774848e+00 +1.4894568e+00 
+3.5627640e+02 +5.0147402e+05 +4.5991241e+00 +1.4217578e+00 
+3.5833580e+02 +4.7392826e+05 +4.6149474e+00 +1.3514281e+00 
+3.6041914e+02 +4.4615332e+05 +4.6243349e+00 +1.2796232e+00 
+3.6252686e+02 +4.1861182e+05 +4.6270681e+00 +1.2076520e+00 
+3.6465937e+02 +3.9174722e+05 +4.6233353e+00 +1.1367983e+00 
+3.6681712e+02 +3.6593524e+05 +4.6136615e+00 +1.0681788e+00 
+3.6900055e+02 +3.4145707e+05 +4.5987977e+00 +1.0026590e+00 
+3.7121014e+02 +3.1849348e+05 +4.5796065e+00 +9.4082860e-01 
+3.7344634e+02 +2.9713405e+05 +4.5569658e+00 +8.8302047e-01 
+3.7570965e+02 +2.7739429e+05 +4.5317018e+00 +8.2935412e-01 
+3.7800057e+02 +2.5923500e+05 +4.5045496e+00 +7.7978741e-01 
+3.8031959e+02 +2.4258022e+05 +4.4761367e+00 +7.3416592e-01 
+3.8266724e+02 +2.2733198e+05 +4.4469820e+00 +6.9226432e-01 
+3.8504406e+02 +2.1338143e+05 +4.4175033e+00 +6.5381845e-01 
+3.8745058e+02 +2.0061677e+05 +4.3880299e+00 +6.1854841e-01 
+3.8988738e+02 +1.8892846e+05 +4.3588163e+00 +5.8617418e-01 
+3.9235502e+02 +1.7821233e+05 +4.3300555e+00 +5.5642560e-01 
+3.9485409e+02 +1.6837143e+05 +4.3018906e+00 +5.2904811e-01 
+3.9738521e+02 +1.5931665e+05 +4.2744255e+00 +5.0380563e-01 
+3.9994899e+02 +1.5096696e+05 +4.2477329e+00 +4.8048146e-01 
+4.0254606e+02 +1.4324898e+05 +4.2218617e+00 +4.5887802e-01 
+4.0517708e+02 +1.3609659e+05 +4.1968423e+00 +4.3881580e-01 
+4.0784272e+02 +1.2945021e+05 +4.1726907e+00 +4.2013186e-01 
+4.1054366e+02 +1.2325617e+05 +4.1494128e+00 +4.0267824e-01 
+4.1328062e+02 +1.1746600e+05 +4.1270061e+00 +3.8632015e-01 
+4.1605431e+02 +1.1203580e+05 +4.1054626e+00 +3.7093430e-01 
+4.1886549e+02 +1.0692559e+05 +4.0847698e+00 +3.5640712e-01 
+4.2171492e+02 +1.0209871e+05 +4.0649125e+00 +3.4263314e-01 
+4.2460338e+02 +9.7521243e+04 +4.0458731e+00 +3.2951319e-01 
+4.2753167e+02 +9.3161402e+04 +4.0276330e+00 +3.1695269e-01 
+4.3050064e+02 +8.8988917e+04 +4.0101726e+00 +3.0485959e-01 
+4.3351114e+02 +8.4974303e+04 +3.9934719e+00 +2.9314197e-01 
+4.3656403e+02 +8.1087931e+04 +3.9775106e+00 +2.8170484e-01 
+4.3966023e+02 +7.7298708e+04 +3.9622683e+00 +2.7044538e-01 
+4.4280066e+02 +7.3571831e+04 +3.9477236e+00 +2.5924475e-01 
+4.4598628e+02 +6.9862179e+04 +3.9338340e+00 +2.4794409e-01 
+4.4921806e+02 +6.6078499e+04 +3.9202629e+00 +2.3621503e-01 
+4.5249703e+02 +6.2047331e+04 +3.9050115e+00 +2.2342356e-01 
+4.5582421e+02 +5.8315944e+04 +3.8855751e+00 +2.1153140e-01 
+4.5920069e+02 +5.5135532e+04 +3.8685868e+00 +2.0147642e-01 
+4.6262756e+02 +5.1270396e+04 +3.8557535e+00 +1.8875059e-01 
+4.6610596e+02 +4.7511687e+04 +3.8413749e+00 +1.7622814e-01 
+4.6963707e+02 +4.4814663e+04 +3.8268594e+00 +1.6748374e-01 
+4.7322208e+02 +4.2431510e+04 +3.8134522e+00 +1.5978780e-01 
+4.7686225e+02 +4.0058172e+04 +3.8009553e+00 +1.5201072e-01 
+4.8055886e+02 +3.7637283e+04 +3.7892331e+00 +1.4393121e-01 
+4.8431323e+02 +3.5137365e+04 +3.7782035e+00 +1.3542089e-01 
+4.8812672e+02 +3.2518090e+04 +3.7678093e+00 +1.2631291e-01 
+4.9200074e+02 +2.9716770e+04 +3.7579776e+00 +1.1634762e-01 
+4.9593674e+02 +2.6578719e+04 +3.7481468e+00 +1.0489396e-01 
+4.9993623e+02 +2.2681476e+04 +3.7343570e+00 +9.0235216e-02 
+5.0400076e+02 +1.8766520e+04 +3.7085190e+00 +7.5267081e-02 
+5.0813191e+02 +1.6391812e+04 +3.6840515e+00 +6.6281690e-02 
+5.1233135e+02 +1.2805588e+04 +3.6707549e+00 +5.2208424e-02 
+5.1660077e+02 +8.7076570e+03 +3.6542816e+00 +3.5796989e-02 
+5.2094196e+02 +7.0869704e+03 +3.6345790e+00 +2.9379208e-02 
+5.2535672e+02 +6.4790667e+03 +3.6165088e+00 +2.7086749e-02 
+5.2984695e+02 +6.0290203e+03 +3.5998091e+00 +2.5420689e-02 
+5.3441459e+02 +5.6160704e+03 +3.5841322e+00 +2.3883666e-02 
+5.3906168e+02 +5.2313498e+03 +3.5692708e+00 +2.2441008e-02 
+5.4379029e+02 +4.8730177e+03 +3.5550895e+00 +2.1087232e-02 
+5.4860259e+02 +4.5394458e+03 +3.5414933e+00 +1.9817589e-02 
+5.5350083e+02 +4.2290559e+03 +3.5284122e+00 +1.8627383e-02 
+5.5848732e+02 +3.9403355e+03 +3.5157924e+00 +1.7512037e-02 
+5.6356448e+02 +3.6718455e+03 +3.5035914e+00 +1.6467139e-02 
+5.6873480e+02 +3.4222236e+03 +3.4917747e+00 +1.5488463e-02 
+5.7400086e+02 +3.1901846e+03 +3.4803134e+00 +1.4571978e-02 
+5.7936535e+02 +2.9745192e+03 +3.4691833e+00 +1.3713851e-02 
+5.8483106e+02 +2.7740914e+03 +3.4583635e+00 +1.2910449e-02 
+5.9040088e+02 +2.5878362e+03 +3.4478360e+00 +1.2158330e-02 
+5.9607782e+02 +2.4147562e+03 +3.4375848e+00 +1.1454243e-02 
+6.0186498e+02 +2.2539184e+03 +3.4275958e+00 +1.0795118e-02 
+6.0776562e+02 +2.1044508e+03 +3.4178564e+00 +1.0178061e-02 
+6.1378310e+02 +1.9655394e+03 +3.4083550e+00 +9.6003444e-03 
+6.1992093e+02 +1.8364249e+03 +3.3990814e+00 +9.0594034e-03 
+6.2618276e+02 +1.7163994e+03 +3.3900262e+00 +8.5528251e-03 
+6.3257238e+02 +1.6048037e+03 +3.3811805e+00 +8.0783430e-03 
+6.3909374e+02 +1.5010244e+03 +3.3725365e+00 +7.6338293e-03 
+6.4575097e+02 +1.4044906e+03 +3.3640868e+00 +7.2172879e-03 
+6.5254835e+02 +1.3146720e+03 +3.3558243e+00 +6.8268481e-03 
+6.5949035e+02 +1.2310759e+03 +3.3477429e+00 +6.4607573e-03 
+6.6658164e+02 +1.1532451e+03 +3.3398364e+00 +6.1173752e-03 
+6.7382710e+02 +1.0807554e+03 +3.3320993e+00 +5.7951676e-03 
+6.8123179e+02 +1.0132133e+03 +3.3245263e+00 +5.4927003e-03 
+6.8880103e+02 +9.5025440e+02 +3.3171124e+00 +5.2086337e-03 
+6.9654037e+02 +8.9154127e+02 +3.3098529e+00 +4.9417171e-03 
+7.0445560e+02 +8.3676147e+02 +3.3027436e+00 +4.6907840e-03 
+7.1255279e+02 +7.8562596e+02 +3.2957800e+00 +4.4547466e-03 
+7.2083829e+02 +7.3786751e+02 +3.2889584e+00 +4.2325916e-03 
+7.2931874e+02 +6.9323907e+02 +3.2822749e+00 +4.0233752e-03 
+7.3800111e+02 +6.5151242e+02 +3.2757259e+00 +3.8262192e-03 
+7.4689269e+02 +6.1247676e+02 +3.2693081e+00 +3.6403066e-03 
+7.5600113e+02 +5.7593749e+02 +3.2630181e+00 +3.4648779e-03 
+7.6533448e+02 +5.4171497e+02 +3.2568530e+00 +3.2992274e-03 
+7.7490116e+02 +5.0964344e+02 +3.2508097e+00 +3.1426997e-03 
+7.8471004e+02 +4.7956999e+02 +3.2448854e+00 +2.9946864e-03 
+7.9477042e+02 +4.5135357e+02 +3.2390774e+00 +2.8546227e-03 
+8.0509212e+02 +4.2486406e+02 +3.2333831e+00 +2.7219849e-03 
+8.1568543e+02 +3.9998148e+02 +3.2278000e+00 +2.5962872e-03 
+8.2656124e+02 +3.7659517e+02 +3.2223258e+00 +2.4770793e-03 
+8.3773098e+02 +3.5460304e+02 +3.2169582e+00 +2.3639439e-03 
+8.4920675e+02 +3.3391093e+02 +3.2116949e+00 +2.2564941e-03 
+8.6100129e+02 +3.1443198e+02 +3.2065339e+00 +2.1543717e-03 
+8.7312807e+02 +2.9608599e+02 +3.2014731e+00 +2.0572447e-03 
+8.8560133e+02 +2.7879896e+02 +3.1965107e+00 +1.9648054e-03 
+8.9843613e+02 +2.6250250e+02 +3.1916446e+00 +1.8767689e-03 
+9.1164842e+02 +2.4713346e+02 +3.1868732e+00 +1.7928712e-03 
+9.2525512e+02 +2.3263344e+02 +3.1821946e+00 +1.7128676e-03 
+9.3927413e+02 +2.1894842e+02 +3.1776073e+00 +1.6365313e-03 
+9.5372451e+02 +2.0602838e+02 +3.1731095e+00 +1.5636521e-03 
+9.6862645e+02 +1.9382700e+02 +3.1686998e+00 +1.4940349e-03 
+9.8400147e+02 +1.8230134e+02 +3.1643766e+00 +1.4274988e-03 
+9.9987247e+02 +1.7141154e+02 +3.1601384e+00 +1.3638757e-03 
+1.0162638e+03 +1.6112058e+02 +3.1559840e+00 +1.3030096e-03 
+1.0332015e+03 +1.5139406e+02 +3.1519119e+00 +1.2447554e-03 
+1.0507134e+03 +1.4219994e+02 +3.1479208e+00 +1.1889780e-03 
+1.0688292e+03 +1.3350839e+02 +3.1440095e+00 +1.1355519e-03 
+1.0875806e+03 +1.2529158e+02 +3.1401767e+00 +1.0843600e-03 
+1.1070017e+03 +1.1752354e+02 +3.1364213e+00 +1.0352930e-03 
+1.1271290e+03 +1.1017996e+02 +3.1327421e+00 +9.8824890e-04 
+1.1480017e+03 +1.0323811e+02 +3.1291380e+00 +9.4313249e-04 
+1.1696621e+03 +9.6676684e+01 +3.1256080e+00 +8.9985453e-04 
+1.1921556e+03 +9.0475701e+01 +3.1221511e+00 +8.5833149e-04 
+1.2155312e+03 +8.4616383e+01 +3.1187662e+00 +8.1848498e-04 
+1.2398419e+03 +7.9081075e+01 +3.1154524e+00 +7.8024141e-04 
+1.2651448e+03 +7.3853154e+01 +3.1122087e+00 +7.4353155e-04 
+1.2915019e+03 +6.8916950e+01 +3.1090342e+00 +7.0829022e-04 
+1.3189807e+03 +6.4257679e+01 +3.1059282e+00 +6.7445598e-04 
+1.3476542e+03 +5.9861372e+01 +3.1028897e+00 +6.4197080e-04 
+1.3776021e+03 +5.5714822e+01 +3.0999178e+00 +6.1077981e-04 
+1.4089112e+03 +5.1805526e+01 +3.0970120e+00 +5.8083108e-04 
+1.4416766e+03 +4.8121638e+01 +3.0941712e+00 +5.5207538e-04 
+1.4760022e+03 +4.4651924e+01 +3.0913949e+00 +5.2446598e-04 
+1.5120023e+03 +4.1385721e+01 +3.0886824e+00 +4.9795845e-04 
+1.5498023e+03 +3.8312902e+01 +3.0860328e+00 +4.7251053e-04 
+1.5895408e+03 +3.5423839e+01 +3.0834456e+00 +4.4808195e-04 
+1.6313709e+03 +3.2709373e+01 +3.0809201e+00 +4.2463428e-04 
+1.6754620e+03 +3.0160787e+01 +3.0784556e+00 +4.0213084e-04 
+1.7220026e+03 +2.7769780e+01 +3.0760516e+00 +3.8053655e-04 
+1.7712027e+03 +2.5528442e+01 +3.0737076e+00 +3.5981785e-04 
+1.8232968e+03 +2.3429232e+01 +3.0714228e+00 +3.3994258e-04 
+1.8785483e+03 +2.1464957e+01 +3.0691968e+00 +3.2087991e-04 
+1.9372529e+03 +1.9628758e+01 +3.0670291e+00 +3.0260024e-04 
+1.9997449e+03 +1.7914086e+01 +3.0649191e+00 +2.8507517e-04 
+2.0664031e+03 +1.6314691e+01 +3.0628664e+00 +2.6827737e-04 
+2.1376584e+03 +1.4824607e+01 +3.0608705e+00 +2.5218056e-04 
+2.2140033e+03 +1.3438134e+01 +3.0589308e+00 +2.3675947e-04 
+2.2960034e+03 +1.2149830e+01 +3.0570471e+00 +2.2198973e-04 
+2.3843113e+03 +1.0954499e+01 +3.0552189e+00 +2.0784788e-04 
+2.4796837e+03 +9.8471740e+00 +3.0534457e+00 +1.9431129e-04 
