# title     = ank file for AlGaAs (x=0.82) after Djurisic
# reference = A.B.Djurisic et.al.J.Appl.Phys Vol.86 Nr.1 1999
# columns   = wavelength,absorption,n,k
# history   = created 12.6.2002 - 14:56 by letay
# units     = nm,cm^-1,1,1
# dataType  = matrix
+2.0664031e+02 +1.4994012e+06 +1.3401635e+00 +2.4656024e+00 
+2.0733141e+02 +1.5024310e+06 +1.3454327e+00 +2.4788474e+00 
+2.0802716e+02 +1.5055877e+06 +1.3508063e+00 +2.4923913e+00 
+2.0872759e+02 +1.5088769e+06 +1.3562910e+00 +2.5062466e+00 
+2.0943275e+02 +1.5123046e+06 +1.3618939e+00 +2.5204263e+00 
+2.1014269e+02 +1.5158772e+06 +1.3676230e+00 +2.5349444e+00 
+2.1085746e+02 +1.5196013e+06 +1.3734869e+00 +2.5498155e+00 
+2.1157711e+02 +1.5234839e+06 +1.3794950e+00 +2.5650550e+00 
+2.1230169e+02 +1.5275324e+06 +1.3856578e+00 +2.5806792e+00 
+2.1303125e+02 +1.5317547e+06 +1.3919864e+00 +2.5967054e+00 
+2.1376584e+02 +1.5361590e+06 +1.3984937e+00 +2.6131516e+00 
+2.1450551e+02 +1.5407540e+06 +1.4051931e+00 +2.6300372e+00 
+2.1525032e+02 +1.5455488e+06 +1.4121001e+00 +2.6473823e+00 
+2.1600032e+02 +1.5505531e+06 +1.4192313e+00 +2.6652084e+00 
+2.1675557e+02 +1.5557771e+06 +1.4266054e+00 +2.6835382e+00 
+2.1751612e+02 +1.5612315e+06 +1.4342427e+00 +2.7023953e+00 
+2.1828202e+02 +1.5669276e+06 +1.4421662e+00 +2.7218052e+00 
+2.1905333e+02 +1.5728773e+06 +1.4504009e+00 +2.7417942e+00 
+2.1983012e+02 +1.5790931e+06 +1.4589751e+00 +2.7623904e+00 
+2.2061243e+02 +1.5855879e+06 +1.4679200e+00 +2.7836232e+00 
+2.2140033e+02 +1.5923755e+06 +1.4772704e+00 +2.8055234e+00 
+2.2219388e+02 +1.5994702e+06 +1.4870652e+00 +2.8281235e+00 
+2.2299314e+02 +1.6068867e+06 +1.4973480e+00 +2.8514574e+00 
+2.2379817e+02 +1.6146403e+06 +1.5081674e+00 +2.8755601e+00 
+2.2460903e+02 +1.6227468e+06 +1.5195783e+00 +2.9004683e+00 
+2.2542579e+02 +1.6312224e+06 +1.5316417e+00 +2.9262196e+00 
+2.2624851e+02 +1.6400832e+06 +1.5444269e+00 +2.9528525e+00 
+2.2707726e+02 +1.6493455e+06 +1.5580114e+00 +2.9804060e+00 
+2.2791211e+02 +1.6590251e+06 +1.5724826e+00 +3.0089190e+00 
+2.2875311e+02 +1.6691372e+06 +1.5879394e+00 +3.0384297e+00 
+2.2960034e+02 +1.6796957e+06 +1.6044930e+00 +3.0689744e+00 
+2.3045388e+02 +1.6907123e+06 +1.6222691e+00 +3.1005867e+00 
+2.3131378e+02 +1.7021963e+06 +1.6414095e+00 +3.1332951e+00 
+2.3218012e+02 +1.7141527e+06 +1.6620742e+00 +3.1671212e+00 
+2.3305298e+02 +1.7265809e+06 +1.6844432e+00 +3.2020766e+00 
+2.3393243e+02 +1.7394728e+06 +1.7087186e+00 +3.2381592e+00 
+2.3481853e+02 +1.7528105e+06 +1.7351267e+00 +3.2753481e+00 
+2.3571138e+02 +1.7665628e+06 +1.7639192e+00 +3.3135975e+00 
+2.3661104e+02 +1.7806816e+06 +1.7953737e+00 +3.3528291e+00 
+2.3751760e+02 +1.7950972e+06 +1.8297932e+00 +3.3929222e+00 
+2.3843113e+02 +1.8097126e+06 +1.8675034e+00 +3.4337027e+00 
+2.3935171e+02 +1.8243969e+06 +1.9088461e+00 +3.4749294e+00 
+2.4027943e+02 +1.8389787e+06 +1.9541685e+00 +3.5162797e+00 
+2.4121437e+02 +1.8532388e+06 +2.0038066e+00 +3.5573345e+00 
+2.4215661e+02 +1.8669048e+06 +2.0580590e+00 +3.5975649e+00 
+2.4310625e+02 +1.8796475e+06 +2.1171531e+00 +3.6363248e+00 
+2.4406336e+02 +1.8910845e+06 +2.1811998e+00 +3.6728539e+00 
+2.4502804e+02 +1.9007910e+06 +2.2501419e+00 +3.7062974e+00 
+2.4600037e+02 +1.9083239e+06 +2.3237009e+00 +3.7357515e+00 
+2.4698045e+02 +1.9132607e+06 +2.4013358e+00 +3.7603378e+00 
+2.4796837e+02 +1.9152515e+06 +2.4822299e+00 +3.7793075e+00 
+2.4896423e+02 +1.9140790e+06 +2.5653265e+00 +3.7921626e+00 
+2.4996812e+02 +1.9097124e+06 +2.6494290e+00 +3.7987676e+00 
+2.5098013e+02 +1.9023365e+06 +2.7333611e+00 +3.7994159e+00 
+2.5200038e+02 +1.8923390e+06 +2.8161644e+00 +3.7948121e+00 
+2.5302895e+02 +1.8802467e+06 +2.8972813e+00 +3.7859527e+00 
+2.5406595e+02 +1.8666202e+06 +2.9766680e+00 +3.7739190e+00 
+2.5511149e+02 +1.8519310e+06 +3.0547953e+00 +3.7596287e+00 
+2.5616567e+02 +1.8364522e+06 +3.1325293e+00 +3.7436108e+00 
+2.5722860e+02 +1.8201916e+06 +3.2109209e+00 +3.7258596e+00 
+2.5830039e+02 +1.8028784e+06 +3.2909559e+00 +3.7057970e+00 
+2.5938114e+02 +1.7840032e+06 +3.3733162e+00 +3.6823423e+00 
+2.6047098e+02 +1.7628981e+06 +3.4581943e+00 +3.6540684e+00 
+2.6157001e+02 +1.7388421e+06 +3.5451835e+00 +3.6194139e+00 
+2.6267836e+02 +1.7111749e+06 +3.6332533e+00 +3.5769168e+00 
+2.6379614e+02 +1.6794040e+06 +3.7208114e+00 +3.5254435e+00 
+2.6492347e+02 +1.6432935e+06 +3.8058445e+00 +3.4643814e+00 
+2.6606048e+02 +1.6029205e+06 +3.8861232e+00 +3.3937706e+00 
+2.6720730e+02 +1.5586905e+06 +3.9594453e+00 +3.3143498e+00 
+2.6836404e+02 +1.5113067e+06 +4.0238805e+00 +3.2275060e+00 
+2.6953084e+02 +1.4616976e+06 +4.0779742e+00 +3.1351343e+00 
+2.7070783e+02 +1.4109174e+06 +4.1208773e+00 +3.0394327e+00 
+2.7189514e+02 +1.3600367e+06 +4.1523820e+00 +2.9426745e+00 
+2.7309292e+02 +1.3100469e+06 +4.1728692e+00 +2.8469996e+00 
+2.7430130e+02 +1.2617887e+06 +4.1831918e+00 +2.7542581e+00 
+2.7552041e+02 +1.2159149e+06 +4.1845263e+00 +2.6659199e+00 
+2.7675041e+02 +1.1728811e+06 +4.1782236e+00 +2.5830475e+00 
+2.7799145e+02 +1.1329604e+06 +4.1656816e+00 +2.5063187e+00 
+2.7924366e+02 +1.0962709e+06 +4.1482488e+00 +2.4360789e+00 
+2.8050721e+02 +1.0628091e+06 +4.1271622e+00 +2.3724083e+00 
+2.8178224e+02 +1.0324825e+06 +4.1035135e+00 +2.3151890e+00 
+2.8306892e+02 +1.0051389e+06 +4.0782376e+00 +2.2641668e+00 
+2.8436740e+02 +9.8059047e+05 +4.0521161e+00 +2.2190016e+00 
+2.8567785e+02 +9.5863170e+05 +4.0257900e+00 +2.1793074e+00 
+2.8700043e+02 +9.3905330e+05 +3.9997771e+00 +2.1446821e+00 
+2.8833532e+02 +9.2165131e+05 +3.9744909e+00 +2.1147285e+00 
+2.8968268e+02 +9.0623320e+05 +3.9502597e+00 +2.0890682e+00 
+2.9104269e+02 +8.9262155e+05 +3.9273437e+00 +2.0673509e+00 
+2.9241553e+02 +8.8065588e+05 +3.9059518e+00 +2.0492588e+00 
+2.9380139e+02 +8.7019323e+05 +3.8862556e+00 +2.0345093e+00 
+2.9520044e+02 +8.6110778e+05 +3.8684024e+00 +2.0228545e+00 
+2.9661288e+02 +8.5328983e+05 +3.8525272e+00 +2.0140800e+00 
+2.9803891e+02 +8.4664415e+05 +3.8387635e+00 +2.0080014e+00 
+2.9947871e+02 +8.4108777e+05 +3.8272537e+00 +2.0044601e+00 
+3.0093249e+02 +8.3654722e+05 +3.8181589e+00 +2.0033170e+00 
+3.0240045e+02 +8.3295481e+05 +3.8116690e+00 +2.0044444e+00 
+3.0388281e+02 +8.3024403e+05 +3.8080113e+00 +2.0077148e+00 
+3.0537977e+02 +8.2834347e+05 +3.8074592e+00 +2.0129864e+00 
+3.0689155e+02 +8.2716906e+05 +3.8103377e+00 +2.0200836e+00 
+3.0841837e+02 +8.2661436e+05 +3.8170259e+00 +2.0287724e+00 
+3.0996046e+02 +8.2653872e+05 +3.8279512e+00 +2.0387297e+00 
+3.1151805e+02 +8.2675384e+05 +3.8435734e+00 +2.0495078e+00 
+3.1309138e+02 +8.2701008e+05 +3.8643511e+00 +2.0604973e+00 
+3.1468067e+02 +8.2698529e+05 +3.8906872e+00 +2.0708946e+00 
+3.1628619e+02 +8.2628071e+05 +3.9228495e+00 +2.0796870e+00 
+3.1790817e+02 +8.2443037e+05 +3.9608710e+00 +2.0856710e+00 
+3.1954687e+02 +8.2093030e+05 +4.0044434e+00 +2.0875217e+00 
+3.2120255e+02 +8.1529130e+05 +4.0528338e+00 +2.0839243e+00 
+3.2287548e+02 +8.0711118e+05 +4.1048655e+00 +2.0737604e+00 
+3.2456593e+02 +7.9615147e+05 +4.1589989e+00 +2.0563109e+00 
+3.2627417e+02 +7.8239371e+05 +4.2135249e+00 +2.0314128e+00 
+3.2800049e+02 +7.6604940e+05 +4.2668350e+00 +1.9995000e+00 
+3.2974517e+02 +7.4751119e+05 +4.3176907e+00 +1.9614908e+00 
+3.3150852e+02 +7.2725513e+05 +4.3653971e+00 +1.9185434e+00 
+3.3329082e+02 +7.0572452e+05 +4.4098217e+00 +1.8717537e+00 
+3.3509239e+02 +6.8323229e+05 +4.4512509e+00 +1.8218939e+00 
+3.3691355e+02 +6.5991044e+05 +4.4901363e+00 +1.7692679e+00 
+3.3875461e+02 +6.3571841e+05 +4.5268088e+00 +1.7137211e+00 
+3.4061589e+02 +6.1050556e+05 +4.5612412e+00 +1.6547968e+00 
+3.4249775e+02 +5.8410893e+05 +4.5929302e+00 +1.5919950e+00 
+3.4440052e+02 +5.5645743e+05 +4.6209331e+00 +1.5250563e+00 
+3.4632454e+02 +5.2764977e+05 +4.6440538e+00 +1.4541833e+00 
+3.4827018e+02 +4.9798057e+05 +4.6611180e+00 +1.3801263e+00 
+3.5023781e+02 +4.6790788e+05 +4.6712446e+00 +1.3041079e+00 
+3.5222780e+02 +4.3797779e+05 +4.6740263e+00 +1.2276254e+00 
+3.5424053e+02 +4.0873572e+05 +4.6695760e+00 +1.1522083e+00 
+3.5627640e+02 +3.8065261e+05 +4.6584550e+00 +1.0792101e+00 
+3.5833580e+02 +3.5408173e+05 +4.6415312e+00 +1.0096802e+00 
+3.6041914e+02 +3.2924702e+05 +4.6198237e+00 +9.4432143e-01 
+3.6252686e+02 +3.0625449e+05 +4.5943721e+00 +8.8351268e-01 
+3.6465937e+02 +2.8511568e+05 +4.5661466e+00 +8.2736781e-01 
+3.6681712e+02 +2.6577426e+05 +4.5359984e+00 +7.7580514e-01 
+3.6900055e+02 +2.4813013e+05 +4.5046405e+00 +7.2861256e-01 
+3.7121014e+02 +2.3205872e+05 +4.4726499e+00 +6.8550062e-01 
+3.7344634e+02 +2.1742511e+05 +4.4404806e+00 +6.4614210e-01 
+3.7570965e+02 +2.0409353e+05 +4.4084809e+00 +6.1019932e-01 
+3.7800057e+02 +1.9193332e+05 +4.3769123e+00 +5.7734174e-01 
+3.8031959e+02 +1.8082228e+05 +4.3459663e+00 +5.4725631e-01 
+3.8266724e+02 +1.7064828e+05 +4.3157796e+00 +5.1965287e-01 
+3.8504406e+02 +1.6130967e+05 +4.2864462e+00 +4.9426627e-01 
+3.8745058e+02 +1.5271509e+05 +4.2580279e+00 +4.7085631e-01 
+3.8988738e+02 +1.4478274e+05 +4.2305614e+00 +4.4920656e-01 
+3.9235502e+02 +1.3743961e+05 +4.2040653e+00 +4.2912247e-01 
+3.9485409e+02 +1.3062051e+05 +4.1785443e+00 +4.1042911e-01 
+3.9738521e+02 +1.2426715e+05 +4.1539935e+00 +3.9296891e-01 
+3.9994899e+02 +1.1832727e+05 +4.1304006e+00 +3.7659936e-01 
+4.0254606e+02 +1.1275374e+05 +4.1077484e+00 +3.6119080e-01 
+4.0517708e+02 +1.0750385e+05 +4.0860162e+00 +3.4662430e-01 
+4.0784272e+02 +1.0253847e+05 +4.0651812e+00 +3.3278955e-01 
+4.1054366e+02 +9.7821417e+04 +4.0452192e+00 +3.1958283e-01 
+4.1328062e+02 +9.3318634e+04 +4.0261053e+00 +3.0690471e-01 
+4.1605431e+02 +8.8997414e+04 +4.0078144e+00 +2.9465754e-01 
+4.1886549e+02 +8.4825401e+04 +3.9903215e+00 +2.8274220e-01 
+4.2171492e+02 +8.0769230e+04 +3.9736015e+00 +2.7105351e-01 
+4.2460338e+02 +7.6792391e+04 +3.9576295e+00 +2.5947276e-01 
+4.2753167e+02 +7.2850393e+04 +3.9423725e+00 +2.4785080e-01 
+4.3050064e+02 +6.8866564e+04 +3.9276418e+00 +2.3592413e-01 
+4.3351114e+02 +6.4661941e+04 +3.9119991e+00 +2.2306896e-01 
+4.3656403e+02 +6.0538841e+04 +3.8921921e+00 +2.1031594e-01 
+4.3966023e+02 +5.7114704e+04 +3.8734420e+00 +1.9982750e-01 
+4.4280066e+02 +5.3055258e+04 +3.8591465e+00 +1.8695059e-01 
+4.4598628e+02 +4.9069783e+04 +3.8435749e+00 +1.7415092e-01 
+4.4921806e+02 +4.6201393e+04 +3.8279672e+00 +1.6515906e-01 
+4.5249703e+02 +4.3643529e+04 +3.8135166e+00 +1.5715411e-01 
+4.5582421e+02 +4.1088652e+04 +3.8000022e+00 +1.4904226e-01 
+4.5920069e+02 +3.8480360e+04 +3.7872828e+00 +1.4061505e-01 
+4.6262756e+02 +3.5782674e+04 +3.7752731e+00 +1.3173295e-01 
+4.6610596e+02 +3.2946902e+04 +3.7639116e+00 +1.2220511e-01 
+4.6963707e+02 +2.9889814e+04 +3.7530786e+00 +1.1170580e-01 
+4.7322208e+02 +2.6371748e+04 +3.7416161e+00 +9.9310246e-02 
+4.7686225e+02 +2.2009465e+04 +3.7231187e+00 +8.3520400e-02 
+4.8055886e+02 +1.8684510e+04 +3.6946828e+00 +7.1452666e-02 
+4.8431323e+02 +1.5790321e+04 +3.6753503e+00 +6.0856562e-02 
+4.8812672e+02 +1.1222816e+04 +3.6605973e+00 +4.3593783e-02 
+4.9200074e+02 +8.5141064e+03 +3.6401392e+00 +3.3334578e-02 
+4.9593674e+02 +7.6258484e+03 +3.6206728e+00 +3.0095710e-02 
+4.9993623e+02 +7.0777673e+03 +3.6028066e+00 +2.8157950e-02 
+5.0400076e+02 +6.5853034e+03 +3.5860998e+00 +2.6411746e-02 
+5.0813191e+02 +6.1263956e+03 +3.5702952e+00 +2.4772603e-02 
+5.1233135e+02 +5.6986077e+03 +3.5552316e+00 +2.3233242e-02 
+5.1660077e+02 +5.3000927e+03 +3.5407997e+00 +2.1788566e-02 
+5.2094196e+02 +4.9290484e+03 +3.5269203e+00 +2.0433490e-02 
+5.2535672e+02 +4.5837368e+03 +3.5135336e+00 +1.9163027e-02 
+5.2984695e+02 +4.2624976e+03 +3.5005928e+00 +1.7972344e-02 
+5.3441459e+02 +3.9637536e+03 +3.4880602e+00 +1.6856798e-02 
+5.3906168e+02 +3.6860124e+03 +3.4759045e+00 +1.5811948e-02 
+5.4379029e+02 +3.4278658e+03 +3.4640997e+00 +1.4833560e-02 
+5.4860259e+02 +3.1879882e+03 +3.4526234e+00 +1.3917611e-02 
+5.5350083e+02 +2.9651329e+03 +3.4414562e+00 +1.3060283e-02 
+5.5848732e+02 +2.7581298e+03 +3.4305811e+00 +1.2257959e-02 
+5.6356448e+02 +2.5658815e+03 +3.4199830e+00 +1.1507218e-02 
+5.6873480e+02 +2.3873598e+03 +3.4096483e+00 +1.0804827e-02 
+5.7400086e+02 +2.2216023e+03 +3.3995650e+00 +1.0147732e-02 
+5.7936535e+02 +2.0677088e+03 +3.3897221e+00 +9.5330537e-03 
+5.8483106e+02 +1.9248383e+03 +3.3801094e+00 +8.9580774e-03 
+5.9040088e+02 +1.7922049e+03 +3.3707177e+00 +8.4202464e-03 
+5.9607782e+02 +1.6690756e+03 +3.3615385e+00 +7.9171543e-03 
+6.0186498e+02 +1.5547666e+03 +3.3525639e+00 +7.4465380e-03 
+6.0776562e+02 +1.4486406e+03 +3.3437867e+00 +7.0062706e-03 
+6.1378310e+02 +1.3501040e+03 +3.3352000e+00 +6.5943543e-03 
+6.1992093e+02 +1.2586043e+03 +3.3267973e+00 +6.2089142e-03 
+6.2618276e+02 +1.1736277e+03 +3.3185728e+00 +5.8481916e-03 
+6.3257238e+02 +1.0946963e+03 +3.3105209e+00 +5.5105380e-03 
+6.3909374e+02 +1.0213662e+03 +3.3026361e+00 +5.1944092e-03 
+6.4575097e+02 +9.5322511e+02 +3.2949136e+00 +4.8983597e-03 
+6.5254835e+02 +8.8989062e+02 +3.2873487e+00 +4.6210371e-03 
+6.5949035e+02 +8.3100784e+02 +3.2799368e+00 +4.3611769e-03 
+6.6658164e+02 +7.7624786e+02 +3.2726737e+00 +4.1175976e-03 
+6.7382710e+02 +7.2530590e+02 +3.2655554e+00 +3.8891959e-03 
+6.8123179e+02 +6.7789971e+02 +3.2585781e+00 +3.6749420e-03 
+6.8880103e+02 +6.3376805e+02 +3.2517381e+00 +3.4738756e-03 
+6.9654037e+02 +5.9266917e+02 +3.2450320e+00 +3.2851013e-03 
+7.0445560e+02 +5.5437953e+02 +3.2384564e+00 +3.1077849e-03 
+7.1255279e+02 +5.1869243e+02 +3.2320082e+00 +2.9411494e-03 
+7.2083829e+02 +4.8541688e+02 +3.2256843e+00 +2.7844720e-03 
+7.2931874e+02 +4.5437640e+02 +3.2194819e+00 +2.6370798e-03 
+7.3800111e+02 +4.2540802e+02 +3.2133981e+00 +2.4983474e-03 
+7.4689269e+02 +3.9836124e+02 +3.2074304e+00 +2.3676932e-03 
+7.5600113e+02 +3.7309714e+02 +3.2015762e+00 +2.2445770e-03 
+7.6533448e+02 +3.4948748e+02 +3.1958329e+00 +2.1284970e-03 
+7.7490116e+02 +3.2741389e+02 +3.1901983e+00 +2.0189871e-03 
+7.8471004e+02 +3.0676716e+02 +3.1846701e+00 +1.9156149e-03 
+7.9477042e+02 +2.8744649e+02 +3.1792462e+00 +1.8179789e-03 
+8.0509212e+02 +2.6935885e+02 +3.1739243e+00 +1.7257066e-03 
+8.1568543e+02 +2.5241838e+02 +3.1687026e+00 +1.6384523e-03 
+8.2656124e+02 +2.3654582e+02 +3.1635791e+00 +1.5558956e-03 
+8.3773098e+02 +2.2166799e+02 +3.1585519e+00 +1.4777389e-03 
+8.4920675e+02 +2.0771731e+02 +3.1536192e+00 +1.4037063e-03 
+8.6100129e+02 +1.9463134e+02 +3.1487793e+00 +1.3335421e-03 
+8.7312807e+02 +1.8235239e+02 +3.1440305e+00 +1.2670086e-03 
+8.8560133e+02 +1.7082710e+02 +3.1393712e+00 +1.2038854e-03 
+8.9843613e+02 +1.6000612e+02 +3.1347998e+00 +1.1439681e-03 
+9.1164842e+02 +1.4984377e+02 +3.1303148e+00 +1.0870668e-03 
+9.2525512e+02 +1.4029776e+02 +3.1259148e+00 +1.0330048e-03 
+9.3927413e+02 +1.3132887e+02 +3.1215983e+00 +9.8161847e-04 
+9.5372451e+02 +1.2290077e+02 +3.1173640e+00 +9.3275521e-04 
+9.6862645e+02 +1.1497971e+02 +3.1132106e+00 +8.8627328e-04 
+9.8400147e+02 +1.0753435e+02 +3.1091368e+00 +8.4204071e-04 
+9.9987247e+02 +1.0053556e+02 +3.1051413e+00 +7.9993455e-04 
+1.0162638e+03 +9.3956252e+01 +3.1012231e+00 +7.5984023e-04 
+1.0332015e+03 +8.7771180e+01 +3.0973808e+00 +7.2165084e-04 
+1.0507134e+03 +8.1956825e+01 +3.0936135e+00 +6.8526657e-04 
+1.0688292e+03 +7.6491243e+01 +3.0899200e+00 +6.5059416e-04 
+1.0875806e+03 +7.1353944e+01 +3.0862993e+00 +6.1754635e-04 
+1.1070017e+03 +6.6525773e+01 +3.0827504e+00 +5.8604145e-04 
+1.1271290e+03 +6.1988811e+01 +3.0792722e+00 +5.5600289e-04 
+1.1480017e+03 +5.7726277e+01 +3.0758639e+00 +5.2735883e-04 
+1.1696621e+03 +5.3722441e+01 +3.0725245e+00 +5.0004179e-04 
+1.1921556e+03 +4.9962544e+01 +3.0692532e+00 +4.7398832e-04 
+1.2155312e+03 +4.6432727e+01 +3.0660490e+00 +4.4913867e-04 
+1.2398419e+03 +4.3119965e+01 +3.0629111e+00 +4.2543658e-04 
+1.2651448e+03 +4.0012002e+01 +3.0598388e+00 +4.0282891e-04 
+1.2915019e+03 +3.7097303e+01 +3.0568312e+00 +3.8126553e-04 
+1.3189807e+03 +3.4365000e+01 +3.0538876e+00 +3.6069899e-04 
+1.3476542e+03 +3.1804842e+01 +3.0510072e+00 +3.4108440e-04 
+1.3776021e+03 +2.9407162e+01 +3.0481893e+00 +3.2237921e-04 
+1.4089112e+03 +2.7162828e+01 +3.0454333e+00 +3.0454309e-04 
+1.4416766e+03 +2.5063217e+01 +3.0427385e+00 +2.8753770e-04 
+1.4760022e+03 +2.3100176e+01 +3.0401041e+00 +2.7132664e-04 
+1.5120023e+03 +2.1265996e+01 +3.0375297e+00 +2.5587526e-04 
+1.5498023e+03 +1.9553381e+01 +3.0350145e+00 +2.4115058e-04 
+1.5895408e+03 +1.7955428e+01 +3.0325580e+00 +2.2712115e-04 
+1.6313709e+03 +1.6465598e+01 +3.0301596e+00 +2.1375700e-04 
+1.6754620e+03 +1.5077701e+01 +3.0278188e+00 +2.0102952e-04 
+1.7220026e+03 +1.3785869e+01 +3.0255351e+00 +1.8891137e-04 
+1.7712027e+03 +1.2584544e+01 +3.0233078e+00 +1.7737642e-04 
+1.8232968e+03 +1.1468458e+01 +3.0211366e+00 +1.6639970e-04 
+1.8785483e+03 +1.0432616e+01 +3.0190209e+00 +1.5595730e-04 
+1.9372529e+03 +9.4722844e+00 +3.0169603e+00 +1.4602633e-04 
+1.9997449e+03 +8.5829757e+00 +3.0149543e+00 +1.3658488e-04 
+2.0664031e+03 +7.7604351e+00 +3.0130025e+00 +1.2761192e-04 
+2.1376584e+03 +7.0006301e+00 +3.0111045e+00 +1.1908733e-04 
+2.2140033e+03 +6.2997378e+00 +3.0092598e+00 +1.1099180e-04 
+2.2960034e+03 +5.6541349e+00 +3.0074681e+00 +1.0330678e-04 
+2.3843113e+03 +5.0603882e+00 +3.0057290e+00 +9.6014522e-05 
+2.4796837e+03 +4.5152451e+00 +3.0040422e+00 +8.9097959e-05 
