# title     = ank file for AlGaAs (x=0.3) after Djurisic
# reference = A.B.Djurisic et.al.J.Appl.Phys Vol.86 Nr.1 1999
# columns   = wavelength,absorption,n,k
# history   = created 19.9.2002 - 12:42 by letay
# units     = nm,cm^-1,1,1
# dataType  = list
+2.0664031e+02 +1.4892451e+06 +1.2579272e+00 +2.4489018e+00 
+2.0733141e+02 +1.4925736e+06 +1.2632098e+00 +2.4625836e+00 
+2.0802716e+02 +1.4960075e+06 +1.2685999e+00 +2.4765320e+00 
+2.0872759e+02 +1.4995513e+06 +1.2741033e+00 +2.4907568e+00 
+2.0943275e+02 +1.5032096e+06 +1.2797264e+00 +2.5052684e+00 
+2.1014269e+02 +1.5069871e+06 +1.2854760e+00 +2.5200778e+00 
+2.1085746e+02 +1.5108889e+06 +1.2913594e+00 +2.5351965e+00 
+2.1157711e+02 +1.5149202e+06 +1.2973846e+00 +2.5506364e+00 
+2.1230169e+02 +1.5190865e+06 +1.3035600e+00 +2.5664103e+00 
+2.1303125e+02 +1.5233938e+06 +1.3098952e+00 +2.5825314e+00 
+2.1376584e+02 +1.5278480e+06 +1.3163999e+00 +2.5990138e+00 
+2.1450551e+02 +1.5324556e+06 +1.3230853e+00 +2.6158720e+00 
+2.1525032e+02 +1.5372233e+06 +1.3299631e+00 +2.6331215e+00 
+2.1600032e+02 +1.5421582e+06 +1.3370462e+00 +2.6507787e+00 
+2.1675557e+02 +1.5472678e+06 +1.3443486e+00 +2.6688605e+00 
+2.1751612e+02 +1.5525598e+06 +1.3518854e+00 +2.6873851e+00 
+2.1828202e+02 +1.5580424e+06 +1.3596733e+00 +2.7063713e+00 
+2.1905333e+02 +1.5637244e+06 +1.3677304e+00 +2.7258391e+00 
+2.1983012e+02 +1.5696148e+06 +1.3760765e+00 +2.7458095e+00 
+2.2061243e+02 +1.5757231e+06 +1.3847331e+00 +2.7663047e+00 
+2.2140033e+02 +1.5820594e+06 +1.3937240e+00 +2.7873480e+00 
+2.2219388e+02 +1.5886342e+06 +1.4030750e+00 +2.8089639e+00 
+2.2299314e+02 +1.5954587e+06 +1.4128148e+00 +2.8311782e+00 
+2.2379817e+02 +1.6025445e+06 +1.4229746e+00 +2.8540183e+00 
+2.2460903e+02 +1.6099038e+06 +1.4335889e+00 +2.8775128e+00 
+2.2542579e+02 +1.6175494e+06 +1.4446959e+00 +2.9016919e+00 
+2.2624851e+02 +1.6254949e+06 +1.4563374e+00 +2.9265873e+00 
+2.2707726e+02 +1.6337543e+06 +1.4685602e+00 +2.9522323e+00 
+2.2791211e+02 +1.6423423e+06 +1.4814156e+00 +2.9786620e+00 
+2.2875311e+02 +1.6512745e+06 +1.4949611e+00 +3.0059130e+00 
+2.2960034e+02 +1.6605667e+06 +1.5092605e+00 +3.0340239e+00 
+2.3045388e+02 +1.6702357e+06 +1.5243848e+00 +3.0630346e+00 
+2.3131378e+02 +1.6802986e+06 +1.5404138e+00 +3.0929871e+00 
+2.3218012e+02 +1.6907732e+06 +1.5574369e+00 +3.1239245e+00 
+2.3305298e+02 +1.7016775e+06 +1.5755545e+00 +3.1558914e+00 
+2.3393243e+02 +1.7130298e+06 +1.5948801e+00 +3.1889336e+00 
+2.3481853e+02 +1.7248482e+06 +1.6155420e+00 +3.2230971e+00 
+2.3571138e+02 +1.7371504e+06 +1.6376863e+00 +3.2584278e+00 
+2.3661104e+02 +1.7499530e+06 +1.6614794e+00 +3.2949705e+00 
+2.3751760e+02 +1.7632707e+06 +1.6871120e+00 +3.3327668e+00 
+2.3843113e+02 +1.7771152e+06 +1.7148033e+00 +3.3718532e+00 
+2.3935171e+02 +1.7914931e+06 +1.7448064e+00 +3.4122576e+00 
+2.4027943e+02 +1.8064039e+06 +1.7774146e+00 +3.4539941e+00 
+2.4121437e+02 +1.8218360e+06 +1.8129687e+00 +3.4970559e+00 
+2.4215661e+02 +1.8377611e+06 +1.8518656e+00 +3.5414044e+00 
+2.4310625e+02 +1.8541272e+06 +1.8945672e+00 +3.5869538e+00 
+2.4406336e+02 +1.8708468e+06 +1.9416093e+00 +3.6335483e+00 
+2.4502804e+02 +1.8877815e+06 +1.9936072e+00 +3.6809307e+00 
+2.4600037e+02 +1.9047202e+06 +2.0512554e+00 +3.7286970e+00 
+2.4698045e+02 +1.9213504e+06 +2.1153117e+00 +3.7762374e+00 
+2.4796837e+02 +1.9372223e+06 +2.1865549e+00 +3.8226619e+00 
+2.4896423e+02 +1.9517110e+06 +2.2656956e+00 +3.8667188e+00 
+2.4996812e+02 +1.9639870e+06 +2.3532216e+00 +3.9067296e+00 
+2.5098013e+02 +1.9730208e+06 +2.4491609e+00 +3.9405890e+00 
+2.5200038e+02 +1.9776573e+06 +2.5527858e+00 +3.9659056e+00 
+2.5302895e+02 +1.9767991e+06 +2.6623514e+00 +3.9803649e+00 
+2.5406595e+02 +1.9696980e+06 +2.7750553e+00 +3.9823208e+00 
+2.5511149e+02 +1.9562666e+06 +2.8874271e+00 +3.9714418e+00 
+2.5616567e+02 +1.9372283e+06 +2.9961795e+00 +3.9490430e+00 
+2.5722860e+02 +1.9139400e+06 +3.0991964e+00 +3.9177589e+00 
+2.5830039e+02 +1.8879149e+06 +3.1961015e+00 +3.8805887e+00 
+2.5938114e+02 +1.8602896e+06 +3.2880627e+00 +3.8398044e+00 
+2.6047098e+02 +1.8315094e+06 +3.3769882e+00 +3.7962834e+00 
+2.6157001e+02 +1.8013308e+06 +3.4645906e+00 +3.7494845e+00 
+2.6267836e+02 +1.7690546e+06 +3.5517132e+00 +3.6979044e+00 
+2.6379614e+02 +1.7338423e+06 +3.6380533e+00 +3.6397215e+00 
+2.6492347e+02 +1.6950060e+06 +3.7222313e+00 +3.5734016e+00 
+2.6606048e+02 +1.6522192e+06 +3.8020989e+00 +3.4981479e+00 
+2.6720730e+02 +1.6056211e+06 +3.8751778e+00 +3.4141414e+00 
+2.6836404e+02 +1.5558145e+06 +3.9391290e+00 +3.3225557e+00 
+2.6953084e+02 +1.5037669e+06 +3.9921505e+00 +3.2253668e+00 
+2.7070783e+02 +1.4506503e+06 +4.0332235e+00 +3.1250264e+00 
+2.7189514e+02 +1.3976663e+06 +4.0621744e+00 +3.0240925e+00 
+2.7309292e+02 +1.3458984e+06 +4.0795748e+00 +2.9249124e+00 
+2.7430130e+02 +1.2962190e+06 +4.0865421e+00 +2.8294132e+00 
+2.7552041e+02 +1.2492525e+06 +4.0845116e+00 +2.7390133e+00 
+2.7675041e+02 +1.2053843e+06 +4.0750341e+00 +2.6546297e+00 
+2.7799145e+02 +1.1647967e+06 +4.0596256e+00 +2.5767467e+00 
+2.7924366e+02 +1.1275154e+06 +4.0396733e+00 +2.5055088e+00 
+2.8050721e+02 +1.0934546e+06 +4.0163898e+00 +2.4408154e+00 
+2.8178224e+02 +1.0624568e+06 +3.9907999e+00 +2.3824020e+00 
+2.8306892e+02 +1.0343223e+06 +3.9637491e+00 +2.3299049e+00 
+2.8436740e+02 +1.0088313e+06 +3.9359216e+00 +2.2829084e+00 
+2.8567785e+02 +9.8575900e+05 +3.9078629e+00 +2.2409773e+00 
+2.8700043e+02 +9.6488516e+05 +3.8800029e+00 +2.2036789e+00 
+2.8833532e+02 +9.4599987e+05 +3.8526759e+00 +2.1705963e+00 
+2.8968268e+02 +9.2890678e+05 +3.8261393e+00 +2.1413359e+00 
+2.9104269e+02 +9.1342453e+05 +3.8005881e+00 +2.1155315e+00 
+2.9241553e+02 +8.9938707e+05 +3.7761678e+00 +2.0928457e+00 
+2.9380139e+02 +8.8664329e+05 +3.7529843e+00 +2.0729695e+00 
+2.9520044e+02 +8.7505628e+05 +3.7311121e+00 +2.0556214e+00 
+2.9661288e+02 +8.6450237e+05 +3.7106007e+00 +2.0405458e+00 
+2.9803891e+02 +8.5487012e+05 +3.6914801e+00 +2.0275111e+00 
+2.9947871e+02 +8.4605925e+05 +3.6737652e+00 +2.0163080e+00 
+3.0093249e+02 +8.3797969e+05 +3.6574584e+00 +2.0067474e+00 
+3.0240045e+02 +8.3055059e+05 +3.6425533e+00 +1.9986588e+00 
+3.0388281e+02 +8.2369949e+05 +3.6290359e+00 +1.9918887e+00 
+3.0537977e+02 +8.1736152e+05 +3.6168874e+00 +1.9862988e+00 
+3.0689155e+02 +8.1147869e+05 +3.6060848e+00 +1.9817651e+00 
+3.0841837e+02 +8.0599924e+05 +3.5966024e+00 +1.9781764e+00 
+3.0996046e+02 +8.0087713e+05 +3.5884128e+00 +1.9754331e+00 
+3.1151805e+02 +7.9607146e+05 +3.5814879e+00 +1.9734467e+00 
+3.1309138e+02 +7.9154609e+05 +3.5757991e+00 +1.9721387e+00 
+3.1468067e+02 +7.8726924e+05 +3.5713183e+00 +1.9714397e+00 
+3.1628619e+02 +7.8321318e+05 +3.5680184e+00 +1.9712892e+00 
+3.1790817e+02 +7.7935389e+05 +3.5658739e+00 +1.9716351e+00 
+3.1954687e+02 +7.7567091e+05 +3.5648612e+00 +1.9724328e+00 
+3.2120255e+02 +7.7214709e+05 +3.5649594e+00 +1.9736456e+00 
+3.2287548e+02 +7.6876842e+05 +3.5661508e+00 +1.9752439e+00 
+3.2456593e+02 +7.6552395e+05 +3.5684221e+00 +1.9772057e+00 
+3.2627417e+02 +7.6240564e+05 +3.5717645e+00 +1.9795156e+00 
+3.2800049e+02 +7.5940829e+05 +3.5761756e+00 +1.9821657e+00 
+3.2974517e+02 +7.5652943e+05 +3.5816605e+00 +1.9851549e+00 
+3.3150852e+02 +7.5376920e+05 +3.5882337e+00 +1.9884891e+00 
+3.3329082e+02 +7.5113017e+05 +3.5959212e+00 +1.9921806e+00 
+3.3509239e+02 +7.4861702e+05 +3.6047636e+00 +1.9962476e+00 
+3.3691355e+02 +7.4623601e+05 +3.6148198e+00 +2.0007131e+00 
+3.3875461e+02 +7.4399413e+05 +3.6261710e+00 +2.0056025e+00 
+3.4061589e+02 +7.4189769e+05 +3.6389265e+00 +2.0109398e+00 
+3.4249775e+02 +7.3995015e+05 +3.6532299e+00 +2.0167419e+00 
+3.4440052e+02 +7.3814876e+05 +3.6692652e+00 +2.0230090e+00 
+3.4632454e+02 +7.3647953e+05 +3.6872628e+00 +2.0297104e+00 
+3.4827018e+02 +7.3491021e+05 +3.7075027e+00 +2.0367640e+00 
+3.5023781e+02 +7.3338078e+05 +3.7303107e+00 +2.0440085e+00 
+3.5222780e+02 +7.3179173e+05 +3.7560429e+00 +2.0511682e+00 
+3.5424053e+02 +7.2999184e+05 +3.7850490e+00 +2.0578153e+00 
+3.5627640e+02 +7.2776901e+05 +3.8176073e+00 +2.0633398e+00 
+3.5833580e+02 +7.2485162e+05 +3.8538272e+00 +2.0669475e+00 
+3.6041914e+02 +7.2092973e+05 +3.8935303e+00 +2.0677162e+00 
+3.6252686e+02 +7.1570479e+05 +3.9361481e+00 +2.0647347e+00 
+3.6465937e+02 +7.0896585e+05 +3.9807003e+00 +2.0573246e+00 
+3.6681712e+02 +7.0067172e+05 +4.0259211e+00 +2.0452873e+00 
+3.6900055e+02 +6.9100040e+05 +4.0705495e+00 +2.0290626e+00 
+3.7121014e+02 +6.8032887e+05 +4.1137053e+00 +2.0096890e+00 
+3.7344634e+02 +6.6913647e+05 +4.1551988e+00 +1.9885341e+00 
+3.7570965e+02 +6.5786425e+05 +4.1956436e+00 +1.9668841e+00 
+3.7800057e+02 +6.4678053e+05 +4.2363370e+00 +1.9455371e+00 
+3.8031959e+02 +6.3588921e+05 +4.2789704e+00 +1.9245105e+00 
+3.8266724e+02 +6.2489126e+05 +4.3252510e+00 +1.9028996e+00 
+3.8504406e+02 +6.1319645e+05 +4.3764919e+00 +1.8788850e+00 
+3.8745058e+02 +5.9998578e+05 +4.4331958e+00 +1.8498964e+00 
+3.8988738e+02 +5.8433402e+05 +4.4946804e+00 +1.8129694e+00 
+3.9235502e+02 +5.6539632e+05 +4.5588572e+00 +1.7653155e+00 
+3.9485409e+02 +5.4263397e+05 +4.6223200e+00 +1.7050368e+00 
+3.9738521e+02 +5.1601034e+05 +4.6808525e+00 +1.6317749e+00 
+3.9994899e+02 +4.8606797e+05 +4.7302792e+00 +1.5470051e+00 
+4.0254606e+02 +4.5383454e+05 +4.7673709e+00 +1.4537953e+00 
+4.0517708e+02 +4.2059018e+05 +4.7904436e+00 +1.3561075e+00 
+4.0784272e+02 +3.8759700e+05 +4.7994559e+00 +1.2579496e+00 
+4.1054366e+02 +3.5589280e+05 +4.7956742e+00 +1.1627027e+00 
+4.1328062e+02 +3.2619573e+05 +4.7811381e+00 +1.0727869e+00 
+4.1605431e+02 +2.9890723e+05 +4.7581539e+00 +9.8963851e-01 
+4.1886549e+02 +2.7417167e+05 +4.7289341e+00 +9.1387606e-01 
+4.2171492e+02 +2.5195326e+05 +4.6954019e+00 +8.4553013e-01 
+4.2460338e+02 +2.3210599e+05 +4.6591221e+00 +7.8425975e-01 
+4.2753167e+02 +2.1442697e+05 +4.6213089e+00 +7.2952109e-01 
+4.3050064e+02 +1.9869265e+05 +4.5828710e+00 +6.8068430e-01 
+4.3351114e+02 +1.8468094e+05 +4.5444685e+00 +6.3710713e-01 
+4.3656403e+02 +1.7218352e+05 +4.5065676e+00 +5.9817693e-01 
+4.3966023e+02 +1.6101154e+05 +4.4694874e+00 +5.6333186e-01 
+4.4280066e+02 +1.5099743e+05 +4.4334388e+00 +5.3206899e-01 
+4.4598628e+02 +1.4199446e+05 +4.3985532e+00 +5.0394488e-01 
+4.4921806e+02 +1.3387521e+05 +4.3649052e+00 +4.7857223e-01 
+4.5249703e+02 +1.2652947e+05 +4.3325291e+00 +4.5561452e-01 
+4.5582421e+02 +1.1986217e+05 +4.3014311e+00 +4.3478012e-01 
+4.5920069e+02 +1.1379129e+05 +4.2715983e+00 +4.1581648e-01 
+4.6262756e+02 +1.0824598e+05 +4.2430047e+00 +3.9850467e-01 
+4.6610596e+02 +1.0316493e+05 +4.2156165e+00 +3.8265457e-01 
+4.6963707e+02 +9.8494954e+04 +4.1893945e+00 +3.6810057e-01 
+4.7322208e+02 +9.4189722e+04 +4.1642973e+00 +3.5469793e-01 
+4.7686225e+02 +9.0208755e+04 +4.1402822e+00 +3.4231961e-01 
+4.8055886e+02 +8.6516530e+04 +4.1173067e+00 +3.3085356e-01 
+4.8431323e+02 +8.3081724e+04 +4.0953295e+00 +3.2020047e-01 
+4.8812672e+02 +7.9876592e+04 +4.0743103e+00 +3.1027175e-01 
+4.9200074e+02 +7.6876418e+04 +4.0542108e+00 +3.0098789e-01 
+4.9593674e+02 +7.4059066e+04 +4.0349944e+00 +2.9227701e-01 
+4.9993623e+02 +7.1404578e+04 +4.0166267e+00 +2.8407355e-01 
+5.0400076e+02 +6.8894836e+04 +3.9990752e+00 +2.7631725e-01 
+5.0813191e+02 +6.6513263e+04 +3.9823095e+00 +2.6895205e-01 
+5.1233135e+02 +6.4244547e+04 +3.9663008e+00 +2.6192523e-01 
+5.1660077e+02 +6.2074397e+04 +3.9510227e+00 +2.5518650e-01 
+5.2094196e+02 +5.9989301e+04 +3.9364501e+00 +2.4868711e-01 
+5.2535672e+02 +5.7976282e+04 +3.9225599e+00 +2.4237889e-01 
+5.2984695e+02 +5.6022631e+04 +3.9093304e+00 +2.3621315e-01 
+5.3441459e+02 +5.4115592e+04 +3.8967413e+00 +2.3013934e-01 
+5.3906168e+02 +5.2241957e+04 +3.8847738e+00 +2.2410319e-01 
+5.4379029e+02 +5.0387476e+04 +3.8734101e+00 +2.1804402e-01 
+5.4860259e+02 +4.8535938e+04 +3.8626334e+00 +2.1189047e-01 
+5.5350083e+02 +4.6667559e+04 +3.8524274e+00 +2.0555285e-01 
+5.5848732e+02 +4.4755785e+04 +3.8427758e+00 +1.9890817e-01 
+5.6356448e+02 +4.2759886e+04 +3.8336608e+00 +1.9176542e-01 
+5.6873480e+02 +4.0603061e+04 +3.8250589e+00 +1.8376327e-01 
+5.7400086e+02 +3.8035575e+04 +3.8159282e+00 +1.7373714e-01 
+5.7936535e+02 +3.5572241e+04 +3.7998985e+00 +1.6400379e-01 
+5.8483106e+02 +3.3432895e+04 +3.7865707e+00 +1.5559461e-01 
+5.9040088e+02 +3.2273343e+04 +3.7747143e+00 +1.5162859e-01 
+5.9607782e+02 +3.1095744e+04 +3.7642132e+00 +1.4750069e-01 
+6.0186498e+02 +2.9895272e+04 +3.7546465e+00 +1.4318308e-01 
+6.0776562e+02 +2.8664167e+04 +3.7458314e+00 +1.3863267e-01 
+6.1378310e+02 +2.7392326e+04 +3.7376683e+00 +1.3379318e-01 
+6.1992093e+02 +2.6067050e+04 +3.7300956e+00 +1.2859330e-01 
+6.2618276e+02 +2.4672127e+04 +3.7230716e+00 +1.2294131e-01 
+6.3257238e+02 +2.3186103e+04 +3.7165668e+00 +1.1671539e-01 
+6.3909374e+02 +2.1579068e+04 +3.7105587e+00 +1.0974567e-01 
+6.4575097e+02 +1.9806235e+04 +3.7050301e+00 +1.0177875e-01 
+6.5254835e+02 +1.7793335e+04 +3.6999660e+00 +9.2397493e-02 
+6.5949035e+02 +1.5395697e+04 +3.6953520e+00 +8.0797503e-02 
+6.6658164e+02 +1.2197171e+04 +3.6905755e+00 +6.4699748e-02 
+6.7382710e+02 +8.9735820e+03 +3.6612439e+00 +4.8117654e-02 
+6.8123179e+02 +5.2609666e+03 +3.6436232e+00 +2.8520070e-02 
+6.8880103e+02 +5.0272100e+03 +3.6243493e+00 +2.7555668e-02 
+6.9654037e+02 +4.8121533e+03 +3.6082930e+00 +2.6673246e-02 
+7.0445560e+02 +4.6070347e+03 +3.5939957e+00 +2.5826481e-02 
+7.1255279e+02 +4.4119852e+03 +3.5808741e+00 +2.5017346e-02 
+7.2083829e+02 +4.2267288e+03 +3.5686253e+00 +2.4245568e-02 
+7.2931874e+02 +4.0508367e+03 +3.5570679e+00 +2.3509979e-02 
+7.3800111e+02 +3.8838219e+03 +3.5460829e+00 +2.2809011e-02 
+7.4689269e+02 +3.7251818e+03 +3.5355869e+00 +2.2140928e-02 
+7.5600113e+02 +3.5744187e+03 +3.5255186e+00 +2.1503938e-02 
+7.6533448e+02 +3.4310500e+03 +3.5158312e+00 +2.0896255e-02 
+7.7490116e+02 +3.2946141e+03 +3.5064879e+00 +2.0316131e-02 
+7.8471004e+02 +3.1646732e+03 +3.4974590e+00 +1.9761878e-02 
+7.9477042e+02 +3.0408141e+03 +3.4887200e+00 +1.9231878e-02 
+8.0509212e+02 +2.9226486e+03 +3.4802505e+00 +1.8724589e-02 
+8.1568543e+02 +2.8098131e+03 +3.4720329e+00 +1.8238548e-02 
+8.2656124e+02 +2.7019679e+03 +3.4640523e+00 +1.7772371e-02 
+8.3773098e+02 +2.5987963e+03 +3.4562954e+00 +1.7324749e-02 
+8.4920675e+02 +2.5000034e+03 +3.4487509e+00 +1.6894454e-02 
+8.6100129e+02 +2.4053149e+03 +3.4414083e+00 +1.6480329e-02 
+8.7312807e+02 +2.3144764e+03 +3.4342586e+00 +1.6081289e-02 
+8.8560133e+02 +2.2272518e+03 +3.4272935e+00 +1.5696315e-02 
+8.9843613e+02 +2.1434223e+03 +3.4205054e+00 +1.5324457e-02 
+9.1164842e+02 +2.0627854e+03 +3.4138876e+00 +1.4964823e-02 
+9.2525512e+02 +1.9851539e+03 +3.4074338e+00 +1.4616582e-02 
+9.3927413e+02 +1.9103547e+03 +3.4011382e+00 +1.4278958e-02 
+9.5372451e+02 +1.8382277e+03 +3.3949956e+00 +1.3951227e-02 
+9.6862645e+02 +1.7686255e+03 +3.3890009e+00 +1.3632715e-02 
+9.8400147e+02 +1.7014119e+03 +3.3831498e+00 +1.3322795e-02 
+9.9987247e+02 +1.6364611e+03 +3.3774378e+00 +1.3020883e-02 
+1.0162638e+03 +1.5736576e+03 +3.3718610e+00 +1.2726437e-02 
+1.0332015e+03 +1.5128946e+03 +3.3664156e+00 +1.2438954e-02 
+1.0507134e+03 +1.4540738e+03 +3.3610982e+00 +1.2157964e-02 
+1.0688292e+03 +1.3971047e+03 +3.3559055e+00 +1.1883036e-02 
+1.0875806e+03 +1.3419040e+03 +3.3508342e+00 +1.1613765e-02 
+1.1070017e+03 +1.2883950e+03 +3.3458816e+00 +1.1349780e-02 
+1.1271290e+03 +1.2365069e+03 +3.3410448e+00 +1.1090734e-02 
+1.1480017e+03 +1.1861747e+03 +3.3363212e+00 +1.0836308e-02 
+1.1696621e+03 +1.1373384e+03 +3.3317082e+00 +1.0586204e-02 
+1.1921556e+03 +1.0899429e+03 +3.3272036e+00 +1.0340150e-02 
+1.2155312e+03 +1.0439372e+03 +3.3228050e+00 +1.0097890e-02 
+1.2398419e+03 +9.9927452e+02 +3.3185104e+00 +9.8591901e-03 
+1.2651448e+03 +9.5591148e+02 +3.3143176e+00 +9.6238320e-03 
+1.2915019e+03 +9.1380820e+02 +3.3102247e+00 +9.3916143e-03 
+1.3189807e+03 +8.7292779e+02 +3.3062299e+00 +9.1623504e-03 
+1.3476542e+03 +8.3323617e+02 +3.3023314e+00 +8.9358675e-03 
+1.3776021e+03 +7.9470183e+02 +3.2985275e+00 +8.7120054e-03 
+1.4089112e+03 +7.5729557e+02 +3.2948165e+00 +8.4906155e-03 
+1.4416766e+03 +7.2099035e+02 +3.2911970e+00 +8.2715601e-03 
+1.4760022e+03 +6.8576108e+02 +3.2876674e+00 +8.0547113e-03 
+1.5120023e+03 +6.5158445e+02 +3.2842263e+00 +7.8399500e-03 
+1.5498023e+03 +6.1843880e+02 +3.2808724e+00 +7.6271656e-03 
+1.5895408e+03 +5.8630396e+02 +3.2776044e+00 +7.4162550e-03 
+1.6313709e+03 +5.5516113e+02 +3.2744210e+00 +7.2071222e-03 
+1.6754620e+03 +5.2499276e+02 +3.2713210e+00 +6.9996773e-03 
+1.7220026e+03 +4.9578245e+02 +3.2683033e+00 +6.7938364e-03 
+1.7712027e+03 +4.6751488e+02 +3.2653667e+00 +6.5895207e-03 
+1.8232968e+03 +4.4017567e+02 +3.2625103e+00 +6.3866564e-03 
+1.8785483e+03 +4.1375136e+02 +3.2597330e+00 +6.1851740e-03 
+1.9372529e+03 +3.8822928e+02 +3.2570339e+00 +5.9850081e-03 
+1.9997449e+03 +3.6359754e+02 +3.2544119e+00 +5.7860966e-03 
+2.0664031e+03 +3.3984497e+02 +3.2518663e+00 +5.5883812e-03 
+2.1376584e+03 +3.1696102e+02 +3.2493962e+00 +5.3918064e-03 
+2.2140033e+03 +2.9493575e+02 +3.2470007e+00 +5.1963192e-03 
+2.2960034e+03 +2.7375980e+02 +3.2446792e+00 +5.0018694e-03 
+2.3843113e+03 +2.5342433e+02 +3.2424307e+00 +4.8084088e-03 
+2.4796837e+03 +2.3392098e+02 +3.2402547e+00 +4.6158916e-03 
