# title     = ank file for AlGaAs (x=0.81) after Djurisic
# reference = A.B.Djurisic et.al.J.Appl.Phys Vol.86 Nr.1 1999
# columns   = wavelength,absorption,n,k
# history   = created 12.6.2002 - 14:53 by letay
# units     = nm,cm^-1,1,1
# dataType  = matrix
+2.0664031e+02 +1.4964319e+06 +1.3367321e+00 +2.4607196e+00 
+2.0733141e+02 +1.4994724e+06 +1.3419864e+00 +2.4739660e+00 
+2.0802716e+02 +1.5026386e+06 +1.3473450e+00 +2.4875094e+00 
+2.0872759e+02 +1.5059363e+06 +1.3528146e+00 +2.5013622e+00 
+2.0943275e+02 +1.5093712e+06 +1.3584023e+00 +2.5155374e+00 
+2.1014269e+02 +1.5129496e+06 +1.3641159e+00 +2.5300487e+00 
+2.1085746e+02 +1.5166781e+06 +1.3699639e+00 +2.5449105e+00 
+2.1157711e+02 +1.5205636e+06 +1.3759558e+00 +2.5601382e+00 
+2.1230169e+02 +1.5246135e+06 +1.3821018e+00 +2.5757478e+00 
+2.1303125e+02 +1.5288353e+06 +1.3884132e+00 +2.5917563e+00 
+2.1376584e+02 +1.5332374e+06 +1.3949023e+00 +2.6081816e+00 
+2.1450551e+02 +1.5378281e+06 +1.4015827e+00 +2.6250427e+00 
+2.1525032e+02 +1.5426166e+06 +1.4084696e+00 +2.6423597e+00 
+2.1600032e+02 +1.5476123e+06 +1.4155794e+00 +2.6601536e+00 
+2.1675557e+02 +1.5528253e+06 +1.4229304e+00 +2.6784467e+00 
+2.1751612e+02 +1.5582663e+06 +1.4305430e+00 +2.6972627e+00 
+2.1828202e+02 +1.5639461e+06 +1.4384394e+00 +2.7166262e+00 
+2.1905333e+02 +1.5698767e+06 +1.4466447e+00 +2.7365636e+00 
+2.1983012e+02 +1.5760702e+06 +1.4551864e+00 +2.7571023e+00 
+2.2061243e+02 +1.5825395e+06 +1.4640953e+00 +2.7782714e+00 
+2.2140033e+02 +1.5892981e+06 +1.4734058e+00 +2.8001014e+00 
+2.2219388e+02 +1.5963599e+06 +1.4831559e+00 +2.8226241e+00 
+2.2299314e+02 +1.6037397e+06 +1.4933885e+00 +2.8458730e+00 
+2.2379817e+02 +1.6114524e+06 +1.5041515e+00 +2.8698827e+00 
+2.2460903e+02 +1.6195136e+06 +1.5154983e+00 +2.8946893e+00 
+2.2542579e+02 +1.6279392e+06 +1.5274892e+00 +2.9203300e+00 
+2.2624851e+02 +1.6367452e+06 +1.5401917e+00 +2.9468427e+00 
+2.2707726e+02 +1.6459477e+06 +1.5536819e+00 +2.9742660e+00 
+2.2791211e+02 +1.6555623e+06 +1.5680454e+00 +3.0026385e+00 
+2.2875311e+02 +1.6656041e+06 +1.5833787e+00 +3.0319981e+00 
+2.2960034e+02 +1.6760870e+06 +1.5997907e+00 +3.0623811e+00 
+2.3045388e+02 +1.6870231e+06 +1.6174042e+00 +3.0938210e+00 
+2.3131378e+02 +1.6984216e+06 +1.6363578e+00 +3.1263467e+00 
+2.3218012e+02 +1.7102880e+06 +1.6568075e+00 +3.1599806e+00 
+2.3305298e+02 +1.7226226e+06 +1.6789292e+00 +3.1947357e+00 
+2.3393243e+02 +1.7354185e+06 +1.7029203e+00 +3.2306118e+00 
+2.3481853e+02 +1.7486593e+06 +1.7290017e+00 +3.2675911e+00 
+2.3571138e+02 +1.7623161e+06 +1.7574193e+00 +3.3056319e+00 
+2.3661104e+02 +1.7763438e+06 +1.7884447e+00 +3.3446616e+00 
+2.3751760e+02 +1.7906769e+06 +1.8223746e+00 +3.3845673e+00 
+2.3843113e+02 +1.8052234e+06 +1.8595287e+00 +3.4251851e+00 
+2.3935171e+02 +1.8198593e+06 +1.9002435e+00 +3.4662868e+00 
+2.4027943e+02 +1.8344215e+06 +1.9448630e+00 +3.5075661e+00 
+2.4121437e+02 +1.8487009e+06 +1.9937225e+00 +3.5486238e+00 
+2.4215661e+02 +1.8624366e+06 +2.0471250e+00 +3.5889545e+00 
+2.4310625e+02 +1.8753126e+06 +2.1053084e+00 +3.6279385e+00 
+2.4406336e+02 +1.8869597e+06 +2.1684036e+00 +3.6648427e+00 
+2.4502804e+02 +1.8969655e+06 +2.2363838e+00 +3.6988382e+00 
+2.4600037e+02 +1.9048957e+06 +2.3090136e+00 +3.7290405e+00 
+2.4698045e+02 +1.9103305e+06 +2.3858062e+00 +3.7545787e+00 
+2.4796837e+02 +1.9129132e+06 +2.4660067e+00 +3.7746936e+00 
+2.4896423e+02 +1.9124085e+06 +2.5486213e+00 +3.7888529e+00 
+2.4996812e+02 +1.9087548e+06 +2.6325060e+00 +3.7968628e+00 
+2.5098013e+02 +1.9020967e+06 +2.7165165e+00 +3.7989369e+00 
+2.5200038e+02 +1.8927763e+06 +2.7996959e+00 +3.7956890e+00 
+2.5302895e+02 +1.8812770e+06 +2.8814547e+00 +3.7880272e+00 
+2.5406595e+02 +1.8681244e+06 +2.9616870e+00 +3.7769602e+00 
+2.5511149e+02 +1.8537690e+06 +3.0407805e+00 +3.7633602e+00 
+2.5616567e+02 +1.8384785e+06 +3.1195095e+00 +3.7477415e+00 
+2.5722860e+02 +1.8222702e+06 +3.1988359e+00 +3.7301145e+00 
+2.5830039e+02 +1.8048956e+06 +3.2796678e+00 +3.7099434e+00 
+2.5938114e+02 +1.7858776e+06 +3.3626276e+00 +3.6862112e+00 
+2.6047098e+02 +1.7645875e+06 +3.4478716e+00 +3.6575702e+00 
+2.6157001e+02 +1.7403470e+06 +3.5349846e+00 +3.6225462e+00 
+2.6267836e+02 +1.7125370e+06 +3.6229582e+00 +3.5797640e+00 
+2.6379614e+02 +1.6807002e+06 +3.7102525e+00 +3.5281644e+00 
+2.6492347e+02 +1.6446235e+06 +3.7949323e+00 +3.4671854e+00 
+2.6606048e+02 +1.6043907e+06 +3.8748602e+00 +3.3968834e+00 
+2.6720730e+02 +1.5603960e+06 +3.9479250e+00 +3.3179762e+00 
+2.6836404e+02 +1.5133156e+06 +4.0122698e+00 +3.2317963e+00 
+2.6953084e+02 +1.4640416e+06 +4.0664841e+00 +3.1401618e+00 
+2.7070783e+02 +1.4135888e+06 +4.1097286e+00 +3.0451875e+00 
+2.7189514e+02 +1.3629932e+06 +4.1417735e+00 +2.9490713e+00 
+2.7309292e+02 +1.3132207e+06 +4.1629556e+00 +2.8538969e+00 
+2.7430130e+02 +1.2650978e+06 +4.1740725e+00 +2.7614812e+00 
+2.7552041e+02 +1.2192732e+06 +4.1762445e+00 +2.6732830e+00 
+2.7675041e+02 +1.1762069e+06 +4.1707729e+00 +2.5903720e+00 
+2.7799145e+02 +1.1361815e+06 +4.1590165e+00 +2.5134443e+00 
+2.7924366e+02 +1.0993272e+06 +4.1422965e+00 +2.4428704e+00 
+2.8050721e+02 +1.0656530e+06 +4.1218331e+00 +2.3787565e+00 
+2.8178224e+02 +1.0350783e+06 +4.0987098e+00 +2.3210097e+00 
+2.8306892e+02 +1.0074608e+06 +4.0738599e+00 +2.2693971e+00 
+2.8436740e+02 +9.8262077e+05 +4.0480674e+00 +2.2235960e+00 
+2.8567785e+02 +9.6035873e+05 +4.0219784e+00 +2.1832335e+00 
+2.8700043e+02 +9.4046956e+05 +3.9961166e+00 +2.1479167e+00 
+2.8833532e+02 +9.2275188e+05 +3.9709014e+00 +2.1172538e+00 
+2.8968268e+02 +9.0701440e+05 +3.9466660e+00 +2.0908691e+00 
+2.9104269e+02 +8.9307983e+05 +3.9236742e+00 +2.0684123e+00 
+2.9241553e+02 +8.8078697e+05 +3.9021366e+00 +2.0495639e+00 
+2.9380139e+02 +8.6999152e+05 +3.8822239e+00 +2.0340377e+00 
+2.9520044e+02 +8.6056590e+05 +3.8640801e+00 +2.0215816e+00 
+2.9661288e+02 +8.5239844e+05 +3.8478336e+00 +2.0119760e+00 
+2.9803891e+02 +8.4539203e+05 +3.8336075e+00 +2.0050317e+00 
+2.9947871e+02 +8.3946221e+05 +3.8215298e+00 +2.0005861e+00 
+3.0093249e+02 +8.3453479e+05 +3.8117423e+00 +1.9984977e+00 
+3.0240045e+02 +8.3054281e+05 +3.8044100e+00 +1.9986401e+00 
+3.0388281e+02 +8.2742261e+05 +3.7997299e+00 +2.0008920e+00 
+3.0537977e+02 +8.2510885e+05 +3.7979386e+00 +2.0051259e+00 
+3.0689155e+02 +8.2352810e+05 +3.7993198e+00 +2.0111918e+00 
+3.0841837e+02 +8.2259069e+05 +3.8042073e+00 +2.0188970e+00 
+3.0996046e+02 +8.2218073e+05 +3.8129845e+00 +2.0279803e+00 
+3.1151805e+02 +8.2214432e+05 +3.8260749e+00 +2.0380809e+00 
+3.1309138e+02 +8.2227672e+05 +3.8439196e+00 +2.0487041e+00 
+3.1468067e+02 +8.2231038e+05 +3.8669379e+00 +2.0591879e+00 
+3.1628619e+02 +8.2190698e+05 +3.8954662e+00 +2.0686786e+00 
+3.1790817e+02 +8.2065839e+05 +3.9296749e+00 +2.0761285e+00 
+3.1954687e+02 +8.1810267e+05 +3.9694702e+00 +2.0803314e+00 
+3.2120255e+02 +8.1376028e+05 +4.0144009e+00 +2.0800109e+00 
+3.2287548e+02 +8.0719123e+05 +4.0636002e+00 +2.0739660e+00 
+3.2456593e+02 +7.9806587e+05 +4.1158017e+00 +2.0612554e+00 
+3.2627417e+02 +7.8623151e+05 +4.1694562e+00 +2.0413773e+00 
+3.2800049e+02 +7.7175052e+05 +4.2229444e+00 +2.0143808e+00 
+3.2974517e+02 +7.5488978e+05 +4.2748375e+00 +1.9808525e+00 
+3.3150852e+02 +7.3605671e+05 +4.3241242e+00 +1.9417625e+00 
+3.3329082e+02 +7.1569888e+05 +4.3703254e+00 +1.8982081e+00 
+3.3509239e+02 +6.9419850e+05 +4.4134565e+00 +1.8511362e+00 
+3.3691355e+02 +6.7179447e+05 +4.4538516e+00 +1.8011299e+00 
+3.3875461e+02 +6.4855351e+05 +4.4919071e+00 +1.7483209e+00 
+3.4061589e+02 +6.2439627e+05 +4.5278209e+00 +1.6924480e+00 
+3.4249775e+02 +5.9916916e+05 +4.5614022e+00 +1.6330418e+00 
+3.4440052e+02 +5.7274112e+05 +4.5920060e+00 +1.5696842e+00 
+3.4632454e+02 +5.4509615e+05 +4.6186171e+00 +1.5022649e+00 
+3.4827018e+02 +5.1639262e+05 +4.6400595e+00 +1.4311543e+00 
+3.5023781e+02 +4.8697009e+05 +4.6552641e+00 +1.3572363e+00 
+3.5222780e+02 +4.5730429e+05 +4.6635052e+00 +1.2817964e+00 
+3.5424053e+02 +4.2792965e+05 +4.6645343e+00 +1.2063151e+00 
+3.5627640e+02 +3.9935777e+05 +4.6585902e+00 +1.1322422e+00 
+3.5833580e+02 +3.7201521e+05 +4.6463072e+00 +1.0608184e+00 
+3.6041914e+02 +3.4621116e+05 +4.6285738e+00 +9.9297667e-01 
+3.6252686e+02 +3.2213275e+05 +4.6063897e+00 +9.2931982e-01 
+3.6465937e+02 +2.9985945e+05 +4.5807507e+00 +8.7015226e-01 
+3.6681712e+02 +2.7938640e+05 +4.5525735e+00 +8.1553949e-01 
+3.6900055e+02 +2.6064919e+05 +4.5226548e+00 +7.6537368e-01 
+3.7121014e+02 +2.4354572e+05 +4.4916594e+00 +7.1943320e-01 
+3.7344634e+02 +2.2795346e+05 +4.4601234e+00 +6.7743018e-01 
+3.7570965e+02 +2.1374180e+05 +4.4284684e+00 +6.3904575e-01 
+3.7800057e+02 +2.0078041e+05 +4.3970177e+00 +6.0395408e-01 
+3.8031959e+02 +1.8894441e+05 +4.3660145e+00 +5.7183783e-01 
+3.8266724e+02 +1.7811726e+05 +4.3356369e+00 +5.4239717e-01 
+3.8504406e+02 +1.6819204e+05 +4.3060124e+00 +5.1535440e-01 
+3.8745058e+02 +1.5907183e+05 +4.2772287e+00 +4.9045565e-01 
+3.8988738e+02 +1.5066942e+05 +4.2493435e+00 +4.6747073e-01 
+3.9235502e+02 +1.4290663e+05 +4.2223912e+00 +4.4619193e-01 
+3.9485409e+02 +1.3571354e+05 +4.1963892e+00 +4.2643217e-01 
+3.9738521e+02 +1.2902762e+05 +4.1713419e+00 +4.0802289e-01 
+3.9994899e+02 +1.2279284e+05 +4.1472445e+00 +3.9081191e-01 
+4.0254606e+02 +1.1695884e+05 +4.1240853e+00 +3.7466123e-01 
+4.0517708e+02 +1.1148010e+05 +4.1018478e+00 +3.5944493e-01 
+4.0784272e+02 +1.0631526e+05 +4.0805124e+00 +3.4504717e-01 
+4.1054366e+02 +1.0142634e+05 +4.0600573e+00 +3.3136012e-01 
+4.1328062e+02 +9.6778048e+04 +4.0404593e+00 +3.1828197e-01 
+4.1605431e+02 +9.2337088e+04 +4.0216947e+00 +3.0571471e-01 
+4.1886549e+02 +8.8071309e+04 +4.0037393e+00 +2.9356155e-01 
+4.2171492e+02 +8.3948724e+04 +3.9865689e+00 +2.8172358e-01 
+4.2460338e+02 +7.9936096e+04 +3.9701596e+00 +2.7009498e-01 
+4.2753167e+02 +7.5996659e+04 +3.9544869e+00 +2.5855500e-01 
+4.3050064e+02 +7.2084284e+04 +3.9395127e+00 +2.4694744e-01 
+4.3351114e+02 +6.8112349e+04 +3.9249705e+00 +2.3497208e-01 
+4.3656403e+02 +6.3898590e+04 +3.9090744e+00 +2.2198793e-01 
+4.3966023e+02 +5.9916457e+04 +3.8890028e+00 +2.0963001e-01 
+4.4280066e+02 +5.6520041e+04 +3.8710658e+00 +1.9915942e-01 
+4.4598628e+02 +5.2415070e+04 +3.8571248e+00 +1.8602350e-01 
+4.4921806e+02 +4.8568522e+04 +3.8415907e+00 +1.7362099e-01 
+4.5249703e+02 +4.5777705e+04 +3.8262689e+00 +1.6483897e-01 
+4.5582421e+02 +4.3248525e+04 +3.8120800e+00 +1.5687684e-01 
+4.5920069e+02 +4.0715049e+04 +3.7988055e+00 +1.4878105e-01 
+4.6262756e+02 +3.8126090e+04 +3.7863130e+00 +1.4036018e-01 
+4.6610596e+02 +3.5445735e+04 +3.7745208e+00 +1.3147367e-01 
+4.6963707e+02 +3.2624850e+04 +3.7633689e+00 +1.2192732e-01 
+4.7322208e+02 +2.9577142e+04 +3.7527202e+00 +1.1138106e-01 
+4.7686225e+02 +2.6048200e+04 +3.7412616e+00 +9.8846389e-02 
+4.8055886e+02 +2.1693682e+04 +3.7222879e+00 +8.2960237e-02 
+4.8431323e+02 +1.8475811e+04 +3.6939220e+00 +7.1206555e-02 
+4.8812672e+02 +1.5590914e+04 +3.6750413e+00 +6.0561174e-02 
+4.9200074e+02 +1.1056325e+04 +3.6605024e+00 +4.3287916e-02 
+4.9593674e+02 +8.3558201e+03 +3.6402130e+00 +3.2976572e-02 
+4.9993623e+02 +7.4685137e+03 +3.6208627e+00 +2.9712482e-02 
+5.0400076e+02 +6.9295723e+03 +3.6031030e+00 +2.7792509e-02 
+5.0813191e+02 +6.4473653e+03 +3.5864986e+00 +2.6070471e-02 
+5.1233135e+02 +5.9982066e+03 +3.5707936e+00 +2.4454708e-02 
+5.1660077e+02 +5.5795843e+03 +3.5558274e+00 +2.2937550e-02 
+5.2094196e+02 +5.1896760e+03 +3.5414908e+00 +2.1513928e-02 
+5.2535672e+02 +4.8267067e+03 +3.5277046e+00 +2.0178800e-02 
+5.2984695e+02 +4.4889651e+03 +3.5144093e+00 +1.8927219e-02 
+5.3441459e+02 +4.1748169e+03 +3.5015580e+00 +1.7754395e-02 
+5.3906168e+02 +3.8827100e+03 +3.4891131e+00 +1.6655725e-02 
+5.4379029e+02 +3.6111764e+03 +3.4770436e+00 +1.5626808e-02 
+5.4860259e+02 +3.3588312e+03 +3.4653232e+00 +1.4663450e-02 
+5.5350083e+02 +3.1243708e+03 +3.4539297e+00 +1.3761665e-02 
+5.5848732e+02 +2.9065702e+03 +3.4428437e+00 +1.2917672e-02 
+5.6356448e+02 +2.7042794e+03 +3.4320482e+00 +1.2127892e-02 
+5.6873480e+02 +2.5164206e+03 +3.4215283e+00 +1.1388937e-02 
+5.7400086e+02 +2.3419842e+03 +3.4112704e+00 +1.0697607e-02 
+5.7936535e+02 +2.1800256e+03 +3.4012625e+00 +1.0050884e-02 
+5.8483106e+02 +2.0296614e+03 +3.3914936e+00 +9.4459179e-03 
+5.9040088e+02 +1.8900667e+03 +3.3819536e+00 +8.8800265e-03 
+5.9607782e+02 +1.7604711e+03 +3.3726334e+00 +8.3506827e-03 
+6.0186498e+02 +1.6401559e+03 +3.3635244e+00 +7.8555094e-03 
+6.0776562e+02 +1.5284514e+03 +3.3546189e+00 +7.3922715e-03 
+6.1378310e+02 +1.4247335e+03 +3.3459096e+00 +6.9588694e-03 
+6.1992093e+02 +1.3284210e+03 +3.3373897e+00 +6.5533318e-03 
+6.2618276e+02 +1.2389733e+03 +3.3290528e+00 +6.1738090e-03 
+6.3257238e+02 +1.1558878e+03 +3.3208930e+00 +5.8185669e-03 
+6.3909374e+02 +1.0786973e+03 +3.3129047e+00 +5.4859808e-03 
+6.4575097e+02 +1.0069679e+03 +3.3050827e+00 +5.1745292e-03 
+6.5254835e+02 +9.4029704e+02 +3.2974220e+00 +4.8827883e-03 
+6.5949035e+02 +8.7831106e+02 +3.2899179e+00 +4.6094269e-03 
+6.6658164e+02 +8.2066363e+02 +3.2825660e+00 +4.3532005e-03 
+6.7382710e+02 +7.6703383e+02 +3.2753621e+00 +4.1129471e-03 
+6.8123179e+02 +7.1712440e+02 +3.2683021e+00 +3.8875818e-03 
+6.8880103e+02 +6.7066018e+02 +3.2613823e+00 +3.6760926e-03 
+6.9654037e+02 +6.2738655e+02 +3.2545991e+00 +3.4775360e-03 
+7.0445560e+02 +5.8706803e+02 +3.2479490e+00 +3.2910326e-03 
+7.1255279e+02 +5.4948689e+02 +3.2414288e+00 +3.1157637e-03 
+7.2083829e+02 +5.1444195e+02 +3.2350352e+00 +2.9509670e-03 
+7.2931874e+02 +4.8174732e+02 +3.2287652e+00 +2.7959334e-03 
+7.3800111e+02 +4.5123134e+02 +3.2226161e+00 +2.6500032e-03 
+7.4689269e+02 +4.2273550e+02 +3.2165850e+00 +2.5125636e-03 
+7.5600113e+02 +3.9611348e+02 +3.2106694e+00 +2.3830448e-03 
+7.6533448e+02 +3.7123025e+02 +3.2048666e+00 +2.2609178e-03 
+7.7490116e+02 +3.4796120e+02 +3.1991742e+00 +2.1456914e-03 
+7.8471004e+02 +3.2619133e+02 +3.1935900e+00 +2.0369096e-03 
+7.9477042e+02 +3.0581456e+02 +3.1881117e+00 +1.9341493e-03 
+8.0509212e+02 +2.8673299e+02 +3.1827370e+00 +1.8370178e-03 
+8.1568543e+02 +2.6885629e+02 +3.1774640e+00 +1.7451512e-03 
+8.2656124e+02 +2.5210111e+02 +3.1722907e+00 +1.6582115e-03 
+8.3773098e+02 +2.3639048e+02 +3.1672151e+00 +1.5758856e-03 
+8.4920675e+02 +2.2165337e+02 +3.1622353e+00 +1.4978831e-03 
+8.6100129e+02 +2.0782418e+02 +3.1573496e+00 +1.4239345e-03 
+8.7312807e+02 +1.9484227e+02 +3.1525563e+00 +1.3537899e-03 
+8.8560133e+02 +1.8265163e+02 +3.1478537e+00 +1.2872175e-03 
+8.9843613e+02 +1.7120046e+02 +3.1432402e+00 +1.2240024e-03 
+9.1164842e+02 +1.6044082e+02 +3.1387143e+00 +1.1639448e-03 
+9.2525512e+02 +1.5032834e+02 +3.1342744e+00 +1.1068595e-03 
+9.3927413e+02 +1.4082192e+02 +3.1299191e+00 +1.0525743e-03 
+9.5372451e+02 +1.3188345e+02 +3.1256470e+00 +1.0009293e-03 
+9.6862645e+02 +1.2347760e+02 +3.1214569e+00 +9.5177579e-04 
+9.8400147e+02 +1.1557155e+02 +3.1173472e+00 +9.0497548e-04 
+9.9987247e+02 +1.0813479e+02 +3.1133169e+00 +8.6039958e-04 
+1.0162638e+03 +1.0113898e+02 +3.1093647e+00 +8.1792814e-04 
+1.0332015e+03 +9.4557703e+01 +3.1054894e+00 +7.7744933e-04 
+1.0507134e+03 +8.8366374e+01 +3.1016898e+00 +7.3885881e-04 
+1.0688292e+03 +8.2542049e+01 +3.0979649e+00 +7.0205912e-04 
+1.0875806e+03 +7.7063312e+01 +3.0943136e+00 +6.6695917e-04 
+1.1070017e+03 +7.1910152e+01 +3.0907349e+00 +6.3347374e-04 
+1.1271290e+03 +6.7063848e+01 +3.0872277e+00 +6.0152297e-04 
+1.1480017e+03 +6.2506874e+01 +3.0837911e+00 +5.7103201e-04 
+1.1696621e+03 +5.8222802e+01 +3.0804242e+00 +5.4193059e-04 
+1.1921556e+03 +5.4196222e+01 +3.0771259e+00 +5.1415268e-04 
+1.2155312e+03 +5.0412662e+01 +3.0738956e+00 +4.8763614e-04 
+1.2398419e+03 +4.6858520e+01 +3.0707322e+00 +4.6232247e-04 
+1.2651448e+03 +4.3521002e+01 +3.0676350e+00 +4.3815648e-04 
+1.2915019e+03 +4.0388058e+01 +3.0646032e+00 +4.1508608e-04 
+1.3189807e+03 +3.7448337e+01 +3.0616360e+00 +3.9306204e-04 
+1.3476542e+03 +3.4691130e+01 +3.0587326e+00 +3.7203778e-04 
+1.3776021e+03 +3.2106333e+01 +3.0558924e+00 +3.5196917e-04 
+1.4089112e+03 +2.9684402e+01 +3.0531145e+00 +3.3281436e-04 
+1.4416766e+03 +2.7416317e+01 +3.0503984e+00 +3.1453363e-04 
+1.4760022e+03 +2.5293549e+01 +3.0477434e+00 +2.9708924e-04 
+1.5120023e+03 +2.3308029e+01 +3.0451487e+00 +2.8044527e-04 
+1.5498023e+03 +2.1452116e+01 +3.0426139e+00 +2.6456755e-04 
+1.5895408e+03 +1.9718575e+01 +3.0401383e+00 +2.4942350e-04 
+1.6313709e+03 +1.8100553e+01 +3.0377213e+00 +2.3498204e-04 
+1.6754620e+03 +1.6591550e+01 +3.0353624e+00 +2.2121352e-04 
+1.7220026e+03 +1.5185407e+01 +3.0330610e+00 +2.0808960e-04 
+1.7712027e+03 +1.3876283e+01 +3.0308166e+00 +1.9558320e-04 
+1.8232968e+03 +1.2658636e+01 +3.0286287e+00 +1.8366840e-04 
+1.8785483e+03 +1.1527210e+01 +3.0264968e+00 +1.7232041e-04 
+1.9372529e+03 +1.0477017e+01 +3.0244204e+00 +1.6151546e-04 
+1.9997449e+03 +9.5033231e+00 +3.0223991e+00 +1.5123079e-04 
+2.0664031e+03 +8.6016381e+00 +3.0204324e+00 +1.4144459e-04 
+2.1376584e+03 +7.7676998e+00 +3.0185199e+00 +1.3213591e-04 
+2.2140033e+03 +6.9974648e+00 +3.0166612e+00 +1.2328468e-04 
+2.2960034e+03 +6.2870954e+00 +3.0148558e+00 +1.1487161e-04 
+2.3843113e+03 +5.6329519e+00 +3.0131035e+00 +1.0687820e-04 
+2.4796837e+03 +5.0315817e+00 +3.0114038e+00 +9.9286673e-05 
