# title     = ank file for AlGaAs (x=0.87) after Djurisic
# reference = A.B.Djurisic et.al.J.Appl.Phys Vol.86 Nr.1 1999
# columns   = wavelength,absorption,n,k
# history   = created 12.6.2002 - 14:54 by letay
# units     = nm,cm^-1,1,1
# dataType  = matrix
+2.0664031e+02 +1.5189339e+06 +1.3590878e+00 +2.4977217e+00 
+2.0733141e+02 +1.5219289e+06 +1.3644519e+00 +2.5110168e+00 
+2.0802716e+02 +1.5250578e+06 +1.3699207e+00 +2.5246226e+00 
+2.0872759e+02 +1.5283265e+06 +1.3755010e+00 +2.5385523e+00 
+2.0943275e+02 +1.5317415e+06 +1.3812004e+00 +2.5528201e+00 
+2.1014269e+02 +1.5353098e+06 +1.3870272e+00 +2.5674408e+00 
+2.1085746e+02 +1.5390385e+06 +1.3929903e+00 +2.5824302e+00 
+2.1157711e+02 +1.5429352e+06 +1.3990997e+00 +2.5978048e+00 
+2.1230169e+02 +1.5470081e+06 +1.4053664e+00 +2.6135823e+00 
+2.1303125e+02 +1.5512656e+06 +1.4118024e+00 +2.6297812e+00 
+2.1376584e+02 +1.5557168e+06 +1.4184210e+00 +2.6464212e+00 
+2.1450551e+02 +1.5603710e+06 +1.4252369e+00 +2.6635231e+00 
+2.1525032e+02 +1.5652384e+06 +1.4322663e+00 +2.6811089e+00 
+2.1600032e+02 +1.5703296e+06 +1.4395273e+00 +2.6992018e+00 
+2.1675557e+02 +1.5756557e+06 +1.4470396e+00 +2.7178265e+00 
+2.1751612e+02 +1.5812286e+06 +1.4548256e+00 +2.7370090e+00 
+2.1828202e+02 +1.5870606e+06 +1.4629099e+00 +2.7567768e+00 
+2.1905333e+02 +1.5931649e+06 +1.4713198e+00 +2.7771589e+00 
+2.1983012e+02 +1.5995552e+06 +1.4800862e+00 +2.7981859e+00 
+2.2061243e+02 +1.6062460e+06 +1.4892430e+00 +2.8198901e+00 
+2.2140033e+02 +1.6132524e+06 +1.4988287e+00 +2.8423053e+00 
+2.2219388e+02 +1.6205901e+06 +1.5088861e+00 +2.8654671e+00 
+2.2299314e+02 +1.6282757e+06 +1.5194634e+00 +2.8894127e+00 
+2.2379817e+02 +1.6363259e+06 +1.5306148e+00 +2.9141807e+00 
+2.2460903e+02 +1.6447583e+06 +1.5424010e+00 +2.9398112e+00 
+2.2542579e+02 +1.6535906e+06 +1.5548907e+00 +2.9663456e+00 
+2.2624851e+02 +1.6628408e+06 +1.5681614e+00 +2.9938259e+00 
+2.2707726e+02 +1.6725265e+06 +1.5823006e+00 +3.0222946e+00 
+2.2791211e+02 +1.6826650e+06 +1.5974073e+00 +3.0517938e+00 
+2.2875311e+02 +1.6932724e+06 +1.6135933e+00 +3.0823644e+00 
+2.2960034e+02 +1.7043635e+06 +1.6309854e+00 +3.1140450e+00 
+2.3045388e+02 +1.7159499e+06 +1.6497272e+00 +3.1468698e+00 
+2.3131378e+02 +1.7280401e+06 +1.6699811e+00 +3.1808667e+00 
+2.3218012e+02 +1.7406370e+06 +1.6919307e+00 +3.2160544e+00 
+2.3305298e+02 +1.7537364e+06 +1.7157830e+00 +3.2524386e+00 
+2.3393243e+02 +1.7673243e+06 +1.7417708e+00 +3.2900070e+00 
+2.3481853e+02 +1.7813741e+06 +1.7701547e+00 +3.3287229e+00 
+2.3571138e+02 +1.7958420e+06 +1.8012241e+00 +3.3685174e+00 
+2.3661104e+02 +1.8106624e+06 +1.8352976e+00 +3.4092797e+00 
+2.3751760e+02 +1.8257421e+06 +1.8727205e+00 +3.4508443e+00 
+2.3843113e+02 +1.8409528e+06 +1.9138603e+00 +3.4929772e+00 
+2.3935171e+02 +1.8561234e+06 +1.9590968e+00 +3.5353590e+00 
+2.4027943e+02 +1.8710316e+06 +2.0088056e+00 +3.5775675e+00 
+2.4121437e+02 +1.8853959e+06 +2.0633334e+00 +3.6190608e+00 
+2.4215661e+02 +1.8988707e+06 +2.1229622e+00 +3.6591640e+00 
+2.4310625e+02 +1.9110451e+06 +2.1878613e+00 +3.6970659e+00 
+2.4406336e+02 +1.9214513e+06 +2.2580285e+00 +3.7318321e+00 
+2.4502804e+02 +1.9295859e+06 +2.3332249e+00 +3.7624439e+00 
+2.4600037e+02 +1.9349482e+06 +2.4129146e+00 +3.7878715e+00 
+2.4698045e+02 +1.9370968e+06 +2.4962289e+00 +3.8071856e+00 
+2.4796837e+02 +1.9357212e+06 +2.5819773e+00 +3.8196997e+00 
+2.4896423e+02 +1.9307148e+06 +2.6687314e+00 +3.8251213e+00 
+2.4996812e+02 +1.9222309e+06 +2.7549899e+00 +3.8236692e+00 
+2.5098013e+02 +1.9106952e+06 +2.8394082e+00 +3.8161101e+00 
+2.5200038e+02 +1.8967591e+06 +2.9210474e+00 +3.8036758e+00 
+2.5302895e+02 +1.8811924e+06 +2.9995713e+00 +3.7878570e+00 
+2.5406595e+02 +1.8647368e+06 +3.0753276e+00 +3.7701112e+00 
+2.5511149e+02 +1.8479553e+06 +3.1492835e+00 +3.7515576e+00 
+2.5616567e+02 +1.8311153e+06 +3.2228273e+00 +3.7327315e+00 
+2.5722860e+02 +1.8141299e+06 +3.2974849e+00 +3.7134515e+00 
+2.5830039e+02 +1.7965635e+06 +3.3746146e+00 +3.6928169e+00 
+2.5938114e+02 +1.7776953e+06 +3.4551300e+00 +3.6693223e+00 
+2.6047098e+02 +1.7566243e+06 +3.5392902e+00 +3.6410644e+00 
+2.6157001e+02 +1.7324023e+06 +3.6265779e+00 +3.6060094e+00 
+2.6267836e+02 +1.7041779e+06 +3.7156790e+00 +3.5622906e+00 
+2.6379614e+02 +1.6713341e+06 +3.8045731e+00 +3.5085029e+00 
+2.6492347e+02 +1.6336027e+06 +3.8907333e+00 +3.4439515e+00 
+2.6606048e+02 +1.5911317e+06 +3.9714170e+00 +3.3688110e+00 
+2.6720730e+02 +1.5444906e+06 +4.0440042e+00 +3.2841556e+00 
+2.6836404e+02 +1.4946089e+06 +4.1063209e+00 +3.1918466e+00 
+2.6953084e+02 +1.4426590e+06 +4.1568815e+00 +3.0942990e+00 
+2.7070783e+02 +1.3899110e+06 +4.1950061e+00 +2.9941802e+00 
+2.7189514e+02 +1.3375913e+06 +4.2208019e+00 +2.8941098e+00 
+2.7309292e+02 +1.2867717e+06 +4.2350366e+00 +2.7964180e+00 
+2.7430130e+02 +1.2383031e+06 +4.2389499e+00 +2.7029933e+00 
+2.7552041e+02 +1.1927928e+06 +4.2340537e+00 +2.6152243e+00 
+2.7675041e+02 +1.1506169e+06 +4.2219550e+00 +2.5340149e+00 
+2.7799145e+02 +1.1119536e+06 +4.2042225e+00 +2.4598477e+00 
+2.7924366e+02 +1.0768259e+06 +4.1822992e+00 +2.3928691e+00 
+2.8050721e+02 +1.0451444e+06 +4.1574559e+00 +2.3329770e+00 
+2.8178224e+02 +1.0167452e+06 +4.1307749e+00 +2.2799004e+00 
+2.8306892e+02 +9.9142049e+05 +4.1031547e+00 +2.2332647e+00 
+2.8436740e+02 +9.6894207e+05 +4.0753268e+00 +2.1926421e+00 
+2.8567785e+02 +9.4907803e+05 +4.0478780e+00 +2.1575885e+00 
+2.8700043e+02 +9.3160411e+05 +4.0212752e+00 +2.1276691e+00 
+2.8833532e+02 +9.1631089e+05 +3.9958895e+00 +2.1024749e+00 
+2.8968268e+02 +9.0300792e+05 +3.9720185e+00 +2.0816333e+00 
+2.9104269e+02 +8.9152554e+05 +3.9499074e+00 +2.0648125e+00 
+2.9241553e+02 +8.8171517e+05 +3.9297673e+00 +2.0517237e+00 
+2.9380139e+02 +8.7344829e+05 +3.9117925e+00 +2.0421196e+00 
+2.9520044e+02 +8.6661452e+05 +3.8961765e+00 +2.0357906e+00 
+2.9661288e+02 +8.6111855e+05 +3.8831279e+00 +2.0325587e+00 
+2.9803891e+02 +8.5687599e+05 +3.8728847e+00 +2.0322684e+00 
+2.9947871e+02 +8.5380770e+05 +3.8657300e+00 +2.0347739e+00 
+3.0093249e+02 +8.5183207e+05 +3.8620053e+00 +2.0399203e+00 
+3.0240045e+02 +8.5085475e+05 +3.8621229e+00 +2.0475193e+00 
+3.0388281e+02 +8.5075505e+05 +3.8665727e+00 +2.0573150e+00 
+3.0537977e+02 +8.5136866e+05 +3.8759202e+00 +2.0689408e+00 
+3.0689155e+02 +8.5246698e+05 +3.8907891e+00 +2.0818653e+00 
+3.0841837e+02 +8.5373475e+05 +3.9118177e+00 +2.0953344e+00 
+3.0996046e+02 +8.5475028e+05 +3.9395814e+00 +2.1083159e+00 
+3.1151805e+02 +8.5497611e+05 +3.9744726e+00 +2.1194703e+00 
+3.1309138e+02 +8.5377160e+05 +4.0165439e+00 +2.1271737e+00 
+3.1468067e+02 +8.5043979e+05 +4.0653379e+00 +2.1296282e+00 
+3.1628619e+02 +8.4431566e+05 +4.1197591e+00 +2.1250796e+00 
+3.1790817e+02 +8.3488695e+05 +4.1780620e+00 +2.1121244e+00 
+3.1954687e+02 +8.2191654e+05 +4.2380211e+00 +2.0900295e+00 
+3.2120255e+02 +8.0551747e+05 +4.2972851e+00 +2.0589419e+00 
+3.2287548e+02 +7.8613727e+05 +4.3538278e+00 +2.0198708e+00 
+3.2456593e+02 +7.6444234e+05 +4.4063329e+00 +1.9744121e+00 
+3.2627417e+02 +7.4113878e+05 +4.4543650e+00 +1.9242982e+00 
+3.2800049e+02 +7.1679379e+05 +4.4982653e+00 +1.8709357e+00 
+3.2974517e+02 +6.9171607e+05 +4.5388242e+00 +1.8150828e+00 
+3.3150852e+02 +6.6592627e+05 +4.5768482e+00 +1.7567541e+00 
+3.3329082e+02 +6.3921841e+05 +4.6127505e+00 +1.6953633e+00 
+3.3509239e+02 +6.1129132e+05 +4.6462814e+00 +1.6300575e+00 
+3.3691355e+02 +5.8191164e+05 +4.6764779e+00 +1.5601475e+00 
+3.3875461e+02 +5.5105759e+05 +4.7018602e+00 +1.4854989e+00 
+3.4061589e+02 +5.1899320e+05 +4.7208146e+00 +1.4067493e+00 
+3.4249775e+02 +4.8624670e+05 +4.7320252e+00 +1.3252705e+00 
+3.4440052e+02 +4.5350750e+05 +4.7347941e+00 +1.2429063e+00 
+3.4632454e+02 +4.2148920e+05 +4.7291524e+00 +1.1616087e+00 
+3.4827018e+02 +3.9081093e+05 +4.7157700e+00 +1.0831114e+00 
+3.5023781e+02 +3.6192808e+05 +4.6957447e+00 +1.0087312e+00 
+3.5222780e+02 +3.3511517e+05 +4.6703706e+00 +9.3930763e-01 
+3.5424053e+02 +3.1048567e+05 +4.6409477e+00 +8.7524563e-01 
+3.5627640e+02 +2.8802933e+05 +4.6086604e+00 +8.1660849e-01 
+3.5833580e+02 +2.6765197e+05 +4.5745172e+00 +7.6322180e-01 
+3.6041914e+02 +2.4920975e+05 +4.5393364e+00 +7.1476458e-01 
+3.6252686e+02 +2.3253493e+05 +4.5037568e+00 +6.7083934e-01 
+3.6465937e+02 +2.1745340e+05 +4.4682626e+00 +6.3102085e-01 
+3.6681712e+02 +2.0379569e+05 +4.4332100e+00 +5.9488733e-01 
+3.6900055e+02 +1.9140316e+05 +4.3988543e+00 +5.6203874e-01 
+3.7121014e+02 +1.8013093e+05 +4.3653726e+00 +5.3210612e-01 
+3.7344634e+02 +1.6984877e+05 +4.3328823e+00 +5.0475513e-01 
+3.7570965e+02 +1.6044078e+05 +4.3014568e+00 +4.7968624e-01 
+3.7800057e+02 +1.5180446e+05 +4.2711366e+00 +4.5663281e-01 
+3.8031959e+02 +1.4384936e+05 +4.2419384e+00 +4.3535825e-01 
+3.8266724e+02 +1.3649578e+05 +4.2138618e+00 +4.1565273e-01 
+3.8504406e+02 +1.2967333e+05 +4.1868945e+00 +3.9732989e-01 
+3.8745058e+02 +1.2331973e+05 +4.1610159e+00 +3.8022355e-01 
+3.8988738e+02 +1.1737955e+05 +4.1361999e+00 +3.6418475e-01 
+3.9235502e+02 +1.1180321e+05 +4.1124168e+00 +3.4907893e-01 
+3.9485409e+02 +1.0654597e+05 +4.0896350e+00 +3.3478331e-01 
+3.9738521e+02 +1.0156698e+05 +4.0678221e+00 +3.2118435e-01 
+3.9994899e+02 +9.6828477e+04 +4.0469451e+00 +3.0817531e-01 
+4.0254606e+02 +9.2294807e+04 +4.0269717e+00 +2.9565347e-01 
+4.0517708e+02 +8.7931435e+04 +4.0078700e+00 +2.8351704e-01 
+4.0784272e+02 +8.3703647e+04 +3.9896087e+00 +2.7166096e-01 
+4.1054366e+02 +7.9574667e+04 +3.9721575e+00 +2.5997065e-01 
+4.1328062e+02 +7.5502421e+04 +3.9554858e+00 +2.4831105e-01 
+4.1605431e+02 +7.1430837e+04 +3.9395438e+00 +2.3649715e-01 
+4.1886549e+02 +6.7239483e+04 +3.9238701e+00 +2.2412437e-01 
+4.2171492e+02 +6.2775548e+04 +3.9055039e+00 +2.1066850e-01 
+4.2460338e+02 +5.8989978e+04 +3.8841744e+00 +1.9932043e-01 
+4.2753167e+02 +5.4989532e+04 +3.8678017e+00 +1.8708478e-01 
+4.3050064e+02 +5.0647713e+04 +3.8514107e+00 +1.7350971e-01 
+4.3351114e+02 +4.7588024e+04 +3.8345465e+00 +1.6416783e-01 
+4.3656403e+02 +4.4919820e+04 +3.8189504e+00 +1.5605443e-01 
+4.3966023e+02 +4.2255880e+04 +3.8043606e+00 +1.4784086e-01 
+4.4280066e+02 +3.9538301e+04 +3.7906115e+00 +1.3932094e-01 
+4.4598628e+02 +3.6729548e+04 +3.7776053e+00 +1.3035486e-01 
+4.4921806e+02 +3.3777747e+04 +3.7652751e+00 +1.2074747e-01 
+4.5249703e+02 +3.0598441e+04 +3.7535357e+00 +1.1018061e-01 
+4.5582421e+02 +2.6963584e+04 +3.7414870e+00 +9.7805921e-02 
+4.5920069e+02 +2.2423102e+04 +3.7224946e+00 +8.1938565e-02 
+4.6262756e+02 +1.9028976e+04 +3.6934750e+00 +7.0054665e-02 
+4.6610596e+02 +1.5524265e+04 +3.6750822e+00 +5.7581881e-02 
+4.6963707e+02 +1.0878694e+04 +3.6569759e+00 +4.0656431e-02 
+4.7322208e+02 +9.0858057e+03 +3.6354960e+00 +3.4215161e-02 
+4.7686225e+02 +8.3805310e+03 +3.6159575e+00 +3.1802014e-02 
+4.8055886e+02 +7.8039457e+03 +3.5979023e+00 +2.9843583e-02 
+4.8431323e+02 +7.2672223e+03 +3.5809341e+00 +2.8008181e-02 
+4.8812672e+02 +6.7658500e+03 +3.5648269e+00 +2.6281193e-02 
+4.9200074e+02 +6.2978634e+03 +3.5494362e+00 +2.4657505e-02 
+4.9593674e+02 +5.8613168e+03 +3.5346620e+00 +2.3131916e-02 
+4.9993623e+02 +5.4543090e+03 +3.5204314e+00 +2.1699238e-02 
+5.0400076e+02 +5.0750084e+03 +3.5066885e+00 +2.0354390e-02 
+5.0813191e+02 +4.7216654e+03 +3.4933893e+00 +1.9092457e-02 
+5.1233135e+02 +4.3926174e+03 +3.4804979e+00 +1.7908716e-02 
+5.1660077e+02 +4.0862898e+03 +3.4679846e+00 +1.6798649e-02 
+5.2094196e+02 +3.8011957e+03 +3.4558241e+00 +1.5757949e-02 
+5.2535672e+02 +3.5359330e+03 +3.4439949e+00 +1.4782519e-02 
+5.2984695e+02 +3.2891819e+03 +3.4324780e+00 +1.3868467e-02 
+5.3441459e+02 +3.0597012e+03 +3.4212568e+00 +1.3012102e-02 
+5.3906168e+02 +2.8463252e+03 +3.4103164e+00 +1.2209928e-02 
+5.4379029e+02 +2.6479597e+03 +3.3996436e+00 +1.1458637e-02 
+5.4860259e+02 +2.4635788e+03 +3.3892262e+00 +1.0755100e-02 
+5.5350083e+02 +2.2922207e+03 +3.3790535e+00 +1.0096360e-02 
+5.5848732e+02 +2.1329851e+03 +3.3691152e+00 +9.4796275e-03 
+5.6356448e+02 +1.9850293e+03 +3.3594023e+00 +8.9022679e-03 
+5.6873480e+02 +1.8475651e+03 +3.3499060e+00 +8.3617984e-03 
+5.7400086e+02 +1.7198561e+03 +3.3406187e+00 +7.8558789e-03 
+5.7936535e+02 +1.6012140e+03 +3.3315328e+00 +7.3823058e-03 
+5.8483106e+02 +1.4909966e+03 +3.3226414e+00 +6.9390053e-03 
+5.9040088e+02 +1.3886046e+03 +3.3139383e+00 +6.5240266e-03 
+5.9607782e+02 +1.2934792e+03 +3.3054172e+00 +6.1355363e-03 
+6.0186498e+02 +1.2050996e+03 +3.2970725e+00 +5.7718118e-03 
+6.0776562e+02 +1.1229810e+03 +3.2888988e+00 +5.4312360e-03 
+6.1378310e+02 +1.0466719e+03 +3.2808910e+00 +5.1122915e-03 
+6.1992093e+02 +9.7575224e+02 +3.2730444e+00 +4.8135556e-03 
+6.2618276e+02 +9.0983162e+02 +3.2653544e+00 +4.5336947e-03 
+6.3257238e+02 +8.4854714e+02 +3.2578166e+00 +4.2714599e-03 
+6.3909374e+02 +7.9156173e+02 +3.2504270e+00 +4.0256822e-03 
+6.4575097e+02 +7.3856247e+02 +3.2431816e+00 +3.7952679e-03 
+6.5254835e+02 +6.8925901e+02 +3.2360767e+00 +3.5791943e-03 
+6.5949035e+02 +6.4338203e+02 +3.2291087e+00 +3.3765059e-03 
+6.6658164e+02 +6.0068187e+02 +3.2222743e+00 +3.1863099e-03 
+6.7382710e+02 +5.6092716e+02 +3.2155701e+00 +3.0077732e-03 
+6.8123179e+02 +5.2390359e+02 +3.2089931e+00 +2.8401182e-03 
+6.8880103e+02 +4.8941270e+02 +3.2025403e+00 +2.6826200e-03 
+6.9654037e+02 +4.5727077e+02 +3.1962089e+00 +2.5346026e-03 
+7.0445560e+02 +4.2730782e+02 +3.1899960e+00 +2.3954362e-03 
+7.1255279e+02 +3.9936656e+02 +3.1838991e+00 +2.2645342e-03 
+7.2083829e+02 +3.7330152e+02 +3.1779157e+00 +2.1413504e-03 
+7.2931874e+02 +3.4897817e+02 +3.1720433e+00 +2.0253765e-03 
+7.3800111e+02 +3.2627214e+02 +3.1662796e+00 +1.9161396e-03 
+7.4689269e+02 +3.0506844e+02 +3.1606223e+00 +1.8131996e-03 
+7.5600113e+02 +2.8526075e+02 +3.1550693e+00 +1.7161475e-03 
+7.6533448e+02 +2.6675081e+02 +3.1496185e+00 +1.6246027e-03 
+7.7490116e+02 +2.4944778e+02 +3.1442679e+00 +1.5382116e-03 
+7.8471004e+02 +2.3326767e+02 +3.1390156e+00 +1.4566456e-03 
+7.9477042e+02 +2.1813282e+02 +3.1338597e+00 +1.3795989e-03 
+8.0509212e+02 +2.0397142e+02 +3.1287983e+00 +1.3067877e-03 
+8.1568543e+02 +1.9071704e+02 +3.1238299e+00 +1.2379478e-03 
+8.2656124e+02 +1.7830823e+02 +3.1189526e+00 +1.1728341e-03 
+8.3773098e+02 +1.6668811e+02 +3.1141649e+00 +1.1112182e-03 
+8.4920675e+02 +1.5580401e+02 +3.1094652e+00 +1.0528881e-03 
+8.6100129e+02 +1.4560715e+02 +3.1048520e+00 +9.9764642e-04 
+8.7312807e+02 +1.3605234e+02 +3.1003239e+00 +9.4530965e-04 
+8.8560133e+02 +1.2709765e+02 +3.0958793e+00 +8.9570692e-04 
+8.9843613e+02 +1.1870423e+02 +3.0915170e+00 +8.4867916e-04 
+9.1164842e+02 +1.1083598e+02 +3.0872356e+00 +8.0407818e-04 
+9.2525512e+02 +1.0345938e+02 +3.0830339e+00 +7.6176588e-04 
+9.3927413e+02 +9.6543300e+01 +3.0789105e+00 +7.2161349e-04 
+9.5372451e+02 +9.0058760e+01 +3.0748644e+00 +6.8350082e-04 
+9.6862645e+02 +8.3978803e+01 +3.0708943e+00 +6.4731570e-04 
+9.8400147e+02 +7.8278316e+01 +3.0669991e+00 +6.1295326e-04 
+9.9987247e+02 +7.2933896e+01 +3.0631778e+00 +5.8031549e-04 
+1.0162638e+03 +6.7923711e+01 +3.0594292e+00 +5.4931063e-04 
+1.0332015e+03 +6.3227378e+01 +3.0557523e+00 +5.1985276e-04 
+1.0507134e+03 +5.8825857e+01 +3.0521462e+00 +4.9186134e-04 
+1.0688292e+03 +5.4701346e+01 +3.0486099e+00 +4.6526079e-04 
+1.0875806e+03 +5.0837184e+01 +3.0451424e+00 +4.3998013e-04 
+1.1070017e+03 +4.7217774e+01 +3.0417428e+00 +4.1595267e-04 
+1.1271290e+03 +4.3828496e+01 +3.0384104e+00 +3.9311563e-04 
+1.1480017e+03 +4.0655643e+01 +3.0351441e+00 +3.7140993e-04 
+1.1696621e+03 +3.7686348e+01 +3.0319432e+00 +3.5077984e-04 
+1.1921556e+03 +3.4908530e+01 +3.0288070e+00 +3.3117280e-04 
+1.2155312e+03 +3.2310836e+01 +3.0257345e+00 +3.1253917e-04 
+1.2398419e+03 +2.9882590e+01 +3.0227251e+00 +2.9483203e-04 
+1.2651448e+03 +2.7613749e+01 +3.0197780e+00 +2.7800700e-04 
+1.2915019e+03 +2.5494859e+01 +3.0168926e+00 +2.6202203e-04 
+1.3189807e+03 +2.3517015e+01 +3.0140681e+00 +2.4683729e-04 
+1.3476542e+03 +2.1671828e+01 +3.0113039e+00 +2.3241500e-04 
+1.3776021e+03 +1.9951390e+01 +3.0085993e+00 +2.1871928e-04 
+1.4089112e+03 +1.8348242e+01 +3.0059537e+00 +2.0571607e-04 
+1.4416766e+03 +1.6855350e+01 +3.0033665e+00 +1.9337296e-04 
+1.4760022e+03 +1.5466076e+01 +3.0008371e+00 +1.8165915e-04 
+1.5120023e+03 +1.4174155e+01 +2.9983649e+00 +1.7054530e-04 
+1.5498023e+03 +1.2973674e+01 +2.9959495e+00 +1.6000347e-04 
+1.5895408e+03 +1.1859048e+01 +2.9935902e+00 +1.5000704e-04 
+1.6313709e+03 +1.0825005e+01 +2.9912865e+00 +1.4053061e-04 
+1.6754620e+03 +9.8665669e+00 +2.9890380e+00 +1.3154998e-04 
+1.7220026e+03 +8.9790309e+00 +2.9868442e+00 +1.2304201e-04 
+1.7712027e+03 +8.1579575e+00 +2.9847045e+00 +1.1498464e-04 
+1.8232968e+03 +7.3991536e+00 +2.9826185e+00 +1.0735680e-04 
+1.8785483e+03 +6.6986596e+00 +2.9805859e+00 +1.0013834e-04 
+1.9372529e+03 +6.0527385e+00 +2.9786061e+00 +9.3310039e-05 
+1.9997449e+03 +5.4578611e+00 +2.9766787e+00 +8.6853478e-05 
+2.0664031e+03 +4.9106975e+00 +2.9748034e+00 +8.0751085e-05 
+2.1376584e+03 +4.4081057e+00 +2.9729798e+00 +7.4986043e-05 
+2.2140033e+03 +3.9471207e+00 +2.9712075e+00 +6.9542262e-05 
+2.2960034e+03 +3.5249476e+00 +2.9694862e+00 +6.4404370e-05 
+2.3843113e+03 +3.1389505e+00 +2.9678154e+00 +5.9557650e-05 
+2.4796837e+03 +2.7866460e+00 +2.9661950e+00 +5.4988039e-05 
