# title     = ank file for AlGaAs (x=0.83) after Djurisic
# reference = A.B.Djurisic et.al.J.Appl.Phys Vol.86 Nr.1 1999
# columns   = wavelength,absorption,n,k
# history   = created 12.6.2002 - 14:57 by letay
# units     = nm,cm^-1,1,1
# dataType  = matrix
+2.0664031e+02 +1.5026626e+06 +1.3437154e+00 +2.4709653e+00 
+2.0733141e+02 +1.5056827e+06 +1.3490009e+00 +2.4842123e+00 
+2.0802716e+02 +1.5088309e+06 +1.3543908e+00 +2.4977602e+00 
+2.0872759e+02 +1.5121129e+06 +1.3598919e+00 +2.5116215e+00 
+2.0943275e+02 +1.5155347e+06 +1.3655115e+00 +2.5258096e+00 
+2.1014269e+02 +1.5191028e+06 +1.3712574e+00 +2.5403385e+00 
+2.1085746e+02 +1.5228240e+06 +1.3771384e+00 +2.5552230e+00 
+2.1157711e+02 +1.5267053e+06 +1.3831641e+00 +2.5704788e+00 
+2.1230169e+02 +1.5307543e+06 +1.3893449e+00 +2.5861224e+00 
+2.1303125e+02 +1.5349789e+06 +1.3956923e+00 +2.6021712e+00 
+2.1376584e+02 +1.5393875e+06 +1.4022190e+00 +2.6186436e+00 
+2.1450551e+02 +1.5439889e+06 +1.4089389e+00 +2.6355591e+00 
+2.1525032e+02 +1.5487924e+06 +1.4158674e+00 +2.6529383e+00 
+2.1600032e+02 +1.5538078e+06 +1.4230215e+00 +2.6708029e+00 
+2.1675557e+02 +1.5590456e+06 +1.4304201e+00 +2.6891759e+00 
+2.1751612e+02 +1.5645165e+06 +1.4380839e+00 +2.7080814e+00 
+2.1828202e+02 +1.5702320e+06 +1.4460360e+00 +2.7275450e+00 
+2.1905333e+02 +1.5762043e+06 +1.4543020e+00 +2.7475937e+00 
+2.1983012e+02 +1.5824460e+06 +1.4629106e+00 +2.7682559e+00 
+2.2061243e+02 +1.5889704e+06 +1.4718935e+00 +2.7895614e+00 
+2.2140033e+02 +1.5957914e+06 +1.4812861e+00 +2.8115417e+00 
+2.2219388e+02 +1.6029236e+06 +1.4911282e+00 +2.8342297e+00 
+2.2299314e+02 +1.6103818e+06 +1.5014640e+00 +2.8576596e+00 
+2.2379817e+02 +1.6181818e+06 +1.5123431e+00 +2.8818674e+00 
+2.2460903e+02 +1.6263396e+06 +1.5238215e+00 +2.9068900e+00 
+2.2542579e+02 +1.6348715e+06 +1.5359616e+00 +2.9327657e+00 
+2.2624851e+02 +1.6437940e+06 +1.5488340e+00 +2.9595335e+00 
+2.2707726e+02 +1.6531235e+06 +1.5625180e+00 +2.9872329e+00 
+2.2791211e+02 +1.6628761e+06 +1.5771032e+00 +3.0159033e+00 
+2.2875311e+02 +1.6730670e+06 +1.5926905e+00 +3.0455832e+00 
+2.2960034e+02 +1.6837101e+06 +1.6093939e+00 +3.0763093e+00 
+2.3045388e+02 +1.6948173e+06 +1.6273422e+00 +3.1081148e+00 
+2.3131378e+02 +1.7063975e+06 +1.6466807e+00 +3.1410282e+00 
+2.3218012e+02 +1.7184550e+06 +1.6675734e+00 +3.1750703e+00 
+2.3305298e+02 +1.7309888e+06 +1.6902049e+00 +3.2102515e+00 
+2.3393243e+02 +1.7439895e+06 +1.7147827e+00 +3.2465674e+00 
+2.3481853e+02 +1.7574375e+06 +1.7415386e+00 +3.2839942e+00 
+2.3571138e+02 +1.7712993e+06 +1.7707306e+00 +3.3224819e+00 
+2.3661104e+02 +1.7855236e+06 +1.8026431e+00 +3.3619460e+00 
+2.3751760e+02 +1.8000364e+06 +1.8375860e+00 +3.4022579e+00 
+2.3843113e+02 +1.8147352e+06 +1.8758917e+00 +3.4432326e+00 
+2.3935171e+02 +1.8294821e+06 +1.9179077e+00 +3.4846152e+00 
+2.4027943e+02 +1.8440967e+06 +1.9639855e+00 +3.5260658e+00 
+2.4121437e+02 +1.8583491e+06 +2.0144619e+00 +3.5671437e+00 
+2.4215661e+02 +1.8719542e+06 +2.0696316e+00 +3.6072952e+00 
+2.4310625e+02 +1.8845691e+06 +2.1297110e+00 +3.6458459e+00 
+2.4406336e+02 +1.8957967e+06 +2.1947902e+00 +3.6820059e+00 
+2.4502804e+02 +1.9051991e+06 +2.2647799e+00 +3.7148927e+00 
+2.4600037e+02 +1.9123236e+06 +2.3393563e+00 +3.7435813e+00 
+2.4698045e+02 +1.9167446e+06 +2.4179209e+00 +3.7671852e+00 
+2.4796837e+02 +1.9181193e+06 +2.4995911e+00 +3.7849665e+00 
+2.4896423e+02 +1.9162497e+06 +2.5832446e+00 +3.7964632e+00 
+2.4996812e+02 +1.9111372e+06 +2.6676292e+00 +3.8016018e+00 
+2.5098013e+02 +1.9030094e+06 +2.7515363e+00 +3.8007597e+00 
+2.5200038e+02 +1.8923013e+06 +2.8340070e+00 +3.7947365e+00 
+2.5302895e+02 +1.8795851e+06 +2.9145192e+00 +3.7846205e+00 
+2.5406595e+02 +1.8654566e+06 +2.9930959e+00 +3.7715664e+00 
+2.5511149e+02 +1.8504077e+06 +3.0702955e+00 +3.7565364e+00 
+2.5616567e+02 +1.8347155e+06 +3.1470798e+00 +3.7400705e+00 
+2.5722860e+02 +1.8183753e+06 +3.2245911e+00 +3.7221419e+00 
+2.5830039e+02 +1.8010912e+06 +3.3038923e+00 +3.7021234e+00 
+2.5938114e+02 +1.7823181e+06 +3.3857215e+00 +3.6788641e+00 
+2.6047098e+02 +1.7613468e+06 +3.4703013e+00 +3.6508530e+00 
+2.6157001e+02 +1.7374126e+06 +3.5572249e+00 +3.6164382e+00 
+2.6267836e+02 +1.7098140e+06 +3.6454296e+00 +3.5740720e+00 
+2.6379614e+02 +1.6780262e+06 +3.7332606e+00 +3.5225512e+00 
+2.6492347e+02 +1.6417948e+06 +3.8186186e+00 +3.4612219e+00 
+2.6606048e+02 +1.6011961e+06 +3.8991780e+00 +3.3901197e+00 
+2.6720730e+02 +1.5566533e+06 +3.9726463e+00 +3.3100178e+00 
+2.6836404e+02 +1.5089020e+06 +4.0370255e+00 +3.2223706e+00 
+2.6953084e+02 +1.4589117e+06 +4.0908271e+00 +3.1291589e+00 
+2.7070783e+02 +1.4077775e+06 +4.1332049e+00 +3.0326688e+00 
+2.7189514e+02 +1.3566047e+06 +4.1639849e+00 +2.9352487e+00 
+2.7309292e+02 +1.3064075e+06 +4.1836031e+00 +2.8390906e+00 
+2.7430130e+02 +1.2580380e+06 +4.1929754e+00 +2.7460710e+00 
+2.7552041e+02 +1.2121488e+06 +4.1933388e+00 +2.6576627e+00 
+2.7675041e+02 +1.1691879e+06 +4.1860955e+00 +2.5749140e+00 
+2.7799145e+02 +1.1294157e+06 +4.1726814e+00 +2.4984773e+00 
+2.7924366e+02 +1.0929361e+06 +4.1544707e+00 +2.4286683e+00 
+2.8050721e+02 +1.0597310e+06 +4.1327143e+00 +2.3655373e+00 
+2.8178224e+02 +1.0296954e+06 +4.1085091e+00 +2.3089393e+00 
+2.8306892e+02 +1.0026665e+06 +4.0827888e+00 +2.2585974e+00 
+2.8436740e+02 +9.7844816e+05 +4.0563303e+00 +2.2141537e+00 
+2.8567785e+02 +9.5682905e+05 +4.0297676e+00 +2.1752093e+00 
+2.8700043e+02 +9.3759591e+05 +4.0036110e+00 +2.1413536e+00 
+2.8833532e+02 +9.2054256e+05 +3.9782673e+00 +2.1121845e+00 
+2.8968268e+02 +9.0547571e+05 +3.9540590e+00 +2.0873221e+00 
+2.9104269e+02 +8.9221826e+05 +3.9312428e+00 +2.0664169e+00 
+2.9241553e+02 +8.8061091e+05 +3.9100261e+00 +2.0491542e+00 
+2.9380139e+02 +8.7051248e+05 +3.8905821e+00 +2.0352557e+00 
+2.9520044e+02 +8.6179934e+05 +3.8730627e+00 +2.0244791e+00 
+2.9661288e+02 +8.5436405e+05 +3.8576114e+00 +2.0166156e+00 
+2.9803891e+02 +8.4811346e+05 +3.8443745e+00 +2.0114862e+00 
+2.9947871e+02 +8.4296610e+05 +3.8335121e+00 +2.0089365e+00 
+3.0093249e+02 +8.3884883e+05 +3.8252088e+00 +2.0088288e+00 
+3.0240045e+02 +8.3569246e+05 +3.8196838e+00 +2.0110324e+00 
+3.0388281e+02 +8.3342609e+05 +3.8172009e+00 +2.0154098e+00 
+3.0537977e+02 +8.3196974e+05 +3.8180760e+00 +2.0217988e+00 
+3.0689155e+02 +8.3122494e+05 +3.8226818e+00 +2.0299887e+00 
+3.0841837e+02 +8.3106304e+05 +3.8314469e+00 +2.0396908e+00 
+3.0996046e+02 +8.3131137e+05 +3.8448445e+00 +2.0505018e+00 
+3.1151805e+02 +8.3173823e+05 +3.8633653e+00 +2.0618640e+00 
+3.1309138e+02 +8.3203895e+05 +3.8874706e+00 +2.0730267e+00 
+3.1468067e+02 +8.3182728e+05 +3.9175178e+00 +2.0830197e+00 
+3.1628619e+02 +8.3063821e+05 +3.9536607e+00 +2.0906545e+00 
+3.1790817e+02 +8.2794983e+05 +3.9957351e+00 +2.0945747e+00 
+3.1954687e+02 +8.2323005e+05 +4.0431527e+00 +2.0933696e+00 
+3.2120255e+02 +8.1600798e+05 +4.0948475e+00 +2.0857561e+00 
+3.2287548e+02 +8.0595823e+05 +4.1493178e+00 +2.0707980e+00 
+3.2456593e+02 +7.9297408e+05 +4.2047912e+00 +2.0481042e+00 
+3.2627417e+02 +7.7719953e+05 +4.2594956e+00 +2.0179266e+00 
+3.2800049e+02 +7.5899902e+05 +4.3119626e+00 +1.9810975e+00 
+3.2974517e+02 +7.3886679e+05 +4.3612625e+00 +1.9388077e+00 
+3.3150852e+02 +7.1730297e+05 +4.4070841e+00 +1.8922890e+00 
+3.3329082e+02 +6.9469694e+05 +4.4496347e+00 +1.8425059e+00 
+3.3509239e+02 +6.7125358e+05 +4.4893972e+00 +1.7899517e+00 
+3.3691355e+02 +6.4698153e+05 +4.5268226e+00 +1.7346046e+00 
+3.3875461e+02 +6.2174326e+05 +4.5620504e+00 +1.6760479e+00 
+3.4061589e+02 +5.9535128e+05 +4.5947340e+00 +1.6137206e+00 
+3.4249775e+02 +5.6768189e+05 +4.6240261e+00 +1.5472230e+00 
+3.4440052e+02 +5.3877151e+05 +4.6487326e+00 +1.4765853e+00 
+3.4632454e+02 +5.0886363e+05 +4.6675881e+00 +1.4024094e+00 
+3.4827018e+02 +4.7839185e+05 +4.6795590e+00 +1.3258372e+00 
+3.5023781e+02 +4.4790908e+05 +4.6840716e+00 +1.2483692e+00 
+3.5222780e+02 +4.1799280e+05 +4.6811022e+00 +1.1716086e+00 
+3.5424053e+02 +3.8915926e+05 +4.6711286e+00 +1.0970231e+00 
+3.5627640e+02 +3.6180832e+05 +4.6549916e+00 +1.0257836e+00 
+3.5833580e+02 +3.3620339e+05 +4.6337277e+00 +9.5869932e-01 
+3.6041914e+02 +3.1247917e+05 +4.6084214e+00 +8.9622913e-01 
+3.6252686e+02 +2.9066494e+05 +4.5800994e+00 +8.3853844e-01 
+3.6465937e+02 +2.7071300e+05 +4.5496701e+00 +7.8557313e-01 
+3.6681712e+02 +2.5252520e+05 +4.5178981e+00 +7.3713062e-01 
+3.6900055e+02 +2.3597463e+05 +4.4854033e+00 +6.9291901e-01 
+3.7121014e+02 +2.2092155e+05 +4.4526734e+00 +6.5260146e-01 
+3.7344634e+02 +2.0722419e+05 +4.4200826e+00 +6.1582709e-01 
+3.7570965e+02 +1.9474559e+05 +4.3879111e+00 +5.8225084e-01 
+3.7800057e+02 +1.8335747e+05 +4.3563638e+00 +5.5154532e-01 
+3.8031959e+02 +1.7294209e+05 +4.3255864e+00 +5.2340701e-01 
+3.8266724e+02 +1.6339280e+05 +4.2956792e+00 +4.9755870e-01 
+3.8504406e+02 +1.5461383e+05 +4.2667071e+00 +4.7374965e-01 
+3.8745058e+02 +1.4651964e+05 +4.2387091e+00 +4.5175430e-01 
+3.8988738e+02 +1.3903397e+05 +4.2117045e+00 +4.3137028e-01 
+3.9235502e+02 +1.3208888e+05 +4.1856982e+00 +4.1241610e-01 
+3.9485409e+02 +1.2562378e+05 +4.1606845e+00 +3.9472866e-01 
+3.9738521e+02 +1.1958445e+05 +4.1366503e+00 +3.7816082e-01 
+3.9994899e+02 +1.1392212e+05 +4.1135774e+00 +3.6257912e-01 
+4.0254606e+02 +1.0859270e+05 +4.0914438e+00 +3.4786149e-01 
+4.0517708e+02 +1.0355595e+05 +4.0702256e+00 +3.3389512e-01 
+4.0784272e+02 +9.8774732e+04 +4.0498972e+00 +3.2057430e-01 
+4.1054366e+02 +9.4214240e+04 +4.0304327e+00 +3.0779817e-01 
+4.1328062e+02 +8.9841188e+04 +4.0118057e+00 +2.9546814e-01 
+4.1605431e+02 +8.5622814e+04 +3.9939901e+00 +2.8348472e-01 
+4.1886549e+02 +8.1525566e+04 +3.9769599e+00 +2.7174311e-01 
+4.2171492e+02 +7.7513058e+04 +3.9606893e+00 +2.6012613e-01 
+4.2460338e+02 +7.3541892e+04 +3.9451479e+00 +2.4848969e-01 
+4.2753167e+02 +6.9542758e+04 +3.9302004e+00 +2.3659760e-01 
+4.3050064e+02 +6.5347241e+04 +3.9146976e+00 +2.2386758e-01 
+4.3351114e+02 +6.1111605e+04 +3.8952213e+00 +2.1082111e-01 
+4.3656403e+02 +5.7635345e+04 +3.8757610e+00 +2.0022901e-01 
+4.3966023e+02 +5.3615473e+04 +3.8610503e+00 +1.8758472e-01 
+4.4280066e+02 +4.9517600e+04 +3.8454167e+00 +1.7448495e-01 
+4.4598628e+02 +4.6579368e+04 +3.8295358e+00 +1.6531232e-01 
+4.4921806e+02 +4.3994072e+04 +3.8148328e+00 +1.5726841e-01 
+4.5249703e+02 +4.1417524e+04 +3.8010857e+00 +1.4913858e-01 
+4.5582421e+02 +3.8788993e+04 +3.7881458e+00 +1.4070063e-01 
+4.5920069e+02 +3.6072328e+04 +3.7759241e+00 +1.3181561e-01 
+4.6262756e+02 +3.3218927e+04 +3.7643579e+00 +1.2229459e-01 
+4.6610596e+02 +3.0147389e+04 +3.7533396e+00 +1.1182129e-01 
+4.6963707e+02 +2.6628486e+04 +3.7418249e+00 +9.9517391e-02 
+4.7322208e+02 +2.2252983e+04 +3.7236100e+00 +8.3799877e-02 
+4.7686225e+02 +1.8850029e+04 +3.6951066e+00 +7.1531132e-02 
+4.8055886e+02 +1.5916682e+04 +3.6755300e+00 +6.0868031e-02 
+4.8431323e+02 +1.1303750e+04 +3.6604476e+00 +4.3565130e-02 
+4.8812672e+02 +8.6509631e+03 +3.6397714e+00 +3.3603706e-02 
+4.9200074e+02 +7.7799110e+03 +3.6202214e+00 +3.0460043e-02 
+4.9593674e+02 +7.2246948e+03 +3.6022720e+00 +2.8512541e-02 
+4.9993623e+02 +6.7224479e+03 +3.5854795e+00 +2.6744359e-02 
+5.0400076e+02 +6.2541782e+03 +3.5695882e+00 +2.5083699e-02 
+5.0813191e+02 +5.8175725e+03 +3.5544380e+00 +2.3523850e-02 
+5.1233135e+02 +5.4107611e+03 +3.5399197e+00 +2.2059691e-02 
+5.1660077e+02 +5.0319168e+03 +3.5259547e+00 +2.0686101e-02 
+5.2094196e+02 +4.6792774e+03 +3.5124832e+00 +1.9398058e-02 
+5.2535672e+02 +4.3511586e+03 +3.4994587e+00 +1.8190697e-02 
+5.2984695e+02 +4.0459605e+03 +3.4868435e+00 +1.7059340e-02 
+5.3441459e+02 +3.7621689e+03 +3.4746066e+00 +1.5999512e-02 
+5.3906168e+02 +3.4983545e+03 +3.4627218e+00 +1.5006949e-02 
+5.4379029e+02 +3.2531712e+03 +3.4511667e+00 +1.4077596e-02 
+5.4860259e+02 +3.0253534e+03 +3.4399220e+00 +1.3207606e-02 
+5.5350083e+02 +2.8137122e+03 +3.4289706e+00 +1.2393332e-02 
+5.5848732e+02 +2.6171324e+03 +3.4182974e+00 +1.1631324e-02 
+5.6356448e+02 +2.4345690e+03 +3.4078890e+00 +1.0918320e-02 
+5.6873480e+02 +2.2650432e+03 +3.3977331e+00 +1.0251241e-02 
+5.7400086e+02 +2.1076394e+03 +3.3878188e+00 +9.6271779e-03 
+5.7936535e+02 +1.9615017e+03 +3.3781358e+00 +9.0433916e-03 
+5.8483106e+02 +1.8258300e+03 +3.3686750e+00 +8.4972993e-03 
+5.9040088e+02 +1.6998779e+03 +3.3594278e+00 +7.9864700e-03 
+5.9607782e+02 +1.5829486e+03 +3.3503864e+00 +7.5086163e-03 
+6.0186498e+02 +1.4743926e+03 +3.3415432e+00 +7.0615876e-03 
+6.0776562e+02 +1.3736046e+03 +3.3328916e+00 +6.6433634e-03 
+6.1378310e+02 +1.2800211e+03 +3.3244251e+00 +6.2520465e-03 
+6.1992093e+02 +1.1931176e+03 +3.3161377e+00 +5.8858567e-03 
+6.2618276e+02 +1.1124062e+03 +3.3080237e+00 +5.5431246e-03 
+6.3257238e+02 +1.0374335e+03 +3.3000778e+00 +5.2222858e-03 
+6.3909374e+02 +9.6777834e+02 +3.2922951e+00 +4.9218752e-03 
+6.4575097e+02 +9.0304959e+02 +3.2846708e+00 +4.6405216e-03 
+6.5254835e+02 +8.4288439e+02 +3.2772003e+00 +4.3769425e-03 
+6.5949035e+02 +7.8694617e+02 +3.2698795e+00 +4.1299387e-03 
+6.6658164e+02 +7.3492298e+02 +3.2627042e+00 +3.8983903e-03 
+6.7382710e+02 +6.8652579e+02 +3.2556706e+00 +3.6812513e-03 
+6.8123179e+02 +6.4148695e+02 +3.2487751e+00 +3.4775459e-03 
+6.8880103e+02 +5.9955871e+02 +3.2420142e+00 +3.2863638e-03 
+6.9654037e+02 +5.6051186e+02 +3.2353844e+00 +3.1068568e-03 
+7.0445560e+02 +5.2413442e+02 +3.2288827e+00 +2.9382344e-03 
+7.1255279e+02 +4.9023038e+02 +3.2225060e+00 +2.7797607e-03 
+7.2083829e+02 +4.5861863e+02 +3.2162514e+00 +2.6307506e-03 
+7.2931874e+02 +4.2913181e+02 +3.2101160e+00 +2.4905669e-03 
+7.3800111e+02 +4.0161534e+02 +3.2040972e+00 +2.3586171e-03 
+7.4689269e+02 +3.7592647e+02 +3.1981925e+00 +2.2343502e-03 
+7.5600113e+02 +3.5193340e+02 +3.1923993e+00 +2.1172545e-03 
+7.6533448e+02 +3.2951444e+02 +3.1867152e+00 +2.0068544e-03 
+7.7490116e+02 +3.0855729e+02 +3.1811381e+00 +1.9027085e-03 
+7.8471004e+02 +2.8895826e+02 +3.1756657e+00 +1.8044068e-03 
+7.9477042e+02 +2.7062165e+02 +3.1702959e+00 +1.7115688e-03 
+8.0509212e+02 +2.5345911e+02 +3.1650267e+00 +1.6238414e-03 
+8.1568543e+02 +2.3738907e+02 +3.1598562e+00 +1.5408968e-03 
+8.2656124e+02 +2.2233621e+02 +3.1547823e+00 +1.4624310e-03 
+8.3773098e+02 +2.0823098e+02 +3.1498034e+00 +1.3881617e-03 
+8.4920675e+02 +1.9500910e+02 +3.1449177e+00 +1.3178272e-03 
+8.6100129e+02 +1.8261119e+02 +3.1401234e+00 +1.2511844e-03 
+8.7312807e+02 +1.7098232e+02 +3.1354190e+00 +1.1880078e-03 
+8.8560133e+02 +1.6007170e+02 +3.1308029e+00 +1.1280879e-03 
+8.9843613e+02 +1.4983233e+02 +3.1262736e+00 +1.0712303e-03 
+9.1164842e+02 +1.4022068e+02 +3.1218295e+00 +1.0172544e-03 
+9.2525512e+02 +1.3119642e+02 +3.1174693e+00 +9.6599218e-04 
+9.3927413e+02 +1.2272217e+02 +3.1131916e+00 +9.1728757e-04 
+9.5372451e+02 +1.1476323e+02 +3.1089951e+00 +8.7099535e-04 
+9.6862645e+02 +1.0728740e+02 +3.1048784e+00 +8.2698034e-04 
+9.8400147e+02 +1.0026476e+02 +3.1008404e+00 +7.8511664e-04 
+9.9987247e+02 +9.3667459e+01 +3.0968799e+00 +7.4528689e-04 
+1.0162638e+03 +8.7469606e+01 +3.0929956e+00 +7.0738162e-04 
+1.0332015e+03 +8.1647066e+01 +3.0891865e+00 +6.7129864e-04 
+1.0507134e+03 +7.6177337e+01 +3.0854514e+00 +6.3694248e-04 
+1.0688292e+03 +7.1039420e+01 +3.0817893e+00 +6.0422383e-04 
+1.0875806e+03 +6.6213699e+01 +3.0781993e+00 +5.7305912e-04 
+1.1070017e+03 +6.1681833e+01 +3.0746802e+00 +5.4337002e-04 
+1.1271290e+03 +5.7426659e+01 +3.0712311e+00 +5.1508310e-04 
+1.1480017e+03 +5.3432102e+01 +3.0678512e+00 +4.8812937e-04 
+1.1696621e+03 +4.9683089e+01 +3.0645394e+00 +4.6244401e-04 
+1.1921556e+03 +4.6165479e+01 +3.0612950e+00 +4.3796604e-04 
+1.2155312e+03 +4.2865988e+01 +3.0581171e+00 +4.1463799e-04 
+1.2398419e+03 +3.9772134e+01 +3.0550048e+00 +3.9240571e-04 
+1.2651448e+03 +3.6872173e+01 +3.0519574e+00 +3.7121805e-04 
+1.2915019e+03 +3.4155052e+01 +3.0489741e+00 +3.5102670e-04 
+1.3189807e+03 +3.1610356e+01 +3.0460542e+00 +3.3178593e-04 
+1.3476542e+03 +2.9228269e+01 +3.0431969e+00 +3.1345247e-04 
+1.3776021e+03 +2.6999529e+01 +3.0404016e+00 +2.9598528e-04 
+1.4089112e+03 +2.4915397e+01 +3.0376675e+00 +2.7934543e-04 
+1.4416766e+03 +2.2967619e+01 +3.0349940e+00 +2.6349595e-04 
+1.4760022e+03 +2.1148394e+01 +3.0323805e+00 +2.4840169e-04 
+1.5120023e+03 +1.9450353e+01 +3.0298263e+00 +2.3402921e-04 
+1.5498023e+03 +1.7866522e+01 +3.0273309e+00 +2.2034666e-04 
+1.5895408e+03 +1.6390308e+01 +3.0248937e+00 +2.0732370e-04 
+1.6313709e+03 +1.5015470e+01 +3.0225140e+00 +1.9493139e-04 
+1.6754620e+03 +1.3736101e+01 +3.0201915e+00 +1.8314210e-04 
+1.7220026e+03 +1.2546610e+01 +3.0179255e+00 +1.7192947e-04 
+1.7712027e+03 +1.1441700e+01 +3.0157155e+00 +1.6126828e-04 
+1.8232968e+03 +1.0416359e+01 +3.0135611e+00 +1.5113445e-04 
+1.8785483e+03 +9.4658371e+00 +3.0114618e+00 +1.4150491e-04 
+1.9372529e+03 +8.5856366e+00 +3.0094171e+00 +1.3235762e-04 
+1.9997449e+03 +7.7714976e+00 +3.0074266e+00 +1.2367145e-04 
+2.0664031e+03 +7.0193856e+00 +3.0054899e+00 +1.1542617e-04 
+2.1376584e+03 +6.3254802e+00 +3.0036065e+00 +1.0760239e-04 
+2.2140033e+03 +5.6861639e+00 +3.0017760e+00 +1.0018156e-04 
+2.2960034e+03 +5.0980114e+00 +2.9999981e+00 +9.3145842e-05 
+2.3843113e+03 +4.5577807e+00 +2.9982724e+00 +8.6478175e-05 
+2.4796837e+03 +4.0624042e+00 +2.9965985e+00 +8.0162187e-05 
