# title     = ank file for AlGaAs (x=0.6) after Djurisic
# reference = A.B.Djurisic et.al.J.Appl.Phys Vol.86 Nr.1 1999
# columns   = wavelength,absorption,n,k
# history   = created 19.9.2002 - 12:46 by letay
# units     = nm,cm^-1,1,1
# dataType  = list
+2.0664031e+02 +1.4777836e+06 +1.2915472e+00 +2.4300546e+00 
+2.0733141e+02 +1.4810645e+06 +1.2966983e+00 +2.4435949e+00 
+2.0802716e+02 +1.4844593e+06 +1.3019515e+00 +2.4574148e+00 
+2.0872759e+02 +1.4879731e+06 +1.3073126e+00 +2.4715254e+00 
+2.0943275e+02 +1.4916110e+06 +1.3127880e+00 +2.4859380e+00 
+2.1014269e+02 +1.4953784e+06 +1.3183846e+00 +2.5006651e+00 
+2.1085746e+02 +1.4992811e+06 +1.3241101e+00 +2.5157192e+00 
+2.1157711e+02 +1.5033251e+06 +1.3299726e+00 +2.5311140e+00 
+2.1230169e+02 +1.5075167e+06 +1.3359811e+00 +2.5468637e+00 
+2.1303125e+02 +1.5118625e+06 +1.3421453e+00 +2.5629832e+00 
+2.1376584e+02 +1.5163698e+06 +1.3484760e+00 +2.5794883e+00 
+2.1450551e+02 +1.5210457e+06 +1.3549847e+00 +2.5963956e+00 
+2.1525032e+02 +1.5258983e+06 +1.3616841e+00 +2.6137228e+00 
+2.1600032e+02 +1.5309355e+06 +1.3685881e+00 +2.6314883e+00 
+2.1675557e+02 +1.5361662e+06 +1.3757121e+00 +2.6497116e+00 
+2.1751612e+02 +1.5415994e+06 +1.3830727e+00 +2.6684133e+00 
+2.1828202e+02 +1.5472447e+06 +1.3906885e+00 +2.6876153e+00 
+2.1905333e+02 +1.5531123e+06 +1.3985796e+00 +2.7073403e+00 
+2.1983012e+02 +1.5592127e+06 +1.4067685e+00 +2.7276126e+00 
+2.2061243e+02 +1.5655572e+06 +1.4152797e+00 +2.7484577e+00 
+2.2140033e+02 +1.5721575e+06 +1.4241406e+00 +2.7699024e+00 
+2.2219388e+02 +1.5790260e+06 +1.4333812e+00 +2.7919749e+00 
+2.2299314e+02 +1.5861756e+06 +1.4430351e+00 +2.8147051e+00 
+2.2379817e+02 +1.5936197e+06 +1.4531393e+00 +2.8381240e+00 
+2.2460903e+02 +1.6013727e+06 +1.4637351e+00 +2.8622645e+00 
+2.2542579e+02 +1.6094491e+06 +1.4748685e+00 +2.8871609e+00 
+2.2624851e+02 +1.6178642e+06 +1.4865908e+00 +2.9128487e+00 
+2.2707726e+02 +1.6266337e+06 +1.4989591e+00 +2.9393653e+00 
+2.2791211e+02 +1.6357739e+06 +1.5120377e+00 +2.9667489e+00 
+2.2875311e+02 +1.6453010e+06 +1.5258983e+00 +2.9950392e+00 
+2.2960034e+02 +1.6552317e+06 +1.5406216e+00 +3.0242763e+00 
+2.3045388e+02 +1.6655823e+06 +1.5562983e+00 +3.0545009e+00 
+2.3131378e+02 +1.6763688e+06 +1.5730304e+00 +3.0857534e+00 
+2.3218012e+02 +1.6876063e+06 +1.5909331e+00 +3.1180732e+00 
+2.3305298e+02 +1.6993082e+06 +1.6101361e+00 +3.1514973e+00 
+2.3393243e+02 +1.7114858e+06 +1.6307863e+00 +3.1860593e+00 
+2.3481853e+02 +1.7241470e+06 +1.6530491e+00 +3.2217869e+00 
+2.3571138e+02 +1.7372952e+06 +1.6771119e+00 +3.2586995e+00 
+2.3661104e+02 +1.7509271e+06 +1.7031858e+00 +3.2968045e+00 
+2.3751760e+02 +1.7650306e+06 +1.7315085e+00 +3.3360931e+00 
+2.3843113e+02 +1.7795819e+06 +1.7623470e+00 +3.3765336e+00 
+2.3935171e+02 +1.7945418e+06 +1.7959992e+00 +3.4180644e+00 
+2.4027943e+02 +1.8098502e+06 +1.8327947e+00 +3.4605838e+00 
+2.4121437e+02 +1.8254213e+06 +1.8730945e+00 +3.5039382e+00 
+2.4215661e+02 +1.8411357e+06 +1.9172865e+00 +3.5479073e+00 
+2.4310625e+02 +1.8568326e+06 +1.9657778e+00 +3.5921876e+00 
+2.4406336e+02 +1.8723017e+06 +2.0189794e+00 +3.6363740e+00 
+2.4502804e+02 +1.8872744e+06 +2.0772829e+00 +3.6799420e+00 
+2.4600037e+02 +1.9014193e+06 +2.1410262e+00 +3.7222351e+00 
+2.4698045e+02 +1.9143413e+06 +2.2104483e+00 +3.7624617e+00 
+2.4796837e+02 +1.9255908e+06 +2.2856344e+00 +3.7997098e+00 
+2.4896423e+02 +1.9346859e+06 +2.3664611e+00 +3.8329888e+00 
+2.4996812e+02 +1.9411493e+06 +2.4525544e+00 +3.8613014e+00 
+2.5098013e+02 +1.9445581e+06 +2.5432824e+00 +3.8837423e+00 
+2.5200038e+02 +1.9445951e+06 +2.6378014e+00 +3.8996040e+00 
+2.5302895e+02 +1.9410851e+06 +2.7351620e+00 +3.9084533e+00 
+2.5406595e+02 +1.9339960e+06 +2.8344546e+00 +3.9101388e+00 
+2.5511149e+02 +1.9233941e+06 +2.9349440e+00 +3.9047069e+00 
+2.5616567e+02 +1.9093645e+06 +3.0361297e+00 +3.8922426e+00 
+2.5722860e+02 +1.8919256e+06 +3.1376933e+00 +3.8726963e+00 
+2.5830039e+02 +1.8709772e+06 +3.2393400e+00 +3.8457733e+00 
+2.5938114e+02 +1.8463079e+06 +3.3405929e+00 +3.8109449e+00 
+2.6047098e+02 +1.8176642e+06 +3.4406245e+00 +3.7675857e+00 
+2.6157001e+02 +1.7848574e+06 +3.5381946e+00 +3.7151949e+00 
+2.6267836e+02 +1.7478705e+06 +3.6317222e+00 +3.6536225e+00 
+2.6379614e+02 +1.7069293e+06 +3.7194700e+00 +3.5832252e+00 
+2.6492347e+02 +1.6625152e+06 +3.7997809e+00 +3.5049046e+00 
+2.6606048e+02 +1.6153211e+06 +3.8712927e+00 +3.4200257e+00 
+2.6720730e+02 +1.5661701e+06 +3.9330770e+00 +3.3302542e+00 
+2.6836404e+02 +1.5159254e+06 +3.9846817e+00 +3.2373696e+00 
+2.6953084e+02 +1.4654135e+06 +4.0260936e+00 +3.1431044e+00 
+2.7070783e+02 +1.4153741e+06 +4.0576558e+00 +3.0490336e+00 
+2.7189514e+02 +1.3664341e+06 +4.0799718e+00 +2.9565163e+00 
+2.7309292e+02 +1.3191010e+06 +4.0938189e+00 +2.8666762e+00 
+2.7430130e+02 +1.2737674e+06 +4.1000783e+00 +2.7804054e+00 
+2.7552041e+02 +1.2307199e+06 +4.0996818e+00 +2.6983801e+00 
+2.7675041e+02 +1.1901506e+06 +4.0935706e+00 +2.6210803e+00 
+2.7799145e+02 +1.1521694e+06 +4.0826649e+00 +2.5488127e+00 
+2.7924366e+02 +1.1168162e+06 +4.0678397e+00 +2.4817337e+00 
+2.8050721e+02 +1.0840730e+06 +4.0499081e+00 +2.4198736e+00 
+2.8178224e+02 +1.0538758e+06 +4.0296093e+00 +2.3631604e+00 
+2.8306892e+02 +1.0261260e+06 +4.0076025e+00 +2.3114420e+00 
+2.8436740e+02 +1.0006999e+06 +3.9844656e+00 +2.2645076e+00 
+2.8567785e+02 +9.7745768e+05 +3.9606962e+00 +2.2221054e+00 
+2.8700043e+02 +9.5625070e+05 +3.9367171e+00 +2.1839588e+00 
+2.8833532e+02 +9.3692696e+05 +3.9128815e+00 +2.1497785e+00 
+2.8968268e+02 +9.1933577e+05 +3.8894807e+00 +2.1192726e+00 
+2.9104269e+02 +9.0333103e+05 +3.8667515e+00 +2.0921545e+00 
+2.9241553e+02 +8.8877352e+05 +3.8448833e+00 +2.0681483e+00 
+2.9380139e+02 +8.7553244e+05 +3.8240255e+00 +2.0469924e+00 
+2.9520044e+02 +8.6348638e+05 +3.8042940e+00 +2.0284422e+00 
+2.9661288e+02 +8.5252371e+05 +3.7857768e+00 +2.0122717e+00 
+2.9803891e+02 +8.4254270e+05 +3.7685393e+00 +1.9982739e+00 
+2.9947871e+02 +8.3345139e+05 +3.7526294e+00 +1.9862612e+00 
+3.0093249e+02 +8.2516730e+05 +3.7380810e+00 +1.9760650e+00 
+3.0240045e+02 +8.1761696e+05 +3.7249182e+00 +1.9675350e+00 
+3.0388281e+02 +8.1073547e+05 +3.7131583e+00 +1.9605388e+00 
+3.0537977e+02 +8.0446592e+05 +3.7028152e+00 +1.9549608e+00 
+3.0689155e+02 +7.9875885e+05 +3.6939016e+00 +1.9507012e+00 
+3.0841837e+02 +7.9357169e+05 +3.6864325e+00 +1.9476752e+00 
+3.0996046e+02 +7.8886805e+05 +3.6804275e+00 +1.9458117e+00 
+3.1151805e+02 +7.8461708e+05 +3.6759134e+00 +1.9450516e+00 
+3.1309138e+02 +7.8079270e+05 +3.6729276e+00 +1.9453466e+00 
+3.1468067e+02 +7.7737260e+05 +3.6715209e+00 +1.9466570e+00 
+3.1628619e+02 +7.7433716e+05 +3.6717612e+00 +1.9489489e+00 
+3.1790817e+02 +7.7166794e+05 +3.6737366e+00 +1.9521909e+00 
+3.1954687e+02 +7.6934582e+05 +3.6775594e+00 +1.9563489e+00 
+3.2120255e+02 +7.6734855e+05 +3.6833697e+00 +1.9613803e+00 
+3.2287548e+02 +7.6564755e+05 +3.6913386e+00 +1.9672253e+00 
+3.2456593e+02 +7.6420389e+05 +3.7016695e+00 +1.9737962e+00 
+3.2627417e+02 +7.6296324e+05 +3.7145982e+00 +1.9809634e+00 
+3.2800049e+02 +7.6184990e+05 +3.7303875e+00 +1.9885387e+00 
+3.2974517e+02 +7.6076020e+05 +3.7493172e+00 +1.9962566e+00 
+3.3150852e+02 +7.5955589e+05 +3.7716639e+00 +2.0037548e+00 
+3.3329082e+02 +7.5805911e+05 +3.7976707e+00 +2.0105578e+00 
+3.3509239e+02 +7.5605084e+05 +3.8275038e+00 +2.0160705e+00 
+3.3691355e+02 +7.5327587e+05 +3.8611996e+00 +2.0195875e+00 
+3.3875461e+02 +7.4945723e+05 +3.8986074e+00 +2.0203295e+00 
+3.4061589e+02 +7.4432179e+05 +3.9393433e+00 +2.0175104e+00 
+3.4249775e+02 +7.3763576e+05 +3.9827730e+00 +2.0104340e+00 
+3.4440052e+02 +7.2924416e+05 +4.0280447e+00 +1.9986046e+00 
+3.4632454e+02 +7.1910337e+05 +4.0741804e+00 +1.9818224e+00 
+3.4827018e+02 +7.0729395e+05 +4.1202177e+00 +1.9602270e+00 
+3.5023781e+02 +6.9400485e+05 +4.1653674e+00 +1.9342637e+00 
+3.5222780e+02 +6.7948876e+05 +4.2091407e+00 +1.9045661e+00 
+3.5424053e+02 +6.6399923e+05 +4.2514016e+00 +1.8717850e+00 
+3.5627640e+02 +6.4772712e+05 +4.2923245e+00 +1.8364084e+00 
+3.5833580e+02 +6.3075407e+05 +4.3322657e+00 +1.7986240e+00 
+3.6041914e+02 +6.1303546e+05 +4.3715800e+00 +1.7582620e+00 
+3.6252686e+02 +5.9441757e+05 +4.4104283e+00 +1.7148335e+00 
+3.6465937e+02 +5.7468603e+05 +4.4486215e+00 +1.6676625e+00 
+3.6681712e+02 +5.5363524e+05 +4.4855446e+00 +1.6160822e+00 
+3.6900055e+02 +5.3114281e+05 +4.5201855e+00 +1.5596547e+00 
+3.7121014e+02 +5.0722924e+05 +4.5512724e+00 +1.4983534e+00 
+3.7344634e+02 +4.8208524e+05 +4.5774877e+00 +1.4326569e+00 
+3.7570965e+02 +4.5605865e+05 +4.5977000e+00 +1.3635253e+00 
+3.7800057e+02 +4.2960599e+05 +4.6111495e+00 +1.2922690e+00 
+3.8031959e+02 +4.0322517e+05 +4.6175413e+00 +1.2203558e+00 
+3.8266724e+02 +3.7738954e+05 +4.6170376e+00 +1.1492150e+00 
+3.8504406e+02 +3.5249871e+05 +4.6101717e+00 +1.0800854e+00 
+3.8745058e+02 +3.2885253e+05 +4.5977250e+00 +1.0139292e+00 
+3.8988738e+02 +3.0664637e+05 +4.5806009e+00 +9.5140873e-01 
+3.9235502e+02 +2.8598142e+05 +4.5597219e+00 +8.9290893e-01 
+3.9485409e+02 +2.6688266e+05 +4.5359580e+00 +8.3858510e-01 
+3.9738521e+02 +2.4931874e+05 +4.5100847e+00 +7.8841842e-01 
+3.9994899e+02 +2.3322028e+05 +4.4827653e+00 +7.4226854e-01 
+4.0254606e+02 +2.1849489e+05 +4.4545499e+00 +6.9991772e-01 
+4.0517708e+02 +2.0503848e+05 +4.4258825e+00 +6.6110490e-01 
+4.0784272e+02 +1.9274334e+05 +4.3971147e+00 +6.2555028e-01 
+4.1054366e+02 +1.8150342e+05 +4.3685193e+00 +5.9297215e-01 
+4.1328062e+02 +1.7121764e+05 +4.3403042e+00 +5.6309760e-01 
+4.1605431e+02 +1.6179169e+05 +4.3126252e+00 +5.3566884e-01 
+4.1886549e+02 +1.5313888e+05 +4.2855963e+00 +5.1044646e-01 
+4.2171492e+02 +1.4518028e+05 +4.2592986e+00 +4.8721061e-01 
+4.2460338e+02 +1.3784451e+05 +4.2337877e+00 +4.6576092e-01 
+4.2753167e+02 +1.3106724e+05 +4.2090997e+00 +4.4591550e-01 
+4.3050064e+02 +1.2479063e+05 +4.1852555e+00 +4.2750966e-01 
+4.3351114e+02 +1.1896272e+05 +4.1622644e+00 +4.1039427e-01 
+4.3656403e+02 +1.1353673e+05 +4.1401275e+00 +3.9443410e-01 
+4.3966023e+02 +1.0847048e+05 +4.1188392e+00 +3.7950621e-01 
+4.4280066e+02 +1.0372585e+05 +4.0983895e+00 +3.6549833e-01 
+4.4598628e+02 +9.9268181e+04 +4.0787651e+00 +3.5230735e-01 
+4.4921806e+02 +9.5065815e+04 +4.0599502e+00 +3.3983783e-01 
+4.5249703e+02 +9.1089613e+04 +4.0419278e+00 +3.2800067e-01 
+4.5582421e+02 +8.7312506e+04 +4.0246798e+00 +3.1671161e-01 
+4.5920069e+02 +8.3709048e+04 +4.0081875e+00 +3.0588985e-01 
+4.6262756e+02 +8.0254938e+04 +3.9924323e+00 +2.9545640e-01 
+4.6610596e+02 +7.6926496e+04 +3.9773955e+00 +2.8533217e-01 
+4.6963707e+02 +7.3699989e+04 +3.9630584e+00 +2.7543551e-01 
+4.7322208e+02 +7.0550723e+04 +3.9494026e+00 +2.6567862e-01 
+4.7686225e+02 +6.7451629e+04 +3.9364100e+00 +2.5596202e-01 
+4.8055886e+02 +6.4370762e+04 +3.9240615e+00 +2.4616447e-01 
+4.8431323e+02 +6.1264651e+04 +3.9123231e+00 +2.3611655e-01 
+4.8812672e+02 +5.8035839e+04 +3.9008073e+00 +2.2543377e-01 
+4.9200074e+02 +5.4504020e+04 +3.8865002e+00 +2.1339509e-01 
+4.9593674e+02 +5.1572089e+04 +3.8677210e+00 +2.0353127e-01 
+4.9993623e+02 +4.8695322e+04 +3.8543922e+00 +1.9372782e-01 
+5.0400076e+02 +4.5011513e+04 +3.8430040e+00 +1.8052815e-01 
+5.0813191e+02 +4.2399797e+04 +3.8293899e+00 +1.7144719e-01 
+5.1233135e+02 +4.0414381e+04 +3.8168600e+00 +1.6476957e-01 
+5.1660077e+02 +3.8475850e+04 +3.8053508e+00 +1.5817339e-01 
+5.2094196e+02 +3.6506436e+04 +3.7946673e+00 +1.5133832e-01 
+5.2535672e+02 +3.4485162e+04 +3.7847028e+00 +1.4417060e-01 
+5.2984695e+02 +3.2388204e+04 +3.7753890e+00 +1.3656124e-01 
+5.3441459e+02 +3.0184023e+04 +3.7666780e+00 +1.2836469e-01 
+5.3906168e+02 +2.7828254e+04 +3.7585337e+00 +1.1937532e-01 
+5.4379029e+02 +2.5249794e+04 +3.7509004e+00 +1.0926459e-01 
+5.4860259e+02 +2.2255991e+04 +3.7429990e+00 +9.7161661e-02 
+5.5350083e+02 +1.8335036e+04 +3.7278603e+00 +8.0758861e-02 
+5.5848732e+02 +1.5345693e+04 +3.6983827e+00 +6.8200878e-02 
+5.6356448e+02 +1.2924954e+04 +3.6806565e+00 +5.7964589e-02 
+5.6873480e+02 +8.5200161e+03 +3.6692947e+00 +3.8560295e-02 
+5.7400086e+02 +6.2770029e+03 +3.6500040e+00 +2.8671803e-02 
+5.7936535e+02 +5.7191871e+03 +3.6319979e+00 +2.6367986e-02 
+5.8483106e+02 +5.3729719e+03 +3.6156760e+00 +2.5005477e-02 
+5.9040088e+02 +5.0556589e+03 +3.6005408e+00 +2.3752805e-02 
+5.9607782e+02 +4.7588264e+03 +3.5863138e+00 +2.2573191e-02 
+6.0186498e+02 +4.4812270e+03 +3.5728222e+00 +2.1462789e-02 
+6.0776562e+02 +4.2216934e+03 +3.5599491e+00 +2.0417988e-02 
+6.1378310e+02 +3.9790762e+03 +3.5476110e+00 +1.9435124e-02 
+6.1992093e+02 +3.7522661e+03 +3.5357455e+00 +1.8510581e-02 
+6.2618276e+02 +3.5402042e+03 +3.5243039e+00 +1.7640852e-02 
+6.3257238e+02 +3.3418875e+03 +3.5132475e+00 +1.6822564e-02 
+6.3909374e+02 +3.1563704e+03 +3.5025448e+00 +1.6052500e-02 
+6.4575097e+02 +2.9827645e+03 +3.4921693e+00 +1.5327600e-02 
+6.5254835e+02 +2.8202371e+03 +3.4820987e+00 +1.4644969e-02 
+6.5949035e+02 +2.6680097e+03 +3.4723139e+00 +1.4001868e-02 
+6.6658164e+02 +2.5253556e+03 +3.4627982e+00 +1.3395719e-02 
+6.7382710e+02 +2.3915971e+03 +3.4535368e+00 +1.2824092e-02 
+6.8123179e+02 +2.2661034e+03 +3.4445169e+00 +1.2284706e-02 
+6.8880103e+02 +2.1482876e+03 +3.4357268e+00 +1.1775419e-02 
+6.9654037e+02 +2.0376046e+03 +3.4271560e+00 +1.1294223e-02 
+7.0445560e+02 +1.9335481e+03 +3.4187950e+00 +1.0839238e-02 
+7.1255279e+02 +1.8356486e+03 +3.4106351e+00 +1.0408705e-02 
+7.2083829e+02 +1.7434707e+03 +3.4026685e+00 +1.0000982e-02 
+7.2931874e+02 +1.6566115e+03 +3.3948877e+00 +9.6145326e-03 
+7.3800111e+02 +1.5746976e+03 +3.3872862e+00 +9.2479253e-03 
+7.4689269e+02 +1.4973839e+03 +3.3798576e+00 +8.8998255e-03 
+7.5600113e+02 +1.4243511e+03 +3.3725961e+00 +8.5689898e-03 
+7.6533448e+02 +1.3553042e+03 +3.3654963e+00 +8.2542610e-03 
+7.7490116e+02 +1.2899708e+03 +3.3585531e+00 +7.9545630e-03 
+7.8471004e+02 +1.2280993e+03 +3.3517618e+00 +7.6688954e-03 
+7.9477042e+02 +1.1694574e+03 +3.3451179e+00 +7.3963293e-03 
+8.0509212e+02 +1.1138309e+03 +3.3386171e+00 +7.1360023e-03 
+8.1568543e+02 +1.0610222e+03 +3.3322554e+00 +6.8871148e-03 
+8.2656124e+02 +1.0108490e+03 +3.3260293e+00 +6.6489251e-03 
+8.3773098e+02 +9.6314306e+02 +3.3199349e+00 +6.4207464e-03 
+8.4920675e+02 +9.1774948e+02 +3.3139691e+00 +6.2019423e-03 
+8.6100129e+02 +8.7452527e+02 +3.3081285e+00 +5.9919241e-03 
+8.7312807e+02 +8.3333858e+02 +3.3024102e+00 +5.7901468e-03 
+8.8560133e+02 +7.9406780e+02 +3.2968111e+00 +5.5961066e-03 
+8.9843613e+02 +7.5660070e+02 +3.2913287e+00 +5.4093376e-03 
+9.1164842e+02 +7.2083372e+02 +3.2859601e+00 +5.2294090e-03 
+9.2525512e+02 +6.8667120e+02 +3.2807030e+00 +5.0559231e-03 
+9.3927413e+02 +6.5402477e+02 +3.2755548e+00 +4.8885121e-03 
+9.5372451e+02 +6.2281273e+02 +3.2705134e+00 +4.7268363e-03 
+9.6862645e+02 +5.9295949e+02 +3.2655764e+00 +4.5705818e-03 
+9.8400147e+02 +5.6439504e+02 +3.2607418e+00 +4.4194586e-03 
+9.9987247e+02 +5.3705450e+02 +3.2560075e+00 +4.2731988e-03 
+1.0162638e+03 +5.1087767e+02 +3.2513717e+00 +4.1315548e-03 
+1.0332015e+03 +4.8580863e+02 +3.2468324e+00 +3.9942975e-03 
+1.0507134e+03 +4.6179537e+02 +3.2423879e+00 +3.8612151e-03 
+1.0688292e+03 +4.3878945e+02 +3.2380364e+00 +3.7321116e-03 
+1.0875806e+03 +4.1674570e+02 +3.2337763e+00 +3.6068054e-03 
+1.1070017e+03 +3.9562195e+02 +3.2296059e+00 +3.4851284e-03 
+1.1271290e+03 +3.7537871e+02 +3.2255239e+00 +3.3669246e-03 
+1.1480017e+03 +3.5597903e+02 +3.2215286e+00 +3.2520491e-03 
+1.1696621e+03 +3.3738820e+02 +3.2176188e+00 +3.1403673e-03 
+1.1921556e+03 +3.1957360e+02 +3.2137929e+00 +3.0317541e-03 
+1.2155312e+03 +3.0250451e+02 +3.2100497e+00 +2.9260929e-03 
+1.2398419e+03 +2.8615197e+02 +3.2063880e+00 +2.8232749e-03 
+1.2651448e+03 +2.7048859e+02 +3.2028065e+00 +2.7231986e-03 
+1.2915019e+03 +2.5548846e+02 +3.1993041e+00 +2.6257688e-03 
+1.3189807e+03 +2.4112699e+02 +3.1958795e+00 +2.5308966e-03 
+1.3476542e+03 +2.2738084e+02 +3.1925318e+00 +2.4384984e-03 
+1.3776021e+03 +2.1422780e+02 +3.1892598e+00 +2.3484956e-03 
+1.4089112e+03 +2.0164670e+02 +3.1860626e+00 +2.2608143e-03 
+1.4416766e+03 +1.8961735e+02 +3.1829391e+00 +2.1753846e-03 
+1.4760022e+03 +1.7812043e+02 +3.1798884e+00 +2.0921407e-03 
+1.5120023e+03 +1.6713746e+02 +3.1769096e+00 +2.0110199e-03 
+1.5498023e+03 +1.5665071e+02 +3.1740019e+00 +1.9319630e-03 
+1.5895408e+03 +1.4664318e+02 +3.1711643e+00 +1.8549137e-03 
+1.6313709e+03 +1.3709854e+02 +3.1683961e+00 +1.7798182e-03 
+1.6754620e+03 +1.2800104e+02 +3.1656964e+00 +1.7066254e-03 
+1.7220026e+03 +1.1933556e+02 +3.1630645e+00 +1.6352863e-03 
+1.7712027e+03 +1.1108748e+02 +3.1604997e+00 +1.5657540e-03 
+1.8232968e+03 +1.0324274e+02 +3.1580013e+00 +1.4979835e-03 
+1.8785483e+03 +9.5787715e+01 +3.1555685e+00 +1.4319317e-03 
+1.9372529e+03 +8.8709267e+01 +3.1532007e+00 +1.3675570e-03 
+1.9997449e+03 +8.1994679e+01 +3.1508973e+00 +1.3048194e-03 
+2.0664031e+03 +7.5631645e+01 +3.1486576e+00 +1.2436802e-03 
+2.1376584e+03 +6.9608251e+01 +3.1464812e+00 +1.1841021e-03 
+2.2140033e+03 +6.3912950e+01 +3.1443673e+00 +1.1260489e-03 
+2.2960034e+03 +5.8534556e+01 +3.1423155e+00 +1.0694857e-03 
+2.3843113e+03 +5.3462217e+01 +3.1403253e+00 +1.0143785e-03 
+2.4796837e+03 +4.8685411e+01 +3.1383961e+00 +9.6069441e-04 
