# title     = ank file for AlGaAs (x=0.88) after Djurisic
# reference = A.B.Djurisic et.al.J.Appl.Phys Vol.86 Nr.1 1999
# columns   = wavelength,absorption,n,k
# history   = created 12.6.2002 - 14:55 by letay
# units     = nm,cm^-1,1,1
# dataType  = matrix
+2.0664031e+02 +1.5238854e+06 +1.3632105e+00 +2.5058640e+00 
+2.0733141e+02 +1.5268785e+06 +1.3685976e+00 +2.5191831e+00 
+2.0802716e+02 +1.5300071e+06 +1.3740895e+00 +2.5328159e+00 
+2.0872759e+02 +1.5332774e+06 +1.3796929e+00 +2.5467758e+00 
+2.0943275e+02 +1.5366959e+06 +1.3854156e+00 +2.5610771e+00 
+2.1014269e+02 +1.5402697e+06 +1.3912659e+00 +2.5757351e+00 
+2.1085746e+02 +1.5440062e+06 +1.3972529e+00 +2.5907657e+00 
+2.1157711e+02 +1.5479130e+06 +1.4033866e+00 +2.6061858e+00 
+2.1230169e+02 +1.5519985e+06 +1.4096781e+00 +2.6220133e+00 
+2.1303125e+02 +1.5562714e+06 +1.4161396e+00 +2.6382672e+00 
+2.1376584e+02 +1.5607407e+06 +1.4227847e+00 +2.6549675e+00 
+2.1450551e+02 +1.5654163e+06 +1.4296281e+00 +2.6721353e+00 
+2.1525032e+02 +1.5703084e+06 +1.4366863e+00 +2.6897932e+00 
+2.1600032e+02 +1.5754278e+06 +1.4439777e+00 +2.7079649e+00 
+2.1675557e+02 +1.5807859e+06 +1.4515224e+00 +2.7266755e+00 
+2.1751612e+02 +1.5863949e+06 +1.4593431e+00 +2.7459516e+00 
+2.1828202e+02 +1.5922674e+06 +1.4674647e+00 +2.7658212e+00 
+2.1905333e+02 +1.5984169e+06 +1.4759153e+00 +2.7863140e+00 
+2.1983012e+02 +1.6048575e+06 +1.4847261e+00 +2.8074614e+00 
+2.2061243e+02 +1.6116039e+06 +1.4939320e+00 +2.8292963e+00 
+2.2140033e+02 +1.6186718e+06 +1.5035720e+00 +2.8518534e+00 
+2.2219388e+02 +1.6260772e+06 +1.5136900e+00 +2.8751690e+00 
+2.2299314e+02 +1.6338370e+06 +1.5243353e+00 +2.8992813e+00 
+2.2379817e+02 +1.6419686e+06 +1.5355632e+00 +2.9242299e+00 
+2.2460903e+02 +1.6504899e+06 +1.5474362e+00 +2.9500558e+00 
+2.2542579e+02 +1.6594192e+06 +1.5600245e+00 +2.9768013e+00 
+2.2624851e+02 +1.6687748e+06 +1.5734078e+00 +3.0045096e+00 
+2.2707726e+02 +1.6785749e+06 +1.5876758e+00 +3.0332242e+00 
+2.2791211e+02 +1.6888372e+06 +1.6029303e+00 +3.0629882e+00 
+2.2875311e+02 +1.6995783e+06 +1.6192864e+00 +3.0938434e+00 
+2.2960034e+02 +1.7108130e+06 +1.6368748e+00 +3.1258290e+00 
+2.3045388e+02 +1.7225535e+06 +1.6558433e+00 +3.1589800e+00 
+2.3131378e+02 +1.7348079e+06 +1.6763595e+00 +3.1933244e+00 
+2.3218012e+02 +1.7475790e+06 +1.6986128e+00 +3.2288806e+00 
+2.3305298e+02 +1.7608618e+06 +1.7228172e+00 +3.2656532e+00 
+2.3393243e+02 +1.7746413e+06 +1.7492131e+00 +3.3036281e+00 
+2.3481853e+02 +1.7888889e+06 +1.7780700e+00 +3.3427652e+00 
+2.3571138e+02 +1.8035581e+06 +1.8096870e+00 +3.3829908e+00 
+2.3661104e+02 +1.8185793e+06 +1.8443933e+00 +3.4241864e+00 
+2.3751760e+02 +1.8338539e+06 +1.8825458e+00 +3.4661763e+00 
+2.3843113e+02 +1.8492460e+06 +1.9245232e+00 +3.5087123e+00 
+2.3935171e+02 +1.8645748e+06 +1.9707160e+00 +3.5514563e+00 
+2.4027943e+02 +1.8796056e+06 +2.0215085e+00 +3.5939618e+00 
+2.4121437e+02 +1.8940416e+06 +2.0772517e+00 +3.6356563e+00 
+2.4215661e+02 +1.9075186e+06 +2.1382255e+00 +3.6758286e+00 
+2.4310625e+02 +1.9196051e+06 +2.2045867e+00 +3.7136260e+00 
+2.4406336e+02 +1.9298117e+06 +2.2763069e+00 +3.7480696e+00 
+2.4502804e+02 +1.9376146e+06 +2.3531034e+00 +3.7780989e+00 
+2.4600037e+02 +1.9424983e+06 +2.4343778e+00 +3.8026516e+00 
+2.4698045e+02 +1.9440162e+06 +2.5191808e+00 +3.8207850e+00 
+2.4796837e+02 +1.9418675e+06 +2.6062313e+00 +3.8318280e+00 
+2.4896423e+02 +1.9359731e+06 +2.6940115e+00 +3.8355391e+00 
+2.4996812e+02 +1.9265317e+06 +2.7809493e+00 +3.8322242e+00 
+2.5098013e+02 +1.9140270e+06 +2.8656655e+00 +3.8227644e+00 
+2.5200038e+02 +1.8991723e+06 +2.9472338e+00 +3.8085152e+00 
+2.5302895e+02 +1.8827920e+06 +3.0253790e+00 +3.7910778e+00 
+2.5406595e+02 +1.8656646e+06 +3.1005482e+00 +3.7719870e+00 
+2.5511149e+02 +1.8483668e+06 +3.1738282e+00 +3.7523931e+00 
+2.5616567e+02 +1.8311557e+06 +3.2467260e+00 +3.7328139e+00 
+2.5722860e+02 +1.8139129e+06 +3.3208673e+00 +3.7130074e+00 
+2.5830039e+02 +1.7961568e+06 +3.3976777e+00 +3.6919809e+00 
+2.5938114e+02 +1.7771124e+06 +3.4780971e+00 +3.6681192e+00 
+2.6047098e+02 +1.7558245e+06 +3.5623666e+00 +3.6394066e+00 
+2.6157001e+02 +1.7312981e+06 +3.6499068e+00 +3.6037109e+00 
+2.6267836e+02 +1.7026503e+06 +3.7393040e+00 +3.5590975e+00 
+2.6379614e+02 +1.6692548e+06 +3.8284140e+00 +3.5041381e+00 
+2.6492347e+02 +1.6308598e+06 +3.9145825e+00 +3.4381689e+00 
+2.6606048e+02 +1.5876541e+06 +3.9949597e+00 +3.3614480e+00 
+2.6720730e+02 +1.5402658e+06 +4.0668609e+00 +3.2751721e+00 
+2.6836404e+02 +1.4896895e+06 +4.1281029e+00 +3.1813409e+00 
+2.6953084e+02 +1.4371566e+06 +4.1772461e+00 +3.0824972e+00 
+2.7070783e+02 +1.3839803e+06 +4.2136984e+00 +2.9814042e+00 
+2.7189514e+02 +1.3314092e+06 +4.2376769e+00 +2.8807339e+00 
+2.7309292e+02 +1.2805168e+06 +4.2500600e+00 +2.7828248e+00 
+2.7430130e+02 +1.2321395e+06 +4.2521837e+00 +2.6895391e+00 
+2.7552041e+02 +1.1868599e+06 +4.2456319e+00 +2.6022161e+00 
+2.7675041e+02 +1.1450253e+06 +4.2320585e+00 +2.5217004e+00 
+2.7799145e+02 +1.1067855e+06 +4.2130563e+00 +2.4484150e+00 
+2.7924366e+02 +1.0721381e+06 +4.1900744e+00 +2.3824523e+00 
+2.8050721e+02 +1.0409731e+06 +4.1643774e+00 +2.3236658e+00 
+2.8178224e+02 +1.0131105e+06 +4.1370340e+00 +2.2717503e+00 
+2.8306892e+02 +9.8833160e+05 +4.1089255e+00 +2.2263067e+00 
+2.8436740e+02 +9.6640098e+05 +4.0807657e+00 +2.1868918e+00 
+2.8567785e+02 +9.4708309e+05 +4.0531250e+00 +2.1530533e+00 
+2.8700043e+02 +9.3015269e+05 +4.0264568e+00 +2.1243542e+00 
+2.8833532e+02 +9.1540149e+05 +4.0011222e+00 +2.1003883e+00 
+2.8968268e+02 +9.0264172e+05 +3.9774135e+00 +2.0807891e+00 
+2.9104269e+02 +8.9170757e+05 +3.9555754e+00 +2.0652341e+00 
+2.9241553e+02 +8.8245499e+05 +3.9358246e+00 +2.0534453e+00 
+2.9380139e+02 +8.7476028e+05 +3.9183674e+00 +2.0451870e+00 
+2.9520044e+02 +8.6851755e+05 +3.9034176e+00 +2.0402610e+00 
+2.9661288e+02 +8.6363498e+05 +3.8912125e+00 +2.0384984e+00 
+2.9803891e+02 +8.6002962e+05 +3.8820301e+00 +2.0397480e+00 
+2.9947871e+02 +8.5762017e+05 +3.8762046e+00 +2.0438597e+00 
+3.0093249e+02 +8.5631723e+05 +3.8741415e+00 +2.0506611e+00 
+3.0240045e+02 +8.5601009e+05 +3.8763287e+00 +2.0599252e+00 
+3.0388281e+02 +8.5654948e+05 +3.8833401e+00 +2.0713273e+00 
+3.0537977e+02 +8.5772607e+05 +3.8958254e+00 +2.0843901e+00 
+3.0689155e+02 +8.5924582e+05 +3.9144761e+00 +2.0984204e+00 
+3.0841837e+02 +8.6070554e+05 +3.9399568e+00 +2.1124429e+00 
+3.0996046e+02 +8.6157604e+05 +3.9727907e+00 +2.1251523e+00 
+3.1151805e+02 +8.6120457e+05 +4.0131989e+00 +2.1349106e+00 
+3.1309138e+02 +8.5885124e+05 +4.0609090e+00 +2.1398296e+00 
+3.1468067e+02 +8.5377145e+05 +4.1149851e+00 +2.1379711e+00 
+3.1628619e+02 +8.4534212e+05 +4.1737597e+00 +2.1276632e+00 
+3.1790817e+02 +8.3320481e+05 +4.2349525e+00 +2.1078689e+00 
+3.1954687e+02 +8.1737323e+05 +4.2960107e+00 +2.0784765e+00 
+3.2120255e+02 +7.9824919e+05 +4.3546002e+00 +2.0403638e+00 
+3.2287548e+02 +7.7652152e+05 +4.4090788e+00 +1.9951645e+00 
+3.2456593e+02 +7.5297683e+05 +4.4587623e+00 +1.9447988e+00 
+3.2627417e+02 +7.2829164e+05 +4.5038846e+00 +1.8909418e+00 
+3.2800049e+02 +7.0287761e+05 +4.5452832e+00 +1.8346125e+00 
+3.2974517e+02 +6.7682317e+05 +4.5839315e+00 +1.7760035e+00 
+3.3150852e+02 +6.4993892e+05 +4.6204673e+00 +1.7145785e+00 
+3.3329082e+02 +6.2188804e+05 +4.6548459e+00 +1.6493989e+00 
+3.3509239e+02 +5.9236403e+05 +4.6862204e+00 +1.5795864e+00 
+3.3691355e+02 +5.6126181e+05 +4.7130954e+00 +1.5047838e+00 
+3.3875461e+02 +5.2878276e+05 +4.7337171e+00 +1.4254521e+00 
+3.4061589e+02 +4.9543466e+05 +4.7465580e+00 +1.3428931e+00 
+3.4249775e+02 +4.6193184e+05 +4.7507117e+00 +1.2590001e+00 
+3.4440052e+02 +4.2904429e+05 +4.7460642e+00 +1.1758612e+00 
+3.4632454e+02 +3.9745793e+05 +4.7332270e+00 +1.0953794e+00 
+3.4827018e+02 +3.6768756e+05 +4.7133169e+00 +1.0190263e+00 
+3.5023781e+02 +3.4005029e+05 +4.6876951e+00 +9.4775550e-01 
+3.5222780e+02 +3.1468383e+05 +4.6577486e+00 +8.8203982e-01 
+3.5424053e+02 +2.9158697e+05 +4.6247480e+00 +8.2197101e-01 
+3.5627640e+02 +2.7066412e+05 +4.5897757e+00 +7.6737539e-01 
+3.5833580e+02 +2.5176386e+05 +4.5537074e+00 +7.1791614e-01 
+3.6041914e+02 +2.3470802e+05 +4.5172237e+00 +6.7317182e-01 
+3.6252686e+02 +2.1931137e+05 +4.4808373e+00 +6.3269074e-01 
+3.6465937e+02 +2.0539380e+05 +4.4449226e+00 +5.9602552e-01 
+3.6681712e+02 +1.9278713e+05 +4.4097455e+00 +5.6275295e-01 
+3.6900055e+02 +1.8133824e+05 +4.3754885e+00 +5.3248399e-01 
+3.7121014e+02 +1.7090997e+05 +4.3422711e+00 +5.0486743e-01 
+3.7344634e+02 +1.6138068e+05 +4.3101660e+00 +4.7958974e-01 
+3.7570965e+02 +1.5264315e+05 +4.2792118e+00 +4.5637285e-01 
+3.7800057e+02 +1.4460312e+05 +4.2494227e+00 +4.3497094e-01 
+3.8031959e+02 +1.3717776e+05 +4.2207953e+00 +4.1516674e-01 
+3.8266724e+02 +1.3029421e+05 +4.1933140e+00 +3.9676791e-01 
+3.8504406e+02 +1.2388813e+05 +4.1669550e+00 +3.7960353e-01 
+3.8745058e+02 +1.1790247e+05 +4.1416892e+00 +3.6352089e-01 
+3.8988738e+02 +1.1228634e+05 +4.1174841e+00 +3.4838243e-01 
+3.9235502e+02 +1.0699392e+05 +4.0943055e+00 +3.3406305e-01 
+3.9485409e+02 +1.0198352e+05 +4.0721184e+00 +3.2044740e-01 
+3.9738521e+02 +9.7216661e+04 +4.0508878e+00 +3.0742738e-01 
+3.9994899e+02 +9.2657152e+04 +4.0305793e+00 +2.9489926e-01 
+4.0254606e+02 +8.8270008e+04 +4.0111592e+00 +2.8276059e-01 
+4.0517708e+02 +8.4020170e+04 +3.9925946e+00 +2.7090596e-01 
+4.0784272e+02 +7.9870606e+04 +3.9748535e+00 +2.5922079e-01 
+4.1054366e+02 +7.5779112e+04 +3.9579046e+00 +2.4757056e-01 
+4.1328062e+02 +7.1690508e+04 +3.9417038e+00 +2.3577450e-01 
+4.1605431e+02 +6.7492354e+04 +3.9258812e+00 +2.2345740e-01 
+4.1886549e+02 +6.3001413e+04 +3.9076435e+00 +2.0999793e-01 
+4.2171492e+02 +5.9144486e+04 +3.8860102e+00 +1.9848302e-01 
+4.2460338e+02 +5.5103818e+04 +3.8693221e+00 +1.8618954e-01 
+4.2753167e+02 +5.0747861e+04 +3.8525837e+00 +1.7265381e-01 
+4.3050064e+02 +4.7709307e+04 +3.8355058e+00 +1.6344327e-01 
+4.3351114e+02 +4.5027190e+04 +3.8197204e+00 +1.5533354e-01 
+4.3656403e+02 +4.2341149e+04 +3.8049450e+00 +1.4709596e-01 
+4.3966023e+02 +3.9599151e+04 +3.7910140e+00 +1.3854575e-01 
+4.4280066e+02 +3.6762893e+04 +3.7778291e+00 +1.2954125e-01 
+4.4598628e+02 +3.3778602e+04 +3.7653232e+00 +1.1988181e-01 
+4.4921806e+02 +3.0558368e+04 +3.7534126e+00 +1.0923895e-01 
+4.5249703e+02 +2.6863151e+04 +3.7411596e+00 +9.6730364e-02 
+4.5582421e+02 +2.2251458e+04 +3.7214143e+00 +8.0713465e-02 
+4.5920069e+02 +1.8937201e+04 +3.6923766e+00 +6.9200376e-02 
+4.6262756e+02 +1.5119027e+04 +3.6746880e+00 +5.5660292e-02 
+4.6610596e+02 +1.0686597e+04 +3.6552668e+00 +3.9638227e-02 
+4.6963707e+02 +9.2046529e+03 +3.6337981e+00 +3.4400117e-02 
+4.7322208e+02 +8.5326719e+03 +3.6143414e+00 +3.2132179e-02 
+4.7686225e+02 +7.9499289e+03 +3.5963115e+00 +3.0167987e-02 
+4.8055886e+02 +7.4057590e+03 +3.5793384e+00 +2.8320851e-02 
+4.8431323e+02 +6.8972367e+03 +3.5632083e+00 +2.6582241e-02 
+4.8812672e+02 +6.4223985e+03 +3.5477831e+00 +2.4947094e-02 
+4.9200074e+02 +5.9792859e+03 +3.5329667e+00 +2.3410205e-02 
+4.9593674e+02 +5.5659874e+03 +3.5186887e+00 +2.1966388e-02 
+4.9993623e+02 +5.1806630e+03 +3.5048946e+00 +2.0610574e-02 
+5.0400076e+02 +4.8215555e+03 +3.4915416e+00 +1.9337863e-02 
+5.0813191e+02 +4.4869949e+03 +3.4785945e+00 +1.8143546e-02 
+5.1233135e+02 +4.1754000e+03 +3.4660243e+00 +1.7023120e-02 
+5.1660077e+02 +3.8852770e+03 +3.4538062e+00 +1.5972290e-02 
+5.2094196e+02 +3.6152172e+03 +3.4419187e+00 +1.4986971e-02 
+5.2535672e+02 +3.3638939e+03 +3.4303433e+00 +1.4063283e-02 
+5.2984695e+02 +3.1300594e+03 +3.4190634e+00 +1.3197545e-02 
+5.3441459e+02 +2.9125411e+03 +3.4080645e+00 +1.2386269e-02 
+5.3906168e+02 +2.7102380e+03 +3.3973334e+00 +1.1626153e-02 
+5.4379029e+02 +2.5221173e+03 +3.3868580e+00 +1.0914073e-02 
+5.4860259e+02 +2.3472104e+03 +3.3766274e+00 +1.0247077e-02 
+5.5350083e+02 +2.1846103e+03 +3.3666318e+00 +9.6223773e-03 
+5.5848732e+02 +2.0334673e+03 +3.3568620e+00 +9.0373404e-03 
+5.6356448e+02 +1.8929865e+03 +3.3473093e+00 +8.4894836e-03 
+5.6873480e+02 +1.7624247e+03 +3.3379660e+00 +7.9764658e-03 
+5.7400086e+02 +1.6410871e+03 +3.3288246e+00 +7.4960815e-03 
+5.7936535e+02 +1.5283247e+03 +3.3198783e+00 +7.0462538e-03 
+5.8483106e+02 +1.4235318e+03 +3.3111208e+00 +6.6250283e-03 
+5.9040088e+02 +1.3261432e+03 +3.3025458e+00 +6.2305669e-03 
+5.9607782e+02 +1.2356320e+03 +3.2941477e+00 +5.8611421e-03 
+6.0186498e+02 +1.1515071e+03 +3.2859213e+00 +5.5151309e-03 
+6.0776562e+02 +1.0733110e+03 +3.2778612e+00 +5.1910098e-03 
+6.1378310e+02 +1.0006180e+03 +3.2699629e+00 +4.8873493e-03 
+6.1992093e+02 +9.3303196e+02 +3.2622216e+00 +4.6028090e-03 
+6.2618276e+02 +8.7018445e+02 +3.2546332e+00 +4.3361327e-03 
+6.3257238e+02 +8.1173314e+02 +3.2471933e+00 +4.0861437e-03 
+6.3909374e+02 +7.5735995e+02 +3.2398982e+00 +3.8517407e-03 
+6.4575097e+02 +7.0676960e+02 +3.2327441e+00 +3.6318931e-03 
+6.5254835e+02 +6.5968800e+02 +3.2257274e+00 +3.4256376e-03 
+6.5949035e+02 +6.1586091e+02 +3.2188448e+00 +3.2320734e-03 
+6.6658164e+02 +5.7505256e+02 +3.2120928e+00 +3.0503595e-03 
+6.7382710e+02 +5.3704443e+02 +3.2054685e+00 +2.8797104e-03 
+6.8123179e+02 +5.0163403e+02 +3.1989688e+00 +2.7193933e-03 
+6.8880103e+02 +4.6863381e+02 +3.1925909e+00 +2.5687246e-03 
+6.9654037e+02 +4.3787010e+02 +3.1863321e+00 +2.4270667e-03 
+7.0445560e+02 +4.0918212e+02 +3.1801896e+00 +2.2938257e-03 
+7.1255279e+02 +3.8242110e+02 +3.1741609e+00 +2.1684481e-03 
+7.2083829e+02 +3.5744935e+02 +3.1682437e+00 +2.0504184e-03 
+7.2931874e+02 +3.3413950e+02 +3.1624356e+00 +1.9392568e-03 
+7.3800111e+02 +3.1237373e+02 +3.1567342e+00 +1.8345166e-03 
+7.4689269e+02 +2.9204304e+02 +3.1511376e+00 +1.7357821e-03 
+7.5600113e+02 +2.7304664e+02 +3.1456434e+00 +1.6426666e-03 
+7.6533448e+02 +2.5529130e+02 +3.1402498e+00 +1.5548104e-03 
+7.7490116e+02 +2.3869077e+02 +3.1349548e+00 +1.4718789e-03 
+7.8471004e+02 +2.2316527e+02 +3.1297566e+00 +1.3935609e-03 
+7.9477042e+02 +2.0864101e+02 +3.1246532e+00 +1.3195672e-03 
+8.0509212e+02 +1.9504967e+02 +3.1196431e+00 +1.2496285e-03 
+8.1568543e+02 +1.8232804e+02 +3.1147244e+00 +1.1834947e-03 
+8.2656124e+02 +1.7041757e+02 +3.1098955e+00 +1.1209327e-03 
+8.3773098e+02 +1.5926407e+02 +3.1051550e+00 +1.0617262e-03 
+8.4920675e+02 +1.4881729e+02 +3.1005012e+00 +1.0056734e-03 
+8.6100129e+02 +1.3903067e+02 +3.0959327e+00 +9.5258678e-04 
+8.7312807e+02 +1.2986104e+02 +3.0914480e+00 +9.0229168e-04 
+8.8560133e+02 +1.2126833e+02 +3.0870459e+00 +8.5462537e-04 
+8.9843613e+02 +1.1321534e+02 +3.0827249e+00 +8.0943623e-04 
+9.1164842e+02 +1.0566754e+02 +3.0784838e+00 +7.6658288e-04 
+9.2525512e+02 +9.8592797e+01 +3.0743213e+00 +7.2593346e-04 
+9.3927413e+02 +9.1961248e+01 +3.0702362e+00 +6.8736490e-04 
+9.5372451e+02 +8.5745093e+01 +3.0662274e+00 +6.5076225e-04 
+9.6862645e+02 +7.9918439e+01 +3.0622936e+00 +6.1601807e-04 
+9.8400147e+02 +7.4457153e+01 +3.0584339e+00 +5.8303189e-04 
+9.9987247e+02 +6.9338725e+01 +3.0546471e+00 +5.5170967e-04 
+1.0162638e+03 +6.4542144e+01 +3.0509322e+00 +5.2196332e-04 
+1.0332015e+03 +6.0047781e+01 +3.0472883e+00 +4.9371025e-04 
+1.0507134e+03 +5.5837289e+01 +3.0437142e+00 +4.6687299e-04 
+1.0688292e+03 +5.1893504e+01 +3.0402092e+00 +4.4137877e-04 
+1.0875806e+03 +4.8200355e+01 +3.0367723e+00 +4.1715919e-04 
+1.1070017e+03 +4.4742788e+01 +3.0334025e+00 +3.9414993e-04 
+1.1271290e+03 +4.1506687e+01 +3.0300991e+00 +3.7229038e-04 
+1.1480017e+03 +3.8478810e+01 +3.0268612e+00 +3.5152346e-04 
+1.1696621e+03 +3.5646726e+01 +3.0236880e+00 +3.3179529e-04 
+1.1921556e+03 +3.2998758e+01 +3.0205788e+00 +3.1305503e-04 
+1.2155312e+03 +3.0523929e+01 +3.0175327e+00 +2.9525461e-04 
+1.2398419e+03 +2.8211916e+01 +3.0145490e+00 +2.7834859e-04 
+1.2651448e+03 +2.6053007e+01 +3.0116271e+00 +2.6229392e-04 
+1.2915019e+03 +2.4038057e+01 +3.0087661e+00 +2.4704983e-04 
+1.3189807e+03 +2.2158455e+01 +3.0059655e+00 +2.3257769e-04 
+1.3476542e+03 +2.0406084e+01 +3.0032247e+00 +2.1884079e-04 
+1.3776021e+03 +1.8773298e+01 +3.0005428e+00 +2.0580432e-04 
+1.4089112e+03 +1.7252883e+01 +2.9979195e+00 +1.9343517e-04 
+1.4416766e+03 +1.5838039e+01 +2.9953540e+00 +1.8170186e-04 
+1.4760022e+03 +1.4522348e+01 +2.9928458e+00 +1.7057446e-04 
+1.5120023e+03 +1.3299758e+01 +2.9903943e+00 +1.6002444e-04 
+1.5498023e+03 +1.2164553e+01 +2.9879990e+00 +1.5002464e-04 
+1.5895408e+03 +1.1111342e+01 +2.9856593e+00 +1.4054919e-04 
+1.6313709e+03 +1.0135035e+01 +2.9833748e+00 +1.3157340e-04 
+1.6754620e+03 +9.2308265e+00 +2.9811450e+00 +1.2307371e-04 
+1.7220026e+03 +8.3941829e+00 +2.9789694e+00 +1.1502768e-04 
+1.7712027e+03 +7.6208233e+00 +2.9768475e+00 +1.0741385e-04 
+1.8232968e+03 +6.9067075e+00 +2.9747789e+00 +1.0021173e-04 
+1.8785483e+03 +6.2480236e+00 +2.9727631e+00 +9.3401781e-05 
+1.9372529e+03 +5.6411747e+00 +2.9707998e+00 +8.6965301e-05 
+1.9997449e+03 +5.0827669e+00 +2.9688885e+00 +8.0884431e-05 
+2.0664031e+03 +4.5696002e+00 +2.9670288e+00 +7.5142110e-05 
+2.1376584e+03 +4.0986566e+00 +2.9652205e+00 +6.9722022e-05 
+2.2140033e+03 +3.6670920e+00 +2.9634630e+00 +6.4608582e-05 
+2.2960034e+03 +3.2722252e+00 +2.9617561e+00 +5.9786876e-05 
+2.3843113e+03 +2.9115308e+00 +2.9600994e+00 +5.5242646e-05 
+2.4796837e+03 +2.5826312e+00 +2.9584926e+00 +5.0962276e-05 
