# title     = ank file for AlGaAs (x=0.25) after Djurisic
# reference = A.B.Djurisic et.al.J.Appl.Phys Vol.86 Nr.1 1999
# columns   = wavelength,absorption,n,k
# history   = created 19.9.2002 - 12:42 by letay
# units     = nm,cm^-1,1,1
# dataType  = list
+2.0664031e+02 +1.4905225e+06 +1.2481052e+00 +2.4510022e+00 
+2.0733141e+02 +1.4938768e+06 +1.2534130e+00 +2.4647339e+00 
+2.0802716e+02 +1.4973359e+06 +1.2588299e+00 +2.4787310e+00 
+2.0872759e+02 +1.5009039e+06 +1.2643618e+00 +2.4930034e+00 
+2.0943275e+02 +1.5045853e+06 +1.2700151e+00 +2.5075613e+00 
+2.1014269e+02 +1.5083850e+06 +1.2757967e+00 +2.5224154e+00 
+2.1085746e+02 +1.5123077e+06 +1.2817140e+00 +2.5375772e+00 
+2.1157711e+02 +1.5163587e+06 +1.2877749e+00 +2.5530585e+00 
+2.1230169e+02 +1.5205435e+06 +1.2939880e+00 +2.5688718e+00 
+2.1303125e+02 +1.5248676e+06 +1.3003628e+00 +2.5850300e+00 
+2.1376584e+02 +1.5293372e+06 +1.3069093e+00 +2.6015471e+00 
+2.1450551e+02 +1.5339584e+06 +1.3136384e+00 +2.6184373e+00 
+2.1525032e+02 +1.5387380e+06 +1.3205620e+00 +2.6357160e+00 
+2.1600032e+02 +1.5436827e+06 +1.3276930e+00 +2.6533991e+00 
+2.1675557e+02 +1.5488000e+06 +1.3350453e+00 +2.6715034e+00 
+2.1751612e+02 +1.5540973e+06 +1.3426341e+00 +2.6900465e+00 
+2.1828202e+02 +1.5595829e+06 +1.3504759e+00 +2.7090471e+00 
+2.1905333e+02 +1.5652650e+06 +1.3585889e+00 +2.7285247e+00 
+2.1983012e+02 +1.5711527e+06 +1.3669927e+00 +2.7484999e+00 
+2.2061243e+02 +1.5772552e+06 +1.3757087e+00 +2.7689944e+00 
+2.2140033e+02 +1.5835823e+06 +1.3847604e+00 +2.7900311e+00 
+2.2219388e+02 +1.5901443e+06 +1.3941737e+00 +2.8116339e+00 
+2.2299314e+02 +1.5969521e+06 +1.4039766e+00 +2.8338283e+00 
+2.2379817e+02 +1.6040170e+06 +1.4142002e+00 +2.8566408e+00 
+2.2460903e+02 +1.6113510e+06 +1.4248785e+00 +2.8800996e+00 
+2.2542579e+02 +1.6189666e+06 +1.4360491e+00 +2.9042342e+00 
+2.2624851e+02 +1.6268770e+06 +1.4477533e+00 +2.9290757e+00 
+2.2707726e+02 +1.6350960e+06 +1.4600368e+00 +2.9546567e+00 
+2.2791211e+02 +1.6436380e+06 +1.4729502e+00 +2.9810118e+00 
+2.2875311e+02 +1.6525182e+06 +1.4865498e+00 +3.0081770e+00 
+2.2960034e+02 +1.6617523e+06 +1.5008980e+00 +3.0361902e+00 
+2.3045388e+02 +1.6713570e+06 +1.5160643e+00 +3.0650910e+00 
+2.3131378e+02 +1.6813492e+06 +1.5321266e+00 +3.0949209e+00 
+2.3218012e+02 +1.6917467e+06 +1.5491720e+00 +3.1257232e+00 
+2.3305298e+02 +1.7025678e+06 +1.5672985e+00 +3.1575426e+00 
+2.3393243e+02 +1.7138312e+06 +1.5866166e+00 +3.1904255e+00 
+2.3481853e+02 +1.7255558e+06 +1.6072515e+00 +3.2244193e+00 
+2.3571138e+02 +1.7377604e+06 +1.6293454e+00 +3.2595720e+00 
+2.3661104e+02 +1.7504633e+06 +1.6530609e+00 +3.2959313e+00 
+2.3751760e+02 +1.7636817e+06 +1.6785844e+00 +3.3335435e+00 
+2.3843113e+02 +1.7774305e+06 +1.7061309e+00 +3.3724516e+00 
+2.3935171e+02 +1.7917212e+06 +1.7359497e+00 +3.4126920e+00 
+2.4027943e+02 +1.8065590e+06 +1.7683314e+00 +3.4542907e+00 
+2.4121437e+02 +1.8219403e+06 +1.8036159e+00 +3.4972562e+00 
+2.4215661e+02 +1.8378469e+06 +1.8422029e+00 +3.5415698e+00 
+2.4310625e+02 +1.8542391e+06 +1.8845633e+00 +3.5871702e+00 
+2.4406336e+02 +1.8710442e+06 +1.9312511e+00 +3.6339317e+00 
+2.4502804e+02 +1.8881401e+06 +1.9829148e+00 +3.6816299e+00 
+2.4600037e+02 +1.9053319e+06 +2.0403031e+00 +3.7298943e+00 
+2.4698045e+02 +1.9223185e+06 +2.1042579e+00 +3.7781402e+00 
+2.4796837e+02 +1.9386496e+06 +2.1756788e+00 +3.8254784e+00 
+2.4896423e+02 +1.9536737e+06 +2.2554382e+00 +3.8706075e+00 
+2.4996812e+02 +1.9664900e+06 +2.3442131e+00 +3.9117086e+00 
+2.5098013e+02 +1.9759295e+06 +2.4422056e+00 +3.9463984e+00 
+2.5200038e+02 +1.9806163e+06 +2.5487548e+00 +3.9718394e+00 
+2.5302895e+02 +1.9791689e+06 +2.6619343e+00 +3.9851365e+00 
+2.5406595e+02 +1.9705712e+06 +2.7783756e+00 +3.9840863e+00 
+2.5511149e+02 +1.9546243e+06 +2.8936471e+00 +3.9681077e+00 
+2.5616567e+02 +1.9322310e+06 +3.0033355e+00 +3.9388561e+00 
+2.5722860e+02 +1.9052400e+06 +3.1044595e+00 +3.8999504e+00 
+2.5830039e+02 +1.8758261e+06 +3.1964075e+00 +3.8557401e+00 
+2.5938114e+02 +1.8457388e+06 +3.2808107e+00 +3.8097701e+00 
+2.6047098e+02 +1.8158292e+06 +3.3605218e+00 +3.7637822e+00 
+2.6157001e+02 +1.7860111e+06 +3.4383779e+00 +3.7175965e+00 
+2.6267836e+02 +1.7555301e+06 +3.5163069e+00 +3.6696337e+00 
+2.6379614e+02 +1.7233330e+06 +3.5949377e+00 +3.6176603e+00 
+2.6492347e+02 +1.6884010e+06 +3.6736075e+00 +3.5594768e+00 
+2.6606048e+02 +1.6499956e+06 +3.7506141e+00 +3.4934401e+00 
+2.6720730e+02 +1.6078110e+06 +3.8236032e+00 +3.4187981e+00 
+2.6836404e+02 +1.5620308e+06 +3.8900191e+00 +3.3358310e+00 
+2.6953084e+02 +1.5132923e+06 +3.9475469e+00 +3.2457976e+00 
+2.7070783e+02 +1.4625723e+06 +3.9944678e+00 +3.1507091e+00 
+2.7189514e+02 +1.4110237e+06 +4.0298634e+00 +3.0529935e+00 
+2.7309292e+02 +1.3598068e+06 +4.0536456e+00 +2.9551381e+00 
+2.7430130e+02 +1.3099527e+06 +4.0664407e+00 +2.8593914e+00 
+2.7552041e+02 +1.2622791e+06 +4.0693862e+00 +2.7675744e+00 
+2.7675041e+02 +1.2173607e+06 +4.0639090e+00 +2.6810053e+00 
+2.7799145e+02 +1.1755413e+06 +4.0515309e+00 +2.6005156e+00 
+2.7924366e+02 +1.1369708e+06 +4.0337270e+00 +2.5265201e+00 
+2.8050721e+02 +1.1016503e+06 +4.0118384e+00 +2.4591098e+00 
+2.8178224e+02 +1.0694770e+06 +3.9870299e+00 +2.3981436e+00 
+2.8306892e+02 +1.0402811e+06 +3.9602801e+00 +2.3433277e+00 
+2.8436740e+02 +1.0138555e+06 +3.9323900e+00 +2.2942778e+00 
+2.8567785e+02 +9.8997613e+05 +3.9040028e+00 +2.2505643e+00 
+2.8700043e+02 +9.6841648e+05 +3.8756262e+00 +2.2117440e+00 
+2.8833532e+02 +9.4895657e+05 +3.8476555e+00 +2.1773804e+00 
+2.8968268e+02 +9.3138833e+05 +3.8203938e+00 +2.1470564e+00 
+2.9104269e+02 +9.1551838e+05 +3.7940703e+00 +2.1203810e+00 
+2.9241553e+02 +9.0116917e+05 +3.7688551e+00 +2.0969926e+00 
+2.9380139e+02 +8.8817905e+05 +3.7448717e+00 +2.0765601e+00 
+2.9520044e+02 +8.7640169e+05 +3.7222064e+00 +2.0587819e+00 
+2.9661288e+02 +8.6570515e+05 +3.7009170e+00 +2.0433848e+00 
+2.9803891e+02 +8.5597083e+05 +3.6810385e+00 +2.0301217e+00 
+2.9947871e+02 +8.4709231e+05 +3.6625885e+00 +2.0187699e+00 
+3.0093249e+02 +8.3897420e+05 +3.6455709e+00 +2.0091290e+00 
+3.0240045e+02 +8.3153114e+05 +3.6299796e+00 +2.0010185e+00 
+3.0388281e+02 +8.2468678e+05 +3.6158002e+00 +1.9942762e+00 
+3.0537977e+02 +8.1837285e+05 +3.6030128e+00 +1.9887565e+00 
+3.0689155e+02 +8.1252844e+05 +3.5915932e+00 +1.9843288e+00 
+3.0841837e+02 +8.0709917e+05 +3.5815143e+00 +1.9808759e+00 
+3.0996046e+02 +8.0203665e+05 +3.5727469e+00 +1.9782932e+00 
+3.1151805e+02 +7.9729784e+05 +3.5652608e+00 +1.9764869e+00 
+3.1309138e+02 +7.9284458e+05 +3.5590256e+00 +1.9753739e+00 
+3.1468067e+02 +7.8864318e+05 +3.5540109e+00 +1.9748802e+00 
+3.1628619e+02 +7.8466399e+05 +3.5501871e+00 +1.9749408e+00 
+3.1790817e+02 +7.8088114e+05 +3.5475258e+00 +1.9754987e+00 
+3.1954687e+02 +7.7727222e+05 +3.5460000e+00 +1.9765047e+00 
+3.2120255e+02 +7.7381810e+05 +3.5455851e+00 +1.9779168e+00 
+3.2287548e+02 +7.7050270e+05 +3.5462585e+00 +1.9796999e+00 
+3.2456593e+02 +7.6731286e+05 +3.5480011e+00 +1.9818261e+00 
+3.2627417e+02 +7.6423826e+05 +3.5507972e+00 +1.9842738e+00 
+3.2800049e+02 +7.6127126e+05 +3.5546354e+00 +1.9870284e+00 
+3.2974517e+02 +7.5840694e+05 +3.5595097e+00 +1.9900816e+00 
+3.3150852e+02 +7.5564295e+05 +3.5654206e+00 +1.9934322e+00 
+3.3329082e+02 +7.5297953e+05 +3.5723766e+00 +1.9970855e+00 
+3.3509239e+02 +7.5041939e+05 +3.5803960e+00 +2.0010537e+00 
+3.3691355e+02 +7.4796754e+05 +3.5895097e+00 +2.0053554e+00 
+3.3875461e+02 +7.4563101e+05 +3.5997640e+00 +2.0100150e+00 
+3.4061589e+02 +7.4341833e+05 +3.6112251e+00 +2.0150615e+00 
+3.4249775e+02 +7.4133855e+05 +3.6239836e+00 +2.0205260e+00 
+3.4440052e+02 +7.3939974e+05 +3.6381609e+00 +2.0264375e+00 
+3.4632454e+02 +7.3760646e+05 +3.6539163e+00 +2.0328162e+00 
+3.4827018e+02 +7.3595593e+05 +3.6714538e+00 +2.0396622e+00 
+3.5023781e+02 +7.3443214e+05 +3.6910290e+00 +2.0469387e+00 
+3.5222780e+02 +7.3299756e+05 +3.7129512e+00 +2.0545480e+00 
+3.5424053e+02 +7.3158199e+05 +3.7375777e+00 +2.0622979e+00 
+3.5627640e+02 +7.3006913e+05 +3.7652912e+00 +2.0698610e+00 
+3.5833580e+02 +7.2828316e+05 +3.7964507e+00 +2.0767327e+00 
+3.6041914e+02 +7.2598102e+05 +3.8313075e+00 +2.0822039e+00 
+3.6252686e+02 +7.2285996e+05 +3.8698837e+00 +2.0853766e+00 
+3.6465937e+02 +7.1859218e+05 +3.9118382e+00 +2.0852590e+00 
+3.6681712e+02 +7.1289351e+05 +3.9563765e+00 +2.0809632e+00 
+3.6900055e+02 +7.0561607e+05 +4.0022906e+00 +2.0719803e+00 
+3.7121014e+02 +6.9682978e+05 +4.0481890e+00 +2.0584327e+00 
+3.7344634e+02 +6.8684388e+05 +4.0928893e+00 +2.0411568e+00 
+3.7570965e+02 +6.7613918e+05 +4.1358254e+00 +2.0215226e+00 
+3.7800057e+02 +6.6522850e+05 +4.1772881e+00 +2.0010292e+00 
+3.8031959e+02 +6.5450009e+05 +4.2184037e+00 +1.9808361e+00 
+3.8266724e+02 +6.4409611e+05 +4.2608874e+00 +1.9613816e+00 
+3.8504406e+02 +6.3384735e+05 +4.3066739e+00 +1.9421610e+00 
+3.8745058e+02 +6.2326031e+05 +4.3575008e+00 +1.9216572e+00 
+3.8988738e+02 +6.1155082e+05 +4.4144680e+00 +1.8974129e+00 
+3.9235502e+02 +5.9773314e+05 +4.4775894e+00 +1.8662795e+00 
+3.9485409e+02 +5.8078230e+05 +4.5454103e+00 +1.8249046e+00 
+3.9738521e+02 +5.5986990e+05 +4.6148623e+00 +1.7704715e+00 
+3.9994899e+02 +5.3462423e+05 +4.6815550e+00 +1.7015447e+00 
+4.0254606e+02 +5.0531256e+05 +4.7405776e+00 +1.6186979e+00 
+4.0517708e+02 +4.7284244e+05 +4.7875951e+00 +1.5245843e+00 
+4.0784272e+02 +4.3855963e+05 +4.8197998e+00 +1.4233493e+00 
+4.1054366e+02 +4.0393138e+05 +4.8363284e+00 +1.3196449e+00 
+4.1328062e+02 +3.7025429e+05 +4.8380656e+00 +1.2176859e+00 
+4.1605431e+02 +3.3848294e+05 +4.8270635e+00 +1.1206680e+00 
+4.1886549e+02 +3.0919240e+05 +4.8058908e+00 +1.0306080e+00 
+4.2171492e+02 +2.8263131e+05 +4.7771269e+00 +9.4848260e-01 
+4.2460338e+02 +2.5881148e+05 +4.7430627e+00 +8.7449455e-01 
+4.2753167e+02 +2.3759595e+05 +4.7055798e+00 +8.0834631e-01 
+4.3050064e+02 +2.1876855e+05 +4.6661403e+00 +7.4946064e-01 
+4.3351114e+02 +2.0208171e+05 +4.6258355e+00 +6.9713582e-01 
+4.3656403e+02 +1.8728592e+05 +4.5854533e+00 +6.5064368e-01 
+4.3966023e+02 +1.7414608e+05 +4.5455456e+00 +6.0928574e-01 
+4.4280066e+02 +1.6244914e+05 +4.5064870e+00 +5.7242135e-01 
+4.4598628e+02 +1.5200665e+05 +4.4685217e+00 +5.3947862e-01 
+4.4921806e+02 +1.4265434e+05 +4.4318001e+00 +5.0995556e-01 
+4.5249703e+02 +1.3425027e+05 +4.3964058e+00 +4.8341603e-01 
+4.5582421e+02 +1.2667245e+05 +4.3623757e+00 +4.5948326e-01 
+4.5920069e+02 +1.1981620e+05 +4.3297144e+00 +4.3783273e-01 
+4.6262756e+02 +1.1359179e+05 +4.2984050e+00 +4.1818514e-01 
+4.6610596e+02 +1.0792217e+05 +4.2684164e+00 +4.0029989e-01 
+4.6963707e+02 +1.0274107e+05 +4.2397084e+00 +3.8396937e-01 
+4.7322208e+02 +9.7991315e+04 +4.2122359e+00 +3.6901390e-01 
+4.7686225e+02 +9.3623439e+04 +4.1859511e+00 +3.5527747e-01 
+4.8055886e+02 +8.9594461e+04 +4.1608054e+00 +3.4262408e-01 
+4.8431323e+02 +8.5866892e+04 +4.1367509e+00 +3.3093462e-01 
+4.8812672e+02 +8.2407888e+04 +4.1137407e+00 +3.2010429e-01 
+4.9200074e+02 +7.9188541e+04 +4.0917299e+00 +3.1004036e-01 
+4.9593674e+02 +7.6183278e+04 +4.0706758e+00 +3.0066029e-01 
+4.9993623e+02 +7.3369361e+04 +4.0505377e+00 +2.9189018e-01 
+5.0400076e+02 +7.0726453e+04 +4.0312775e+00 +2.8366333e-01 
+5.0813191e+02 +6.8236257e+04 +4.0128593e+00 +2.7591912e-01 
+5.1233135e+02 +6.5882201e+04 +3.9952498e+00 +2.6860195e-01 
+5.1660077e+02 +6.3649159e+04 +3.9784175e+00 +2.6166032e-01 
+5.2094196e+02 +6.1523214e+04 +3.9623334e+00 +2.5504598e-01 
+5.2535672e+02 +5.9491429e+04 +3.9469703e+00 +2.4871320e-01 
+5.2984695e+02 +5.7541648e+04 +3.9323031e+00 +2.4261792e-01 
+5.3441459e+02 +5.5662284e+04 +3.9183083e+00 +2.3671701e-01 
+5.3906168e+02 +5.3842114e+04 +3.9049642e+00 +2.3096740e-01 
+5.4379029e+02 +5.2070032e+04 +3.8922506e+00 +2.2532503e-01 
+5.4860259e+02 +5.0334768e+04 +3.8801489e+00 +2.1974351e-01 
+5.5350083e+02 +4.8624495e+04 +3.8686414e+00 +2.1417241e-01 
+5.5848732e+02 +4.6926265e+04 +3.8577120e+00 +2.0855444e-01 
+5.6356448e+02 +4.5225098e+04 +3.8473450e+00 +2.0282116e-01 
+5.6873480e+02 +4.3502361e+04 +3.8375257e+00 +1.9688506e-01 
+5.7400086e+02 +4.1732486e+04 +3.8282389e+00 +1.9062372e-01 
+5.7936535e+02 +3.9875175e+04 +3.8194680e+00 +1.8384222e-01 
+5.8483106e+02 +3.7851376e+04 +3.8111901e+00 +1.7615795e-01 
+5.9040088e+02 +3.5402135e+04 +3.8029124e+00 +1.6632847e-01 
+5.9607782e+02 +3.2589435e+04 +3.7872357e+00 +1.5458592e-01 
+6.0186498e+02 +3.1330411e+04 +3.7735046e+00 +1.5005667e-01 
+6.0776562e+02 +3.0256812e+04 +3.7622499e+00 +1.4633541e-01 
+6.1378310e+02 +2.9165501e+04 +3.7522218e+00 +1.4245395e-01 
+6.1992093e+02 +2.8052027e+04 +3.7430646e+00 +1.3838553e-01 
+6.2618276e+02 +2.6909153e+04 +3.7346181e+00 +1.3408842e-01 
+6.3257238e+02 +2.5727552e+04 +3.7267936e+00 +1.2950866e-01 
+6.3909374e+02 +2.4495527e+04 +3.7195358e+00 +1.2457804e-01 
+6.4575097e+02 +2.3198160e+04 +3.7128073e+00 +1.1920892e-01 
+6.5254835e+02 +2.1815732e+04 +3.7065814e+00 +1.1328506e-01 
+6.5949035e+02 +2.0320819e+04 +3.7008383e+00 +1.0664483e-01 
+6.6658164e+02 +1.8672522e+04 +3.6955626e+00 +9.9048170e-02 
+6.7382710e+02 +1.6803494e+04 +3.6907414e+00 +9.0102781e-02 
+6.8123179e+02 +1.4584180e+04 +3.6863622e+00 +7.9061867e-02 
+6.8880103e+02 +1.1678979e+04 +3.6823995e+00 +6.4016039e-02 
+6.9654037e+02 +8.1418472e+03 +3.6573195e+00 +4.5129381e-02 
+7.0445560e+02 +4.9152150e+03 +3.6375925e+00 +2.7554103e-02 
+7.1255279e+02 +4.7018315e+03 +3.6186806e+00 +2.6660865e-02 
+7.2083829e+02 +4.4963606e+03 +3.6030416e+00 +2.5792244e-02 
+7.2931874e+02 +4.3001704e+03 +3.5891566e+00 +2.4957046e-02 
+7.3800111e+02 +4.1134324e+03 +3.5764330e+00 +2.4157473e-02 
+7.4689269e+02 +3.9359197e+03 +3.5645667e+00 +2.3393466e-02 
+7.5600113e+02 +3.7672558e+03 +3.5533771e+00 +2.2664059e-02 
+7.6533448e+02 +3.6070054e+03 +3.5427462e+00 +2.1967883e-02 
+7.7490116e+02 +3.4547151e+03 +3.5325920e+00 +2.1303388e-02 
+7.8471004e+02 +3.3099330e+03 +3.5228541e+00 +2.0668956e-02 
+7.9477042e+02 +3.1722190e+03 +3.5134868e+00 +2.0062960e-02 
+8.0509212e+02 +3.0411505e+03 +3.5044540e+00 +1.9483798e-02 
+8.1568543e+02 +2.9163248e+03 +3.4957267e+00 +1.8929918e-02 
+8.2656124e+02 +2.7973603e+03 +3.4872812e+00 +1.8399820e-02 
+8.3773098e+02 +2.6838976e+03 +3.4790975e+00 +1.7892073e-02 
+8.4920675e+02 +2.5755985e+03 +3.4711588e+00 +1.7405309e-02 
+8.6100129e+02 +2.4721459e+03 +3.4634503e+00 +1.6938230e-02 
+8.7312807e+02 +2.3732429e+03 +3.4559594e+00 +1.6489606e-02 
+8.8560133e+02 +2.2786124e+03 +3.4486750e+00 +1.6058273e-02 
+8.9843613e+02 +2.1879954e+03 +3.4415871e+00 +1.5643133e-02 
+9.1164842e+02 +2.1011508e+03 +3.4346870e+00 +1.5243151e-02 
+9.2525512e+02 +2.0178541e+03 +3.4279666e+00 +1.4857351e-02 
+9.3927413e+02 +1.9378965e+03 +3.4214186e+00 +1.4484819e-02 
+9.5372451e+02 +1.8610840e+03 +3.4150367e+00 +1.4124694e-02 
+9.6862645e+02 +1.7872363e+03 +3.4088146e+00 +1.3776168e-02 
+9.8400147e+02 +1.7161865e+03 +3.4027470e+00 +1.3438487e-02 
+9.9987247e+02 +1.6477794e+03 +3.3968286e+00 +1.3110940e-02 
+1.0162638e+03 +1.5818716e+03 +3.3910548e+00 +1.2792865e-02 
+1.0332015e+03 +1.5183300e+03 +3.3854211e+00 +1.2483643e-02 
+1.0507134e+03 +1.4570315e+03 +3.3799236e+00 +1.2182695e-02 
+1.0688292e+03 +1.3978624e+03 +3.3745582e+00 +1.1889480e-02 
+1.0875806e+03 +1.3407172e+03 +3.3693216e+00 +1.1603494e-02 
+1.1070017e+03 +1.2854987e+03 +3.3642102e+00 +1.1324266e-02 
+1.1271290e+03 +1.2321169e+03 +3.3592210e+00 +1.1051359e-02 
+1.1480017e+03 +1.1804887e+03 +3.3543509e+00 +1.0784363e-02 
+1.1696621e+03 +1.1305373e+03 +3.3495972e+00 +1.0522900e-02 
+1.1921556e+03 +1.0821918e+03 +3.3449572e+00 +1.0266616e-02 
+1.2155312e+03 +1.0353866e+03 +3.3404283e+00 +1.0015181e-02 
+1.2398419e+03 +9.9006141e+02 +3.3360082e+00 +9.7682904e-03 
+1.2651448e+03 +9.4616019e+02 +3.3316946e+00 +9.5256589e-03 
+1.2915019e+03 +9.0363139e+02 +3.3274853e+00 +9.2870227e-03 
+1.3189807e+03 +8.6242731e+02 +3.3233783e+00 +9.0521361e-03 
+1.3476542e+03 +8.2250387e+02 +3.3193717e+00 +8.8207711e-03 
+1.3776021e+03 +7.8382033e+02 +3.3154636e+00 +8.5927157e-03 
+1.4089112e+03 +7.4633899e+02 +3.3116521e+00 +8.3677730e-03 
+1.4416766e+03 +7.1002498e+02 +3.3079357e+00 +8.1457599e-03 
+1.4760022e+03 +6.7484599e+02 +3.3043127e+00 +7.9265064e-03 
+1.5120023e+03 +6.4077211e+02 +3.3007816e+00 +7.7098544e-03 
+1.5498023e+03 +6.0777559e+02 +3.2973408e+00 +7.4956568e-03 
+1.5895408e+03 +5.7583068e+02 +3.2939891e+00 +7.2837768e-03 
+1.6313709e+03 +5.4491348e+02 +3.2907249e+00 +7.0740869e-03 
+1.6754620e+03 +5.1500176e+02 +3.2875471e+00 +6.8664684e-03 
+1.7220026e+03 +4.8607485e+02 +3.2844544e+00 +6.6608107e-03 
+1.7712027e+03 +4.5811350e+02 +3.2814456e+00 +6.4570103e-03 
+1.8232968e+03 +4.3109975e+02 +3.2785196e+00 +6.2549708e-03 
+1.8785483e+03 +4.0501686e+02 +3.2756753e+00 +6.0546019e-03 
+1.9372529e+03 +3.7984918e+02 +3.2729117e+00 +5.8558190e-03 
+1.9997449e+03 +3.5558208e+02 +3.2702277e+00 +5.6585428e-03 
+2.0664031e+03 +3.3220186e+02 +3.2676225e+00 +5.4626986e-03 
+2.1376584e+03 +3.0969571e+02 +3.2650951e+00 +5.2682166e-03 
+2.2140033e+03 +2.8805157e+02 +3.2626446e+00 +5.0750305e-03 
+2.2960034e+03 +2.6725817e+02 +3.2602702e+00 +4.8830779e-03 
+2.3843113e+03 +2.4730487e+02 +3.2579712e+00 +4.6922999e-03 
+2.4796837e+03 +2.2818172e+02 +3.2557467e+00 +4.5026404e-03 
