# title     = ank file for AlGaAs (x=0.65) after Djurisic
# reference = A.B.Djurisic et.al.J.Appl.Phys Vol.86 Nr.1 1999
# columns   = wavelength,absorption,n,k
# history   = created 19.9.2002 - 12:47 by letay
# units     = nm,cm^-1,1,1
# dataType  = list
+2.0664031e+02 +1.4773084e+06 +1.2982264e+00 +2.4292732e+00 
+2.0733141e+02 +1.4805481e+06 +1.3033795e+00 +2.4427430e+00 
+2.0802716e+02 +1.4839035e+06 +1.3086351e+00 +2.4564946e+00 
+2.0872759e+02 +1.4873794e+06 +1.3139991e+00 +2.4705392e+00 
+2.0943275e+02 +1.4909813e+06 +1.3194781e+00 +2.4848886e+00 
+2.1014269e+02 +1.4947147e+06 +1.3250791e+00 +2.4995551e+00 
+2.1085746e+02 +1.4985853e+06 +1.3308098e+00 +2.5145517e+00 
+2.1157711e+02 +1.5025994e+06 +1.3366786e+00 +2.5298922e+00 
+2.1230169e+02 +1.5067634e+06 +1.3426947e+00 +2.5455910e+00 
+2.1303125e+02 +1.5110840e+06 +1.3488680e+00 +2.5616634e+00 
+2.1376584e+02 +1.5155686e+06 +1.3552095e+00 +2.5781254e+00 
+2.1450551e+02 +1.5202246e+06 +1.3617310e+00 +2.5949940e+00 
+2.1525032e+02 +1.5250600e+06 +1.3684457e+00 +2.6122870e+00 
+2.1600032e+02 +1.5300832e+06 +1.3753678e+00 +2.6300233e+00 
+2.1675557e+02 +1.5353030e+06 +1.3825131e+00 +2.6482227e+00 
+2.1751612e+02 +1.5407287e+06 +1.3898988e+00 +2.6669063e+00 
+2.1828202e+02 +1.5463701e+06 +1.3975441e+00 +2.6860961e+00 
+2.1905333e+02 +1.5522376e+06 +1.4054698e+00 +2.7058155e+00 
+2.1983012e+02 +1.5583418e+06 +1.4136992e+00 +2.7260891e+00 
+2.2061243e+02 +1.5646943e+06 +1.4222577e+00 +2.7469427e+00 
+2.2140033e+02 +1.5713069e+06 +1.4311738e+00 +2.7684037e+00 
+2.2219388e+02 +1.5781922e+06 +1.4404789e+00 +2.7905006e+00 
+2.2299314e+02 +1.5853633e+06 +1.4502077e+00 +2.8132637e+00 
+2.2379817e+02 +1.5928339e+06 +1.4603991e+00 +2.8367244e+00 
+2.2460903e+02 +1.6006181e+06 +1.4710962e+00 +2.8609159e+00 
+2.2542579e+02 +1.6087309e+06 +1.4823471e+00 +2.8858725e+00 
+2.2624851e+02 +1.6171873e+06 +1.4942055e+00 +2.9116301e+00 
+2.2707726e+02 +1.6260031e+06 +1.5067316e+00 +2.9382257e+00 
+2.2791211e+02 +1.6351941e+06 +1.5199928e+00 +2.9656973e+00 
+2.2875311e+02 +1.6447763e+06 +1.5340645e+00 +2.9940840e+00 
+2.2960034e+02 +1.6547656e+06 +1.5490318e+00 +3.0234247e+00 
+2.3045388e+02 +1.6651776e+06 +1.5649899e+00 +3.0537587e+00 
+2.3131378e+02 +1.6760268e+06 +1.5820466e+00 +3.0851238e+00 
+2.3218012e+02 +1.6873265e+06 +1.6003229e+00 +3.1175563e+00 
+2.3305298e+02 +1.6990879e+06 +1.6199554e+00 +3.1510888e+00 
+2.3393243e+02 +1.7113189e+06 +1.6410984e+00 +3.1857487e+00 
+2.3481853e+02 +1.7240235e+06 +1.6639255e+00 +3.2215560e+00 
+2.3571138e+02 +1.7371993e+06 +1.6886323e+00 +3.2585196e+00 
+2.3661104e+02 +1.7508363e+06 +1.7154387e+00 +3.2966335e+00 
+2.3751760e+02 +1.7649134e+06 +1.7445905e+00 +3.3358717e+00 
+2.3843113e+02 +1.7793960e+06 +1.7763619e+00 +3.3761807e+00 
+2.3935171e+02 +1.7942307e+06 +1.8110555e+00 +3.4174718e+00 
+2.4027943e+02 +1.8093410e+06 +1.8490017e+00 +3.4596100e+00 
+2.4121437e+02 +1.8246209e+06 +1.8905557e+00 +3.5024016e+00 
+2.4215661e+02 +1.8399280e+06 +1.9360904e+00 +3.5455800e+00 
+2.4310625e+02 +1.8550761e+06 +1.9859836e+00 +3.5887896e+00 
+2.4406336e+02 +1.8698284e+06 +2.0405991e+00 +3.6315704e+00 
+2.4502804e+02 +1.8838918e+06 +2.1002577e+00 +3.6733464e+00 
+2.4600037e+02 +1.8969166e+06 +2.1651995e+00 +3.7134205e+00 
+2.4698045e+02 +1.9085019e+06 +2.2355372e+00 +3.7509848e+00 
+2.4796837e+02 +1.9182125e+06 +2.3112073e+00 +3.7851504e+00 
+2.4896423e+02 +1.9256081e+06 +2.3919277e+00 +3.8150040e+00 
+2.4996812e+02 +1.9302853e+06 +2.4771803e+00 +3.8396907e+00 
+2.5098013e+02 +1.9319242e+06 +2.5662340e+00 +3.8585093e+00 
+2.5200038e+02 +1.9303300e+06 +2.6582215e+00 +3.8709975e+00 
+2.5302895e+02 +1.9254498e+06 +2.7522620e+00 +3.8769709e+00 
+2.5406595e+02 +1.9173512e+06 +2.8475997e+00 +3.8764864e+00 
+2.5511149e+02 +1.9061630e+06 +2.9437062e+00 +3.8697259e+00 
+2.5616567e+02 +1.8919929e+06 +3.0402984e+00 +3.8568306e+00 
+2.5722860e+02 +1.8748521e+06 +3.1372518e+00 +3.8377477e+00 
+2.5830039e+02 +1.8546207e+06 +3.2344320e+00 +3.8121527e+00 
+2.5938114e+02 +1.8310657e+06 +3.3315052e+00 +3.7794835e+00 
+2.6047098e+02 +1.8039118e+06 +3.4277936e+00 +3.7390801e+00 
+2.6157001e+02 +1.7729376e+06 +3.5222304e+00 +3.6903839e+00 
+2.6267836e+02 +1.7380686e+06 +3.6134255e+00 +3.6331335e+00 
+2.6379614e+02 +1.6994373e+06 +3.6998197e+00 +3.5674979e+00 
+2.6492347e+02 +1.6573972e+06 +3.7798776e+00 +3.4941149e+00 
+2.6606048e+02 +1.6124930e+06 +3.8522627e+00 +3.4140379e+00 
+2.6720730e+02 +1.5654024e+06 +3.9159571e+00 +3.3286217e+00 
+2.6836404e+02 +1.5168701e+06 +3.9703147e+00 +3.2393870e+00 
+2.6953084e+02 +1.4676484e+06 +4.0150572e+00 +3.1478978e+00 
+2.7070783e+02 +1.4184535e+06 +4.0502372e+00 +3.0556671e+00 
+2.7189514e+02 +1.3699348e+06 +4.0761868e+00 +2.9640907e+00 
+2.7309292e+02 +1.3226571e+06 +4.0934615e+00 +2.8744043e+00 
+2.7430130e+02 +1.2770897e+06 +4.1027872e+00 +2.7876574e+00 
+2.7552041e+02 +1.2336018e+06 +4.1050068e+00 +2.7046988e+00 
+2.7675041e+02 +1.1924637e+06 +4.1010321e+00 +2.6261745e+00 
+2.7799145e+02 +1.1538522e+06 +4.0917974e+00 +2.5525352e+00 
+2.7924366e+02 +1.1178597e+06 +4.0782223e+00 +2.4840525e+00 
+2.8050721e+02 +1.0845069e+06 +4.0611798e+00 +2.4208422e+00 
+2.8178224e+02 +1.0537552e+06 +4.0414754e+00 +2.3628900e+00 
+2.8306892e+02 +1.0255211e+06 +4.0198332e+00 +2.3100795e+00 
+2.8436740e+02 +9.9968788e+05 +3.9968901e+00 +2.2622175e+00 
+2.8567785e+02 +9.7611715e+05 +3.9731950e+00 +2.2190580e+00 
+2.8700043e+02 +9.5465782e+05 +3.9492131e+00 +2.1803209e+00 
+2.8833532e+02 +9.3515345e+05 +3.9253321e+00 +2.1457092e+00 
+2.8968268e+02 +9.1744787e+05 +3.9018705e+00 +2.1149206e+00 
+2.9104269e+02 +9.0138929e+05 +3.8790861e+00 +2.0876574e+00 
+2.9241553e+02 +8.8683312e+05 +3.8571847e+00 +2.0636331e+00 
+2.9380139e+02 +8.7364389e+05 +3.8363283e+00 +2.0425769e+00 
+2.9520044e+02 +8.6169633e+05 +3.8166429e+00 +2.0242371e+00 
+2.9661288e+02 +8.5087584e+05 +3.7982248e+00 +2.0083821e+00 
+2.9803891e+02 +8.4107867e+05 +3.7811475e+00 +1.9948017e+00 
+2.9947871e+02 +8.3221168e+05 +3.7654666e+00 +1.9833068e+00 
+3.0093249e+02 +8.2419199e+05 +3.7512248e+00 +1.9737294e+00 
+3.0240045e+02 +8.1694640e+05 +3.7384564e+00 +1.9659213e+00 
+3.0388281e+02 +8.1041083e+05 +3.7271911e+00 +1.9597537e+00 
+3.0537977e+02 +8.0452956e+05 +3.7174580e+00 +1.9551154e+00 
+3.0689155e+02 +7.9925448e+05 +3.7092890e+00 +1.9519116e+00 
+3.0841837e+02 +7.9454424e+05 +3.7027224e+00 +1.9500622e+00 
+3.0996046e+02 +7.9036321e+05 +3.6978065e+00 +1.9494996e+00 
+3.1151805e+02 +7.8668037e+05 +3.6946033e+00 +1.9501664e+00 
+3.1309138e+02 +7.8346786e+05 +3.6931923e+00 +1.9520118e+00 
+3.1468067e+02 +7.8069922e+05 +3.6936747e+00 +1.9549874e+00 
+3.1628619e+02 +7.7834712e+05 +3.6961768e+00 +1.9590417e+00 
+3.1790817e+02 +7.7638054e+05 +3.7008545e+00 +1.9641130e+00 
+3.1954687e+02 +7.7476106e+05 +3.7078952e+00 +1.9701191e+00 
+3.2120255e+02 +7.7343836e+05 +3.7175198e+00 +1.9769461e+00 
+3.2287548e+02 +7.7234462e+05 +3.7299804e+00 +1.9844325e+00 
+3.2456593e+02 +7.7138814e+05 +3.7455540e+00 +1.9923518e+00 
+3.2627417e+02 +7.7044650e+05 +3.7645293e+00 +2.0003930e+00 
+3.2800049e+02 +7.6936006e+05 +3.7871834e+00 +2.0081413e+00 
+3.2974517e+02 +7.6792764e+05 +3.8137481e+00 +2.0150642e+00 
+3.3150852e+02 +7.6590641e+05 +3.8443628e+00 +2.0205078e+00 
+3.3329082e+02 +7.6301921e+05 +3.8790201e+00 +2.0237132e+00 
+3.3509239e+02 +7.5897165e+05 +3.9175094e+00 +2.0238590e+00 
+3.3691355e+02 +7.5348055e+05 +3.9593758e+00 +2.0201362e+00 
+3.3875461e+02 +7.4631105e+05 +4.0039123e+00 +2.0118482e+00 
+3.4061589e+02 +7.3731570e+05 +4.0502031e+00 +1.9985201e+00 
+3.4249775e+02 +7.2646415e+05 +4.0972240e+00 +1.9799857e+00 
+3.4440052e+02 +7.1385150e+05 +4.1439865e+00 +1.9564187e+00 
+3.4632454e+02 +6.9967779e+05 +4.1896895e+00 +1.9282862e+00 
+3.4827018e+02 +6.8420075e+05 +4.2338332e+00 +1.8962255e+00 
+3.5023781e+02 +6.6767340e+05 +4.2762560e+00 +1.8608752e+00 
+3.5222780e+02 +6.5028431e+05 +4.3170804e+00 +1.8227078e+00 
+3.5424053e+02 +6.3211705e+05 +4.3565803e+00 +1.7819105e+00 
+3.5627640e+02 +6.1313986e+05 +4.3950040e+00 +1.7383481e+00 
+3.5833580e+02 +5.9322851e+05 +4.4323998e+00 +1.6916182e+00 
+3.6041914e+02 +5.7221707e+05 +4.4684874e+00 +1.6411898e+00 
+3.6252686e+02 +5.4996487e+05 +4.5026126e+00 +1.5865920e+00 
+3.6465937e+02 +5.2642225e+05 +4.5338039e+00 +1.5276074e+00 
+3.6681712e+02 +5.0167705e+05 +4.5609196e+00 +1.4644143e+00 
+3.6900055e+02 +4.7596784e+05 +4.5828500e+00 +1.3976382e+00 
+3.7121014e+02 +4.4966087e+05 +4.5987142e+00 +1.3282966e+00 
+3.7344634e+02 +4.2319924e+05 +4.6080006e+00 +1.2576599e+00 
+3.7570965e+02 +3.9704125e+05 +4.6106189e+00 +1.1870749e+00 
+3.7800057e+02 +3.7160497e+05 +4.6068678e+00 +1.1178000e+00 
+3.8031959e+02 +3.4723049e+05 +4.5973446e+00 +1.0508886e+00 
+3.8266724e+02 +3.2416293e+05 +4.5828315e+00 +9.8713095e-01 
+3.8504406e+02 +3.0255300e+05 +4.5641884e+00 +9.2704756e-01 
+3.8745058e+02 +2.8246902e+05 +4.5422689e+00 +8.7091801e-01 
+3.8988738e+02 +2.6391421e+05 +4.5178638e+00 +8.1882685e-01 
+3.9235502e+02 +2.4684463e+05 +4.4916704e+00 +7.7071362e-01 
+3.9485409e+02 +2.3118521e+05 +4.4642814e+00 +7.2641840e-01 
+3.9738521e+02 +2.1684259e+05 +4.4361856e+00 +6.8571938e-01 
+3.9994899e+02 +2.0371473e+05 +4.4077771e+00 +6.4836142e-01 
+4.0254606e+02 +1.9169766e+05 +4.3793673e+00 +6.1407658e-01 
+4.0517708e+02 +1.8068994e+05 +4.3511978e+00 +5.8259797e-01 
+4.0784272e+02 +1.7059526e+05 +4.3234527e+00 +5.5366848e-01 
+4.1054366e+02 +1.6132400e+05 +4.2962697e+00 +5.2704595e-01 
+4.1328062e+02 +1.5279380e+05 +4.2697493e+00 +5.0250562e-01 
+4.1605431e+02 +1.4492962e+05 +4.2439631e+00 +4.7984097e-01 
+4.1886549e+02 +1.3766349e+05 +4.2189599e+00 +4.5886347e-01 
+4.2171492e+02 +1.3093402e+05 +4.1947708e+00 +4.3940157e-01 
+4.2460338e+02 +1.2468589e+05 +4.1714135e+00 +4.2129944e-01 
+4.2753167e+02 +1.1886918e+05 +4.1488955e+00 +4.0441541e-01 
+4.3050064e+02 +1.1343882e+05 +4.1272165e+00 +3.8862045e-01 
+4.3351114e+02 +1.0835399e+05 +4.1063704e+00 +3.7379658e-01 
+4.3656403e+02 +1.0357758e+05 +4.0863470e+00 +3.5983535e-01 
+4.3966023e+02 +9.9075624e+04 +4.0671333e+00 +3.4663638e-01 
+4.4280066e+02 +9.4816883e+04 +4.0487138e+00 +3.3410585e-01 
+4.4598628e+02 +9.0772297e+04 +4.0310719e+00 +3.2215506e-01 
+4.4921806e+02 +8.6914524e+04 +4.0141901e+00 +3.1069889e-01 
+4.5249703e+02 +8.3217424e+04 +3.9980504e+00 +2.9965404e-01 
+4.5582421e+02 +7.9655455e+04 +3.9826345e+00 +2.8893693e-01 
+4.5920069e+02 +7.6202923e+04 +3.9679242e+00 +2.7846095e-01 
+4.6262756e+02 +7.2832915e+04 +3.9539010e+00 +2.6813242e-01 
+4.6610596e+02 +6.9515598e+04 +3.9405464e+00 +2.5784402e-01 
+4.6963707e+02 +6.6214791e+04 +3.9278386e+00 +2.4746143e-01 
+4.7322208e+02 +6.2872534e+04 +3.9156712e+00 +2.3676424e-01 
+4.7686225e+02 +5.9335180e+04 +3.9029934e+00 +2.2516213e-01 
+4.8055886e+02 +5.5677965e+04 +3.8859611e+00 +2.1292178e-01 
+4.8431323e+02 +5.2818916e+04 +3.8679813e+00 +2.0356633e-01 
+4.8812672e+02 +4.9538818e+04 +3.8556774e+00 +1.9242804e-01 
+4.9200074e+02 +4.5811621e+04 +3.8431936e+00 +1.7936246e-01 
+4.9593674e+02 +4.3223884e+04 +3.8294007e+00 +1.7058475e-01 
+4.9993623e+02 +4.1106329e+04 +3.8167277e+00 +1.6353603e-01 
+5.0400076e+02 +3.9020826e+04 +3.8050174e+00 +1.5650124e-01 
+5.0813191e+02 +3.6899573e+04 +3.7941050e+00 +1.4920657e-01 
+5.1233135e+02 +3.4718297e+04 +3.7838965e+00 +1.4154661e-01 
+5.1660077e+02 +3.2448518e+04 +3.7743296e+00 +1.3339515e-01 
+5.2094196e+02 +3.0051492e+04 +3.7653596e+00 +1.2457919e-01 
+5.2535672e+02 +2.7468697e+04 +3.7569382e+00 +1.1483717e-01 
+5.2984695e+02 +2.4566915e+04 +3.7486716e+00 +1.0358365e-01 
+5.3441459e+02 +2.0916383e+04 +3.7368112e+00 +8.8951857e-02 
+5.3906168e+02 +1.7093842e+04 +3.7111895e+00 +7.3327735e-02 
+5.4379029e+02 +1.4931932e+04 +3.6864914e+00 +6.4615632e-02 
+5.4860259e+02 +1.1377497e+04 +3.6749034e+00 +4.9670064e-02 
+5.5350083e+02 +7.4684399e+03 +3.6587871e+00 +3.2895637e-02 
+5.5848732e+02 +6.1834052e+03 +3.6396185e+00 +2.7480913e-02 
+5.6356448e+02 +5.7197668e+03 +3.6222570e+00 +2.5651459e-02 
+5.6873480e+02 +5.3556443e+03 +3.6062751e+00 +2.4238831e-02 
+5.7400086e+02 +5.0180941e+03 +3.5913155e+00 +2.2921418e-02 
+5.7936535e+02 +4.7029862e+03 +3.5771667e+00 +2.1682850e-02 
+5.8483106e+02 +4.4089528e+03 +3.5636905e+00 +2.0518992e-02 
+5.9040088e+02 +4.1346788e+03 +3.5507905e+00 +1.9425800e-02 
+5.9607782e+02 +3.8788866e+03 +3.5383956e+00 +1.8399253e-02 
+6.0186498e+02 +3.6403523e+03 +3.5264515e+00 +1.7435429e-02 
+6.0776562e+02 +3.4179126e+03 +3.5149153e+00 +1.6530547e-02 
+6.1378310e+02 +3.2104677e+03 +3.5037522e+00 +1.5680986e-02 
+6.1992093e+02 +3.0169823e+03 +3.4929337e+00 +1.4883298e-02 
+6.2618276e+02 +2.8364839e+03 +3.4824354e+00 +1.4134211e-02 
+6.3257238e+02 +2.6680614e+03 +3.4722367e+00 +1.3430624e-02 
+6.3909374e+02 +2.5108626e+03 +3.4623196e+00 +1.2769610e-02 
+6.4575097e+02 +2.3640913e+03 +3.4526685e+00 +1.2148410e-02 
+6.5254835e+02 +2.2270050e+03 +3.4432695e+00 +1.1564424e-02 
+6.5949035e+02 +2.0989114e+03 +3.4341101e+00 +1.1015208e-02 
+6.6658164e+02 +1.9791663e+03 +3.4251792e+00 +1.0498464e-02 
+6.7382710e+02 +1.8671703e+03 +3.4164668e+00 +1.0012039e-02 
+6.8123179e+02 +1.7623666e+03 +3.4079636e+00 +9.5539131e-03 
+6.8880103e+02 +1.6642378e+03 +3.3996613e+00 +9.1221940e-03 
+6.9654037e+02 +1.5723040e+03 +3.3915522e+00 +8.7151116e-03 
+7.0445560e+02 +1.4861202e+03 +3.3836290e+00 +8.3310106e-03 
+7.1255279e+02 +1.4052737e+03 +3.3758852e+00 +7.9683447e-03 
+7.2083829e+02 +1.3293827e+03 +3.3683147e+00 +7.6256701e-03 
+7.2931874e+02 +1.2580935e+03 +3.3609117e+00 +7.3016402e-03 
+7.3800111e+02 +1.1910790e+03 +3.3536709e+00 +6.9949997e-03 
+7.4689269e+02 +1.1280366e+03 +3.3465872e+00 +6.7045792e-03 
+7.5600113e+02 +1.0686868e+03 +3.3396560e+00 +6.4292900e-03 
+7.6533448e+02 +1.0127713e+03 +3.3328727e+00 +6.1681198e-03 
+7.7490116e+02 +9.6005157e+02 +3.3262332e+00 +5.9201268e-03 
+7.8471004e+02 +9.1030742e+02 +3.3197335e+00 +5.6844366e-03 
+7.9477042e+02 +8.6333559e+02 +3.3133699e+00 +5.4602368e-03 
+8.0509212e+02 +8.1894853e+02 +3.3071388e+00 +5.2467735e-03 
+8.1568543e+02 +7.7697325e+02 +3.3010368e+00 +5.0433477e-03 
+8.2656124e+02 +7.3725011e+02 +3.2950607e+00 +4.8493108e-03 
+8.3773098e+02 +6.9963191e+02 +3.2892075e+00 +4.6640621e-03 
+8.4920675e+02 +6.6398284e+02 +3.2834742e+00 +4.4870450e-03 
+8.6100129e+02 +6.3017759e+02 +3.2778581e+00 +4.3177441e-03 
+8.7312807e+02 +5.9810058e+02 +3.2723564e+00 +4.1556820e-03 
+8.8560133e+02 +5.6764511e+02 +3.2669668e+00 +4.0004173e-03 
+8.9843613e+02 +5.3871267e+02 +3.2616866e+00 +3.8515411e-03 
+9.1164842e+02 +5.1121230e+02 +3.2565137e+00 +3.7086753e-03 
+9.2525512e+02 +4.8505992e+02 +3.2514458e+00 +3.5714701e-03 
+9.3927413e+02 +4.6017782e+02 +3.2464808e+00 +3.4396019e-03 
+9.5372451e+02 +4.3649408e+02 +3.2416165e+00 +3.3127711e-03 
+9.6862645e+02 +4.1394212e+02 +3.2368511e+00 +3.1907008e-03 
+9.8400147e+02 +3.9246024e+02 +3.2321826e+00 +3.0731343e-03 
+9.9987247e+02 +3.7199120e+02 +3.2276093e+00 +2.9598344e-03 
+1.0162638e+03 +3.5248187e+02 +3.2231294e+00 +2.8505810e-03 
+1.0332015e+03 +3.3388286e+02 +3.2187412e+00 +2.7451704e-03 
+1.0507134e+03 +3.1614820e+02 +3.2144431e+00 +2.6434137e-03 
+1.0688292e+03 +2.9923507e+02 +3.2102335e+00 +2.5451356e-03 
+1.0875806e+03 +2.8310351e+02 +3.2061110e+00 +2.4501735e-03 
+1.1070017e+03 +2.6771619e+02 +3.2020741e+00 +2.3583760e-03 
+1.1271290e+03 +2.5303819e+02 +3.1981215e+00 +2.2696026e-03 
+1.1480017e+03 +2.3903678e+02 +3.1942517e+00 +2.1837223e-03 
+1.1696621e+03 +2.2568127e+02 +3.1904635e+00 +2.1006131e-03 
+1.1921556e+03 +2.1294279e+02 +3.1867557e+00 +2.0201612e-03 
+1.2155312e+03 +2.0079419e+02 +3.1831270e+00 +1.9422601e-03 
+1.2398419e+03 +1.8920986e+02 +3.1795763e+00 +1.8668103e-03 
+1.2651448e+03 +1.7816564e+02 +3.1761025e+00 +1.7937185e-03 
+1.2915019e+03 +1.6763866e+02 +3.1727044e+00 +1.7228972e-03 
+1.3189807e+03 +1.5760729e+02 +3.1693811e+00 +1.6542642e-03 
+1.3476542e+03 +1.4805099e+02 +3.1661315e+00 +1.5877419e-03 
+1.3776021e+03 +1.3895026e+02 +3.1629547e+00 +1.5232574e-03 
+1.4089112e+03 +1.3028658e+02 +3.1598497e+00 +1.4607418e-03 
+1.4416766e+03 +1.2204228e+02 +3.1568156e+00 +1.4001297e-03 
+1.4760022e+03 +1.1420051e+02 +3.1538516e+00 +1.3413595e-03 
+1.5120023e+03 +1.0674521e+02 +3.1509567e+00 +1.2843724e-03 
+1.5498023e+03 +9.9661007e+01 +3.1481303e+00 +1.2291127e-03 
+1.5895408e+03 +9.2933198e+01 +3.1453714e+00 +1.1755273e-03 
+1.6313709e+03 +8.6547699e+01 +3.1426794e+00 +1.1235654e-03 
+1.6754620e+03 +8.0491006e+01 +3.1400534e+00 +1.0731788e-03 
+1.7220026e+03 +7.4750159e+01 +3.1374929e+00 +1.0243210e-03 
+1.7712027e+03 +6.9312713e+01 +3.1349970e+00 +9.7694765e-04 
+1.8232968e+03 +6.4166705e+01 +3.1325652e+00 +9.3101625e-04 
+1.8785483e+03 +5.9300629e+01 +3.1301968e+00 +8.8648583e-04 
+1.9372529e+03 +5.4703411e+01 +3.1278912e+00 +8.4331701e-04 
+1.9997449e+03 +5.0364387e+01 +3.1256478e+00 +8.0147188e-04 
+2.0664031e+03 +4.6273282e+01 +3.1234660e+00 +7.6091385e-04 
+2.1376584e+03 +4.2420194e+01 +3.1213453e+00 +7.2160758e-04 
+2.2140033e+03 +3.8795573e+01 +3.1192852e+00 +6.8351896e-04 
+2.2960034e+03 +3.5390205e+01 +3.1172851e+00 +6.4661496e-04 
+2.3843113e+03 +3.2195202e+01 +3.1153445e+00 +6.1086360e-04 
+2.4796837e+03 +2.9201985e+01 +3.1134630e+00 +5.7623389e-04 
