# title     = ank file for AlGaAs (x=0.35) after Djurisic
# reference = A.B.Djurisic et.al.J.Appl.Phys Vol.86 Nr.1 1999
# columns   = wavelength,absorption,n,k
# history   = created 19.9.2002 - 12:43 by letay
# units     = nm,cm^-1,1,1
# dataType  = list
+2.0664031e+02 +1.4877399e+06 +1.2658269e+00 +2.4464266e+00 
+2.0733141e+02 +1.4910591e+06 +1.2710768e+00 +2.4600849e+00 
+2.0802716e+02 +1.4944850e+06 +1.2764327e+00 +2.4740115e+00 
+2.0872759e+02 +1.4980221e+06 +1.2819004e+00 +2.4882167e+00 
+2.0943275e+02 +1.5016750e+06 +1.2874861e+00 +2.5027109e+00 
+2.1014269e+02 +1.5054487e+06 +1.2931966e+00 +2.5175053e+00 
+2.1085746e+02 +1.5093484e+06 +1.2990392e+00 +2.5326116e+00 
+2.1157711e+02 +1.5133793e+06 +1.3050219e+00 +2.5480420e+00 
+2.1230169e+02 +1.5175471e+06 +1.3111532e+00 +2.5638095e+00 
+2.1303125e+02 +1.5218578e+06 +1.3174424e+00 +2.5799276e+00 
+2.1376584e+02 +1.5263177e+06 +1.3238995e+00 +2.5964106e+00 
+2.1450551e+02 +1.5309333e+06 +1.3305355e+00 +2.6132734e+00 
+2.1525032e+02 +1.5357115e+06 +1.3373623e+00 +2.6305319e+00 
+2.1600032e+02 +1.5406596e+06 +1.3443927e+00 +2.6482027e+00 
+2.1675557e+02 +1.5457852e+06 +1.3516408e+00 +2.6663033e+00 
+2.1751612e+02 +1.5510964e+06 +1.3591220e+00 +2.6848520e+00 
+2.1828202e+02 +1.5566016e+06 +1.3668529e+00 +2.7038684e+00 
+2.1905333e+02 +1.5623096e+06 +1.3748518e+00 +2.7233729e+00 
+2.1983012e+02 +1.5682300e+06 +1.3831387e+00 +2.7433870e+00 
+2.2061243e+02 +1.5743724e+06 +1.3917354e+00 +2.7639334e+00 
+2.2140033e+02 +1.5807472e+06 +1.4006660e+00 +2.7850362e+00 
+2.2219388e+02 +1.5873654e+06 +1.4099569e+00 +2.8067204e+00 
+2.2299314e+02 +1.5942383e+06 +1.4196369e+00 +2.8290126e+00 
+2.2379817e+02 +1.6013780e+06 +1.4297379e+00 +2.8519410e+00 
+2.2460903e+02 +1.6087971e+06 +1.4402953e+00 +2.8755348e+00 
+2.2542579e+02 +1.6165088e+06 +1.4513477e+00 +2.8998251e+00 
+2.2624851e+02 +1.6245269e+06 +1.4629383e+00 +2.9248445e+00 
+2.2707726e+02 +1.6328660e+06 +1.4751148e+00 +2.9506272e+00 
+2.2791211e+02 +1.6415413e+06 +1.4879300e+00 +2.9772091e+00 
+2.2875311e+02 +1.6505684e+06 +1.5014429e+00 +3.0046277e+00 
+2.2960034e+02 +1.6599638e+06 +1.5157192e+00 +3.0329223e+00 
+2.3045388e+02 +1.6697444e+06 +1.5308324e+00 +3.0621337e+00 
+2.3131378e+02 +1.6799276e+06 +1.5468648e+00 +3.0923042e+00 
+2.3218012e+02 +1.6905312e+06 +1.5639087e+00 +3.1234774e+00 
+2.3305298e+02 +1.7015732e+06 +1.5820682e+00 +3.1556981e+00 
+2.3393243e+02 +1.7130715e+06 +1.6014609e+00 +3.1890112e+00 
+2.3481853e+02 +1.7250435e+06 +1.6222198e+00 +3.2234620e+00 
+2.3571138e+02 +1.7375057e+06 +1.6444963e+00 +3.2590943e+00 
+2.3661104e+02 +1.7504730e+06 +1.6684626e+00 +3.2959495e+00 
+2.3751760e+02 +1.7639575e+06 +1.6943159e+00 +3.3340648e+00 
+2.3843113e+02 +1.7779672e+06 +1.7222821e+00 +3.3734698e+00 
+2.3935171e+02 +1.7925038e+06 +1.7526210e+00 +3.4141827e+00 
+2.4027943e+02 +1.8075602e+06 +1.7856322e+00 +3.4562049e+00 
+2.4121437e+02 +1.8231156e+06 +1.8216609e+00 +3.4995123e+00 
+2.4215661e+02 +1.8391309e+06 +1.8611055e+00 +3.5440440e+00 
+2.4310625e+02 +1.8555395e+06 +1.9044237e+00 +3.5896860e+00 
+2.4406336e+02 +1.8722371e+06 +1.9521375e+00 +3.6362486e+00 
+2.4502804e+02 +1.8890660e+06 +2.0048347e+00 +3.6834352e+00 
+2.4600037e+02 +1.9057955e+06 +2.0631606e+00 +3.7308019e+00 
+2.4698045e+02 +1.9220974e+06 +2.1277952e+00 +3.7777055e+00 
+2.4796837e+02 +1.9375176e+06 +2.1994030e+00 +3.8232446e+00 
+2.4896423e+02 +1.9514512e+06 +2.2785433e+00 +3.8662042e+00 
+2.4996812e+02 +1.9631307e+06 +2.3655284e+00 +3.9050263e+00 
+2.5098013e+02 +1.9716490e+06 +2.4602298e+00 +3.9378491e+00 
+2.5200038e+02 +1.9760427e+06 +2.5618667e+00 +3.9626678e+00 
+2.5302895e+02 +1.9754532e+06 +2.6688625e+00 +3.9776548e+00 
+2.5406595e+02 +1.9693449e+06 +2.7789055e+00 +3.9816069e+00 
+2.5511149e+02 +1.9577024e+06 +2.8893242e+00 +3.9743567e+00 
+2.5616567e+02 +1.9410790e+06 +2.9977319e+00 +3.9568927e+00 
+2.5722860e+02 +1.9204137e+06 +3.1026721e+00 +3.9310103e+00 
+2.5830039e+02 +1.8966729e+06 +3.2039027e+00 +3.8985906e+00 
+2.5938114e+02 +1.8704925e+06 +3.3021453e+00 +3.8608641e+00 
+2.6047098e+02 +1.8419958e+06 +3.3984509e+00 +3.8180192e+00 
+2.6157001e+02 +1.8108407e+06 +3.4935129e+00 +3.7692794e+00 
+2.6267836e+02 +1.7764326e+06 +3.5872002e+00 +3.7133267e+00 
+2.6379614e+02 +1.7381944e+06 +3.6784169e+00 +3.6488577e+00 
+2.6492347e+02 +1.6958060e+06 +3.7652597e+00 +3.5750880e+00 
+2.6606048e+02 +1.6493561e+06 +3.8453822e+00 +3.4920860e+00 
+2.6720730e+02 +1.5993832e+06 +3.9164498e+00 +3.4008774e+00 
+2.6836404e+02 +1.5468088e+06 +3.9765638e+00 +3.3033233e+00 
+2.6953084e+02 +1.4927922e+06 +4.0245531e+00 +3.2018277e+00 
+2.7070783e+02 +1.4385572e+06 +4.0600817e+00 +3.0989751e+00 
+2.7189514e+02 +1.3852361e+06 +4.0835830e+00 +2.9971977e+00 
+2.7309292e+02 +1.3337644e+06 +4.0960769e+00 +2.8985427e+00 
+2.7430130e+02 +1.2848334e+06 +4.0989454e+00 +2.8045605e+00 
+2.7552041e+02 +1.2388914e+06 +4.0937232e+00 +2.7162965e+00 
+2.7675041e+02 +1.1961758e+06 +4.0819385e+00 +2.6343497e+00 
+2.7799145e+02 +1.1567575e+06 +4.0650104e+00 +2.5589623e+00 
+2.7924366e+02 +1.1205872e+06 +4.0441944e+00 +2.4901133e+00 
+2.8050721e+02 +1.0875351e+06 +4.0205653e+00 +2.4276017e+00 
+2.8178224e+02 +1.0574221e+06 +3.9950201e+00 +2.3711125e+00 
+2.8306892e+02 +1.0300433e+06 +3.9682952e+00 +2.3202661e+00 
+2.8436740e+02 +1.0051833e+06 +3.9409864e+00 +2.2746533e+00 
+2.8567785e+02 +9.8262760e+05 +3.9135706e+00 +2.2338585e+00 
+2.8700043e+02 +9.6216867e+05 +3.8864262e+00 +2.1974748e+00 
+2.8833532e+02 +9.4361008e+05 +3.8598503e+00 +2.1651129e+00 
+2.8968268e+02 +9.2676846e+05 +3.8340740e+00 +2.1364066e+00 
+2.9104269e+02 +9.1147433e+05 +3.8092747e+00 +2.1110148e+00 
+2.9241553e+02 +8.9757214e+05 +3.7855863e+00 +2.0886224e+00 
+2.9380139e+02 +8.8491989e+05 +3.7631077e+00 +2.0689402e+00 
+2.9520044e+02 +8.7338845e+05 +3.7419098e+00 +2.0517034e+00 
+2.9661288e+02 +8.6286070e+05 +3.7220407e+00 +2.0366708e+00 
+2.9803891e+02 +8.5323072e+05 +3.7035305e+00 +2.0236229e+00 
+2.9947871e+02 +8.4440290e+05 +3.6863948e+00 +2.0123606e+00 
+3.0093249e+02 +8.3629107e+05 +3.6706378e+00 +2.0027036e+00 
+3.0240045e+02 +8.2881772e+05 +3.6562551e+00 +1.9944888e+00 
+3.0388281e+02 +8.2191326e+05 +3.6432350e+00 +1.9875692e+00 
+3.0537977e+02 +8.1551532e+05 +3.6315609e+00 +1.9818123e+00 
+3.0689155e+02 +8.0956817e+05 +3.6212121e+00 +1.9770993e+00 
+3.0841837e+02 +8.0402211e+05 +3.6121656e+00 +1.9733239e+00 
+3.0996046e+02 +7.9883301e+05 +3.6043966e+00 +1.9703911e+00 
+3.1151805e+02 +7.9396184e+05 +3.5978794e+00 +1.9682170e+00 
+3.1309138e+02 +7.8937430e+05 +3.5925885e+00 +1.9667277e+00 
+3.1468067e+02 +7.8504049e+05 +3.5884991e+00 +1.9658585e+00 
+3.1628619e+02 +7.8093457e+05 +3.5855880e+00 +1.9655541e+00 
+3.1790817e+02 +7.7703456e+05 +3.5838337e+00 +1.9657675e+00 
+3.1954687e+02 +7.7332210e+05 +3.5832181e+00 +1.9664600e+00 
+3.2120255e+02 +7.6978226e+05 +3.5837264e+00 +1.9676010e+00 
+3.2287548e+02 +7.6640342e+05 +3.5853489e+00 +1.9691674e+00 
+3.2456593e+02 +7.6317706e+05 +3.5880814e+00 +1.9711441e+00 
+3.2627417e+02 +7.6009768e+05 +3.5919273e+00 +1.9735232e+00 
+3.2800049e+02 +7.5716254e+05 +3.5968988e+00 +1.9763040e+00 
+3.2974517e+02 +7.5437152e+05 +3.6030195e+00 +1.9794925e+00 
+3.3150852e+02 +7.5172668e+05 +3.6103269e+00 +1.9831008e+00 
+3.3329082e+02 +7.4923175e+05 +3.6188755e+00 +1.9871455e+00 
+3.3509239e+02 +7.4689127e+05 +3.6287413e+00 +1.9916457e+00 
+3.3691355e+02 +7.4470923e+05 +3.6400263e+00 +1.9966197e+00 
+3.3875461e+02 +7.4268710e+05 +3.6528640e+00 +2.0020791e+00 
+3.4061589e+02 +7.4082075e+05 +3.6674251e+00 +2.0080207e+00 
+3.4249775e+02 +7.3909606e+05 +3.6839224e+00 +2.0144141e+00 
+3.4440052e+02 +7.3748280e+05 +3.7026140e+00 +2.0211839e+00 
+3.4632454e+02 +7.3592643e+05 +3.7238007e+00 +2.0281861e+00 
+3.4827018e+02 +7.3433804e+05 +3.7478142e+00 +2.0351783e+00 
+3.5023781e+02 +7.3258349e+05 +3.7749890e+00 +2.0417863e+00 
+3.5222780e+02 +7.3047441e+05 +3.8056118e+00 +2.0474758e+00 
+3.5424053e+02 +7.2776632e+05 +3.8398439e+00 +2.0515417e+00 
+3.5627640e+02 +7.2417116e+05 +3.8776214e+00 +2.0531393e+00 
+3.5833580e+02 +7.1939190e+05 +3.9185572e+00 +2.0513789e+00 
+3.6041914e+02 +7.1318146e+05 +3.9618887e+00 +2.0454932e+00 
+3.6252686e+02 +7.0541513e+05 +4.0065299e+00 +2.0350500e+00 
+3.6465937e+02 +6.9615049e+05 +4.0512616e+00 +2.0201362e+00 
+3.6681712e+02 +6.8564113e+05 +4.0950336e+00 +2.0014124e+00 
+3.6900055e+02 +6.7428442e+05 +4.1372779e+00 +1.9799776e+00 
+3.7121014e+02 +6.6251360e+05 +4.1781076e+00 +1.9570628e+00 
+3.7344634e+02 +6.5067041e+05 +4.2183226e+00 +1.9336568e+00 
+3.7570965e+02 +6.3889827e+05 +4.2592263e+00 +1.9101796e+00 
+3.7800057e+02 +6.2707990e+05 +4.3023178e+00 +1.8862770e+00 
+3.8031959e+02 +6.1482536e+05 +4.3489224e+00 +1.8607610e+00 
+3.8266724e+02 +6.0151047e+05 +4.3998108e+00 +1.8317011e+00 
+3.8504406e+02 +5.8636723e+05 +4.4548498e+00 +1.7966780e+00 
+3.8745058e+02 +5.6862781e+05 +4.5127589e+00 +1.7532124e+00 
+3.8988738e+02 +5.4770753e+05 +4.5710838e+00 +1.6993312e+00 
+3.9235502e+02 +5.2338379e+05 +4.6264826e+00 +1.6341413e+00 
+3.9485409e+02 +4.9590495e+05 +4.6753224e+00 +1.5582073e+00 
+3.9738521e+02 +4.6597468e+05 +4.7144207e+00 +1.4735476e+00 
+3.9994899e+02 +4.3460875e+05 +4.7416660e+00 +1.3832262e+00 
+4.0254606e+02 +4.0292204e+05 +4.7563007e+00 +1.2907042e+00 
+4.0517708e+02 +3.7192844e+05 +4.7588212e+00 +1.1992077e+00 
+4.0784272e+02 +3.4241312e+05 +4.7506225e+00 +1.1113049e+00 
+4.1054366e+02 +3.1489039e+05 +4.7335688e+00 +1.0287477e+00 
+4.1328062e+02 +2.8962607e+05 +4.7096292e+00 +9.5251719e-01 
+4.1605431e+02 +2.6669210e+05 +4.6806362e+00 +8.8297887e-01 
+4.1886549e+02 +2.4602745e+05 +4.6481634e+00 +8.2006503e-01 
+4.2171492e+02 +2.2749092e+05 +4.6134881e+00 +7.6343693e-01 
+4.2460338e+02 +2.1090067e+05 +4.5776053e+00 +7.1260937e-01 
+4.2753167e+02 +1.9606101e+05 +4.5412659e+00 +6.6703662e-01 
+4.3050064e+02 +1.8277897e+05 +4.5050209e+00 +6.2616700e-01 
+4.3351114e+02 +1.7087347e+05 +4.4692648e+00 +5.8947453e-01 
+4.3656403e+02 +1.6017974e+05 +4.4342718e+00 +5.5647503e-01 
+4.3966023e+02 +1.5055074e+05 +4.4002262e+00 +5.2673263e-01 
+4.4280066e+02 +1.4185687e+05 +4.3672459e+00 +4.9986046e-01 
+4.4598628e+02 +1.3398476e+05 +4.3354004e+00 +4.7551808e-01 
+4.4921806e+02 +1.2683565e+05 +4.3047240e+00 +4.5340748e-01 
+4.5249703e+02 +1.2032370e+05 +4.2752267e+00 +4.3326842e-01 
+4.5582421e+02 +1.1437430e+05 +4.2469008e+00 +4.1487378e-01 
+4.5920069e+02 +1.0892257e+05 +4.2197271e+00 +3.9802519e-01 
+4.6262756e+02 +1.0391195e+05 +4.1936784e+00 +3.8254905e-01 
+4.6610596e+02 +9.9293002e+04 +4.1687227e+00 +3.6829298e-01 
+4.6963707e+02 +9.5022396e+04 +4.1448252e+00 +3.5512274e-01 
+4.7322208e+02 +9.1061990e+04 +4.1219497e+00 +3.4291958e-01 
+4.7686225e+02 +8.7378076e+04 +4.1000596e+00 +3.3157789e-01 
+4.8055886e+02 +8.3940719e+04 +4.0791190e+00 +3.2100323e-01 
+4.8431323e+02 +8.0723195e+04 +4.0590929e+00 +3.1111060e-01 
+4.8812672e+02 +7.7701513e+04 +4.0399475e+00 +3.0182290e-01 
+4.9200074e+02 +7.4853992e+04 +4.0216504e+00 +2.9306966e-01 
+4.9593674e+02 +7.2160897e+04 +4.0041710e+00 +2.8478581e-01 
+4.9993623e+02 +6.9604112e+04 +3.9874801e+00 +2.7691064e-01 
+5.0400076e+02 +6.7166843e+04 +3.9715505e+00 +2.6938677e-01 
+5.0813191e+02 +6.4833335e+04 +3.9563563e+00 +2.6215912e-01 
+5.1233135e+02 +6.2588600e+04 +3.9418733e+00 +2.5517393e-01 
+5.1660077e+02 +6.0418115e+04 +3.9280787e+00 +2.4837756e-01 
+5.2094196e+02 +5.8307490e+04 +3.9149514e+00 +2.4171512e-01 
+5.2535672e+02 +5.6242043e+04 +3.9024711e+00 +2.3512863e-01 
+5.2984695e+02 +5.4206221e+04 +3.8906192e+00 +2.2855446e-01 
+5.3441459e+02 +5.2182698e+04 +3.8793775e+00 +2.2191925e-01 
+5.3906168e+02 +5.0150853e+04 +3.8687287e+00 +2.1513294e-01 
+5.4379029e+02 +4.8083843e+04 +3.8586556e+00 +2.0807541e-01 
+5.4860259e+02 +4.5942069e+04 +3.8491395e+00 +2.0056656e-01 
+5.5350083e+02 +4.3654948e+04 +3.8401566e+00 +1.9228344e-01 
+5.5848732e+02 +4.0998548e+04 +3.8304947e+00 +1.8220988e-01 
+5.6356448e+02 +3.8732379e+04 +3.8128818e+00 +1.7370324e-01 
+5.6873480e+02 +3.5749763e+04 +3.8013637e+00 +1.6179798e-01 
+5.7400086e+02 +3.4439928e+04 +3.7887052e+00 +1.5731311e-01 
+5.7936535e+02 +3.3166244e+04 +3.7776216e+00 +1.5291108e-01 
+5.8483106e+02 +3.1870459e+04 +3.7675627e+00 +1.4832313e-01 
+5.9040088e+02 +3.0544552e+04 +3.7583083e+00 +1.4350628e-01 
+5.9607782e+02 +2.9177858e+04 +3.7497422e+00 +1.3840332e-01 
+6.0186498e+02 +2.7756938e+04 +3.7417939e+00 +1.3294156e-01 
+6.0776562e+02 +2.6264669e+04 +3.7344162e+00 +1.2702763e-01 
+6.1378310e+02 +2.4678461e+04 +3.7275756e+00 +1.2053777e-01 
+6.1992093e+02 +2.2966931e+04 +3.7212470e+00 +1.1329987e-01 
+6.2618276e+02 +2.1083260e+04 +3.7154106e+00 +1.0505797e-01 
+6.3257238e+02 +1.8950163e+04 +3.7100497e+00 +9.5392299e-02 
+6.3909374e+02 +1.6417963e+04 +3.7051465e+00 +8.3497596e-02 
+6.4575097e+02 +1.2964324e+04 +3.6979551e+00 +6.6620069e-02 
+6.5254835e+02 +1.0134338e+04 +3.6667157e+00 +5.2625739e-02 
+6.5949035e+02 +5.7459399e+03 +3.6521703e+00 +3.0155023e-02 
+6.6658164e+02 +5.3493026e+03 +3.6321460e+00 +2.8375313e-02 
+6.7382710e+02 +5.1192437e+03 +3.6154979e+00 +2.7450130e-02 
+6.8123179e+02 +4.9001464e+03 +3.6006859e+00 +2.6564038e-02 
+6.8880103e+02 +4.6921097e+03 +3.5870972e+00 +2.5718882e-02 
+6.9654037e+02 +4.4948114e+03 +3.5744149e+00 +2.4914255e-02 
+7.0445560e+02 +4.3077614e+03 +3.5624499e+00 +2.4148791e-02 
+7.1255279e+02 +4.1304073e+03 +3.5510783e+00 +2.3420711e-02 
+7.2083829e+02 +3.9621816e+03 +3.5402132e+00 +2.2728059e-02 
+7.2931874e+02 +3.8025236e+03 +3.5297909e+00 +2.2068836e-02 
+7.3800111e+02 +3.6508917e+03 +3.5197629e+00 +2.1441052e-02 
+7.4689269e+02 +3.5067691e+03 +3.5100908e+00 +2.0842774e-02 
+7.5600113e+02 +3.3696665e+03 +3.5007437e+00 +2.0272135e-02 
+7.6533448e+02 +3.2391233e+03 +3.4916962e+00 +1.9727357e-02 
+7.7490116e+02 +3.1147078e+03 +3.4829270e+00 +1.9206745e-02 
+7.8471004e+02 +2.9960165e+03 +3.4744178e+00 +1.8708697e-02 
+7.9477042e+02 +2.8826732e+03 +3.4661531e+00 +1.8231703e-02 
+8.0509212e+02 +2.7743277e+03 +3.4581192e+00 +1.7774339e-02 
+8.1568543e+02 +2.6706548e+03 +3.4503041e+00 +1.7335270e-02 
+8.2656124e+02 +2.5713528e+03 +3.4426971e+00 +1.6913241e-02 
+8.3773098e+02 +2.4761422e+03 +3.4352886e+00 +1.6507082e-02 
+8.4920675e+02 +2.3847642e+03 +3.4280700e+00 +1.6115694e-02 
+8.6100129e+02 +2.2969797e+03 +3.4210335e+00 +1.5738056e-02 
+8.7312807e+02 +2.2125677e+03 +3.4141720e+00 +1.5373213e-02 
+8.8560133e+02 +2.1313242e+03 +3.4074790e+00 +1.5020276e-02 
+8.9843613e+02 +2.0530611e+03 +3.4009485e+00 +1.4678417e-02 
+9.1164842e+02 +1.9776049e+03 +3.3945748e+00 +1.4346867e-02 
+9.2525512e+02 +1.9047960e+03 +3.3883530e+00 +1.4024911e-02 
+9.3927413e+02 +1.8344873e+03 +3.3822782e+00 +1.3711886e-02 
+9.5372451e+02 +1.7665433e+03 +3.3763460e+00 +1.3407178e-02 
+9.6862645e+02 +1.7008395e+03 +3.3705522e+00 +1.3110214e-02 
+9.8400147e+02 +1.6372613e+03 +3.3648929e+00 +1.2820468e-02 
+9.9987247e+02 +1.5757035e+03 +3.3593644e+00 +1.2537451e-02 
+1.0162638e+03 +1.5160691e+03 +3.3539634e+00 +1.2260709e-02 
+1.0332015e+03 +1.4582691e+03 +3.3486865e+00 +1.1989826e-02 
+1.0507134e+03 +1.4022217e+03 +3.3435306e+00 +1.1724413e-02 
+1.0688292e+03 +1.3478516e+03 +3.3384929e+00 +1.1464115e-02 
+1.0875806e+03 +1.2950896e+03 +3.3335707e+00 +1.1208601e-02 
+1.1070017e+03 +1.2438720e+03 +3.3287612e+00 +1.0957566e-02 
+1.1271290e+03 +1.1941402e+03 +3.3240621e+00 +1.0710730e-02 
+1.1480017e+03 +1.1458403e+03 +3.3194709e+00 +1.0467833e-02 
+1.1696621e+03 +1.0989226e+03 +3.3149855e+00 +1.0228635e-02 
+1.1921556e+03 +1.0533412e+03 +3.3106036e+00 +9.9929145e-03 
+1.2155312e+03 +1.0090539e+03 +3.3063233e+00 +9.7604681e-03 
+1.2398419e+03 +9.6602174e+02 +3.3021426e+00 +9.5311067e-03 
+1.2651448e+03 +9.2420853e+02 +3.2980596e+00 +9.3046561e-03 
+1.2915019e+03 +8.8358094e+02 +3.2940726e+00 +9.0809552e-03 
+1.3189807e+03 +8.4410803e+02 +3.2901798e+00 +8.8598549e-03 
+1.3476542e+03 +8.0576115e+02 +3.2863797e+00 +8.6412173e-03 
+1.3776021e+03 +7.6851364e+02 +3.2826706e+00 +8.4249145e-03 
+1.4089112e+03 +7.3234073e+02 +3.2790511e+00 +8.2108279e-03 
+1.4416766e+03 +6.9721936e+02 +3.2755198e+00 +7.9988475e-03 
+1.4760022e+03 +6.6312799e+02 +3.2720752e+00 +7.7888709e-03 
+1.5120023e+03 +6.3004653e+02 +3.2687162e+00 +7.5808029e-03 
+1.5498023e+03 +5.9795616e+02 +3.2654413e+00 +7.3745545e-03 
+1.5895408e+03 +5.6683926e+02 +3.2622494e+00 +7.1700428e-03 
+1.6313709e+03 +5.3667927e+02 +3.2591394e+00 +6.9671901e-03 
+1.6754620e+03 +5.0746066e+02 +3.2561101e+00 +6.7659236e-03 
+1.7220026e+03 +4.7916877e+02 +3.2531605e+00 +6.5661748e-03 
+1.7712027e+03 +4.5178981e+02 +3.2502896e+00 +6.3678793e-03 
+1.8232968e+03 +4.2531075e+02 +3.2474962e+00 +6.1709763e-03 
+1.8785483e+03 +3.9971927e+02 +3.2447796e+00 +5.9754083e-03 
+1.9372529e+03 +3.7500373e+02 +3.2421388e+00 +5.7811208e-03 
+1.9997449e+03 +3.5115307e+02 +3.2395730e+00 +5.5880619e-03 
+2.0664031e+03 +3.2815682e+02 +3.2370812e+00 +5.3961823e-03 
+2.1376584e+03 +3.0600504e+02 +3.2346628e+00 +5.2054348e-03 
+2.2140033e+03 +2.8468828e+02 +3.2323168e+00 +5.0157743e-03 
+2.2960034e+03 +2.6419756e+02 +3.2300427e+00 +4.8271575e-03 
+2.3843113e+03 +2.4452433e+02 +3.2278397e+00 +4.6395426e-03 
+2.4796837e+03 +2.2566047e+02 +3.2257071e+00 +4.4528894e-03 
