# title     = ank file for AlGaAs (x=0.89) after Djurisic
# reference = A.B.Djurisic et.al.J.Appl.Phys Vol.86 Nr.1 1999
# columns   = wavelength,absorption,n,k
# history   = created 12.6.2002 - 14:58 by letay
# units     = nm,cm^-1,1,1
# dataType  = matrix
+2.0664031e+02 +1.5292215e+06 +1.3674405e+00 +2.5146385e+00 
+2.0733141e+02 +1.5322147e+06 +1.3728519e+00 +2.5279872e+00 
+2.0802716e+02 +1.5353452e+06 +1.3783680e+00 +2.5416527e+00 
+2.0872759e+02 +1.5386193e+06 +1.3839958e+00 +2.5556487e+00 
+2.0943275e+02 +1.5420438e+06 +1.3897431e+00 +2.5699900e+00 
+2.1014269e+02 +1.5456258e+06 +1.3956181e+00 +2.5846918e+00 
+2.1085746e+02 +1.5493727e+06 +1.4016301e+00 +2.5997705e+00 
+2.1157711e+02 +1.5532926e+06 +1.4077894e+00 +2.6152433e+00 
+2.1230169e+02 +1.5573939e+06 +1.4141070e+00 +2.6311285e+00 
+2.1303125e+02 +1.5616854e+06 +1.4205953e+00 +2.6474453e+00 
+2.1376584e+02 +1.5661765e+06 +1.4272681e+00 +2.6642143e+00 
+2.1450551e+02 +1.5708772e+06 +1.4341403e+00 +2.6814570e+00 
+2.1525032e+02 +1.5757980e+06 +1.4412288e+00 +2.6991964e+00 
+2.1600032e+02 +1.5809498e+06 +1.4485520e+00 +2.7174567e+00 
+2.1675557e+02 +1.5863446e+06 +1.4561306e+00 +2.7362636e+00 
+2.1751612e+02 +1.5919945e+06 +1.4639874e+00 +2.7556443e+00 
+2.1828202e+02 +1.5979128e+06 +1.4721482e+00 +2.7756274e+00 
+2.1905333e+02 +1.6041131e+06 +1.4806412e+00 +2.7962435e+00 
+2.1983012e+02 +1.6106099e+06 +1.4894984e+00 +2.8175245e+00 
+2.2061243e+02 +1.6174185e+06 +1.4987554e+00 +2.8395042e+00 
+2.2140033e+02 +1.6245547e+06 +1.5084521e+00 +2.8622182e+00 
+2.2219388e+02 +1.6320352e+06 +1.5186334e+00 +2.8857038e+00 
+2.2299314e+02 +1.6398773e+06 +1.5293497e+00 +2.9100000e+00 
+2.2379817e+02 +1.6480989e+06 +1.5406577e+00 +2.9351475e+00 
+2.2460903e+02 +1.6567184e+06 +1.5526213e+00 +2.9611885e+00 
+2.2542579e+02 +1.6657547e+06 +1.5653128e+00 +2.9881664e+00 
+2.2624851e+02 +1.6752265e+06 +1.5788139e+00 +3.0161255e+00 
+2.2707726e+02 +1.6851526e+06 +1.5932169e+00 +3.0451103e+00 
+2.2791211e+02 +1.6955513e+06 +1.6086265e+00 +3.0751653e+00 
+2.2875311e+02 +1.7064396e+06 +1.6251614e+00 +3.1063333e+00 
+2.2960034e+02 +1.7178326e+06 +1.6429562e+00 +3.1386545e+00 
+2.3045388e+02 +1.7297428e+06 +1.6621635e+00 +3.1721643e+00 
+2.3131378e+02 +1.7421783e+06 +1.6829563e+00 +3.2068913e+00 
+2.3218012e+02 +1.7551417e+06 +1.7055304e+00 +3.2428538e+00 
+2.3305298e+02 +1.7686275e+06 +1.7301072e+00 +3.2800554e+00 
+2.3393243e+02 +1.7826195e+06 +1.7569356e+00 +3.3184800e+00 
+2.3481853e+02 +1.7970870e+06 +1.7862945e+00 +3.3580844e+00 
+2.3571138e+02 +1.8119808e+06 +1.8184939e+00 +3.3987895e+00 
+2.3661104e+02 +1.8272272e+06 +1.8538746e+00 +3.4404694e+00 
+2.3751760e+02 +1.8427216e+06 +1.8928058e+00 +3.4829373e+00 
+2.3843113e+02 +1.8583204e+06 +1.9356794e+00 +3.5259300e+00 
+2.3935171e+02 +1.8738324e+06 +1.9828975e+00 +3.5690894e+00 
+2.4027943e+02 +1.8890095e+06 +2.0348543e+00 +3.6119428e+00 
+2.4121437e+02 +1.9035381e+06 +2.0919065e+00 +3.6538850e+00 
+2.4215661e+02 +1.9170342e+06 +2.1543320e+00 +3.6941654e+00 
+2.4310625e+02 +1.9290437e+06 +2.2222752e+00 +3.7318857e+00 
+2.4406336e+02 +1.9390535e+06 +2.2956795e+00 +3.7660190e+00 
+2.4502804e+02 +1.9465177e+06 +2.3742157e+00 +3.7954587e+00 
+2.4600037e+02 +1.9509043e+06 +2.4572176e+00 +3.8191072e+00 
+2.4698045e+02 +1.9517612e+06 +2.5436495e+00 +3.8360071e+00 
+2.4796837e+02 +1.9487981e+06 +2.6321319e+00 +3.8455041e+00 
+2.4896423e+02 +1.9419661e+06 +2.7210518e+00 +3.8474123e+00 
+2.4996812e+02 +1.9315125e+06 +2.8087625e+00 +3.8421320e+00 
+2.5098013e+02 +1.9179839e+06 +2.8938503e+00 +3.8306674e+00 
+2.5200038e+02 +1.9021592e+06 +2.9754055e+00 +3.8145050e+00 
+2.5302895e+02 +1.8849193e+06 +3.0532217e+00 +3.7953612e+00 
+2.5406595e+02 +1.8670798e+06 +3.1278547e+00 +3.7748481e+00 
+2.5511149e+02 +1.8492286e+06 +3.2005189e+00 +3.7541426e+00 
+2.5616567e+02 +1.8316081e+06 +3.2728454e+00 +3.7337361e+00 
+2.5722860e+02 +1.8140634e+06 +3.3465607e+00 +3.7133154e+00 
+2.5830039e+02 +1.7960612e+06 +3.4231533e+00 +3.6917844e+00 
+2.5938114e+02 +1.7767681e+06 +3.5035802e+00 +3.6674084e+00 
+2.6047098e+02 +1.7551720e+06 +3.5880504e+00 +3.6380541e+00 
+2.6157001e+02 +1.7302317e+06 +3.6759054e+00 +3.6014911e+00 
+2.6267836e+02 +1.7010366e+06 +3.7656148e+00 +3.5557243e+00 
+2.6379614e+02 +1.6669586e+06 +3.8548969e+00 +3.4993179e+00 
+2.6492347e+02 +1.6277724e+06 +3.9409624e+00 +3.4316601e+00 
+2.6606048e+02 +1.5837187e+06 +4.0208566e+00 +3.3531158e+00 
+2.6720730e+02 +1.5354938e+06 +4.0918419e+00 +3.2650251e+00 
+2.6836404e+02 +1.4841639e+06 +4.1517449e+00 +3.1695406e+00 
+2.6953084e+02 +1.4310215e+06 +4.1991941e+00 +3.0693383e+00 
+2.7070783e+02 +1.3774207e+06 +4.2337068e+00 +2.9672733e+00 
+2.7189514e+02 +1.3246270e+06 +4.2556262e+00 +2.8660594e+00 
+2.7309292e+02 +1.2737089e+06 +4.2659515e+00 +2.7680297e+00 
+2.7430130e+02 +1.2254814e+06 +4.2661183e+00 +2.6750058e+00 
+2.7552041e+02 +1.1804971e+06 +4.2577822e+00 +2.5882656e+00 
+2.7675041e+02 +1.1390700e+06 +4.2426399e+00 +2.5085850e+00 
+2.7799145e+02 +1.1013184e+06 +4.2223029e+00 +2.4363208e+00 
+2.7924366e+02 +1.0672130e+06 +4.1982210e+00 +2.3715079e+00 
+2.8050721e+02 +1.0366223e+06 +4.1716474e+00 +2.3139538e+00 
+2.8178224e+02 +1.0093505e+06 +4.1436329e+00 +2.2633189e+00 
+2.8306892e+02 +9.8516809e+05 +4.1150384e+00 +2.2191806e+00 
+2.8436740e+02 +9.6383348e+05 +4.0865574e+00 +2.1810818e+00 
+2.8567785e+02 +9.4510828e+05 +4.0587427e+00 +2.1485639e+00 
+2.8700043e+02 +9.2876725e+05 +4.0320333e+00 +2.1211900e+00 
+2.8833532e+02 +9.1460425e+05 +4.0067809e+00 +2.0985590e+00 
+2.8968268e+02 +9.0243524e+05 +3.9832733e+00 +2.0803131e+00 
+2.9104269e+02 +8.9209925e+05 +3.9617571e+00 +2.0661412e+00 
+2.9241553e+02 +8.8345768e+05 +3.9424577e+00 +2.0557785e+00 
+2.9380139e+02 +8.7639239e+05 +3.9255985e+00 +2.0490029e+00 
+2.9520044e+02 +8.7080242e+05 +3.9114194e+00 +2.0456285e+00 
+2.9661288e+02 +8.6659930e+05 +3.9001954e+00 +2.0454953e+00 
+2.9803891e+02 +8.6370041e+05 +3.8922545e+00 +2.0484540e+00 
+2.9947871e+02 +8.6201977e+05 +3.8879954e+00 +2.0543447e+00 
+3.0093249e+02 +8.6145533e+05 +3.8879025e+00 +2.0629656e+00 
+3.0240045e+02 +8.6187193e+05 +3.8925549e+00 +2.0740313e+00 
+3.0388281e+02 +8.6307933e+05 +3.9026237e+00 +2.0871179e+00 
+3.0537977e+02 +8.6480558e+05 +3.9188476e+00 +2.1015943e+00 
+3.0689155e+02 +8.6666847e+05 +3.9419742e+00 +2.1165477e+00 
+3.0841837e+02 +8.6815138e+05 +3.9726540e+00 +2.1307173e+00 
+3.0996046e+02 +8.6859517e+05 +4.0112779e+00 +2.1424656e+00 
+3.1151805e+02 +8.6722274e+05 +4.0577695e+00 +2.1498295e+00 
+3.1309138e+02 +8.6321292e+05 +4.1113749e+00 +2.1506967e+00 
+3.1468067e+02 +8.5582892e+05 +4.1705338e+00 +2.1431233e+00 
+3.1628619e+02 +8.4458046e+05 +4.2329378e+00 +2.1257461e+00 
+3.1790817e+02 +8.2936598e+05 +4.2958426e+00 +2.0981573e+00 
+3.1954687e+02 +8.1052568e+05 +4.3565931e+00 +2.0610640e+00 
+3.2120255e+02 +7.8876168e+05 +4.4131871e+00 +2.0161133e+00 
+3.2287548e+02 +7.6494194e+05 +4.4646513e+00 +1.9654123e+00 
+3.2456593e+02 +7.3986148e+05 +4.5110804e+00 +1.9109243e+00 
+3.2627417e+02 +7.1404828e+05 +4.5533437e+00 +1.8539602e+00 
+3.2800049e+02 +6.8767141e+05 +4.5925850e+00 +1.7949221e+00 
+3.2974517e+02 +6.6056701e+05 +4.6296838e+00 +1.7333468e+00 
+3.3150852e+02 +6.3236575e+05 +4.6648264e+00 +1.6682194e+00 
+3.3329082e+02 +6.0268454e+05 +4.6973070e+00 +1.5984665e+00 
+3.3509239e+02 +5.7132631e+05 +4.7256309e+00 +1.5234876e+00 
+3.3691355e+02 +5.3841985e+05 +4.7479032e+00 +1.4435428e+00 
+3.3875461e+02 +5.0444595e+05 +4.7623688e+00 +1.3598468e+00 
+3.4061589e+02 +4.7014333e+05 +4.7678908e+00 +1.2743400e+00 
+3.4249775e+02 +4.3634326e+05 +4.7641931e+00 +1.1892581e+00 
+3.4440052e+02 +4.0380567e+05 +4.7518232e+00 +1.1066909e+00 
+3.4632454e+02 +3.7311109e+05 +4.7319209e+00 +1.0282804e+00 
+3.4827018e+02 +3.4462301e+05 +4.7059251e+00 +9.5510409e-01 
+3.5023781e+02 +3.1850455e+05 +4.6753219e+00 +8.8770529e-01 
+3.5222780e+02 +2.9476271e+05 +4.6414773e+00 +8.2620214e-01 
+3.5424053e+02 +2.7329862e+05 +4.6055545e+00 +7.7041695e-01 
+3.5627640e+02 +2.5395114e+05 +4.5684903e+00 +7.1999147e-01 
+3.5833580e+02 +2.3652964e+05 +4.5310086e+00 +6.7447506e-01 
+3.6041914e+02 +2.2083603e+05 +4.4936502e+00 +6.3338521e-01 
+3.6252686e+02 +2.0667826e+05 +4.4568070e+00 +5.9624550e-01 
+3.6465937e+02 +1.9387761e+05 +4.4207541e+00 +5.6260705e-01 
+3.6681712e+02 +1.8227205e+05 +4.3856777e+00 +5.3205902e-01 
+3.6900055e+02 +1.7171702e+05 +4.3516975e+00 +5.0423212e-01 
+3.7121014e+02 +1.6208487e+05 +4.3188846e+00 +4.7879813e-01 
+3.7344634e+02 +1.5326349e+05 +4.2872744e+00 +4.5546715e-01 
+3.7570965e+02 +1.4515471e+05 +4.2568774e+00 +4.3398390e-01 
+3.7800057e+02 +1.3767258e+05 +4.2276862e+00 +4.1412364e-01 
+3.8031959e+02 +1.3074171e+05 +4.1996814e+00 +3.9568811e-01 
+3.8266724e+02 +1.2429580e+05 +4.1728353e+00 +3.7850175e-01 
+3.8504406e+02 +1.1827622e+05 +4.1471152e+00 +3.6240817e-01 
+3.8745058e+02 +1.1263078e+05 +4.1224855e+00 +3.4726702e-01 
+3.8988738e+02 +1.0731266e+05 +4.0989089e+00 +3.3295097e-01 
+3.9235502e+02 +1.0227938e+05 +4.0763477e+00 +3.1934301e-01 
+3.9485409e+02 +9.7491795e+04 +4.0547645e+00 +3.0633375e-01 
+3.9738521e+02 +9.2913191e+04 +4.0341226e+00 +2.9381855e-01 
+3.9994899e+02 +8.8508158e+04 +4.0143863e+00 +2.8169429e-01 
+4.0254606e+02 +8.4241284e+04 +3.9955211e+00 +2.6985514e-01 
+4.0517708e+02 +8.0075233e+04 +3.9774934e+00 +2.5818631e-01 
+4.0784272e+02 +7.5967541e+04 +3.9602704e+00 +2.4655335e-01 
+4.1054366e+02 +7.1863334e+04 +3.9438117e+00 +2.3477770e-01 
+4.1328062e+02 +6.7656194e+04 +3.9278184e+00 +2.2250652e-01 
+4.1605431e+02 +6.3141570e+04 +3.9096422e+00 +2.0905259e-01 
+4.1886549e+02 +5.9223714e+04 +3.8877314e+00 +1.9740600e-01 
+4.2171492e+02 +5.5119808e+04 +3.8707889e+00 +1.8497660e-01 
+4.2460338e+02 +5.0777599e+04 +3.8536342e+00 +1.7157173e-01 
+4.2753167e+02 +4.7779683e+04 +3.8363637e+00 +1.6255551e-01 
+4.3050064e+02 +4.5084631e+04 +3.8204039e+00 +1.5445162e-01 
+4.3351114e+02 +4.2376145e+04 +3.8054537e+00 +1.4618804e-01 
+4.3656403e+02 +3.9608620e+04 +3.7913494e+00 +1.3760297e-01 
+4.3966023e+02 +3.6742618e+04 +3.7779934e+00 +1.2855158e-01 
+4.4280066e+02 +3.3721896e+04 +3.7653182e+00 +1.1882570e-01 
+4.4598628e+02 +3.0453725e+04 +3.7532411e+00 +1.0808167e-01 
+4.4921806e+02 +2.6681928e+04 +3.7407467e+00 +9.5381589e-02 
+4.5249703e+02 +2.1995063e+04 +3.7199444e+00 +7.9201075e-02 
+4.5582421e+02 +1.8774232e+04 +3.6911415e+00 +6.8100408e-02 
+4.5920069e+02 +1.4549889e+04 +3.6740725e+00 +5.3168247e-02 
+4.6262756e+02 +1.0532035e+04 +3.6532314e+00 +3.8773403e-02 
+4.6610596e+02 +9.3398779e+03 +3.6318926e+00 +3.4643040e-02 
+4.6963707e+02 +8.6882370e+03 +3.6125412e+00 +3.2470140e-02 
+4.7322208e+02 +8.0989918e+03 +3.5945540e+00 +3.0499035e-02 
+4.7686225e+02 +7.5478435e+03 +3.5775896e+00 +2.8642173e-02 
+4.8055886e+02 +7.0325907e+03 +3.5614478e+00 +2.6893794e-02 
+4.8431323e+02 +6.5512605e+03 +3.5459976e+00 +2.5248834e-02 
+4.8812672e+02 +6.1018851e+03 +3.5311473e+00 +2.3702095e-02 
+4.9200074e+02 +5.6825472e+03 +3.5168289e+00 +2.2248408e-02 
+4.9593674e+02 +5.2914027e+03 +3.5029900e+00 +2.0882728e-02 
+4.9993623e+02 +4.9266908e+03 +3.4895890e+00 +1.9600180e-02 
+5.0400076e+02 +4.5867386e+03 +3.4765915e+00 +1.8396081e-02 
+5.0813191e+02 +4.2699618e+03 +3.4639692e+00 +1.7265954e-02 
+5.1233135e+02 +3.9748633e+03 +3.4516976e+00 +1.6205531e-02 
+5.1660077e+02 +3.7000312e+03 +3.4397560e+00 +1.5210748e-02 
+5.2094196e+02 +3.4441351e+03 +3.4281258e+00 +1.4277746e-02 
+5.2535672e+02 +3.2059236e+03 +3.4167909e+00 +1.3402863e-02 
+5.2984695e+02 +2.9842198e+03 +3.4057367e+00 +1.2582628e-02 
+5.3441459e+02 +2.7779185e+03 +3.3949503e+00 +1.1813754e-02 
+5.3906168e+02 +2.5859822e+03 +3.3844196e+00 +1.1093131e-02 
+5.4379029e+02 +2.4074378e+03 +3.3741341e+00 +1.0417816e-02 
+5.4860259e+02 +2.2413731e+03 +3.3640837e+00 +9.7850298e-03 
+5.5350083e+02 +2.0869335e+03 +3.3542593e+00 +9.1921485e-03 
+5.5848732e+02 +1.9433189e+03 +3.3446525e+00 +8.6366941e-03 
+5.6356448e+02 +1.8097807e+03 +3.3352554e+00 +8.1163300e-03 
+5.6873480e+02 +1.6856186e+03 +3.3260606e+00 +7.6288533e-03 
+5.7400086e+02 +1.5701785e+03 +3.3170614e+00 +7.1721887e-03 
+5.7936535e+02 +1.4628491e+03 +3.3082513e+00 +6.7443822e-03 
+5.8483106e+02 +1.3630597e+03 +3.2996242e+00 +6.3435949e-03 
+5.9040088e+02 +1.2702780e+03 +3.2911745e+00 +5.9680975e-03 
+5.9607782e+02 +1.1840075e+03 +3.2828969e+00 +5.6162646e-03 
+6.0186498e+02 +1.1037856e+03 +3.2747862e+00 +5.2865691e-03 
+6.0776562e+02 +1.0291811e+03 +3.2668376e+00 +4.9775777e-03 
+6.1378310e+02 +9.5979271e+02 +3.2590465e+00 +4.6879450e-03 
+6.1992093e+02 +8.9524711e+02 +3.2514087e+00 +4.4164098e-03 
+6.2618276e+02 +8.3519694e+02 +3.2439200e+00 +4.1617897e-03 
+6.3257238e+02 +7.7931933e+02 +3.2365765e+00 +3.9229774e-03 
+6.3909374e+02 +7.2731429e+02 +3.2293744e+00 +3.6989360e-03 
+6.4575097e+02 +6.7890320e+02 +3.2223102e+00 +3.4886954e-03 
+6.5254835e+02 +6.3382740e+02 +3.2153804e+00 +3.2913483e-03 
+6.5949035e+02 +5.9184689e+02 +3.2085818e+00 +3.1060465e-03 
+6.6658164e+02 +5.5273902e+02 +3.2019112e+00 +2.9319976e-03 
+6.7382710e+02 +5.1629738e+02 +3.1953657e+00 +2.7684618e-03 
+6.8123179e+02 +4.8233061e+02 +3.1889424e+00 +2.6147482e-03 
+6.8880103e+02 +4.5066140e+02 +3.1826384e+00 +2.4702123e-03 
+6.9654037e+02 +4.2112550e+02 +3.1764513e+00 +2.3342532e-03 
+7.0445560e+02 +3.9357080e+02 +3.1703783e+00 +2.2063105e-03 
+7.1255279e+02 +3.6785643e+02 +3.1644172e+00 +2.0858618e-03 
+7.2083829e+02 +3.4385199e+02 +3.1585654e+00 +1.9724206e-03 
+7.2931874e+02 +3.2143679e+02 +3.1528209e+00 +1.8655336e-03 
+7.3800111e+02 +3.0049909e+02 +3.1471813e+00 +1.7647789e-03 
+7.4689269e+02 +2.8093549e+02 +3.1416446e+00 +1.6697635e-03 
+7.5600113e+02 +2.6265031e+02 +3.1362088e+00 +1.5801216e-03 
+7.6533448e+02 +2.4555498e+02 +3.1308719e+00 +1.4955129e-03 
+7.7490116e+02 +2.2956749e+02 +3.1256320e+00 +1.4156205e-03 
+7.8471004e+02 +2.1461198e+02 +3.1204873e+00 +1.3401497e-03 
+7.9477042e+02 +2.0061817e+02 +3.1154361e+00 +1.2688261e-03 
+8.0509212e+02 +1.8752099e+02 +3.1104767e+00 +1.2013944e-03 
+8.1568543e+02 +1.7526016e+02 +3.1056073e+00 +1.1376169e-03 
+8.2656124e+02 +1.6377982e+02 +3.1008266e+00 +1.0772725e-03 
+8.3773098e+02 +1.5302821e+02 +3.0961328e+00 +1.0201551e-03 
+8.4920675e+02 +1.4295732e+02 +3.0915246e+00 +9.6607308e-04 
+8.6100129e+02 +1.3352261e+02 +3.0870005e+00 +9.1484759e-04 
+8.7312807e+02 +1.2468274e+02 +3.0825591e+00 +8.6631216e-04 
+8.8560133e+02 +1.1639931e+02 +3.0781991e+00 +8.2031154e-04 
+8.9843613e+02 +1.0863668e+02 +3.0739192e+00 +7.7670091e-04 
+9.1164842e+02 +1.0136166e+02 +3.0697181e+00 +7.3534516e-04 
+9.2525512e+02 +9.4543419e+01 +3.0655946e+00 +6.9611811e-04 
+9.3927413e+02 +8.8153234e+01 +3.0615476e+00 +6.5890189e-04 
+9.5372451e+02 +8.2164359e+01 +3.0575758e+00 +6.2358628e-04 
+9.6862645e+02 +7.6551860e+01 +3.0536783e+00 +5.9006819e-04 
+9.8400147e+02 +7.1292480e+01 +3.0498538e+00 +5.5825112e-04 
+9.9987247e+02 +6.6364510e+01 +3.0461015e+00 +5.2804464e-04 
+1.0162638e+03 +6.1747674e+01 +3.0424202e+00 +4.9936396e-04 
+1.0332015e+03 +5.7423014e+01 +3.0388090e+00 +4.7212954e-04 
+1.0507134e+03 +5.3372801e+01 +3.0352669e+00 +4.4626664e-04 
+1.0688292e+03 +4.9580436e+01 +3.0317930e+00 +4.2170504e-04 
+1.0875806e+03 +4.6030372e+01 +3.0283865e+00 +3.9837866e-04 
+1.1070017e+03 +4.2708034e+01 +3.0250465e+00 +3.7622529e-04 
+1.1271290e+03 +3.9599753e+01 +3.0217721e+00 +3.5518631e-04 
+1.1480017e+03 +3.6692697e+01 +3.0185625e+00 +3.3520641e-04 
+1.1696621e+03 +3.3974819e+01 +3.0154169e+00 +3.1623338e-04 
+1.1921556e+03 +3.1434793e+01 +3.0123346e+00 +2.9821789e-04 
+1.2155312e+03 +2.9061976e+01 +3.0093149e+00 +2.8111330e-04 
+1.2398419e+03 +2.6846352e+01 +3.0063569e+00 +2.6487545e-04 
+1.2651448e+03 +2.4778497e+01 +3.0034600e+00 +2.4946253e-04 
+1.2915019e+03 +2.2849538e+01 +3.0006236e+00 +2.3483489e-04 
+1.3189807e+03 +2.1051116e+01 +2.9978469e+00 +2.2095493e-04 
+1.3476542e+03 +1.9375355e+01 +2.9951293e+00 +2.0778695e-04 
+1.3776021e+03 +1.7814832e+01 +2.9924703e+00 +1.9529704e-04 
+1.4089112e+03 +1.6362549e+01 +2.9898691e+00 +1.8345296e-04 
+1.4416766e+03 +1.5011905e+01 +2.9873253e+00 +1.7222404e-04 
+1.4760022e+03 +1.3756674e+01 +2.9848383e+00 +1.6158111e-04 
+1.5120023e+03 +1.2590984e+01 +2.9824075e+00 +1.5149638e-04 
+1.5498023e+03 +1.1509294e+01 +2.9800324e+00 +1.4194337e-04 
+1.5895408e+03 +1.0506375e+01 +2.9777124e+00 +1.3289686e-04 
+1.6313709e+03 +9.5772933e+00 +2.9754471e+00 +1.2433277e-04 
+1.6754620e+03 +8.7173946e+00 +2.9732361e+00 +1.1622817e-04 
+1.7220026e+03 +7.9222861e+00 +2.9710787e+00 +1.0856116e-04 
+1.7712027e+03 +7.1878241e+00 +2.9689746e+00 +1.0131082e-04 
+1.8232968e+03 +6.5100990e+00 +2.9669234e+00 +9.4457209e-05 
+1.8785483e+03 +5.8854231e+00 +2.9649246e+00 +8.7981261e-05 
+1.9372529e+03 +5.3103196e+00 +2.9629778e+00 +8.1864783e-05 
+1.9997449e+03 +4.7815092e+00 +2.9610827e+00 +7.6090378e-05 
+2.0664031e+03 +4.2959014e+00 +2.9592387e+00 +7.0641431e-05 
+2.1376584e+03 +3.8505845e+00 +2.9574457e+00 +6.5502081e-05 
+2.2140033e+03 +3.4428138e+00 +2.9557031e+00 +6.0657142e-05 
+2.2960034e+03 +3.0700061e+00 +2.9540108e+00 +5.6092127e-05 
+2.3843113e+03 +2.7297286e+00 +2.9523682e+00 +5.1793178e-05 
+2.4796837e+03 +2.4196931e+00 +2.9507752e+00 +4.7747069e-05 
