# title     = ank file for AlGaAs (x=0.05) after Djurisic
# reference = A.B.Djurisic et.al.J.Appl.Phys Vol.86 Nr.1 1999
# columns   = wavelength,absorption,n,k
# history   = created 19.9.2002 - 12:39 by letay
# units     = nm,cm^-1,1,1
# dataType  = list
+2.0664031e+02 +1.4961243e+06 +1.1817195e+00 +2.4602138e+00 
+2.0733141e+02 +1.4999289e+06 +1.1869525e+00 +2.4747191e+00 
+2.0802716e+02 +1.5038424e+06 +1.1923029e+00 +2.4895022e+00 
+2.0872759e+02 +1.5078695e+06 +1.1977771e+00 +2.5045732e+00 
+2.0943275e+02 +1.5120146e+06 +1.2033820e+00 +2.5199429e+00 
+2.1014269e+02 +1.5162827e+06 +1.2091250e+00 +2.5356224e+00 
+2.1085746e+02 +1.5206788e+06 +1.2150142e+00 +2.5516235e+00 
+2.1157711e+02 +1.5252084e+06 +1.2210582e+00 +2.5679585e+00 
+2.1230169e+02 +1.5298770e+06 +1.2272663e+00 +2.5846403e+00 
+2.1303125e+02 +1.5346906e+06 +1.2336486e+00 +2.6016825e+00 
+2.1376584e+02 +1.5396554e+06 +1.2402159e+00 +2.6190994e+00 
+2.1450551e+02 +1.5447779e+06 +1.2469801e+00 +2.6369060e+00 
+2.1525032e+02 +1.5500650e+06 +1.2539539e+00 +2.6551182e+00 
+2.1600032e+02 +1.5555239e+06 +1.2611511e+00 +2.6737526e+00 
+2.1675557e+02 +1.5611621e+06 +1.2685868e+00 +2.6928266e+00 
+2.1751612e+02 +1.5669877e+06 +1.2762772e+00 +2.7123589e+00 
+2.1828202e+02 +1.5730090e+06 +1.2842402e+00 +2.7323687e+00 
+2.1905333e+02 +1.5792350e+06 +1.2924949e+00 +2.7528767e+00 
+2.1983012e+02 +1.5856749e+06 +1.3010626e+00 +2.7739044e+00 
+2.2061243e+02 +1.5923387e+06 +1.3099662e+00 +2.7954747e+00 
+2.2140033e+02 +1.5992366e+06 +1.3192309e+00 +2.8176116e+00 
+2.2219388e+02 +1.6063797e+06 +1.3288841e+00 +2.8403406e+00 
+2.2299314e+02 +1.6137794e+06 +1.3389562e+00 +2.8636887e+00 
+2.2379817e+02 +1.6214480e+06 +1.3494803e+00 +2.8876842e+00 
+2.2460903e+02 +1.6293984e+06 +1.3604927e+00 +2.9123572e+00 
+2.2542579e+02 +1.6376441e+06 +1.3720338e+00 +2.9377394e+00 
+2.2624851e+02 +1.6461996e+06 +1.3841480e+00 +2.9638647e+00 
+2.2707726e+02 +1.6550801e+06 +1.3968842e+00 +2.9907686e+00 
+2.2791211e+02 +1.6643017e+06 +1.4102970e+00 +3.0184890e+00 
+2.2875311e+02 +1.6738814e+06 +1.4244471e+00 +3.0470658e+00 
+2.2960034e+02 +1.6838373e+06 +1.4394018e+00 +3.0765415e+00 
+2.3045388e+02 +1.6941883e+06 +1.4552369e+00 +3.1069612e+00 
+2.3131378e+02 +1.7049547e+06 +1.4720371e+00 +3.1383725e+00 
+2.3218012e+02 +1.7161579e+06 +1.4898979e+00 +3.1708260e+00 
+2.3305298e+02 +1.7278201e+06 +1.5089276e+00 +3.2043749e+00 
+2.3393243e+02 +1.7399651e+06 +1.5292491e+00 +3.2390756e+00 
+2.3481853e+02 +1.7526174e+06 +1.5510028e+00 +3.2749873e+00 
+2.3571138e+02 +1.7658026e+06 +1.5743503e+00 +3.3121716e+00 
+2.3661104e+02 +1.7795467e+06 +1.5994782e+00 +3.3506922e+00 
+2.3751760e+02 +1.7938757e+06 +1.6266038e+00 +3.3906133e+00 
+2.3843113e+02 +1.8088144e+06 +1.6559820e+00 +3.4319984e+00 
+2.3935171e+02 +1.8243848e+06 +1.6879134e+00 +3.4749064e+00 
+2.4027943e+02 +1.8406034e+06 +1.7227557e+00 +3.5193864e+00 
+2.4121437e+02 +1.8574767e+06 +1.7609370e+00 +3.5654691e+00 
+2.4215661e+02 +1.8749941e+06 +1.8029727e+00 +3.6131531e+00 
+2.4310625e+02 +1.8931170e+06 +1.8494852e+00 +3.6623826e+00 
+2.4406336e+02 +1.9117620e+06 +1.9012263e+00 +3.7130136e+00 
+2.4502804e+02 +1.9307740e+06 +1.9590995e+00 +3.7647605e+00 
+2.4600037e+02 +1.9498877e+06 +2.0241748e+00 +3.8171171e+00 
+2.4698045e+02 +1.9686703e+06 +2.0976834e+00 +3.8692402e+00 
+2.4796837e+02 +1.9864442e+06 +2.1809653e+00 +3.9197900e+00 
+2.4896423e+02 +2.0021915e+06 +2.2753254e+00 +3.9667306e+00 
+2.4996812e+02 +2.0144592e+06 +2.3817351e+00 +4.0071282e+00 
+2.5098013e+02 +2.0213177e+06 +2.5003124e+00 +4.0370494e+00 
+2.5200038e+02 +2.0204713e+06 +2.6295796e+00 +4.0517629e+00 
+2.5302895e+02 +2.0096509e+06 +2.7656835e+00 +4.0465133e+00 
+2.5406595e+02 +1.9873475e+06 +2.9020799e+00 +4.0180044e+00 
+2.5511149e+02 +1.9536914e+06 +3.0303618e+00 +3.9662138e+00 
+2.5616567e+02 +1.9109481e+06 +3.1424708e+00 +3.8954710e+00 
+2.5722860e+02 +1.8631057e+06 +3.2333995e+00 +3.8137032e+00 
+2.5830039e+02 +1.8146251e+06 +3.3027369e+00 +3.7299422e+00 
+2.5938114e+02 +1.7690944e+06 +3.3541490e+00 +3.6515692e+00 
+2.6047098e+02 +1.7285119e+06 +3.3934480e+00 +3.5827942e+00 
+2.6157001e+02 +1.6933263e+06 +3.4265954e+00 +3.5246723e+00 
+2.6267836e+02 +1.6628955e+06 +3.4584717e+00 +3.4759969e+00 
+2.6379614e+02 +1.6359951e+06 +3.4924580e+00 +3.4343184e+00 
+2.6492347e+02 +1.6111930e+06 +3.5305033e+00 +3.3967075e+00 
+2.6606048e+02 +1.5870716e+06 +3.5733630e+00 +3.3602148e+00 
+2.6720730e+02 +1.5623470e+06 +3.6208351e+00 +3.3221249e+00 
+2.6836404e+02 +1.5359398e+06 +3.6719469e+00 +3.2801119e+00 
+2.6953084e+02 +1.5070314e+06 +3.7251103e+00 +3.2323687e+00 
+2.7070783e+02 +1.4751157e+06 +3.7782881e+00 +3.1777304e+00 
+2.7189514e+02 +1.4400388e+06 +3.8292013e+00 +3.1157728e+00 
+2.7309292e+02 +1.4020075e+06 +3.8755787e+00 +3.0468489e+00 
+2.7430130e+02 +1.3615551e+06 +3.9154206e+00 +2.9720303e+00 
+2.7552041e+02 +1.3194607e+06 +3.9472219e+00 +2.8929464e+00 
+2.7675041e+02 +1.2766373e+06 +3.9701097e+00 +2.8115508e+00 
+2.7799145e+02 +1.2340124e+06 +3.9838690e+00 +2.7298646e+00 
+2.7924366e+02 +1.1924275e+06 +3.9888670e+00 +2.6497534e+00 
+2.8050721e+02 +1.1525697e+06 +3.9859116e+00 +2.5727724e+00 
+2.8178224e+02 +1.1149421e+06 +3.9760851e+00 +2.5000924e+00 
+2.8306892e+02 +1.0798647e+06 +3.9605914e+00 +2.4324935e+00 
+2.8436740e+02 +1.0474973e+06 +3.9406349e+00 +2.3704066e+00 
+2.8567785e+02 +1.0178708e+06 +3.9173389e+00 +2.3139786e+00 
+2.8700043e+02 +9.9092158e+05 +3.8916994e+00 +2.2631429e+00 
+2.8833532e+02 +9.6652212e+05 +3.8645666e+00 +2.2176845e+00 
+2.8968268e+02 +9.4450577e+05 +3.8366449e+00 +2.1772950e+00 
+2.9104269e+02 +9.2468596e+05 +3.8085032e+00 +2.1416135e+00 
+2.9241553e+02 +9.0686974e+05 +3.7805921e+00 +2.1102577e+00 
+2.9380139e+02 +8.9086695e+05 +3.7532607e+00 +2.0828444e+00 
+2.9520044e+02 +8.7649594e+05 +3.7267746e+00 +2.0590033e+00 
+2.9661288e+02 +8.6358695e+05 +3.7013316e+00 +2.0383850e+00 
+2.9803891e+02 +8.5198365e+05 +3.6770747e+00 +2.0206652e+00 
+2.9947871e+02 +8.4154362e+05 +3.6541039e+00 +2.0055464e+00 
+3.0093249e+02 +8.3213812e+05 +3.6324854e+00 +1.9927583e+00 
+3.0240045e+02 +8.2365140e+05 +3.6122590e+00 +1.9820564e+00 
+3.0388281e+02 +8.1597981e+05 +3.5934446e+00 +1.9732208e+00 
+3.0537977e+02 +8.0903076e+05 +3.5760464e+00 +1.9660539e+00 
+3.0689155e+02 +8.0272175e+05 +3.5600571e+00 +1.9603792e+00 
+3.0841837e+02 +7.9697935e+05 +3.5454609e+00 +1.9560387e+00 
+3.0996046e+02 +7.9173828e+05 +3.5322357e+00 +1.9528914e+00 
+3.1151805e+02 +7.8694058e+05 +3.5203551e+00 +1.9508115e+00 
+3.1309138e+02 +7.8253481e+05 +3.5097897e+00 +1.9496871e+00 
+3.1468067e+02 +7.7847540e+05 +3.5005084e+00 +1.9494186e+00 
+3.1628619e+02 +7.7472202e+05 +3.4924791e+00 +1.9499176e+00 
+3.1790817e+02 +7.7123904e+05 +3.4856697e+00 +1.9511058e+00 
+3.1954687e+02 +7.6799511e+05 +3.4800484e+00 +1.9529142e+00 
+3.2120255e+02 +7.6496267e+05 +3.4755842e+00 +1.9552818e+00 
+3.2287548e+02 +7.6211769e+05 +3.4722476e+00 +1.9581558e+00 
+3.2456593e+02 +7.5943932e+05 +3.4700104e+00 +1.9614902e+00 
+3.2627417e+02 +7.5690965e+05 +3.4688465e+00 +1.9652458e+00 
+3.2800049e+02 +7.5451348e+05 +3.4687318e+00 +1.9693896e+00 
+3.2974517e+02 +7.5223822e+05 +3.4696450e+00 +1.9738947e+00 
+3.3150852e+02 +7.5007365e+05 +3.4715674e+00 +1.9787400e+00 
+3.3329082e+02 +7.4801193e+05 +3.4744839e+00 +1.9839102e+00 
+3.3509239e+02 +7.4604744e+05 +3.4783828e+00 +1.9893956e+00 
+3.3691355e+02 +7.4417679e+05 +3.4832572e+00 +1.9951922e+00 
+3.3875461e+02 +7.4239877e+05 +3.4891053e+00 +2.0013018e+00 
+3.4061589e+02 +7.4071433e+05 +3.4959314e+00 +2.0077322e+00 
+3.4249775e+02 +7.3912661e+05 +3.5037475e+00 +2.0144973e+00 
+3.4440052e+02 +7.3764086e+05 +3.5125747e+00 +2.0216171e+00 
+3.4632454e+02 +7.3626443e+05 +3.5224454e+00 +2.0291176e+00 
+3.4827018e+02 +7.3500657e+05 +3.5334059e+00 +2.0370311e+00 
+3.5023781e+02 +7.3387814e+05 +3.5455199e+00 +2.0453947e+00 
+3.5222780e+02 +7.3289110e+05 +3.5588729e+00 +2.0542496e+00 
+3.5424053e+02 +7.3205752e+05 +3.5735770e+00 +2.0636384e+00 
+3.5627640e+02 +7.3138811e+05 +3.5897776e+00 +2.0736005e+00 
+3.5833580e+02 +7.3088974e+05 +3.6076604e+00 +2.0841655e+00 
+3.6041914e+02 +7.3056183e+05 +3.6274589e+00 +2.0953422e+00 
+3.6252686e+02 +7.3039083e+05 +3.6494610e+00 +2.1071024e+00 
+3.6465937e+02 +7.3034261e+05 +3.6740130e+00 +2.1193572e+00 
+3.6681712e+02 +7.3035220e+05 +3.7015154e+00 +2.1319257e+00 
+3.6900055e+02 +7.3031127e+05 +3.7324061e+00 +2.1444956e+00 
+3.7121014e+02 +7.3005505e+05 +3.7671199e+00 +2.1565800e+00 
+3.7344634e+02 +7.2935240e+05 +3.8060188e+00 +2.1674833e+00 
+3.7570965e+02 +7.2790655e+05 +3.8492853e+00 +2.1762968e+00 
+3.7800057e+02 +7.2537574e+05 +3.8967948e+00 +2.1819541e+00 
+3.8031959e+02 +7.2142213e+05 +3.9480025e+00 +2.1833748e+00 
+3.8266724e+02 +7.1578706e+05 +4.0019132e+00 +2.1796927e+00 
+3.8504406e+02 +7.0837256e+05 +4.0572011e+00 +2.1705125e+00 
+3.8745058e+02 +6.9929193e+05 +4.1124959e+00 +2.1560805e+00 
+3.8988738e+02 +6.8885424e+05 +4.1667576e+00 +2.1372565e+00 
+3.9235502e+02 +6.7747590e+05 +4.2195888e+00 +2.1152573e+00 
+3.9485409e+02 +6.6555028e+05 +4.2713513e+00 +2.0912582e+00 
+3.9738521e+02 +6.5332303e+05 +4.3230536e+00 +2.0659976e+00 
+3.9994899e+02 +6.4080844e+05 +4.3760679e+00 +2.0394965e+00 
+4.0254606e+02 +6.2775708e+05 +4.4317643e+00 +2.0109318e+00 
+4.0517708e+02 +6.1367171e+05 +4.4911191e+00 +1.9786597e+00 
+4.0784272e+02 +5.9787010e+05 +4.5543304e+00 +1.9403929e+00 
+4.1054366e+02 +5.7960053e+05 +4.6204892e+00 +1.8935565e+00 
+4.1328062e+02 +5.5821035e+05 +4.6874099e+00 +1.8358325e+00 
+4.1605431e+02 +5.3334181e+05 +4.7517586e+00 +1.7658174e+00 
+4.1886549e+02 +5.0509296e+05 +4.8095657e+00 +1.6835888e+00 
+4.2171492e+02 +4.7406741e+05 +4.8570342e+00 +1.5909232e+00 
+4.2460338e+02 +4.4127352e+05 +4.8913627e+00 +1.4910130e+00 
+4.2753167e+02 +4.0790853e+05 +4.9112573e+00 +1.3877819e+00 
+4.3050064e+02 +3.7511930e+05 +4.9169714e+00 +1.2850894e+00 
+4.3351114e+02 +3.4382678e+05 +4.9099557e+00 +1.1861240e+00 
+4.3656403e+02 +3.1465101e+05 +4.8923406e+00 +1.0931184e+00 
+4.3966023e+02 +2.8792186e+05 +4.8664602e+00 +1.0073537e+00 
+4.4280066e+02 +2.6373745e+05 +4.8345202e+00 +9.2933053e-01 
+4.4598628e+02 +2.4203574e+05 +4.7984222e+00 +8.5899600e-01 
+4.4921806e+02 +2.2265835e+05 +4.7597059e+00 +7.9595100e-01 
+4.5249703e+02 +2.0539874e+05 +4.7195628e+00 +7.3961148e-01 
+4.5582421e+02 +1.9003466e+05 +4.6788824e+00 +6.8931917e-01 
+4.5920069e+02 +1.7634788e+05 +4.6383097e+00 +6.4441096e-01 
+4.6262756e+02 +1.6413493e+05 +4.5982986e+00 +6.0425832e-01 
+4.6610596e+02 +1.5321198e+05 +4.5591591e+00 +5.6828674e-01 
+4.6963707e+02 +1.4341629e+05 +4.5210940e+00 +5.3598295e-01 
+4.7322208e+02 +1.3460549e+05 +4.4842283e+00 +5.0689488e-01 
+4.7686225e+02 +1.2665605e+05 +4.4486310e+00 +4.8062795e-01 
+4.8055886e+02 +1.1946123e+05 +4.4143315e+00 +4.5683958e-01 
+4.8431323e+02 +1.1292900e+05 +4.3813313e+00 +4.3523314e-01 
+4.8812672e+02 +1.0698003e+05 +4.3496131e+00 +4.1555203e-01 
+4.9200074e+02 +1.0154589e+05 +4.3191471e+00 +3.9757424e-01 
+4.9593674e+02 +9.6567490e+04 +4.2898955e+00 +3.8110739e-01 
+4.9993623e+02 +9.1993663e+04 +4.2618156e+00 +3.6598448e-01 
+5.0400076e+02 +8.7780000e+04 +4.2348623e+00 +3.5206017e-01 
+5.0813191e+02 +8.3887842e+04 +4.2089896e+00 +3.3920764e-01 
+5.1233135e+02 +8.0283432e+04 +4.1841521e+00 +3.2731582e-01 
+5.1660077e+02 +7.6937191e+04 +4.1603050e+00 +3.1628712e-01 
+5.2094196e+02 +7.3823112e+04 +4.1374055e+00 +3.0603551e-01 
+5.2535672e+02 +7.0918249e+04 +4.1154123e+00 +2.9648480e-01 
+5.2984695e+02 +6.8202274e+04 +4.0942863e+00 +2.8756725e-01 
+5.3441459e+02 +6.5657117e+04 +4.0739907e+00 +2.7922240e-01 
+5.3906168e+02 +6.3266644e+04 +4.0544906e+00 +2.7139597e-01 
+5.4379029e+02 +6.1016396e+04 +4.0357533e+00 +2.6403904e-01 
+5.4860259e+02 +5.8893355e+04 +4.0177483e+00 +2.5710723e-01 
+5.5350083e+02 +5.6885747e+04 +4.0004469e+00 +2.5056008e-01 
+5.5848732e+02 +5.4982873e+04 +3.9838227e+00 +2.4436043e-01 
+5.6356448e+02 +5.3174955e+04 +3.9678507e+00 +2.3847392e-01 
+5.6873480e+02 +5.1453012e+04 +3.9525078e+00 +2.3286850e-01 
+5.7400086e+02 +4.9808732e+04 +3.9377727e+00 +2.2751402e-01 
+5.7936535e+02 +4.8234373e+04 +3.9236255e+00 +2.2238183e-01 
+5.8483106e+02 +4.6722663e+04 +3.9100479e+00 +2.1744436e-01 
+5.9040088e+02 +4.5266698e+04 +3.8970227e+00 +2.1267476e-01 
+5.9607782e+02 +4.3859856e+04 +3.8845342e+00 +2.0804644e-01 
+6.0186498e+02 +4.2495691e+04 +3.8725681e+00 +2.0353266e-01 
+6.0776562e+02 +4.1167827e+04 +3.8611110e+00 +1.9910593e-01 
+6.1378310e+02 +3.9869821e+04 +3.8501505e+00 +1.9473739e-01 
+6.1992093e+02 +3.8595003e+04 +3.8396755e+00 +1.9039586e-01 
+6.2618276e+02 +3.7336234e+04 +3.8296756e+00 +1.8604660e-01 
+6.3257238e+02 +3.6085568e+04 +3.8201413e+00 +1.8164937e-01 
+6.3909374e+02 +3.4833692e+04 +3.8110637e+00 +1.7715532e-01 
+6.4575097e+02 +3.3568934e+04 +3.8024343e+00 +1.7250145e-01 
+6.5254835e+02 +3.2275309e+04 +3.7942449e+00 +1.6759970e-01 
+6.5949035e+02 +3.0928019e+04 +3.7864863e+00 +1.6231202e-01 
+6.6658164e+02 +2.9480416e+04 +3.7791458e+00 +1.5637852e-01 
+6.7382710e+02 +2.7805057e+04 +3.7721960e+00 +1.4909477e-01 
+6.8123179e+02 +2.5384414e+04 +3.7604004e+00 +1.3761069e-01 
+6.8880103e+02 +2.4587772e+04 +3.7479054e+00 +1.3477306e-01 
+6.9654037e+02 +2.3777140e+04 +3.7380485e+00 +1.3179412e-01 
+7.0445560e+02 +2.2959170e+04 +3.7292842e+00 +1.2870634e-01 
+7.1255279e+02 +2.2131726e+04 +3.7212722e+00 +1.2549386e-01 
+7.2083829e+02 +2.1290733e+04 +3.7138700e+00 +1.2212894e-01 
+7.2931874e+02 +2.0430905e+04 +3.7070029e+00 +1.1857554e-01 
+7.3800111e+02 +1.9545732e+04 +3.7006260e+00 +1.1478868e-01 
+7.4689269e+02 +1.8627170e+04 +3.6947109e+00 +1.1071213e-01 
+7.5600113e+02 +1.7665046e+04 +3.6892383e+00 +1.0627408e-01 
+7.6533448e+02 +1.6646029e+04 +3.6841952e+00 +1.0137995e-01 
+7.7490116e+02 +1.5551793e+04 +3.6795726e+00 +9.5899627e-02 
+7.8471004e+02 +1.4355487e+04 +3.6753644e+00 +8.9643181e-02 
+7.9477042e+02 +1.3014062e+04 +3.6715662e+00 +8.2308502e-02 
+8.0509212e+02 +1.1448343e+04 +3.6681741e+00 +7.3346324e-02 
+8.1568543e+02 +9.4718144e+03 +3.6651808e+00 +6.1481722e-02 
+8.2656124e+02 +6.1769957e+03 +3.6625460e+00 +4.0629593e-02 
+8.3773098e+02 +3.9833008e+03 +3.6315497e+00 +2.6554481e-02 
+8.4920675e+02 +3.7771810e+03 +3.6146057e+00 +2.5525330e-02 
+8.6100129e+02 +3.5780521e+03 +3.6010557e+00 +2.4515491e-02 
+8.7312807e+02 +3.3875163e+03 +3.5891701e+00 +2.3536912e-02 
+8.8560133e+02 +3.2058285e+03 +3.5783442e+00 +2.2592728e-02 
+8.9843613e+02 +3.0328771e+03 +3.5682832e+00 +2.1683638e-02 
+9.1164842e+02 +2.8684117e+03 +3.5588175e+00 +2.0809374e-02 
+9.2525512e+02 +2.7121231e+03 +3.5498389e+00 +1.9969217e-02 
+9.3927413e+02 +2.5636774e+03 +3.5412733e+00 +1.9162222e-02 
+9.5372451e+02 +2.4227333e+03 +3.5330672e+00 +1.8387331e-02 
+9.6862645e+02 +2.2889508e+03 +3.5251803e+00 +1.7643426e-02 
+9.8400147e+02 +2.1619964e+03 +3.5175813e+00 +1.6929372e-02 
+9.9987247e+02 +2.0415455e+03 +3.5102454e+00 +1.6244031e-02 
+1.0162638e+03 +1.9272845e+03 +3.5031523e+00 +1.5586278e-02 
+1.0332015e+03 +1.8189114e+03 +3.4962850e+00 +1.4955010e-02 
+1.0507134e+03 +1.7161363e+03 +3.4896293e+00 +1.4349151e-02 
+1.0688292e+03 +1.6186815e+03 +3.4831730e+00 +1.3767651e-02 
+1.0875806e+03 +1.5262814e+03 +3.4769056e+00 +1.3209495e-02 
+1.1070017e+03 +1.4386825e+03 +3.4708179e+00 +1.2673699e-02 
+1.1271290e+03 +1.3556427e+03 +3.4649017e+00 +1.2159312e-02 
+1.1480017e+03 +1.2769315e+03 +3.4591496e+00 +1.1665417e-02 
+1.1696621e+03 +1.2023291e+03 +3.4535554e+00 +1.1191130e-02 
+1.1921556e+03 +1.1316266e+03 +3.4481129e+00 +1.0735598e-02 
+1.2155312e+03 +1.0646250e+03 +3.4428170e+00 +1.0298001e-02 
+1.2398419e+03 +1.0011355e+03 +3.4376627e+00 +9.8775516e-03 
+1.2651448e+03 +9.4097847e+02 +3.4326456e+00 +9.4734909e-03 
+1.2915019e+03 +8.8398333e+02 +3.4277616e+00 +9.0850908e-03 
+1.3189807e+03 +8.2998824e+02 +3.4230068e+00 +8.7116520e-03 
+1.3476542e+03 +7.7883965e+02 +3.4183779e+00 +8.3525033e-03 
+1.3776021e+03 +7.3039191e+02 +3.4138714e+00 +8.0070009e-03 
+1.4089112e+03 +6.8450698e+02 +3.4094843e+00 +7.6745274e-03 
+1.4416766e+03 +6.4105404e+02 +3.4052138e+00 +7.3544909e-03 
+1.4760022e+03 +5.9990917e+02 +3.4010573e+00 +7.0463246e-03 
+1.5120023e+03 +5.6095507e+02 +3.3970121e+00 +6.7494853e-03 
+1.5498023e+03 +5.2408070e+02 +3.3930760e+00 +6.4634532e-03 
+1.5895408e+03 +4.8918100e+02 +3.3892467e+00 +6.1877307e-03 
+1.6313709e+03 +4.5615660e+02 +3.3855222e+00 +5.9218418e-03 
+1.6754620e+03 +4.2491359e+02 +3.3819004e+00 +5.6653315e-03 
+1.7220026e+03 +3.9536316e+02 +3.3783794e+00 +5.4177647e-03 
+1.7712027e+03 +3.6742145e+02 +3.3749576e+00 +5.1787256e-03 
+1.8232968e+03 +3.4100923e+02 +3.3716332e+00 +4.9478172e-03 
+1.8785483e+03 +3.1605168e+02 +3.3684047e+00 +4.7246604e-03 
+1.9372529e+03 +2.9247820e+02 +3.3652704e+00 +4.5088934e-03 
+1.9997449e+03 +2.7022216e+02 +3.3622291e+00 +4.3001708e-03 
+2.0664031e+03 +2.4922070e+02 +3.3592793e+00 +4.0981635e-03 
+2.1376584e+03 +2.2941451e+02 +3.3564197e+00 +3.9025576e-03 
+2.2140033e+03 +2.1074770e+02 +3.3536491e+00 +3.7130539e-03 
+2.2960034e+03 +1.9316757e+02 +3.3509664e+00 +3.5293675e-03 
+2.3843113e+03 +1.7662442e+02 +3.3483704e+00 +3.3512270e-03 
+2.4796837e+03 +1.6107145e+02 +3.3458601e+00 +3.1783740e-03 
