# title     = ank file for AlGaAs (x=0.15) after Djurisic
# reference = A.B.Djurisic et.al.J.Appl.Phys Vol.86 Nr.1 1999
# columns   = wavelength,absorption,n,k
# history   = created 19.9.2002 - 12:40 by letay
# units     = nm,cm^-1,1,1
# dataType  = list
+2.0664031e+02 +1.4928914e+06 +1.2212328e+00 +2.4548977e+00 
+2.0733141e+02 +1.4963820e+06 +1.2265426e+00 +2.4688672e+00 
+2.0802716e+02 +1.4999775e+06 +1.2319650e+00 +2.4831041e+00 
+2.0872759e+02 +1.5036822e+06 +1.2375061e+00 +2.4976182e+00 
+2.0943275e+02 +1.5075006e+06 +1.2431725e+00 +2.5124198e+00 
+2.1014269e+02 +1.5114372e+06 +1.2489712e+00 +2.5275195e+00 
+2.1085746e+02 +1.5154970e+06 +1.2549098e+00 +2.5429286e+00 
+2.1157711e+02 +1.5196851e+06 +1.2609965e+00 +2.5586590e+00 
+2.1230169e+02 +1.5240069e+06 +1.2672402e+00 +2.5747230e+00 
+2.1303125e+02 +1.5284680e+06 +1.2736503e+00 +2.5911336e+00 
+2.1376584e+02 +1.5330744e+06 +1.2802373e+00 +2.6079044e+00 
+2.1450551e+02 +1.5378322e+06 +1.2870122e+00 +2.6250498e+00 
+2.1525032e+02 +1.5427481e+06 +1.2939871e+00 +2.6425850e+00 
+2.1600032e+02 +1.5478287e+06 +1.3011752e+00 +2.6605256e+00 
+2.1675557e+02 +1.5530814e+06 +1.3085907e+00 +2.6788885e+00 
+2.1751612e+02 +1.5585137e+06 +1.3162490e+00 +2.6976910e+00 
+2.1828202e+02 +1.5641335e+06 +1.3241669e+00 +2.7169516e+00 
+2.1905333e+02 +1.5699491e+06 +1.3323626e+00 +2.7366898e+00 
+2.1983012e+02 +1.5759694e+06 +1.3408561e+00 +2.7569260e+00 
+2.2061243e+02 +1.5822036e+06 +1.3496690e+00 +2.7776816e+00 
+2.2140033e+02 +1.5886612e+06 +1.3588251e+00 +2.7989794e+00 
+2.2219388e+02 +1.5953527e+06 +1.3683502e+00 +2.8208432e+00 
+2.2299314e+02 +1.6022886e+06 +1.3782728e+00 +2.8432981e+00 
+2.2379817e+02 +1.6094803e+06 +1.3886239e+00 +2.8663706e+00 
+2.2460903e+02 +1.6169397e+06 +1.3994378e+00 +2.8900888e+00 
+2.2542579e+02 +1.6246793e+06 +1.4107519e+00 +2.9144820e+00 
+2.2624851e+02 +1.6327122e+06 +1.4226077e+00 +2.9395815e+00 
+2.2707726e+02 +1.6410523e+06 +1.4350509e+00 +2.9654199e+00 
+2.2791211e+02 +1.6497141e+06 +1.4481319e+00 +2.9920319e+00 
+2.2875311e+02 +1.6587131e+06 +1.4619068e+00 +3.0194540e+00 
+2.2960034e+02 +1.6680653e+06 +1.4764377e+00 +3.0477246e+00 
+2.3045388e+02 +1.6777878e+06 +1.4917941e+00 +3.0768844e+00 
+2.3131378e+02 +1.6878983e+06 +1.5080532e+00 +3.1069761e+00 
+2.3218012e+02 +1.6984156e+06 +1.5253020e+00 +3.1380448e+00 
+2.3305298e+02 +1.7093593e+06 +1.5436381e+00 +3.1701378e+00 
+2.3393243e+02 +1.7207497e+06 +1.5631718e+00 +3.2033049e+00 
+2.3481853e+02 +1.7326083e+06 +1.5840285e+00 +3.2375978e+00 
+2.3571138e+02 +1.7449567e+06 +1.6063509e+00 +3.2730704e+00 
+2.3661104e+02 +1.7578174e+06 +1.6303029e+00 +3.3097783e+00 
+2.3751760e+02 +1.7712124e+06 +1.6560739e+00 +3.3477774e+00 
+2.3843113e+02 +1.7851631e+06 +1.6838836e+00 +3.3871232e+00 
+2.3935171e+02 +1.7996890e+06 +1.7139892e+00 +3.4278683e+00 
+2.4027943e+02 +1.8148052e+06 +1.7466943e+00 +3.4700582e+00 
+2.4121437e+02 +1.8305201e+06 +1.7823587e+00 +3.5137254e+00 
+2.4215661e+02 +1.8468297e+06 +1.8214129e+00 +3.5588798e+00 
+2.4310625e+02 +1.8637099e+06 +1.8643737e+00 +3.6054922e+00 
+2.4406336e+02 +1.8811043e+06 +1.9118633e+00 +3.6534704e+00 
+2.4502804e+02 +1.8989049e+06 +1.9646295e+00 +3.7026200e+00 
+2.4600037e+02 +1.9169231e+06 +2.0235623e+00 +3.7525853e+00 
+2.4698045e+02 +1.9348463e+06 +2.0896993e+00 +3.8027623e+00 
+2.4796837e+02 +1.9521780e+06 +2.1641992e+00 +3.8521736e+00 
+2.4896423e+02 +1.9681589e+06 +2.2482529e+00 +3.8993053e+00 
+2.4996812e+02 +1.9816808e+06 +2.3428789e+00 +3.9419258e+00 
+2.5098013e+02 +1.9912274e+06 +2.4485434e+00 +3.9769518e+00 
+2.5200038e+02 +1.9949149e+06 +2.5645723e+00 +4.0005131e+00 
+2.5302895e+02 +1.9907451e+06 +2.6884560e+00 +4.0084457e+00 
+2.5406595e+02 +1.9771575e+06 +2.8154021e+00 +3.9974024e+00 
+2.5511149e+02 +1.9537868e+06 +2.9387339e+00 +3.9664074e+00 
+2.5616567e+02 +1.9220263e+06 +3.0515274e+00 +3.9180538e+00 
+2.5722860e+02 +1.8848761e+06 +3.1489763e+00 +3.8582662e+00 
+2.5830039e+02 +1.8459696e+06 +3.2300675e+00 +3.7943704e+00 
+2.5938114e+02 +1.8083440e+06 +3.2974725e+00 +3.7325839e+00 
+2.6047098e+02 +1.7736766e+06 +3.3559540e+00 +3.6764098e+00 
+2.6157001e+02 +1.7422289e+06 +3.4104905e+00 +3.6264634e+00 
+2.6267836e+02 +1.7132407e+06 +3.4650185e+00 +3.5812350e+00 
+2.6379614e+02 +1.6854198e+06 +3.5219436e+00 +3.5380720e+00 
+2.6492347e+02 +1.6573320e+06 +3.5821527e+00 +3.4939774e+00 
+2.6606048e+02 +1.6276598e+06 +3.6452391e+00 +3.4461497e+00 
+2.6720730e+02 +1.5953652e+06 +3.7097869e+00 +3.3923337e+00 
+2.6836404e+02 +1.5597935e+06 +3.7736762e+00 +3.3310532e+00 
+2.6953084e+02 +1.5207309e+06 +3.8344134e+00 +3.2617521e+00 
+2.7070783e+02 +1.4784104e+06 +3.8894856e+00 +3.1848279e+00 
+2.7189514e+02 +1.4334597e+06 +3.9367026e+00 +3.1015378e+00 
+2.7309292e+02 +1.3867914e+06 +3.9744704e+00 +3.0137811e+00 
+2.7430130e+02 +1.3394603e+06 +4.0019428e+00 +2.9238011e+00 
+2.7552041e+02 +1.2925183e+06 +4.0190315e+00 +2.8338745e+00 
+2.7675041e+02 +1.2468971e+06 +4.0262959e+00 +2.7460537e+00 
+2.7799145e+02 +1.2033358e+06 +4.0247617e+00 +2.6620023e+00 
+2.7924366e+02 +1.1623551e+06 +4.0157224e+00 +2.5829280e+00 
+2.8050721e+02 +1.1242669e+06 +4.0005655e+00 +2.5095948e+00 
+2.8178224e+02 +1.0892063e+06 +3.9806424e+00 +2.4423837e+00 
+2.8306892e+02 +1.0571716e+06 +3.9571868e+00 +2.3813751e+00 
+2.8436740e+02 +1.0280644e+06 +3.9312733e+00 +2.3264315e+00 
+2.8567785e+02 +1.0017238e+06 +3.9038054e+00 +2.2772709e+00 
+2.8700043e+02 +9.7795306e+05 +3.8755221e+00 +2.2335244e+00 
+2.8833532e+02 +9.5653948e+05 +3.8470146e+00 +2.1947794e+00 
+2.8968268e+02 +9.3726800e+05 +3.8187464e+00 +2.1606103e+00 
+2.9104269e+02 +9.1992986e+05 +3.7910749e+00 +2.1305982e+00 
+2.9241553e+02 +9.0432788e+05 +3.7642705e+00 +2.1043428e+00 
+2.9380139e+02 +8.9027923e+05 +3.7385336e+00 +2.0814703e+00 
+2.9520044e+02 +8.7761649e+05 +3.7140093e+00 +2.0616356e+00 
+2.9661288e+02 +8.6618778e+05 +3.6907988e+00 +2.0445240e+00 
+2.9803891e+02 +8.5585617e+05 +3.6689694e+00 +2.0298497e+00 
+2.9947871e+02 +8.4649872e+05 +3.6485618e+00 +2.0173553e+00 
+3.0093249e+02 +8.3800538e+05 +3.6295967e+00 +2.0068089e+00 
+3.0240045e+02 +8.3027789e+05 +3.6120789e+00 +1.9980026e+00 
+3.0388281e+02 +8.2322858e+05 +3.5960019e+00 +1.9907499e+00 
+3.0537977e+02 +8.1677934e+05 +3.5813503e+00 +1.9848841e+00 
+3.0689155e+02 +8.1086064e+05 +3.5681024e+00 +1.9802557e+00 
+3.0841837e+02 +8.0541057e+05 +3.5562319e+00 +1.9767316e+00 
+3.0996046e+02 +8.0037412e+05 +3.5457094e+00 +1.9741924e+00 
+3.1151805e+02 +7.9570238e+05 +3.5365037e+00 +1.9725318e+00 
+3.1309138e+02 +7.9135198e+05 +3.5285825e+00 +1.9716551e+00 
+3.1468067e+02 +7.8728448e+05 +3.5219130e+00 +1.9714778e+00 
+3.1628619e+02 +7.8346591e+05 +3.5164629e+00 +1.9719253e+00 
+3.1790817e+02 +7.7986635e+05 +3.5122004e+00 +1.9729315e+00 
+3.1954687e+02 +7.7645957e+05 +3.5090949e+00 +1.9744382e+00 
+3.2120255e+02 +7.7322270e+05 +3.5071172e+00 +1.9763949e+00 
+3.2287548e+02 +7.7013599e+05 +3.5062399e+00 +1.9787577e+00 
+3.2456593e+02 +7.6718262e+05 +3.5064377e+00 +1.9814897e+00 
+3.2627417e+02 +7.6434846e+05 +3.5076878e+00 +1.9845600e+00 
+3.2800049e+02 +7.6162201e+05 +3.5099701e+00 +1.9879439e+00 
+3.2974517e+02 +7.5899424e+05 +3.5132678e+00 +1.9916227e+00 
+3.3150852e+02 +7.5645857e+05 +3.5175679e+00 +1.9955838e+00 
+3.3329082e+02 +7.5401082e+05 +3.5228618e+00 +1.9998207e+00 
+3.3509239e+02 +7.5164918e+05 +3.5291466e+00 +2.0043331e+00 
+3.3691355e+02 +7.4937422e+05 +3.5364256e+00 +2.0091269e+00 
+3.3875461e+02 +7.4718890e+05 +3.5447103e+00 +2.0142147e+00 
+3.4061589e+02 +7.4509855e+05 +3.5540222e+00 +2.0196158e+00 
+3.4249775e+02 +7.4311075e+05 +3.5643953e+00 +2.0253562e+00 
+3.4440052e+02 +7.4123517e+05 +3.5758793e+00 +2.0314678e+00 
+3.4632454e+02 +7.3948312e+05 +3.5885439e+00 +2.0379882e+00 
+3.4827018e+02 +7.3786674e+05 +3.6024840e+00 +2.0449579e+00 
+3.5023781e+02 +7.3639766e+05 +3.6178263e+00 +2.0524168e+00 
+3.5222780e+02 +7.3508467e+05 +3.6347368e+00 +2.0603981e+00 
+3.5424053e+02 +7.3393002e+05 +3.6534297e+00 +2.0689169e+00 
+3.5627640e+02 +7.3292374e+05 +3.6741749e+00 +2.0779542e+00 
+3.5833580e+02 +7.3203531e+05 +3.6973031e+00 +2.0874321e+00 
+3.6041914e+02 +7.3120212e+05 +3.7232033e+00 +2.0971786e+00 
+3.6252686e+02 +7.3031492e+05 +3.7523034e+00 +2.1068834e+00 
+3.6465937e+02 +7.2920238e+05 +3.7850247e+00 +2.1160484e+00 
+3.6681712e+02 +7.2761993e+05 +3.8216958e+00 +2.1239501e+00 
+3.6900055e+02 +7.2525293e+05 +3.8624249e+00 +2.1296422e+00 
+3.7121014e+02 +7.2174777e+05 +3.9069462e+00 +2.1320403e+00 
+3.7344634e+02 +7.1678070e+05 +3.9545031e+00 +2.1301228e+00 
+3.7570965e+02 +7.1015702e+05 +4.0038608e+00 +2.1232292e+00 
+3.7800057e+02 +7.0190510e+05 +4.0535313e+00 +2.1113537e+00 
+3.8031959e+02 +6.9231004e+05 +4.1021904e+00 +2.0952674e+00 
+3.8266724e+02 +6.8185043e+05 +4.1491309e+00 +2.0763499e+00 
+3.8504406e+02 +6.7105386e+05 +4.1945429e+00 +2.0561649e+00 
+3.8745058e+02 +6.6033126e+05 +4.2395067e+00 +2.0359556e+00 
+3.8988738e+02 +6.4984865e+05 +4.2857384e+00 +2.0162368e+00 
+3.9235502e+02 +6.3945906e+05 +4.3352088e+00 +1.9965588e+00 
+3.9485409e+02 +6.2868730e+05 +4.3897197e+00 +1.9754292e+00 
+3.9738521e+02 +6.1675832e+05 +4.4504568e+00 +1.9503693e+00 
+3.9994899e+02 +6.0267802e+05 +4.5175196e+00 +1.9181391e+00 
+4.0254606e+02 +5.8538934e+05 +4.5894910e+00 +1.8752127e+00 
+4.0517708e+02 +5.6401281e+05 +4.6632264e+00 +1.8185447e+00 
+4.0784272e+02 +5.3812746e+05 +4.7341025e+00 +1.7464976e+00 
+4.1054366e+02 +5.0798315e+05 +4.7968452e+00 +1.6595823e+00 
+4.1328062e+02 +4.7452196e+05 +4.8467365e+00 +1.5605996e+00 
+4.1605431e+02 +4.3917019e+05 +4.8807027e+00 +1.4540288e+00 
+4.1886549e+02 +4.0349303e+05 +4.8978133e+00 +1.3449333e+00 
+4.2171492e+02 +3.6887035e+05 +4.8990742e+00 +1.2378923e+00 
+4.2460338e+02 +3.3630718e+05 +4.8867722e+00 +1.1363437e+00 
+4.2753167e+02 +3.0639505e+05 +4.8637399e+00 +1.0424139e+00 
+4.3050064e+02 +2.7937423e+05 +4.8327914e+00 +9.5708451e-01 
+4.3351114e+02 +2.5523460e+05 +4.7963989e+00 +8.8050117e-01 
+4.3656403e+02 +2.3381269e+05 +4.7565684e+00 +8.1228076e-01 
+4.3966023e+02 +2.1486669e+05 +4.7148406e+00 +7.5175514e-01 
+4.4280066e+02 +1.9812679e+05 +4.6723506e+00 +6.9813850e-01 
+4.4598628e+02 +1.8332546e+05 +4.6299069e+00 +6.5063048e-01 
+4.4921806e+02 +1.7021355e+05 +4.5880674e+00 +6.0847323e-01 
+4.5249703e+02 +1.5856741e+05 +4.5472038e+00 +5.7097855e-01 
+4.5582421e+02 +1.4819071e+05 +4.5075525e+00 +5.3753717e-01 
+4.5920069e+02 +1.3891345e+05 +4.4692539e+00 +5.0761794e-01 
+4.6262756e+02 +1.3058962e+05 +4.4323807e+00 +4.8076217e-01 
+4.6610596e+02 +1.2309432e+05 +4.3969588e+00 +4.5657572e-01 
+4.6963707e+02 +1.1632094e+05 +4.3629826e+00 +4.3472080e-01 
+4.7322208e+02 +1.1017845e+05 +4.3304255e+00 +4.1490798e-01 
+4.7686225e+02 +1.0458901e+05 +4.2992477e+00 +3.9688906e-01 
+4.8055886e+02 +9.9485951e+04 +4.2694011e+00 +3.8045078e-01 
+4.8431323e+02 +9.4811982e+04 +4.2408334e+00 +3.6540938e-01 
+4.8812672e+02 +9.0517718e+04 +4.2134905e+00 +3.5160602e-01 
+4.9200074e+02 +8.6560434e+04 +4.1873182e+00 +3.3890292e-01 
+4.9593674e+02 +8.2903024e+04 +4.1622633e+00 +3.2718004e-01 
+4.9993623e+02 +7.9513129e+04 +4.1382746e+00 +3.1633234e-01 
+5.0400076e+02 +7.6362409e+04 +4.1153031e+00 +3.0626752e-01 
+5.0813191e+02 +7.3425934e+04 +4.0933023e+00 +2.9690403e-01 
+5.1233135e+02 +7.0681675e+04 +4.0722285e+00 +2.8816942e-01 
+5.1660077e+02 +6.8110067e+04 +4.0520404e+00 +2.7999901e-01 
+5.2094196e+02 +6.5693653e+04 +4.0326998e+00 +2.7233464e-01 
+5.2535672e+02 +6.3416770e+04 +4.0141708e+00 +2.6512369e-01 
+5.2984695e+02 +6.1265282e+04 +3.9964200e+00 +2.5831820e-01 
+5.3441459e+02 +5.9226359e+04 +3.9794163e+00 +2.5187408e-01 
+5.3906168e+02 +5.7288270e+04 +3.9631309e+00 +2.4575044e-01 
+5.4379029e+02 +5.5440211e+04 +3.9475372e+00 +2.3990895e-01 
+5.4860259e+02 +5.3672146e+04 +3.9326104e+00 +2.3431331e-01 
+5.5350083e+02 +5.1974659e+04 +3.9183277e+00 +2.2892860e-01 
+5.5848732e+02 +5.0338809e+04 +3.9046677e+00 +2.2372081e-01 
+5.6356448e+02 +4.8755990e+04 +3.8916111e+00 +2.1865617e-01 
+5.6873480e+02 +4.7217779e+04 +3.8791397e+00 +2.1370048e-01 
+5.7400086e+02 +4.5715753e+04 +3.8672368e+00 +2.0881830e-01 
+5.7936535e+02 +4.4241276e+04 +3.8558871e+00 +2.0397188e-01 
+5.8483106e+02 +4.2785200e+04 +3.8450763e+00 +1.9911966e-01 
+5.9040088e+02 +4.1337425e+04 +3.8347912e+00 +1.9421401e-01 
+5.9607782e+02 +3.9886203e+04 +3.8250193e+00 +1.8919767e-01 
+6.0186498e+02 +3.8416903e+04 +3.8157488e+00 +1.8399735e-01 
+6.0776562e+02 +3.6909555e+04 +3.8069679e+00 +1.7851104e-01 
+6.1378310e+02 +3.5333201e+04 +3.7986639e+00 +1.7257904e-01 
+6.1992093e+02 +3.3629369e+04 +3.7908195e+00 +1.6589953e-01 
+6.2618276e+02 +3.1635832e+04 +3.7833991e+00 +1.5764148e-01 
+6.3257238e+02 +2.8789064e+04 +3.7701290e+00 +1.4491986e-01 
+6.3909374e+02 +2.7877687e+04 +3.7565733e+00 +1.4177885e-01 
+6.4575097e+02 +2.6949416e+04 +3.7458724e+00 +1.3848558e-01 
+6.5254835e+02 +2.6007799e+04 +3.7363821e+00 +1.3505368e-01 
+6.5949035e+02 +2.5049929e+04 +3.7277249e+00 +1.3146347e-01 
+6.6658164e+02 +2.4070407e+04 +3.7197398e+00 +1.2768119e-01 
+6.7382710e+02 +2.3062193e+04 +3.7123410e+00 +1.2366284e-01 
+6.8123179e+02 +2.2016512e+04 +3.7054762e+00 +1.1935306e-01 
+6.8880103e+02 +2.0922343e+04 +3.6991112e+00 +1.1468173e-01 
+6.9654037e+02 +1.9765440e+04 +3.6932221e+00 +1.0955770e-01 
+7.0445560e+02 +1.8526599e+04 +3.6877920e+00 +1.0385788e-01 
+7.1255279e+02 +1.7178411e+04 +3.6828083e+00 +9.7407003e-02 
+7.2083829e+02 +1.5678554e+04 +3.6782612e+00 +8.9936087e-02 
+7.2931874e+02 +1.3953666e+04 +3.6741425e+00 +8.0983370e-02 
+7.3800111e+02 +1.1849557e+04 +3.6704426e+00 +6.9590390e-02 
+7.4689269e+02 +8.8700004e+03 +3.6671393e+00 +5.2719585e-02 
+7.5600113e+02 +4.4535356e+03 +3.6414814e+00 +2.6792764e-02 
+7.6533448e+02 +4.2464790e+03 +3.6197553e+00 +2.5862493e-02 
+7.7490116e+02 +4.0438371e+03 +3.6037632e+00 +2.4936190e-02 
+7.8471004e+02 +3.8494950e+03 +3.5900623e+00 +2.4038264e-02 
+7.9477042e+02 +3.6641010e+03 +3.5777196e+00 +2.3173908e-02 
+8.0509212e+02 +3.4876353e+03 +3.5663204e+00 +2.2344301e-02 
+8.1568543e+02 +3.3198496e+03 +3.5556380e+00 +2.1549205e-02 
+8.2656124e+02 +3.1604040e+03 +3.5455324e+00 +2.0787764e-02 
+8.3773098e+02 +3.0089215e+03 +3.5359098e+00 +2.0058829e-02 
+8.4920675e+02 +2.8650136e+03 +3.5267033e+00 +1.9361110e-02 
+8.6100129e+02 +2.7282936e+03 +3.5178636e+00 +1.8693260e-02 
+8.7312807e+02 +2.5983839e+03 +3.5093523e+00 +1.8053915e-02 
+8.8560133e+02 +2.4749191e+03 +3.5011394e+00 +1.7441724e-02 
+8.9843613e+02 +2.3575488e+03 +3.4932004e+00 +1.6855360e-02 
+9.1164842e+02 +2.2459385e+03 +3.4855151e+00 +1.6293538e-02 
+9.2525512e+02 +2.1397698e+03 +3.4780663e+00 +1.5755010e-02 
+9.3927413e+02 +2.0387405e+03 +3.4708397e+00 +1.5238579e-02 
+9.5372451e+02 +1.9425647e+03 +3.4638227e+00 +1.4743091e-02 
+9.6862645e+02 +1.8509717e+03 +3.4570043e+00 +1.4267446e-02 
+9.8400147e+02 +1.7637063e+03 +3.4503750e+00 +1.3810588e-02 
+9.9987247e+02 +1.6805278e+03 +3.4439261e+00 +1.3371509e-02 
+1.0162638e+03 +1.6012092e+03 +3.4376499e+00 +1.2949252e-02 
+1.0332015e+03 +1.5255372e+03 +3.4315396e+00 +1.2542901e-02 
+1.0507134e+03 +1.4533111e+03 +3.4255888e+00 +1.2151587e-02 
+1.0688292e+03 +1.3843422e+03 +3.4197919e+00 +1.1774484e-02 
+1.0875806e+03 +1.3184535e+03 +3.4141435e+00 +1.1410808e-02 
+1.1070017e+03 +1.2554788e+03 +3.4086388e+00 +1.1059813e-02 
+1.1271290e+03 +1.1952623e+03 +3.4032735e+00 +1.0720794e-02 
+1.1480017e+03 +1.1376580e+03 +3.3980433e+00 +1.0393083e-02 
+1.1696621e+03 +1.0825289e+03 +3.3929444e+00 +1.0076044e-02 
+1.1921556e+03 +1.0297472e+03 +3.3879733e+00 +9.7690805e-03 
+1.2155312e+03 +9.7919277e+02 +3.3831265e+00 +9.4716241e-03 
+1.2398419e+03 +9.3075367e+02 +3.3784010e+00 +9.1831396e-03 
+1.2651448e+03 +8.8432502e+02 +3.3737937e+00 +8.9031208e-03 
+1.2915019e+03 +8.3980888e+02 +3.3693020e+00 +8.6310902e-03 
+1.3189807e+03 +7.9711371e+02 +3.3649232e+00 +8.3665971e-03 
+1.3476542e+03 +7.5615404e+02 +3.3606548e+00 +8.1092162e-03 
+1.3776021e+03 +7.1685008e+02 +3.3564945e+00 +7.8585471e-03 
+1.4089112e+03 +6.7912734e+02 +3.3524402e+00 +7.6142122e-03 
+1.4416766e+03 +6.4291633e+02 +3.3484896e+00 +7.3758561e-03 
+1.4760022e+03 +6.0815219e+02 +3.3446408e+00 +7.1431442e-03 
+1.5120023e+03 +5.7477445e+02 +3.3408920e+00 +6.9157618e-03 
+1.5498023e+03 +5.4272668e+02 +3.3372413e+00 +6.6934129e-03 
+1.5895408e+03 +5.1195630e+02 +3.3336871e+00 +6.4758192e-03 
+1.6313709e+03 +4.8241423e+02 +3.3302277e+00 +6.2627193e-03 
+1.6754620e+03 +4.5405471e+02 +3.3268615e+00 +6.0538673e-03 
+1.7220026e+03 +4.2683510e+02 +3.3235871e+00 +5.8490328e-03 
+1.7712027e+03 +4.0071558e+02 +3.3204032e+00 +5.6479991e-03 
+1.8232968e+03 +3.7565903e+02 +3.3173082e+00 +5.4505628e-03 
+1.8785483e+03 +3.5163082e+02 +3.3143011e+00 +5.2565334e-03 
+1.9372529e+03 +3.2859861e+02 +3.3113805e+00 +5.0657317e-03 
+1.9997449e+03 +3.0653223e+02 +3.3085453e+00 +4.8779898e-03 
+2.0664031e+03 +2.8540350e+02 +3.3057944e+00 +4.6931504e-03 
+2.1376584e+03 +2.6518607e+02 +3.3031266e+00 +4.5110656e-03 
+2.2140033e+03 +2.4585534e+02 +3.3005411e+00 +4.3315970e-03 
+2.2960034e+03 +2.2738827e+02 +3.2980369e+00 +4.1546144e-03 
+2.3843113e+03 +2.0976333e+02 +3.2956129e+00 +3.9799961e-03 
+2.4796837e+03 +1.9296033e+02 +3.2932684e+00 +3.8076275e-03 
