# title     = ank file for AlGaAs (x=0) after Djurisic
# reference = A.B.Djurisic et.al.J.Appl.Phys Vol.86 Nr.1 1999
# columns   = wavelength,absorption,n,k
# history   = created 19.9.2002 - 12:39 by letay
# units     = nm,cm^-1,1,1
# dataType  = list
+2.0664031e+02 +1.4986102e+06 +1.1560086e+00 +2.4643016e+00 
+2.0733141e+02 +1.5026680e+06 +1.1611830e+00 +2.4792384e+00 
+2.0802716e+02 +1.5068389e+06 +1.1664785e+00 +2.4944626e+00 
+2.0872759e+02 +1.5111275e+06 +1.1719018e+00 +2.5099849e+00 
+2.0943275e+02 +1.5155387e+06 +1.1774602e+00 +2.5258163e+00 
+2.1014269e+02 +1.5200776e+06 +1.1831615e+00 +2.5419686e+00 
+2.1085746e+02 +1.5247496e+06 +1.1890139e+00 +2.5584541e+00 
+2.1157711e+02 +1.5295602e+06 +1.1950265e+00 +2.5752855e+00 
+2.1230169e+02 +1.5345153e+06 +1.2012092e+00 +2.5924764e+00 
+2.1303125e+02 +1.5396213e+06 +1.2075723e+00 +2.6100412e+00 
+2.1376584e+02 +1.5448846e+06 +1.2141274e+00 +2.6279946e+00 
+2.1450551e+02 +1.5503120e+06 +1.2208868e+00 +2.6463526e+00 
+2.1525032e+02 +1.5559109e+06 +1.2278639e+00 +2.6651317e+00 
+2.1600032e+02 +1.5616889e+06 +1.2350732e+00 +2.6843495e+00 
+2.1675557e+02 +1.5676539e+06 +1.2425306e+00 +2.7040243e+00 
+2.1751612e+02 +1.5738145e+06 +1.2502532e+00 +2.7241757e+00 
+2.1828202e+02 +1.5801795e+06 +1.2582597e+00 +2.7448241e+00 
+2.1905333e+02 +1.5867584e+06 +1.2665707e+00 +2.7659912e+00 
+2.1983012e+02 +1.5935610e+06 +1.2752083e+00 +2.7877000e+00 
+2.2061243e+02 +1.6005980e+06 +1.2841970e+00 +2.8099745e+00 
+2.2140033e+02 +1.6078803e+06 +1.2935635e+00 +2.8328404e+00 
+2.2219388e+02 +1.6154196e+06 +1.3033371e+00 +2.8563247e+00 
+2.2299314e+02 +1.6232283e+06 +1.3135500e+00 +2.8804560e+00 
+2.2379817e+02 +1.6313195e+06 +1.3242377e+00 +2.9052645e+00 
+2.2460903e+02 +1.6397069e+06 +1.3354391e+00 +2.9307825e+00 
+2.2542579e+02 +1.6484053e+06 +1.3471974e+00 +2.9570437e+00 
+2.2624851e+02 +1.6574301e+06 +1.3595606e+00 +2.9840844e+00 
+2.2707726e+02 +1.6667977e+06 +1.3725815e+00 +3.0119426e+00 
+2.2791211e+02 +1.6765255e+06 +1.3863193e+00 +3.0406588e+00 
+2.2875311e+02 +1.6866317e+06 +1.4008398e+00 +3.0702759e+00 
+2.2960034e+02 +1.6971359e+06 +1.4162167e+00 +3.1008396e+00 
+2.3045388e+02 +1.7080586e+06 +1.4325328e+00 +3.1323978e+00 
+2.3131378e+02 +1.7194213e+06 +1.4498813e+00 +3.1650017e+00 
+2.3218012e+02 +1.7312470e+06 +1.4683677e+00 +3.1987051e+00 
+2.3305298e+02 +1.7435594e+06 +1.4881120e+00 +3.2335646e+00 
+2.3393243e+02 +1.7563835e+06 +1.5092509e+00 +3.2696397e+00 
+2.3481853e+02 +1.7697448e+06 +1.5319415e+00 +3.3069921e+00 
+2.3571138e+02 +1.7836695e+06 +1.5563650e+00 +3.3456852e+00 
+2.3661104e+02 +1.7981835e+06 +1.5827316e+00 +3.3857833e+00 
+2.3751760e+02 +1.8133114e+06 +1.6112866e+00 +3.4273490e+00 
+2.3843113e+02 +1.8290752e+06 +1.6423185e+00 +3.4704408e+00 
+2.3935171e+02 +1.8454914e+06 +1.6761681e+00 +3.5151081e+00 
+2.4027943e+02 +1.8625674e+06 +1.7132406e+00 +3.5613834e+00 
+2.4121437e+02 +1.8802954e+06 +1.7540200e+00 +3.6092701e+00 
+2.4215661e+02 +1.8986428e+06 +1.7990862e+00 +3.6587248e+00 
+2.4310625e+02 +1.9175387e+06 +1.8491344e+00 +3.7096282e+00 
+2.4406336e+02 +1.9368517e+06 +1.9049944e+00 +3.7617426e+00 
+2.4502804e+02 +1.9563592e+06 +1.9676468e+00 +3.8146484e+00 
+2.4600037e+02 +1.9757019e+06 +2.0382240e+00 +3.8676512e+00 
+2.4698045e+02 +1.9943210e+06 +2.1179819e+00 +3.9196544e+00 
+2.4796837e+02 +2.0113794e+06 +2.2082087e+00 +3.9689937e+00 
+2.4896423e+02 +2.0256730e+06 +2.3100257e+00 +4.0132520e+00 
+2.4996812e+02 +2.0355641e+06 +2.4240233e+00 +4.0491097e+00 
+2.5098013e+02 +2.0389961e+06 +2.5496930e+00 +4.0723574e+00 
+2.5200038e+02 +2.0336908e+06 +2.6847127e+00 +4.0782727e+00 
+2.5302895e+02 +2.0176261e+06 +2.8243438e+00 +4.0625716e+00 
+2.5406595e+02 +1.9897788e+06 +2.9614516e+00 +4.0229202e+00 
+2.5511149e+02 +1.9508660e+06 +3.0876628e+00 +3.9604780e+00 
+2.5616567e+02 +1.9035921e+06 +3.1956031e+00 +3.8804756e+00 
+2.5722860e+02 +1.8520613e+06 +3.2812020e+00 +3.7910957e+00 
+2.5830039e+02 +1.8005762e+06 +3.3447174e+00 +3.7010649e+00 
+2.5938114e+02 +1.7524976e+06 +3.3899912e+00 +3.6173121e+00 
+2.6047098e+02 +1.7097008e+06 +3.4226654e+00 +3.5438031e+00 
+2.6157001e+02 +1.6726592e+06 +3.4484612e+00 +3.4816536e+00 
+2.6267836e+02 +1.6408587e+06 +3.4721400e+00 +3.4299328e+00 
+2.6379614e+02 +1.6132403e+06 +3.4971485e+00 +3.3865511e+00 
+2.6492347e+02 +1.5885281e+06 +3.5256781e+00 +3.3489254e+00 
+2.6606048e+02 +1.5654219e+06 +3.5588738e+00 +3.3143770e+00 
+2.6720730e+02 +1.5426965e+06 +3.5970387e+00 +3.2803406e+00 
+2.6836404e+02 +1.5192543e+06 +3.6397835e+00 +3.2444786e+00 
+2.6953084e+02 +1.4941654e+06 +3.6861262e+00 +3.2047729e+00 
+2.7070783e+02 +1.4667133e+06 +3.7345805e+00 +3.1596296e+00 
+2.7189514e+02 +1.4364441e+06 +3.7832683e+00 +3.1079951e+00 
+2.7309292e+02 +1.4032087e+06 +3.8300851e+00 +3.0494594e+00 
+2.7430130e+02 +1.3671787e+06 +3.8729133e+00 +2.9843055e+00 
+2.7552041e+02 +1.3288231e+06 +3.9098576e+00 +2.9134736e+00 
+2.7675041e+02 +1.2888427e+06 +3.9394532e+00 +2.8384309e+00 
+2.7799145e+02 +1.2480730e+06 +3.9608016e+00 +2.7609691e+00 
+2.7924366e+02 +1.2073775e+06 +3.9736091e+00 +2.6829744e+00 
+2.8050721e+02 +1.1675534e+06 +3.9781316e+00 +2.6062191e+00 
+2.8178224e+02 +1.1292655e+06 +3.9750545e+00 +2.5322106e+00 
+2.8306892e+02 +1.0930131e+06 +3.9653443e+00 +2.4621114e+00 
+2.8436740e+02 +1.0591265e+06 +3.9501066e+00 +2.3967226e+00 
+2.8567785e+02 +1.0277834e+06 +3.9304692e+00 +2.3365135e+00 
+2.8700043e+02 +9.9903710e+05 +3.9075006e+00 +2.2816777e+00 
+2.8833532e+02 +9.7284656e+05 +3.8821606e+00 +2.2321960e+00 
+2.8968268e+02 +9.4910527e+05 +3.8552779e+00 +2.1878979e+00 
+2.9104269e+02 +9.2766519e+05 +3.8275458e+00 +2.1485135e+00 
+2.9241553e+02 +9.0835546e+05 +3.7995297e+00 +2.1137149e+00 
+2.9380139e+02 +8.9099613e+05 +3.7716807e+00 +2.0831464e+00 
+2.9520044e+02 +8.7540755e+05 +3.7443514e+00 +2.0564465e+00 
+2.9661288e+02 +8.6141653e+05 +3.7178122e+00 +2.0332620e+00 
+2.9803891e+02 +8.4886005e+05 +3.6922658e+00 +2.0132569e+00 
+2.9947871e+02 +8.3758717e+05 +3.6678606e+00 +1.9961175e+00 
+3.0093249e+02 +8.2745982e+05 +3.6447012e+00 +1.9815550e+00 
+3.0240045e+02 +8.1835275e+05 +3.6228582e+00 +1.9693056e+00 
+3.0388281e+02 +8.1015306e+05 +3.6023753e+00 +1.9591304e+00 
+3.0537977e+02 +8.0275945e+05 +3.5832755e+00 +1.9508138e+00 
+3.0689155e+02 +7.9608132e+05 +3.5655660e+00 +1.9441622e+00 
+3.0841837e+02 +7.9003783e+05 +3.5492421e+00 +1.9390020e+00 
+3.0996046e+02 +7.8455698e+05 +3.5342901e+00 +1.9351781e+00 
+3.1151805e+02 +7.7957476e+05 +3.5206897e+00 +1.9325517e+00 
+3.1309138e+02 +7.7503430e+05 +3.5084162e+00 +1.9309995e+00 
+3.1468067e+02 +7.7088516e+05 +3.4974417e+00 +1.9304115e+00 
+3.1628619e+02 +7.6708264e+05 +3.4877363e+00 +1.9306899e+00 
+3.1790817e+02 +7.6358722e+05 +3.4792694e+00 +1.9317480e+00 
+3.1954687e+02 +7.6036401e+05 +3.4720098e+00 +1.9335093e+00 
+3.2120255e+02 +7.5738232e+05 +3.4659269e+00 +1.9359061e+00 
+3.2287548e+02 +7.5461522e+05 +3.4609909e+00 +1.9388793e+00 
+3.2456593e+02 +7.5203923e+05 +3.4571732e+00 +1.9423772e+00 
+3.2627417e+02 +7.4963402e+05 +3.4544467e+00 +1.9463553e+00 
+3.2800049e+02 +7.4738214e+05 +3.4527865e+00 +1.9507757e+00 
+3.2974517e+02 +7.4526881e+05 +3.4521698e+00 +1.9556068e+00 
+3.3150852e+02 +7.4328178e+05 +3.4525765e+00 +1.9608226e+00 
+3.3329082e+02 +7.4141114e+05 +3.4539892e+00 +1.9664033e+00 
+3.3509239e+02 +7.3964924e+05 +3.4563941e+00 +1.9723343e+00 
+3.3691355e+02 +7.3799061e+05 +3.4597813e+00 +1.9786066e+00 
+3.3875461e+02 +7.3643185e+05 +3.4641454e+00 +1.9852167e+00 
+3.4061589e+02 +7.3497165e+05 +3.4694862e+00 +1.9921665e+00 
+3.4249775e+02 +7.3361069e+05 +3.4758096e+00 +1.9994636e+00 
+3.4440052e+02 +7.3235161e+05 +3.4831294e+00 +2.0071211e+00 
+3.4632454e+02 +7.3119899e+05 +3.4914677e+00 +2.0151575e+00 
+3.4827018e+02 +7.3015919e+05 +3.5008581e+00 +2.0235968e+00 
+3.5023781e+02 +7.2924019e+05 +3.5113469e+00 +2.0324682e+00 
+3.5222780e+02 +7.2845127e+05 +3.5229968e+00 +2.0418050e+00 
+3.5424053e+02 +7.2780248e+05 +3.5358902e+00 +2.0516436e+00 
+3.5627640e+02 +7.2730383e+05 +3.5501339e+00 +2.0620209e+00 
+3.5833580e+02 +7.2696394e+05 +3.5658635e+00 +2.0729709e+00 
+3.6041914e+02 +7.2678809e+05 +3.5832500e+00 +2.0845187e+00 
+3.6252686e+02 +7.2677529e+05 +3.6025054e+00 +2.0966719e+00 
+3.6465937e+02 +7.2691409e+05 +3.6238884e+00 +2.1094080e+00 
+3.6681712e+02 +7.2717676e+05 +3.6477078e+00 +2.1226565e+00 
+3.6900055e+02 +7.2751171e+05 +3.6743215e+00 +2.1362749e+00 
+3.7121014e+02 +7.2783399e+05 +3.7041263e+00 +2.1500190e+00 
+3.7344634e+02 +7.2801493e+05 +3.7375341e+00 +2.1635086e+00 
+3.7570965e+02 +7.2787268e+05 +3.7749272e+00 +2.1761955e+00 
+3.7800057e+02 +7.2716779e+05 +3.8165880e+00 +2.1873447e+00 
+3.8031959e+02 +7.2560949e+05 +3.8626058e+00 +2.1960478e+00 
+3.8266724e+02 +7.2287928e+05 +3.9127754e+00 +2.2012897e+00 
+3.8504406e+02 +7.1867555e+05 +3.9665218e+00 +2.2020817e+00 
+3.8745058e+02 +7.1277440e+05 +4.0229002e+00 +2.1976501e+00 
+3.8988738e+02 +7.0508953e+05 +4.0807123e+00 +2.1876285e+00 
+3.9235502e+02 +6.9570503e+05 +4.1387390e+00 +2.1721734e+00 
+3.9485409e+02 +6.8485853e+05 +4.1960274e+00 +2.1519276e+00 
+3.9738521e+02 +6.7287226e+05 +4.2521245e+00 +2.1278179e+00 
+3.9994899e+02 +6.6005354e+05 +4.3071661e+00 +2.1007477e+00 
+4.0254606e+02 +6.4659800e+05 +4.3617894e+00 +2.0712860e+00 
+4.0517708e+02 +6.3252301e+05 +4.4169058e+00 +2.0394419e+00 
+4.0784272e+02 +6.1764358e+05 +4.4733951e+00 +2.0045679e+00 
+4.1054366e+02 +6.0159228e+05 +4.5317802e+00 +1.9654036e+00 
+4.1328062e+02 +5.8388155e+05 +4.5919294e+00 +1.9202595e+00 
+4.1605431e+02 +5.6400580e+05 +4.6528420e+00 +1.8673415e+00 
+4.1886549e+02 +5.4157288e+05 +4.7125950e+00 +1.8051846e+00 
+4.2171492e+02 +5.1643780e+05 +4.7685222e+00 +1.7331140e+00 
+4.2460338e+02 +4.8879502e+05 +4.8176403e+00 +1.6515828e+00 
+4.2753167e+02 +4.5918775e+05 +4.8572259e+00 +1.5622435e+00 
+4.3050064e+02 +4.2842174e+05 +4.8853509e+00 +1.4676937e+00 
+4.3351114e+02 +3.9741425e+05 +4.9011913e+00 +1.3709886e+00 
+4.3656403e+02 +3.6703515e+05 +4.9050307e+00 +1.2751044e+00 
+4.3966023e+02 +3.3799059e+05 +4.8980189e+00 +1.1825294e+00 
+4.4280066e+02 +3.1077049e+05 +4.8818221e+00 +1.0950606e+00 
+4.4598628e+02 +2.8565149e+05 +4.8582899e+00 +1.0137903e+00 
+4.4921806e+02 +2.6273352e+05 +4.8292113e+00 +9.3921028e-01 
+4.5249703e+02 +2.4198811e+05 +4.7961715e+00 +8.7136458e-01 
+4.5582421e+02 +2.2330416e+05 +4.7604937e+00 +8.0999872e-01 
+4.5920069e+02 +2.0652460e+05 +4.7232339e+00 +7.5468279e-01 
+4.6262756e+02 +1.9147266e+05 +4.6852074e+00 +7.0490145e-01 
+4.6610596e+02 +1.7796902e+05 +4.6470256e+00 +6.6011439e-01 
+4.6963707e+02 +1.6584204e+05 +4.6091357e+00 +6.1979367e-01 
+4.7322208e+02 +1.5493321e+05 +4.5718564e+00 +5.8344465e-01 
+4.7686225e+02 +1.4509946e+05 +4.5354079e+00 +5.5061607e-01 
+4.8055886e+02 +1.3621357e+05 +4.4999367e+00 +5.2090328e-01 
+4.8431323e+02 +1.2816349e+05 +4.4655341e+00 +4.9394750e-01 
+4.8812672e+02 +1.2085115e+05 +4.4322512e+00 +4.6943288e-01 
+4.9200074e+02 +1.1419100e+05 +4.4001101e+00 +4.4708259e-01 
+4.9593674e+02 +1.0810853e+05 +4.3691119e+00 +4.2665457e-01 
+4.9993623e+02 +1.0253891e+05 +4.3392435e+00 +4.0793731e-01 
+5.0400076e+02 +9.7425630e+04 +4.3104814e+00 +3.9074600e-01 
+5.0813191e+02 +9.2719443e+04 +4.2827958e+00 +3.7491897e-01 
+5.1233135e+02 +8.8377305e+04 +4.2561527e+00 +3.6031457e-01 
+5.1660077e+02 +8.4361530e+04 +4.2305160e+00 +3.4680842e-01 
+5.2094196e+02 +8.0639034e+04 +4.2058482e+00 +3.3429108e-01 
+5.2535672e+02 +7.7180700e+04 +4.1821120e+00 +3.2266595e-01 
+5.2984695e+02 +7.3960821e+04 +4.1592706e+00 +3.1184752e-01 
+5.3441459e+02 +7.0956639e+04 +4.1372883e+00 +3.0175987e-01 
+5.3906168e+02 +6.8147940e+04 +4.1161306e+00 +2.9233535e-01 
+5.4379029e+02 +6.5516710e+04 +4.0957644e+00 +2.8351345e-01 
+5.4860259e+02 +6.3046844e+04 +4.0761585e+00 +2.7523987e-01 
+5.5350083e+02 +6.0723891e+04 +4.0572831e+00 +2.6746565e-01 
+5.5848732e+02 +5.8534842e+04 +4.0391102e+00 +2.6014645e-01 
+5.6356448e+02 +5.6467935e+04 +4.0216135e+00 +2.5324196e-01 
+5.6873480e+02 +5.4512498e+04 +4.0047682e+00 +2.4671527e-01 
+5.7400086e+02 +5.2658805e+04 +3.9885510e+00 +2.4053245e-01 
+5.7936535e+02 +5.0897952e+04 +3.9729404e+00 +2.3466210e-01 
+5.8483106e+02 +4.9221744e+04 +3.9579161e+00 +2.2907493e-01 
+5.9040088e+02 +4.7622602e+04 +3.9434592e+00 +2.2374341e-01 
+5.9607782e+02 +4.6093470e+04 +3.9295524e+00 +2.1864145e-01 
+6.0186498e+02 +4.4627731e+04 +3.9161792e+00 +2.1374404e-01 
+6.0776562e+02 +4.3219135e+04 +3.9033246e+00 +2.0902697e-01 
+6.1378310e+02 +4.1861715e+04 +3.8909747e+00 +2.0446646e-01 
+6.1992093e+02 +4.0549717e+04 +3.8791167e+00 +2.0003881e-01 
+6.2618276e+02 +3.9277510e+04 +3.8677387e+00 +1.9571999e-01 
+6.3257238e+02 +3.8039499e+04 +3.8568298e+00 +1.9148517e-01 
+6.3909374e+02 +3.6830004e+04 +3.8463801e+00 +1.8730806e-01 
+6.4575097e+02 +3.5643118e+04 +3.8363804e+00 +1.8316011e-01 
+6.5254835e+02 +3.4472494e+04 +3.8268226e+00 +1.7900928e-01 
+6.5949035e+02 +3.3311041e+04 +3.8176988e+00 +1.7481826e-01 
+6.6658164e+02 +3.2150412e+04 +3.8090022e+00 +1.7054148e-01 
+6.7382710e+02 +3.0980102e+04 +3.8007260e+00 +1.6611982e-01 
+6.8123179e+02 +2.9785655e+04 +3.7928636e+00 +1.6147013e-01 
+6.8880103e+02 +2.8544481e+04 +3.7854077e+00 +1.5646099e-01 
+6.9654037e+02 +2.7213593e+04 +3.7783475e+00 +1.5084201e-01 
+7.0445560e+02 +2.5672198e+04 +3.7716578e+00 +1.4391525e-01 
+7.1255279e+02 +2.3536999e+04 +3.7600640e+00 +1.3346219e-01 
+7.2083829e+02 +2.2792363e+04 +3.7484682e+00 +1.3074267e-01 
+7.2931874e+02 +2.2039186e+04 +3.7391435e+00 +1.2790958e-01 
+7.3800111e+02 +2.1282121e+04 +3.7308139e+00 +1.2498620e-01 
+7.4689269e+02 +2.0519162e+04 +3.7231813e+00 +1.2195734e-01 
+7.5600113e+02 +1.9746721e+04 +3.7161196e+00 +1.1879757e-01 
+7.6533448e+02 +1.8960217e+04 +3.7095625e+00 +1.1547414e-01 
+7.7490116e+02 +1.8154064e+04 +3.7034706e+00 +1.1194645e-01 
+7.8471004e+02 +1.7321431e+04 +3.6978190e+00 +1.0816409e-01 
+7.9477042e+02 +1.6453780e+04 +3.6925917e+00 +1.0406328e-01 
+8.0509212e+02 +1.5540083e+04 +3.6877779e+00 +9.9560952e-02 
+8.1568543e+02 +1.4565453e+04 +3.6833709e+00 +9.4544623e-02 
+8.2656124e+02 +1.3508590e+04 +3.6793665e+00 +8.8853634e-02 
+8.3773098e+02 +1.2336481e+04 +3.6757626e+00 +8.2240554e-02 
+8.4920675e+02 +1.0991530e+04 +3.6725577e+00 +7.4278259e-02 
+8.6100129e+02 +9.3510465e+03 +3.6697488e+00 +6.4069916e-02 
+8.7312807e+02 +7.0030297e+03 +3.6673199e+00 +4.8657978e-02 
+8.8560133e+02 +3.8168199e+03 +3.6439761e+00 +2.6898624e-02 
+8.9843613e+02 +3.6132608e+03 +3.6258309e+00 +2.5833108e-02 
+9.1164842e+02 +3.4153876e+03 +3.6122848e+00 +2.4777502e-02 
+9.2525512e+02 +3.2258003e+03 +3.6006443e+00 +2.3751394e-02 
+9.3927413e+02 +3.0449288e+03 +3.5901439e+00 +2.2759339e-02 
+9.5372451e+02 +2.8727275e+03 +3.5804394e+00 +2.1802561e-02 
+9.6862645e+02 +2.7089831e+03 +3.5713415e+00 +2.0881070e-02 
+9.8400147e+02 +2.5534126e+03 +3.5627330e+00 +1.9994331e-02 
+9.9987247e+02 +2.4057030e+03 +3.5545352e+00 +1.9141535e-02 
+1.0162638e+03 +2.2655305e+03 +3.5466925e+00 +1.8321732e-02 
+1.0332015e+03 +2.1325702e+03 +3.5391634e+00 +1.7533899e-02 
+1.0507134e+03 +2.0065013e+03 +3.5319161e+00 +1.6776983e-02 
+1.0688292e+03 +1.8870106e+03 +3.5249256e+00 +1.6049917e-02 
+1.0875806e+03 +1.7737941e+03 +3.5181716e+00 +1.5351641e-02 
+1.1070017e+03 +1.6665580e+03 +3.5116372e+00 +1.4681109e-02 
+1.1271290e+03 +1.5650192e+03 +3.5053084e+00 +1.4037294e-02 
+1.1480017e+03 +1.4689053e+03 +3.4991733e+00 +1.3419195e-02 
+1.1696621e+03 +1.3779551e+03 +3.4932216e+00 +1.2825834e-02 
+1.1921556e+03 +1.2919181e+03 +3.4874442e+00 +1.2256263e-02 
+1.2155312e+03 +1.2105545e+03 +3.4818333e+00 +1.1709561e-02 
+1.2398419e+03 +1.1336349e+03 +3.4763819e+00 +1.1184836e-02 
+1.2651448e+03 +1.0609397e+03 +3.4710837e+00 +1.0681225e-02 
+1.2915019e+03 +9.9225944e+02 +3.4659331e+00 +1.0197893e-02 
+1.3189807e+03 +9.2739386e+02 +3.4609249e+00 +9.7340325e-03 
+1.3476542e+03 +8.6615192e+02 +3.4560546e+00 +9.2888655e-03 
+1.3776021e+03 +8.0835134e+02 +3.4513178e+00 +8.8616396e-03 
+1.4089112e+03 +7.5381830e+02 +3.4467107e+00 +8.4516292e-03 
+1.4416766e+03 +7.0238711e+02 +3.4422297e+00 +8.0581345e-03 
+1.4760022e+03 +6.5389990e+02 +3.4378714e+00 +7.6804810e-03 
+1.5120023e+03 +6.0820632e+02 +3.4336328e+00 +7.3180185e-03 
+1.5498023e+03 +5.6516319e+02 +3.4295110e+00 +6.9701209e-03 
+1.5895408e+03 +5.2463426e+02 +3.4255032e+00 +6.6361849e-03 
+1.6313709e+03 +4.8648990e+02 +3.4216070e+00 +6.3156299e-03 
+1.6754620e+03 +4.5060682e+02 +3.4178200e+00 +6.0078969e-03 
+1.7220026e+03 +4.1686779e+02 +3.4141401e+00 +5.7124482e-03 
+1.7712027e+03 +3.8516142e+02 +3.4105651e+00 +5.4287665e-03 
+1.8232968e+03 +3.5538185e+02 +3.4070930e+00 +5.1563544e-03 
+1.8785483e+03 +3.2742857e+02 +3.4037221e+00 +4.8947337e-03 
+1.9372529e+03 +3.0120615e+02 +3.4004506e+00 +4.6434448e-03 
+1.9997449e+03 +2.7662400e+02 +3.3972768e+00 +4.4020461e-03 
+2.0664031e+03 +2.5359618e+02 +3.3941992e+00 +4.1701137e-03 
+2.1376584e+03 +2.3204120e+02 +3.3912163e+00 +3.9472401e-03 
+2.2140033e+03 +2.1188178e+02 +3.3883268e+00 +3.7330347e-03 
+2.2960034e+03 +1.9304468e+02 +3.3855292e+00 +3.5271222e-03 
+2.3843113e+03 +1.7546049e+02 +3.3828224e+00 +3.3291428e-03 
+2.4796837e+03 +1.5906349e+02 +3.3802051e+00 +3.1387515e-03 
