# title     = ank file for AlGaAs (x=0.7) after Djurisic
# reference = A.B.Djurisic et.al.J.Appl.Phys Vol.86 Nr.1 1999
# columns   = wavelength,absorption,n,k
# history   = created 19.9.2002 - 12:47 by letay
# units     = nm,cm^-1,1,1
# dataType  = list
+2.0664031e+02 +1.4789483e+06 +1.3071045e+00 +2.4319697e+00 
+2.0733141e+02 +1.4821317e+06 +1.3122688e+00 +2.4453558e+00 
+2.0802716e+02 +1.4854329e+06 +1.3175362e+00 +2.4590265e+00 
+2.0872759e+02 +1.4888569e+06 +1.3229129e+00 +2.4729934e+00 
+2.0943275e+02 +1.4924092e+06 +1.3284054e+00 +2.4872684e+00 
+2.1014269e+02 +1.4960954e+06 +1.3340210e+00 +2.5018640e+00 
+2.1085746e+02 +1.4999214e+06 +1.3397677e+00 +2.5167937e+00 
+2.1157711e+02 +1.5038937e+06 +1.3456541e+00 +2.5320714e+00 
+2.1230169e+02 +1.5080187e+06 +1.3516895e+00 +2.5477119e+00 
+2.1303125e+02 +1.5123035e+06 +1.3578843e+00 +2.5637307e+00 
+2.1376584e+02 +1.5167554e+06 +1.3642496e+00 +2.5801443e+00 
+2.1450551e+02 +1.5213822e+06 +1.3707978e+00 +2.5969700e+00 
+2.1525032e+02 +1.5261920e+06 +1.3775425e+00 +2.6142260e+00 
+2.1600032e+02 +1.5311934e+06 +1.3844983e+00 +2.6319316e+00 
+2.1675557e+02 +1.5363955e+06 +1.3916817e+00 +2.6501071e+00 
+2.1751612e+02 +1.5418078e+06 +1.3991107e+00 +2.6687740e+00 
+2.1828202e+02 +1.5474402e+06 +1.4068049e+00 +2.6879549e+00 
+2.1905333e+02 +1.5533034e+06 +1.4147864e+00 +2.7076736e+00 
+2.1983012e+02 +1.5594085e+06 +1.4230792e+00 +2.7279551e+00 
+2.2061243e+02 +1.5657670e+06 +1.4317101e+00 +2.7488260e+00 
+2.2140033e+02 +1.5723911e+06 +1.4407088e+00 +2.7703139e+00 
+2.2219388e+02 +1.5792936e+06 +1.4501083e+00 +2.7924481e+00 
+2.2299314e+02 +1.5864879e+06 +1.4599451e+00 +2.8152593e+00 
+2.2379817e+02 +1.5939877e+06 +1.4702600e+00 +2.8387793e+00 
+2.2460903e+02 +1.6018074e+06 +1.4810986e+00 +2.8630415e+00 
+2.2542579e+02 +1.6099619e+06 +1.4925117e+00 +2.8880808e+00 
+2.2624851e+02 +1.6184664e+06 +1.5045560e+00 +2.9139330e+00 
+2.2707726e+02 +1.6273364e+06 +1.5172952e+00 +2.9406350e+00 
+2.2791211e+02 +1.6365874e+06 +1.5308008e+00 +2.9682245e+00 
+2.2875311e+02 +1.6462351e+06 +1.5451528e+00 +2.9967395e+00 
+2.2960034e+02 +1.6562945e+06 +1.5604414e+00 +3.0262181e+00 
+2.3045388e+02 +1.6667799e+06 +1.5767681e+00 +3.0566972e+00 
+2.3131378e+02 +1.6777045e+06 +1.5942469e+00 +3.0882120e+00 
+2.3218012e+02 +1.6890792e+06 +1.6130067e+00 +3.1207946e+00 
+2.3305298e+02 +1.7009122e+06 +1.6331924e+00 +3.1544722e+00 
+2.3393243e+02 +1.7132078e+06 +1.6549671e+00 +3.1892649e+00 
+2.3481853e+02 +1.7259644e+06 +1.6785146e+00 +3.2251829e+00 
+2.3571138e+02 +1.7391733e+06 +1.7040406e+00 +3.2622222e+00 
+2.3661104e+02 +1.7528157e+06 +1.7317754e+00 +3.3003606e+00 
+2.3751760e+02 +1.7668598e+06 +1.7619747e+00 +3.3395506e+00 
+2.3843113e+02 +1.7812573e+06 +1.7949210e+00 +3.3797123e+00 
+2.3935171e+02 +1.7959380e+06 +1.8309220e+00 +3.4207238e+00 
+2.4027943e+02 +1.8108051e+06 +1.8703085e+00 +3.4624096e+00 
+2.4121437e+02 +1.8257286e+06 +1.9134277e+00 +3.5045279e+00 
+2.4215661e+02 +1.8405384e+06 +1.9606326e+00 +3.5467564e+00 
+2.4310625e+02 +1.8550184e+06 +2.0122646e+00 +3.5886779e+00 
+2.4406336e+02 +1.8689008e+06 +2.0686286e+00 +3.6297689e+00 
+2.4502804e+02 +1.8818650e+06 +2.1299594e+00 +3.6693943e+00 
+2.4600037e+02 +1.8935416e+06 +2.1963796e+00 +3.7068135e+00 
+2.4698045e+02 +1.9035255e+06 +2.2678537e+00 +3.7412042e+00 
+2.4796837e+02 +1.9114011e+06 +2.3441451e+00 +3.7717096e+00 
+2.4896423e+02 +1.9167789e+06 +2.4247912e+00 +3.7975115e+00 
+2.4996812e+02 +1.9193411e+06 +2.5091113e+00 +3.8179208e+00 
+2.5098013e+02 +1.9188863e+06 +2.5962630e+00 +3.8324697e+00 
+2.5200038e+02 +1.9153586e+06 +2.6853488e+00 +3.8409744e+00 
+2.5302895e+02 +1.9088449e+06 +2.7755556e+00 +3.8435363e+00 
+2.5406595e+02 +1.8995341e+06 +2.8662881e+00 +3.8404640e+00 
+2.5511149e+02 +1.8876415e+06 +2.9572454e+00 +3.8321250e+00 
+2.5616567e+02 +1.8733215e+06 +3.0484041e+00 +3.8187689e+00 
+2.5722860e+02 +1.8565979e+06 +3.1399040e+00 +3.8003820e+00 
+2.5830039e+02 +1.8373363e+06 +3.2318673e+00 +3.7766249e+00 
+2.5938114e+02 +1.8152679e+06 +3.3242100e+00 +3.7468755e+00 
+2.6047098e+02 +1.7900575e+06 +3.4165018e+00 +3.7103636e+00 
+2.6157001e+02 +1.7613942e+06 +3.5079122e+00 +3.6663561e+00 
+2.6267836e+02 +1.7290780e+06 +3.5972522e+00 +3.6143401e+00 
+2.6379614e+02 +1.6930838e+06 +3.6830914e+00 +3.5541604e+00 
+2.6492347e+02 +1.6535885e+06 +3.7639135e+00 +3.4860855e+00 
+2.6606048e+02 +1.6109652e+06 +3.8382728e+00 +3.4108032e+00 
+2.6720730e+02 +1.5657501e+06 +3.9049212e+00 +3.3293610e+00 
+2.6836404e+02 +1.5185978e+06 +3.9628960e+00 +3.2430768e+00 
+2.6953084e+02 +1.4702316e+06 +4.0115675e+00 +3.1534384e+00 
+2.7070783e+02 +1.4213957e+06 +4.0506561e+00 +3.0620053e+00 
+2.7189514e+02 +1.3728122e+06 +4.0802212e+00 +2.9703165e+00 
+2.7309292e+02 +1.3251447e+06 +4.1006299e+00 +2.8798104e+00 
+2.7430130e+02 +1.2789689e+06 +4.1125069e+00 +2.7917594e+00 
+2.7552041e+02 +1.2347540e+06 +4.1166712e+00 +2.7072251e+00 
+2.7675041e+02 +1.1928545e+06 +4.1140689e+00 +2.6270352e+00 
+2.7799145e+02 +1.1535112e+06 +4.1057064e+00 +2.5517808e+00 
+2.7924366e+02 +1.1168606e+06 +4.0925938e+00 +2.4818324e+00 
+2.8050721e+02 +1.0829498e+06 +4.0756991e+00 +2.4173663e+00 
+2.8178224e+02 +1.0517526e+06 +4.0559172e+00 +2.3583994e+00 
+2.8306892e+02 +1.0231878e+06 +4.0340503e+00 +2.3048234e+00 
+2.8436740e+02 +9.9713410e+05 +4.0108002e+00 +2.2564386e+00 
+2.8567785e+02 +9.7344486e+05 +3.9867676e+00 +2.2129829e+00 
+2.8700043e+02 +9.5195878e+05 +3.9624568e+00 +2.1741566e+00 
+2.8833532e+02 +9.3250894e+05 +3.9382850e+00 +2.1396413e+00 
+2.8968268e+02 +9.1492937e+05 +3.9145915e+00 +2.1091149e+00 
+2.9104269e+02 +8.9905965e+05 +3.8916492e+00 +2.0822618e+00 
+2.9241553e+02 +8.8474808e+05 +3.8696743e+00 +2.0587813e+00 
+2.9380139e+02 +8.7185365e+05 +3.8488370e+00 +2.0383914e+00 
+2.9520044e+02 +8.6024705e+05 +3.8292697e+00 +2.0208326e+00 
+2.9661288e+02 +8.4981116e+05 +3.8110756e+00 +2.0058690e+00 
+2.9803891e+02 +8.4044090e+05 +3.7943355e+00 +1.9932890e+00 
+2.9947871e+02 +8.3204296e+05 +3.7791144e+00 +1.9829047e+00 
+3.0093249e+02 +8.2453509e+05 +3.7654673e+00 +1.9745510e+00 
+3.0240045e+02 +8.1784538e+05 +3.7534444e+00 +1.9680847e+00 
+3.0388281e+02 +8.1191134e+05 +3.7430961e+00 +1.9633823e+00 
+3.0537977e+02 +8.0667877e+05 +3.7344776e+00 +1.9603383e+00 
+3.0689155e+02 +8.0210056e+05 +3.7276535e+00 +1.9588622e+00 
+3.0841837e+02 +7.9813520e+05 +3.7227029e+00 +1.9588755e+00 
+3.0996046e+02 +7.9474498e+05 +3.7197235e+00 +1.9603076e+00 
+3.1151805e+02 +7.9189373e+05 +3.7188364e+00 +1.9630902e+00 
+3.1309138e+02 +7.8954407e+05 +3.7201909e+00 +1.9671506e+00 
+3.1468067e+02 +7.8765382e+05 +3.7239681e+00 +1.9724027e+00 
+3.1628619e+02 +7.8617157e+05 +3.7303836e+00 +1.9787353e+00 
+3.1790817e+02 +7.8503120e+05 +3.7396878e+00 +1.9859977e+00 
+3.1954687e+02 +7.8414534e+05 +3.7521625e+00 +1.9939822e+00 
+3.2120255e+02 +7.8339809e+05 +3.7681110e+00 +2.0024037e+00 
+3.2287548e+02 +7.8263748e+05 +3.7878407e+00 +2.0108786e+00 
+3.2456593e+02 +7.8166910e+05 +3.8116330e+00 +2.0189056e+00 
+3.2627417e+02 +7.8025276e+05 +3.8397020e+00 +2.0258540e+00 
+3.2800049e+02 +7.7810514e+05 +3.8721400e+00 +2.0309672e+00 
+3.2974517e+02 +7.7491154e+05 +3.9088569e+00 +2.0333901e+00 
+3.3150852e+02 +7.7034923e+05 +3.9495239e+00 +2.0322282e+00 
+3.3329082e+02 +7.6412232e+05 +3.9935412e+00 +2.0266389e+00 
+3.3509239e+02 +7.5600390e+05 +4.0400481e+00 +2.0159453e+00 
+3.3691355e+02 +7.4587584e+05 +4.0879930e+00 +1.9997475e+00 
+3.3875461e+02 +7.3375336e+05 +4.1362597e+00 +1.9779962e+00 
+3.4061589e+02 +7.1978280e+05 +4.1838282e+00 +1.9509966e+00 
+3.4249775e+02 +7.0420830e+05 +4.2299238e+00 +1.9193271e+00 
+3.4440052e+02 +6.8731394e+05 +4.2741091e+00 +1.8836885e+00 
+3.4632454e+02 +6.6935716e+05 +4.3162862e+00 +1.8447237e+00 
+3.4827018e+02 +6.5051274e+05 +4.3566063e+00 +1.8028610e+00 
+3.5023781e+02 +6.3084279e+05 +4.3953118e+00 +1.7582244e+00 
+3.5222780e+02 +6.1030076e+05 +4.4325542e+00 +1.7106363e+00 
+3.5424053e+02 +5.8876831e+05 +4.4682357e+00 +1.6597123e+00 
+3.5627640e+02 +5.6611556e+05 +4.5019192e+00 +1.6050268e+00 
+3.5833580e+02 +5.4226910e+05 +4.5328335e+00 +1.5463051e+00 
+3.6041914e+02 +5.1726863e+05 +4.5599780e+00 +1.4835908e+00 
+3.6252686e+02 +4.9129559e+05 +4.5822993e+00 +1.4173372e+00 
+3.6465937e+02 +4.6466571e+05 +4.5988890e+00 +1.3483981e+00 
+3.6681712e+02 +4.3778933e+05 +4.6091454e+00 +1.2779236e+00 
+3.6900055e+02 +4.1111368e+05 +4.6128588e+00 +1.2071996e+00 
+3.7121014e+02 +3.8506503e+05 +4.6102101e+00 +1.1374807e+00 
+3.7344634e+02 +3.6000452e+05 +4.6017020e+00 +1.0698584e+00 
+3.7570965e+02 +3.3620395e+05 +4.5880540e+00 +1.0051834e+00 
+3.7800057e+02 +3.1384063e+05 +4.5700950e+00 +9.4404294e-01 
+3.8031959e+02 +2.9300570e+05 +4.5486717e+00 +8.8677798e-01 
+3.8266724e+02 +2.7371991e+05 +4.5245855e+00 +8.3352342e-01 
+3.8504406e+02 +2.5595142e+05 +4.4985536e+00 +7.8425645e-01 
+3.8745058e+02 +2.3963250e+05 +4.4711926e+00 +7.3884302e-01 
+3.8988738e+02 +2.2467341e+05 +4.4430157e+00 +6.9707739e-01 
+3.9235502e+02 +2.1097301e+05 +4.4144396e+00 +6.5871302e-01 
+3.9485409e+02 +1.9842636e+05 +4.3857954e+00 +6.2348518e-01 
+3.9738521e+02 +1.8692984e+05 +4.3573415e+00 +5.9112656e-01 
+3.9994899e+02 +1.7638438e+05 +4.3292754e+00 +5.6137732e-01 
+4.0254606e+02 +1.6669723e+05 +4.3017460e+00 +5.3399119e-01 
+4.0517708e+02 +1.5778282e+05 +4.2748624e+00 +5.0873864e-01 
+4.0784272e+02 +1.4956301e+05 +4.2487028e+00 +4.8540813e-01 
+4.1054366e+02 +1.4196685e+05 +4.2233213e+00 +4.6380608e-01 
+4.1328062e+02 +1.3493021e+05 +4.1987528e+00 +4.4375614e-01 
+4.1605431e+02 +1.2839519e+05 +4.1750179e+00 +4.2509787e-01 
+4.1886549e+02 +1.2230956e+05 +4.1521262e+00 +4.0768536e-01 
+4.2171492e+02 +1.1662609e+05 +4.1300788e+00 +3.9138556e-01 
+4.2460338e+02 +1.1130199e+05 +4.1088708e+00 +3.7607677e-01 
+4.2753167e+02 +1.0629833e+05 +4.0884925e+00 +3.6164701e-01 
+4.3050064e+02 +1.0157946e+05 +4.0689313e+00 +3.4799248e-01 
+4.3351114e+02 +9.7112508e+04 +4.0501718e+00 +3.3501601e-01 
+4.3656403e+02 +9.2866827e+04 +4.0321975e+00 +3.2262551e-01 
+4.3966023e+02 +8.8813486e+04 +4.0149906e+00 +3.1073218e-01 
+4.4280066e+02 +8.4924656e+04 +3.9985328e+00 +2.9924865e-01 
+4.4598628e+02 +8.1172916e+04 +3.9828055e+00 +2.8808642e-01 
+4.4921806e+02 +7.7530315e+04 +3.9677898e+00 +2.7715256e-01 
+4.5249703e+02 +7.3966985e+04 +3.9534668e+00 +2.6634453e-01 
+4.5582421e+02 +7.0448661e+04 +3.9398161e+00 +2.5554081e-01 
+4.5920069e+02 +6.6928333e+04 +3.9267846e+00 +2.4456971e-01 
+4.6262756e+02 +6.3300208e+04 +3.9138929e+00 +2.3303802e-01 
+4.6610596e+02 +5.9412391e+04 +3.8985583e+00 +2.2036967e-01 
+4.6963707e+02 +5.6034101e+04 +3.8793146e+00 +2.0941361e-01 
+4.7322208e+02 +5.2964644e+04 +3.8639800e+00 +1.9945329e-01 
+4.7686225e+02 +4.9116629e+04 +3.8519943e+00 +1.8638529e-01 
+4.8055886e+02 +4.5736458e+04 +3.8378791e+00 +1.7490380e-01 
+4.8431323e+02 +4.3305334e+04 +3.8241518e+00 +1.6690058e-01 
+4.8812672e+02 +4.1074621e+04 +3.8115042e+00 +1.5954980e-01 
+4.9200074e+02 +3.8833515e+04 +3.7997278e+00 +1.5204166e-01 
+4.9593674e+02 +3.6542229e+04 +3.7887013e+00 +1.4421534e-01 
+4.9993623e+02 +3.4172215e+04 +3.7783492e+00 +1.3594958e-01 
+5.0400076e+02 +3.1686010e+04 +3.7686187e+00 +1.2708342e-01 
+5.0813191e+02 +2.9027714e+04 +3.7594556e+00 +1.1737604e-01 
+5.1233135e+02 +2.6073472e+04 +3.7505026e+00 +1.0630163e-01 
+5.1660077e+02 +2.2436480e+04 +3.7386919e+00 +9.2235884e-02 
+5.2094196e+02 +1.8399181e+04 +3.7148767e+00 +7.6274253e-02 
+5.2535672e+02 +1.6047970e+04 +3.6885938e+00 +6.7091043e-02 
+5.2984695e+02 +1.2865137e+04 +3.6749008e+00 +5.4244408e-02 
+5.3441459e+02 +8.5877767e+03 +3.6603317e+00 +3.6521549e-02 
+5.3906168e+02 +6.7210890e+03 +3.6408299e+00 +2.8831566e-02 
+5.4379029e+02 +6.1093426e+03 +3.6228344e+00 +2.6437237e-02 
+5.4860259e+02 +5.6945330e+03 +3.6062964e+00 +2.4860285e-02 
+5.5350083e+02 +5.3167930e+03 +3.5908295e+00 +2.3418451e-02 
+5.5848732e+02 +4.9647476e+03 +3.5762060e+00 +2.2064832e-02 
+5.6356448e+02 +4.6366418e+03 +3.5622794e+00 +2.0793964e-02 
+5.6873480e+02 +4.3309962e+03 +3.5489480e+00 +1.9601429e-02 
+5.7400086e+02 +4.0463736e+03 +3.5361377e+00 +1.8482838e-02 
+5.7936535e+02 +3.7813946e+03 +3.5237920e+00 +1.7433904e-02 
+5.8483106e+02 +3.5347459e+03 +3.5118664e+00 +1.6450487e-02 
+5.9040088e+02 +3.3051846e+03 +3.5003249e+00 +1.5528620e-02 
+5.9607782e+02 +3.0915385e+03 +3.4891380e+00 +1.4664517e-02 
+6.0186498e+02 +2.8927053e+03 +3.4782806e+00 +1.3854581e-02 
+6.0776562e+02 +2.7076506e+03 +3.4677315e+00 +1.3095403e-02 
+6.1378310e+02 +2.5354053e+03 +3.4574721e+00 +1.2383758e-02 
+6.1992093e+02 +2.3750629e+03 +3.4474864e+00 +1.1716598e-02 
+6.2618276e+02 +2.2257763e+03 +3.4377599e+00 +1.1091052e-02 
+6.3257238e+02 +2.0867551e+03 +3.4282799e+00 +1.0504414e-02 
+6.3909374e+02 +1.9572620e+03 +3.4190350e+00 +9.9541384e-03 
+6.4575097e+02 +1.8366104e+03 +3.4100147e+00 +9.4378319e-03 
+6.5254835e+02 +1.7241609e+03 +3.4012096e+00 +8.9532479e-03 
+6.5949035e+02 +1.6193188e+03 +3.3926110e+00 +8.4982783e-03 
+6.6658164e+02 +1.5215317e+03 +3.3842110e+00 +8.0709470e-03 
+6.7382710e+02 +1.4302862e+03 +3.3760021e+00 +7.6694028e-03 
+6.8123179e+02 +1.3451058e+03 +3.3679775e+00 +7.2919130e-03 
+6.8880103e+02 +1.2655486e+03 +3.3601310e+00 +6.9368572e-03 
+6.9654037e+02 +1.1912050e+03 +3.3524565e+00 +6.6027208e-03 
+7.0445560e+02 +1.1216954e+03 +3.3449486e+00 +6.2880895e-03 
+7.1255279e+02 +1.0566685e+03 +3.3376020e+00 +5.9916431e-03 
+7.2083829e+02 +9.9579893e+02 +3.3304118e+00 +5.7121505e-03 
+7.2931874e+02 +9.3878597e+02 +3.3233735e+00 +5.4484642e-03 
+7.3800111e+02 +8.8535148e+02 +3.3164827e+00 +5.1995154e-03 
+7.4689269e+02 +8.3523844e+02 +3.3097352e+00 +4.9643091e-03 
+7.5600113e+02 +7.8820942e+02 +3.3031272e+00 +4.7419198e-03 
+7.6533448e+02 +7.4404518e+02 +3.2966551e+00 +4.5314869e-03 
+7.7490116e+02 +7.0254333e+02 +3.2903152e+00 +4.3322106e-03 
+7.8471004e+02 +6.6351706e+02 +3.2841042e+00 +4.1433482e-03 
+7.9477042e+02 +6.2679403e+02 +3.2780190e+00 +3.9642103e-03 
+8.0509212e+02 +5.9221524e+02 +3.2720566e+00 +3.7941569e-03 
+8.1568543e+02 +5.5963402e+02 +3.2662140e+00 +3.6325947e-03 
+8.2656124e+02 +5.2891508e+02 +3.2604886e+00 +3.4789735e-03 
+8.3773098e+02 +4.9993365e+02 +3.2548775e+00 +3.3327834e-03 
+8.4920675e+02 +4.7257462e+02 +3.2493784e+00 +3.1935518e-03 
+8.6100129e+02 +4.4673180e+02 +3.2439888e+00 +3.0608412e-03 
+8.7312807e+02 +4.2230718e+02 +3.2387064e+00 +2.9342462e-03 
+8.8560133e+02 +3.9921033e+02 +3.2335290e+00 +2.8133914e-03 
+8.9843613e+02 +3.7735771e+02 +3.2284544e+00 +2.6979294e-03 
+9.1164842e+02 +3.5667219e+02 +3.2234806e+00 +2.5875382e-03 
+9.2525512e+02 +3.3708246e+02 +3.2186056e+00 +2.4819201e-03 
+9.3927413e+02 +3.1852258e+02 +3.2138276e+00 +2.3807990e-03 
+9.5372451e+02 +3.0093153e+02 +3.2091446e+00 +2.2839194e-03 
+9.6862645e+02 +2.8425279e+02 +3.2045550e+00 +2.1910445e-03 
+9.8400147e+02 +2.6843401e+02 +3.2000571e+00 +2.1019550e-03 
+9.9987247e+02 +2.5342658e+02 +3.1956493e+00 +2.0164475e-03 
+1.0162638e+03 +2.3918541e+02 +3.1913299e+00 +1.9343332e-03 
+1.0332015e+03 +2.2566855e+02 +3.1870975e+00 +1.8554370e-03 
+1.0507134e+03 +2.1283698e+02 +3.1829506e+00 +1.7795964e-03 
+1.0688292e+03 +2.0065436e+02 +3.1788879e+00 +1.7066601e-03 
+1.0875806e+03 +1.8908677e+02 +3.1749079e+00 +1.6364876e-03 
+1.1070017e+03 +1.7810256e+02 +3.1710094e+00 +1.5689480e-03 
+1.1271290e+03 +1.6767210e+02 +3.1671911e+00 +1.5039194e-03 
+1.1480017e+03 +1.5776769e+02 +3.1634518e+00 +1.4412879e-03 
+1.1696621e+03 +1.4836332e+02 +3.1597903e+00 +1.3809473e-03 
+1.1921556e+03 +1.3943459e+02 +3.1562054e+00 +1.3227982e-03 
+1.2155312e+03 +1.3095855e+02 +3.1526962e+00 +1.2667477e-03 
+1.2398419e+03 +1.2291361e+02 +3.1492615e+00 +1.2127085e-03 
+1.2651448e+03 +1.1527940e+02 +3.1459003e+00 +1.1605987e-03 
+1.2915019e+03 +1.0803670e+02 +3.1426116e+00 +1.1103413e-03 
+1.3189807e+03 +1.0116734e+02 +3.1393945e+00 +1.0618641e-03 
+1.3476542e+03 +9.4654136e+01 +3.1362480e+00 +1.0150985e-03 
+1.3776021e+03 +8.8480784e+01 +3.1331713e+00 +9.6998023e-04 
+1.4089112e+03 +8.2631830e+01 +3.1301634e+00 +9.2644817e-04 
+1.4416766e+03 +7.7092593e+01 +3.1272236e+00 +8.8444460e-04 
+1.4760022e+03 +7.1849114e+01 +3.1243510e+00 +8.4391472e-04 
+1.5120023e+03 +6.6888106e+01 +3.1215449e+00 +8.0480650e-04 
+1.5498023e+03 +6.2196908e+01 +3.1188044e+00 +7.6707042e-04 
+1.5895408e+03 +5.7763448e+01 +3.1161290e+00 +7.3065934e-04 
+1.6313709e+03 +5.3576203e+01 +3.1135178e+00 +6.9552824e-04 
+1.6754620e+03 +4.9624165e+01 +3.1109703e+00 +6.6163417e-04 
+1.7220026e+03 +4.5896812e+01 +3.1084857e+00 +6.2893600e-04 
+1.7712027e+03 +4.2384078e+01 +3.1060634e+00 +5.9739437e-04 
+1.8232968e+03 +3.9076327e+01 +3.1037027e+00 +5.6697153e-04 
+1.8785483e+03 +3.5964332e+01 +3.1014032e+00 +5.3763124e-04 
+1.9372529e+03 +3.3039251e+01 +3.0991642e+00 +5.0933867e-04 
+1.9997449e+03 +3.0292607e+01 +3.0969852e+00 +4.8206032e-04 
+2.0664031e+03 +2.7716270e+01 +3.0948657e+00 +4.5576395e-04 
+2.1376584e+03 +2.5302442e+01 +3.0928051e+00 +4.3041845e-04 
+2.2140033e+03 +2.3043638e+01 +3.0908030e+00 +4.0599384e-04 
+2.2960034e+03 +2.0932673e+01 +3.0888588e+00 +3.8246118e-04 
+2.3843113e+03 +1.8962650e+01 +3.0869722e+00 +3.5979250e-04 
+2.4796837e+03 +1.7126944e+01 +3.0851426e+00 +3.3796078e-04 
