# title     = ank file for AlGaAs (x=0.8) after Djurisic
# reference = A.B.Djurisic et.al.J.Appl.Phys Vol.86 Nr.1 1999
# columns   = wavelength,absorption,n,k
# history   = created 3.6.2002 - 19:26 by letay
# units     = nm,cm^-1,1,1
# dataType  = matrix
206.64031 1493739.5 1.3334228 2.4562924
207.33141 1496791.6 1.3386635 2.469543
208.02716 1499968.4 1.3440085 2.483089
208.72759 1503275.5 1.3494643 2.4969426
209.43275 1506718.6 1.355038 2.5111166
210.14269 1510304.1 1.3607373 2.5256247
210.85746 1514038.3 1.3665709 2.5404812
211.57711 1517928.2 1.3725478 2.555701
212.30169 1521980.9 1.3786784 2.5713002
213.03125 1526204 1.3849737 2.5872955
213.76584 1530605.5 1.391446 2.6037046
214.50551 1535194 1.3981088 2.6205464
215.25032 1539978.3 1.4049769 2.6378405
216.00032 1544967.7 1.4120667 2.6556079
216.75557 1550172.3 1.4193963 2.6738705
217.51612 1555602.3 1.4269856 2.6926516
218.28202 1561268.9 1.4348567 2.7119757
219.05333 1567183.4 1.4430342 2.7318688
219.83012 1573358.1 1.4515454 2.7523579
220.61243 1579805.5 1.4604204 2.7734717
221.40033 1586539 1.4696931 2.7952403
222.19388 1593572.3 1.479401 2.8176952
222.99314 1600919.9 1.4895862 2.8408693
223.79817 1608596.7 1.5002956 2.8647969
224.60903 1616618 1.5115819 2.8895137
225.42579 1624999.4 1.5235041 2.9150563
226.24851 1633756.8 1.5361284 2.9414623
227.07726 1642906.2 1.5495294 2.96877
227.91211 1652463.1 1.563791 2.9970177
228.75311 1662442.5 1.5790077 3.0262429
229.60034 1672858.4 1.5952859 3.056482
230.45388 1683722.8 1.6127459 3.0877685
231.31378 1695045.4 1.6315231 3.120132
232.18012 1706832.2 1.6517702 3.1535956
233.05298 1719084.2 1.6736591 3.1881736
233.93243 1731795.7 1.6973828 3.2238678
234.81853 1744951.8 1.7231573 3.2606632
235.71138 1758525.8 1.7512232 3.2985224
236.61104 1772475.6 1.7818465 3.3373781
237.5176 1786739.4 1.8153184 3.377125
238.43113 1801230.3 1.8519529 3.4176086
239.35171 1815830.5 1.8920822 3.4586131
240.27943 1830384.9 1.9360474 3.4998477
241.21437 1844693.6 1.9841835 3.5409317
242.15661 1858506.8 2.0367981 3.5813818
243.10625 1871520.6 2.0941395 3.6206027
244.06336 1883378.3 2.1563576 3.6578869
245.02804 1893678.6 2.2234548 3.6924293
246.00037 1901995.7 2.2952363 3.7233634
246.98045 1907911.9 2.3712666 3.7498252
247.96837 1911064.2 2.4508496 3.7710449
248.96423 1911199.9 2.5330508 3.7864585
249.96812 1908228.7 2.616777 3.7958162
250.98013 1902256.6 2.7009149 3.7992562
252.00038 1893582.2 2.7845104 3.7973051
253.02895 1882646.8 2.866945 3.7907855
254.06595 1869942.1 2.9480545 3.7806351
255.11149 1855896.6 3.0281483 3.7676794
256.16567 1840771.2 3.1079124 3.7524152
257.2286 1824590.5 3.1882219 3.7348641
258.30039 1807125.5 3.2699071 3.7145269
259.38114 1787928.6 3.3535285 3.6904447
260.47098 1766408.1 3.4392009 3.6613439
261.57001 1741926.9 3.5264927 3.6258348
262.67836 1713907.6 3.6144089 3.582629
263.79614 1681929.8 3.7014529 3.5307458
264.92347 1645807.3 3.7857596 3.469681
266.06048 1605635.3 3.8652791 3.3995187
267.2073 1561802.6 3.9379911 3.3209673
268.36404 1514964 4.0021164 3.2353166
269.53084 1465978.8 4.0562972 3.1443168
270.70783 1415824.9 4.0997146 3.0500045
271.89514 1365503.8 4.1321286 2.9545034
273.09292 1315954.2 4.1538418 2.8598374
274.3013 1267985.6 4.165604 2.7677847
275.52041 1222239.4 4.168484 2.6797865
276.75041 1179176.6 4.1637356 2.5969122
277.99145 1139086.4 4.1526784 2.5198705
279.24366 1102108.8 4.1366048 2.4490516
280.50721 1068263.9 4.1167159 2.3845844
281.78224 1037481.4 4.0940845 2.3263984
283.06892 1009628.8 4.0696397 2.2742806
284.3674 984533.84 4.0441658 2.2279251
285.67785 962003.23 4.018312 2.186972
287.00043 941836.19 3.9926062 2.1510379
288.33532 923834.19 3.9674729 2.1197371
289.68268 907807.53 3.9432493 2.0926974
291.04269 893579.47 3.9202028 2.0695695
292.41553 880988.51 3.8985455 2.0500328
293.80139 869889.4 3.8784481 2.0337989
295.20044 860153.16 3.860052 2.020612
296.61288 851666.49 3.8434804 2.0102483
298.03891 844330.6 3.8288481 2.0025143
299.47871 838059.57 3.8162712 1.9972433
300.93249 832778.35 3.8058754 1.9942915
302.40045 828420.12 3.7978051 1.993532
303.88281 824923 3.7922312 1.9948474
305.37977 822225.93 3.7893595 1.99812
306.89155 820263.29 3.789437 2.0032186
308.41837 818958.1 3.7927576 2.0099815
309.96046 818213.61 3.7996632 2.0181951
311.51805 817903.04 3.8105394 2.0275668
313.09138 817858.03 3.8258013 2.0376949
314.68067 817856.82 3.8458658 2.0480355
316.28619 817614.29 3.8711051 2.0578743
317.90817 816777.78 3.9017804 2.0663112
319.54687 814933.54 3.9379563 2.0722727
321.20255 811629.36 3.9794082 2.0745642
322.87548 806416.86 4.0255451 2.0719764
324.56593 798911.41 4.0753796 2.0634393
326.27417 788858.86 4.1275797 2.048199
328.00049 776189.71 4.1806156 2.0259677
329.74517 761038.61 4.2329834 1.9969872
331.50852 743714.94 4.2834461 1.9619654
333.29082 724627.89 4.331214 1.92189
335.09239 704187.21 4.3760014 1.8777719
336.91355 682710.94 4.4179406 1.8303978
338.75461 660367.3 4.4573819 1.7801676
340.61589 637166.03 4.4946432 1.7270609
342.49775 612999.59 4.52978 1.6707368
344.40052 587721.56 4.5624422 1.6107404
346.32454 561239.53 4.5918606 1.5467554
348.27018 533594.39 4.6169712 1.4788281
350.23781 505000.9 4.6366404 1.40749
352.2278 475837.16 4.6499173 1.3337429
354.24053 446589.8 4.656233 1.2589172
356.2764 417776.89 4.6554912 1.1844633
358.3358 389874.55 4.6480451 1.1117451
360.41914 363265.88 4.6345916 1.0418917
362.52686 338218.17 4.6160337 0.97572461
364.65937 314884.27 4.593349 0.9137523
366.81712 293319.16 4.5674904 0.85620972
369.00055 273502.85 4.5393227 0.80311735
371.21014 255363.51 4.5095915 0.75434289
373.44634 238797.18 4.4789153 0.70965546
375.70965 223683.12 4.4477917 0.66876833
378.00057 209894.65 4.4166111 0.63137003
380.31959 197306.48 4.3856728 0.59714551
382.66724 185799.06 4.3552019 0.56578956
385.04406 175261.1 4.3253636 0.53701461
387.45058 165590.63 4.2962757 0.51055461
389.88738 156695.15 4.2680197 0.48616631
392.35502 148491.39 4.2406488 0.46362904
394.85409 140904.64 4.2141948 0.44274338
397.38521 133867.95 4.1886736 0.42332942
399.94899 127321.36 4.164089 0.40522479
402.54606 121211.02 4.140436 0.3882825
405.17708 115488.43 4.1177032 0.37236898
407.84272 110109.67 4.0958747 0.35736196
410.54366 105034.69 4.0749317 0.34314861
413.28062 100226.61 4.0548532 0.32962355
416.05431 95651.068 4.035617 0.31668682
418.86549 91275.473 4.0172 0.30424175
421.71492 87068.216 3.9995793 0.29219229
424.60338 82997.633 3.9827313 0.28043957
427.53167 79030.54 3.9666329 0.26887683
430.50064 75129.749 3.9512599 0.25738064
433.51114 71246.706 3.9365649 0.24578489
436.56403 67281.716 3.9221688 0.23374114
439.66023 63064.369 3.9058853 0.22064362
442.80066 59247.983 3.8856843 0.20877186
445.98628 55849.259 3.8686465 0.19821159
449.21806 51701.704 3.8549609 0.18482138
452.49703 48021.377 3.8394649 0.17291811
455.82421 45311.225 3.8244416 0.16435894
459.20069 42811.015 3.8105221 0.15644014
462.62756 40298.499 3.7974944 0.14835784
466.10596 37727.858 3.7852344 0.13993841
469.63707 35063.089 3.7736648 0.13103964
473.22208 32254.238 3.7627267 0.12146242
476.86225 29210.469 3.7522588 0.1108464
480.55886 25658.012 3.7407408 0.098120493
484.31323 21311.551 3.7210864 0.082135618
488.12672 18226.683 3.6928419 0.070799527
492.00074 15320.378 3.6746073 0.059982613
495.93674 10808.062 3.6601643 0.042654441
499.93623 8175.7658 3.6399915 0.03252619
504.00076 7307.7946 3.6207883 0
508.13191 6780.2302 3.6031574 0
512.33135 6308.7405 3.5866719 0
516.60077 5869.6834 3.5710793 0
520.94196 5460.5427 3.5562208 0
525.35672 5079.5232 3.541988 0
529.84695 4724.8786 3.5283025 0
534.41459 4394.9267 3.515105 0
539.06168 4088.0612 3.502349 0
543.79029 3802.7574 3.4899971 0
548.60259 3537.5737 3.4780182 0
553.50083 3291.1504 3.4663865 0
558.48732 3062.2082 3.4550796 0
563.56448 2849.545 3.4440784 0
568.7348 2652.0333 3.433366 0
574.00086 2468.616 3.4229274 0
579.36535 2298.3036 3.4127492 0
584.83106 2140.1707 3.4028194 0
590.40088 1993.3521 3.3931271 0
596.07782 1857.04 3.3836623 0
601.86498 1730.4806 3.3744158 0
607.76562 1612.9708 3.3653793 0
613.7831 1503.8555 3.3565449 0
619.92093 1402.5246 3.3479055 0
626.18276 1308.4104 3.3394542 0
632.57238 1220.9847 3.3311849 0
639.09374 1139.7568 3.3230915 0
645.75097 1064.2707 3.3151686 0
652.54835 994.10317 3.3074109 0
659.49035 928.86149 3.2998135 0
666.58164 868.18151 3.2923718 0
673.8271 811.72573 3.2850813 0
681.23179 759.18155 3.2779379 0
688.80103 710.25953 3.2709376 0
696.54037 664.69184 3.2640766 0
704.4556 622.23076 3.2573514 0
712.55279 582.64724 3.2507585 0
720.83829 545.72959 3.2442947 0
729.31874 511.28226 3.2379568 0
738.00111 479.12462 3.2317419 0
746.89269 449.08992 3.2256472 0
756.00113 421.02422 3.2196698 0
765.33448 394.78548 3.2138072 0
774.90116 370.2426 3.2080568 0
784.71004 347.27466 3.2024163 0
794.77042 325.77009 3.1968834 0
805.09212 305.62595 3.1914558 0
815.68543 286.74728 3.1861313 0
826.56124 269.04647 3.180908 0
837.73098 252.44265 3.1757839 0
849.20675 236.8612 3.170757 0
861.00129 222.2332 3.1658255 0
873.12807 208.495 3.1609876 0
885.60133 195.58781 3.1562417 0
898.43613 183.45725 3.1515861 0
911.64842 172.05306 3.1470191 0
925.25512 161.32869 3.1425394 0
939.27413 151.24107 3.1381453 0
953.72451 141.75026 3.1338355 0
968.62645 132.81925 3.1296085 0
984.00147 124.41365 3.1254631 0
999.87247 116.50156 3.121398 0
1016.2638 109.05329 3.1174118 0
1033.2015 102.04123 3.1135035 0
1050.7134 95.439642 3.1096718 0
1068.8292 89.224549 3.1059155 0
1087.5806 83.373563 3.1022337 0
1107.0017 77.86577 3.0986253 0
1127.129 72.681607 3.0950891 0
1148.0017 67.802765 3.0916243 0
1169.6621 63.212083 3.0882299 0
1192.1556 58.893461 3.0849049 0
1215.5312 54.831785 3.0816485 0
1239.8419 51.012845 3.0784597 0
1265.1448 47.423274 3.0753378 0
1291.5019 44.050483 3.0722818 0
1318.9807 40.882609 3.0692911 0
1347.6542 37.90846 3.0663649 0
1377.6021 35.11747 3.0635023 0
1408.9112 32.499657 3.0607028 0
1441.6766 30.045583 3.0579655 0
1476.0022 27.746319 3.0552899 0
1512.0023 25.593415 3.0526752 0
1549.8023 23.578863 3.0501209 0
1589.5408 21.695078 3.0476263 0
1631.3709 19.934867 3.0451909 0
1675.462 18.291408 3.042814 0
1722.0026 16.758228 3.0404951 0
1771.2027 15.329186 3.0382337 0
1823.2968 13.998448 3.0360292 0
1878.5483 12.760478 3.0338812 0
1937.2529 11.610017 3.0317892 0
1999.7449 10.542069 3.0297527 0
2066.4031 9.551891 3.0277712 0
2137.6584 8.6349752 3.0258444 0
2214.0033 7.787041 3.0239718 0
2296.0034 7.004022 3.022153 0
2384.3113 6.2820559 3.0203875 0
2479.6837 5.6174748 3.0186752 0
