0.208403361,1.304961,2.272866
0.2092827,1.321469,2.257715
0.210169492,1.313069,2.287389
0.21106383,1.306865,2.278353
0.211965812,1.303687,2.292728
0.212875536,1.301926,2.305431
0.213793103,1.301302,2.323442
0.214718615,1.30069,2.342604
0.215652174,1.300787,2.358187
0.216593886,1.305256,2.3708
0.21754386,1.302825,2.391726
0.218502203,1.309117,2.41346
0.219469027,1.310965,2.431796
0.220444444,1.314869,2.455378
0.221428571,1.320743,2.474744
0.222421525,1.32831,2.495277
0.223423423,1.334889,2.519311
0.224434389,1.341996,2.539873
0.225454545,1.351422,2.562487
0.226484018,1.360627,2.588881
0.227522936,1.371577,2.612322
0.228571429,1.383595,2.638055
0.22962963,1.396501,2.662369
0.230697674,1.409405,2.688015
0.231775701,1.424389,2.713094
0.23286385,1.438655,2.740753
0.233962264,1.455434,2.767903
0.23507109,1.470757,2.797879
0.236190476,1.488554,2.825561
0.237320574,1.507961,2.855512
0.238461538,1.527717,2.886333
0.239613527,1.549178,2.917354
0.240776699,1.571054,2.949612
0.24195122,1.594691,2.983963
0.243137255,1.620361,3.019697
0.244334975,1.648392,3.056009
0.245544554,1.678816,3.094741
0.246766169,1.713352,3.135375
0.248,1.752716,3.178209
0.249246231,1.795784,3.221155
0.250505051,1.844587,3.265501
0.25177665,1.89887,3.309336
0.253061224,1.95824,3.351224
0.254358974,2.025457,3.391087
0.255670103,2.098504,3.427203
0.256994819,2.177425,3.459361
0.258333333,2.263921,3.484442
0.259685864,2.354722,3.503386
0.261052632,2.449034,3.514651
0.262433862,2.546635,3.516013
0.263829787,2.646496,3.50898
0.265240642,2.745875,3.491966
0.266666667,2.844187,3.465314
0.268108108,2.938944,3.429634
0.269565217,3.027848,3.385242
0.271038251,3.111508,3.335039
0.272527473,3.188681,3.280196
0.274033149,3.259949,3.220756
0.275555556,3.328369,3.157853
0.277094972,3.389076,3.089633
0.278651685,3.444992,3.017278
0.280225989,3.492568,2.940243
0.281818182,3.531758,2.860473
0.283428571,3.561028,2.778833
0.285057471,3.579607,2.699738
0.286705202,3.590765,2.624232
0.288372093,3.596202,2.552971
0.29005848,3.595319,2.486427
0.291764706,3.591297,2.42475
0.293491124,3.583303,2.368345
0.295238095,3.572875,2.316341
0.297005988,3.560294,2.268633
0.298795181,3.545059,2.225633
0.300606061,3.529588,2.186091
0.302439024,3.514353,2.15004
0.304294479,3.498963,2.117484
0.30617284,3.484145,2.087886
0.308074534,3.469064,2.061651
0.31,3.454648,2.037544
0.311949686,3.440715,2.015569
0.313924051,3.427573,1.99631
0.315923567,3.415068,1.979316
0.317948718,3.402989,1.964008
0.32,3.392216,1.949905
0.322077922,3.381982,1.937473
0.324183007,3.37227,1.926447
0.326315789,3.363207,1.917069
0.328476821,3.355181,1.908988
0.330666667,3.348796,1.90143
0.332885906,3.342188,1.895315
0.335135135,3.336808,1.890579
0.337414966,3.33231,1.886079
0.339726027,3.327867,1.882738
0.342068966,3.325866,1.880262
0.344444444,3.323552,1.878562
0.346853147,3.322273,1.87763
0.349295775,3.321445,1.877496
0.35177305,3.321653,1.878131
0.354285714,3.323255,1.879633
0.356834532,3.325178,1.881704
0.35942029,3.327844,1.884553
0.362043796,3.331882,1.887972
0.364705882,3.33685,1.892503
0.367407407,3.342876,1.897319
0.370149254,3.350225,1.903155
0.372932331,3.358776,1.910071
0.375757576,3.368425,1.917364
0.378625954,3.379451,1.925017
0.381538462,3.391997,1.933816
0.384496124,3.406238,1.943052
0.3875,3.422638,1.953317
0.390551181,3.440933,1.964438
0.393650794,3.461621,1.975808
0.3968,3.484165,1.987564
0.4,3.510051,2.000113
0.403252033,3.539282,2.012837
0.406557377,3.572777,2.026015
0.409917355,3.610457,2.039215
0.413333333,3.652685,2.051368
0.416806723,3.701199,2.061764
0.420338983,3.756735,2.06762
0.423931624,3.81856,2.068187
0.427586207,3.887231,2.058535
0.431304348,3.957978,2.038036
0.435087719,4.024976,2.00585
0.438938053,4.085543,1.964855
0.442857143,4.138405,1.919217
0.446846847,4.183083,1.871945
0.450909091,4.223822,1.825834
0.455045872,4.261784,1.783759
0.459259259,4.300786,1.745495
0.463551402,4.344103,1.708868
0.467924528,4.40085,1.662974
0.472380952,4.464421,1.606254
0.476923077,4.527069,1.531454
0.481553398,4.577452,1.433548
0.48627451,4.607403,1.324824
0.491089109,4.614023,1.212932
0.496,4.601583,1.112009
0.501010101,4.578169,1.020604
0.506122449,4.545626,0.941124
0.511340206,4.510291,0.869899
0.516666667,4.473073,0.81141
0.522105263,4.435116,0.761085
0.527659574,4.397493,0.716203
0.533333333,4.361734,0.675075
0.539130435,4.326849,0.641575
0.545054945,4.293592,0.609047
0.551111111,4.26157,0.578776
0.557303371,4.231721,0.551785
0.563636364,4.203164,0.526864
0.570114943,4.17499,0.50551
0.576744186,4.148043,0.487097
0.583529412,4.121982,0.47089
0.59047619,4.096964,0.453995
0.597590361,4.073545,0.439052
0.604878049,4.051096,0.422354
0.612345679,4.029472,0.40576
0.62,4.008553,0.391787
0.627848101,3.988039,0.378757
0.635897436,3.967336,0.371156
0.644155844,3.948574,0.359496
0.652631579,3.92958,0.351564
0.661333333,3.91113,0.346319
0.67027027,3.894873,0.336211
0.679452055,3.878817,0.328966
0.688888889,3.86325,0.318902
0.698591549,3.848823,0.308926
0.708571429,3.834561,0.304728
0.71884058,3.820755,0.29693
0.729411765,3.80714,0.292083
0.740298507,3.795378,0.284425
0.751515152,3.781251,0.291305
0.763076923,3.76791,0.281323
0.775,3.754763,0.281509
0.787301587,3.742948,0.284
0.8,3.730565,0.286551
0.813114754,3.722513,0.270382
0.826666667,3.718233,0.274324
0.840677966,3.708462,0.273293
0.855172414,3.699193,0.272086
0.870175439,3.690316,0.27098
0.885714286,3.682247,0.270079
0.901818182,3.674722,0.269408
0.918518519,3.667724,0.268695
0.935849057,3.661411,0.268202
0.953846154,3.655768,0.267659
0.97254902,3.650934,0.267054
0.992,3.646502,0.266419
1.012244898,3.643011,0.265577
1.033333333,3.640054,0.264556
1.055319149,3.637758,0.263211
1.07826087,3.636262,0.261532
1.102222222,3.635421,0.259392
1.127272727,3.635099,0.256801
1.153488372,3.635553,0.253468
1.180952381,3.636647,0.249406
1.209756098,3.638092,0.244358
1.24,3.640018,0.238186
1.271794872,3.642304,0.231035
1.305263158,3.644639,0.222244
1.340540541,3.646907,0.21196
1.377777778,3.64871,0.200207
1.417142857,3.649489,0.186464
1.458823529,3.648745,0.171292
1.503030303,3.645947,0.154692
1.55,3.64087,0.137604
1.6,3.632965,0.12015
1.653333333,3.622268,0.099109
1.710344828,3.609754,0.079507
1.771428571,3.595975,0.063543
1.837037037,3.581559,0.050676
1.907692308,3.567157,0.040088
