0.206640312,1.063956242,2.237873098
0.207154948,1.068052362,2.246376588
0.207670865,1.072201852,2.254941718
0.208188068,1.076406072,2.263569328
0.208706558,1.080666442,2.272260248
0.20922634,1.084984412,2.281015328
0.209747416,1.089361482,2.289835408
0.21026979,1.093799212,2.298721358
0.210793465,1.098299192,2.307674038
0.211318444,1.102863102,2.316694318
0.21184473,1.107492632,2.325783068
0.212372327,1.112189572,2.334941158
0.212901238,1.116955752,2.344169478
0.213431467,1.121793042,2.353468908
0.213963016,1.126703422,2.362840328
0.214495889,1.131688902,2.372284618
0.215030089,1.136751572,2.381802668
0.215565619,1.141893582,2.391395348
0.216102483,1.147117192,2.401063558
0.216640684,1.152424682,2.410808148
0.217180226,1.157818462,2.420629998
0.217721111,1.163300992,2.430529968
0.218263343,1.168874822,2.440508908
0.218806926,1.174542612,2.450567658
0.219351862,1.180307072,2.460707038
0.219898156,1.186171052,2.470927878
0.22044581,1.192137452,2.481230958
0.220994828,1.198209302,2.491617058
0.221545214,1.204389742,2.502086928
0.22209697,1.210681992,2.512641288
0.2226501,1.217089412,2.523280848
0.223204608,1.223615452,2.534006268
0.223760497,1.230263692,2.544818178
0.22431777,1.237037842,2.555717168
0.224876432,1.243941732,2.566703768
0.225436484,1.250979322,2.577778498
0.225997931,1.258154702,2.588941778
0.226560777,1.265472112,2.600194008
0.227125024,1.272935942,2.611535508
0.227690677,1.280550712,2.622966518
0.228257738,1.288321112,2.634487208
0.228826212,1.296251972,2.646097678
0.229396102,1.304348312,2.657797908
0.22996741,1.312615282,2.669587808
0.230540142,1.321058232,2.681467158
0.2311143,1.329682692,2.693435648
0.231689888,1.338494342,2.705492798
0.232266909,1.347499082,2.717638038
0.232845368,1.356702982,2.729870618
0.233425267,1.366112302,2.742189638
0.23400661,1.375733522,2.754594028
0.234589401,1.385573302,2.767082528
0.235173644,1.395638512,2.779653678
0.235759341,1.405936242,2.792305808
0.236346498,1.416473782,2.805036998
0.236935116,1.427258652,2.817845108
0.237525201,1.438298562,2.830727708
0.238116755,1.449601452,2.843682088
0.238709783,1.461175492,2.856705218
0.239304287,1.473029052,2.869793768
0.239900272,1.485170732,2.882944028
0.240497741,1.497609342,2.896151928
0.241096698,1.510353892,2.909412978
0.241697147,1.523413612,2.922722278
0.242299092,1.536797922,2.936074468
0.242902535,1.550516442,2.949463678
0.243507482,1.564578982,2.962883558
0.244113935,1.578995502,2.976327178
0.244721898,1.593776142,2.989787038
0.245331375,1.608931162,3.003254998
0.245942371,1.624470942,3.016722298
0.246554888,1.640405992,3.030179458
0.24716893,1.656746852,3.043616268
0.247784502,1.673504142,3.057021758
0.248401607,1.690688462,3.070384138
0.249020249,1.708310412,3.083690778
0.249640431,1.726380492,3.096928128
0.250262158,1.744909122,3.110081728
0.250885434,1.763906502,3.123136148
0.251510262,1.783382662,3.136074928
0.252136645,1.803347282,3.148880548
0.252764589,1.823809722,3.161534418
0.253394097,1.844778872,3.174016818
0.254025172,1.866263102,3.186306868
0.25465782,1.888270182,3.198382508
0.255292042,1.910807142,3.210220488
0.255927845,1.933880182,3.221796308
0.256565231,1.957494602,3.233084258
0.257204204,1.981654582,3.244057408
0.257844768,2.006363172,3.254687588
0.258486928,2.031622052,3.264945418
0.259130687,2.057431442,3.274800368
0.25977605,2.083789972,3.284220758
0.260423019,2.110694472,3.293173838
0.2610716,2.138139852,3.301625888
0.261721797,2.166118952,3.309542258
0.262373612,2.194622352,3.316887508
0.263027051,2.223638232,3.323625558
0.263682117,2.253152232,3.329719818
0.264338815,2.283147282,3.335133358
0.264997148,2.313603482,3.339829128
0.265657121,2.344497952,3.343770178
0.266318738,2.375804772,3.346919888
0.266982002,2.407494842,3.349242248
0.267646918,2.439535842,3.350702138
0.26831349,2.471892182,3.351265628
0.268981722,2.504525012,3.350900348
0.269651618,2.537392242,3.349575748
0.270323183,2.570448602,3.347263538
0.27099642,2.603645742,3.343937958
0.271671334,2.636932402,3.339576198
0.272347929,2.670254582,3.334158688
0.273026209,2.703555782,3.327669478
0.273706178,2.736777332,3.320096558
0.27438784,2.769858662,3.311432128
0.275071201,2.802737682,3.301672858
0.275756263,2.835351252,3.290820148
0.276443031,2.867635542,3.278880258
0.27713151,2.899526562,3.265864478
0.277821703,2.930960652,3.251789188
0.278513615,2.961874962,3.236675848
0.279207251,2.992207992,3.220550988
0.279902614,3.021900122,3.203446078
0.280599708,3.050894032,3.185397348
0.281298539,3.079135302,3.166445548
0.28199911,3.106572752,3.146635698
0.282701426,3.133158902,3.126016678
0.283405491,3.158850342,3.104640908
0.28411131,3.183608042,3.082563828
0.284818886,3.207397592,3.059843508
0.285528225,3.230189412,3.036540128
0.28623933,3.251958902,3.012715468
0.286952207,3.272686492,2.988432408
0.287666858,3.292357662,2.963754408
0.28838329,3.310962892,2.938745048
0.289101505,3.328497592,2.913467508
0.28982151,3.344961892,2.887984128
0.290543308,3.360360462,2.862356038
0.291266903,3.374702312,2.836642678
0.2919923,3.388000462,2.810901568
0.292719504,3.400271662,2.785187918
0.293448519,3.411536092,2.759554428
0.29417935,3.421816992,2.734051068
0.294912001,3.431140352,2.708724868
0.295646476,3.439534542,2.683619868
0.296382781,3.447030012,2.658776968
0.297120919,3.453658902,2.634233908
0.297860896,3.459454772,2.610025278
0.298602715,3.464452262,2.586182478
0.299346383,3.468686822,2.562733818
0.300091902,3.472194452,2.539704588
0.300839278,3.475011422,2.517117108
0.301588515,3.477174072,2.494990858
0.302339618,3.478718592,2.473342638
0.303092592,3.479680862,2.452186628
0.303847441,3.480096242,2.431534578
0.30460417,3.479999492,2.411395958
0.305362784,3.479424592,2.391778078
0.306123287,3.478404692,2.372686258
0.306885684,3.476971992,2.354123958
0.30764998,3.475157682,2.336092958
0.308416179,3.472991872,2.318593448
0.309184287,3.470503602,2.301624228
0.309954307,3.467720752,2.285182798
0.310726245,3.464670042,2.269265498
0.311500106,3.461377072,2.253867628
0.312275894,3.457866242,2.238983578
0.313053614,3.454160832,2.224606888
0.313833271,3.450282952,2.210730398
0.314614869,3.446253622,2.197346338
0.315398415,3.442092752,2.184446368
0.316183911,3.437819182,2.172021708
0.316971364,3.433450732,2.160063198
0.317760778,3.429004202,2.148561338
0.318552158,3.424495422,2.137506388
0.319345509,3.419939282,2.126888398
0.320140836,3.415349802,2.116697288
0.320938144,3.410740102,2.106922848
0.321737437,3.406122512,2.097554808
0.322538721,3.401508542,2.088582898
0.323342001,3.396908992,2.079996838
0.324147281,3.392333902,2.071786378
0.324954566,3.387792672,2.063941338
0.325763862,3.383294022,2.056451618
0.326575174,3.378846092,2.049307248
0.327388506,3.374456432,2.042498348
0.328203864,3.370132032,2.036015188
0.329021253,3.365879382,2.029848208
0.329840677,3.361704462,2.023987988
0.330662142,3.357612822,2.018425288
0.331485653,3.353609552,2.013151038
0.332311215,3.349699332,2.008156358
0.333138832,3.345886492,2.003432578
0.333968511,3.342174952,1.998971198
0.334800257,3.338568322,1.994763908
0.335634073,3.335069892,1.990802618
0.336469967,3.331682642,1.987079438
0.337307942,3.328409282,1.983586648
0.338148004,3.325252252,1.980316758
0.338990158,3.322213752,1.977262468
0.33983441,3.319295742,1.974416668
0.340680764,3.316499992,1.971772448
0.341529226,3.313828042,1.969323088
0.342379801,3.311281272,1.967062058
0.343232495,3.308860852,1.964983018
0.344087312,3.306567822,1.963079818
0.344944258,3.304403062,1.961346488
0.345803338,3.302367312,1.959777228
0.346664558,3.300461172,1.958366408
0.347527923,3.298685122,1.957108598
0.348393438,3.297039532,1.955998508
0.349261108,3.295524692,1.955031028
0.35013094,3.294140742,1.954201198
0.351002937,3.292887792,1.953504238
0.351877107,3.291765822,1.952935498
0.352753453,3.290774762,1.952490498
0.353631982,3.289914472,1.952164888
0.354512699,3.289184732,1.951954488
0.35539561,3.288585282,1.951855238
0.356280719,3.288115792,1.951863238
0.357168032,3.287775902,1.951974688
0.358057556,3.287565192,1.952185968
0.358949295,3.287483212,1.952493558
0.359843254,3.287529462,1.952894078
0.360739441,3.287703432,1.953384268
0.361637859,3.288004572,1.953960998
0.362538514,3.288432302,1.954621268
0.363441413,3.288986022,1.955362188
0.36434656,3.289665142,1.956180978
0.365253962,3.290469012,1.957074998
0.366163623,3.291397002,1.958041708
0.36707555,3.292448452,1.959078688
0.367989748,3.293622732,1.960183638
0.368906223,3.294919162,1.961354368
0.36982498,3.296337092,1.962588798
0.370746026,3.297875872,1.963884968
0.371669365,3.299534852,1.965241048
0.372595004,3.301313382,1.966655288
0.373522948,3.303210852,1.968126088
0.374453203,3.305226642,1.969651938
0.375385775,3.307360152,1.971231478
0.37632067,3.309610822,1.972863448
0.377257893,3.311978102,1.974546708
0.37819745,3.314461482,1.976280268
0.379139347,3.317060492,1.978063258
0.38008359,3.319774692,1.979894918
0.381030184,3.322603692,1.981774678
0.381979136,3.325547162,1.983702058
0.382930451,3.328604832,1.985676768
0.383884136,3.331776492,1.987698658
0.384840196,3.335062032,1.989767728
0.385798636,3.338461422,1.991884178
0.386759464,3.341974712,1.994048348
0.387722685,3.345602102,1.996260788
0.388688304,3.349343902,1.998522258
0.389656329,3.353200572,2.000833688
0.390626764,3.357172752,2.003196248
0.391599616,3.361261262,2.005611338
0.392574891,3.365467142,2.008080598
0.393552595,3.369791682,2.010605898
0.394532734,3.374236462,2.013189408
0.395515314,3.378803382,2.015833568
0.396500341,3.383494702,2.018541078
0.397487821,3.388313112,2.021314988
0.39847776,3.393261782,2.024158618
0.399470165,3.398344422,2.027075648
0.400465042,3.403565392,2.030070048
0.401462396,3.408929762,2.033146138
0.402462234,3.414443422,2.036308558
0.403464562,3.420113212,2.039562238
0.404469387,3.425947052,2.042912418
0.405476714,3.431954082,2.046364548
0.40648655,3.438144852,2.049924288
0.4074989,3.444531532,2.053597378
0.408513773,3.451128092,2.057389568
0.409531172,3.457950582,2.061306438
0.410551105,3.465017352,2.065353168
0.411573579,3.472349412,2.069534328
0.412598599,3.479970692,2.073853498
0.413626172,3.487908342,2.078312838
0.414656304,3.496193092,2.082912498
0.415689001,3.504859532,2.087649978
0.41672427,3.513946362,2.092519208
0.417762118,3.523496532,2.097509548
0.41880255,3.533557292,2.102604468
0.419845574,3.544180012,2.107780088
0.420891195,3.555419662,2.113003408
0.421939421,3.567333932,2.118230418
0.422990257,3.579981782,2.123403898
0.42404371,3.593421312,2.128451308
0.425099787,3.607706712,2.133282658
0.426158493,3.622884292,2.137788808
0.427219837,3.638987402,2.141840408
0.428283824,3.656030312,2.145288068
0.42935046,3.674001162,2.147964148
0.430419753,3.692854552,2.149686828
0.43149171,3.712504272,2.150266858
0.432566336,3.732817372,2.149517348
0.433643638,3.753610702,2.147266348
0.434723623,3.774651192,2.143371678
0.435806298,3.795661142,2.137736578
0.436891669,3.816329042,2.130324338
0.437979744,3.836325542,2.121169688
0.439070528,3.855323622,2.110384848
0.440164029,3.873020402,2.098158668
0.441260253,3.889158132,2.084748458
0.442359207,3.903541282,2.070465328
0.443460898,3.916047952,2.055655078
0.444565333,3.926634092,2.040677098
0.445672519,3.935331162,2.025884168
0.446782462,3.942238032,2.011605248
0.447895169,3.947509252,1.998132788
0.449010648,3.951341532,1.985714888
0.450128905,3.953960372,1.974552088
0.451249946,3.955608062,1.964797958
0.45237378,3.956533902,1.956562228
0.453500412,3.956986892,1.949915558
0.45462985,3.957210912,1.944894928
0.455762102,3.957441962,1.941508818
0.456897173,3.957907152,1.939741808
0.458035071,3.958824862,1.939558198
0.459175802,3.960405712,1.940904578
0.460319375,3.962853922,1.943711158
0.461465796,3.966368722,1.947892118
0.462615072,3.971145392,1.953344918
0.46376721,3.977375892,1.959948718
0.464922218,3.985248692,1.967562228
0.466080102,3.994947692,1.976021028
0.46724087,4.006650082,1.985134738
0.468404529,4.020523122,1.994684238
0.469571086,4.036719842,2.004419238
0.470740548,4.055373682,2.014056458
0.471912923,4.076592262,2.023278478
0.473088217,4.100450342,2.031733328
0.474266439,4.126981772,2.039034788
0.475447595,4.156169982,2.044763278
0.476631692,4.187935922,2.048468058
0.477818739,4.222122402,2.049672298
0.479008742,4.258474592,2.047884528
0.480201708,4.296619102,2.042621018
0.481397646,4.336048392,2.033442838
0.482596562,4.376120962,2.020006098
0.483798464,4.416086642,2.002115938
0.485003359,4.455138592,1.979768408
0.486211256,4.492482482,1.953165658
0.48742216,4.527405432,1.922699008
0.48863608,4.559328812,1.888906168
0.489853023,4.587836602,1.852415568
0.491072997,4.612679972,1.813890938
0.49229601,4.633763972,1.773984788
0.493522068,4.651123802,1.733304278
0.49475118,4.664896912,1.692389608
0.495983353,4.675295172,1.651702898
0.497218595,4.682579672,1.611625238
0.498456913,4.687039512,1.572459358
0.499698315,4.688974752,1.534435898
0.500942809,4.688683492,1.497721748
0.502190402,4.686452592,1.462429188
0.503441102,4.682551472,1.428624958
0.504694917,4.677228332,1.396338908
0.505951855,4.670708312,1.365571658
0.507211923,4.663193062,1.336301348
0.508475129,4.654861202,1.308489358
0.509741482,4.645869602,1.282085028
0.511010988,4.636354882,1.257029478
0.512283656,4.626435192,1.233258698
0.513559493,4.616212132,1.210705948
0.514838508,4.605772472,1.189303538
0.516120708,4.595189992,1.168984288
0.517406102,4.584527022,1.149682468
0.518694697,4.573835952,1.131334538
0.519986501,4.563160572,1.113879618
0.521281522,4.552537212,1.097259838
0.522579768,4.541995832,1.081420428
0.523881248,4.531560912,1.066309828
0.525185969,4.521252282,1.051879688
0.52649394,4.511085742,1.038084768
0.527805168,4.501073762,1.024882848
0.529119661,4.491225922,1.012234585
0.530437429,4.481549382,1.0001034
0.531758478,4.472049282,0.988455282
0.533082817,4.462729022,0.977258655
0.534410455,4.453590592,0.966484212
0.535741399,4.444634782,0.956104764
0.537075657,4.435861382,0.946095092
0.538413239,4.427269372,0.936431802
0.539754152,4.418857062,0.927093195
0.541098404,4.410622192,0.918059139
0.542446004,4.402562092,0.909310952
0.543796961,4.394673712,0.90083129
0.545151282,4.386953762,0.892604047
0.546508976,4.379398712,0.88461426
0.547870051,4.372004882,0.87684802
0.549234516,4.364768472,0.869292391
0.550602379,4.357685632,0.861935337
0.551973649,4.350752452,0.854765653
0.553348334,4.343965002,0.847772899
0.554726443,4.337319372,0.840947345
0.556107983,4.330811672,0.834279916
0.557492965,4.324438062,0.827762142
0.558881396,4.318194732,0.821386113
0.560273284,4.312077942,0.815144439
0.561668639,4.306084032,0.809030209
0.563067469,4.300209402,0.803036958
0.564469783,4.294450552,0.797158632
0.56587559,4.288804042,0.791389562
0.567284898,4.283266542,0.785724433
0.568697715,4.277834772,0.78015826
0.570114051,4.272505572,0.774686364
0.571533915,4.267275872,0.769304354
0.572957314,4.262142672,0.7640081
0.574384259,4.257103062,0.758793722
0.575814757,4.252154222,0.753657569
0.577248818,4.247293412,0.748596207
0.578686451,4.242517992,0.743606398
0.580127663,4.237825382,0.738685093
0.581572466,4.233213082,0.733829419
0.583020866,4.228678692,0.729036663
0.584472874,4.224219872,0.724304267
0.585928498,4.219834342,0.719629815
0.587387747,4.215519922,0.715011024
0.58885063,4.211274492,0.710445736
0.590317157,4.207095972,0.705931912
0.591787336,4.202982392,0.701467621
0.593261177,4.198931802,0.697051037
0.594738688,4.194942352,0.69268043
0.596219879,4.191012232,0.688354163
0.597704759,4.187139682,0.684070681
0.599193336,4.183323012,0.679828514
0.600685622,4.179560572,0.675626264
0.602181623,4.175850782,0.671462607
0.603681351,4.172192082,0.667336287
0.605184813,4.168582992,0.663246108
0.60669202,4.165022072,0.659190937
0.60820298,4.161507902,0.655169697
0.609717704,4.158039132,0.651181363
0.6112362,4.154614442,0.647224962
0.612758478,4.151232562,0.643299568
0.614284547,4.147892252,0.639404301
0.615814416,4.144592302,0.635538322
0.617348096,4.141331562,0.631700833
0.618885595,4.138108892,0.627891075
0.620426924,4.134923202,0.624108325
0.621972091,4.131773432,0.620351894
0.623521106,4.128658552,0.616621126
0.62507398,4.125577562,0.612915395
0.62663072,4.122529482,0.609234106
0.628191338,4.119513382,0.60557669
0.629755842,4.116528332,0.601942607
0.631324243,4.113573462,0.598331339
0.63289655,4.110647892,0.594742396
0.634472772,4.107750802,0.591175306
0.636052921,4.104881362,0.587629623
0.637637004,4.102038792,0.58410492
0.639225033,4.099222312,0.58060079
0.640817016,4.096431192,0.577116843
0.642412965,4.093664692,0.57365271
0.644012888,4.090922122,0.570208037
0.645616796,4.088202772,0.566782486
0.647224698,4.085506002,0.563375738
0.648836605,4.082831152,0.559987484
0.650452526,4.080177582,0.556617433
0.652072472,4.077544702,0.553265305
0.653696452,4.074931892,0.549930836
0.655324476,4.072338582,0.546613771
0.656956556,4.069764212,0.54331387
0.658592699,4.067208232,0.540030903
0.660232918,4.064670092,0.53676465
0.661877222,4.062149292,0.533514903
0.66352562,4.059645322,0.530281464
0.665178124,4.057157672,0.527064144
0.666834744,4.054685882,0.523862764
0.668495489,4.052229482,0.520677152
0.670160371,4.049788012,0.517507146
0.671829399,4.047361032,0.514352593
0.673502583,4.044948102,0.511213347
0.675179935,4.042548822,0.508089269
0.676861464,4.040162762,0.504980227
0.678547181,4.037789532,0.501886098
0.680237096,4.035428752,0.498806764
0.681931219,4.033080042,0.495742115
0.683629562,4.030743022,0.492692045
0.685332135,4.028417352,0.489656455
0.687038948,4.026102672,0.486635253
0.688750012,4.023798642,0.483628352
0.690465337,4.021504932,0.480635669
0.692184934,4.019221222,0.477657128
0.693908814,4.016947202,0.474692658
0.695636987,4.014682552,0.47174219
0.697369464,4.012426992,0.468805664
0.699106256,4.010180222,0.465883021
0.700847373,4.007941972,0.462974209
0.702592827,4.005711942,0.460079178
0.704342627,4.003489892,0.457197884
0.706096786,4.001275542,0.454330285
0.707855313,3.999068642,0.451476345
0.709618219,3.996868952,0.448636029
0.711385517,3.994676232,0.445809309
0.713157215,3.992490242,0.442996158
0.714933326,3.990310752,0.440196554
0.716713861,3.988137552,0.437410475
0.71849883,3.985970422,0.434637907
0.720288244,3.983809142,0.431878835
0.722082115,3.981653522,0.42913325
0.723880453,3.979503362,0.426401143
0.72568327,3.977358462,0.42368251
0.727490577,3.975218652,0.42097735
0.729302385,3.973083732,0.418285662
0.731118706,3.970953532,0.41560745
0.73293955,3.968827882,0.412942721
0.734764929,3.966706612,0.410291481
0.736594853,3.964589572,0.407653743
0.738429336,3.962476592,0.405029518
0.740268387,3.960367532,0.402418822
0.742112018,3.958262242,0.399821672
0.74396024,3.956160572,0.397238088
0.745813066,3.954062402,0.394668092
0.747670506,3.951967592,0.392111706
0.749532572,3.949876002,0.389568956
0.751399276,3.947787522,0.387039871
0.753270628,3.945702022,0.384524478
0.755146641,3.943619402,0.38202281
0.757027327,3.941539542,0.379534898
0.758912696,3.939462332,0.377060778
0.76080276,3.937387672,0.374600486
0.762697532,3.935315462,0.37215406
0.764597023,3.933245612,0.369721538
0.766501244,3.931178022,0.367302963
0.768410208,3.929112622,0.364898376
0.770323926,3.927049312,0.362507822
0.77224241,3.924988022,0.360131345
0.774165672,3.922928682,0.357768994
0.776093724,3.920871212,0.355420815
0.778026578,3.918815542,0.353086858
0.779964246,3.916761612,0.350767174
0.781906739,3.914709362,0.348461815
0.78385407,3.912658742,0.346170833
0.785806251,3.910609692,0.343894284
0.787763294,3.908562172,0.341632223
0.789725211,3.906516122,0.339384706
0.791692013,3.904471502,0.337151791
0.793663715,3.902428292,0.334933536
0.795640326,3.900386442,0.332730001
0.797621861,3.898345912,0.330541247
0.79960833,3.896306702,0.328367336
0.801599747,3.894268762,0.326208329
0.803596123,3.892232092,0.324064289
0.805597471,3.890196662,0.321935283
0.807603804,3.888162462,0.319821373
0.809615133,3.886129482,0.317722626
0.811631472,3.884097712,0.315639108
0.813652832,3.882067162,0.313570886
0.815679226,3.880037822,0.311518028
0.817710667,3.878009702,0.309480603
0.819747168,3.875982802,0.30745868
0.82178874,3.873957142,0.305452327
0.823835397,3.871932732,0.303461616
0.825887151,3.869909592,0.301486616
0.827944015,3.867887742,0.299527399
0.830006001,3.865867222,0.297584037
0.832073123,3.863848042,0.2956566
0.834145393,3.861830242,0.29374516
0.836222824,3.859813872,0.291849792
0.838305428,3.857798952,0.289970565
0.84039322,3.855785532,0.288107555
0.842486211,3.853773672,0.286260833
0.844584415,3.851763402,0.284430473
0.846687844,3.849754802,0.282616547
0.848796512,3.847747912,0.28081913
0.850910431,3.845742812,0.279038293
0.853029615,3.843739552,0.277274109
0.855154077,3.841738212,0.275526652
0.85728383,3.839738862,0.273795995
0.859418887,3.837741592,0.272082208
0.861559261,3.835746472,0.270385365
0.863704966,3.833753592,0.268705536
0.865856015,3.831763042,0.267042794
0.86801242,3.829774932,0.265397207
0.870174197,3.827789332,0.263768847
0.872341357,3.825806372,0.262157783
0.874513915,3.823826142,0.260564083
0.876691883,3.821848762,0.258987815
0.878875276,3.819874352,0.257429045
0.881064106,3.817903032,0.25588784
0.883258387,3.815934912,0.254364264
0.885458134,3.813970142,0.25285838
0.887663358,3.812008842,0.251370251
0.889874075,3.810051152,0.249899937
0.892090298,3.808097222,0.248447498
0.89431204,3.806147202,0.247012991
0.896539315,3.804201232,0.245596472
0.898772138,3.802259482,0.244197996
0.901010521,3.800322112,0.242817613
0.903254479,3.798389292,0.241455375
0.905504025,3.796461182,0.240111328
0.907759174,3.794537972,0.238785518
0.910019939,3.792619852,0.237477988
0.912286335,3.790706992,0.236188776
0.914558375,3.788799602,0.234917921
0.916836074,3.786897862,0.233665455
0.919119445,3.785002002,0.232431408
0.921408503,3.783112212,0.231215809
0.923703262,3.781228712,0.230018678
0.926003736,3.779351732,0.228840037
0.928309939,3.777481492,0.227679898
0.930621886,3.775618222,0.226538273
0.93293959,3.773762162,0.225415166
0.935263067,3.771913562,0.224310578
0.937592331,3.770072672,0.223224504
0.939927395,3.768239742,0.222156932
0.942268275,3.766415042,0.221107847
0.944614985,3.764598832,0.220077223
0.946967539,3.762791382,0.219065032
0.949325953,3.760992992,0.218071235
0.95169024,3.759203942,0.217095788
0.954060415,3.757424512,0.216138636
0.956436493,3.755655002,0.215199718
0.958818489,3.753895732,0.214278962
0.961206417,3.752146992,0.213376287
0.963600292,3.750409112,0.212491603
0.966000129,3.748682412,0.211624807
0.968405943,3.746967212,0.210775785
0.970817748,3.745263842,0.209944412
0.97323556,3.743572632,0.209130549
0.975659394,3.741893942,0.208334043
0.978089264,3.740228102,0.207554728
0.980525186,3.738575452,0.206792422
0.982967174,3.736936352,0.206046928
0.985415244,3.735311152,0.205318031
0.987869411,3.733700202,0.2046055
0.99032969,3.732103862,0.203909084
0.992796097,3.730522472,0.203228515
0.995268646,3.728956382,0.202563505
0.997747352,3.727405952,0.201913745
1,3.725871512,0.202819597
1.005,3.723878726,0.20043934
1.01,3.72167568,0.198714559
1.015,3.719869447,0.198625141
1.02,3.717936412,0.197502877
1.025,3.716026757,0.196870188
1.03,3.714505483,0.194467391
1.035,3.712908158,0.193049635
1.04,3.711212542,0.1928129
1.045,3.709794736,0.192220403
1.05,3.708109382,0.189472454
1.055,3.706760494,0.188553489
1.06,3.705517513,0.187860214
1.065,3.703985384,0.185907335
1.07,3.702578369,0.183697359
1.075,3.701141283,0.181808945
1.08,3.699662777,0.179809657
1.085,3.698462337,0.178158973
1.09,3.697111527,0.177958734
1.095,3.696007436,0.175820661
1.1,3.69486926,0.174512107
1.105,3.693489276,0.171412188
1.11,3.692355433,0.168382874
1.115,3.691080483,0.167110041
1.12,3.689863763,0.16644949
1.125,3.688741773,0.164694477
1.13,3.687573306,0.162780294
1.135,3.686624713,0.160877694
1.14,3.685619305,0.158141289
1.145,3.68444579,0.156458328
1.15,3.683452642,0.155426446
1.155,3.682250625,0.153382352
1.16,3.681183791,0.152108917
1.165,3.680276549,0.150460078
1.17,3.679237102,0.148611572
1.175,3.678206834,0.146764486
1.18,3.677264885,0.145858158
1.185,3.676219706,0.145093466
1.19,3.675420091,0.144565868
1.195,3.674478613,0.143714271
1.2,3.673651142,0.142889383
1.205,3.672860314,0.142370777
1.21,3.67191685,0.141704625
1.215,3.671078271,0.140899983
1.22,3.670270372,0.141020729
1.225,3.669420528,0.139745671
1.23,3.66862002,0.13900655
1.235,3.667675846,0.138660142
1.24,3.666935264,0.138258077
1.245,3.666229698,0.137894653
1.25,3.66541373,0.136787514
1.255,3.664557549,0.136679543
1.26,3.66372116,0.135626513
1.265,3.662903706,0.134561173
1.27,3.66210433,0.133959856
1.275,3.661322185,0.134205872
1.28,3.66055647,0.133874504
1.285,3.659806472,0.133244316
1.29,3.65907178,0.132965258
1.295,3.658352033,0.132011527
1.3,3.65764676,0.131378662
1.305,3.656955495,0.130972701
1.31,3.6562779,0.130628026
1.315,3.655613671,0.130440577
1.32,3.65496251,0.129992663
1.325,3.654324159,0.129031736
1.33,3.65369851,0.128067624
1.335,3.653085385,0.127203802
1.34,3.65248418,0.126864756
1.345,3.651894318,0.126299861
1.35,3.651315754,0.125807569
1.355,3.65074858,0.12487737
1.36,3.650192886,0.123443697
1.365,3.649648761,0.122467711
1.37,3.649116296,0.122102552
1.375,3.64859558,0.121898353
1.38,3.648086705,0.121494858
1.385,3.64758976,0.121195631
1.39,3.647104836,0.121553368
1.395,3.646632021,0.118915286
1.4,3.646171408,0.117802201
1.405,3.645723085,0.117147779
1.41,3.645287144,0.115914111
1.415,3.644863673,0.115097892
1.42,3.644452763,0.114062477
1.425,3.644054505,0.113061667
1.43,3.643668989,0.111851277
1.435,3.643296304,0.111587908
1.44,3.642936541,0.110607611
1.445,3.64258979,0.109679592
1.45,3.642256141,0.109299727
1.455,3.641935684,0.107676888
1.46,3.64162851,0.10681805
1.465,3.641334865,0.105843122
1.47,3.64105562,0.105165056
1.475,3.640791759,0.103749422
1.48,3.64054408,0.103232085
1.485,3.640313216,0.1025841
1.49,3.64009931,0.101712958
1.495,3.63990267,0.100805162
1.5,3.63972475,0.100143098
1.505,3.639567141,0.099179716
1.51,3.63943084,0.098910767
1.515,3.639316862,0.097718266
1.52,3.63922689,0.09664533
1.525,3.639162777,0.09548806
1.53,3.6391264,0.094967504
1.535,3.639119821,0.093327716
1.54,3.63914581,0.091849852
1.545,3.639207442,0.090369759
1.55,3.6393083,0.089418925
1.555,3.639452388,0.08816897
1.56,3.63964488,0.087412211
1.565,3.639891681,0.085564521
1.57,3.64020045,0.08528193
1.575,3.640579949,0.084129304
1.58,3.6410416,0.083506733
1.585,3.641598447,0.082209935
1.59,3.64226737,0.08057445
1.595,3.643066986,0.079135879
1.6,3.64401902,0.076836731
1.605,3.645145735,0.076517499
1.61,3.64646844,0.075121738
1.615,3.648005319,0.073802716
1.62,3.64976301,0.071553165
1.625,3.651738866,0.069987164
1.63,3.65390465,0.066967175
1.635,3.656216909,0.066020585
1.64,3.65859691,0.064049787
1.645,3.660949657,0.061234471
1.65,3.66315038,0.059227502
1.655,3.665065791,0.056484939
1.66,3.66655831,0.053066521
1.665,3.667496735,0.049653594
1.67,3.66777966,0.045009289
1.675,3.667326896,0.039348809
1.68,3.66611334,0.034210064
1.685,3.664141758,0.028824348
1.69,3.66147132,0.022627372
1.695,3.658183927,0.018024842
1.7,3.65439601,0.014083599
1.705,3.650233628,0.011286083
1.71,3.64582682,0.008957633
1.715,3.641301488,0.007052912
1.72,3.63676299,0.006101326
1.725,3.632304102,0.004816349
1.73,3.6279878,0.003516066
1.735,3.623863144,0.003032397
1.74,3.61995333,0.002793747
1.745,3.616271006,0.002585753
1.75,3.61281249,0.002114242
1.755,3.609568415,0.001666156
1.76,3.60652301,0.001300703
1.765,3.603658744,0.001159822
1.77,3.60095745,0.001282506
1.775,3.598401235,0.001099
1.78,3.59597393,0.000974084
1.785,3.593660646,0.000583159
1.79,3.59144988,0.00053485
1.795,3.589330977,0.000686196
1.8,3.58729328,0.000723743
